5 25
0.592759
0.497555
0.350618
0.586326
0.476776
10.051 0.225538
9.81036 1.02687
9.49041 0.687561
8.51076 0.658604
8.20246 1.0581
7.32721 0.71737
6.70036 2.62419
6.31164 1.18014
6.30812 2.32031
6.0253 2.9656
5.29707 2.15174
5.29116 2.73184
4.99349 3.85847
4.49 3.14574
4.31246 3.04915
4.15016 4.2464
3.39328 3.17697
1.36242 6.00396
1.35361 7.23536
0.682146 5.90737
0.551922 8.7481
0.403706 9.94404
0.20309 6.76317
0.114737 6.91168
0.0431291 8.73497
0 0 0.41332 0 0.58668 
0 0 0 1 0 
0 0 1 0 0 
0 1 0 0 0 
0 0 0 0.507982 0.492018 
0 0 0 1 0 
0 0 1 0 0 
0 0 1 0 0 
0 0 1 0 0 
0 0.236601 0.763399 0 0 
0 0 0 0 1 
0 0 1 0 0 
0 1 0 0 0 
0 0 0 0 1 
0 0.53033 0 0.46967 0 
0 1 0 0 0 
0 0 0 1 0 
0 0 0 0 1 
0 0.780958 0.219042 0 0 
0 0 0 0 1 
0 0 0 1 0 
0 0 0 0 1 
0 0 1 0 0 
0 0 0 1 0 
0 0 0 1 0 
