10 150
0.251494
0.421439
0.490427
0.657371
0.539889
0.326467
0.281885
0.342232
0.515688
0.726121
11.0576 0.380209
10.8764 0.284127
10.8736 0.411074
10.5378 0.101598
10.2494 0.177117
10.1061 0.584758
9.98988 0.228683
9.55431 0.3289
9.5219 0.785797
9.41528 0.174518
9.17029 1.07607
9.168 0.320528
8.92651 0.757572
8.77577 1.0363
8.70821 0.72084
8.65273 0.525535
8.47473 1.15074
8.40144 0.666737
8.33259 1.55823
8.24532 0.277796
8.11053 2.07063
8.10334 0.755961
8.05803 0.779878
8.05383 1.406
7.81696 0.30205
7.46741 0.678481
7.32866 1.56395
7.1503 1.22096
7.14532 2.35386
6.89482 2.06148
6.81622 1.77341
6.69268 1.04673
6.57563 2.96324
6.086 1.25375
6.07251 1.73538
5.85276 2.29348
5.84821 1.81101
5.78159 1.91227
5.63376 1.28119
5.62807 3.07985
5.60529 3.0549
5.50559 2.405
5.49318 2.73147
5.44352 2.63149
5.38698 2.7081
5.31561 2.29992
5.29248 3.44858
5.20853 3.09478
5.18316 2.13286
5.06407 2.30762
5.03256 2.74472
4.9897 2.80721
4.96737 4.31791
4.92104 2.86547
4.86124 2.47699
4.60304 2.83588
4.60074 2.83205
4.45034 4.43322
4.44222 3.38377
4.397 4.18585
4.34419 4.58646
4.32993 3.37594
4.32508 3.3745
4.29393 3.92915
4.29172 3.03772
4.24251 2.62635
4.23203 3.76384
4.17318 4.79425
4.17017 2.3135
4.05456 4.8799
3.96232 3.90017
3.78481 2.61923
3.75566 2.98815
3.63382 4.51255
3.59495 5.3929
3.58056 4.69175
3.45175 4.76644
3.4488 5.59334
3.44474 3.99826
3.31912 3.39258
3.10581 5.97375
3.10168 4.88488
3.02001 4.81865
2.97214 5.92937
2.83965 4.18072
2.80338 5.99474
2.74648 4.28916
2.7426 4.68736
2.69469 6.2266
2.55848 4.60453
2.52092 4.89353
2.49552 4.64604
2.4611 6.26321
2.17105 4.56646
2.07927 4.42497
1.97799 5.22318
1.97042 5.63421
1.94785 5.60935
1.85472 6.91752
1.79788 6.51897
1.7103 6.96948
1.64646 4.46373
1.56145 4.74425
1.54069 5.10309
1.49745 7.16637
1.48654 5.96377
1.47514 6.68597
1.32474 6.05393
1.3108 6.07575
1.3014 5.91748
1.27923 5.64103
1.10066 6.25472
1.06743 7.43714
1.05623 6.49664
1.04558 6.5782
1.03287 5.75383
0.999888 7.12806
0.935298 5.77903
0.784633 5.42379
0.729003 8.54545
0.654676 6.13589
0.605627 8.23171
0.533047 7.68266
0.472145 8.18993
0.465043 6.5937
0.416902 8.06001
0.388979 6.29903
0.343572 7.85797
0.327249 8.56304
0.307932 8.31642
0.246437 6.37291
0.223227 7.76841
0.202354 8.98415
0.17772 6.68884
0.13203 9.46136
0.124178 9.31659
0.112933 10.757
0.0945574 9.01509
0.0807656 8.00713
0.0793568 7.93477
0.07854 10.6049
0.0611315 10.3301
0.0266508 10.6754
0.0260449 10.2872
0.0258037 8.4293
0.0180022 10.5394
0.0167086 8.65536
0.011205 10.6966
0.00747519 10.6457
0.0036769 8.12438
0 0 1 0 0 0 0 0 0 0 
0 0 0 0.483549 0 0 0 0 0 0.516451 
0 0 0 0 0 0 0 0 1 0 
0 0 0 0 1 0 0 0 0 0 
0 1 0 0 0 0 0 0 0 0 
0 0 0 0 0.494252 0 0 0 0 0.505748 
1 0 0 0 0 0 0 0 0 0 
0.569458 0 0 0 0 0 0 0 0.430542 0 
0 0 0 0.490107 0 0 0 0 0.509893 0 
0 0 0 0 0 0 0 1 0 0 
0 0 0 0 0 0 1 0 0 0 
0.177588 0 0.411864 0 0 0 0 0 0.410548 0 
0 0 0 0 0 0 0 0 1 0 
0 0 0 1 0 0 0 0 0 0 
0 0 0 0 0 0 0 0 0 1 
0 0.542312 0.457688 0 0 0 0 0 0 0 
0 0 0 0 0 0 1 0 0 0 
0 0 0 0 0 0 0 0 0 1 
0 0 0 0 0 0 0 1 0 0 
0 0 0 0 0 1 0 0 0 0 
0 0 0 0 1 0 0 0 0 0 
0 1 0 0 0 0 0 0 0 0 
1 0 0 0 0 0 0 0 0 0 
0 0 1 0 0 0 0 0 0 0 
0 0 0 0 0.616326 0 0 0 0 0.383674 
0 1 0 0 0 0 0 0 0 0 
1 0 0 0 0 0 0 0 0 0 
0 0.507589 0.492411 0 0 0 0 0 0 0 
0 0.522119 0.336822 0 0 0 0 0 0.141059 0 
0 0 1 0 0 0 0 0 0 0 
0 0 0 0 0 0.280904 0 0.719096 0 0 
0 0 0 0 1 0 0 0 0 0 
0 0 0 1 0 0 0 0 0 0 
0 0 0 0 0 0 0 0 1 0 
0 0 0 0 0 0 0 1 0 0 
0 0 0 0 0 0 0 0 0 1 
0 0 0 1 0 0 0 0 0 0 
0 0 0 0 0 0 0 0 1 0 
0 1 0 0 0 0 0 0 0 0 
0 0 1 0 0 0 0 0 0 0 
0 1 0 0 0 0 0 0 0 0 
0 0 0 0 0 0 1 0 0 0 
0 0 0 0 1 0 0 0 0 0 
0 0.799904 0 0 0.200096 0 0 0 0 0 
0 0 0 1 0 0 0 0 0 0 
0 0 0 0 0 0 0 0 1 0 
0 0 0 0 0 0 0 1 0 0 
0 0 0 0 1 0 0 0 0 0 
0 0 0 0 0 0 0 1 0 0 
0 0 1 0 0 0 0 0 0 0 
0 0 0 0 0 0 0 1 0 0 
0 0 0 0 0 0 0 0 1 0 
0 1 0 0 0 0 0 0 0 0 
0 0 0 0 1 0 0 0 0 0 
0 0 0 0 0 0 0 1 0 0 
0 0 0 0 1 0 0 0 0 0 
0 0.211699 0 0 0.788301 0 0 0 0 0 
1 0 0 0 0 0 0 0 0 0 
1 0 0 0 0 0 0 0 0 0 
0 0 1 0 0 0 0 0 0 0 
0 0 0 0 0 1 0 0 0 0 
0 0 0 0 0 1 0 0 0 0 
0 0 0 0 0 1 0 0 0 0 
0 0 0 1 0 0 0 0 0 0 
0 0 1 0 0 0 0 0 0 0 
0 0 0 0 0 0 0 0 1 0 
0 0 0 0 0 0 0 1 0 0 
1 0 0 0 0 0 0 0 0 0 
0.561303 0 0 0.438697 0 0 0 0 0 0 
0 0 1 0 0 0 0 0 0 0 
0 0 1 0 0 0 0 0 0 0 
1 0 0 0 0 0 0 0 0 0 
0 0 0 0 0 0 0 0 0 1 
0.653316 0 0 0 0.346684 0 0 0 0 0 
0 0 0 0.450063 0.549937 0 0 0 0 0 
0 0 0 1 0 0 0 0 0 0 
0 0 0 0 0 1 0 0 0 0 
0 0.456913 0 0 0 0 0.543087 0 0 0 
0 0 0 0 0 0 0 0 1 0 
0 0 0 0 1 0 0 0 0 0 
0 1 0 0 0 0 0 0 0 0 
0 1 0 0 0 0 0 0 0 0 
1 0 0 0 0 0 0 0 0 0 
0 0 0 0 0 0 0 1 0 0 
0 0 0 0 0 0 0 1 0 0 
0 0 0 0 0 1 0 0 0 0 
0 0 0 0 0 0 0 1 0 0 
0 0 0 1 0 0 0 0 0 0 
0 0 0 0 0 0 0 1 0 0 
0 0 0 0 0 1 0 0 0 0 
0 0 0 0 0 0 1 0 0 0 
0 0 0 0 0 0 0 0 1 0 
0 0 0 0 0 0 0 0 1 0 
0 0 1 0 0 0 0 0 0 0 
0 0 0 0 0 1 0 0 0 0 
0 0 0 0 0 0 0 1 0 0 
0 0 0 0 0 0 0 0 0 1 
0 0 0 0 0.882597 0 0 0.117403 0 0 
1 0 0 0 0 0 0 0 0 0 
0 0 0 1 0 0 0 0 0 0 
0 1 0 0 0 0 0 0 0 0 
0 0 0 0 0 0 1 0 0 0 
0.402173 0 0 0 0.597827 0 0 0 0 0 
0 0 0 0 0 1 0 0 0 0 
0 0 0 1 0 0 0 0 0 0 
0 0 1 0 0 0 0 0 0 0 
0 1 0 0 0 0 0 0 0 0 
0 0.730271 0 0 0 0 0 0 0 0.269729 
0 1 0 0 0 0 0 0 0 0 
0 0 0 0 0 1 0 0 0 0 
1 0 0 0 0 0 0 0 0 0 
0 0 0 0.100681 0.899319 0 0 0 0 0 
0 1 0 0 0 0 0 0 0 0 
0 0.537487 0 0 0 0 0 0 0 0.462513 
0 0 0 0 0 0 0.463881 0 0 0.536119 
0 0 0 0 0 0 0 0 1 0 
0 0.410285 0 0 0 0.589715 0 0 0 0 
0 1 0 0 0 0 0 0 0 0 
0 0 0 0.166745 0 0.833255 0 0 0 0 
0 0 0 0 0 0 0 0 1 0 
0.207881 0 0 0 0 0 0 0.651149 0.14097 0 
0 0 0 0 0 0 0 0 1 0 
0 0 1 0 0 0 0 0 0 0 
0 0 0 0 0 0 0 0 0 1 
0 0 0 0 1 0 0 0 0 0 
0 0 0 0 0 0 0 0 0 1 
0 0 0 0 0 0 0 0 1 0 
0 0 0 0 0 1 0 0 0 0 
1 0 0 0 0 0 0 0 0 0 
1 0 0 0 0 0 0 0 0 0 
0 0 0 0 0 0 0 1 0 0 
0 0 1 0 0 0 0 0 0 0 
0 0 0 0 1 0 0 0 0 0 
0 0 0 0 0 1 0 0 0 0 
1 0 0 0 0 0 0 0 0 0 
0 0 0 0 0 0 0 0 1 0 
0 0 0 0 0 0.800299 0 0 0 0.199701 
0 0 0 0 0 0 0 0 1 0 
0 0 0 0 0 0 0 1 0 0 
1 0 0 0 0 0 0 0 0 0 
0 0 0 1 0 0 0 0 0 0 
0 0 0 0 0 0 0 1 0 0 
0 0 0 1 0 0 0 0 0 0 
0 1 0 0 0 0 0 0 0 0 
0 0 0 0.446484 0 0 0 0.553516 0 0 
0 0 0 0 1 0 0 0 0 0 
0 1 0 0 0 0 0 0 0 0 
0 0 0 0 1 0 0 0 0 0 
1 0 0 0 0 0 0 0 0 0 
0 0 0 0 0 1 0 0 0 0 
