10 100
0.503191
0.633494
0.426374
0.478713
0.385049
0.273083
0.513941
0.735146
0.438016
0.396552
11.5378 0.221832
11.0505 0.424724
10.5912 0.359763
10.3563 0.325786
10.1798 0.95157
10.1038 0.145109
9.30546 1.51746
9.12527 1.62862
9.0816 1.44047
8.30213 1.22135
8.24851 0.561153
8.10598 1.834
7.90814 0.222616
7.42928 1.8514
7.32917 2.10357
7.25366 1.63449
7.20119 1.47291
7.1254 2.40264
7.07161 2.16896
6.90817 1.25586
6.89905 2.64777
6.28305 1.37982
6.27787 1.86497
6.26378 1.41025
6.06017 2.44913
5.89669 2.78208
5.80981 2.99893
5.72766 1.59634
5.31852 3.56244
4.98879 3.59415
4.8822 4.11155
4.77943 2.2131
4.47324 2.20881
4.4729 2.76496
4.44972 2.12033
4.02579 3.18823
3.97962 3.37456
3.9217 3.00033
3.83394 4.2619
3.80745 4.75418
3.38255 4.63941
3.32842 3.55135
3.25595 4.09502
2.91501 4.99416
2.78606 4.14528
2.72801 3.59215
2.55905 5.3645
2.40962 5.10754
1.9939 6.35014
1.9875 5.77498
1.90484 6.96783
1.79768 6.31625
1.7237 5.21664
1.6862 7.29315
1.67353 5.50645
1.53605 5.14022
1.53081 5.1318
1.52501 6.0598
1.49492 5.38601
1.46462 5.00496
1.4082 7.45398
1.27929 6.84049
1.24103 6.07179
1.13814 7.0232
1.12173 6.01264
1.09322 7.20273
1.08377 5.80551
1.06361 7.64528
1.04954 7.84729
0.806622 8.95036
0.723947 7.09401
0.64674 8.45162
0.634374 8.09247
0.602002 7.12355
0.504129 7.25573
0.486768 7.51454
0.410138 7.48336
0.393142 6.95754
0.266315 7.919
0.258953 9.91422
0.243916 9.25915
0.21171 7.51069
0.179069 8.38652
0.17381 8.82742
0.169897 10.0456
0.135981 8.41445
0.0889181 6.85465
0.086228 7.52106
0.0854702 9.74555
0.0632716 10.7585
0.0604866 8.89921
0.0275558 7.8484
0.0267816 10.9584
0.0253261 11.4255
0.0206528 11.3965
0.0162311 8.6862
0.00573509 9.95926
0.00222451 7.4012
0.00219288 7.93378
0.00113199 11.488
0.249446 0.340331 0 0 0 0 0 0 0 0.410223 
0 0 0 0 0 0 1 0 0 0 
0 0 0 0 0 0 0 0 1 0 
0 0 0 0 0 0 0 0 0 1 
0 0 0 0 0 0 0 0 0 1 
0 0 0 0 0 0 0 0 0 1 
0 0 0 0 0 0 0 1 0 0 
0 0 0 0 0 0 0 0 0 1 
0 1 0 0 0 0 0 0 0 0 
0 0 0 0 1 0 0 0 0 0 
0 0 0.779337 0 0 0 0.220663 0 0 0 
0 0 0 0 0 0 0 0 0 1 
1 0 0 0 0 0 0 0 0 0 
0 1 0 0 0 0 0 0 0 0 
0 0 0 0 1 0 0 0 0 0 
0 0 0 0 0 0 0 0 0 1 
1 0 0 0 0 0 0 0 0 0 
0 0.351472 0.648529 0 0 0 0 0 0 0 
0 0 0 0 1 0 0 0 0 0 
0 0 0 0 0 0 0 0 1 0 
0 0 0 0 0 0 0 0 0 1 
0 0 0 0 0 1 0 0 0 0 
0 0 1 0 0 0 0 0 0 0 
0 0 0 0 0 0 0 0.567825 0.432175 0 
0 0 0 0 0.43544 0 0.56456 0 0 0 
0 1 0 0 0 0 0 0 0 0 
0 0 0 0 0 0 1 0 0 0 
0 1 0 0 0 0 0 0 0 0 
0 0 0 0 0 0 0 0 1 0 
0 0 1 0 0 0 0 0 0 0 
0 0 1 0 0 0 0 0 0 0 
1 0 0 0 0 0 0 0 0 0 
0 0 0 0 0 0 0 1 0 0 
0 0.724918 0 0 0 0 0.275082 0 0 0 
0 0 0 0 0 1 0 0 0 0 
0 0 0 0 0 1 0 0 0 0 
0 0 0 0 0 0 0 0 0 1 
0 0.289162 0 0 0 0 0.710838 0 0 0 
0 0 0 0 0 0.479221 0.520779 0 0 0 
0 0 0 0 0 0 1 0 0 0 
0 0 0 1 0 0 0 0 0 0 
0 0 0 1 0 0 0 0 0 0 
0 0 0 0 0 0 0 0 0 1 
0 0 0 0 0 0 0 1 0 0 
0 0 0 0 0 0 1 0 0 0 
0 1 0 0 0 0 0 0 0 0 
0 1 0 0 0 0 0 0 0 0 
1 0 0 0 0 0 0 0 0 0 
0 0 0.109527 0 0.225232 0.665241 0 0 0 0 
0 1 0 0 0 0 0 0 0 0 
0 0 1 0 0 0 0 0 0 0 
0 0 0 0 1 0 0 0 0 0 
0 0 0 0 0 0 0 0 1 0 
0 0 0 1 0 0 0 0 0 0 
0 0 0 0 0 1 0 0 0 0 
0 0.546181 0 0 0 0 0 0 0.453819 0 
0 0 0 0 0 0 0 0 1 0 
0 0 0 0 0 0 0 1 0 0 
0 0 0 0 0 0 1 0 0 0 
0 0 0 0 0 1 0 0 0 0 
0 0 0 0 1 0 0 0 0 0 
0 1 0 0 0 0 0 0 0 0 
0 0 0 0 0 0 0 1 0 0 
0 0 0 0 1 0 0 0 0 0 
0 0 0 0 1 0 0 0 0 0 
0 1 0 0 0 0 0 0 0 0 
0.614298 0 0 0.385702 0 0 0 0 0 0 
0.783045 0 0 0 0 0 0 0 0.216955 0 
1 0 0 0 0 0 0 0 0 0 
0 0 0 0 0 0 1 0 0 0 
0 0 1 0 0 0 0 0 0 0 
0 0 0 1 0 0 0 0 0 0 
0 0 0 0 0 0 0 1 0 0 
0 0 0.574764 0 0 0 0 0 0.425236 0 
0 0 0 0.575309 0 0 0.424691 0 0 0 
0 0 0 0 0 0 1 0 0 0 
0.730129 0 0 0 0 0 0.269871 0 0 0 
0.530395 0 0 0 0 0 0.469605 0 0 0 
1 0 0 0 0 0 0 0 0 0 
1 0 0 0 0 0 0 0 0 0 
0 0 0 0 0 0 0 1 0 0 
0 0 1 0 0 0 0 0 0 0 
0 0 0 0 0 0 1 0 0 0 
0 0 1 0 0 0 0 0 0 0 
0 0 0 1 0 0 0 0 0 0 
0 0 1 0 0 0 0 0 0 0 
0 0 0 0 1 0 0 0 0 0 
0 0 0 0 0 0 0 1 0 0 
0 0 0 0 0 0 0 1 0 0 
0 0 0 0 0 0 1 0 0 0 
0 1 0 0 0 0 0 0 0 0 
0 0 0 0 1 0 0 0 0 0 
0 1 0 0 0 0 0 0 0 0 
0.315006 0.684994 0 0 0 0 0 0 0 0 
0 1 0 0 0 0 0 0 0 0 
0 0 0 0 0 0 1 0 0 0 
0 0 1 0 0 0 0 0 0 0 
0 0 0 0 0 0 0 0 1 0 
0.164664 0 0 0 0 0 0.835336 0 0 0 
0 0 0 0 0 0 1 0 0 0 
