5 100
0.466363
0.254146
0.605846
0.626193
0.433496
11.3777 0.352649
11.0579 0.228131
11.019 0.469841
9.89493 0.867527
9.23218 0.822401
9.13299 0.378241
9.01937 0.220981
8.81133 1.31686
8.74658 1.43529
8.39286 0.690194
7.98788 1.68518
7.93741 1.45385
7.87912 2.33545
7.79815 0.814068
7.50962 0.626743
7.35298 0.748952
7.0521 0.688482
6.77005 1.02372
6.20533 2.78939
6.15289 1.06021
6.07608 1.97952
6.06605 3.24297
5.99626 2.7186
5.93841 2.52759
5.93212 1.9104
5.64318 1.98335
5.4686 2.15398
5.01251 4.12836
4.87762 3.64519
4.61673 2.96954
4.3732 3.01695
4.23357 2.33697
4.12445 4.09679
3.85531 3.40719
3.84382 2.38954
3.83063 3.45696
3.65329 2.99358
3.42832 3.4791
3.3466 3.525
3.19252 5.70977
3.10785 3.65556
3.04673 4.76167
3.04216 3.58994
2.68256 5.68147
2.5061 4.9065
2.49814 4.45219
2.40033 6.88513
1.93257 6.44614
1.91093 6.36247
1.8268 4.41076
1.7672 5.51942
1.73679 4.80676
1.72226 5.99246
1.68153 5.98431
1.66831 5.53044
1.65511 5.15285
1.60564 6.33001
1.59835 4.50608
1.5608 7.49789
1.55708 5.61506
1.50489 4.83744
1.42176 7.66436
1.34677 6.80833
1.32696 6.93283
1.24554 5.4694
1.2313 7.59728
1.06915 5.00577
1.05262 8.53201
0.990019 6.98762
0.922748 8.36024
0.875525 8.23723
0.843578 8.31054
0.775126 6.1731
0.725008 8.3301
0.67404 7.96158
0.671761 8.71103
0.586255 7.45629
0.548168 7.13594
0.513523 7.87861
0.413826 9.88898
0.412349 8.13357
0.397762 7.09768
0.383249 7.54482
0.374863 7.5497
0.360032 6.05743
0.340145 7.11665
0.329474 6.55523
0.311714 6.86702
0.237709 10.6036
0.176325 10.6936
0.155104 9.36738
0.154591 6.6708
0.151077 9.95271
0.091693 7.27352
0.0456638 7.30844
0.0295329 8.73194
0.0171675 7.75222
0.0158539 10.2683
0.0150991 11.4666
0.00593619 9.98658
0 0 1 0 0 
0 1 0 0 0 
0 0 1 0 0 
0 0 1 0 0 
0 0 0 0.366881 0.633119 
0 1 0 0 0 
0.589282 0 0.410718 0 0 
0 1 0 0 0 
0 1 0 0 0 
0 0 0 0 1 
0 1 0 0 0 
0 0 0 1 0 
0 1 0 0 0 
1 0 0 0 0 
0 0.723022 0.276978 0 0 
0.216235 0 0.783765 0 0 
0 1 0 0 0 
1 0 0 0 0 
1 0 0 0 0 
0.495851 0 0 0 0.504149 
0 0 0 0 1 
0 0 0 1 0 
0 0 0 1 0 
0.483827 0 0 0.516173 0 
0 0 0 1 0 
0 1 0 0 0 
0 0 0.455031 0 0.544969 
1 0 0 0 0 
0 0 0 0 1 
0 1 0 0 0 
0 1 0 0 0 
0 1 0 0 0 
0 0 0 1 0 
0 0 1 0 0 
1 0 0 0 0 
0 0 0 1 0 
0.453757 0 0 0.546243 0 
0 1 0 0 0 
0 0 1 0 0 
0 1 0 0 0 
0 0 1 0 0 
0 0 0 0 1 
0 0 0 1 0 
0 0.458076 0 0 0.541924 
0 1 0 0 0 
0 0 0 1 0 
0 0 0.199024 0 0.800976 
0 1 0 0 0 
0 0 1 0 0 
1 0 0 0 0 
1 0 0 0 0 
0 0 0 0 1 
1 0 0 0 0 
0 0 0 0 1 
1 0 0 0 0 
0 0 0 1 0 
0 0 0 0 1 
0 0 1 0 0 
0 0 0 0.364925 0.635075 
1 0 0 0 0 
0 0 0 0.590238 0.409762 
0 0 1 0 0 
0 0 0 0 1 
0 0 1 0 0 
0 0 1 0 0 
0 1 0 0 0 
0 1 0 0 0 
0 1 0 0 0 
0.601454 0.398546 0 0 0 
0.468831 0 0 0 0.531169 
0 0 1 0 0 
0 0 0 0 1 
0 0.497347 0 0.502653 0 
0 0 0 0 1 
0.513669 0 0 0.486331 0 
0 0 0 0 1 
0 0 0 1 0 
0 0 0 0 1 
1 0 0 0 0 
0 1 0 0 0 
0 0 0 0 1 
1 0 0 0 0 
0 0 0 0.279715 0.720285 
0 0 0 1 0 
0 0 1 0 0 
0 0 1 0 0 
0 0 1 0 0 
0 1 0 0 0 
1 0 0 0 0 
0 0 0 1 0 
0.539302 0 0 0 0.460698 
0 0 0 0 1 
0 0 0 0 1 
0 0 0 1 0 
0 0.594451 0 0.405549 0 
0 0 1 0 0 
0 1 0 0 0 
0 0 1 0 0 
0 0 0 0 1 
0.343717 0.656282 0 0 0 
