10 300
0.673314
0.274423
0.65357
0.610605
0.474883
0.655389
0.729811
0.400333
0.353622
0.54061
11.6507 0.257007
11.1535 0.373277
10.7409 0.51881
10.6164 0.553072
10.4431 0.377286
10.2165 1.14152
10.1746 0.826572
10.1261 0.790696
10.0664 0.72139
9.95905 0.828245
9.89691 0.9282
9.77129 1.12076
9.72536 1.24498
9.55111 1.06537
9.46776 0.608187
9.44435 0.475041
9.3316 0.961389
9.2021 0.536488
9.08263 1.3286
9.07425 0.722087
9.06845 0.414972
9.02103 1.31828
8.74252 0.736235
8.6743 0.75175
8.65655 1.78768
8.64537 1.20326
8.38988 0.218315
8.35552 0.906117
8.32836 0.370153
8.23334 0.382193
8.16861 1.7522
8.0774 0.11338
8.05375 1.19738
7.93922 1.6447
7.78924 1.20147
7.63093 1.9239
7.60667 0.205958
7.35945 1.95627
7.26485 0.286231
7.07008 1.37586
7.06861 0.819309
7.06445 1.23996
7.05518 1.72859
7.0264 0.715008
6.92618 2.39277
6.83327 1.80007
6.76299 2.99261
6.735 1.49439
6.70574 1.11576
6.69967 0.798445
6.67064 2.32157
6.67038 0.822968
6.59451 1.2768
6.57204 2.97873
6.57197 0.921594
6.55761 1.98369
6.49231 2.76434
6.49001 0.678312
6.47723 1.61923
6.42543 0.710712
6.36513 1.22573
6.35171 1.71386
6.29132 1.0099
6.28535 1.92727
6.2343 1.83386
6.2342 1.0088
6.12596 2.84368
6.06618 1.83653
6.00921 1.17321
6.00831 1.64378
5.96497 3.09687
5.92725 2.3092
5.90188 2.22548
5.88481 3.49361
5.8396 2.09389
5.68048 2.5633
5.67572 2.47518
5.66988 2.50329
5.64806 1.9059
5.64146 3.01191
5.63252 1.14923
5.34512 2.74953
5.25185 1.82122
5.22212 2.56446
5.20517 2.36523
5.15001 1.41759
5.01918 2.49421
5.00798 3.52064
5.00728 2.61652
4.95348 2.297
4.91223 3.20203
4.83797 2.72347
4.81459 3.82063
4.75672 1.86071
4.74894 2.6916
4.69537 2.05995
4.69036 3.27405
4.68214 1.98249
4.6335 4.33457
4.63041 4.36935
4.59504 4.03685
4.54571 2.21495
4.53099 4.37015
4.52681 3.08528
4.5159 1.94008
4.41205 2.18431
4.33793 3.6058
4.30666 3.54529
4.28658 2.03674
4.2132 3.02679
4.18222 3.2581
4.16983 3.14173
4.16156 3.25267
4.14742 3.09601
4.00664 3.46009
3.96779 3.39292
3.86965 4.44362
3.78404 3.48307
3.75883 3.82772
3.68924 4.65038
3.68214 4.04376
3.68044 4.52001
3.58877 3.61605
3.58808 4.28363
3.57924 4.15238
3.54619 4.00431
3.53383 5.13331
3.49841 3.98555
3.4872 2.91938
3.41302 4.71203
3.40465 4.60001
3.39799 4.1118
3.38337 4.81061
3.35409 3.33185
3.31691 4.20667
3.3152 5.18087
3.27105 4.63027
3.26315 5.07008
3.25139 2.76653
3.25102 5.74488
3.23015 4.88056
3.20294 3.60319
3.16266 5.0267
3.01513 5.88504
2.98686 4.55311
2.89309 4.44375
2.87005 5.04274
2.76489 3.16181
2.75311 4.41935
2.72112 4.76923
2.69421 4.56297
2.67713 4.37329
2.65161 5.78389
2.52046 5.88367
2.46397 4.85734
2.45801 4.99259
2.39677 4.6785
2.35195 4.19779
2.32696 4.02321
2.29423 4.67756
2.23242 6.59735
2.19871 3.52659
2.193 5.48011
2.1736 6.08733
2.10341 5.93747
2.07089 7.0808
2.05742 4.49563
2.02643 5.73297
2.01882 4.4024
1.96953 5.59847
1.92031 5.55748
1.90365 4.76602
1.88691 6.23439
1.83744 5.31536
1.83479 5.49961
1.80974 4.35434
1.79722 4.95963
1.79504 5.95549
1.75877 5.46246
1.75618 5.78314
1.74163 6.0312
1.74159 4.98944
1.71602 5.06248
1.70333 7.04882
1.67971 4.67581
1.64488 7.19617
1.63916 5.6022
1.61769 5.32311
1.46568 5.19385
1.4334 5.41867
1.4286 5.85723
1.41653 7.81408
1.40752 6.2713
1.36696 5.75285
1.34097 5.22864
1.30367 4.54667
1.29077 5.5134
1.27438 5.33467
1.25597 7.61709
1.22171 7.41327
1.15395 5.41959
1.12806 7.09821
1.1018 8.39855
1.05588 8.35645
1.05066 7.42499
1.02454 5.28202
1.02151 7.77465
1.01671 7.038
1.00852 7.37631
0.970721 7.98669
0.956501 8.1824
0.948817 6.92543
0.938322 5.20315
0.922019 7.86241
0.837696 6.53582
0.83601 5.75349
0.815371 8.40121
0.800011 7.8024
0.760041 6.49108
0.734902 6.69774
0.73213 6.03253
0.725103 8.51001
0.723041 5.33625
0.680819 6.177
0.652599 8.74424
0.639215 7.86498
0.635267 7.47686
0.603903 7.57657
0.597788 6.2823
0.590845 5.87005
0.587601 6.15112
0.566579 5.98612
0.527977 7.63372
0.523942 6.46475
0.492142 7.31793
0.476712 8.04484
0.450424 6.35815
0.450378 8.79033
0.397882 7.96453
0.394425 7.04433
0.385234 7.83599
0.33251 10.2205
0.326218 6.46779
0.323799 7.24983
0.314388 6.09428
0.313445 8.88756
0.302693 9.8588
0.302379 8.07968
0.288681 10.0676
0.26653 6.53492
0.25046 8.19946
0.249534 7.72637
0.23318 7.15798
0.174409 9.35655
0.172684 10.7606
0.170311 8.41534
0.166034 9.40294
0.165664 8.51381
0.16265 8.76626
0.159214 9.36341
0.158273 8.47444
0.157215 8.36203
0.155686 9.80198
0.155637 9.57601
0.146914 7.17105
0.145493 10.7519
0.144796 8.72437
0.141772 8.48131
0.134118 8.42852
0.126 9.4965
0.121145 6.83838
0.120859 6.83386
0.112095 9.14843
0.101525 8.13269
0.0903163 7.90874
0.0838508 8.85676
0.0817832 7.27549
0.0771292 10.6193
0.0770588 10.5362
0.0767445 9.25644
0.0630053 7.33895
0.062892 9.60136
0.0588034 7.9813
0.0536892 10.1367
0.0519546 10.9571
0.0414923 8.8241
0.024966 9.55773
0.0246009 11.5328
0.0229054 10.9546
0.0137328 10.4329
0.00951184 9.79068
0.00864269 11.0355
0.00655876 8.29576
0.00552623 10.1981
0.00542962 10.9864
0.00491559 11.6261
0.00410014 11.7493
0.00363789 10.7928
0.0034898 8.08073
0.00116621 9.63966
0 0 0 0 0 0 0 0 1 0 
0 1 0 0 0 0 0 0 0 0 
0 0 0 0 0 0 0 1 0 0 
0 0 1 0 0 0 0 0 0 0 
0 0 0 0 0 0 1 0 0 0 
0 0 0 0 0 0 0 1 0 0 
0.178848 0 0 0 0 0 0 0 0.821152 0 
0 0 0.345809 0 0 0 0 0.654191 0 0 
0 0 0 1 0 0 0 0 0 0 
0 0 0 0 0 0 0 0 0 1 
0 1 0 0 0 0 0 0 0 0 
0 0 0 0 0 1 0 0 0 0 
0 0 1 0 0 0 0 0 0 0 
0 0 0 0 0.220756 0.779244 0 0 0 0 
0 0 0 0 0 0 0 1 0 0 
0 0 0 0 0 0 1 0 0 0 
0 0 0 0 0 1 0 0 0 0 
0 1 0 0 0 0 0 0 0 0 
0 0 0 0 0 0 0 0 1 0 
0 0.548576 0 0.451424 0 0 0 0 0 0 
0 0 0 0 1 0 0 0 0 0 
0 0 0 0 0 0 1 0 0 0 
0 0 0 0 0 0 0.380555 0.619445 0 0 
0 0 0 0 0 0 0 0.877993 0 0.122007 
0 0 0 0 0 0 0 0 1 0 
0 0 0 1 0 0 0 0 0 0 
0 0.690048 0 0 0.309952 0 0 0 0 0 
0 1 0 0 0 0 0 0 0 0 
0 0 0.548162 0 0 0.451838 0 0 0 0 
0 0 0 0 0 0 0 0 0 1 
0 0 0 0 1 0 0 0 0 0 
0 0 0 0 0 0 0 0 1 0 
0 0 0 0.195133 0 0 0 0 0.804867 0 
0 0 0 0 1 0 0 0 0 0 
0 0 0 0 1 0 0 0 0 0 
0 0 0 0 0 0 0 1 0 0 
0 0 0 1 0 0 0 0 0 0 
0 1 0 0 0 0 0 0 0 0 
0 0 0 0 0 0 0 1 0 0 
1 0 0 0 0 0 0 0 0 0 
1 0 0 0 0 0 0 0 0 0 
0 0 0 0 0 1 0 0 0 0 
0 0 0.467128 0 0.532872 0 0 0 0 0 
0 0 0 0 0 0 1 0 0 0 
0 0 0 1 0 0 0 0 0 0 
1 0 0 0 0 0 0 0 0 0 
0 1 0 0 0 0 0 0 0 0 
0 0 0 0 0 0 0 0 0.718216 0.281784 
1 0 0 0 0 0 0 0 0 0 
0 0 0 0 0 0 0 0 1 0 
0 0 0 0 0 0 0 1 0 0 
0 0 0.225298 0.774702 0 0 0 0 0 0 
0 0 0 0 0 0 0 0 0 1 
0 0 1 0 0 0 0 0 0 0 
0 0 0 0 0 1 0 0 0 0 
0 0 1 0 0 0 0 0 0 0 
0 0 0 0 0 0 1 0 0 0 
0 0 0 0 0 0 0 1 0 0 
0 0 0 0.409144 0.590855 0 0 0 0 0 
0 0 0 0 0 0 0 1 0 0 
1 0 0 0 0 0 0 0 0 0 
0 0 0 0 0 1 0 0 0 0 
0 0 0 0 0 0 0 0 1 0 
0 0 0 0 0 0 0 1 0 0 
0 0 0 0 0 0 1 0 0 0 
0 0 0.534837 0 0 0 0 0.465163 0 0 
0 0 0.538127 0.461873 0 0 0 0 0 0 
0 0 0 0 0 1 0 0 0 0 
0 0 0 0 0 0.354673 0 0 0 0.645327 
0 0 0 0 0 0 0 0 1 0 
1 0 0 0 0 0 0 0 0 0 
0.510885 0 0 0.489115 0 0 0 0 0 0 
0 0 0 0 0 0 0 0 0 1 
0 0 0 0 0 0 1 0 0 0 
0 0 0.650346 0 0 0.349654 0 0 0 0 
0 1 0 0 0 0 0 0 0 0 
0 1 0 0 0 0 0 0 0 0 
0 0 0 0 0 1 0 0 0 0 
0.480218 0 0 0 0 0 0.519782 0 0 0 
0 0 0 0 0 0 0 0 1 0 
0 0 0 0 0 0 0 0 0 1 
0 0.434044 0 0 0.565956 0 0 0 0 0 
0 0 0 0 0 1 0 0 0 0 
0 0 0 1 0 0 0 0 0 0 
0 0 0 0 0 1 0 0 0 0 
1 0 0 0 0 0 0 0 0 0 
0 0 0 1 0 0 0 0 0 0 
0 0 0 1 0 0 0 0 0 0 
0 0 0 0 0 0 0 0 1 0 
0 0 0 0 0 0.69181 0 0.30819 0 0 
0 0 0 0.656775 0.343225 0 0 0 0 0 
0 0 0 0 1 0 0 0 0 0 
0 0 0 0 0 1 0 0 0 0 
0 0 0 0 1 0 0 0 0 0 
0 0 0 1 0 0 0 0 0 0 
0 0 0 1 0 0 0 0 0 0 
0 0 0 0 1 0 0 0 0 0 
0 0 0 1 0 0 0 0 0 0 
0 0 1 0 0 0 0 0 0 0 
0 0 0 0 0 1 0 0 0 0 
0 0 0 0.274591 0 0 0 0 0.725409 0 
0 0 0 0 1 0 0 0 0 0 
0 0 0 0 0 0 1 0 0 0 
0 0 0 0 0 0.508302 0 0.491698 0 0 
0 0 0 0 0 0 1 0 0 0 
0 0 0 0 0 0 0 1 0 0 
0 1 0 0 0 0 0 0 0 0 
0 0 0 0 1 0 0 0 0 0 
0 0 0.539321 0 0 0 0.460679 0 0 0 
0 0 0 0.674188 0 0 0 0.325812 0 0 
0 0 1 0 0 0 0 0 0 0 
0 0 0 0 0 0 0 0.520862 0.479138 0 
0 0 0 1 0 0 0 0 0 0 
0 0 0 0 0 0 1 0 0 0 
0 0 0 0 0 0 0 1 0 0 
0 0 0 0 1 0 0 0 0 0 
0 0.0639833 0 0 0 0 0.445811 0 0.490205 0 
0 0 0 0 0 0 0 1 0 0 
0 0 0 0 0 1 0 0 0 0 
1 0 0 0 0 0 0 0 0 0 
0 0 0 0 0 0.572875 0 0 0.427125 0 
0 1 0 0 0 0 0 0 0 0 
1 0 0 0 0 0 0 0 0 0 
0 0 0 0 1 0 0 0 0 0 
0 0 0 0 0 1 0 0 0 0 
0 0 0 0 0 0 0 1 0 0 
0 0 0 0 0 0 1 0 0 0 
0 0 0 0 0 1 0 0 0 0 
0 0 0 0 0 1 0 0 0 0 
0.296316 0 0 0 0 0 0.703684 0 0 0 
0 0 0 0 0.125599 0 0 0.874401 0 0 
0 0 0 0 0 0 0 0 1 0 
0 0 0 0 0 0 0 0 1 0 
0 0 0 0.599532 0 0 0 0 0.400468 0 
0 0 0 0 0 0 0 0 0 1 
0 0 0 0 0 0 0.801564 0 0.198436 0 
0 0 0 0 0 0 0 1 0 0 
0 0 0 1 0 0 0 0 0 0 
0 0 0 0 0 1 0 0 0 0 
0 0 0 0 0 0 0 0 0 1 
0 0 0 0 0 0 1 0 0 0 
0 0 0 0 0 0 0 0 0 1 
0 0 1 0 0 0 0 0 0 0 
0 0 1 0 0 0 0 0 0 0 
0 0 0 0 0 0 0 1 0 0 
1 0 0 0 0 0 0 0 0 0 
0 0 0 0 0 0 0 0 0 1 
0 0 0 0 0 1 0 0 0 0 
0 0 0 0 0 0 1 0 0 0 
0 0 1 0 0 0 0 0 0 0 
0 0 0 1 0 0 0 0 0 0 
0 0 1 0 0 0 0 0 0 0 
0 0 0 0 0 0 0 0 1 0 
0 0 0 0 0 0 0 1 0 0 
0 0 0 1 0 0 0 0 0 0 
0 0 0 0 1 0 0 0 0 0 
0 0 0 0 1 0 0 0 0 0 
0 0 1 0 0 0 0 0 0 0 
0 0 0 0 0 0 0 0 0 1 
0 0 0 0 1 0 0 0 0 0 
0 0 0 0 1 0 0 0 0 0 
1 0 0 0 0 0 0 0 0 0 
0 0 0 0.504151 0 0.495849 0 0 0 0 
0 0 1 0 0 0 0 0 0 0 
1 0 0 0 0 0 0 0 0 0 
0 0 0 0 0 0 0 0 1 0 
0 0 0 0 1 0 0 0 0 0 
0 0 0 1 0 0 0 0 0 0 
0 0 0 0 0 0 1 0 0 0 
0 0 0 0 0 0 1 0 0 0 
0 0 0 0 0 0 0 0 1 0 
0 0 0 0 0 0 0 0 0 1 
0 0 0 0 1 0 0 0 0 0 
0 0 0 0 0 0 0 0 0 1 
0 0 0 0 0 0 0 1 0 0 
0 0 0.307367 0 0.692633 0 0 0 0 0 
0 0 0 0 0 0 0 0 1 0 
0 0 0 0 0 0 1 0 0 0 
0 0 0 0 0 0 0 0 1 0 
0 0 0 0 0 1 0 0 0 0 
0 0 0 1 0 0 0 0 0 0 
0 1 0 0 0 0 0 0 0 0 
0 0 0 1 0 0 0 0 0 0 
1 0 0 0 0 0 0 0 0 0 
0 0 0.219066 0 0 0 0.780934 0 0 0 
0.575286 0 0 0 0 0 0 0 0 0.424714 
0 0 0 0 0 0 0 1 0 0 
0 0 0 0.62245 0 0 0 0.37755 0 0 
1 0 0 0 0 0 0 0 0 0 
0 0 0 0 0 0 0 1 0 0 
0 0 0 0 0 0 0 0 0 1 
0 1 0 0 0 0 0 0 0 0 
0 1 0 0 0 0 0 0 0 0 
0 1 0 0 0 0 0 0 0 0 
0.506978 0 0 0 0 0 0.493022 0 0 0 
0 0 0 0 0 0 0 0 1 0 
0 0 0 0 0 0 0 0 0 1 
0 0 0 0 0 0 0 0 1 0 
0 0 0 0 0.765518 0 0.234482 0 0 0 
0 0 0.226692 0.773308 0 0 0 0 0 0 
0 0 0 0 0 0 1 0 0 0 
0 0 0 0 0 1 0 0 0 0 
1 0 0 0 0 0 0 0 0 0 
0 0 0 0 0 0 1 0 0 0 
0 0 0 0 0 0 0 0 1 0 
0 0 0 0 0 0 0 0 0 1 
0 0 0 0.540715 0 0 0 0 0.459285 0 
0 0 0 0 0 0 1 0 0 0 
0 0 0 0 0 0 0 0 1 0 
0 0 0 0 0.639313 0.360687 0 0 0 0 
0 0 0 1 0 0 0 0 0 0 
0 0 0 0 1 0 0 0 0 0 
0 0 1 0 0 0 0 0 0 0 
0.511634 0 0 0 0 0 0.488366 0 0 0 
0 1 0 0 0 0 0 0 0 0 
0 0 0 0 0 0 0 1 0 0 
1 0 0 0 0 0 0 0 0 0 
0 1 0 0 0 0 0 0 0 0 
0 0 0 0 0 1 0 0 0 0 
0 1 0 0 0 0 0 0 0 0 
0 0 1 0 0 0 0 0 0 0 
0 0 1 0 0 0 0 0 0 0 
0 1 0 0 0 0 0 0 0 0 
0 1 0 0 0 0 0 0 0 0 
0 0 0 0 0 0 1 0 0 0 
0 0 0 1 0 0 0 0 0 0 
1 0 0 0 0 0 0 0 0 0 
0 0 0.278724 0 0 0 0 0.721276 0 0 
1 0 0 0 0 0 0 0 0 0 
1 0 0 0 0 0 0 0 0 0 
0 0 0 0 0 0 0 1 0 0 
1 0 0 0 0 0 0 0 0 0 
0.459891 0.540109 0 0 0 0 0 0 0 0 
0 0 0 0 0 0 0 0 0 1 
1 0 0 0 0 0 0 0 0 0 
0 1 0 0 0 0 0 0 0 0 
0 0.378134 0.621866 0 0 0 0 0 0 0 
1 0 0 0 0 0 0 0 0 0 
0 0 0 0.505377 0 0 0 0 0 0.494623 
0 1 0 0 0 0 0 0 0 0 
0 0 0 0 0 0 0 0 0.318617 0.681383 
1 0 0 0 0 0 0 0 0 0 
0.718608 0 0 0.281392 0 0 0 0 0 0 
0 0 1 0 0 0 0 0 0 0 
0 1 0 0 0 0 0 0 0 0 
0 0 0 0 0 0 0.650964 0 0.349036 0 
1 0 0 0 0 0 0 0 0 0 
0 0 0 0 0 0 0 1 0 0 
0 0 0 0 0 0 0 0 1 0 
0 0 0 0 0 0 0 0 0 1 
0 0 0 0 0 0 0 1 0 0 
0 0 1 0 0 0 0 0 0 0 
0 0 0 0 0 1 0 0 0 0 
0 1 0 0 0 0 0 0 0 0 
0 0 0 0 0 1 0 0 0 0 
0 0 0 0 0 0 0 0 0 1 
0 0 0 0 0 0 0 1 0 0 
0 0 0 0 1 0 0 0 0 0 
0 0 1 0 0 0 0 0 0 0 
0 0 0 0 0 1 0 0 0 0 
0 0 0 0 0 0 0 0 1 0 
0 0 0 0.598048 0 0 0 0 0 0.401952 
0 0 0 0 0 0 0 1 0 0 
0 0.436437 0 0 0 0.563563 0 0 0 0 
0 0 0 0 0 0 0 0 1 0 
0 0 0 0 0 1 0 0 0 0 
0 1 0 0 0 0 0 0 0 0 
0 0 0 0 1 0 0 0 0 0 
0 1 0 0 0 0 0 0 0 0 
0 0 0 0 0 0 0 1 0 0 
0 0 0 0 0 0 0 0 1 0 
0 1 0 0 0 0 0 0 0 0 
0 0 0 0 0 0 1 0 0 0 
0 0 0 0 0 0 0 0 1 0 
0 0 1 0 0 0 0 0 0 0 
0 0 0 1 0 0 0 0 0 0 
0 0 0 0 1 0 0 0 0 0 
0.173701 0 0 0 0 0 0 0.311865 0 0.514434 
0 0 0 0 0 0 0 0 0 1 
0 0 0 0 0 0 0 0 0 1 
0 0 1 0 0 0 0 0 0 0 
0 0 0 1 0 0 0 0 0 0 
0 0 0 1 0 0 0 0 0 0 
0 0.593133 0 0 0 0 0.406867 0 0 0 
0 0.159429 0 0.418191 0.422379 0 0 0 0 0 
0 0 1 0 0 0 0 0 0 0 
0 0 0 0 0 1 0 0 0 0 
1 0 0 0 0 0 0 0 0 0 
1 0 0 0 0 0 0 0 0 0 
0 1 0 0 0 0 0 0 0 0 
0 1 0 0 0 0 0 0 0 0 
0 0 0.462514 0 0.537486 0 0 0 0 0 
0 0 0 1 0 0 0 0 0 0 
0 0 0 0 0 0 0 0 1 0 
0 0 0 0 0 0 1 0 0 0 
1 0 0 0 0 0 0 0 0 0 
0 0 0 1 0 0 0 0 0 0 
0 0 1 0 0 0 0 0 0 0 
0 0 1 0 0 0 0 0 0 0 
0 0 1 0 0 0 0 0 0 0 
