5 300
0.641065
0.290395
0.506199
0.250745
0.374761
11.4622 0.144669
11.1549 0.639916
11.1295 0.150809
10.8843 0.753435
10.8555 0.41923
10.4972 0.317913
10.4676 0.551225
10.3915 0.240804
10.3205 0.179388
10.1525 0.243705
9.7386 0.972397
9.70512 0.297183
9.59728 0.100473
9.37192 0.48625
9.35124 0.821678
9.35094 0.107478
9.30348 1.15415
9.11715 1.39905
9.11342 0.737409
9.08913 1.03889
9.00425 1.73041
8.94724 1.38447
8.9118 1.51323
8.83545 0.17074
8.45878 1.44376
8.35847 1.72811
8.31464 0.933984
8.23139 0.4701
8.22002 0.548634
8.13025 0.284723
8.05856 1.39858
7.94205 1.06684
7.90875 2.3733
7.8991 0.557154
7.88024 1.42819
7.85434 0.137438
7.82466 0.721005
7.73766 1.58868
7.69682 1.32374
7.66732 0.938437
7.59973 0.673
7.56839 1.36736
7.43503 1.35703
7.40596 0.365192
7.29867 0.910204
7.29328 1.96799
7.2451 1.55673
7.08554 0.509714
7.05187 1.60774
7.02812 2.02649
6.8608 0.877168
6.85588 1.13817
6.80156 1.38916
6.76325 0.414233
6.73593 2.57725
6.70405 1.88072
6.69837 2.62114
6.68864 2.34594
6.4187 1.27484
6.34375 2.35571
6.32398 1.93018
6.30124 1.46613
6.24191 0.705213
6.20728 1.81404
6.16287 3.27279
6.14741 0.954877
6.03697 1.99642
6.02545 1.28986
5.96646 2.2779
5.95287 2.24687
5.89937 2.55048
5.88076 2.26552
5.85 1.4298
5.82099 1.87222
5.79644 2.68609
5.67997 2.63487
5.61326 1.52885
5.54997 2.35653
5.4929 3.09741
5.44448 2.6636
5.30839 2.59453
5.25078 2.09711
5.24644 2.16975
5.17847 3.85212
5.14613 2.43712
5.12903 3.0538
5.10303 3.3018
5.07773 3.01061
4.98768 4.15228
4.97911 3.42615
4.9716 2.34024
4.85971 1.98332
4.74263 3.31047
4.65674 3.26855
4.64459 3.83651
4.64322 2.74551
4.62749 1.92405
4.49021 2.64663
4.44839 2.7364
4.43378 4.00653
4.41639 4.48001
4.34813 3.26038
4.33015 4.01915
4.13404 2.79882
4.12627 2.75084
4.1106 4.32622
4.09118 2.10565
4.05589 5.00123
3.99316 3.33519
3.87229 5.18491
3.86025 2.88094
3.85628 3.03907
3.85435 4.85521
3.80711 3.46167
3.74054 3.81065
3.70496 3.64133
3.67103 4.84581
3.63984 5.1825
3.53085 5.18985
3.50322 3.29057
3.48054 4.21058
3.4735 5.18884
3.38704 4.11101
3.38119 5.76381
3.31845 5.29987
3.27648 4.27267
3.27453 3.44247
3.26565 5.50175
3.09193 3.37476
3.08887 4.8115
2.98269 3.54548
2.98173 4.57248
2.91241 4.65996
2.8772 5.70825
2.83084 3.17858
2.81503 3.83372
2.81074 4.99194
2.80513 5.27798
2.78321 4.38044
2.75793 5.41844
2.73832 3.7611
2.71959 5.71439
2.64644 5.33726
2.61405 5.03871
2.58405 5.79206
2.57312 3.72395
2.56852 4.43218
2.50294 5.05689
2.48838 4.50474
2.35647 4.69377
2.35372 4.47124
2.34162 5.16388
2.31024 4.94387
2.30451 6.53148
2.29315 4.03965
2.25603 6.41242
2.23893 6.41739
2.21247 5.79957
2.17203 6.16976
2.15928 4.32093
2.12585 3.88855
2.10258 5.16055
2.07059 4.21333
2.01859 7.11462
1.96488 5.9931
1.94025 4.28801
1.87327 5.45827
1.84694 7.28709
1.84145 6.08332
1.82293 5.80371
1.80107 6.65863
1.77872 5.8974
1.77827 4.90166
1.74503 5.82358
1.69201 6.89812
1.6908 6.12979
1.67969 4.75292
1.67317 5.83105
1.64289 5.88924
1.62719 6.70265
1.57729 7.25247
1.5332 5.04875
1.49561 4.80955
1.4852 6.70231
1.48415 6.89246
1.47946 6.6462
1.46884 6.20817
1.45613 4.6307
1.4512 5.92114
1.43078 6.34868
1.38082 5.21917
1.37426 6.21396
1.34468 5.88382
1.25686 7.72269
1.0772 7.78956
1.07561 6.46361
1.07461 5.57103
1.0647 7.95339
1.04019 7.27921
1.03862 4.98036
1.02838 7.23355
1.02733 7.37362
1.01021 6.58218
1.0061 5.90944
0.933889 5.28959
0.888576 5.70652
0.872404 9.12024
0.87227 8.04834
0.87117 8.40422
0.859734 5.977
0.857798 6.47024
0.833363 6.33089
0.81867 7.65218
0.790373 6.17608
0.760665 7.82009
0.757861 5.92352
0.716949 7.13324
0.688356 8.21317
0.681316 5.45733
0.640615 6.77188
0.638877 7.92172
0.632528 7.93195
0.598005 6.37686
0.586063 9.10472
0.560199 6.32353
0.554578 9.36275
0.532183 5.98203
0.509186 8.13358
0.499361 8.9488
0.492765 6.11628
0.469671 7.01808
0.425111 8.91513
0.406763 8.54434
0.385524 8.54855
0.373254 7.63698
0.371918 8.6365
0.343752 7.35645
0.334967 6.59719
0.309183 7.96238
0.302482 9.58843
0.300555 9.91731
0.286082 8.19581
0.282092 9.64578
0.267551 9.05561
0.263649 8.1933
0.258104 8.46255
0.256446 7.96355
0.237063 7.22689
0.226283 7.19743
0.220918 7.63306
0.203387 7.37189
0.200525 6.49363
0.189888 7.36068
0.176391 9.60537
0.174996 9.52357
0.171794 8.81986
0.15679 10.6894
0.152194 6.92674
0.146103 10.8928
0.137341 6.82979
0.129941 8.21147
0.12934 10.0707
0.126207 6.63025
0.118979 9.59753
0.117384 8.44577
0.109622 10.0078
0.0949338 9.86574
0.0932715 10.8649
0.0910912 7.02808
0.0842539 10.7864
0.0826777 7.91258
0.0802588 10.1479
0.0726889 6.84853
0.072513 7.46034
0.0686796 7.57596
0.0664997 9.38046
0.058515 7.04262
0.0559721 8.28855
0.0525931 9.39487
0.050478 7.89949
0.0468405 7.06921
0.0452782 9.97275
0.0395651 8.99729
0.028068 10.5826
0.0255264 10.4675
0.022199 7.90106
0.0195491 9.22221
0.0177384 11.741
0.0153709 10.3783
0.0143355 11.0619
0.0131593 11.6157
0.00892288 11.5757
0.00682473 9.92827
0.00438209 9.71195
0.0024211 8.20589
0.0022291 11.8328
0.00220585 10.6275
0.00182817 11.8278
0.00167228 7.56278
0.0014704 10.3903
0 0 0 0 1 
0 1 0 0 0 
0.331484 0 0 0 0.668516 
0 0 0 1 0 
0 0 0 0 1 
0 0 0.223546 0.776454 0 
1 0 0 0 0 
0 0 0 0 1 
0 0 0 1 0 
0 0 0 0 1 
0 0 0 0 1 
0 0 1 0 0 
0 1 0 0 0 
0 1 0 0 0 
0 1 0 0 0 
0 0 0 0 1 
1 0 0 0 0 
0 0 0 0 1 
1 0 0 0 0 
0 0 1 0 0 
0 0.781392 0 0 0.218608 
1 0 0 0 0 
0 0 0 0 1 
0 0 1 0 0 
0 0.542644 0 0.457356 0 
0 0.252185 0 0.747815 0 
1 0 0 0 0 
0 1 0 0 0 
0.450139 0 0.549861 0 0 
0 0 1 0 0 
0.544417 0 0.455583 0 0 
0 0 0 1 0 
0 0 0 1 0 
0 1 0 0 0 
0 1 0 0 0 
0 0 0 0.642799 0.357201 
1 0 0 0 0 
0 0 1 0 0 
1 0 0 0 0 
0 0 0 1 0 
0 0 1 0 0 
0 0 0 1 0 
0 0 0 1 0 
0 0 0 0 1 
0 0.656924 0 0.343076 0 
0 1 0 0 0 
0 0 0 1 0 
0.48458 0 0.51542 0 0 
0 0 1 0 0 
0 1 0 0 0 
0 0 0 0 1 
0 0.809958 0 0.190042 0 
0 0 0 0 1 
0 0 0 0 1 
0 0 0 1 0 
0 1 0 0 0 
0 0 1 0 0 
0 0 0 0 1 
0 0 0 0.227604 0.772396 
0 0 0 0 1 
0.342486 0 0 0 0.657514 
0 0 0 0 1 
1 0 0 0 0 
0.434188 0 0.565812 0 0 
0 1 0 0 0 
0 0 1 0 0 
0 0 1 0 0 
1 0 0 0 0 
0 1 0 0 0 
0 0 1 0 0 
0 0 1 0 0 
1 0 0 0 0 
0 0 0 1 0 
1 0 0 0 0 
0 0 0 1 0 
0 0 1 0 0 
1 0 0 0 0 
0 0 0 0 1 
0 0 0 1 0 
0.485824 0 0 0.514176 0 
0 0 0 0 1 
0 1 0 0 0 
0.338576 0 0.302628 0.358797 0 
0 0 0 0.838901 0.161099 
0 0 1 0 0 
1 0 0 0 0 
1 0 0 0 0 
0 0.494646 0 0 0.505354 
1 0 0 0 0 
0 0 1 0 0 
1 0 0 0 0 
0 0 0.428065 0 0.571935 
1 0 0 0 0 
0 1 0 0 0 
0 0 0.827357 0 0.172643 
0 0 0 1 0 
1 0 0 0 0 
1 0 0 0 0 
0 1 0 0 0 
1 0 0 0 0 
0 1 0 0 0 
0 0 0 1 0 
0.713419 0 0 0.286581 0 
1 0 0 0 0 
0 0.302679 0 0 0.697321 
0 1 0 0 0 
0 0 1 0 0 
1 0 0 0 0 
0 0.594739 0 0.405261 0 
0 1 0 0 0 
0 0 0.352484 0.647516 0 
0 1 0 0 0 
0 0 0 0 1 
0 0 1 0 0 
0 0 1 0 0 
1 0 0 0 0 
0 0 1 0 0 
0.700622 0 0 0 0.299379 
0 0 0.291366 0 0.708634 
0.476734 0 0 0 0.523266 
0 0 0 0 1 
0.329456 0.670544 0 0 0 
0 1 0 0 0 
1 0 0 0 0 
0 0 0 1 0 
0 0 1 0 0 
0 0 1 0 0 
0 0 0 1 0 
1 0 0 0 0 
0 0 0 1 0 
0 0 0 0 1 
0 0 1 0 0 
0 0 1 0 0 
0 0.578074 0 0 0.421926 
1 0 0 0 0 
1 0 0 0 0 
0 0 1 0 0 
0 1 0 0 0 
0 0 1 0 0 
0 0 0 1 0 
0 0 0 0 1 
0 1 0 0 0 
0 0 0 0 1 
0 0.771089 0 0.228911 0 
0 1 0 0 0 
0 0 0 0 1 
0.717156 0 0.282844 0 0 
0 0 0 1 0 
1 0 0 0 0 
0 0 0.208913 0.791087 0 
0 1 0 0 0 
1 0 0 0 0 
0 0 0 0 1 
0 0 0 1 0 
0 0 0 0 1 
0 0.560921 0.439079 0 0 
0 0 0 1 0 
0 0 0 0 1 
0 0 0 1 0 
0 0 0 0 1 
1 0 0 0 0 
1 0 0 0 0 
1 0 0 0 0 
0 0 0 1 0 
0 0 0 0.201591 0.798409 
0 1 0 0 0 
0 0 0 1 0 
0 0 0 1 0 
0 0 0 1 0 
1 0 0 0 0 
0 0 0 0 1 
0.464807 0 0 0.535193 0 
0 1 0 0 0 
0 1 0 0 0 
0 0 0 1 0 
1 0 0 0 0 
0.632182 0 0 0 0.367818 
0 0 0 0 1 
1 0 0 0 0 
1 0 0 0 0 
0 0 0 1 0 
0 0 0 1 0 
0 0 0 1 0 
1 0 0 0 0 
0 0 0 1 0 
0 0 0 0 1 
0 0 0 1 0 
0 1 0 0 0 
1 0 0 0 0 
1 0 0 0 0 
0 0 0 1 0 
0 0 1 0 0 
0 0 1 0 0 
0 0 0 1 0 
0.606843 0 0 0.393157 0 
0 1 0 0 0 
0 1 0 0 0 
0 1 0 0 0 
0 1 0 0 0 
0 1 0 0 0 
0 0 1 0 0 
0 0 0 1 0 
1 0 0 0 0 
0 1 0 0 0 
0 0 1 0 0 
0.642119 0 0 0.357881 0 
0 0 0 1 0 
1 0 0 0 0 
0.481363 0 0 0.518637 0 
0 0.53313 0 0.46687 0 
0 0 0 1 0 
0 1 0 0 0 
0 0 0 0 1 
0 0 0 0 1 
0 0 0 0 1 
0 1 0 0 0 
0 1 0 0 0 
0 0 0 1 0 
1 0 0 0 0 
0 0 0 1 0 
0 0.662725 0 0 0.337275 
0 0 0 0 1 
0.785862 0 0.214138 0 0 
1 0 0 0 0 
0 0 0 0 1 
0 0 0 0 1 
0 0 0 1 0 
0 1 0 0 0 
0 0 0 0.431514 0.568486 
1 0 0 0 0 
0 1 0 0 0 
0.457215 0 0 0 0.542785 
0 0 1 0 0 
0 1 0 0 0 
0 0 0 1 0 
1 0 0 0 0 
0 0 0 1 0 
0 0 0 0 1 
0.256501 0 0.743499 0 0 
0 0 0.499069 0.500931 0 
0 0 0 1 0 
0 1 0 0 0 
0 0 0.19102 0.80898 0 
0 1 0 0 0 
0 0 0 0 1 
1 0 0 0 0 
0 0 0 1 0 
1 0 0 0 0 
1 0 0 0 0 
0 0.29672 0.70328 0 0 
0 1 0 0 0 
0 0 0 0 1 
0 0 1 0 0 
1 0 0 0 0 
0 0 0 0 1 
0 0 1 0 0 
0 0 1 0 0 
1 0 0 0 0 
0 0 1 0 0 
0 0 0 0 1 
0 0 0.433031 0.566969 0 
0 0 0 1 0 
0 1 0 0 0 
0 0 1 0 0 
0 0 0 0 1 
0 1 0 0 0 
0 0 1 0 0 
1 0 0 0 0 
0 1 0 0 0 
0 0 0 1 0 
0 1 0 0 0 
0 0 0 1 0 
0 0 0 0 1 
1 0 0 0 0 
0 0 0.55855 0 0.44145 
0.747162 0 0 0.252838 0 
0 0 0 0 1 
0 0 1 0 0 
1 0 0 0 0 
0 0 0.789756 0.210244 0 
0.226454 0 0.773546 0 0 
0 1 0 0 0 
0 1 0 0 0 
0 0 0 1 0 
0 0 0 1 0 
0.421336 0 0 0.578664 0 
0 0 1 0 0 
0 0 0 1 0 
0 0.722602 0.277398 0 0 
0 0 0 0 1 
0 0 0 0 1 
0.440578 0 0 0 0.559422 
0.55815 0 0 0.195759 0.246091 
1 0 0 0 0 
0 0 0 1 0 
0 1 0 0 0 
0 0 0 0 1 
0 1 0 0 0 
0 0 0 0 1 
0 0 0 0.566371 0.433629 
