10 25
0.419768
0.717681
0.607808
0.612868
0.481661
0.254046
0.402687
0.530986
0.684167
0.254834
8.72266 0.356388
8.1528 0.677094
7.17543 0.349418
5.64899 2.43885
5.33909 2.46075
4.31268 2.42913
3.99725 4.06188
3.99284 5.33598
3.92164 3.85276
3.5403 3.69635
3.4003 2.92958
3.27585 5.21655
3.03544 5.94265
2.96441 3.52498
2.4334 6.18458
1.77691 4.67936
1.47516 7.39371
0.92926 4.97757
0.6948 5.88329
0.53378 7.49517
0.390227 6.3185
0.28657 7.3849
0.156336 6.59444
0.0349014 10.7709
0.0298003 8.59153
0 0 0 0 0 0 0 1 0 0 
0 0 0 0 0 0 0 0 0 1 
0.240043 0 0 0 0 0.759957 0 0 0 0 
0 0 0 0 0 0 0 0 1 0 
0 0 0 0 0 0 0 0 0 1 
0 0 1 0 0 0 0 0 0 0 
0 1 0 0 0 0 0 0 0 0 
0 0 0 0 0 0 1 0 0 0 
0 0 0 0 0 0 1 0 0 0 
0 0 0 0 0 0.472803 0.527197 0 0 0 
0 0 0 0 0 0 1 0 0 0 
0.664823 0.335177 0 0 0 0 0 0 0 0 
0 0 0 0 0 0 0 1 0 0 
0 0 0 0 0 0 0 0 1 0 
0 0 0.417434 0 0 0 0.582566 0 0 0 
0 0 0 0 0 1 0 0 0 0 
0 0 0 1 0 0 0 0 0 0 
0 0 0 0 0 0 0 0 1 0 
0 0 0 0 0 0 1 0 0 0 
0 0 0 0 0 0 0 0 0 1 
0 0 0 0 1 0 0 0 0 0 
0 0 0 0 0 0.657306 0 0.342694 0 0 
0 1 0 0 0 0 0 0 0 0 
1 0 0 0 0 0 0 0 0 0 
0 0 0 0 0 0 0 0 0 1 
