10 300
0.67377
0.329108
0.257595
0.310779
0.455316
0.311472
0.615138
0.388038
0.523317
0.30384
11.4789 0.274297
11.2622 0.171165
10.6425 0.374456
10.2012 0.420282
10.1023 0.550693
10.0947 0.564993
9.97859 1.13289
9.7877 0.117032
9.63716 0.989701
9.5134 0.453189
9.50057 0.238172
9.32255 0.411087
9.31278 0.917745
9.1193 0.274217
8.9741 1.55899
8.94638 0.207007
8.79552 1.03385
8.76519 0.37592
8.74461 0.565329
8.72128 1.79951
8.67678 1.60089
8.66064 0.905759
8.5141 0.556343
8.39643 1.30195
8.37791 1.17802
8.2076 0.59522
8.16473 1.30571
8.11421 0.551599
8.06683 0.876133
8.03746 1.9858
7.96173 0.884098
7.95304 0.52578
7.79959 1.44315
7.67747 1.08075
7.63956 1.76294
7.62923 1.82473
7.59996 0.786167
7.56223 0.840142
7.56024 2.08665
7.41885 1.16102
7.33474 1.72276
7.3129 1.05224
7.25441 1.72009
7.24211 0.605667
7.12636 2.02656
7.11571 2.40249
7.10585 1.41707
6.99826 2.638
6.94463 0.722743
6.90692 0.75185
6.82871 0.57632
6.76698 2.47159
6.65976 1.20286
6.60121 0.86753
6.4131 2.18414
6.40713 3.16274
6.34264 1.01106
6.33112 1.60519
6.24118 2.94903
6.09615 1.55925
6.0643 3.20055
6.02217 1.90658
5.9536 2.0003
5.9335 1.92439
5.89655 1.41624
5.87798 3.19549
5.75793 3.38686
5.71164 3.60847
5.63785 2.12379
5.54152 2.80461
5.53803 2.63492
5.53319 1.85959
5.52369 2.11773
5.46792 2.39925
5.44905 2.61223
5.40025 1.90357
5.34716 1.66544
5.33578 2.44951
5.30885 1.98455
5.3059 3.85453
5.27376 2.5439
5.2571 2.45221
5.23662 1.80839
5.23005 2.4368
5.15075 2.42977
5.10953 1.89152
4.93714 2.67143
4.91543 4.51641
4.84602 2.39644
4.79993 2.99581
4.77712 3.85301
4.7599 3.75678
4.51891 2.66151
4.49898 3.11253
4.46047 2.02777
4.41465 3.22871
4.28474 2.60721
4.25279 2.65856
4.25252 3.15089
4.15842 4.04188
4.11038 2.31721
4.03856 3.46759
4.03322 3.45949
3.9326 4.78212
3.90818 3.42316
3.90738 3.90107
3.86473 2.41928
3.82255 3.43485
3.80072 5.11877
3.78471 3.72756
3.73196 3.08113
3.7129 3.88325
3.65245 4.51345
3.61369 2.82575
3.53507 4.37729
3.52504 4.93205
3.47498 4.52286
3.438 3.25108
3.40936 2.99268
3.37511 3.4531
3.33879 3.54931
3.32314 5.09116
3.18107 4.6015
3.16781 5.98475
3.11076 4.20365
3.03002 3.62347
3.02885 5.38148
3.01903 3.37458
3.00587 5.14086
3.00047 3.72249
2.92554 4.4414
2.89851 4.332
2.88783 4.83375
2.82931 4.01253
2.81659 5.18331
2.72644 3.97743
2.70089 3.68149
2.65429 4.29521
2.65295 3.7601
2.61608 5.04238
2.57196 4.75228
2.55583 4.89111
2.5462 5.26087
2.48034 4.73146
2.47648 5.23542
2.45676 3.99013
2.44486 4.69269
2.44398 5.27752
2.40421 5.14975
2.38565 5.07453
2.36981 6.038
2.3642 4.19048
2.35626 5.72657
2.35468 5.7938
2.34463 4.12871
2.33189 6.21121
2.29816 4.27967
2.23066 5.18018
2.21925 4.19268
2.12781 3.98558
2.09972 4.87742
2.04884 5.00909
2.04065 7.19231
2.01658 5.77257
1.93386 4.4998
1.92998 5.04583
1.92536 5.11132
1.90723 6.39136
1.85413 4.77885
1.85317 6.72078
1.84039 5.56063
1.83525 5.95213
1.77127 4.8511
1.74178 4.48989
1.74088 5.88559
1.73399 5.65777
1.71258 6.4944
1.67904 5.91901
1.62208 4.20956
1.567 6.37264
1.56459 6.95615
1.54867 5.90162
1.53225 5.49466
1.51854 5.26575
1.50343 4.99227
1.48855 4.95991
1.47092 6.73876
1.45677 5.64196
1.45446 6.11508
1.4072 4.82377
1.36262 7.80653
1.34139 7.19429
1.33162 7.43614
1.32753 5.75903
1.30598 6.70827
1.25378 7.84201
1.22863 7.0947
1.22466 5.56597
1.18736 5.20347
1.1504 6.88525
1.10885 5.13125
1.08497 6.95224
1.06252 6.907
0.962126 7.77559
0.947331 8.59249
0.891454 8.21718
0.868998 7.81686
0.81901 8.44893
0.817319 8.88947
0.793208 6.96577
0.789219 7.06286
0.773311 8.2236
0.764168 6.75132
0.736667 6.5512
0.730398 6.63463
0.707208 7.44607
0.602113 7.9331
0.599092 7.19816
0.570189 7.05312
0.539579 7.07289
0.52447 8.02868
0.507369 7.61637
0.504581 7.26635
0.501626 6.86432
0.47506 7.04321
0.451146 9.58611
0.440106 6.10099
0.429903 9.6666
0.41932 7.31375
0.41498 7.08852
0.411407 7.16203
0.406987 8.88779
0.40582 9.188
0.377021 6.09544
0.365985 6.33342
0.337949 7.27919
0.328893 7.08717
0.311945 9.07222
0.303064 9.10831
0.292188 8.49529
0.281458 8.79978
0.266255 8.91894
0.263845 7.4413
0.238576 6.24612
0.236635 10.5171
0.234416 9.4846
0.225029 8.32
0.224089 7.12368
0.207695 9.53357
0.194549 7.52037
0.193759 8.14781
0.193139 8.00371
0.192024 6.55727
0.180437 10.8903
0.180175 9.45298
0.171726 10.2711
0.17169 7.80159
0.161497 9.45473
0.157908 9.73891
0.149459 6.55756
0.148187 7.2547
0.145644 7.46837
0.132397 9.94633
0.125891 10.1651
0.123308 9.95723
0.112433 9.85888
0.111337 8.48425
0.105501 8.96424
0.0985655 6.95072
0.0981392 8.88575
0.0923503 9.87113
0.0909358 8.88579
0.0697101 8.3539
0.0663354 9.51169
0.0578678 9.75479
0.0568192 7.8995
0.0563571 10.6929
0.0463732 11.3712
0.0425507 11.4368
0.0423727 9.62747
0.0394305 10.8345
0.0377324 10.5546
0.0355806 7.08246
0.0331211 9.75825
0.0242289 8.79634
0.0228152 11.7095
0.0226584 10.6889
0.0223389 7.78652
0.0220265 10.8211
0.0192984 9.68595
0.0129452 9.27949
0.0117056 8.72542
0.0115897 7.56515
0.0108019 9.04831
0.00628416 10.1157
0.00513885 10.1476
0.00503116 8.30812
0.00362731 10.9517
0.00333749 11.2842
0.00333304 12.0879
0 0 0 0 1 0 0 0 0 0 
0 0 0 0 1 0 0 0 0 0 
0 0 0 0 0 0 0 1 0 0 
0 0 0 1 0 0 0 0 0 0 
0 0 0 0 0 1 0 0 0 0 
0 0 0 0 0 1 0 0 0 0 
0 0 0 0 0 0 1 0 0 0 
0.697431 0 0.302569 0 0 0 0 0 0 0 
0 0 0 0 0 1 0 0 0 0 
0 0 0 0 0 0 1 0 0 0 
0 0 0.512831 0 0 0.487169 0 0 0 0 
0.299456 0 0 0 0 0 0 0 0.700544 0 
0 0 0 0 0 0 0 0 1 0 
0 0 0 0 0 1 0 0 0 0 
0 1 0 0 0 0 0 0 0 0 
0 0 0 0 0 0 1 0 0 0 
0 0 0 0 0 1 0 0 0 0 
0 0 0 0 1 0 0 0 0 0 
1 0 0 0 0 0 0 0 0 0 
0 0 0 0 0 1 0 0 0 0 
0 1 0 0 0 0 0 0 0 0 
0 0 0 0 0 0 0 0 0 1 
0 0 0 0 0 0 0 1 0 0 
0 0 0 0 0 0 0 1 0 0 
0 0 0 0 0 0 0 0 1 0 
0 0 0 0 1 0 0 0 0 0 
0.296438 0 0 0 0.703562 0 0 0 0 0 
0 0 0 0 0 1 0 0 0 0 
0 0 0 0 0 0 0 0.260385 0.739615 0 
0 0 0 0 0 0 0 1 0 0 
0 1 0 0 0 0 0 0 0 0 
0 0 0 0 0 1 0 0 0 0 
0 0 0 0 1 0 0 0 0 0 
0 1 0 0 0 0 0 0 0 0 
0 0 0 0 0 0 0 0 1 0 
0 0 1 0 0 0 0 0 0 0 
0 0 0 0 0 0 1 0 0 0 
0.525428 0 0 0 0 0 0 0 0.474572 0 
0 1 0 0 0 0 0 0 0 0 
0 0 0 0 0 0 0 1 0 0 
1 0 0 0 0 0 0 0 0 0 
0 0 1 0 0 0 0 0 0 0 
0 0 0 0 1 0 0 0 0 0 
1 0 0 0 0 0 0 0 0 0 
0 0 0 0 0 0 0 0 1 0 
0 1 0 0 0 0 0 0 0 0 
0 1 0 0 0 0 0 0 0 0 
0 0 0 0 0 0 0 1 0 0 
0 0 0 0 0 0 0 1 0 0 
0 0 1 0 0 0 0 0 0 0 
0 0 0 0 1 0 0 0 0 0 
0 0 0 0 0 0 0.445939 0 0.554061 0 
0 0 0 0 0 0 1 0 0 0 
0 0 0 0 0 0 1 0 0 0 
0 1 0 0 0 0 0 0 0 0 
0 0 0 0 0 0 0 0 1 0 
0 0 0 0 0 1 0 0 0 0 
0 0 1 0 0 0 0 0 0 0 
0 0 0 0 0 0 0 0 0 1 
0 0 1 0 0 0 0 0 0 0 
0.299405 0 0 0 0 0 0.700595 0 0 0 
0 0 0 0 0 0 0 0 1 0 
0.425193 0 0 0 0 0 0 0 0.574807 0 
0 0 0 0 0 0 0 0 0 1 
0 0 0 0 1 0 0 0 0 0 
0 0 0 1 0 0 0 0 0 0 
0 0 0 0 0 0 1 0 0 0 
0 1 0 0 0 0 0 0 0 0 
0 0 0 0 1 0 0 0 0 0 
1 0 0 0 0 0 0 0 0 0 
0 1 0 0 0 0 0 0 0 0 
0 0 0 0 0 0 1 0 0 0 
1 0 0 0 0 0 0 0 0 0 
0 0 0 0 0 0 0 1 0 0 
0 0 1 0 0 0 0 0 0 0 
0 0.663609 0 0 0 0 0 0 0.336391 0 
0 0 0 1 0 0 0 0 0 0 
0 0 0 0 0 1 0 0 0 0 
0 0 1 0 0 0 0 0 0 0 
0 1 0 0 0 0 0 0 0 0 
0 0.57067 0 0 0 0 0.42933 0 0 0 
0 0 0 0 0 0 0 1 0 0 
0 0 0 1 0 0 0 0 0 0 
0 0 0 0 0 1 0 0 0 0 
0 0 0 0 0 0 1 0 0 0 
0 0 0 1 0 0 0 0 0 0 
0 0 0 0 0 1 0 0 0 0 
0 0 0 0 0 1 0 0 0 0 
0 0 0 0 0 0 0 0 0 1 
0 0 0 0 0 0 0.287035 0 0.712965 0 
0 0 0 1 0 0 0 0 0 0 
0 0 0 0 0 1 0 0 0 0 
0 1 0 0 0 0 0 0 0 0 
0 0 0 0 0 0 0 0 0 1 
0 0 0 0 0 0 1 0 0 0 
0 0 0.284355 0 0 0.523966 0.191679 0 0 0 
0 0 0 0 0 1 0 0 0 0 
0 0 0 0 0 0 0.656435 0.343565 0 0 
0 0 0 0 0 0 0 1 0 0 
0 0.546524 0 0 0 0 0 0.453476 0 0 
0 0 0 0 0.76903 0 0 0.23097 0 0 
0 1 0 0 0 0 0 0 0 0 
0.506486 0 0 0 0 0 0 0.493514 0 0 
0 0 0 0 0 0 0 0 0 1 
1 0 0 0 0 0 0 0 0 0 
0 0 1 0 0 0 0 0 0 0 
0 0.597241 0 0 0 0.402759 0 0 0 0 
0 0 0 0 0 0 0 0 0 1 
0 0 0 0 0 0 0 0 0 1 
0 0 0 0 0 0 0 1 0 0 
1 0 0 0 0 0 0 0 0 0 
0 0 0 0 0 0 0 0 0 1 
0 0 0 0 0 0 0 0 0 1 
0 0 0 0 0 1 0 0 0 0 
0 0 0 0 0 0 0.646335 0 0.353665 0 
1 0 0 0 0 0 0 0 0 0 
0 0 0 1 0 0 0 0 0 0 
0 0 0 0 0 0 0 1 0 0 
0 0 0 0 0 0 0.576155 0 0 0.423845 
0 0 0 0 1 0 0 0 0 0 
0 0 0.824158 0 0 0.175842 0 0 0 0 
0 0 1 0 0 0 0 0 0 0 
0 0 0 0 0 1 0 0 0 0 
0 0 0 0 0 0 0 1 0 0 
0 1 0 0 0 0 0 0 0 0 
0 0 1 0 0 0 0 0 0 0 
0 0 0 0 0 1 0 0 0 0 
0 0 0 0 0 0.520096 0 0 0.479904 0 
0 0.453388 0 0 0 0 0.546612 0 0 0 
1 0 0 0 0 0 0 0 0 0 
0.747737 0 0 0 0 0 0.252263 0 0 0 
0.417285 0 0 0 0 0 0 0 0.582715 0 
0 0 0 1 0 0 0 0 0 0 
0 0 0 0.313679 0 0 0 0 0 0.686321 
0 0 1 0 0 0 0 0 0 0 
0 0 1 0 0 0 0 0 0 0 
0 0 0 0 1 0 0 0 0 0 
0 0 0 0 0 0 0 0 0 1 
0 0 0 0 0 0 0 0.443421 0.556579 0 
0 0 0 0 0 0 1 0 0 0 
0 0 1 0 0 0 0 0 0 0 
0 0 0.47476 0 0 0 0 0 0 0.52524 
0.14865 0.85135 0 0 0 0 0 0 0 0 
0 1 0 0 0 0 0 0 0 0 
0 0 0 0 1 0 0 0 0 0 
0 1 0 0 0 0 0 0 0 0 
0 0 0 1 0 0 0 0 0 0 
0 0 0 0 0.419272 0 0 0 0 0.580728 
0 0 0 0 0 1 0 0 0 0 
0.613249 0 0 0 0 0 0 0 0.386751 0 
1 0 0 0 0 0 0 0 0 0 
0 0 0 1 0 0 0 0 0 0 
0 0 0 0 0 0 0 0 0 1 
0 0 0 0 0 0 1 0 0 0 
0 0 0 0 0 0 0 0 0 1 
0 0 0 0 0 0 1 0 0 0 
0 1 0 0 0 0 0 0 0 0 
0 0 0 0 0 0 0 0 1 0 
0 0 0 0 0 0 0 0 0 1 
0 0 0 0 0 0 0 0 0 1 
0 0 1 0 0 0 0 0 0 0 
0 0 0 0 1 0 0 0 0 0 
1 0 0 0 0 0 0 0 0 0 
0 0 0 0 1 0 0 0 0 0 
0 0 0 0 0 0 0 1 0 0 
0 0 0 1 0 0 0 0 0 0 
0 0 0 0 0 0 0 0 1 0 
0 0 0 1 0 0 0 0 0 0 
0 0 0 0 0 0 0 0 0 1 
0 0 0 0 1 0 0 0 0 0 
0 0 1 0 0 0 0 0 0 0 
0 0 0 0 0 0 0 0 0 1 
0.832172 0 0 0 0 0 0 0 0 0.167828 
0 0 0 0 0 0 1 0 0 0 
0 0 0 0 0 0 0 0 1 0 
0 0 0 0 1 0 0 0 0 0 
0 0 0 0 0 0 1 0 0 0 
0 0 0 0 0 0 0 0 1 0 
0 0 0 0 1 0 0 0 0 0 
0 0 1 0 0 0 0 0 0 0 
0 0 0 0 0 0 1 0 0 0 
1 0 0 0 0 0 0 0 0 0 
0 0 1 0 0 0 0 0 0 0 
0 0 1 0 0 0 0 0 0 0 
0 0 0 1 0 0 0 0 0 0 
0.844039 0 0 0 0.155961 0 0 0 0 0 
0 0 0 0 0 0 0 0 1 0 
0 0 0 0 0 0 0 0 0 1 
0 0 0 0 0 0 0 0 1 0 
0 0 0 0 0 0.43124 0 0 0 0.56876 
0 1 0 0 0 0 0 0 0 0 
0 0 0 0 0 0 0 0 0 1 
0 0.36426 0 0 0.63574 0 0 0 0 0 
0 0 0.086388 0 0 0.560158 0 0 0 0.353454 
0 0 0 0 0 0 0 0 0 1 
1 0 0 0 0 0 0 0 0 0 
0 0 0 0 1 0 0 0 0 0 
0 0.63167 0 0 0 0 0 0 0.36833 0 
0 0 0 0 1 0 0 0 0 0 
0.179121 0 0 0 0 0 0 0 0.820879 0 
0.404037 0.595963 0 0 0 0 0 0 0 0 
0 0 0 1 0 0 0 0 0 0 
0 0 0 0 0 0 0 0 1 0 
0 0 0 0 0.536156 0 0 0 0.463844 0 
0 0 0 0 0 0 0 0 0 1 
0 0 0 0 0 1 0 0 0 0 
0 0 1 0 0 0 0 0 0 0 
1 0 0 0 0 0 0 0 0 0 
0 1 0 0 0 0 0 0 0 0 
0 0 0 0 1 0 0 0 0 0 
0 0 0 1 0 0 0 0 0 0 
0 0 0 0 0 0 0 1 0 0 
0 0 0 0 0 0 1 0 0 0 
0 0 0 0 0 1 0 0 0 0 
0 0 0 0.456859 0 0 0 0 0 0.543141 
0 0 0 0 0 0 0 0 0 1 
0 0 1 0 0 0 0 0 0 0 
0 0 0 0 1 0 0 0 0 0 
0 0 0 0 0 0.737883 0.262117 0 0 0 
0 0 0 0 0 0 0 0 1 0 
1 0 0 0 0 0 0 0 0 0 
0 0 0 0 0 0 0 1 0 0 
0 0 0 0 0 0 0 1 0 0 
0 0 0 0 0 0 0 0 0 1 
0 0 0 1 0 0 0 0 0 0 
1 0 0 0 0 0 0 0 0 0 
0 0 0 0 0 0 0 0 0.294004 0.705996 
0 0 0 0 0 1 0 0 0 0 
0 0 0 0 0 0 1 0 0 0 
0 0 0 0 0 0 0 1 0 0 
0.564316 0 0 0.435684 0 0 0 0 0 0 
0 0 0 0 1 0 0 0 0 0 
1 0 0 0 0 0 0 0 0 0 
0 0 0 0 0 0 0 1 0 0 
0 0.540299 0 0 0 0 0 0.459701 0 0 
0 0 1 0 0 0 0 0 0 0 
0 0 0 0 0 0 0 0 0 1 
0 0 0 0 0 1 0 0 0 0 
0 0 0 0 0 0 0 0 1 0 
0 0 0 0 0 0 1 0 0 0 
0 0 0 0.194614 0 0 0 0 0 0.805386 
0 0 0 0 0 0.255886 0 0 0.744114 0 
0 0.546207 0 0 0.453793 0 0 0 0 0 
0 0 0 0 0 1 0 0 0 0 
0 0 0 0 1 0 0 0 0 0 
0 0.623839 0.376161 0 0 0 0 0 0 0 
1 0 0 0 0 0 0 0 0 0 
0 0 0 0 1 0 0 0 0 0 
0 0 0 0 1 0 0 0 0 0 
0 0 0 0 0 0 0 1 0 0 
0 0 0 0 0 0 0 0 1 0 
0 0 0 0 0 0 0 1 0 0 
0.286539 0 0 0 0 0 0 0 0 0.713461 
0 0 0 0 0 1 0 0 0 0 
0 0 0 0 0 0 0 0.295137 0 0.704863 
0 1 0 0 0 0 0 0 0 0 
0 0 0 0 0 0 0 0 0 1 
0 0 0 0 0 1 0 0 0 0 
0 0 0 0 1 0 0 0 0 0 
0 0 0 0 0 0.525753 0.474247 0 0 0 
0 0 0 0 1 0 0 0 0 0 
0 0 0 0 0 0.528043 0 0.471957 0 0 
0 1 0 0 0 0 0 0 0 0 
0 0 0 0 0 1 0 0 0 0 
0 0 0 0 1 0 0 0 0 0 
0 0.414018 0 0 0 0 0 0 0 0.585982 
0 0 1 0 0 0 0 0 0 0 
0 0.459683 0 0 0.540317 0 0 0 0 0 
0 1 0 0 0 0 0 0 0 0 
0 0 1 0 0 0 0 0 0 0 
1 0 0 0 0 0 0 0 0 0 
0 0 0 0 0 1 0 0 0 0 
0 0 0 1 0 0 0 0 0 0 
0 0 0 0 1 0 0 0 0 0 
0 1 0 0 0 0 0 0 0 0 
0.578112 0 0 0 0 0 0.421887 0 0 0 
0.567863 0 0 0 0 0 0.432137 0 0 0 
1 0 0 0 0 0 0 0 0 0 
0 0 0 0 0 1 0 0 0 0 
0 0 0 0 1 0 0 0 0 0 
0 0 0 0 0 0 0 0 1 0 
0 0 1 0 0 0 0 0 0 0 
0 0 0 0 1 0 0 0 0 0 
0 0 0 1 0 0 0 0 0 0 
0 1 0 0 0 0 0 0 0 0 
0 0 0 0 1 0 0 0 0 0 
0 0 0 0 0 0 0 0 0 1 
0 1 0 0 0 0 0 0 0 0 
1 0 0 0 0 0 0 0 0 0 
0 0 0 0 0 0 0 0 0 1 
0 0 0 0 0 1 0 0 0 0 
0 0 0 0 0 0 0 0 1 0 
0 0 0 0 0 0 0 0 0 1 
1 0 0 0 0 0 0 0 0 0 
0 0 0 0 0 1 0 0 0 0 
0 0 0 1 0 0 0 0 0 0 
1 0 0 0 0 0 0 0 0 0 
0 0 0 1 0 0 0 0 0 0 
1 0 0 0 0 0 0 0 0 0 
0.236122 0 0 0 0.763878 0 0 0 0 0 
