10 300
0.472234
0.294679
0.683342
0.375606
0.487468
0.398462
0.620641
0.573883
0.622788
0.511403
11.7407 0.295777
10.8867 0.530055
10.8044 0.275547
10.2788 0.673359
10.1401 0.851354
9.81805 0.920287
9.74419 0.916949
9.72313 1.02855
9.68255 0.686268
9.60186 0.268042
9.60095 0.887011
9.51815 0.957641
9.29929 1.31428
8.92228 0.429892
8.63616 0.799445
8.48454 0.924653
8.36866 1.60915
8.34736 0.57885
8.20881 0.486315
8.14282 0.709962
8.1369 1.41299
8.11799 0.096698
8.08441 1.92734
8.05163 1.63806
7.82159 0.598329
7.74678 2.43506
7.72814 0.353431
7.71617 0.416436
7.71262 0.414296
7.67001 0.799175
7.48318 0.969272
7.3411 0.843596
7.33969 0.411419
7.30443 1.31661
7.14649 1.76346
7.08011 1.64161
7.02598 1.79094
6.98484 1.55938
6.95635 1.87746
6.84595 1.74867
6.76126 1.2542
6.74923 2.08947
6.70979 1.56107
6.67981 2.66381
6.66781 2.09193
6.58765 2.17258
6.25412 2.0537
6.19316 2.68088
6.17512 1.29576
6.08427 1.73946
6.08195 2.80939
5.98542 2.52386
5.96445 1.87682
5.89612 1.11877
5.89487 2.27763
5.87363 2.11254
5.82516 2.26202
5.72362 2.13141
5.66935 3.06393
5.66165 2.49861
5.63722 1.62058
5.63459 2.14737
5.50833 3.83678
5.45826 2.20332
5.39069 2.16395
5.34789 1.79452
5.33233 3.59372
5.29799 1.98189
5.28914 2.18657
5.24988 2.86099
5.24452 3.46256
5.21216 2.32802
5.14611 2.26907
5.09576 2.77776
5.08055 3.20541
5.03757 2.93514
4.97633 2.0925
4.95931 2.12289
4.94304 2.55088
4.9349 2.22603
4.93205 4.29467
4.86826 2.10123
4.8561 2.22138
4.82455 2.08886
4.69324 2.76668
4.68352 2.18855
4.54486 2.36689
4.51839 3.04747
4.47115 2.06502
4.4442 2.70429
4.43084 3.35952
4.39665 4.22096
4.33731 2.99566
4.28933 3.29378
4.27479 2.90522
4.22305 4.34139
4.2196 4.84048
4.11402 2.64181
3.99605 4.04211
3.93106 3.18769
3.90424 5.40376
3.76706 3.30225
3.74743 3.33555
3.72761 3.97072
3.71978 3.35565
3.69863 4.00053
3.68192 3.38133
3.5354 4.23699
3.47918 3.43005
3.44202 3.31059
3.40783 4.58778
3.27968 4.02519
3.26346 4.3272
3.23829 4.52674
3.22261 5.44582
3.22163 3.82137
3.19169 4.10953
3.17764 4.16115
3.14476 3.57307
3.11237 4.13914
3.04697 4.25687
3.0211 4.82798
3.00787 4.30317
2.99996 4.54425
2.96674 4.10569
2.95119 4.64072
2.94271 3.05469
2.88016 3.53039
2.85922 4.23919
2.83603 5.31442
2.82938 4.51372
2.82131 4.42661
2.81972 4.30009
2.79467 5.2377
2.74583 3.39791
2.69202 4.53337
2.65321 4.79525
2.64283 4.70659
2.61904 4.65806
2.61596 4.57521
2.54389 5.49558
2.52538 4.29962
2.49126 5.31227
2.45875 5.96119
2.43405 6.42817
2.42056 4.26188
2.35277 5.22287
2.32795 3.80633
2.29415 4.67632
2.28674 6.2669
2.24462 4.86519
2.179 6.90604
2.17883 6.06799
2.10848 4.7218
2.09609 5.89618
2.08059 6.62085
2.07442 6.35555
2.00619 5.15287
1.90681 5.57929
1.89685 7.07316
1.86558 5.74489
1.83409 5.45124
1.82936 4.56906
1.82649 5.75965
1.82184 6.14763
1.80555 6.13442
1.78366 6.03869
1.7208 5.82841
1.70212 7.1357
1.69806 6.28264
1.68929 7.87036
1.59462 5.43282
1.56909 6.21905
1.56314 6.30045
1.49538 5.66566
1.4872 7.39923
1.47207 5.81532
1.4513 4.6479
1.38449 6.00004
1.37309 5.24913
1.37105 6.15112
1.37094 6.50362
1.32093 6.65907
1.28689 6.60766
1.28407 7.30052
1.27138 7.87072
1.27127 6.09217
1.24801 6.0911
1.23665 7.23908
1.21704 7.45944
1.16816 7.27811
1.14122 6.66208
1.11463 7.50644
1.07639 7.40002
1.05495 4.8296
1.03037 5.48901
0.979285 8.87572
0.978358 7.41941
0.958473 6.02203
0.930258 8.30395
0.872623 5.55733
0.869681 7.13047
0.864371 6.34587
0.841365 8.18762
0.821829 5.91734
0.803394 5.61966
0.774137 5.58751
0.731488 8.22981
0.705648 8.99106
0.695209 8.55666
0.687463 6.08145
0.664632 9.14936
0.642161 5.95076
0.610498 6.4701
0.593708 6.46661
0.59244 8.88276
0.588867 8.44993
0.585301 9.4948
0.580647 8.68168
0.571463 9.08839
0.562712 7.87489
0.539155 7.35802
0.52625 7.52869
0.493464 8.62347
0.465036 6.68257
0.458892 8.33241
0.457738 7.39307
0.436044 7.43207
0.418139 9.53554
0.417113 7.17756
0.41579 7.79985
0.405955 6.40275
0.403338 9.44721
0.391073 7.35543
0.385404 6.65619
0.373324 8.10554
0.36846 7.88197
0.358094 6.4647
0.357378 9.16987
0.353708 7.2357
0.322517 9.24073
0.321911 9.01406
0.310893 10.1272
0.310774 8.82762
0.306003 9.47227
0.289097 8.21425
0.278427 9.541
0.277163 9.23319
0.273718 8.04434
0.266558 6.4541
0.264134 8.05239
0.248131 6.75672
0.239286 8.24715
0.180264 6.62218
0.161553 8.63464
0.16098 10.6471
0.157955 9.53617
0.155671 10.9035
0.154855 7.70073
0.152945 10.5638
0.150139 8.36825
0.147613 8.21046
0.131115 10.7632
0.128451 7.48377
0.126646 6.85724
0.124478 8.48945
0.122306 8.42687
0.121189 7.88891
0.119974 7.21002
0.114987 9.0997
0.109135 8.67655
0.104427 7.93867
0.0952478 7.40802
0.0925801 11.378
0.0904294 7.21252
0.089917 10.5333
0.0794314 9.12733
0.0738491 9.52388
0.0634488 7.83357
0.0623798 8.57578
0.0510218 9.80938
0.0475004 9.86268
0.0463972 7.25168
0.0381348 7.23892
0.0322713 11.1384
0.0290997 8.38471
0.0286959 8.0279
0.0275241 7.49345
0.0272237 10.449
0.0223638 11.44
0.016833 7.68042
0.0113419 11.1925
0.0099411 11.5029
0.00788192 7.29563
0.00713634 7.64529
0.00569482 11.6955
0.00369657 12.0835
0.00359779 10.1813
0.00162578 11.0281
0.00151747 9.40218
0 0 1 0 0 0 0 0 0 0 
0 0 0 0 0 0 1 0 0 0 
0 0 0 0 0 0 0 0 0 1 
0 0 0 0 0 1 0 0 0 0 
0 0 0 0 0 0 0 0 1 0 
0 0 0 0 0 0 0 0 1 0 
0 0 0 0 0 0 0.900604 0 0 0.0993958 
0 0 0 0 0 0 0 1 0 0 
0 0 0 0 1 0 0 0 0 0 
0 0 0 0 0 1 0 0 0 0 
1 0 0 0 0 0 0 0 0 0 
0 1 0 0 0 0 0 0 0 0 
0 1 0 0 0 0 0 0 0 0 
0 0 1 0 0 0 0 0 0 0 
0 0 0 0 0 0 0 0 0 1 
0 1 0 0 0 0 0 0 0 0 
1 0 0 0 0 0 0 0 0 0 
0 0 0.846446 0 0 0 0 0 0.153554 0 
0 0 0 1 0 0 0 0 0 0 
1 0 0 0 0 0 0 0 0 0 
0 1 0 0 0 0 0 0 0 0 
0 0 0 0 0 0 1 0 0 0 
0 0 0 0 0 0 0 0 1 0 
0 0 0 0 0 0 0.698071 0 0.301929 0 
0 0 0 1 0 0 0 0 0 0 
0 0 0 0 0 0 0 1 0 0 
0 0 0 0 0 0 0 0 1 0 
0 0 0 0 0.149138 0.850862 0 0 0 0 
0 0 0 0 0 0 0 1 0 0 
0 0 0 0 0 0 1 0 0 0 
1 0 0 0 0 0 0 0 0 0 
0 0 0 0 0 0 0 0 1 0 
0 0 0 0 0 0.658849 0 0.341151 0 0 
0.404696 0 0.595304 0 0 0 0 0 0 0 
0 1 0 0 0 0 0 0 0 0 
0 1 0 0 0 0 0 0 0 0 
0 0 1 0 0 0 0 0 0 0 
1 0 0 0 0 0 0 0 0 0 
0 1 0 0 0 0 0 0 0 0 
0 0 0 0 0.661511 0.338489 0 0 0 0 
0 0 0 0 0 0 0 0 0 1 
0 0 0 0 0 0 0 0 0 1 
0 1 0 0 0 0 0 0 0 0 
0 0 0 0 0 0 1 0 0 0 
0 0 0 1 0 0 0 0 0 0 
0 0 0 0 0 0.496803 0 0 0.503197 0 
1 0 0 0 0 0 0 0 0 0 
0 0 0 0 0 0.530999 0 0.469001 0 0 
0 1 0 0 0 0 0 0 0 0 
0 0 0 0 0 1 0 0 0 0 
1 0 0 0 0 0 0 0 0 0 
0 0 0 0 0 0 1 0 0 0 
0 0 0 0 1 0 0 0 0 0 
0 0 0.246607 0 0.753393 0 0 0 0 0 
0 0 0 0 1 0 0 0 0 0 
1 0 0 0 0 0 0 0 0 0 
0 0.104545 0 0 0 0 0 0 0.895455 0 
0 1 0 0 0 0 0 0 0 0 
0 0 0 0 0 1 0 0 0 0 
0 1 0 0 0 0 0 0 0 0 
1 0 0 0 0 0 0 0 0 0 
0 0 0 1 0 0 0 0 0 0 
0 1 0 0 0 0 0 0 0 0 
0 0.401269 0 0 0 0 0 0 0.598731 0 
0 0 0 0 0 0 1 0 0 0 
0 0 0 0 0 0 1 0 0 0 
0 1 0 0 0 0 0 0 0 0 
0.397875 0 0 0 0 0 0 0 0.602126 0 
0 0 0 0 0 0 0 0 0 1 
0 0.73722 0 0.26278 0 0 0 0 0 0 
0 0 0 0 0 1 0 0 0 0 
0 0.180188 0.324908 0 0 0 0.494903 0 0 0 
0 0 1 0 0 0 0 0 0 0 
0 0 0 0 0 0 0 0 0 1 
0 0 0 0 0 1 0 0 0 0 
0 0 0 0 0 0 1 0 0 0 
0 0 0 0 0 0 0 1 0 0 
0 0 0 0 0 0 0 0 1 0 
0 0 0 0 0 0 0 0 1 0 
0.640335 0.359665 0 0 0 0 0 0 0 0 
0 0.375847 0 0 0 0 0.272394 0.351759 0 0 
0 0 1 0 0 0 0 0 0 0 
0 0 0 0 0 0 0 0 0 1 
0 0 0 0 0 0 0 0 0 1 
0 0 0 0 0 0 0 0.792794 0 0.207206 
0 0.341506 0 0.466773 0 0 0 0 0 0.191721 
0 0 0 1 0 0 0 0 0 0 
1 0 0 0 0 0 0 0 0 0 
0 0 0 0 0 0 1 0 0 0 
0 0 0.742656 0 0.257344 0 0 0 0 0 
0 0 0 0 0 0 0 0 0 1 
0 0 0 0 0 0 0 0 1 0 
1 0 0 0 0 0 0 0 0 0 
0 0 0 0 0 1 0 0 0 0 
0 0 0 0 1 0 0 0 0 0 
0 0 0 1 0 0 0 0 0 0 
0 0 1 0 0 0 0 0 0 0 
0 0 0 0 0 0 0 0 0 1 
0 0 0 0 0 0 0.47855 0 0 0.52145 
0 0 0 0 0 0 0 0 0 1 
0 0 0 0 0 0 0 0 0 1 
0 0 1 0 0 0 0 0 0 0 
0 0 0 0 0 0 0 0 0 1 
0 0 0 0 0 0 0 0 0 1 
0 0 0.329143 0.670857 0 0 0 0 0 0 
0 0 0 0 0 0 0 1 0 0 
0 0 0 0 1 0 0 0 0 0 
0 0.50481 0 0 0 0 0 0 0 0.49519 
0.568443 0 0 0.431557 0 0 0 0 0 0 
0 0 0 1 0 0 0 0 0 0 
1 0 0 0 0 0 0 0 0 0 
0 0 0 1 0 0 0 0 0 0 
0 0 0 1 0 0 0 0 0 0 
0 0 0 0 1 0 0 0 0 0 
0 1 0 0 0 0 0 0 0 0 
1 0 0 0 0 0 0 0 0 0 
0 0 0 0 0 1 0 0 0 0 
0 0 0 0 1 0 0 0 0 0 
0 0.664177 0 0 0 0.335823 0 0 0 0 
1 0 0 0 0 0 0 0 0 0 
0 0 0 0 0 0 0 1 0 0 
0.400303 0 0 0 0 0 0.599697 0 0 0 
0 0 0 0 1 0 0 0 0 0 
0 0 0 0 0 0 0 0 1 0 
0 0 0 1 0 0 0 0 0 0 
0 0 0 0.531716 0.468284 0 0 0 0 0 
0 0 0 0 0 0 0 0 0 1 
0 0 0.593698 0 0 0 0.406302 0 0 0 
0.273306 0 0 0 0 0 0 0 0 0.726694 
0 0 0 0 0 1 0 0 0 0 
0 0 0 0 0 1 0 0 0 0 
0 0 1 0 0 0 0 0 0 0 
0 0 0 0 0 0 0 0 1 0 
0 0 0 0 0 1 0 0 0 0 
1 0 0 0 0 0 0 0 0 0 
0 0 1 0 0 0 0 0 0 0 
0 0 0 0 1 0 0 0 0 0 
0 1 0 0 0 0 0 0 0 0 
0 0 1 0 0 0 0 0 0 0 
0 0 0 0 0 1 0 0 0 0 
1 0 0 0 0 0 0 0 0 0 
0.144719 0 0 0 0 0 0 0 0 0.855282 
0 0 0 0 0 0 0 1 0 0 
0 0 1 0 0 0 0 0 0 0 
0 0 0 0 0 0 0 0 1 0 
0 0 0 0 0 0 0 0 0 1 
0 0 0 0 1 0 0 0 0 0 
0 0 0 0 1 0 0 0 0 0 
0 0 0 0 0 0 0 1 0 0 
0 0 0 0 0 0 0 1 0 0 
0 0 0 0 0 0 1 0 0 0 
0 0 0 0 0 0.733265 0.266735 0 0 0 
0 0 0 1 0 0 0 0 0 0 
0 0 0 0 0 0 0 0 0 1 
0 0 0 0 0 0 1 0 0 0 
0 0 0.45108 0 0 0 0 0 0.54892 0 
0 0 0 0 1 0 0 0 0 0 
0 0 0 0 0 0 0 0.214322 0 0.785678 
1 0 0 0 0 0 0 0 0 0 
0 0 0 0 0 0 0 0 0 1 
0 0 0 0 0 0 0 0 0.609665 0.390335 
0 0 1 0 0 0 0 0 0 0 
1 0 0 0 0 0 0 0 0 0 
0 0 0 0 0 1 0 0 0 0 
0 0 0 0 0 0 0 1 0 0 
0 0 0.692756 0 0 0 0 0.307244 0 0 
0 0 0 1 0 0 0 0 0 0 
0 0 0 0 1 0 0 0 0 0 
0 1 0 0 0 0 0 0 0 0 
0 0 0 0.806854 0 0 0 0.193146 0 0 
0 0 0 0 0 0 0 1 0 0 
0 0 0 0 0 1 0 0 0 0 
0 0 0 0 0 0 0 0 0.267335 0.732665 
0 0 0 1 0 0 0 0 0 0 
0 0 0 1 0 0 0 0 0 0 
0 0 0 0 0 0 0 0 1 0 
0 0 1 0 0 0 0 0 0 0 
0 0 0 0 0 1 0 0 0 0 
0 0 0 0 0 0 0 0 1 0 
0 0 1 0 0 0 0 0 0 0 
0 0 0 0 1 0 0 0 0 0 
0 0 0 0 0 0 0 0 0 1 
0 0 0 1 0 0 0 0 0 0 
0 0 0 0 0 1 0 0 0 0 
0 0 0 0 0 0.360092 0 0 0.639908 0 
0 0 1 0 0 0 0 0 0 0 
0 0 0 0 0 1 0 0 0 0 
0 0 0 0 0 0 0 0 1 0 
0.372618 0 0 0 0.627382 0 0 0 0 0 
0 0 0 0 1 0 0 0 0 0 
0 0 0 0 0 1 0 0 0 0 
0 0 0 0 0.443058 0 0.556942 0 0 0 
0 0 0 0 0.272058 0 0.727942 0 0 0 
0 0 1 0 0 0 0 0 0 0 
0 0 0 1 0 0 0 0 0 0 
0 0 0 0 0 0 0 0 0 1 
0 0 0 0 0 1 0 0 0 0 
0 0 0 0 0 0 1 0 0 0 
0 0 0 0 1 0 0 0 0 0 
0 0 0 1 0 0 0 0 0 0 
0 1 0 0 0 0 0 0 0 0 
0 0 0 0 0 0 0 0 1 0 
0 0 1 0 0 0 0 0 0 0 
0.323268 0 0 0 0 0 0 0.676732 0 0 
0 0 0 0 0 0 0 0 1 0 
0 0 0 0 0 0 1 0 0 0 
0 0 0 0 0 0 0 0 1 0 
0 0 0 1 0 0 0 0 0 0 
0 0 0 0 1 0 0 0 0 0 
0 0 0 0 0 0 0 1 0 0 
0 0 1 0 0 0 0 0 0 0 
0 0 0 0 0 0 1 0 0 0 
0 0 0.293056 0 0 0 0 0.706944 0 0 
0 0 0 0 0 0 1 0 0 0 
0 0 0 0 0 1 0 0 0 0 
0 0 0 0 1 0 0 0 0 0 
0 0 0 0 0 1 0 0 0 0 
0 0 0 1 0 0 0 0 0 0 
0 0 0 0 0 0 0 0 0 1 
0 1 0 0 0 0 0 0 0 0 
0 0 0.417568 0 0 0 0 0 0 0.582432 
0 0 0 1 0 0 0 0 0 0 
0 0.720801 0 0 0 0.279199 0 0 0 0 
0 1 0 0 0 0 0 0 0 0 
0 0 0 1 0 0 0 0 0 0 
0 0 0 0 1 0 0 0 0 0 
0 0 0 0 0 0 1 0 0 0 
0 0 0 0.412103 0 0.587897 0 0 0 0 
0 0 0 1 0 0 0 0 0 0 
0 0 0 0 0 1 0 0 0 0 
0 0 0 0 0.305252 0 0 0 0 0.694748 
0 0 0 0 0 0 1 0 0 0 
0 0 1 0 0 0 0 0 0 0 
0 0 0 1 0 0 0 0 0 0 
0 0 0 1 0 0 0 0 0 0 
1 0 0 0 0 0 0 0 0 0 
0 0 0 1 0 0 0 0 0 0 
0 1 0 0 0 0 0 0 0 0 
0.314519 0 0 0 0 0 0 0 0.685481 0 
0 1 0 0 0 0 0 0 0 0 
0 0 1 0 0 0 0 0 0 0 
0 0 0 0 0 0 0 0 0 1 
0 0 0 0 0 0 0.300332 0.699668 0 0 
0 0 0 1 0 0 0 0 0 0 
0 0 1 0 0 0 0 0 0 0 
1 0 0 0 0 0 0 0 0 0 
0 0 0 0 0 0 0.196424 0.406383 0.397193 0 
0 0 0 0 0 0 1 0 0 0 
0 0 0 0 0 0 1 0 0 0 
0 0 1 0 0 0 0 0 0 0 
0 0 0 0 0 1 0 0 0 0 
0 0 0 1 0 0 0 0 0 0 
0 0 0 0 0 0 0.5256 0.4744 0 0 
0 0 0 1 0 0 0 0 0 0 
0 0 0 0 0 0 0 0 1 0 
1 0 0 0 0 0 0 0 0 0 
0 1 0 0 0 0 0 0 0 0 
0 1 0 0 0 0 0 0 0 0 
0 0 0.436164 0 0 0 0 0.563836 0 0 
1 0 0 0 0 0 0 0 0 0 
0 0 1 0 0 0 0 0 0 0 
0 0 0 0 0 0 1 0 0 0 
0 0 0 0 0 0 0 1 0 0 
0 1 0 0 0 0 0 0 0 0 
0 0 0 1 0 0 0 0 0 0 
0 0 0 0 1 0 0 0 0 0 
0 0 0 0 0 0 1 0 0 0 
0 0 0 0 0 0 0 1 0 0 
0 0 1 0 0 0 0 0 0 0 
0 0 0 0.748862 0 0 0 0 0 0.251138 
0 0 0 0 0 0 1 0 0 0 
0 0 0 0.496692 0 0 0.503308 0 0 0 
1 0 0 0 0 0 0 0 0 0 
0 0.423789 0 0 0 0 0 0.576211 0 0 
0 0 0 0 0 0 0 0 1 0 
0 0 0 0 0.53623 0 0 0.46377 0 0 
0 0 0 0 0 0 0 0 1 0 
0 0 1 0 0 0 0 0 0 0 
0 0 0 0 0 0 0 1 0 0 
0 0 0 0 0 0 0 0 0 1 
0 0 0 0 0 0 0 1 0 0 
0 0 0 0 0 0 0 0 0 1 
0 1 0 0 0 0 0 0 0 0 
0 0 0 0 0 0 1 0 0 0 
0 0 0 0 0 0 0 0 1 0 
0 0 0 0 0 0 1 0 0 0 
0 0 0 0 0 1 0 0 0 0 
0 0 0 1 0 0 0 0 0 0 
0 0 0 0 1 0 0 0 0 0 
0 0 0 0 0 0 0 0 1 0 
0 0 0 0 0 0 0 0 1 0 
0 0 0 0 1 0 0 0 0 0 
0 1 0 0 0 0 0 0 0 0 
0 0 1 0 0 0 0 0 0 0 
1 0 0 0 0 0 0 0 0 0 
0 0 0 0 0 0 0 0 0 1 
0 0 0 0 0 0 1 0 0 0 
0 0 1 0 0 0 0 0 0 0 
0 0 0 0 0 0 1 0 0 0 
0 0 1 0 0 0 0 0 0 0 
