10 150
0.378913
0.720946
0.301896
0.568324
0.5451
0.284994
0.614948
0.506942
0.406453
0.437779
12.0588 0.103541
11.0623 0.454213
10.054 0.620853
9.64661 0.595486
9.60661 0.340278
9.36573 0.967201
8.96798 1.62073
8.70785 0.550907
8.3038 1.29269
8.0152 0.914957
7.88092 0.535443
7.7933 1.61454
7.58005 0.99147
7.52756 0.723215
7.35461 0.099573
7.32195 0.395629
7.31562 2.38418
7.06449 1.56924
7.05324 2.09179
6.93161 0.516954
6.77719 2.97328
6.73017 2.00166
6.45083 2.02298
6.41397 1.52777
6.33943 2.4669
6.08648 2.69163
6.02699 0.951698
6.01452 2.6068
5.90747 1.87763
5.8664 2.84515
5.77318 1.91524
5.7027 2.72679
5.63856 3.5039
5.51907 3.42134
5.43598 2.01684
5.33869 1.56557
5.30404 2.08315
5.30202 2.74427
5.28103 2.70396
5.23326 3.88879
5.19055 2.93472
5.01049 3.05202
4.85723 1.76916
4.84922 2.78422
4.74473 4.09013
4.73 3.06547
4.6892 2.73803
4.67407 3.25375
4.54388 3.26036
4.38986 3.19183
4.03683 4.23051
3.97521 2.87704
3.97429 3.77066
3.95048 3.72999
3.86011 2.60701
3.80467 3.3826
3.79082 3.84228
3.74309 3.41276
3.49594 3.93727
3.38185 3.53542
3.25142 3.51261
3.14544 5.00007
3.12193 3.59544
2.95077 4.68445
2.81146 4.49313
2.79958 4.17486
2.73536 4.51437
2.72165 4.84131
2.6473 3.96451
2.57587 5.2622
2.57024 4.65362
2.56348 4.14538
2.46656 5.2341
2.37802 6.12475
2.34943 5.27203
2.34487 4.83127
2.19741 3.82095
2.14483 5.37304
2.14396 4.58268
2.11361 6.56663
2.0773 5.43569
2.0643 4.2863
2.0619 5.78265
2.05498 7.2438
2.05184 5.40319
2.02938 4.79878
2.02829 6.24031
1.98202 5.76519
1.88677 6.25008
1.79879 4.13967
1.76491 7.04492
1.73653 6.54572
1.73023 6.68928
1.71277 7.16371
1.71022 7.5952
1.65078 5.04836
1.63611 7.71462
1.56889 5.03683
1.56236 6.94333
1.47501 7.27588
1.37831 7.4709
1.36784 7.29185
1.30091 6.99186
1.26425 7.785
1.24658 5.81054
1.20932 6.75221
1.11365 7.39921
1.02431 5.89785
1.01157 7.54442
0.931223 8.11846
0.915509 5.67761
0.813446 8.3113
0.801965 6.29708
0.787554 6.02519
0.784535 7.20636
0.738566 8.26219
0.72329 7.3223
0.6956 5.39666
0.683273 8.20468
0.631342 8.32527
0.611742 8.28131
0.566799 8.62572
0.551459 7.92987
0.542232 8.0813
0.49792 8.77109
0.482399 6.00209
0.443695 10.0519
0.436337 9.2459
0.428599 7.05631
0.330891 8.90945
0.301005 7.62194
0.260975 10.2563
0.215719 7.36768
0.187999 8.65375
0.178061 7.05001
0.140036 10.7181
0.0719844 8.0167
0.059285 9.08363
0.0488158 7.22065
0.038477 8.48767
0.0378678 8.37392
0.0367665 7.28003
0.0356842 7.06763
0.0328713 9.38665
0.0315025 11.1817
0.0299337 7.57492
0.0192751 11.073
0.019065 8.60444
0.012445 7.4308
0.00302593 11.8005
0 0 0 0 0 1 0 0 0 0 
0 0 0 0 0 1 0 0 0 0 
0 0.172906 0 0 0 0 0 0 0.237149 0.589944 
0 0 0 0 0 0 1 0 0 0 
1 0 0 0 0 0 0 0 0 0 
0 0.843125 0 0 0 0 0 0 0.156875 0 
0 0 0 0 1 0 0 0 0 0 
0 0 1 0 0 0 0 0 0 0 
0.196925 0 0 0 0 0.803075 0 0 0 0 
0 0 0 0 0 0 1 0 0 0 
0 1 0 0 0 0 0 0 0 0 
0 0.630924 0 0 0 0 0 0.369076 0 0 
0 0 0 0 1 0 0 0 0 0 
0 0 0 0 0 1 0 0 0 0 
0 0 0 0 0 0 1 0 0 0 
0 0 0 0 0 1 0 0 0 0 
0.190899 0 0 0 0 0 0 0.809101 0 0 
0 0 0.14801 0 0.85199 0 0 0 0 0 
0 0 0 0 1 0 0 0 0 0 
0 0 1 0 0 0 0 0 0 0 
0 0.338878 0 0 0.661122 0 0 0 0 0 
0 0 1 0 0 0 0 0 0 0 
0 0 0 0 0 0 1 0 0 0 
0 0 0 1 0 0 0 0 0 0 
0 0 0 0 1 0 0 0 0 0 
0 1 0 0 0 0 0 0 0 0 
0 0 0 0 0 0 0.522717 0 0.477283 0 
0 0 0 0 0 0 0 0 1 0 
0 0 0 1 0 0 0 0 0 0 
0.207364 0 0 0 0 0 0 0 0.792636 0 
0 0 0 1 0 0 0 0 0 0 
0 0 0 0.816038 0 0 0.183962 0 0 0 
0 0 0 0 0 0 1 0 0 0 
0 0 1 0 0 0 0 0 0 0 
0 0 0 0 0 0 0 0 0 1 
0 0 0 0 0 1 0 0 0 0 
0 0 0 0 0 0 0 0 1 0 
0 0 0 0 0 0 1 0 0 0 
0 0.888781 0.111219 0 0 0 0 0 0 0 
0 1 0 0 0 0 0 0 0 0 
1 0 0 0 0 0 0 0 0 0 
0 0 0 1 0 0 0 0 0 0 
0 0 1 0 0 0 0 0 0 0 
0 0 0 0 0 0 0 1 0 0 
0 0 0 0 0 0 0 1 0 0 
0 0 0 0 0 0 0 1 0 0 
0 0 0 1 0 0 0 0 0 0 
0 0 0 0 1 0 0 0 0 0 
0 0 0 0 0 0 0 0 0 1 
1 0 0 0 0 0 0 0 0 0 
0 1 0 0 0 0 0 0 0 0 
0 0 0 0 0.34652 0 0 0 0.65348 0 
0 0 0 1 0 0 0 0 0 0 
0 0 0 1 0 0 0 0 0 0 
0 0 0 0 0 1 0 0 0 0 
0 0 1 0 0 0 0 0 0 0 
0 0 0 0 0 0 0 0 1 0 
0 0 1 0 0 0 0 0 0 0 
0 0 0 0 0 0 0 0 1 0 
0 0 0 0 0 0 0 1 0 0 
0 0 0 0 0 0 0 1 0 0 
0 0 0 0 0 0 1 0 0 0 
0 0 0 0 0 0 0.638315 0 0.361685 0 
1 0 0 0 0 0 0 0 0 0 
0 0 0 0 0 0 0 0 1 0 
0 0 0 0 1 0 0 0 0 0 
0 0 0 0 0 0 0 1 0 0 
0 0 0 0 0 0 0 0 0 1 
0 0 0 0 0 0 0 0 0 1 
0 0 0 0 0 1 0 0 0 0 
0 0 0.518006 0 0 0 0 0 0.481994 0 
0 1 0 0 0 0 0 0 0 0 
0 0 0 1 0 0 0 0 0 0 
0 0 0 0 0.689427 0 0 0.310573 0 0 
0 0 0.464023 0.535977 0 0 0 0 0 0 
0.439056 0 0 0 0 0 0 0.560944 0 0 
1 0 0 0 0 0 0 0 0 0 
0 0 1 0 0 0 0 0 0 0 
0 0 0 0 0 0 1 0 0 0 
0 0 0 1 0 0 0 0 0 0 
0 0 0 0 1 0 0 0 0 0 
0 0 0 0 0 1 0 0 0 0 
0 0 1 0 0 0 0 0 0 0 
0 0.223925 0.776075 0 0 0 0 0 0 0 
0 0 0 0 0 0 0 0 0 1 
0 0 0 0 0 0 1 0 0 0 
0 0 0 0 1 0 0 0 0 0 
0 0 0 0 1 0 0 0 0 0 
0 1 0 0 0 0 0 0 0 0 
0 0 0 0 0 0 0 0 0 1 
0 0 0 0 0 0 0 1 0 0 
0 0 0 0 0 0 0 1 0 0 
0 0 1 0 0 0 0 0 0 0 
0 0 0 0 0 1 0 0 0 0 
0 0 1 0 0 0 0 0 0 0 
0 0 0 0 1 0 0 0 0 0 
0 0 0 0 0 0 0 1 0 0 
0 0 0 0 0 0 0 1 0 0 
0 0 0 0 0 1 0 0 0 0 
0 1 0 0 0 0 0 0 0 0 
0 0 0 0 0 1 0 0 0 0 
0 0 1 0 0 0 0 0 0 0 
0 0 0 0 0 1 0 0 0 0 
0 0 0 0 0 0 0 0 1 0 
0 0 0 0 0 0 0 0 0 1 
0 0 0 1 0 0 0 0 0 0 
0 0 0 0 0 0 1 0 0 0 
0 0 0 0 1 0 0 0 0 0 
1 0 0 0 0 0 0 0 0 0 
0 0 0 0 0 0 0 1 0 0 
0 0 0 0 0 0 0 0 0 1 
0 0 0 0 0 0 0 0 1 0 
0 0 0 1 0 0 0 0 0 0 
0 0 0 0 0 0 0 1 0 0 
0 0 0 0 0 0.526125 0.473875 0 0 0 
0 0 0 0 1 0 0 0 0 0 
0 0 0 0 0 0 1 0 0 0 
0 0 1 0 0 0 0 0 0 0 
0 0 0 0 1 0 0 0 0 0 
1 0 0 0 0 0 0 0 0 0 
0 0 0 0 0 0 0 0 0.359481 0.640519 
1 0 0 0 0 0 0 0 0 0 
0 0 0 0 1 0 0 0 0 0 
0 0 0 0.369692 0 0 0 0 0 0.630308 
0 0 0 0 0 1 0 0 0 0 
0 0 0 0 0 0 0 1 0 0 
0 0 0 0.810233 0 0 0.189767 0 0 0 
0 1 0 0 0 0 0 0 0 0 
0 0 1 0 0 0 0 0 0 0 
0 0 0 0 0 1 0 0 0 0 
0 0 0 0 0.355083 0 0 0.644917 0 0 
0 0 0 0 0 0 0 0 0 1 
0 0 0 0 0.441784 0 0.558216 0 0 0 
0 0 0 0 0 0 0 1 0 0 
0 1 0 0 0 0 0 0 0 0 
0 0 0 0 0 1 0 0 0 0 
0 0 1 0 0 0 0 0 0 0 
0 0 0 0 1 0 0 0 0 0 
0 1 0 0 0 0 0 0 0 0 
0 0 1 0 0 0 0 0 0 0 
0 0 0 0 0 0 0 0 0 1 
1 0 0 0 0 0 0 0 0 0 
0 0 0 0 0 1 0 0 0 0 
0 0 0 0 0 0 0 0.390098 0.105082 0.504819 
0 1 0 0 0 0 0 0 0 0 
0 0.0643862 0.440104 0 0 0.49551 0 0 0 0 
0 0 0 0 0 0.698957 0 0 0 0.301043 
0 0 1 0 0 0 0 0 0 0 
0 0 0 0 0 0 1 0 0 0 
0 0 0 1 0 0 0 0 0 0 
