10 100
0.620703
0.643136
0.32969
0.612716
0.262396
0.65603
0.486183
0.278681
0.584707
0.268438
10.1723 0.742354
9.79855 0.951702
9.65794 0.397759
9.57016 0.607078
9.54516 0.930276
9.4845 1.27603
8.94665 1.30266
8.40664 1.29078
8.39122 0.296309
7.94863 0.396068
7.77527 0.740968
7.64036 1.67361
7.39537 0.798773
7.21969 1.01497
7.10452 2.29597
6.80508 2.04961
6.34649 1.15684
6.10035 2.60937
5.92755 1.32268
5.53242 2.32288
5.24605 2.98097
4.57319 2.26759
4.53427 3.61455
4.34056 4.60361
4.28884 3.00298
4.11618 2.87522
3.96222 4.23549
3.64022 2.37761
3.53634 3.68195
3.45214 4.7407
3.40055 4.79303
3.27877 4.50641
3.23801 4.57671
3.10162 3.41159
2.96127 3.97884
2.94443 5.50557
2.74651 5.34664
2.73988 4.07132
2.70088 3.57674
2.63151 3.9944
2.61516 4.95561
2.61393 5.55928
2.39479 5.67987
2.2865 4.62123
2.08059 4.1714
2.05431 5.36062
1.88564 5.83803
1.71517 6.75522
1.68814 5.13937
1.64659 5.58528
1.64487 5.80581
1.51541 6.51149
1.49467 6.39002
1.44753 5.34467
1.44193 5.31226
1.39104 6.12233
1.38898 4.91515
1.35553 4.6455
1.18979 6.65585
1.05222 7.76975
0.922353 5.59346
0.897221 5.15523
0.787802 5.45774
0.713614 6.07421
0.604445 7.50124
0.553663 6.23168
0.550514 7.4319
0.512547 7.12331
0.493266 8.59611
0.472866 8.70755
0.428664 7.54634
0.382165 8.1424
0.359023 6.95907
0.327836 7.17138
0.317666 7.37002
0.300577 8.09195
0.284157 7.2962
0.281995 7.45477
0.272396 7.81956
0.244482 7.39683
0.18301 9.68522
0.145179 7.22276
0.126802 10.9023
0.10889 10.4968
0.107402 8.2826
0.104528 10.5221
0.0959422 8.2567
0.095715 11.1535
0.0910388 9.96752
0.090314 7.50735
0.0447233 7.89527
0.0391992 8.15034
0.0388386 10.5842
0.036047 10.8
0.0335815 7.72447
0.0265575 9.46541
0.0210494 8.33471
0.0117377 10.8745
0.00820656 11.6292
0.0020078 7.49509
0 0 0 1 0 0 0 0 0 0 
1 0 0 0 0 0 0 0 0 0 
0.595036 0 0.404964 0 0 0 0 0 0 0 
0 0 0 0 0 0 0 0 1 0 
0 0 0 0 0 0 0 1 0 0 
0.243742 0.756258 0 0 0 0 0 0 0 0 
0 1 0 0 0 0 0 0 0 0 
0 0 1 0 0 0 0 0 0 0 
0 1 0 0 0 0 0 0 0 0 
0 0 0 0 0 1 0 0 0 0 
1 0 0 0 0 0 0 0 0 0 
0 0 0 0 0 0 0 1 0 0 
0 0 0 1 0 0 0 0 0 0 
0 0.518144 0.481856 0 0 0 0 0 0 0 
0 0 0 0 0 1 0 0 0 0 
0 0 1 0 0 0 0 0 0 0 
0 0 0 0 0 0.497224 0 0 0 0.502776 
0 0 0 0 1 0 0 0 0 0 
0 0 0 0 0 0 0 0 0 1 
0 0 0 0 0 0 1 0 0 0 
0 0 0 0 0 0 0 0 0 1 
0 0 0 0 0 0.131784 0 0 0.868216 0 
0 0 0 0 0 0 0 1 0 0 
0 0 1 0 0 0 0 0 0 0 
0 0 0 0.866944 0 0.133056 0 0 0 0 
0 1 0 0 0 0 0 0 0 0 
0 0 0 0.484352 0 0 0.515648 0 0 0 
0 0 0 0 0 0 0 0 0.882644 0.117356 
0 0 0 0 0 0 0 0 1 0 
0 0 0 0 1 0 0 0 0 0 
0 0 1 0 0 0 0 0 0 0 
0 0 1 0 0 0 0 0 0 0 
0 0 0 0 0 0 0 0 0 1 
0 1 0 0 0 0 0 0 0 0 
0 1 0 0 0 0 0 0 0 0 
0 0 0 0 0 0 1 0 0 0 
0 0 0 0 0 0.234675 0 0 0.765325 0 
0 1 0 0 0 0 0 0 0 0 
0 0 0 0 0 0 0 0 0 1 
0 1 0 0 0 0 0 0 0 0 
0.500761 0 0.499239 0 0 0 0 0 0 0 
0 0 0 0.188673 0 0 0.616013 0 0.195313 0 
0 0 1 0 0 0 0 0 0 0 
0 0 0 0 0 0 0 1 0 0 
0 0 0 0 0 0 1 0 0 0 
0 0 0 0 0 0.558581 0 0.441419 0 0 
0 0 0 0 0 0 0 0 1 0 
1 0 0 0 0 0 0 0 0 0 
0 0 0 0 0 0 1 0 0 0 
0 0 0 0 0 0 0 1 0 0 
0 0 0 0 0 0.663597 0 0 0 0.336403 
0 0 0 0 0 0 0 0 1 0 
0 0 0 0 0 0 1 0 0 0 
0 0 0 0 0 0 0 0 1 0 
0 0 0 1 0 0 0 0 0 0 
0 0 0 0 0 0 0 0 1 0 
0 0 0 1 0 0 0 0 0 0 
0 1 0 0 0 0 0 0 0 0 
0 0 0 0 0 0 0 0 0 1 
0 0 0 0 0 0 0 1 0 0 
0 0 0 0 0 0 0 0 0 1 
0 0 0 0 1 0 0 0 0 0 
0 0 1 0 0 0 0 0 0 0 
0 0 0 0 0 0 1 0 0 0 
0 0 0 0 0 0 0 1 0 0 
0 0 0 0 0 0 1 0 0 0 
0 0 0 0 0 0 0 0 1 0 
0 0 0.356968 0 0 0 0 0 0 0.643032 
0 0 0 0 1 0 0 0 0 0 
1 0 0 0 0 0 0 0 0 0 
1 0 0 0 0 0 0 0 0 0 
0 0 1 0 0 0 0 0 0 0 
0 0 0 1 0 0 0 0 0 0 
0 0 0 0 0 0 0 0 0 1 
0 0 1 0 0 0 0 0 0 0 
0 0 0 0 0 0 0 0 0 1 
1 0 0 0 0 0 0 0 0 0 
0.413892 0 0 0 0 0 0 0.586109 0 0 
1 0 0 0 0 0 0 0 0 0 
0.612109 0 0 0 0 0 0 0 0.387891 0 
1 0 0 0 0 0 0 0 0 0 
0 0 0 0 1 0 0 0 0 0 
0 1 0 0 0 0 0 0 0 0 
0 0 0 1 0 0 0 0 0 0 
0 0 0 0 0 0 0 1 0 0 
0 0 0 0 1 0 0 0 0 0 
0 0 1 0 0 0 0 0 0 0 
1 0 0 0 0 0 0 0 0 0 
0 0 0 0 0 0 0 0 0 1 
0 0 0 0 0 0 0 0 0 1 
0 0 0 0 0 0 1 0 0 0 
0 0 0 0.0705119 0.394214 0.535274 0 0 0 0 
0 0 0 0 1 0 0 0 0 0 
0 0 0 0 0 0 0 0 0 1 
0 1 0 0 0 0 0 0 0 0 
0 0 1 0 0 0 0 0 0 0 
0 0 0 0 0 0 1 0 0 0 
1 0 0 0 0 0 0 0 0 0 
0 0 0 0 1 0 0 0 0 0 
0 0 0 0.380695 0 0.619305 0 0 0 0 
