5 200
0.543792
0.631832
0.749462
0.552854
0.377845
10.9712 0.589387
10.7074 0.409214
10.5677 0.487272
10.4778 0.367628
10.3767 0.722143
10.1236 0.850336
10.0377 0.1737
10.0306 0.656857
9.23976 0.305152
8.98729 1.01002
8.88987 0.215108
8.85453 0.930386
8.56867 1.17199
8.45038 0.488907
8.20496 0.450932
8.04504 0.893052
8.04332 1.45252
8.03413 0.464513
7.94965 0.0804055
7.84798 0.502043
7.84603 1.00776
7.6124 1.19813
7.59262 0.346847
7.37951 0.652558
7.30773 0.360254
7.20724 1.02237
7.02505 1.15415
6.99147 1.93723
6.88361 1.60372
6.8291 1.11281
6.61618 1.02485
6.55163 2.99672
6.45083 1.40943
6.4471 1.36169
6.42691 2.61629
6.41767 1.38831
6.36976 0.971349
6.36408 1.07618
6.30391 1.16241
6.24948 1.98718
6.23659 1.90927
6.13528 2.73656
6.09001 3.42184
5.9896 0.894693
5.77335 1.50777
5.58519 3.01696
5.56417 3.32853
5.37073 2.13172
5.35256 2.92973
5.35181 2.75274
5.32853 1.72578
5.30367 1.82365
5.22829 2.89787
5.14632 2.40784
4.94607 2.21886
4.94148 2.45237
4.93235 2.85133
4.92864 2.25185
4.92113 2.63995
4.88082 2.53527
4.87879 3.16485
4.82119 1.85532
4.79081 3.64701
4.66162 4.10173
4.56879 2.85587
4.47673 2.14713
4.40466 3.06111
4.39577 2.76121
4.39066 2.74942
4.33369 2.95302
4.31995 2.66955
4.3085 4.59763
4.24132 3.41517
4.202 4.06878
4.16817 2.73848
4.15063 3.75954
4.13585 2.63929
4.11882 3.35733
3.97743 3.84792
3.80453 2.93711
3.75359 3.42582
3.72344 4.9786
3.70521 3.64026
3.68581 3.46475
3.6629 3.64209
3.64022 3.80431
3.60684 3.50365
3.53792 3.38403
3.34972 4.42236
3.31452 2.74422
3.26365 4.61454
3.24604 3.4304
3.22738 3.25145
3.15622 3.55841
3.14973 4.96769
2.94829 6.07561
2.86197 5.74914
2.77276 4.01619
2.77022 5.68035
2.67246 6.0819
2.61999 5.07533
2.53177 4.78873
2.51454 5.17654
2.46139 5.16443
2.40858 4.85233
2.39906 5.48843
2.37936 4.99856
2.26834 6.303
2.23126 4.87412
2.22541 5.16057
2.13735 7.04778
2.08781 4.88208
2.01438 6.67061
1.89506 6.21397
1.87347 5.96518
1.8407 5.25286
1.81947 6.7296
1.81288 7.35911
1.78471 7.64602
1.78254 6.39883
1.73066 6.49222
1.70402 6.5146
1.6908 6.02402
1.67904 5.05326
1.62142 5.83939
1.61337 5.61533
1.60826 7.83762
1.52327 6.80364
1.48394 5.15491
1.45139 6.9533
1.33897 6.987
1.29787 7.90339
1.19947 6.82441
1.19559 5.03883
1.18672 5.17903
1.17495 7.32966
1.1534 5.96011
1.11945 6.33118
1.09155 8.53982
1.07828 4.92938
0.94139 5.62584
0.906474 7.92074
0.900852 7.03144
0.900325 6.93948
0.881651 7.86781
0.838626 5.99111
0.832485 7.91963
0.747251 5.81905
0.708854 7.76729
0.671248 5.77102
0.647183 7.63775
0.642793 7.36741
0.609352 9.10632
0.607635 6.43673
0.585326 7.30928
0.574658 6.85192
0.534862 7.98728
0.520671 6.56775
0.4974 7.30901
0.496504 7.76312
0.493861 8.10192
0.492201 5.82354
0.459803 6.87504
0.434698 8.10532
0.428703 8.4471
0.370733 9.84598
0.324713 6.63204
0.319057 8.85935
0.30083 10.1425
0.291311 6.70342
0.285775 8.01039
0.271896 6.95662
0.270616 8.37923
0.24065 8.88578
0.233964 7.56783
0.231128 8.21404
0.156221 7.0096
0.134937 8.62799
0.13088 7.66313
0.123128 9.26305
0.119851 9.51282
0.112283 7.10844
0.10065 9.68982
0.097961 8.54147
0.0896542 10.2494
0.0831903 8.18109
0.0596636 9.17579
0.0550476 7.96577
0.042719 7.14239
0.02903 7.23581
0.025676 7.73808
0.0233131 11.8559
0.0194887 11.7806
0.0188028 10.8472
0.0155029 11.0075
0.00881108 9.08138
0.00427117 11.2962
0.00367228 9.36005
0.00280652 10.7918
0.00195657 10.4541
1 0 0 0 0 
0 0 1 0 0 
1 0 0 0 0 
1 0 0 0 0 
0 0 0 1 0 
1 0 0 0 0 
0 0 1 0 0 
0 0 0 0 1 
1 0 0 0 0 
0 0 1 0 0 
0 0 1 0 0 
0 0 1 0 0 
0 0 0 0.34336 0.65664 
0 0 0 0.724833 0.275167 
1 0 0 0 0 
0 0 0 0 1 
0 0 1 0 0 
0 1 0 0 0 
0 0 0 0 1 
1 0 0 0 0 
0 0 0 0 1 
0 0 0 0 1 
1 0 0 0 0 
1 0 0 0 0 
0.762794 0 0.237206 0 0 
0 0 0 1 0 
0.447208 0.552792 0 0 0 
0 0 0 1 0 
0.485208 0 0.514792 0 0 
0 0 0 1 0 
0 1 0 0 0 
0 0 0 0 1 
0 0 0.35678 0 0.64322 
0 1 0 0 0 
0 0 1 0 0 
0 0 1 0 0 
0 0 1 0 0 
0 0 0 1 0 
0 1 0 0 0 
0.63414 0 0 0.36586 0 
0 1 0 0 0 
1 0 0 0 0 
0.206991 0 0.793009 0 0 
0 0 1 0 0 
0 1 0 0 0 
0 0 0 1 0 
0 0 0 0 1 
0.646608 0 0.353392 0 0 
0 0 0 1 0 
0 0 0 0 1 
0 0.327616 0.672384 0 0 
0 0 1 0 0 
0 0 0 0 1 
0 0 1 0 0 
0 0 0.502572 0 0.497428 
0 0 0 1 0 
0 0 1 0 0 
0 0 0 0 1 
0 0 1 0 0 
0 1 0 0 0 
0 0 0 0 1 
0 1 0 0 0 
0 0 1 0 0 
0.508441 0 0 0.491559 0 
0 0.162757 0 0.837243 0 
0 0 1 0 0 
1 0 0 0 0 
0 1 0 0 0 
1 0 0 0 0 
1 0 0 0 0 
0.642877 0 0 0 0.357124 
0 0.504335 0 0.495665 0 
0 0 0.505058 0.494942 0 
0 0 0 0 1 
0 0 0 1 0 
1 0 0 0 0 
1 0 0 0 0 
0 1 0 0 0 
0 0 1 0 0 
0 0 0 0 1 
0 0 0 0 1 
0 0 1 0 0 
0 1 0 0 0 
0 0 0 0 1 
0 0 0 1 0 
0 1 0 0 0 
0 0 0 1 0 
0 0 1 0 0 
1 0 0 0 0 
0 0 0 0.651259 0.348741 
0 0 1 0 0 
0 1 0 0 0 
0 0 0 0 1 
0 1 0 0 0 
0 0 0 0 1 
0 0 0 1 0 
0 1 0 0 0 
0 0 1 0 0 
0 0 0 0 1 
0 0 0 0 1 
0 1 0 0 0 
0 1 0 0 0 
0 0 0 0 1 
0.775362 0 0.224638 0 0 
0 1 0 0 0 
0 0 0 1 0 
0 0 0 0 1 
0 0 0.621957 0 0.378043 
0 0 0 0 1 
0 1 0 0 0 
0 0 0 1 0 
0 1 0 0 0 
1 0 0 0 0 
0 0 0 1 0 
0 1 0 0 0 
0 1 0 0 0 
0 0 0 1 0 
0.1456 0 0 0.8544 0 
0 0 0 1 0 
0 0 0 1 0 
0 0 1 0 0 
0 0 0 0 1 
0 0 0 0.445233 0.554767 
0 1 0 0 0 
1 0 0 0 0 
0 1 0 0 0 
0 0.159488 0.840512 0 0 
1 0 0 0 0 
0 0 1 0 0 
0 1 0 0 0 
0 0.509974 0 0.490026 0 
0 1 0 0 0 
0 0 1 0 0 
0 0 0 1 0 
0 1 0 0 0 
1 0 0 0 0 
1 0 0 0 0 
0 1 0 0 0 
0 1 0 0 0 
0 1 0 0 0 
1 0 0 0 0 
0 0 1 0 0 
0 1 0 0 0 
0.484451 0.515549 0 0 0 
0.543681 0 0.456319 0 0 
0 0 0 1 0 
1 0 0 0 0 
0 1 0 0 0 
0.222194 0 0.777806 0 0 
0 0 0 1 0 
0 0 0 1 0 
0 1 0 0 0 
0 0 0 0.509398 0.490602 
0 0 1 0 0 
0 1 0 0 0 
0 0 0 1 0 
0 0 0 1 0 
0 0 0 1 0 
0 0 1 0 0 
0 0 0 0 1 
1 0 0 0 0 
1 0 0 0 0 
0 0 1 0 0 
0.531569 0 0 0 0.468431 
0 0 0 1 0 
1 0 0 0 0 
0.550194 0.449806 0 0 0 
1 0 0 0 0 
0.448395 0 0 0.551605 0 
0.42398 0.57602 0 0 0 
0.557094 0 0 0.442906 0 
0 0 0.468133 0.531867 0 
0 0 0 1 0 
0 1 0 0 0 
0 1 0 0 0 
1 0 0 0 0 
0 0 1 0 0 
0 0 0 1 0 
0.175921 0 0 0.824079 0 
0 0 0 1 0 
0 0 0.333565 0 0.666435 
0 0 0 1 0 
0 0.644385 0 0 0.355614 
0 0 0 0 1 
0 0 1 0 0 
0 0 0 0 1 
0 0 0 1 0 
0 0 1 0 0 
0 0 0.183172 0 0.816828 
0 0 0 1 0 
0.803383 0 0 0.196617 0 
0 0 1 0 0 
0 0 0 0 1 
0 0 0 1 0 
0 0 0 1 0 
1 0 0 0 0 
0 1 0 0 0 
0 0 0 1 0 
0.365345 0 0 0.634655 0 
0.328094 0.671906 0 0 0 
