5 100
0.478568
0.291633
0.667462
0.516207
0.381609
10.3466 0.9645
8.74497 0.582911
8.27271 0.206494
8.24388 0.981616
7.73392 1.48017
7.73174 1.54104
7.63746 1.89412
7.47062 0.391906
7.41044 1.63359
6.91357 1.1004
6.78993 0.893873
6.74513 0.4349
6.66529 2.25743
6.32416 2.46006
5.97067 3.16434
5.66343 3.08028
5.56611 1.58183
5.54766 2.44583
5.50352 1.84913
5.47334 2.48692
5.3153 1.82685
5.07707 3.76329
4.89805 2.05018
4.83496 2.8054
4.80552 1.79259
4.51621 3.40123
4.4508 2.40408
4.44735 2.31066
4.44353 3.03091
4.24043 2.9985
4.20487 4.0466
3.88014 3.26127
3.78001 4.35508
3.74573 3.80023
3.66484 2.75796
3.63693 4.01378
3.4649 4.86714
3.43966 3.16718
3.40131 4.08114
3.24653 4.20242
3.1539 4.64809
3.01305 4.17369
2.98202 4.08349
2.9254 3.06793
2.88419 3.78288
2.75876 4.01648
2.74274 5.03344
2.1838 4.9843
2.16208 6.42522
2.07843 5.40019
2.07633 6.602
1.96932 4.74728
1.95562 5.24461
1.84432 4.98461
1.80447 6.14628
1.79637 4.446
1.72352 5.68819
1.67047 6.0995
1.53741 6.63622
1.4746 6.00119
1.38946 7.60907
1.32575 6.32489
1.30385 8.19721
1.14557 5.51116
1.06389 5.41264
1.03345 6.07983
0.856551 6.74214
0.782622 5.5108
0.730274 8.6378
0.653691 8.05002
0.559048 5.81646
0.536849 6.68415
0.509005 8.94975
0.470687 5.83136
0.470443 8.75919
0.422588 7.35047
0.411199 10.0655
0.392585 6.0069
0.378259 7.53467
0.309831 8.70964
0.300065 9.99763
0.299509 7.55493
0.272602 6.29112
0.265143 6.43679
0.180125 6.95063
0.1794 8.26357
0.161846 6.59749
0.126584 7.5387
0.114733 9.88555
0.0815264 8.67225
0.0787017 10.903
0.053987 10.2743
0.0380379 9.21233
0.0128283 8.2101
0.00793454 9.57912
0.00665552 8.65023
0.00303565 12.2304
0.0028012 7.98968
0.00264361 10.9227
0.00249353 10.2512
0 0 1 0 0 
0 0 0 0 1 
0 1 0 0 0 
0 0.526148 0 0.473852 0 
0 0 0 1 0 
0 0 0 1 0 
1 0 0 0 0 
0 1 0 0 0 
0 0 0.279366 0.720634 0 
0 0 1 0 0 
1 0 0 0 0 
0 0 0 1 0 
0 0 1 0 0 
1 0 0 0 0 
1 0 0 0 0 
0 0.611071 0.388929 0 0 
0 0 0 1 0 
0 0 0 1 0 
0 0 1 0 0 
0 1 0 0 0 
0.471657 0.528343 0 0 0 
0 0 0.250799 0.749201 0 
1 0 0 0 0 
0 0 0 1 0 
0.803756 0 0 0 0.196244 
0 1 0 0 0 
0 0 1 0 0 
0 0 0 1 0 
0 0 0 0 1 
0 0 0 0 1 
1 0 0 0 0 
0 0 0.792046 0.207954 0 
0 0 0 1 0 
0 0 0 0 1 
0 0 0 1 0 
0 0 1 0 0 
0 1 0 0 0 
0 0 0 1 0 
0 0 0 0 1 
1 0 0 0 0 
0 0 0.514578 0.485422 0 
0 0 0 1 0 
0 0 0 0.751642 0.248358 
0.36056 0.333526 0 0 0.305914 
0 1 0 0 0 
0 0 1 0 0 
0.800482 0.199518 0 0 0 
0 1 0 0 0 
0 1 0 0 0 
1 0 0 0 0 
0 0 1 0 0 
1 0 0 0 0 
0 0 1 0 0 
1 0 0 0 0 
0 0 0 0 1 
0 1 0 0 0 
0 0 0 0 1 
0 0 1 0 0 
0 0 1 0 0 
0 0 0 0.452425 0.547575 
1 0 0 0 0 
0 1 0 0 0 
0 0 1 0 0 
1 0 0 0 0 
0 0.768005 0 0 0.231995 
0 0 1 0 0 
0 0 1 0 0 
1 0 0 0 0 
0 1 0 0 0 
0 0 1 0 0 
0 0 1 0 0 
0 0 0 0 1 
0 0 0 1 0 
0 0 0 0 1 
0.11044 0 0 0.88956 0 
1 0 0 0 0 
0 1 0 0 0 
1 0 0 0 0 
1 0 0 0 0 
0 1 0 0 0 
0 0.588291 0 0.411709 0 
0 0 1 0 0 
0 0 1 0 0 
0.364731 0 0 0 0.635269 
0 0 0 0 1 
0 0.38483 0.61517 0 0 
1 0 0 0 0 
0 0 0 1 0 
0 1 0 0 0 
0.409717 0 0 0 0.590283 
0 1 0 0 0 
0 0 0 1 0 
0 0 1 0 0 
0 1 0 0 0 
1 0 0 0 0 
0 0 0 1 0 
0 0 1 0 0 
0 1 0 0 0 
0.738432 0 0 0 0.261568 
0 0 0 0 1 
