5 25
0.303889
0.592797
0.579206
0.41956
0.617606
9.73973 0.82518
8.49796 1.03286
8.30815 0.306125
6.20856 3.02131
5.91424 1.13242
4.00408 3.33111
3.65757 2.66782
3.52427 3.76881
3.1715 3.95584
3.03388 4.44104
2.4385 3.76381
1.95817 4.54708
1.92094 3.78368
1.85407 5.01958
1.83485 4.20298
1.1559 7.84602
0.97456 6.12582
0.939963 6.79367
0.901145 7.01347
0.245038 9.08988
0.216642 8.20927
0.117946 9.6063
0.0329878 9.00646
0.0134537 10.3769
0.00844371 12.0399
0 1 0 0 0 
1 0 0 0 0 
1 0 0 0 0 
0 0 0 1 0 
0 0 1 0 0 
0 1 0 0 0 
0 1 0 0 0 
0 0 0 0 1 
0 0 0 1 0 
0 0 0 1 0 
1 0 0 0 0 
0.683705 0 0 0 0.316295 
0 0 1 0 0 
0 0 0 0 1 
0 0 0 1 0 
0 0 0 0 1 
0 0 1 0 0 
0 0 0 1 0 
0.56636 0 0 0 0.43364 
0 0.449597 0 0 0.550403 
0 0 0 0 1 
0 1 0 0 0 
1 0 0 0 0 
0 0 1 0 0 
0 0.272901 0.315308 0 0.411791 
