5 500
0.373349
0.634255
0.268149
0.321748
0.34175
11.5416 0.407933
11.426 0.321415
11.3019 0.159542
11.2722 0.2665
10.9948 0.296624
10.9332 0.470194
10.7383 0.640771
10.6332 0.670208
10.5377 0.277388
10.4786 0.186713
10.1334 0.783271
10.1193 0.28686
10.0132 0.811587
9.78705 0.890904
9.78335 1.35533
9.77718 0.482737
9.7185 0.4473
9.56559 1.07125
9.54395 0.777007
9.50354 0.659761
9.15526 0.493761
9.13373 0.860965
9.06886 1.09956
8.95529 0.936552
8.89621 0.993856
8.80972 0.529077
8.79535 1.5474
8.71251 0.30423
8.69765 0.116739
8.6848 0.582093
8.59505 0.369507
8.54179 1.2776
8.45281 0.659131
8.33269 0.794678
8.23527 2.00511
8.19665 0.316403
8.13426 1.56987
8.10316 0.383952
8.09233 1.84151
8.07912 0.343182
8.05229 1.50133
8.05023 0.920762
8.02452 0.711637
8.0163 1.66266
7.97682 1.38203
7.91637 0.506165
7.90037 0.532151
7.89921 0.712426
7.87892 1.66977
7.76116 2.13913
7.69423 0.731657
7.67046 1.52173
7.6511 0.447034
7.64308 1.72548
7.63743 2.02758
7.57449 0.380908
7.54789 2.04387
7.54222 0.671358
7.51382 1.32861
7.44735 2.22602
7.44045 1.55214
7.41177 1.16875
7.40843 1.89074
7.38858 0.923881
7.36466 0.124715
7.3121 1.96752
7.27751 0.409829
7.25663 2.7165
7.24142 0.789156
7.20758 0.435777
7.18486 1.93505
7.17625 0.835331
7.17167 0.488839
7.15366 1.40791
7.13949 0.519442
7.07952 1.23444
7.05052 2.28671
7.01868 0.917374
6.96466 2.10556
6.95908 2.34462
6.77349 1.03173
6.7321 2.0732
6.68558 1.06543
6.65952 0.895439
6.63638 1.5289
6.61882 2.55667
6.59658 0.681586
6.53067 1.95894
6.5237 2.15471
6.49592 1.30362
6.48522 2.34732
6.47822 0.879174
6.42325 1.23734
6.41579 2.75827
6.35937 2.46102
6.32159 1.87717
6.29595 2.50975
6.28507 1.30738
6.23302 2.13478
6.20234 2.26676
6.2013 3.29881
6.18342 2.55185
6.16162 2.30962
6.1491 1.67635
6.14664 2.64311
6.01448 1.78791
6.01405 2.39639
5.95119 1.19995
5.90509 3.47317
5.901 1.68032
5.84836 1.48242
5.77828 1.57889
5.77141 2.29418
5.73388 2.74097
5.71639 1.99328
5.6551 1.43271
5.52593 2.97501
5.46168 1.91537
5.42248 1.58192
5.4203 2.28533
5.39251 1.59634
5.32325 2.41153
5.28148 2.06547
5.23644 2.37373
5.2106 2.17236
5.14857 2.20805
5.11531 3.1184
5.06689 1.85418
5.05662 2.45581
5.04632 2.75182
5.035 3.89416
4.99424 4.14516
4.97075 3.76181
4.95279 3.10421
4.94571 3.03468
4.89377 3.30933
4.86917 2.76967
4.86151 2.8214
4.83124 3.56444
4.74853 2.27349
4.74181 2.157
4.72412 2.7514
4.70382 2.97634
4.68993 1.74007
4.66765 3.31839
4.56429 2.2523
4.47683 3.23201
4.47432 4.35974
4.42611 2.66708
4.38283 2.78124
4.31697 2.52429
4.31401 4.40758
4.28131 2.34029
4.26296 2.40669
4.25737 3.31684
4.24871 3.11582
4.20708 4.6826
4.14387 3.47059
4.13668 2.62647
4.13247 4.94075
4.12346 2.75087
4.11012 3.06358
4.10734 3.60605
4.0559 4.48485
4.04599 3.02224
4.01702 3.34411
4.01597 4.32754
4.01554 4.16428
4.01102 4.56857
4.00882 2.72915
3.99968 3.72202
3.99244 3.40524
3.95265 4.20752
3.94422 4.29849
3.93688 3.71255
3.91015 3.41156
3.86268 3.55949
3.83485 3.99126
3.74191 3.83267
3.7412 3.68083
3.7324 2.90077
3.68769 2.38736
3.64447 4.06571
3.6142 3.906
3.5968 4.29554
3.56083 4.25722
3.54879 4.0029
3.53453 3.27275
3.5216 3.89501
3.50503 3.72512
3.49994 4.89191
3.49708 5.21907
3.49287 3.09005
3.45684 4.46098
3.45376 4.0042
3.4295 4.334
3.42561 5.04071
3.32166 4.88772
3.30037 4.5647
3.27021 3.41841
3.22885 3.93134
3.20626 5.00162
3.20021 3.43076
3.19971 4.40874
3.18212 4.32283
3.17953 3.61729
3.17677 4.81308
3.12782 3.48234
3.12323 3.38004
3.12032 3.94569
3.08141 4.05712
3.06994 3.62951
3.05036 3.34619
3.00904 5.43707
2.96671 3.52605
2.91889 4.42206
2.91017 4.29449
2.87331 3.41033
2.85331 3.01842
2.85233 4.12577
2.84478 6.25316
2.82421 6.314
2.81324 5.10519
2.78811 5.00704
2.77824 5.48997
2.76234 4.38316
2.74156 5.39488
2.65533 4.57209
2.64759 4.91973
2.64387 3.70114
2.62688 3.86954
2.60855 5.76536
2.58009 5.43545
2.55765 5.83673
2.54562 4.80464
2.5355 4.47055
2.52446 4.58326
2.51323 4.28658
2.5098 3.75141
2.49548 4.62817
2.44191 4.21654
2.43245 3.56753
2.42258 4.3704
2.39425 5.23649
2.36144 6.04454
2.35364 5.32634
2.25162 3.59945
2.24338 4.25679
2.16927 4.97749
2.1576 4.58946
2.15365 4.66614
2.12474 5.73647
2.11911 6.80511
2.10816 5.62881
2.07093 5.44214
2.06702 4.49798
2.05834 4.44599
2.04942 5.06354
2.04424 4.75862
2.02709 5.74048
2.00172 5.30726
1.98327 4.92616
1.94072 5.27404
1.92634 4.36097
1.9149 5.31274
1.90751 6.10423
1.89557 4.74183
1.86117 5.33362
1.84471 4.25629
1.84282 5.74827
1.82649 6.22836
1.81297 5.83595
1.8112 4.66572
1.80542 7.48165
1.80313 5.67227
1.79726 4.39923
1.7519 5.00844
1.72582 4.59921
1.7142 5.53601
1.68371 5.98373
1.65579 5.9549
1.64582 6.027
1.63564 5.92203
1.63221 4.92798
1.62734 6.21345
1.62564 6.76106
1.61077 4.81305
1.59547 5.41054
1.58457 4.9455
1.58202 4.62255
1.5372 4.65783
1.51432 6.55578
1.46438 7.18272
1.4612 7.1785
1.44714 5.71386
1.44412 7.25166
1.4242 6.37398
1.41823 4.65849
1.40238 6.66364
1.38324 8.06606
1.3622 7.44324
1.35208 6.7131
1.35157 6.46165
1.33126 6.7558
1.32299 5.63435
1.29225 6.44965
1.27027 5.1681
1.26775 5.07282
1.25672 4.86986
1.25641 6.08992
1.25544 5.77945
1.24435 6.47064
1.23768 5.47165
1.23092 5.86971
1.21157 7.27613
1.18998 8.27061
1.1792 6.75256
1.17869 5.19272
1.17314 6.48066
1.17109 7.67787
1.16575 8.49509
1.1155 6.05724
1.11304 6.84127
1.11297 5.45789
1.10132 7.33389
1.10011 7.23846
1.064 8.70496
1.05824 7.80826
1.05308 6.0571
1.03981 7.55987
1.03209 7.29489
1.01991 7.02755
1.01206 8.34611
1.00659 7.87203
1.00138 7.16136
0.99619 7.45444
0.99317 7.61992
0.990248 5.11149
0.982553 6.05689
0.960051 5.64447
0.957161 6.87322
0.95148 7.65014
0.948743 6.93341
0.927399 5.26976
0.925408 6.87351
0.912377 5.63984
0.910914 6.81003
0.908875 6.62753
0.90047 6.67009
0.891056 7.11293
0.869718 6.86261
0.869537 6.3867
0.831009 6.53568
0.82448 7.11117
0.798853 8.37865
0.796915 6.57022
0.740034 6.99639
0.737037 6.54335
0.717103 6.05099
0.709742 7.55257
0.709152 7.66797
0.706414 8.18253
0.690423 8.2692
0.68406 8.89993
0.667462 7.98896
0.662709 8.10102
0.652388 8.0887
0.652104 8.62105
0.642135 5.6924
0.640185 8.65562
0.629718 9.24729
0.610987 6.26406
0.600248 5.93526
0.592516 6.35446
0.590969 9.21896
0.589996 7.45759
0.587857 8.27608
0.576109 5.79724
0.575756 8.68248
0.573578 6.48449
0.559311 5.88286
0.557452 7.88906
0.554199 8.37962
0.553878 8.25331
0.545022 6.12911
0.542152 8.74214
0.539515 8.73687
0.526291 9.41808
0.524616 8.54477
0.509613 8.95024
0.498022 8.04335
0.497895 8.75348
0.488983 8.48216
0.480941 7.24191
0.47465 9.48994
0.471595 6.47708
0.469239 9.00406
0.454437 6.59225
0.448755 7.62773
0.443646 9.12141
0.439819 6.65689
0.437805 9.21899
0.434671 6.54994
0.433664 6.23459
0.420939 9.49362
0.41905 8.17256
0.399772 9.46278
0.396915 8.53955
0.396696 7.92305
0.396648 8.98081
0.392101 8.94696
0.362049 8.61285
0.359164 7.16961
0.334543 8.9807
0.327699 7.96135
0.315247 9.24699
0.307248 7.08785
0.298776 7.37032
0.296512 10.0888
0.28517 7.56923
0.27873 6.53832
0.274432 7.66419
0.272695 6.93215
0.270289 8.46677
0.263392 7.54552
0.261386 7.3772
0.254404 8.11932
0.253393 9.45805
0.240617 7.20573
0.233118 8.56413
0.220166 7.63134
0.216569 8.32664
0.215525 9.63413
0.208066 6.83291
0.192654 8.6037
0.180918 7.98007
0.174942 7.95045
0.168151 10.5673
0.156579 10.8058
0.154374 9.72647
0.154174 8.7474
0.153359 10.577
0.150526 10.79
0.134393 7.88231
0.13237 8.05042
0.125182 7.4428
0.114637 9.56431
0.110553 8.61345
0.108477 9.83335
0.107879 9.0825
0.105551 8.13094
0.103593 9.07522
0.10134 8.81219
0.100287 10.7353
0.090069 10.5462
0.0892074 8.92089
0.0884187 10.5587
0.0789671 10.3496
0.0786903 7.002
0.0744508 9.86204
0.0713646 7.06041
0.067376 8.07574
0.0655557 7.99349
0.0655248 9.67249
0.0633888 11.2838
0.0531846 10.159
0.0487994 7.6395
0.0466166 8.85151
0.0441765 7.49898
0.0433026 7.61105
0.0409924 7.27801
0.0398941 8.65163
0.0378111 8.3577
0.0307359 8.09438
0.0292873 8.07567
0.0287992 9.47245
0.0276735 10.1654
0.0252608 7.39584
0.0243258 8.94979
0.0232931 10.6519
0.0164648 11.5082
0.0142918 8.87928
0.0125751 8.46092
0.0125303 8.72129
0.0119433 11.1004
0.0113377 9.1379
0.00912623 9.04801
0.00871633 10.0283
0.00798257 7.37017
0.00781819 11.8984
0.00781757 8.05375
0.0075046 11.1352
0.00519093 11.9641
0.00333805 8.39488
0.00307497 11.0659
0.00277997 12.0204
0.00194298 11.5209
0.00183612 9.89456
0.00140768 9.73081
0.000984292 12.1847
0 0 0 0 1 
0 0 0 1 0 
0 0 0 0 1 
0 0 0.608984 0 0.391016 
0 0.611631 0 0 0.388369 
1 0 0 0 0 
0 0 0 1 0 
0 1 0 0 0 
1 0 0 0 0 
0 0 0 1 0 
0.633823 0 0 0 0.366177 
0 0 1 0 0 
1 0 0 0 0 
0 0 0 0 1 
0 0 0.643473 0.356527 0 
0 0 0 1 0 
0 0 0 0 1 
0 0 0 0 1 
0 0 1 0 0 
0 0 1 0 0 
1 0 0 0 0 
0 0 0 0 1 
0 1 0 0 0 
0 0 1 0 0 
1 0 0 0 0 
0 0 1 0 0 
1 0 0 0 0 
0.603332 0 0.396668 0 0 
0 0 0.730536 0 0.269464 
0 0 0 0 1 
0 0 1 0 0 
0 0 0 1 0 
0 0 0 0 1 
1 0 0 0 0 
0 0 0 0.436845 0.563155 
0 1 0 0 0 
0 1 0 0 0 
0 0 0 1 0 
0 1 0 0 0 
1 0 0 0 0 
0 0 1 0 0 
0 0 1 0 0 
0 0 1 0 0 
0 0.190888 0.809112 0 0 
0 0 1 0 0 
1 0 0 0 0 
0 0 0 0.369195 0.630805 
0 0 1 0 0 
0 0 1 0 0 
1 0 0 0 0 
0 1 0 0 0 
0 0 1 0 0 
0 0 1 0 0 
0 0 1 0 0 
0 0 1 0 0 
0 1 0 0 0 
0.450601 0 0.549399 0 0 
0 1 0 0 0 
0 1 0 0 0 
0 0 1 0 0 
0.461618 0.466798 0 0 0.0715841 
1 0 0 0 0 
0 0.454 0 0.546 0 
0 0 0 1 0 
1 0 0 0 0 
0 0 0 1 0 
0 1 0 0 0 
0 1 0 0 0 
0 0.434333 0 0 0.565667 
0 0 0 1 0 
0 1 0 0 0 
0 0 0 1 0 
0 0 0 0.427294 0.572706 
0.624304 0 0 0 0.375696 
0 0 0 1 0 
1 0 0 0 0 
0 1 0 0 0 
0 0 0 0 1 
0 0 0 1 0 
0 0 0 0 1 
0 1 0 0 0 
0 1 0 0 0 
0 0 0 1 0 
0 0 1 0 0 
0 1 0 0 0 
0 0 0 0 1 
1 0 0 0 0 
0 0 0 0 1 
0 0 1 0 0 
0 1 0 0 0 
0 1 0 0 0 
0 0 0 0 1 
0 0 0 1 0 
0 1 0 0 0 
0 1 0 0 0 
0 1 0 0 0 
0 0.161913 0.204873 0.363576 0.269637 
0 1 0 0 0 
0 1 0 0 0 
0 0 0 0 1 
0 0 0 0 1 
0.125273 0 0 0 0.874727 
0 1 0 0 0 
1 0 0 0 0 
0 0 0 1 0 
0 0 0 0 1 
0.520171 0 0 0.479829 0 
0 1 0 0 0 
0 0.50966 0 0.49034 0 
0 0 0 1 0 
0 0 0 0 1 
0 0 0 1 0 
0 0 1 0 0 
0 0 1 0 0 
0 0 0 1 0 
0 1 0 0 0 
1 0 0 0 0 
0 0 0 1 0 
0 1 0 0 0 
1 0 0 0 0 
0 0 0.817819 0 0.182181 
0 0 0 0 1 
0 0.599884 0 0 0.400116 
0 0.562797 0 0.437203 0 
0 0 0 0 1 
0 0 0 1 0 
0 1 0 0 0 
0 0 1 0 0 
0 0 0 1 0 
0 1 0 0 0 
0 1 0 0 0 
1 0 0 0 0 
0 0 0 0 1 
0 0 1 0 0 
0 1 0 0 0 
0 1 0 0 0 
0 0 0 0 1 
0 0 0 1 0 
0 0 1 0 0 
0 0 0.34069 0 0.65931 
0 0 0 0 1 
0 1 0 0 0 
0 0 0 0 1 
0 0 0 1 0 
0 0 0 1 0 
0 0 0 0 1 
0 0 0 1 0 
1 0 0 0 0 
0 0 1 0 0 
0 0 0 0 1 
0 0.576398 0.423602 0 0 
1 0 0 0 0 
0 0 1 0 0 
0 0 0 0 1 
0 1 0 0 0 
0 0 1 0 0 
0.223497 0 0 0.776503 0 
0 1 0 0 0 
0 0 1 0 0 
0 0 0 0 1 
0.839296 0.160704 0 0 0 
0 0 0 0 1 
0 0 0 1 0 
0 1 0 0 0 
0 0 0 1 0 
1 0 0 0 0 
0 0 1 0 0 
0 0.198433 0.801567 0 0 
0 0 0 0 1 
1 0 0 0 0 
0 0 0 1 0 
0 0.424201 0 0.575799 0 
0 1 0 0 0 
1 0 0 0 0 
0 0 0 1 0 
0 0 0 0 1 
0.449166 0 0 0 0.550834 
0 0 0 1 0 
0 0 0 0 1 
0 0 0 1 0 
0 1 0 0 0 
0 0 0 0 1 
0 0 0 1 0 
0 0.440611 0 0 0.559388 
0 0 1 0 0 
0 0.487219 0 0 0.512781 
0 0 0 1 0 
0 0 0 1 0 
0 0 0 0.411226 0.588774 
0 0 0 1 0 
0.44828 0 0 0.55172 0 
0 0 1 0 0 
0 1 0 0 0 
1 0 0 0 0 
1 0 0 0 0 
0.325929 0 0.674071 0 0 
0 1 0 0 0 
0 1 0 0 0 
1 0 0 0 0 
0 0 0 1 0 
0 1 0 0 0 
0 0 0 1 0 
0 0 0 0 1 
0 0 0 0 1 
1 0 0 0 0 
0 0 1 0 0 
0.620569 0 0.379431 0 0 
0 0 1 0 0 
0 0 0 0 1 
0 0 0 1 0 
0 1 0 0 0 
0 1 0 0 0 
0 0.444513 0 0.555487 0 
0 0 0 0 1 
0 0 0 1 0 
0.805926 0 0 0 0.194074 
0 1 0 0 0 
0 0.471896 0 0.528104 0 
0 1 0 0 0 
1 0 0 0 0 
1 0 0 0 0 
0 1 0 0 0 
0 1 0 0 0 
0 0 1 0 0 
0 0 0.517554 0.482446 0 
1 0 0 0 0 
1 0 0 0 0 
0 0 1 0 0 
1 0 0 0 0 
0 1 0 0 0 
1 0 0 0 0 
0 0 0 1 0 
0 0.538466 0 0 0.461534 
0 0 1 0 0 
1 0 0 0 0 
0 0 0 0 1 
0 0 0 0 1 
0 1 0 0 0 
1 0 0 0 0 
0 0 1 0 0 
1 0 0 0 0 
0 1 0 0 0 
0.564796 0 0 0 0.435204 
0 0 0 0 1 
0 1 0 0 0 
0 0 0 0 1 
0 0 0 1 0 
0 0 0 1 0 
1 0 0 0 0 
0 0 0 1 0 
0 0 0 0.394992 0.605008 
0 1 0 0 0 
0 0 0 1 0 
0 0 0 0 1 
0 0 1 0 0 
0 1 0 0 0 
1 0 0 0 0 
0 0 0 1 0 
0 0 0 1 0 
0 0 1 0 0 
0 0 0 1 0 
0 1 0 0 0 
1 0 0 0 0 
0 1 0 0 0 
0 0 0 0 1 
0 0 1 0 0 
0 0 1 0 0 
0.631495 0.368505 0 0 0 
0 0 1 0 0 
1 0 0 0 0 
0 0 0 1 0 
0 1 0 0 0 
0 1 0 0 0 
1 0 0 0 0 
0.190968 0.809032 0 0 0 
0 0 0 0 1 
0 1 0 0 0 
0 1 0 0 0 
0 0 0 0 1 
0 0 0 1 0 
0 0 0 0.326957 0.673043 
0 0 0 1 0 
1 0 0 0 0 
0 0 1 0 0 
1 0 0 0 0 
0 0.461007 0 0 0.538993 
1 0 0 0 0 
0 0 0 1 0 
0 0 1 0 0 
0 0 1 0 0 
0 0 1 0 0 
0 0 0 0 1 
0 0 1 0 0 
1 0 0 0 0 
0 0.383363 0.305063 0.311573 0 
0 0 1 0 0 
1 0 0 0 0 
0 0 0 1 0 
0 0 0 0 1 
0 0 1 0 0 
0 0 0 0 1 
0 0 0 0 1 
0 0 1 0 0 
0 0 1 0 0 
0.466468 0 0.533532 0 0 
1 0 0 0 0 
0.581662 0.418338 0 0 0 
0.381267 0.618733 0 0 0 
1 0 0 0 0 
1 0 0 0 0 
1 0 0 0 0 
0 1 0 0 0 
0.220488 0 0.779512 0 0 
1 0 0 0 0 
1 0 0 0 0 
0 0 1 0 0 
0 0 0 1 0 
0.703243 0 0 0 0.296757 
0 0 0 1 0 
0 0 1 0 0 
0 0.448317 0.551683 0 0 
0 0 1 0 0 
0 0 0.76909 0 0.23091 
1 0 0 0 0 
0 0 0 0 1 
0 1 0 0 0 
0 0 1 0 0 
1 0 0 0 0 
0 0 1 0 0 
0 0 1 0 0 
0 0 0 0.153935 0.846065 
0 0 0 1 0 
1 0 0 0 0 
0 0 0 0 1 
0 0 0 0 1 
0 0.61934 0 0.38066 0 
0 0 0 0 1 
0 0.506367 0.493633 0 0 
0 0 0.237157 0 0.762843 
0 0 0 1 0 
0 0 0 1 0 
0.656777 0 0 0.343223 0 
0 0 0 1 0 
0 0.759485 0.240515 0 0 
1 0 0 0 0 
1 0 0 0 0 
0 0 0 1 0 
0 0 0 1 0 
0 0.535789 0 0 0.464211 
0 0 0 1 0 
0 0 0 0 1 
0 1 0 0 0 
0 0 0 1 0 
0 0 0 0 1 
0.29117 0.70883 0 0 0 
0 1 0 0 0 
0 0 0 1 0 
0.473868 0 0 0 0.526132 
0 0 0 0 1 
0 0 0 0 1 
0.594539 0.405461 0 0 0 
0 0 0 0 1 
0 0.626831 0 0.373169 0 
0 0 0 1 0 
1 0 0 0 0 
0 0 0 0 1 
1 0 0 0 0 
0 0 0 1 0 
0 0 0 0 1 
1 0 0 0 0 
0 1 0 0 0 
1 0 0 0 0 
0 0 1 0 0 
0 0 0.533782 0.466218 0 
0 0 1 0 0 
0 0.484467 0 0.515533 0 
0 0.809637 0.190363 0 0 
0 0 1 0 0 
0 0 0 1 0 
0 0 0 0.519498 0.480503 
0 0 0 0 1 
0 0 0 1 0 
1 0 0 0 0 
0 0 0.101711 0 0.898289 
1 0 0 0 0 
0.712241 0.287759 0 0 0 
1 0 0 0 0 
0 0 1 0 0 
0 0 0 1 0 
0 0 0 0 1 
0 0 0 1 0 
0 0 0 0 1 
0 1 0 0 0 
1 0 0 0 0 
0.56807 0.310295 0 0 0.121635 
0 0 0 1 0 
0 0 0 0 1 
0 0 0.720102 0.279898 0 
0 0 0 0 1 
0 0 0 0 1 
0 0 0 1 0 
1 0 0 0 0 
0 0 1 0 0 
0 0 1 0 0 
0 0.276694 0 0.723306 0 
0 1 0 0 0 
0 0 0 1 0 
0.107571 0 0.892429 0 0 
0 0 0 0 1 
0 0 0 0 1 
0 0 0 1 0 
0 1 0 0 0 
1 0 0 0 0 
0 0 1 0 0 
0 0 0 1 0 
0 0 0 1 0 
0.349026 0 0 0.650974 0 
1 0 0 0 0 
0 0 0 1 0 
0 0 1 0 0 
0.564863 0.435137 0 0 0 
0 0 0 1 0 
1 0 0 0 0 
0 0 0 0 1 
0 0 0 1 0 
0.477049 0 0 0.522951 0 
0 1 0 0 0 
0 0.546581 0 0 0.453419 
0 0 1 0 0 
0.120714 0.220847 0 0 0.658439 
0 0 0 1 0 
0 0 1 0 0 
1 0 0 0 0 
0 0 0 1 0 
0 0 1 0 0 
0 0 0 0 1 
0 0 0 0 1 
0 0.74388 0.0859443 0.170175 0 
0 0 0 1 0 
0 0 0 0 1 
0 0 0 0 1 
0 0.236752 0 0.215271 0.547977 
0 0 1 0 0 
0 0 0 1 0 
0 0 0.556482 0.367932 0.0755855 
0.795186 0 0.204814 0 0 
1 0 0 0 0 
1 0 0 0 0 
0.460599 0 0.539401 0 0 
0 0 0 0.556839 0.443161 
0 0 0 1 0 
0 0 1 0 0 
0 0 1 0 0 
0.215584 0 0.600837 0.183579 0 
1 0 0 0 0 
0 0 1 0 0 
0 1 0 0 0 
0 0 1 0 0 
0 0 0 0 1 
0 0 0 0.487294 0.512706 
0 1 0 0 0 
0 0 1 0 0 
0 0 1 0 0 
0 0 1 0 0 
0 1 0 0 0 
0 0 0 0 1 
1 0 0 0 0 
0 0 0 1 0 
0 1 0 0 0 
0 0 0 1 0 
1 0 0 0 0 
0 0 0 1 0 
0 0 1 0 0 
0 0 0 0 1 
0 1 0 0 0 
1 0 0 0 0 
0 1 0 0 0 
0 0 0 0 1 
1 0 0 0 0 
0 0 0 0 1 
0 0 0 1 0 
0 1 0 0 0 
0 1 0 0 0 
0 1 0 0 0 
0 1 0 0 0 
1 0 0 0 0 
1 0 0 0 0 
0 0 0.573067 0.426933 0 
0 0 0 1 0 
1 0 0 0 0 
1 0 0 0 0 
0 0 1 0 0 
0 0 0 0 1 
0 1 0 0 0 
0 0 0 0 1 
0.455164 0 0 0 0.544836 
1 0 0 0 0 
0 1 0 0 0 
0 1 0 0 0 
0 0 0 0 1 
