10 200
0.695499
0.542616
0.405225
0.497252
0.317211
0.732063
0.531852
0.732362
0.675294
0.324546
11.1143 0.13295
10.4741 0.518733
9.64148 0.837693
9.31116 0.974393
9.24316 1.49944
9.13919 0.514252
9.0549 1.0608
8.92776 1.17517
8.69646 0.161655
8.25181 0.472947
8.25111 1.79637
8.19697 1.09176
8.07912 0.944984
7.83328 0.610669
7.81208 1.10495
7.42222 1.04058
7.41496 0.589831
7.35213 2.17278
7.34647 1.11234
7.18723 1.34607
7.07529 0.680866
6.76232 2.1927
6.74463 2.49017
6.71717 1.61438
6.38962 1.29392
6.34269 2.36919
6.3299 1.45535
6.28901 2.71343
6.25614 1.19025
6.05129 2.60642
6.04993 1.97556
5.89993 3.52497
5.89153 0.997048
5.71634 3.01302
5.62722 1.9197
5.59336 3.52921
5.46893 2.92067
5.45793 2.22233
5.38816 3.16655
5.24457 3.36037
5.23208 2.88488
5.16747 2.43776
5.16265 2.38346
5.11647 2.2342
5.10939 3.67518
5.05862 2.22096
4.94152 3.47661
4.82816 2.69186
4.82527 2.26131
4.76377 1.9522
4.70893 2.48309
4.62929 2.51869
4.455 3.06202
4.35893 3.88659
4.353 3.13234
4.29921 2.47455
4.25718 3.04433
4.23524 4.17955
4.17226 3.14094
4.12435 3.01643
3.97064 3.69468
3.931 4.51553
3.87456 3.29811
3.8726 3.9829
3.79793 3.19601
3.7601 3.72553
3.74482 5.13976
3.71773 3.17741
3.63045 3.86428
3.48449 3.89079
3.35702 3.44877
3.33961 4.63221
3.32039 5.37075
3.14207 3.63457
3.13171 3.33188
3.11692 4.17237
3.08933 5.51008
3.0624 3.71676
3.05449 4.31987
3.02747 3.78608
3.01506 4.7508
2.90944 5.35818
2.88636 3.67385
2.84049 6.42934
2.8086 4.26487
2.79498 3.18349
2.76332 5.49247
2.66877 4.71258
2.54105 3.64298
2.44371 6.04159
2.36427 5.112
2.30073 4.66334
2.27459 5.11866
2.24537 5.30709
2.24384 4.45446
2.18512 4.10403
2.14636 4.35884
2.09487 6.64092
2.0723 6.63555
2.06531 6.62758
2.06451 4.90017
2.02011 4.26285
1.99837 3.84964
1.91253 6.18695
1.88249 5.57152
1.80292 6.54795
1.76593 6.71021
1.76383 5.71054
1.73969 5.23652
1.69803 4.21921
1.64731 6.48136
1.59884 6.57643
1.59258 5.64281
1.5513 5.21712
1.54104 4.80054
1.54048 6.13955
1.53907 4.58166
1.51885 6.69138
1.50053 4.84391
1.41976 5.29952
1.34811 5.2883
1.33131 7.04428
1.29557 5.81665
1.2789 6.29366
1.25361 7.66874
1.23733 5.4848
1.20673 6.59845
1.19721 5.5944
1.19555 6.20775
1.18459 7.27743
1.15829 7.16144
1.1034 7.88364
1.10045 6.14617
1.09951 5.54022
1.07767 5.16289
1.07524 5.24061
0.995623 5.50784
0.969859 5.9869
0.967182 5.6257
0.954417 7.63513
0.940214 5.70528
0.928228 6.10199
0.922442 6.40882
0.915257 8.04019
0.898264 5.86933
0.884437 5.58876
0.861555 6.21509
0.846148 8.06267
0.785812 7.8736
0.743581 6.56495
0.741759 7.39876
0.595382 8.55961
0.538495 6.83671
0.5173 7.85927
0.480206 7.11228
0.477022 7.1384
0.451561 7.00364
0.409839 8.51052
0.367751 7.99029
0.346278 7.8876
0.317873 8.27223
0.31602 10.0665
0.307806 7.95649
0.307367 9.51994
0.287304 7.10844
0.277927 9.53293
0.267089 6.88582
0.253012 10.1305
0.247032 7.41444
0.197438 8.87753
0.185352 8.48556
0.158909 6.58955
0.134742 9.38379
0.132058 7.67844
0.128379 8.4935
0.120864 9.05435
0.0992966 9.64534
0.0867915 7.48581
0.0837438 7.15864
0.0634442 9.1812
0.0610755 10.259
0.0599085 9.26586
0.0553039 8.96786
0.0512435 8.26419
0.0446011 11.7319
0.0400322 11.4892
0.0365019 7.11605
0.0162298 10.5391
0.0152857 11.6231
0.0127688 10.8186
0.0114982 11.6207
0.0108713 9.89839
0.00902352 11.9563
0.0060222 11
0.00503512 8.83579
0.00401746 8.96023
0.00299688 9.43923
0.00274963 10.3539
0.00259434 7.3764
0.00138252 9.63983
0 0 0 0 0 0 0 0 1 0 
0 0.639763 0 0 0 0 0 0.360237 0 0 
0 0 0 0 1 0 0 0 0 0 
1 0 0 0 0 0 0 0 0 0 
0 0 0 1 0 0 0 0 0 0 
0 0 0.248473 0 0.751527 0 0 0 0 0 
0 0.0926933 0 0 0 0 0 0.785071 0 0.122235 
0 1 0 0 0 0 0 0 0 0 
0 0 0 0 0 0 0 0 1 0 
0 0.733422 0 0.266578 0 0 0 0 0 0 
0 0 0 1 0 0 0 0 0 0 
0 0 0 0 0 1 0 0 0 0 
0 0 0 1 0 0 0 0 0 0 
0 0 0 0 0 0 0 0 0 1 
0 0 0 0 0 0 1 0 0 0 
0 0 0 0 1 0 0 0 0 0 
0.59127 0 0 0 0 0 0 0 0.40873 0 
0 1 0 0 0 0 0 0 0 0 
0 0 0 0 0 0.593652 0 0.406348 0 0 
0 0 0 0 0 0 0 1 0 0 
0 0 0 0 0 0 0 1 0 0 
0 0 0 0 0 0 0 1 0 0 
0 0 1 0 0 0 0 0 0 0 
1 0 0 0 0 0 0 0 0 0 
0 0 0 1 0 0 0 0 0 0 
0 0.463955 0 0 0 0 0 0 0.536045 0 
0 0 0 0 1 0 0 0 0 0 
0 0 1 0 0 0 0 0 0 0 
0 0 0 0 0 0 0 0 0 1 
0 1 0 0 0 0 0 0 0 0 
0 0 0.559121 0 0 0 0.440879 0 0 0 
0 0.79238 0 0.20762 0 0 0 0 0 0 
0 0.312443 0 0 0 0 0 0 0 0.687557 
0 0 0 0 0 0 0 0 0 1 
0 0 0 0 1 0 0 0 0 0 
1 0 0 0 0 0 0 0 0 0 
0 0 0 0 0 0 0 0 1 0 
0.129073 0.657132 0 0 0 0 0.213795 0 0 0 
0 0 0 0 0 0 1 0 0 0 
0 0.592735 0 0 0 0 0 0 0 0.407265 
0 0 0 0.318475 0 0 0 0 0.681525 0 
0 0 0 0 0 0 0 0.490406 0 0.509594 
1 0 0 0 0 0 0 0 0 0 
0 0 0 0 0 0 1 0 0 0 
1 0 0 0 0 0 0 0 0 0 
0 0 0 0 0 0 1 0 0 0 
0 0 0 1 0 0 0 0 0 0 
0 0 0 1 0 0 0 0 0 0 
1 0 0 0 0 0 0 0 0 0 
0 0 0 1 0 0 0 0 0 0 
0 0 0 0 0 0 0 0 0 1 
0 0 0 0 0 0 1 0 0 0 
0 1 0 0 0 0 0 0 0 0 
0 0 0 0 0 0 0 0 1 0 
0 0 0 0 0 0 0 1 0 0 
0 0 0 0 0 0 0 1 0 0 
0 0 0 1 0 0 0 0 0 0 
0 0 0 0 0 0 0 0 0 1 
0 0 0 0 1 0 0 0 0 0 
0 0 0 1 0 0 0 0 0 0 
0 0 0 1 0 0 0 0 0 0 
0 0 1 0 0 0 0 0 0 0 
0 0 0 0 0 0 0 0 1 0 
0 0.70927 0 0 0 0 0 0.29073 0 0 
0 0 0 0 0 0 0 0 0 1 
0.315521 0 0 0 0.684479 0 0 0 0 0 
0 0 0 0 0 0 0 0 1 0 
0 0 0 0 0 0 0.661879 0.338121 0 0 
0 0 0 0 0 0 0 0 1 0 
0 0 0 0 0 0 1 0 0 0 
0 0 0 0 0 0 1 0 0 0 
0 0 0 0 0 0 0 1 0 0 
0 0 0 0 0 0 0 0 1 0 
0 0 0 1 0 0 0 0 0 0 
0 0 1 0 0 0 0 0 0 0 
0 0 0 0 0 0 0 1 0 0 
0 0 0 0.232981 0 0.63867 0 0.128349 0 0 
0 0 1 0 0 0 0 0 0 0 
0 0 0 0 0 0 0 1 0 0 
0 0 0 0 0 1 0 0 0 0 
0 0 0.234714 0 0 0 0 0 0.765286 0 
0 0 0 0 0 1 0 0 0 0 
0 1 0 0 0 0 0 0 0 0 
0 0 0 0 0 1 0 0 0 0 
0 0 0 0 0 0 0 1 0 0 
0 0 0 0 0 1 0 0 0 0 
0 0 0 0 0 0 1 0 0 0 
0 0 0 1 0 0 0 0 0 0 
0 0 0 0 0 0 0 0 0 1 
0 0 0 0 0 0 0 0 1 0 
0 0 0 1 0 0 0 0 0 0 
0 0 0 0 0 0 0 1 0 0 
0 0 0 0 0 0 0 1 0 0 
0 0 0 0 0 0 0 1 0 0 
0 0 0 1 0 0 0 0 0 0 
1 0 0 0 0 0 0 0 0 0 
0 0 1 0 0 0 0 0 0 0 
0 0 0 0 0 0 0 1 0 0 
0 0 0 0 0 0 0 1 0 0 
0 0 0 1 0 0 0 0 0 0 
0 0 0 0.481692 0 0.518308 0 0 0 0 
0 0 0 0 0 0 0 0 0 1 
0 1 0 0 0 0 0 0 0 0 
0 0 0 0 0 0 0 0.240802 0.759198 0 
0 0 0 0.363351 0 0 0 0 0 0.636649 
0 0 1 0 0 0 0 0 0 0 
0 0 1 0 0 0 0 0 0 0 
0 0 0 0 0.177126 0 0 0 0 0.822874 
0 1 0 0 0 0 0 0 0 0 
0 0 0 0 1 0 0 0 0 0 
0 0 0 0 0 1 0 0 0 0 
0 0 0 0 0 0 1 0 0 0 
0 1 0 0 0 0 0 0 0 0 
0 1 0 0 0 0 0 0 0 0 
0 0 0 0 0 0 0 1 0 0 
0 0 0 0 1 0 0 0 0 0 
0 0 0 1 0 0 0 0 0 0 
0 0 0 0 1 0 0 0 0 0 
0 0 0 0 0 0 0 1 0 0 
0 0 0 0 0 0 1 0 0 0 
0 0 0 0 0 0 0 0 1 0 
0 1 0 0 0 0 0 0 0 0 
0.510218 0 0 0 0 0 0 0 0 0.489782 
0 1 0 0 0 0 0 0 0 0 
0 0 0 0 0 0 0 0 1 0 
0 0 0 0 0 1 0 0 0 0 
0 1 0 0 0 0 0 0 0 0 
0 0.270158 0 0 0 0 0.729842 0 0 0 
0 0 0 0 0 1 0 0 0 0 
0 1 0 0 0 0 0 0 0 0 
0 0 0 0 0 0 0 0 1 0 
0 0 0 0 0 1 0 0 0 0 
1 0 0 0 0 0 0 0 0 0 
0 0 0 0 0 0 0 0 1 0 
0 0 0 1 0 0 0 0 0 0 
0 0 0 0 0 0 1 0 0 0 
0 0 0 1 0 0 0 0 0 0 
0 0 0 1 0 0 0 0 0 0 
0 0 0 0 1 0 0 0 0 0 
0 0 0 1 0 0 0 0 0 0 
0 1 0 0 0 0 0 0 0 0 
0 0 0 0 0 0 0.388896 0 0 0.611104 
0 1 0 0 0 0 0 0 0 0 
0 0 0 0 0 1 0 0 0 0 
0 1 0 0 0 0 0 0 0 0 
0 0 0 0 0 0 0 0 0 1 
0 0 1 0 0 0 0 0 0 0 
0 0 1 0 0 0 0 0 0 0 
0 0 0 0 0 0 1 0 0 0 
0 0 1 0 0 0 0 0 0 0 
0 0 0 0 0 1 0 0 0 0 
0 1 0 0 0 0 0 0 0 0 
0 0.448716 0.286242 0 0 0 0.265042 0 0 0 
0 1 0 0 0 0 0 0 0 0 
1 0 0 0 0 0 0 0 0 0 
0 0 0 1 0 0 0 0 0 0 
0 0 0 0 1 0 0 0 0 0 
0 0 0 0 0.5285 0 0.4715 0 0 0 
0 0 0 0 0 0 0 1 0 0 
0 0 1 0 0 0 0 0 0 0 
0 0 0 0 0 0 1 0 0 0 
0 0 0 0 0 0 0 0 1 0 
0 0 0 0 0 0 0 1 0 0 
0 0 1 0 0 0 0 0 0 0 
0 0 0.661582 0 0.338418 0 0 0 0 0 
0 0 0 1 0 0 0 0 0 0 
0 0 0 1 0 0 0 0 0 0 
0 0 0 0 0 1 0 0 0 0 
1 0 0 0 0 0 0 0 0 0 
1 0 0 0 0 0 0 0 0 0 
0 0.322736 0 0 0 0 0 0 0.677264 0 
0 0 1 0 0 0 0 0 0 0 
0 0 0 0.589811 0 0 0.410189 0 0 0 
0 1 0 0 0 0 0 0 0 0 
0 0 0 0 0 0 0 1 0 0 
0 0 0 0 0 0 0 0 1 0 
0 0 0 0 0 1 0 0 0 0 
0 0 0 1 0 0 0 0 0 0 
0 0.474221 0 0 0 0 0 0 0.525779 0 
0 0 0 0 0 0 0.460481 0.539519 0 0 
1 0 0 0 0 0 0 0 0 0 
0 0 0 0 0 0 0 1 0 0 
0 0 0 0 1 0 0 0 0 0 
0 0 0 1 0 0 0 0 0 0 
0 0 0 0 0 0 0 0 0 1 
0 0 0 0 0 1 0 0 0 0 
0 0 0 0 0 0 0 0 1 0 
0 0 0 0 0 0 1 0 0 0 
0 0 0 0 0 1 0 0 0 0 
0 0.160862 0.432927 0.406211 0 0 0 0 0 0 
0 1 0 0 0 0 0 0 0 0 
0 0 0 0 0 0 1 0 0 0 
0 0 0 0 0 0 0 1 0 0 
0 0 0 0 0 0 0 0 0 1 
0 0 0 0 0 1 0 0 0 0 
0 0 0 0 0 1 0 0 0 0 
0 0 0 0 0 1 0 0 0 0 
0.543035 0 0 0 0 0 0.456965 0 0 0 
0 0 0 0 0 1 0 0 0 0 
0 0 0 0 1 0 0 0 0 0 
