10 300
0.670138
0.360693
0.26169
0.618783
0.474756
0.66515
0.648447
0.496284
0.677009
0.318318
12.0346 0.182277
11.8213 0.189559
11.3805 0.293436
11.3561 0.507916
10.8724 0.228073
10.8097 0.223748
10.3805 0.357935
10.1426 0.56167
10.0966 0.991733
9.95413 0.824201
9.79617 0.73844
9.77519 1.39025
9.66476 0.745836
9.55589 0.991425
9.37716 0.987511
8.91539 0.516106
8.77809 0.382976
8.77215 1.27171
8.68499 1.68967
8.68346 1.04787
8.64957 0.35103
8.6305 1.31969
8.12311 2.00757
8.10677 0.171598
8.03752 1.75636
7.85548 0.135856
7.75199 1.94726
7.54375 1.19095
7.3239 2.31836
7.22835 0.630042
7.22307 0.797828
7.04955 2.07674
7.00417 0.278637
6.95215 1.09884
6.85811 0.74621
6.84213 1.77475
6.81418 2.17147
6.80794 2.10156
6.79841 1.95862
6.64081 0.841869
6.63768 1.73761
6.62865 2.88527
6.61074 2.12714
6.60847 1.17891
6.53491 2.64606
6.52191 2.10456
6.51117 1.11636
6.49529 2.41778
6.48172 1.77233
6.35336 2.3919
6.32025 1.13775
6.27205 1.42629
6.26897 2.54282
6.22029 1.45788
6.20348 1.73679
6.16956 2.09002
6.15795 1.15657
6.0755 2.82732
6.06686 1.99194
6.05646 2.25317
6.02129 2.77529
6.00396 2.02025
5.93916 3.15332
5.89082 1.82449
5.85584 2.45154
5.79948 2.57727
5.79146 1.98808
5.78392 1.87818
5.74155 1.13643
5.72063 1.8459
5.62585 1.5314
5.57758 2.08476
5.54618 1.88424
5.53446 3.66224
5.19894 2.98753
5.068 2.80852
5.00418 4.21748
4.98684 2.40937
4.9395 2.26511
4.90076 2.12423
4.87802 2.02877
4.85809 3.08245
4.83841 2.36762
4.83711 2.43673
4.76667 2.8526
4.74929 4.02137
4.73166 2.67275
4.7209 2.09714
4.69555 4.18475
4.54088 4.61793
4.30683 4.67827
4.27845 3.83968
4.25737 3.38877
4.23466 2.86985
4.21917 5.02667
4.21538 3.3583
4.09645 3.80906
3.9913 3.29764
3.87571 3.95048
3.86867 2.48371
3.82794 3.73119
3.76273 3.90309
3.72564 4.08915
3.70875 4.11141
3.67332 3.24807
3.64898 4.87692
3.63838 5.13287
3.6355 4.05295
3.63082 2.55418
3.60002 2.63767
3.57243 3.72309
3.53792 4.45686
3.3784 3.63571
3.36132 5.54037
3.18243 5.12227
3.17548 4.57095
3.15017 5.35946
3.14103 4.3483
3.11452 4.1306
3.11122 2.91619
3.10037 3.7513
3.09827 4.19638
2.99812 4.83547
2.94184 3.75495
2.93959 5.03669
2.93119 4.53423
2.86732 4.8982
2.86102 6.14659
2.84419 3.70785
2.83606 5.34975
2.82874 5.53191
2.8066 5.40062
2.77938 5.5575
2.76989 4.32368
2.73389 4.67899
2.72932 3.43612
2.71651 5.01042
2.68 5.60549
2.64334 4.60107
2.58246 5.75602
2.53053 4.34434
2.46244 4.87565
2.44471 5.67261
2.43542 4.38173
2.41484 6.73467
2.39985 6.0936
2.38385 5.42591
2.37384 5.15636
2.3718 4.60636
2.36363 6.19092
2.33047 4.23919
2.26746 5.28768
2.22133 5.6258
2.19363 5.25675
2.19021 5.48487
2.17542 4.66427
2.15995 6.44617
2.13208 6.19011
2.12772 4.35451
2.11179 5.65474
2.10624 6.02176
2.1031 4.45826
2.06663 5.29629
2.0132 5.06072
1.99696 4.39064
1.98219 4.21786
1.97247 6.62736
1.96918 6.80618
1.95671 6.06577
1.95283 3.69514
1.95251 6.85715
1.93558 5.27898
1.85486 6.88686
1.83375 5.09855
1.79602 5.21067
1.76902 5.07439
1.75294 4.23448
1.71564 6.02234
1.69876 4.27195
1.69658 7.01761
1.69042 5.79688
1.67558 5.42297
1.66706 6.75059
1.62976 6.04499
1.57388 4.66941
1.5545 6.60307
1.39616 5.53484
1.26592 7.80855
1.23719 6.86453
1.23708 5.0776
1.2284 5.42131
1.20137 7.49612
1.19542 7.26658
1.14959 6.29678
1.14678 7.42186
1.12321 5.71492
1.09775 7.51309
1.08576 8.2325
1.07358 7.82197
1.06211 7.17191
1.0514 7.25323
1.00463 5.64626
0.982843 7.47549
0.955811 6.4397
0.936916 5.07638
0.910122 6.31664
0.906125 6.90472
0.872487 6.35668
0.818988 6.69195
0.805717 8.4522
0.797926 5.87475
0.764139 7.46893
0.731078 5.79625
0.711553 6.06485
0.706383 7.50047
0.70438 7.52606
0.702567 6.43715
0.67861 7.30289
0.673801 6.80093
0.636238 8.19676
0.634653 7.39456
0.624939 7.5862
0.614691 6.62592
0.569733 7.06103
0.567155 7.76305
0.510631 6.99932
0.500054 8.76574
0.4811 8.10946
0.477551 6.69802
0.4677 9.74708
0.455769 8.2576
0.443725 7.59609
0.437558 8.43369
0.433704 8.88948
0.430567 7.01889
0.417345 8.6048
0.413592 7.3439
0.40294 7.38859
0.399762 8.66411
0.370032 9.05388
0.360501 8.53227
0.352927 7.84248
0.352277 6.06585
0.332826 9.73523
0.318441 8.52722
0.31432 6.81145
0.303896 8.23888
0.303444 7.40923
0.291826 8.14979
0.278079 7.51049
0.266991 9.40115
0.264947 6.84451
0.24768 7.47376
0.244326 8.47413
0.237602 7.8724
0.236899 8.67667
0.222129 10.2789
0.214452 7.58443
0.209279 8.43662
0.190291 10.3134
0.18692 10.4925
0.163666 7.856
0.158946 7.64578
0.157944 9.83612
0.152452 7.4128
0.151387 8.52708
0.149176 8.98169
0.12093 9.66103
0.112129 7.89128
0.103714 10.4907
0.0982452 10.1855
0.0941526 9.90438
0.0909207 11.2024
0.0867107 10.8176
0.0799393 9.79173
0.0738565 8.74323
0.0622005 8.60255
0.0547149 9.27798
0.049382 11.2385
0.0458016 10.5007
0.0416184 9.71437
0.0334816 9.2233
0.0326706 8.87205
0.0303799 10.0443
0.0290986 10.6759
0.0266014 10.3322
0.0256762 9.97788
0.0237323 10.5514
0.023005 10.6599
0.0222733 8.54315
0.0216201 8.55654
0.0160033 8.03752
0.0157233 7.33353
0.0141998 9.05074
0.00712824 11.2032
0.00615594 11.6968
0.00464721 8.63369
0.00224791 12.3136
0.00170725 8.38435
0.00161906 8.64923
0 0 0 0 0.249885 0 0 0 0 0.750115 
0 0 0 0 0 0 1 0 0 0 
0 0 0 0 0 0 0 1 0 0 
0 0 0 0 0 0 0 0 0 1 
0 0 0 1 0 0 0 0 0 0 
0 0 1 0 0 0 0 0 0 0 
0 0 0 0 0 0 0 1 0 0 
0 0 0 1 0 0 0 0 0 0 
0 0 0 0 0.686985 0 0 0.313015 0 0 
0 0 0 0 1 0 0 0 0 0 
0 0 1 0 0 0 0 0 0 0 
0 0 0 1 0 0 0 0 0 0 
1 0 0 0 0 0 0 0 0 0 
0 0 0 0 0 0 0 0 0 1 
0 0 0 0 0 0.423075 0 0 0.576925 0 
0 1 0 0 0 0 0 0 0 0 
0 0 0.640135 0 0 0.359865 0 0 0 0 
0 0 0 0 0 0 0 0 1 0 
0 0 0 0 1 0 0 0 0 0 
0 0 0 0 0 0 0 1 0 0 
0 0 1 0 0 0 0 0 0 0 
0 0 1 0 0 0 0 0 0 0 
0 0 0 0 0 0 0 0 1 0 
0 0 0 0 0 0 0 1 0 0 
0 0 0 0 0 0 0 1 0 0 
0 0 1 0 0 0 0 0 0 0 
0 0 0 0.398099 0 0 0.601901 0 0 0 
0 0 0 0 0 0 0 0 0 1 
0 0 0 0 0 0 1 0 0 0 
0 0 0 0 0 0.250998 0 0 0.749002 0 
0 0 0 1 0 0 0 0 0 0 
0 0 0 0 0 1 0 0 0 0 
0 0 0 1 0 0 0 0 0 0 
0 0 0 0 0 1 0 0 0 0 
0 0.151237 0 0 0 0 0.399752 0 0.449011 0 
0 0 0 0 0 1 0 0 0 0 
0 1 0 0 0 0 0 0 0 0 
0 0 0 0 1 0 0 0 0 0 
0 0 0 0 0.236395 0.763606 0 0 0 0 
0 0 0.550813 0 0 0.449187 0 0 0 0 
0 0 0 0 1 0 0 0 0 0 
0 1 0 0 0 0 0 0 0 0 
0 0 0 1 0 0 0 0 0 0 
0 0.606909 0 0.136273 0 0.256818 0 0 0 0 
0.633653 0 0 0 0 0 0 0 0.366347 0 
1 0 0 0 0 0 0 0 0 0 
0.449537 0 0 0.550463 0 0 0 0 0 0 
0 0 0 0 0 0 0 0 0.718659 0.281341 
0 0 0 0 0 0 0 0 0 1 
0.439852 0 0 0 0.560148 0 0 0 0 0 
0 0 0 0 0 0 1 0 0 0 
0 0 0 0 0 1 0 0 0 0 
0 0 0 0 0 0 0 1 0 0 
0 0 0 0 0 0 0 1 0 0 
0 1 0 0 0 0 0 0 0 0 
0 0 1 0 0 0 0 0 0 0 
0.370828 0.629172 0 0 0 0 0 0 0 0 
0 0 0 1 0 0 0 0 0 0 
0 0 0 0 0 1 0 0 0 0 
0 0 0 0 1 0 0 0 0 0 
0 0 1 0 0 0 0 0 0 0 
0 0 0 0 0 0 0 0 0 1 
1 0 0 0 0 0 0 0 0 0 
0 0 1 0 0 0 0 0 0 0 
0 1 0 0 0 0 0 0 0 0 
0 1 0 0 0 0 0 0 0 0 
0 0 0 0 0 1 0 0 0 0 
0 0 0 0 0 1 0 0 0 0 
0 0 0 0 0 0 0 1 0 0 
0 0 0 0 0.566678 0 0 0 0 0.433322 
0 0 0 0 0 1 0 0 0 0 
0 0 0 0 0 1 0 0 0 0 
0 0.800853 0 0 0 0 0 0 0 0.199146 
1 0 0 0 0 0 0 0 0 0 
0 0 0 0 1 0 0 0 0 0 
0 0 0 1 0 0 0 0 0 0 
0 0 0 0 0 0 0 0 0 1 
0 0 1 0 0 0 0 0 0 0 
0 0 0 0 0 0 0 0 0 1 
0 1 0 0 0 0 0 0 0 0 
0.459368 0 0 0 0 0 0 0 0 0.540632 
0 0 0 0 0 0 0 0 1 0 
1 0 0 0 0 0 0 0 0 0 
0 0 0 0 0 0 0 0 0 1 
0 0 0 0 0 0 0 1 0 0 
0 0 0 0.639061 0 0 0.360939 0 0 0 
0 1 0 0 0 0 0 0 0 0 
0 0 0 0 0 0 0 0 0 1 
1 0 0 0 0 0 0 0 0 0 
1 0 0 0 0 0 0 0 0 0 
0 0 0 0 0 1 0 0 0 0 
0 1 0 0 0 0 0 0 0 0 
0 0 0 0 0 1 0 0 0 0 
0 0 0 0 0 1 0 0 0 0 
0.490238 0 0 0 0 0 0 0.509762 0 0 
0 0 0 0 0 0 1 0 0 0 
0 0 0 0 0 0 0.336501 0 0 0.663499 
0 0 0 0 1 0 0 0 0 0 
0 0 0 0 0 0 0 0 0 1 
0 0 0 0 0 0 0 1 0 0 
0 0 0 0 0 0 0 1 0 0 
0 0 0 0 0 0 0 0 0 1 
0 0 0 0 0 1 0 0 0 0 
0 1 0 0 0 0 0 0 0 0 
0 0 0 0 0 0 0 0 0 1 
1 0 0 0 0 0 0 0 0 0 
0 0 0 0 0 1 0 0 0 0 
0 0 0 0 0 0 0 0 0.787407 0.212593 
0 0 0 0 0 0 1 0 0 0 
0 0 0 0 0 0 1 0 0 0 
0 1 0 0 0 0 0 0 0 0 
0 0 1 0 0 0 0 0 0 0 
0 0 0 0 0 0 0 0 1 0 
0 0.655907 0 0 0 0 0 0 0 0.344093 
1 0 0 0 0 0 0 0 0 0 
0 0 0 0 1 0 0 0 0 0 
0 0 1 0 0 0 0 0 0 0 
0 0 0 0 0 0 0 0.486349 0 0.513651 
0 0 0 1 0 0 0 0 0 0 
0 0 0 1 0 0 0 0 0 0 
0 1 0 0 0 0 0 0 0 0 
0 0 0 0 0 0 0 1 0 0 
0 0 0.183669 0 0 0 0.35975 0.456582 0 0 
0 0 0 0 0 0 1 0 0 0 
0 0 1 0 0 0 0 0 0 0 
0 0 0 0 0 0 0.457379 0.542621 0 0 
0 0 0 0 0 1 0 0 0 0 
0 0 0 0 0 0 1 0 0 0 
0 0 0 0 0 0 0.599929 0 0.400071 0 
0 0 1 0 0 0 0 0 0 0 
0 0 0 0 0 0 1 0 0 0 
0 0 0 0 0 1 0 0 0 0 
0 0 1 0 0 0 0 0 0 0 
0 0 0 0 0 0 0 1 0 0 
0 0 1 0 0 0 0 0 0 0 
0 0 0 0 0 0 0 0 0 1 
0 0 0 0 0 1 0 0 0 0 
1 0 0 0 0 0 0 0 0 0 
0 0 0 0 1 0 0 0 0 0 
0 0 0 0 0 0.595084 0 0.404916 0 0 
1 0 0 0 0 0 0 0 0 0 
0 1 0 0 0 0 0 0 0 0 
0 0 1 0 0 0 0 0 0 0 
0.665527 0 0.334473 0 0 0 0 0 0 0 
0 0 0 0 0 1 0 0 0 0 
0 0 0 0 0 1 0 0 0 0 
1 0 0 0 0 0 0 0 0 0 
0 1 0 0 0 0 0 0 0 0 
0 0 0 0 1 0 0 0 0 0 
0 0 0 0 0 0 0 0 1 0 
0 0 0 0 0 0 0 0 0 1 
1 0 0 0 0 0 0 0 0 0 
0 0 0 0 0.213725 0 0.786275 0 0 0 
0 0 0 0 0 0 0 0 1 0 
0 0 0 0 0 0 0 1 0 0 
0 0 0 0 0 0 1 0 0 0 
0 0 0 0 0 0 0 1 0 0 
0 0 0 1 0 0 0 0 0 0 
0 0 0 0 0 0 1 0 0 0 
0 0 0 0 0 0 0 1 0 0 
0 0 0 0 0 0 0 1 0 0 
0 0 0 1 0 0 0 0 0 0 
0 0 0 0 1 0 0 0 0 0 
0 1 0 0 0 0 0 0 0 0 
0 0 0 1 0 0 0 0 0 0 
0 0 0 0 0 0 1 0 0 0 
0 0 0 0 0 0 0 0 1 0 
0 0 0 0 0 0.517051 0 0 0.482949 0 
0 0 0 0 0 0 0 0 1 0 
0 0 1 0 0 0 0 0 0 0 
0 1 0 0 0 0 0 0 0 0 
0 0 0 1 0 0 0 0 0 0 
0 0 0 0 0.531691 0 0 0 0.468309 0 
0 0 0 0 0 0 0 1 0 0 
0 0 1 0 0 0 0 0 0 0 
0 0 0 0 0 0 1 0 0 0 
0 0 0 0 0 0 0 0 1 0 
0 0 0 0 0 0 0 0 1 0 
0 0 0 0 0 1 0 0 0 0 
0 0 0.798171 0 0 0.201829 0 0 0 0 
0 0 0 0 0 0 0 0 0 1 
0 1 0 0 0 0 0 0 0 0 
0 0 0 0.87095 0 0.12905 0 0 0 0 
1 0 0 0 0 0 0 0 0 0 
0 0.56269 0 0 0 0 0 0.43731 0 0 
0 0.366594 0 0 0 0 0 0 0 0.633406 
0 0 1 0 0 0 0 0 0 0 
0 0 0 0 0 0 0 1 0 0 
0 1 0 0 0 0 0 0 0 0 
0 0 0 0 0 1 0 0 0 0 
0 1 0 0 0 0 0 0 0 0 
0 0 0 0.0691431 0 0 0 0.431766 0.49909 0 
0 0 1 0 0 0 0 0 0 0 
0 0 0 1 0 0 0 0 0 0 
1 0 0 0 0 0 0 0 0 0 
0 0 0 0 0 0 0.722345 0 0.277655 0 
0 0 0 1 0 0 0 0 0 0 
0 0 0 0 0 0 0 1 0 0 
0 0 0 0 0 0 0 0 1 0 
0 0 1 0 0 0 0 0 0 0 
0 1 0 0 0 0 0 0 0 0 
0 0 0 0 0 1 0 0 0 0 
0 0 0 0 0 1 0 0 0 0 
0 0 0 0 0.745899 0 0 0 0 0.254101 
0 0 0 0 0 0 0 0 1 0 
0 0 0 0 0 0 0 0 0 1 
0 1 0 0 0 0 0 0 0 0 
0 0.415658 0 0 0 0 0 0 0 0.584342 
0 0 0 1 0 0 0 0 0 0 
0 1 0 0 0 0 0 0 0 0 
0 0 0 0 0 0 0 0 1 0 
0 0 0 0.486373 0 0 0 0 0 0.513627 
0 0 0 0 0 1 0 0 0 0 
0 1 0 0 0 0 0 0 0 0 
0 0 0 0 0 0 0 0 1 0 
1 0 0 0 0 0 0 0 0 0 
0 0 0 0 0 1 0 0 0 0 
0 0 0 1 0 0 0 0 0 0 
0 0 0 0 0 0 0 0 1 0 
0 0 0 0 0 0 0 1 0 0 
0 0 0 0 0 0 1 0 0 0 
0 0 0 0 0 1 0 0 0 0 
0 0 0 0 0 0 0 0 0 1 
0.33917 0 0 0 0 0 0 0 0 0.66083 
0 0 0 0 0 0 0 0 1 0 
0 0 0 0 0 0 1 0 0 0 
0 0 0 0 0 0 0 0 0 1 
0 0 0 0 0 0 0 0 1 0 
1 0 0 0 0 0 0 0 0 0 
0 0 0 0 0 0 0.462143 0 0 0.537857 
0 0 0 0 1 0 0 0 0 0 
0.527961 0 0 0 0.396531 0 0 0 0 0.0755073 
0 0.274944 0 0 0 0.725056 0 0 0 0 
0 1 0 0 0 0 0 0 0 0 
0 0 0.18858 0 0 0 0 0 0 0.81142 
0.400342 0 0 0 0 0 0.599658 0 0 0 
0 0 0 0 0 1 0 0 0 0 
0 0 0 1 0 0 0 0 0 0 
0 1 0 0 0 0 0 0 0 0 
0 0 0 0 0 0 0 1 0 0 
0 0 0 0 0 0 1 0 0 0 
0 0 0 0 0 0 1 0 0 0 
0 0 0 1 0 0 0 0 0 0 
0 0.841428 0 0 0 0 0 0 0.158572 0 
0 0 0 0 0 1 0 0 0 0 
0 0 0 0 1 0 0 0 0 0 
0 1 0 0 0 0 0 0 0 0 
0 0 0 0 0 0 0 0 0.501667 0.498333 
0 0 0 0 0 0 1 0 0 0 
0 0.579771 0 0 0 0 0 0 0.420229 0 
0 0 0 0 0 0 0 0 0 1 
0 0 1 0 0 0 0 0 0 0 
0 0 0 0 0 0 0 0 1 0 
0 0 0 0 0 0 0 0.815598 0.184402 0 
1 0 0 0 0 0 0 0 0 0 
1 0 0 0 0 0 0 0 0 0 
0 0 0 0 0 0 0.547543 0 0 0.452457 
0 0.667964 0 0.332036 0 0 0 0 0 0 
0 1 0 0 0 0 0 0 0 0 
0 0 0 0 0 0 0 1 0 0 
0 0 0 0 0 1 0 0 0 0 
0 0 0 0 0 0 1 0 0 0 
0 0 0 0 0 0 1 0 0 0 
0 0 0 1 0 0 0 0 0 0 
0 0 0 0 0 0 1 0 0 0 
0 0 0 0 0 0 0 0 0 1 
0 0 0 0 0 0 0 1 0 0 
0 0 0 0 0 0 0 0 0 1 
0 0 0 0 0 0 0 1 0 0 
0 0 0 0 0 0 1 0 0 0 
0 0 0 0 1 0 0 0 0 0 
0 0 0 0 0 1 0 0 0 0 
0 0 0 0 0.511405 0.488595 0 0 0 0 
0 0 0 0 0 0 1 0 0 0 
0 0 0 0 1 0 0 0 0 0 
0 0 0 1 0 0 0 0 0 0 
0 0 0 0 0 0 1 0 0 0 
0 0 0 0 0 0 1 0 0 0 
0 0 0 0 0 1 0 0 0 0 
0 0 0 0 0 1 0 0 0 0 
0 0 0 0 1 0 0 0 0 0 
0 0 0 0 0 0 0 1 0 0 
0 0 0 0 0 0 1 0 0 0 
0 0 0 0 0 0 0 1 0 0 
0 0 0 0 0 1 0 0 0 0 
0 0 0 0.730341 0 0 0 0 0 0.269659 
0 1 0 0 0 0 0 0 0 0 
0 0 1 0 0 0 0 0 0 0 
0 0 0 0 0 0 0 0 1 0 
0 0 1 0 0 0 0 0 0 0 
0 0 0 1 0 0 0 0 0 0 
0 0 1 0 0 0 0 0 0 0 
0 0 0 0 0 1 0 0 0 0 
0 0 0 0 1 0 0 0 0 0 
0 0 0 0 0 0 0 0 1 0 
0 0 1 0 0 0 0 0 0 0 
0 0 0 0 0 1 0 0 0 0 
0 0 0 0 1 0 0 0 0 0 
0 0 0 0 0 0 1 0 0 0 
0 0 0 0 0 0 1 0 0 0 
