10 50
0.283379
0.637042
0.502596
0.561353
0.639807
0.716812
0.649892
0.321386
0.449526
0.719535
10.4775 0.266178
9.50979 0.168788
9.03093 0.749116
8.93301 1.18406
8.67794 0.699249
8.64609 1.09451
8.24648 1.41194
8.01074 0.798063
7.67477 1.38931
7.52521 0.708686
7.34769 1.82373
6.63954 1.14067
6.58428 0.822505
6.41259 2.16248
6.16527 2.3424
5.71749 1.87596
5.66412 3.06934
5.32752 1.84619
5.27922 2.11969
5.1143 2.56654
3.75227 3.8066
3.66742 2.89645
3.34751 4.80211
3.2884 4.22144
2.92805 4.5028
2.69952 3.44404
2.47036 4.29686
2.34508 4.86304
2.17284 3.68831
2.06016 6.22659
1.58699 5.49486
1.42883 7.56046
1.32789 7.7782
1.27997 7.17893
1.16917 5.20265
1.11746 6.75719
1.0537 6.46402
0.993699 7.57743
0.988509 6.63078
0.818566 6.02728
0.749937 6.87494
0.643927 7.53293
0.567982 7.79222
0.437165 7.33069
0.373225 8.16069
0.366301 9.1693
0.170568 11.0024
0.0409507 7.96161
0.0371609 9.43194
0.0199331 10.5164
0 0 0 1 0 0 0 0 0 0 
0 0 0 0 0 0 0 0 1 0 
0 0 0 0 0 0 0 1 0 0 
0.352365 0.647635 0 0 0 0 0 0 0 0 
0 0 0 1 0 0 0 0 0 0 
0 1 0 0 0 0 0 0 0 0 
0 0.241622 0 0 0 0 0.321175 0 0.437203 0 
0 0 0 1 0 0 0 0 0 0 
0 0 0 0 0 0 1 0 0 0 
0 1 0 0 0 0 0 0 0 0 
0 0 0.551773 0 0 0 0 0 0 0.448227 
0 0 1 0 0 0 0 0 0 0 
0 0 0 0 0 0 0 1 0 0 
0 0 0 0 0 0 0.468589 0.531411 0 0 
1 0 0 0 0 0 0 0 0 0 
0 0 0 0 0 1 0 0 0 0 
0 0 0.382765 0 0 0 0 0.617235 0 0 
0 0 0.548288 0 0.451712 0 0 0 0 0 
0 0 1 0 0 0 0 0 0 0 
1 0 0 0 0 0 0 0 0 0 
0 1 0 0 0 0 0 0 0 0 
0 0 0 0 1 0 0 0 0 0 
0 0 0.507639 0 0.492361 0 0 0 0 0 
0 1 0 0 0 0 0 0 0 0 
0 1 0 0 0 0 0 0 0 0 
0 0 0 0 0 1 0 0 0 0 
0 0 0 0 0 0 0 0 0 1 
0 0 0 1 0 0 0 0 0 0 
1 0 0 0 0 0 0 0 0 0 
0 0 0 1 0 0 0 0 0 0 
0 0 0 1 0 0 0 0 0 0 
0 0 0 0 0 1 0 0 0 0 
0 0 0 0 0.688397 0 0 0 0 0.311603 
0 0 0 0 0 1 0 0 0 0 
1 0 0 0 0 0 0 0 0 0 
0 0 1 0 0 0 0 0 0 0 
0 0 0 0 0 0 0 1 0 0 
0 0 0 0 1 0 0 0 0 0 
0 0 0 0 1 0 0 0 0 0 
0 0 0.533598 0 0.466402 0 0 0 0 0 
0 0 0 0 0 0 0 0 1 0 
0 0 0 0 0 0 1 0 0 0 
0 0 0 0 0 0 1 0 0 0 
0 0 0 0 0 1 0 0 0 0 
0 0 0 0 0 0 0 0 0 1 
0 0 0 0 0 0 0 1 0 0 
0 0 0 0 0 0 0 0 0 1 
0 0 0 0 0 0 0 0 0 1 
1 0 0 0 0 0 0 0 0 0 
0 0 0 0 0 0 0 0 0 1 
