5 50
0.41787
0.40607
0.579048
0.637602
0.704755
11.3172 0.45176
11.0068 0.69132
10.9084 0.357473
10.7111 0.565411
9.26962 1.06129
8.64958 1.6949
8.10094 1.41604
7.48356 1.60483
7.08162 1.63887
6.99573 1.65845
6.51067 3.22044
6.25243 1.94939
6.2322 1.50207
5.546 2.44479
5.53628 1.25158
5.15321 2.18247
4.98134 2.42137
4.92925 3.64627
4.81769 3.42114
3.93238 3.53149
3.80579 3.45489
3.55295 3.97142
3.49742 3.49264
2.94591 4.47018
2.81531 5.98107
2.78021 5.67417
2.38805 4.21636
2.32497 5.16293
2.22973 6.37682
1.92006 6.18279
1.62623 4.75809
1.58761 6.76907
1.48621 6.56413
1.41894 4.96506
1.31584 5.34793
1.05399 7.85709
1.01413 8.65193
0.775453 7.83719
0.635338 8.87236
0.410207 5.97303
0.252526 8.04901
0.218504 9.28271
0.165086 9.34165
0.0883925 7.80734
0.0697855 8.68958
0.0639319 10.6716
0.0521802 9.30568
0.0308432 8.16605
0.0120713 9.90458
0.000947925 11.8391
0 0 0 0 1 
0 0 0 0 1 
0.275015 0 0 0.724985 0 
0 0.391366 0 0 0.608634 
0 0 0 0 1 
0.747199 0 0 0.252801 0 
0 0 1 0 0 
0 0 1 0 0 
0 1 0 0 0 
0 0 0 1 0 
0 0 1 0 0 
0 1 0 0 0 
0 0 0 0 1 
0 0 1 0 0 
0 0 0 0 1 
1 0 0 0 0 
0 1 0 0 0 
0.113967 0 0 0.886033 0 
0 0 1 0 0 
0 0 0 0.588741 0.411259 
0 0 0 0 1 
0 1 0 0 0 
0 1 0 0 0 
0 0 0 1 0 
0 0 0 0 1 
0 0 0 0 1 
0 0 1 0 0 
1 0 0 0 0 
0 0 0 0 1 
0 0 0 0.511362 0.488638 
0 0 0 0 1 
0 0 1 0 0 
0 0 0 1 0 
0 1 0 0 0 
0 0 0 0 1 
0 0 0 1 0 
1 0 0 0 0 
0 0 1 0 0 
0.322391 0 0 0 0.677609 
1 0 0 0 0 
0 0 0 1 0 
0 1 0 0 0 
0.340306 0.659694 0 0 0 
0 0 0 0.712649 0.287351 
0 0 0 1 0 
0 0 0 1 0 
0.430772 0 0 0 0.569228 
1 0 0 0 0 
1 0 0 0 0 
0 0 0 0 1 
