10 200
0.508679
0.613232
0.295249
0.322018
0.665899
0.392793
0.28451
0.43945
0.628614
0.593578
11.7252 0.10713
11.3914 0.352715
11.2043 0.213489
10.8856 0.621518
10.2554 0.881899
9.79713 1.12474
9.75923 0.538009
9.68402 0.316187
9.60397 1.19881
9.21121 0.228265
9.19897 0.391146
9.18779 0.382041
8.98999 1.54746
8.96251 0.638353
8.81994 0.689911
8.58349 0.518489
8.49628 0.957522
8.39093 0.166025
8.24652 0.420349
8.2404 2.06214
8.22353 1.10145
8.1918 1.49399
8.18971 1.61406
8.12114 0.536477
7.91451 0.752414
7.89887 0.467416
7.81599 0.782636
7.67938 1.66972
7.27894 0.280079
7.25414 1.80349
7.22115 1.09704
7.20467 2.03631
7.1807 2.13091
7.11555 1.566
7.10321 2.01918
7.00454 0.575532
6.99265 1.99199
6.96886 0.99639
6.94354 1.9945
6.80788 1.80668
6.79682 0.984775
6.62771 2.50582
6.61947 2.46765
6.59379 1.35056
6.52909 3.03831
6.42313 2.40064
6.38535 2.9687
6.2359 1.40262
6.20238 0.799647
6.11902 1.77587
6.08338 1.87338
5.93521 1.4177
5.84118 2.72504
5.8132 2.02397
5.59836 1.57694
5.51469 3.23028
5.50562 1.76472
5.4443 1.81384
5.40461 2.88105
5.36444 2.56024
5.35362 2.72931
5.15735 3.63966
5.12923 3.69101
5.08906 2.97226
4.8733 3.22618
4.80106 2.50127
4.7408 3.49455
4.6984 3.13012
4.63631 1.94429
4.51365 2.27539
4.46334 2.6221
4.33022 2.80092
4.22875 2.33211
4.16187 3.35049
4.12615 2.38946
4.101 4.04891
3.98059 3.08095
3.96735 3.55978
3.94841 3.63178
3.90752 4.62795
3.8922 3.43427
3.83977 4.1043
3.77732 4.93736
3.72506 3.63798
3.6956 3.45924
3.62694 3.32409
3.61077 4.60554
3.56193 2.80561
3.5528 3.86268
3.53711 2.91474
3.41576 4.53998
3.40394 2.75565
3.39773 3.26888
3.32968 4.40226
3.3043 3.00713
2.99179 5.55023
2.9725 3.58478
2.91 4.54402
2.71056 4.88173
2.55363 3.97535
2.54871 5.17106
2.53012 4.83975
2.45509 5.0492
2.44038 5.71601
2.43355 5.05024
2.41618 3.60223
2.20479 5.56642
2.20026 5.84783
2.18904 3.86305
2.18532 6.59334
2.17665 6.08903
2.16502 5.20607
2.09608 3.96057
2.09292 5.57499
2.07448 4.65649
2.02754 4.40603
1.99173 6.1992
1.93608 7.32673
1.89294 5.36102
1.88615 5.99455
1.85645 6.62753
1.76839 5.62233
1.75139 4.32644
1.71486 7.68515
1.68868 4.8016
1.67494 6.51742
1.63868 4.91828
1.45056 5.58042
1.44513 6.89243
1.42047 5.05252
1.35851 5.39068
1.34248 5.25886
1.32245 6.90945
1.32124 7.54183
1.28205 5.23558
1.27565 4.83533
1.10519 6.73872
1.05258 6.97174
1.04786 5.36998
0.981018 8.14737
0.915169 7.10353
0.859021 6.88832
0.853986 6.6674
0.853526 8.00172
0.803899 6.69791
0.780545 5.91588
0.689648 7.25423
0.683371 8.9902
0.682821 7.02736
0.611033 6.6826
0.599354 8.13008
0.595275 9.00441
0.564874 6.32071
0.546673 9.3247
0.527427 7.82877
0.51784 7.6848
0.488024 7.65158
0.471869 8.52311
0.447394 6.04429
0.405992 7.04448
0.393454 6.56988
0.361753 9.63533
0.35502 8.25463
0.340724 10.1622
0.300763 6.87653
0.290321 6.78804
0.273555 8.67187
0.211592 8.36382
0.183184 6.81836
0.167932 7.12837
0.164341 10.4804
0.157234 10.3326
0.15487 10.305
0.144881 11.1379
0.133585 9.05435
0.124704 8.09832
0.124029 7.05068
0.105201 9.3724
0.104558 7.97256
0.0936013 10.5219
0.0880953 10.272
0.0869709 7.3901
0.0858659 8.16153
0.0752909 8.1671
0.0522059 9.78018
0.0510217 9.54135
0.0417881 9.93879
0.0326092 9.13215
0.0306261 9.49491
0.0298637 10.6366
0.0290802 10.3966
0.0262624 7.44211
0.0261262 11.0872
0.0240787 8.36211
0.020869 11.7099
0.01554 10.7353
0.0102299 11.6153
0.0085934 9.34281
0.00426229 9.21913
0.00197745 11.8685
0 0 0 0 1 0 0 0 0 0 
0 0 0 0 0 0 0 1 0 0 
1 0 0 0 0 0 0 0 0 0 
0 0 0 0 0 0 0 0 0 1 
0 0 0.537703 0 0 0 0 0 0.462297 0 
0 0 0 0 1 0 0 0 0 0 
0 0 0 0.214813 0.785187 0 0 0 0 0 
0 0 0 0 0 0 1 0 0 0 
0 0 0 0 0 0 0 0 0 1 
0 0 0.256115 0 0 0 0 0 0 0.743885 
0 0 0 0 0 0 0 1 0 0 
0 0 0 1 0 0 0 0 0 0 
0 0 0 1 0 0 0 0 0 0 
0 0 0 1 0 0 0 0 0 0 
0 0 0 0 0 0 0 1 0 0 
0 0 0 1 0 0 0 0 0 0 
0 0 0 0 0 0 0 0 1 0 
0 0 0 0 0 1 0 0 0 0 
0 0 0 0 0 1 0 0 0 0 
0 0 0 0.507735 0 0 0 0.492265 0 0 
1 0 0 0 0 0 0 0 0 0 
0 0 0 0 0 1 0 0 0 0 
0 0 0 0 0 0 0 1 0 0 
0 0 0 0 0.514495 0 0 0 0.485505 0 
0 0 0 0 0 1 0 0 0 0 
0 0 0 0 0 0 0 0 0 1 
0 0 0 0 0 0 0 0 0.282667 0.717333 
0.553995 0.446005 0 0 0 0 0 0 0 0 
0 1 0 0 0 0 0 0 0 0 
1 0 0 0 0 0 0 0 0 0 
0 0.362221 0 0 0 0 0 0 0.637779 0 
0 1 0 0 0 0 0 0 0 0 
0 0 0 0 0.551846 0.448154 0 0 0 0 
0 0 0 0 0 0 0 0 0 1 
0 1 0 0 0 0 0 0 0 0 
0 0 0 0 0 0 0 0 0 1 
0.266253 0 0.733747 0 0 0 0 0 0 0 
0 0 0 0 0 0 0 1 0 0 
0 0 0 0 0 0 0 1 0 0 
0 0 0.738354 0 0 0 0.261646 0 0 0 
0 0 0 0.283748 0 0 0 0.509745 0.206507 0 
0 0 0 0 0 1 0 0 0 0 
0 0 0 0 0 0 0 0 1 0 
0 0 0 0 0.25992 0 0 0.74008 0 0 
0 0 0 0 0 0 0 0 1 0 
0 0 0 0 0 0 0 0 1 0 
0 0 0 1 0 0 0 0 0 0 
0 0.626577 0 0 0 0 0.373423 0 0 0 
0 0 0 0 0 0 0 1 0 0 
0 0 0 0 0 0 0 0 0 1 
0 0 0 1 0 0 0 0 0 0 
0 0 1 0 0 0 0 0 0 0 
0 0 0 1 0 0 0 0 0 0 
0 0 0 0 0 1 0 0 0 0 
0 0 0 0 0 0 1 0 0 0 
0 0 0 1 0 0 0 0 0 0 
0 0 0 0 0 0 0 1 0 0 
0 0 0 0 0 0 0 0 0 1 
0 0 0.529283 0.470717 0 0 0 0 0 0 
0 0 0 0 0 1 0 0 0 0 
0 0 0 0 0 0 1 0 0 0 
0 0 0 1 0 0 0 0 0 0 
0 0 0 0 1 0 0 0 0 0 
0 0 0 0 0 0 0 1 0 0 
0 0 0 0 1 0 0 0 0 0 
0 1 0 0 0 0 0 0 0 0 
0 0 0 0 0 0 1 0 0 0 
0 0 0 1 0 0 0 0 0 0 
0 0 0 0 1 0 0 0 0 0 
0 1 0 0 0 0 0 0 0 0 
0.745708 0 0 0 0 0.254292 0 0 0 0 
0 0 0 0 1 0 0 0 0 0 
0 0 0 0.328201 0 0 0 0.671799 0 0 
0 0 1 0 0 0 0 0 0 0 
0.625927 0 0 0 0 0 0 0 0 0.374073 
1 0 0 0 0 0 0 0 0 0 
0 1 0 0 0 0 0 0 0 0 
0 0 0 0 0 0 1 0 0 0 
0 0 0 0 0 0 0 1 0 0 
0 0 0 0 0 0 0 1 0 0 
0 1 0 0 0 0 0 0 0 0 
1 0 0 0 0 0 0 0 0 0 
0 0 0.317215 0 0 0 0.682785 0 0 0 
0 0 0 0 0 0 0 0 0 1 
0 0 1 0 0 0 0 0 0 0 
0 0 0 0 0 0 0 1 0 0 
0.461794 0 0 0 0 0 0.538206 0 0 0 
1 0 0 0 0 0 0 0 0 0 
0 0 0 0 1 0 0 0 0 0 
0 0 0 0 0 0 0 0 1 0 
1 0 0 0 0 0 0 0 0 0 
0 0 1 0 0 0 0 0 0 0 
0 1 0 0 0 0 0 0 0 0 
0 0 0 0 0 0 0 1 0 0 
0 0 0 1 0 0 0 0 0 0 
0 1 0 0 0 0 0 0 0 0 
0 0 0 0 1 0 0 0 0 0 
0 0 0 0 1 0 0 0 0 0 
0 0 0 0 0 1 0 0 0 0 
0 0 0 0 1 0 0 0 0 0 
0 0 0 0 1 0 0 0 0 0 
0 1 0 0 0 0 0 0 0 0 
0 0 1 0 0 0 0 0 0 0 
0 1 0 0 0 0 0 0 0 0 
0 0 0 1 0 0 0 0 0 0 
0 0.478393 0 0.521607 0 0 0 0 0 0 
0 0 0 0 0 0 0 1 0 0 
0 0 0 0 0 0 1 0 0 0 
0 0 0 0 0 0 1 0 0 0 
0 0 0 0 0 0 0 0 1 0 
0 0 0 0 0 0.860729 0 0 0 0.139271 
0 0 0 0 0 1 0 0 0 0 
0 0 1 0 0 0 0 0 0 0 
1 0 0 0 0 0 0 0 0 0 
0 0 0 0.479959 0 0.520041 0 0 0 0 
0 0 0 0 0 1 0 0 0 0 
0 0 0 0 0 1 0 0 0 0 
0 0 0 0 0 0 0 0 1 0 
0 0 0 0 0 0 0 0 1 0 
0 0 0 0 0 0 1 0 0 0 
0.549985 0 0 0.349286 0 0 0 0 0 0.100729 
0 0 0 0 0 0 1 0 0 0 
0 0 0 0 0 0 0 1 0 0 
0 0 0 0 0 0 1 0 0 0 
0.565737 0.0955951 0 0 0 0 0 0.338667 0 0 
0 0 0 1 0 0 0 0 0 0 
0 0 0 0 1 0 0 0 0 0 
0.495536 0 0 0 0 0 0 0 0 0.504464 
0 0 0 0 0 0 0 0.500611 0.499389 0 
0 0 0 0 1 0 0 0 0 0 
0 0 0 0 1 0 0 0 0 0 
0 0 0 0 0 0 0 0 1 0 
0 0 0 0 0 0 0 1 0 0 
0.578019 0 0 0 0 0 0 0 0.421981 0 
0 0 0 0 0 0 0 1 0 0 
0.442757 0 0 0 0 0 0 0.557243 0 0 
0 0.648075 0 0 0 0 0.351925 0 0 0 
0 0 0 1 0 0 0 0 0 0 
0 0 0 0 0 0 1 0 0 0 
0 0 0 0 0 0 1 0 0 0 
0 0 0 0 1 0 0 0 0 0 
1 0 0 0 0 0 0 0 0 0 
0 0 0 0 0 0 0 0 1 0 
0 0 0 0 0 0 1 0 0 0 
0 0 0 0 0 0 0 0 0 1 
0 0 0 0 0 0 0 1 0 0 
0 0.698063 0 0 0 0 0 0.301937 0 0 
0 0 0 1 0 0 0 0 0 0 
0 0 0 0 1 0 0 0 0 0 
0 0 0 1 0 0 0 0 0 0 
0 0 0 0 0 0 0 1 0 0 
0 0 0 0 0 0 0 0 1 0 
0 0 0.733495 0 0 0.266505 0 0 0 0 
0 0 0 0 0 0 0 1 0 0 
0 1 0 0 0 0 0 0 0 0 
0 0 0 0 0 0 1 0 0 0 
0 0 0 0 1 0 0 0 0 0 
0 0 0.390955 0 0 0.609045 0 0 0 0 
0 0 0 0 0 1 0 0 0 0 
0 0 0 0 0 0 0 0 0 1 
0 0 1 0 0 0 0 0 0 0 
0 0 0 0 0 0 0 0 1 0 
0 0.766159 0 0.233841 0 0 0 0 0 0 
0 1 0 0 0 0 0 0 0 0 
0 0 0 0.653224 0.346776 0 0 0 0 0 
0 0 0 0 0.840101 0 0 0 0 0.159899 
0 0 0 0 0 0 0 1 0 0 
0 0 0 0 1 0 0 0 0 0 
1 0 0 0 0 0 0 0 0 0 
0 0 0 0 1 0 0 0 0 0 
0 0 0 0 0 0 1 0 0 0 
0 0.813037 0 0 0 0 0 0 0.186963 0 
0 0 0 0 0 0 0 1 0 0 
0 0 0 1 0 0 0 0 0 0 
0 0 0 0 0 0 1 0 0 0 
0 0 0 0 0 0 0 1 0 0 
0 0 0 0 0 0 0 0 0 1 
0 1 0 0 0 0 0 0 0 0 
0 0 0 0 0 0 1 0 0 0 
0 1 0 0 0 0 0 0 0 0 
0 0 0 0 0 0 0 0 0 1 
0 1 0 0 0 0 0 0 0 0 
0 0 0 0 0 0 0 0 0 1 
0 0 0 0 0 0 0 0 1 0 
0 0 0 0 0 0 0 0 1 0 
0 1 0 0 0 0 0 0 0 0 
0 0 0 0 1 0 0 0 0 0 
0 0 0 0 0 1 0 0 0 0 
0 0 0 0 0 1 0 0 0 0 
0 0 0 1 0 0 0 0 0 0 
0 1 0 0 0 0 0 0 0 0 
0 0 0 0 0 0 0 0 0 1 
0 0 0 0 0 0 0 1 0 0 
0 0 0 0 1 0 0 0 0 0 
0 0 0 0 0 1 0 0 0 0 
0 0 0 0 1 0 0 0 0 0 
0 0 0 0 0 0 1 0 0 0 
1 0 0 0 0 0 0 0 0 0 
0 1 0 0 0 0 0 0 0 0 
0 0 0 0 1 0 0 0 0 0 
