10 500
0.409969
0.744005
0.40892
0.316081
0.455406
0.747372
0.636133
0.507658
0.635208
0.510222
12.2155 0.111443
11.6476 0.0895658
11.4792 0.281978
11.4699 0.400655
11.2098 0.12169
10.8299 0.515066
10.6408 0.265102
10.5635 0.25764
10.5442 0.780388
10.492 0.644445
10.4213 0.797748
10.3005 0.98676
10.1254 0.685511
9.96284 0.147951
9.92156 0.125588
9.84486 0.647364
9.80178 0.687324
9.7065 0.189175
9.58854 0.749835
9.52863 0.786581
9.44503 0.419217
9.41742 0.74165
9.27642 0.41759
9.08012 1.2676
8.9943 1.22808
8.9091 0.703461
8.90288 0.545484
8.89764 1.07836
8.87604 1.68331
8.81826 0.865221
8.64135 1.66417
8.59859 0.936701
8.35889 1.62457
8.33966 1.65962
8.33194 1.52377
8.32649 0.169176
8.28515 1.03999
8.14149 0.800753
8.12788 0.295073
8.05455 2.07114
8.03966 1.23374
8.00566 0.490635
7.92227 0.450712
7.88007 1.05472
7.86244 1.36785
7.83566 1.96675
7.8333 0.169884
7.74346 1.87202
7.74176 1.6804
7.6939 0.580816
7.68961 1.25486
7.68943 0.449271
7.66648 0.784789
7.65534 0.425415
7.59934 1.28421
7.57483 0.96068
7.541 1.10836
7.52918 1.60881
7.5204 1.56794
7.46917 1.59758
7.37131 0.451792
7.34605 1.51758
7.30826 1.98574
7.30816 0.438164
7.22927 1.27155
7.2194 1.86566
7.20826 1.28855
7.17364 1.89511
7.14292 0.566248
7.06943 0.385309
7.06823 2.35277
7.00729 2.1695
7.00548 0.6942
6.97742 1.87148
6.9609 2.43782
6.94614 1.91035
6.93501 1.3207
6.90697 1.42193
6.859 2.52517
6.83029 1.02679
6.80801 2.39789
6.77944 1.4462
6.75565 0.907899
6.73057 0.966901
6.72331 0.857005
6.71598 2.59017
6.68412 1.95747
6.68126 1.1441
6.48038 2.46688
6.42581 0.652233
6.40568 0.934792
6.33375 2.59169
6.27445 2.19829
6.26269 1.66562
6.23714 2.62868
6.21241 0.935613
6.20969 2.79835
6.2008 0.835927
6.18493 2.85729
6.15861 0.721351
6.12794 1.33281
6.12142 3.32803
6.11891 1.92416
6.06211 1.99254
6.05516 2.51689
6.01981 1.9884
6.01204 3.2609
5.99936 2.46091
5.96576 1.20029
5.94079 2.0097
5.91816 1.9448
5.90824 1.60984
5.8568 1.10029
5.85672 2.40827
5.82134 3.19689
5.77717 2.08842
5.76956 2.16772
5.72994 3.22452
5.7233 3.23992
5.70975 2.05959
5.69521 2.15281
5.69096 1.33329
5.64308 1.89433
5.57027 2.91531
5.53222 2.88432
5.51769 2.62856
5.51616 1.70372
5.44149 1.98978
5.41558 2.83677
5.34755 3.7577
5.31358 2.2534
5.14652 2.32304
5.11512 2.75276
5.11428 2.70504
4.97259 2.90903
4.95189 2.84577
4.95105 3.40602
4.90167 3.00865
4.89003 3.41274
4.8897 3.78744
4.88522 3.89326
4.87282 3.72504
4.86423 3.67977
4.84455 3.28719
4.82123 2.50297
4.8096 2.7917
4.78091 2.10215
4.76268 3.39541
4.76082 2.76956
4.73881 3.52951
4.70336 4.13633
4.61694 3.46413
4.59504 2.74152
4.58994 2.19357
4.58005 1.7787
4.56469 3.08148
4.56347 4.36475
4.56145 3.25845
4.54063 2.40529
4.53692 2.39625
4.53271 4.183
4.49694 3.00743
4.48743 2.51285
4.46288 3.72884
4.42734 2.58888
4.42241 3.18359
4.40399 3.35273
4.35287 3.81431
4.32045 2.81609
4.30344 3.06327
4.29279 3.46418
4.28263 3.60556
4.18022 4.72319
4.05268 3.42363
4.05259 4.25106
4.03461 4.26327
3.92916 3.37505
3.92825 4.07998
3.89248 4.7962
3.86285 4.79418
3.75411 3.00116
3.72309 2.65773
3.71503 4.11699
3.71472 4.62534
3.6815 3.80417
3.66377 4.13358
3.63226 4.54095
3.62425 5.0955
3.60602 4.80949
3.50487 2.79604
3.49619 4.52988
3.43999 4.71746
3.41918 4.85158
3.38895 4.86751
3.36514 3.168
3.35356 4.05906
3.33362 5.16098
3.29878 3.54508
3.25209 3.55055
3.19103 4.82328
3.13587 3.74567
3.12524 3.3944
3.12428 5.36491
3.09469 3.11539
3.08132 4.76552
3.06527 5.39293
3.06213 3.82286
3.05069 4.71713
3.02323 4.02376
2.98519 3.8511
2.96186 5.67385
2.95932 3.31341
2.94048 3.56621
2.9267 4.27582
2.92296 3.69327
2.89305 3.88326
2.84021 3.85639
2.83352 5.5123
2.82442 4.61611
2.80032 3.54969
2.78442 4.197
2.78053 6.35533
2.71938 3.79814
2.71872 4.32542
2.69532 3.37727
2.69529 6.27682
2.68281 4.24447
2.66296 5.2246
2.65415 3.99599
2.64786 4.82554
2.6451 5.85493
2.61034 4.10285
2.58454 4.6733
2.56833 4.4718
2.52964 4.13279
2.52266 4.25607
2.52179 4.48974
2.51162 5.12305
2.49304 4.34089
2.49088 4.68284
2.45035 4.45062
2.42444 4.69825
2.37981 6.19113
2.36834 4.69295
2.352 4.4969
2.34269 3.72777
2.32614 5.10906
2.26418 5.0822
2.25427 5.46752
2.25005 4.91337
2.22813 5.1471
2.20514 4.5824
2.19435 5.17075
2.15016 6.69261
2.14171 4.56224
2.12346 5.27247
2.09375 4.17102
2.04019 4.58173
2.01791 5.62421
1.98893 3.72031
1.96747 6.01197
1.93554 5.97653
1.89468 6.23995
1.89208 5.8194
1.8363 5.81896
1.83282 5.62648
1.81371 6.01969
1.80749 5.45224
1.7754 6.55009
1.76475 5.66438
1.73939 5.54916
1.73841 6.31763
1.73316 4.22116
1.72814 6.40852
1.72297 4.73475
1.71831 6.10536
1.71226 4.18754
1.70339 4.82081
1.69931 4.7837
1.67176 4.81565
1.64968 6.79046
1.61169 5.87918
1.60276 6.67322
1.59888 4.49378
1.57762 6.05718
1.55527 5.64189
1.55184 4.95785
1.53882 4.70293
1.52277 7.39919
1.5153 5.99064
1.49077 6.209
1.47352 5.44263
1.46762 7.27906
1.46333 6.6521
1.44378 4.87505
1.43712 4.60329
1.42632 6.49638
1.41113 5.17293
1.40684 5.2963
1.40533 5.49722
1.38643 7.73059
1.36967 5.2159
1.35463 4.80078
1.35145 5.60504
1.3442 5.37736
1.3436 5.1863
1.33885 6.98896
1.33489 5.00785
1.3321 6.07664
1.26909 5.5324
1.25069 5.97884
1.24667 7.69795
1.1589 7.91766
1.15762 5.2947
1.15143 6.61701
1.1505 8.32958
1.14021 6.90577
1.13192 5.12409
1.12946 5.82488
1.1226 7.28777
1.11147 6.47837
1.0833 5.20013
1.07982 5.26634
1.07464 6.76504
1.0606 8.52171
1.05334 8.6294
1.05302 5.32895
1.05109 5.74341
1.05102 5.74541
1.0465 7.04836
1.03538 6.05839
1.01904 7.527
0.993551 7.51007
0.981838 6.84645
0.980646 5.46051
0.972752 7.05979
0.963941 6.99303
0.943744 7.87051
0.939659 6.53837
0.893188 8.80116
0.876432 8.38574
0.872912 7.34939
0.871595 8.91006
0.864851 6.75441
0.853145 6.15263
0.825226 5.49809
0.81898 6.98175
0.818175 6.7715
0.774473 5.87779
0.771028 6.68674
0.765079 6.66962
0.759409 6.08344
0.742782 7.36086
0.740322 6.52579
0.731718 7.87766
0.710757 6.33365
0.706104 8.34793
0.705736 7.95403
0.699691 7.02971
0.690667 8.43477
0.688918 6.00366
0.671661 8.05856
0.644997 5.77235
0.644324 7.58351
0.640379 8.66074
0.633851 8.75959
0.62621 8.16343
0.622143 9.32098
0.601761 8.65452
0.579149 8.82279
0.570559 9.24323
0.568644 7.03365
0.56121 7.67013
0.561015 9.35337
0.557207 7.43516
0.551211 8.03846
0.551169 6.75343
0.546627 6.41006
0.533358 6.91668
0.529898 8.51389
0.513137 9.60541
0.512113 7.79966
0.502837 7.59551
0.496177 6.85046
0.490619 7.82303
0.479771 8.66977
0.478051 9.30307
0.477314 6.80341
0.471254 7.88755
0.468478 8.52848
0.467372 7.52712
0.46576 7.5892
0.45746 6.07584
0.448464 6.88407
0.447465 9.5852
0.433789 7.15143
0.432178 7.86894
0.421304 7.98881
0.410379 8.67517
0.408803 7.34777
0.397263 6.42228
0.369929 9.5397
0.357825 7.59524
0.349857 6.30272
0.340416 7.12129
0.33734 8.1863
0.330673 7.58018
0.316912 8.02178
0.313561 6.57664
0.312466 6.71512
0.311612 8.82169
0.304889 7.33713
0.279424 8.36407
0.265946 8.36447
0.265615 7.78344
0.2656 9.20249
0.260384 8.90853
0.25989 10.5237
0.259817 8.6385
0.23682 9.09333
0.236709 10.092
0.233181 8.83648
0.231906 10.4263
0.217521 7.63349
0.21747 9.15637
0.2148 7.17662
0.212454 6.52889
0.211896 7.71445
0.210165 9.94162
0.208052 8.37878
0.200264 6.95551
0.186156 6.86595
0.174047 8.70936
0.169463 10.5689
0.160837 10.1502
0.155226 10.665
0.151702 10.335
0.143389 8.71181
0.139967 7.67434
0.13805 7.9774
0.136785 8.90526
0.112139 10.8335
0.111159 8.63706
0.107632 8.92883
0.10429 8.32469
0.103825 9.18716
0.102278 8.38168
0.100079 10.7909
0.0843394 8.06594
0.0826619 9.93198
0.0807063 6.87993
0.0788729 8.86302
0.0776214 7.48888
0.0732509 10.8862
0.0725263 10.2996
0.0723445 10.3051
0.0712145 10.6193
0.070365 9.40184
0.0694211 10.6443
0.0682871 8.16448
0.0630836 10.6534
0.0625481 11.0288
0.0607639 7.76613
0.057305 9.47492
0.0537602 11.2676
0.0508396 9.92292
0.0490975 8.0278
0.0440061 9.67786
0.0437937 8.53126
0.0433536 8.35617
0.0364332 8.13775
0.0356971 10.0671
0.0343681 7.78159
0.0338439 9.88649
0.0281467 10.7351
0.0250058 7.67793
0.0246849 11.4882
0.0230502 7.73687
0.0221616 11.4058
0.0209623 11.5711
0.0183103 10.7937
0.0177998 7.56168
0.0174038 9.01741
0.0156431 8.57218
0.0151921 9.53893
0.0148865 11.328
0.0127233 9.81743
0.012321 11.075
0.00985672 10.1835
0.00964962 8.32926
0.00887781 9.47516
0.0081727 10.7478
0.00803599 9.00749
0.00799006 8.12261
0.00301383 11.4963
0.00254138 9.33977
0.00182128 12.0024
0.00173901 11.7927
0.00141233 11.5515
0.00112064 8.2254
0 0 0 0 0 0 0 0 1 0 
0 0 0 0 0 0 0 0 0 1 
0.526455 0 0 0 0.473545 0 0 0 0 0 
0 0 0 0 0 0 1 0 0 0 
0 0 0 0 1 0 0 0 0 0 
0 0 0 1 0 0 0 0 0 0 
0 0 1 0 0 0 0 0 0 0 
0 0 0 0 0 0 0 0 0 1 
0 0 0 0 0 0 0 0 1 0 
1 0 0 0 0 0 0 0 0 0 
0 0 0 1 0 0 0 0 0 0 
1 0 0 0 0 0 0 0 0 0 
0 1 0 0 0 0 0 0 0 0 
0 0 0 0 1 0 0 0 0 0 
0 0 0 0 1 0 0 0 0 0 
0 0 0 0 0 0 0 1 0 0 
0.563128 0 0 0.147681 0.289191 0 0 0 0 0 
0 0.395427 0 0 0 0 0 0 0 0.604573 
0 0 0 0 0 1 0 0 0 0 
0 0 0 0 1 0 0 0 0 0 
0 0 0 0 0 1 0 0 0 0 
0 0 0 1 0 0 0 0 0 0 
0 0 0 0 0 0 0 0 0 1 
1 0 0 0 0 0 0 0 0 0 
0 0 0 0 0 0 0 0 0 1 
0 0 0 1 0 0 0 0 0 0 
0 0 0 0 0 0 0 0 1 0 
0 1 0 0 0 0 0 0 0 0 
0 0 0 0 0 0 0 1 0 0 
0 0 0 0 0 0 0 0 0 1 
0 0 0 0 0 0 0 0 1 0 
0 0 0 0 1 0 0 0 0 0 
0 0 0.375955 0 0.624045 0 0 0 0 0 
0 0 0 1 0 0 0 0 0 0 
0 0 0.225386 0.774614 0 0 0 0 0 0 
1 0 0 0 0 0 0 0 0 0 
0 0 0 0 0 0 0 1 0 0 
0 0 0 0 0 0 1 0 0 0 
0 0 0 0 0 0 1 0 0 0 
0.191126 0 0 0 0 0.808874 0 0 0 0 
0 0 0 0 0 0 0 1 0 0 
1 0 0 0 0 0 0 0 0 0 
0 1 0 0 0 0 0 0 0 0 
0 0 0 0 0 0 1 0 0 0 
0 0 0 0 0 0 0 0 1 0 
1 0 0 0 0 0 0 0 0 0 
0 0 0 1 0 0 0 0 0 0 
0 0 0 0 0 1 0 0 0 0 
0.557315 0 0 0 0 0 0.442685 0 0 0 
0 0 0 0 0 0 0 1 0 0 
0 0 0 0 0 0 0 1 0 0 
0 0 1 0 0 0 0 0 0 0 
0 0 1 0 0 0 0 0 0 0 
0.501731 0 0.498269 0 0 0 0 0 0 0 
0 0 0 0 0 0 1 0 0 0 
0 0 0 0 0 0.463302 0.536698 0 0 0 
0 0 0 0 0 0 1 0 0 0 
1 0 0 0 0 0 0 0 0 0 
0 0 0 0 0 0 0 0 1 0 
0 0 0 0 0 0 0 1 0 0 
0 0 0 0.870599 0 0 0 0.129401 0 0 
0 0 1 0 0 0 0 0 0 0 
0 0 1 0 0 0 0 0 0 0 
0 0 0 0 1 0 0 0 0 0 
0 0 0 0 0 0 1 0 0 0 
0 0 0 0 0 0 0 1 0 0 
0 1 0 0 0 0 0 0 0 0 
0 0 0 0 0 0 0 0 0 1 
0 0 0 0 0 0 0 0 1 0 
0 0 0 1 0 0 0 0 0 0 
0 0 0 0 0 0 0 0 0 1 
0 0 0 0 0 0 0 0 1 0 
0 0 0 0 0 0 1 0 0 0 
0 0 0 0 1 0 0 0 0 0 
0 0 0 0 0 0 1 0 0 0 
1 0 0 0 0 0 0 0 0 0 
0 0 0 0 0 0 0 0.726794 0 0.273206 
0 0 0 0 0 0 0 1 0 0 
1 0 0 0 0 0 0 0 0 0 
0 0 0 0 0 1 0 0 0 0 
0 0 0 0 0.474567 0 0 0.525433 0 0 
0 1 0 0 0 0 0 0 0 0 
0 0 1 0 0 0 0 0 0 0 
0 0 0 0 0 0 0 0 0 1 
0 0 0 1 0 0 0 0 0 0 
0 0.571691 0 0 0 0.428309 0 0 0 0 
0 0 0.696404 0 0 0 0 0 0.303596 0 
0 0.329006 0 0 0 0 0 0 0 0.670994 
0 0.689176 0 0.310824 0 0 0 0 0 0 
0 0 1 0 0 0 0 0 0 0 
0 0 0 0 1 0 0 0 0 0 
0.422422 0 0 0 0 0 0 0.577578 0 0 
0 0 0 0 0 1 0 0 0 0 
0 0 0 0 0 0 1 0 0 0 
0 0 0 0 0 0 0 0 0 1 
0 0 1 0 0 0 0 0 0 0 
0.463771 0 0 0 0 0.536229 0 0 0 0 
0 0 0 0 0 0 0 0 1 0 
0 0 0 0 0 1 0 0 0 0 
0 0 0 0 0 0 0 0 1 0 
1 0 0 0 0 0 0 0 0 0 
0 1 0 0 0 0 0 0 0 0 
0 0 0 0 0 0 0 0 0 1 
0 1 0 0 0 0 0 0 0 0 
0 0.180412 0.48322 0 0.336368 0 0 0 0 0 
0 0 1 0 0 0 0 0 0 0 
0.615673 0 0 0 0 0 0.384327 0 0 0 
0 0.708693 0 0.291307 0 0 0 0 0 0 
1 0 0 0 0 0 0 0 0 0 
0 0 0 0 0 0 0 1 0 0 
0 0 1 0 0 0 0 0 0 0 
0 0 1 0 0 0 0 0 0 0 
0 0 0 0 0 1 0 0 0 0 
0 0 0 0 0 1 0 0 0 0 
0 0 0 0 0 0 0 0 0 1 
0 0 0 0.796491 0 0 0 0 0 0.203509 
0.597908 0 0 0 0 0 0 0 0 0.402092 
0 0 0 1 0 0 0 0 0 0 
0 0.499035 0.500965 0 0 0 0 0 0 0 
0 1 0 0 0 0 0 0 0 0 
0 0 0 0 0 0 0 0 0 1 
0 0 0 0 0 1 0 0 0 0 
0 0 0 0 0 0 1 0 0 0 
0 0 0 0 0 0 0 0 1 0 
0 0 0 0 0 0 0 0 0 1 
0 0 0 0 0 1 0 0 0 0 
0 0 0 0 0 0 0 1 0 0 
1 0 0 0 0 0 0 0 0 0 
0 0 0 0 0 0 0 0 0 1 
0 0 0 0 1 0 0 0 0 0 
0 1 0 0 0 0 0 0 0 0 
0 0 0 0 0 0 0 0 1 0 
0 0 0 0 0 1 0 0 0 0 
0 0 0 0 0 0 0 0 0 1 
0 0 0 0 0 0 0 1 0 0 
0 0 0 0 1 0 0 0 0 0 
0 0 0 0 1 0 0 0 0 0 
0 0 0 0.192571 0.807429 0 0 0 0 0 
0 0 0 0 0 0 0 0 0 1 
0 0 0 0 0 0 1 0 0 0 
0 0 0 0 0 0 0 0 1 0 
0 0 1 0 0 0 0 0 0 0 
1 0 0 0 0 0 0 0 0 0 
0 0 0 0 0 0 0 0 0 1 
0 0 0 0 0 0 0 0 0 1 
0 0 0 0 0 0 0 0 1 0 
0.409079 0 0 0 0 0 0 0.590921 0 0 
0 0 0.367535 0 0 0.632465 0 0 0 0 
0 0 0 0 0 0 0 0 1 0 
0 1 0 0 0 0 0 0 0 0 
0 0 0.460062 0.539938 0 0 0 0 0 0 
0 0 1 0 0 0 0 0 0 0 
0 0 0.384513 0 0 0 0.615487 0 0 0 
0 0 0 0.589205 0 0 0 0.410795 0 0 
0 0 0 0 0 0 0 1 0 0 
0.39333 0.321711 0 0 0 0 0.284959 0 0 0 
0 0 0 0 0 0 0 1 0 0 
0 0 1 0 0 0 0 0 0 0 
0 1 0 0 0 0 0 0 0 0 
0 0 0 0 0 0 0 1 0 0 
0 0 0 0 0 0 1 0 0 0 
0 0 1 0 0 0 0 0 0 0 
0 0 1 0 0 0 0 0 0 0 
0 0 0 0 0 0 0 1 0 0 
0 0 0 0.266095 0.279685 0 0 0.45422 0 0 
0 0 0 0 0 0 1 0 0 0 
0 0.449882 0 0 0 0.550118 0 0 0 0 
0 0 0 0 0 0 0 0 1 0 
0 0 0 0 1 0 0 0 0 0 
0 0 0 0 0 0 0 0 1 0 
0 1 0 0 0 0 0 0 0 0 
0 0 0 0 0 0 0 0 1 0 
0 0 1 0 0 0 0 0 0 0 
0 0 0 0 0 0 1 0 0 0 
0 0 0 1 0 0 0 0 0 0 
0 0 0 0 0 0.503575 0 0 0 0.496425 
0 0 0 0 0 0 0 0 0 1 
0 0 0.803399 0 0.196601 0 0 0 0 0 
0 0 0 0 1 0 0 0 0 0 
0 0 1 0 0 0 0 0 0 0 
1 0 0 0 0 0 0 0 0 0 
0 0 1 0 0 0 0 0 0 0 
0 0 0 0 0 0 0 1 0 0 
0 0 0 0 0 0 0 1 0 0 
0 0 0 0 0 0 0 0.652297 0 0.347703 
0 0 0 1 0 0 0 0 0 0 
0 0 0 0 0 0 0 0 0 1 
0 0 0 0 0.666564 0 0.333436 0 0 0 
0 0 0 1 0 0 0 0 0 0 
0 0 0 0 0 0 0 1 0 0 
0 0 0 0 0 1 0 0 0 0 
0 0 0 0 0 0 0 1 0 0 
0 1 0 0 0 0 0 0 0 0 
0 0 0 0.392871 0 0 0.607129 0 0 0 
0 0 0 1 0 0 0 0 0 0 
0 0 0 0 0 0 0 1 0 0 
0 0 0 0 0 0 0 1 0 0 
0 0 0 0 0 0 0 0 0 1 
0 1 0 0 0 0 0 0 0 0 
0 0 0 0 0 0 1 0 0 0 
0 1 0 0 0 0 0 0 0 0 
0 0 0 0 0 0 1 0 0 0 
0 0 0.371906 0.628094 0 0 0 0 0 0 
0 0 0 1 0 0 0 0 0 0 
0 0 0.344699 0 0 0.655301 0 0 0 0 
0 0 0 0 1 0 0 0 0 0 
0 0 0 0 1 0 0 0 0 0 
0 0 0 0 0 0 1 0 0 0 
0 0 0 1 0 0 0 0 0 0 
0 1 0 0 0 0 0 0 0 0 
0 1 0 0 0 0 0 0 0 0 
1 0 0 0 0 0 0 0 0 0 
1 0 0 0 0 0 0 0 0 0 
0 0 0 0.50202 0 0.49798 0 0 0 0 
0 0 0 0 0 0 1 0 0 0 
1 0 0 0 0 0 0 0 0 0 
0 0 0 0 0 0 0 0 0 1 
0 0 0 0 0 0 0 0 0 1 
1 0 0 0 0 0 0 0 0 0 
0 0 0 0 0 0 0 0 0 1 
0 0 0 0 1 0 0 0 0 0 
0 0 0 0 0 0 0 1 0 0 
0 0 0 0 0 1 0 0 0 0 
0 0 0 0 1 0 0 0 0 0 
0 0 0 0 0 0 0 1 0 0 
0 0 0 0 0 1 0 0 0 0 
0 0 0 0 0 1 0 0 0 0 
0 0 0 0 0 0 0 1 0 0 
0 0 0 0 0 0 1 0 0 0 
0 0 0 0 0 0 0 0 1 0 
0 0 0 0 0 0 0 0 0 1 
0 1 0 0 0 0 0 0 0 0 
0 0 0 0 0 0.428953 0 0 0 0.571047 
0 0.357224 0.300895 0 0 0 0.341881 0 0 0 
0 0 0 1 0 0 0 0 0 0 
0 0 1 0 0 0 0 0 0 0 
0 0 0 0 0 1 0 0 0 0 
0 0 0 0 0 0 1 0 0 0 
0 0 0 0 0 1 0 0 0 0 
0 0 0 0 0 0 0 0 0 1 
0 0 0 0.614335 0 0 0.385665 0 0 0 
0 1 0 0 0 0 0 0 0 0 
0 1 0 0 0 0 0 0 0 0 
0 0 0 0 0 0 0 0 1 0 
0 0 0 0 0 0 0 0 0 1 
0 1 0 0 0 0 0 0 0 0 
0 0 0 0 0 1 0 0 0 0 
0 0 0 0 0 0 0 0 0 1 
0 0 1 0 0 0 0 0 0 0 
0 0 0 0 0.59014 0 0 0.40986 0 0 
0 0 0 0.162065 0 0 0.837935 0 0 0 
0 0 0 1 0 0 0 0 0 0 
0 1 0 0 0 0 0 0 0 0 
0 0 0 0 0 0 0 0 1 0 
0 0 0 0 0 0 0 0 0 1 
0 0 0 0 0 0 0 0 0 1 
0 0 0.239637 0 0 0.760363 0 0 0 0 
0 0.385682 0 0 0 0 0 0 0 0.614318 
1 0 0 0 0 0 0 0 0 0 
0 0 0.638633 0 0.361367 0 0 0 0 0 
0 0 0 0 0 1 0 0 0 0 
0 0 0 0 0 0 0 0 1 0 
0 0 0 0 0 0 1 0 0 0 
0 0 1 0 0 0 0 0 0 0 
0 0 0 0 0 0 0 0 0 1 
0 0 0 0 1 0 0 0 0 0 
1 0 0 0 0 0 0 0 0 0 
0 1 0 0 0 0 0 0 0 0 
0 0.781048 0 0 0 0 0 0.218952 0 0 
0 0 0 0 0 0 0 0 1 0 
0 0 0 0 0 0 0 0 1 0 
0 0 0 0 1 0 0 0 0 0 
0 0 0 0 0 0 0 0 0 1 
0 0 0 0 0 0.502991 0 0 0.497009 0 
0 1 0 0 0 0 0 0 0 0 
0 0 0 0 0 0 0 0 1 0 
0 0 1 0 0 0 0 0 0 0 
0 0 0 0 0 0 0 1 0 0 
0 0 0 0 0 1 0 0 0 0 
0 0 0 0 0 0 1 0 0 0 
1 0 0 0 0 0 0 0 0 0 
0 0 0 0 0 0 0 0 1 0 
0 0 0 0 0 0 0 0 0 1 
0 0 0 1 0 0 0 0 0 0 
0 1 0 0 0 0 0 0 0 0 
0 0 0 0 0 0.550955 0 0 0 0.449045 
1 0 0 0 0 0 0 0 0 0 
0 1 0 0 0 0 0 0 0 0 
0 0 0 1 0 0 0 0 0 0 
0 0 0 0.60248 0 0 0 0 0.39752 0 
0 0 0 0 1 0 0 0 0 0 
0 1 0 0 0 0 0 0 0 0 
0 0 0 0 0 1 0 0 0 0 
0 0 0 0 0 1 0 0 0 0 
0 0 0 0 0 0 0 0 0 1 
0 0 0 0 0 0 1 0 0 0 
0 0 0 0.410977 0 0 0 0.589023 0 0 
1 0 0 0 0 0 0 0 0 0 
0 0 0 0 0 1 0 0 0 0 
0.654058 0 0 0 0 0 0 0 0 0.345942 
0 0 0 0 0 0 0.42033 0 0 0.57967 
0 0 0 0 0 0 1 0 0 0 
0 0 0 0 0 1 0 0 0 0 
0 0 0 0 0 0 1 0 0 0 
0 0 0 1 0 0 0 0 0 0 
0 0 0 0.494446 0 0 0 0.505554 0 0 
0 0 1 0 0 0 0 0 0 0 
0 0 0 0 0 0 1 0 0 0 
0 0 0 0 0 1 0 0 0 0 
0 0 0 0 0 0 0 0 1 0 
0 0 0 1 0 0 0 0 0 0 
0 0 0 0 1 0 0 0 0 0 
0.554337 0 0 0 0.445663 0 0 0 0 0 
1 0 0 0 0 0 0 0 0 0 
0 0 0 0 0 0 0 0 1 0 
0 1 0 0 0 0 0 0 0 0 
0 0 0 0 0 0 1 0 0 0 
0 1 0 0 0 0 0 0 0 0 
0 0 0 0 0 1 0 0 0 0 
0 0.611449 0.388551 0 0 0 0 0 0 0 
0 0 0.680509 0 0 0 0 0 0 0.319491 
0 0 0 0 0 0 0 0 1 0 
0 1 0 0 0 0 0 0 0 0 
0 0 0 1 0 0 0 0 0 0 
0 0 0 0 0 1 0 0 0 0 
0 1 0 0 0 0 0 0 0 0 
0 0 0 0 0 0 0 1 0 0 
0 0 0 0 0 1 0 0 0 0 
1 0 0 0 0 0 0 0 0 0 
0 0 0 1 0 0 0 0 0 0 
0 0 0 0 0 0 0 1 0 0 
0 0 0 0 1 0 0 0 0 0 
0 0 0 1 0 0 0 0 0 0 
0 0 0 0 0 0 1 0 0 0 
0 0 0 1 0 0 0 0 0 0 
0 0 0 0 0 0 0 0 1 0 
0 0 0 1 0 0 0 0 0 0 
0 1 0 0 0 0 0 0 0 0 
1 0 0 0 0 0 0 0 0 0 
1 0 0 0 0 0 0 0 0 0 
0 0 0 0 0 0 0 0 1 0 
0 0 0 0 0 1 0 0 0 0 
0 0 0 0 0 0 0 0 1 0 
0 0 0 0 1 0 0 0 0 0 
0 0 0 0 0 0 0 1 0 0 
0 0 0 0 0 0 0 1 0 0 
0 0 0 1 0 0 0 0 0 0 
0 0 0 0 0 0 0 0 1 0 
0 0 0 0 0 0 0 1 0 0 
0 0 0 0 0 1 0 0 0 0 
0 0 0.39114 0 0 0 0.60886 0 0 0 
0 0 0 0 0 0 1 0 0 0 
0 0 0 0.179448 0 0 0 0 0 0.820552 
0.795617 0 0 0 0 0 0 0 0 0.204383 
0 0 0 1 0 0 0 0 0 0 
0 0 0 0 0.772323 0 0.227677 0 0 0 
0 0 0 1 0 0 0 0 0 0 
0 0 0 0 0 0 0 1 0 0 
0 0 0 1 0 0 0 0 0 0 
0 0 0 0 0 0 0.832082 0 0 0.167918 
0 0 0 0 0 0 0 0 0 1 
0 0 0 0 0 1 0 0 0 0 
0 0 0 0 0 0 0.174719 0 0 0.825281 
0 0 0 0 0 0 0 0 0 1 
0 0 0 0 0 0 0 0 0 1 
0 0 0 0 0 0 0 1 0 0 
0 0 0 0 0 0 0 1 0 0 
0 0 0 0 0 0 0 1 0 0 
0 1 0 0 0 0 0 0 0 0 
0 0 0 0 0 0 0 0.511807 0.488193 0 
0 0 0 0 0 0 0 0 1 0 
0 0 0 0 0 0 1 0 0 0 
0 0 0 0 0 0 0 1 0 0 
0 0 1 0 0 0 0 0 0 0 
0 0 0 0 0 1 0 0 0 0 
0 0 1 0 0 0 0 0 0 0 
1 0 0 0 0 0 0 0 0 0 
0 0 0 0 0 0 0 0 1 0 
0 0 0.618693 0 0 0 0.23077 0 0 0.150537 
0 0 0 0 0 0 1 0 0 0 
0 1 0 0 0 0 0 0 0 0 
0 0 0 1 0 0 0 0 0 0 
0 0 0 0 0 0 0 1 0 0 
0 0 0 0 0 0 0 1 0 0 
0 0 0 0 0 0 0 0 0 1 
0 0 0 1 0 0 0 0 0 0 
0 1 0 0 0 0 0 0 0 0 
0 0 0 0 0 0 0 0 0 1 
0 0 0 0 1 0 0 0 0 0 
1 0 0 0 0 0 0 0 0 0 
0 0 0 0 0 1 0 0 0 0 
0 0 0 0 0 1 0 0 0 0 
1 0 0 0 0 0 0 0 0 0 
0 0 0 0 0 1 0 0 0 0 
0 1 0 0 0 0 0 0 0 0 
0 0 0 0 1 0 0 0 0 0 
0 0 0 0 0 1 0 0 0 0 
0 0 0.391815 0 0 0 0 0.608185 0 0 
1 0 0 0 0 0 0 0 0 0 
0 0 0.623162 0 0 0 0 0 0.376838 0 
0 0 0 0 0 0 1 0 0 0 
0 0 0 0 0 0 0 0 1 0 
0 0 0 0 0 0 1 0 0 0 
0 0 0 0 0 0 1 0 0 0 
1 0 0 0 0 0 0 0 0 0 
1 0 0 0 0 0 0 0 0 0 
0 0 0 0 0 0 0 0 0 1 
0 0.204425 0.795575 0 0 0 0 0 0 0 
0 0 0 0 0 0 0 0 0 1 
0 0 0 1 0 0 0 0 0 0 
0 0.362512 0 0 0 0 0 0 0.637488 0 
0 0 0 1 0 0 0 0 0 0 
0 0 0 0 0 0 0 1 0 0 
0 0 0 0 0 0 0 1 0 0 
0 0 0 0 0 0 1 0 0 0 
0 0 0 0 0.537174 0 0 0.462826 0 0 
0 0 0 0 0 0 1 0 0 0 
0 0 0 0 0 0 0 0 0 1 
0 0 0 1 0 0 0 0 0 0 
0 0 0 1 0 0 0 0 0 0 
0 0 1 0 0 0 0 0 0 0 
1 0 0 0 0 0 0 0 0 0 
0 0 0 0 0 0 0 0 0 1 
0 0 0.67563 0 0 0 0.32437 0 0 0 
0 0 0 0 0 0 0 0 1 0 
0 0 0 0 0 0 0 0 0 1 
0 0 0 1 0 0 0 0 0 0 
0 0.175746 0 0 0 0 0 0.824254 0 0 
1 0 0 0 0 0 0 0 0 0 
0 0 0 0 0 0 0 0 0.470128 0.529872 
0 0 0 0 0 0 0 0 0 1 
0.596006 0 0 0 0 0 0 0 0.403994 0 
0 0.499121 0 0 0 0 0.500879 0 0 0 
0 0 0 0 0 0 0 0 1 0 
0 0 0 0 1 0 0 0 0 0 
0 0 0 0 0 0.376509 0 0 0 0.623491 
0.350742 0 0 0 0.649258 0 0 0 0 0 
0 0 0 0 0 0 0 0 0 1 
0 1 0 0 0 0 0 0 0 0 
0 0 0 1 0 0 0 0 0 0 
0 0 0 0 0.719953 0 0 0.280047 0 0 
0 0 0 0 0 0 0.304338 0.695662 0 0 
0 0 0 0 0 0 1 0 0 0 
0 0 0.519417 0 0 0 0 0 0.480583 0 
0 0 0 0.68623 0 0 0.31377 0 0 0 
0 0 0 0.396439 0 0 0 0 0.603561 0 
0 0 0 0 0 0 1 0 0 0 
0 1 0 0 0 0 0 0 0 0 
1 0 0 0 0 0 0 0 0 0 
0 0 0 0.534276 0 0 0 0 0.465724 0 
1 0 0 0 0 0 0 0 0 0 
0 0 0 1 0 0 0 0 0 0 
0 0 0 1 0 0 0 0 0 0 
0 0 0 0 0 0 0 0 0 1 
0 0 0 0 1 0 0 0 0 0 
0 0 0 0 1 0 0 0 0 0 
0 0 0 0 0 1 0 0 0 0 
0 0 0 0.308227 0 0.691773 0 0 0 0 
0 0 0 0 0 0 0 0 1 0 
0 0 0 0 0 0 0 0 0 1 
0 0 0 0 0 0 1 0 0 0 
1 0 0 0 0 0 0 0 0 0 
0 0 0 0 0 1 0 0 0 0 
0 1 0 0 0 0 0 0 0 0 
1 0 0 0 0 0 0 0 0 0 
0 1 0 0 0 0 0 0 0 0 
0 0 0 0 0 0 0 0 1 0 
0 0 0 0 0 0 0 1 0 0 
0 0 0 0 0 0 0 0.428067 0.571933 0 
0 0 0 0 0 0 1 0 0 0 
0 0 0 0 0 0 0 0 0 1 
0 0 0 0 0 1 0 0 0 0 
0 0 0.662184 0 0.337816 0 0 0 0 0 
0 0 0 0 0 0 0 0 1 0 
0 0 0 0 0.608551 0.391449 0 0 0 0 
0 0 0 0 0 1 0 0 0 0 
0 1 0 0 0 0 0 0 0 0 
0 0 0 1 0 0 0 0 0 0 
0 0 0 0 0 0 1 0 0 0 
0 0 1 0 0 0 0 0 0 0 
1 0 0 0 0 0 0 0 0 0 
0 0 0 0 0 0 0 0 0 1 
0 0 0 0 0 0 0 0 0 1 
0 0.498997 0 0 0 0 0 0 0 0.501003 
0 0 0 1 0 0 0 0 0 0 
1 0 0 0 0 0 0 0 0 0 
0 0 0 0 0 0 0 0 0 1 
0 0 0 0 0 0 0 0 1 0 
0 0 0 0 0 1 0 0 0 0 
0 0 0 1 0 0 0 0 0 0 
0 0 0 0 0 1 0 0 0 0 
0.4076 0 0 0 0 0 0.5924 0 0 0 
0 0 0 0 1 0 0 0 0 0 
0 0 0 0.463338 0 0 0 0 0 0.536662 
1 0 0 0 0 0 0 0 0 0 
0 0 0 0 0 0 0 0 1 0 
1 0 0 0 0 0 0 0 0 0 
0 0 0 0 0 0 0 0 0 1 
0 0 0 0 1 0 0 0 0 0 
0 0 0 0 0 0 0 0 0.561885 0.438115 
