10 25
0.2592
0.569713
0.633314
0.747808
0.509408
0.601128
0.674253
0.647717
0.742056
0.568515
8.19145 1.24472
8.04363 1.89305
7.85386 0.970242
7.43615 0.949362
6.71985 1.94869
5.53367 2.45771
5.35705 2.2013
4.96041 3.91762
4.07497 4.15539
3.82913 3.76924
3.40538 5.4848
1.52559 6.05462
1.41999 6.39851
1.14221 6.11552
1.02316 6.12778
0.986844 8.63371
0.78657 6.36114
0.740631 7.64724
0.682729 7.82755
0.469818 8.1032
0.283915 9.20531
0.154702 8.99564
0.117785 7.07357
0.0242318 7.94899
0.0166928 8.67559
0 0 0 0 0 0 0 0 0 1 
0 0 0 0 0 0 0 0 1 0 
0 0 0 0 0 0 0 0.469381 0 0.530619 
1 0 0 0 0 0 0 0 0 0 
0 0 0 0 0 0 0 0 0 1 
0.715552 0 0 0.284448 0 0 0 0 0 0 
0 0 0 0 0 1 0 0 0 0 
0 1 0 0 0 0 0 0 0 0 
0 1 0 0 0 0 0 0 0 0 
0 0 0 0.13029 0 0 0 0 0 0.86971 
0 0 1 0 0 0 0 0 0 0 
0 1 0 0 0 0 0 0 0 0 
0 0 0 0 0 0 0 1 0 0 
0.438855 0 0 0 0 0 0 0.561145 0 0 
0 0 0 1 0 0 0 0 0 0 
0 0 0 0 0 0 1 0 0 0 
0 0 0 0 0 0 0 0 1 0 
0 0 0 0 0 0 0 1 0 0 
0.522959 0 0.477041 0 0 0 0 0 0 0 
0 0 0 0 0 0 0 0 1 0 
1 0 0 0 0 0 0 0 0 0 
0 0 0 0 0 0 0 1 0 0 
0 0 0 0 0 0 1 0 0 0 
0 0 0 0 1 0 0 0 0 0 
0 0 0 0 1 0 0 0 0 0 
