10 50
0.743051
0.718201
0.41702
0.400368
0.555131
0.631364
0.42339
0.382318
0.338764
0.478693
8.98962 0.382163
8.69696 0.515395
8.57732 1.46812
8.50576 0.263969
8.36933 0.95503
6.86388 2.11869
6.859 1.60576
6.17052 1.87704
5.881 1.62425
5.6317 3.60157
5.43276 3.28563
4.71141 2.3682
4.23457 3.07533
4.0897 4.13367
3.83998 4.01044
3.47142 5.42724
3.41709 3.65668
3.19067 3.78038
2.88704 4.72229
2.76757 4.55965
2.67548 4.21095
2.57447 4.65245
2.35913 5.87232
2.04471 4.15824
1.55976 4.93709
1.47554 5.73334
1.40055 4.79953
1.29701 8.28542
1.23622 6.97221
1.10721 7.84778
1.04746 6.48562
0.9759 7.55755
0.967913 7.61508
0.863279 8.89557
0.828114 8.27783
0.827953 5.71602
0.81994 5.71258
0.806591 6.07699
0.797503 8.49925
0.709577 5.75815
0.619329 9.54404
0.55195 6.75927
0.363888 8.05153
0.356813 6.18095
0.20365 6.86873
0.0866159 9.44147
0.0858282 7.23957
0.0764268 10.1951
0.0490641 9.27502
0.0337858 10.8818
0 0.676605 0 0.323395 0 0 0 0 0 0 
0 1 0 0 0 0 0 0 0 0 
0 0 0 0 0 0 0 0 0 1 
0 0 0 0 0 0 0 0 1 0 
0 1 0 0 0 0 0 0 0 0 
0 0 0 0 0 0 0 0 0 1 
0 0.355528 0.644472 0 0 0 0 0 0 0 
0 0 0 0 0 0 1 0 0 0 
0 0 0 0 1 0 0 0 0 0 
0 0 0 0 0 0 0 1 0 0 
0 0 0 0 0 0 0 0.281557 0.718443 0 
0.336312 0 0 0 0 0 0 0.663688 0 0 
0 1 0 0 0 0 0 0 0 0 
0 0 0 0 0 0 1 0 0 0 
0 0 0 0 0 0 0 0 1 0 
0 0 0.235984 0 0 0.432122 0 0.331894 0 0 
0 0 0 0 0 0 0 1 0 0 
0 0 0 0 0 0 0 0 0 1 
0 0 0 0.626837 0 0 0 0 0 0.373163 
0 0 0 0 0 0 0 0 0 1 
0 0.428952 0 0 0 0 0 0.137322 0.433726 0 
0 0 0 1 0 0 0 0 0 0 
1 0 0 0 0 0 0 0 0 0 
0 0 1 0 0 0 0 0 0 0 
0 0 0 0 0 0 1 0 0 0 
0 0 0 0 0 0 1 0 0 0 
0 0 0 1 0 0 0 0 0 0 
0 0 0 0 0 0 0 1 0 0 
0 0 0 0 0 0 0 0 1 0 
0 0 0 0 0 0 0 1 0 0 
0 0 0 0 0 0 0 1 0 0 
0 0 0 0 0 0 0 0 0 1 
0 0 0 0 1 0 0 0 0 0 
1 0 0 0 0 0 0 0 0 0 
0 0 0 0 0 0 1 0 0 0 
0 0 0 1 0 0 0 0 0 0 
0 0 0 0 0 0 0 0 0 1 
0 0 0 0 0 1 0 0 0 0 
0 0 0 0 0 0 0 0 1 0 
0 0 0 0 0 0 1 0 0 0 
0 0 0 0 0 0 0.705302 0.294698 0 0 
0 0 0 0 0 0 0 0 1 0 
0 0 0 0 0 1 0 0 0 0 
0 0 0 0 0 0 1 0 0 0 
1 0 0 0 0 0 0 0 0 0 
0 1 0 0 0 0 0 0 0 0 
0 0 0 1 0 0 0 0 0 0 
0 0 1 0 0 0 0 0 0 0 
0 0 0 0 0 0 0 0 1 0 
0 0 0 0 0 0 0 1 0 0 
