5 25
0.334257
0.562539
0.361607
0.612078
0.475569
9.67168 0.750403
7.80736 1.69187
7.37931 1.3252
6.62316 2.47352
6.35417 1.30728
5.77196 2.54952
4.99482 2.34514
4.70053 2.06124
4.65883 2.75326
4.05731 3.12671
4.04044 3.27151
2.94772 3.76245
2.67482 5.03196
2.66118 4.80131
2.15912 6.19067
1.46847 6.72675
0.87729 7.05391
0.8716 7.54194
0.606418 7.37412
0.38418 7.60248
0.229673 9.73305
0.103778 8.76814
0.082314 10.4087
0.0377721 9.86748
0.0184133 11.1859
1 0 0 0 0 
0 0 0 0 1 
0 0 1 0 0 
0 0 0 0 1 
0 0 0.171325 0.828675 0 
0 0 0 1 0 
1 0 0 0 0 
0 0.455301 0 0 0.544699 
0 0 0.280898 0 0.719102 
1 0 0 0 0 
0 0 0 0 1 
0 0 0 0.755275 0.244725 
0 0 0 1 0 
0 0 0 0 1 
0 0 0 0 1 
0 1 0 0 0 
0.621123 0 0.378877 0 0 
0 0 0 0 1 
1 0 0 0 0 
0 0 0 0 1 
0 0 1 0 0 
0 0 0 1 0 
0 0 0 1 0 
0 1 0 0 0 
0 1 0 0 0 
