10 25
0.539768
0.645434
0.665682
0.570454
0.611219
0.690161
0.415469
0.527207
0.454886
0.329206
7.23961 0.941772
6.54437 2.65026
6.32295 1.54373
6.32223 1.66063
6.28588 2.14838
6.23191 1.7851
5.62052 3.22277
4.22704 4.08024
4.08802 3.88879
3.14035 3.93018
3.06576 4.47121
2.85376 3.98146
2.56648 5.88656
2.13221 5.22953
2.1141 4.23394
1.51351 5.15439
1.43481 5.65677
1.27337 6.33855
0.685129 6.98706
0.57943 8.61036
0.150376 7.16679
0.0728114 8.55346
0.062001 10.7344
0.0594144 8.71528
0.0559349 8.48927
0 1 0 0 0 0 0 0 0 0 
0 0 0 0 1 0 0 0 0 0 
0 0 1 0 0 0 0 0 0 0 
0 0 0 0 0 0 0 0 1 0 
0 0 0 0 0 0 1 0 0 0 
0 0 0 0 1 0 0 0 0 0 
0 0 0 0 0 0 0 0 1 0 
0 0 0 0 0 1 0 0 0 0 
0 0 1 0 0 0 0 0 0 0 
0 0 0 0 0 0 0 0 0 1 
0 0 0 0 0 0 1 0 0 0 
0 0 0 0 0 1 0 0 0 0 
0 0 0 0 0 0 0 0 1 0 
0 0 0 1 0 0 0 0 0 0 
0 0 1 0 0 0 0 0 0 0 
0 0 0 0 0 0 1 0 0 0 
0 0 0 0 0 0 0 0.772942 0 0.227058 
0 0 0 0 0 0 0 0 0 1 
0.31363 0.339554 0 0 0 0 0.346817 0 0 0 
1 0 0 0 0 0 0 0 0 0 
0 0 0 0 0 0 0 0 1 0 
0 0 0 0 0 0 0 0 1 0 
0 0 0 0 0 0 1 0 0 0 
0 0 0 0.652775 0 0.347225 0 0 0 0 
0 0 0.599958 0 0 0 0 0.400041 0 0 
