10 500
0.356237
0.660039
0.746813
0.730402
0.3267
0.525091
0.424702
0.639166
0.265372
0.462888
11.9916 0.171632
11.6418 0.242709
11.4974 0.170194
11.3405 0.106887
11.2971 0.326084
11.0118 0.166553
10.6487 0.669447
10.6437 0.374567
10.6309 0.266918
10.3598 0.507896
10.3279 0.488016
10.2842 0.158935
10.1896 0.374227
9.95678 0.747058
9.69354 0.125136
9.62823 0.18387
9.46389 0.409894
9.44215 0.765752
9.40021 1.27659
9.2667 0.15486
9.16245 0.773354
9.13687 1.35362
9.0746 0.834228
9.05427 0.390456
8.91758 0.409218
8.91594 1.57517
8.91171 0.53232
8.88533 0.584427
8.83554 0.525236
8.77324 0.154855
8.75769 0.854471
8.66487 1.41618
8.60858 1.48549
8.60533 0.675869
8.55655 0.701877
8.5367 1.1473
8.51058 1.12519
8.46495 1.81439
8.35577 1.0437
8.23005 0.233447
8.20891 1.40643
8.14881 0.771976
8.09296 0.970297
8.03606 0.160444
8.02764 1.23156
7.99101 0.898896
7.94927 0.254138
7.81061 1.52548
7.76364 0.297837
7.67383 1.34674
7.61862 1.00522
7.57853 1.43961
7.5704 1.64625
7.56057 0.249502
7.55149 0.647996
7.51307 2.23351
7.42168 1.88152
7.39248 0.138321
7.26866 0.276662
7.20855 0.27927
7.14493 1.67816
7.07705 0.659516
7.03298 1.22683
6.91847 1.20864
6.88504 1.7173
6.87327 2.14558
6.86044 2.20639
6.85159 2.22868
6.78049 2.12714
6.76289 0.780579
6.74173 2.62827
6.70819 1.33698
6.6993 2.06511
6.68811 1.65484
6.62811 2.03682
6.5766 1.57713
6.55513 1.82353
6.53022 1.43466
6.52127 2.04568
6.50053 1.85083
6.49258 0.74078
6.45896 2.85965
6.23223 1.56193
6.16671 2.75378
6.13526 1.12978
6.09872 2.59989
6.09725 2.05211
6.087 1.72052
6.0648 1.97142
6.05465 2.73028
5.93179 1.42665
5.92721 1.75044
5.89246 2.35598
5.81008 0.92537
5.78674 3.5653
5.70666 2.66171
5.69235 2.46643
5.66491 1.18174
5.62431 1.58297
5.62184 2.67337
5.6198 3.93765
5.46274 2.81091
5.32812 2.03383
5.31089 3.71616
5.261 1.62053
5.2296 1.98633
5.22631 2.36539
5.17401 2.4105
5.1113 3.50737
5.10244 3.23374
5.02304 3.6262
5.01656 3.58042
4.96893 2.74327
4.95379 2.22305
4.89159 2.54593
4.87157 3.10107
4.81219 2.95969
4.79255 2.98284
4.72006 2.58486
4.71613 3.40856
4.71592 3.40226
4.57523 3.22218
4.56528 3.28128
4.53676 2.89606
4.53132 3.76175
4.4855 2.53982
4.41292 2.72794
4.38764 2.19339
4.38234 4.04994
4.36901 4.23776
4.35308 4.7432
4.3421 3.44183
4.32425 3.73432
4.30355 4.50648
4.29971 3.23542
4.2658 4.61724
4.24588 2.80019
4.24426 2.09669
4.22169 2.98687
4.15544 3.92789
4.07954 4.66697
4.06365 4.94596
3.9424 3.01677
3.91687 2.87392
3.91608 3.41473
3.87567 3.52115
3.8714 5.26313
3.86714 3.02627
3.86188 2.76986
3.85436 4.59859
3.84809 3.57547
3.82696 3.35
3.8259 2.72346
3.82446 5.16683
3.81791 4.33032
3.79304 5.40055
3.79226 4.01514
3.75992 3.82456
3.73083 5.05762
3.71053 3.0665
3.70314 3.0106
3.66971 3.23645
3.66716 4.67741
3.64916 5.01175
3.62232 3.84714
3.61002 3.89413
3.60873 3.71458
3.60779 3.28635
3.59645 4.9816
3.58704 4.83079
3.58648 2.73615
3.56114 3.34492
3.55573 4.0816
3.54778 4.06272
3.51793 3.36328
3.50726 5.15832
3.43364 5.3185
3.42492 3.54222
3.41753 5.14523
3.40823 4.2013
3.38344 3.23416
3.35762 5.35319
3.33271 4.06458
3.32555 3.50344
3.32147 5.09638
3.27636 3.58947
3.25272 4.68656
3.20644 5.56742
3.15894 4.12206
3.15451 4.52454
3.07863 4.30521
3.04545 4.00625
3.03258 4.62705
3.00894 4.6889
2.98576 3.49768
2.97636 3.74558
2.97095 5.21026
2.92009 5.16467
2.90881 4.051
2.90047 3.66781
2.8916 4.392
2.88547 5.04183
2.87775 3.77535
2.87409 4.08547
2.85691 3.5623
2.84167 4.35339
2.81589 3.79238
2.79409 5.4352
2.79406 4.77749
2.74036 5.18736
2.72419 4.08397
2.71043 3.55135
2.71012 4.69024
2.70612 4.73398
2.67904 4.34139
2.6782 5.3769
2.65221 5.41089
2.64686 5.26228
2.64288 3.72757
2.62517 5.28985
2.61777 4.15787
2.61386 5.06917
2.60459 4.70338
2.60313 4.10053
2.59747 4.69503
2.55311 4.94439
2.54988 5.04345
2.51075 4.34325
2.48294 5.42989
2.47756 4.67221
2.42474 5.2269
2.41524 5.58034
2.39548 4.80005
2.39487 5.34676
2.38492 4.54738
2.35136 4.90931
2.35127 4.0243
2.33 5.05714
2.31534 4.46892
2.30739 6.13874
2.29016 4.62868
2.28668 5.35832
2.27606 4.34887
2.25959 5.43119
2.25774 6.41587
2.23205 5.33302
2.22897 6.48143
2.21752 3.8508
2.18344 5.78342
2.17363 4.23119
2.16498 6.55781
2.14492 5.35445
2.12615 4.63887
2.09322 4.40635
2.09023 3.86432
2.08434 5.20489
2.06143 6.65802
2.03036 6.91182
2.01771 6.32422
2.01514 3.74529
1.9775 5.42081
1.97205 6.34057
1.97004 4.53772
1.94291 3.95915
1.90987 3.92884
1.8638 6.49394
1.80307 5.77539
1.80098 6.13642
1.80079 6.74529
1.7984 5.45958
1.79526 7.24298
1.78733 5.16633
1.77792 5.88049
1.77513 4.5181
1.77269 5.34181
1.75287 6.24984
1.74112 7.55212
1.73293 6.07241
1.73215 4.77708
1.71612 6.67005
1.71412 6.37558
1.6815 6.53823
1.60214 6.49192
1.60063 5.87558
1.5627 7.12245
1.55904 7.59748
1.55841 6.38998
1.55754 4.93082
1.54487 7.12533
1.52761 5.13409
1.52123 6.66706
1.50513 4.69537
1.46437 5.00767
1.43988 7.63364
1.42744 5.36341
1.41225 6.29288
1.40338 5.18948
1.37987 6.84716
1.3679 7.27192
1.36519 5.26985
1.34214 5.59526
1.32411 5.77867
1.296 5.61722
1.28839 5.65436
1.25933 5.44276
1.25543 5.98663
1.22661 6.48089
1.22635 7.04695
1.20449 6.27573
1.18613 5.63318
1.17746 7.86537
1.16524 6.00089
1.15948 6.52245
1.14867 6.99888
1.13301 7.97554
1.1204 6.6471
1.12039 5.01215
1.10882 5.9383
1.09485 6.75411
1.0932 7.12589
1.07122 6.64765
1.0687 5.54264
1.04935 5.647
1.02417 7.75661
1.02025 5.56554
1.01222 7.76236
1.00106 5.28098
0.980292 5.4844
0.962705 5.26941
0.956795 8.4802
0.951749 8.32548
0.949246 6.69444
0.940467 6.47398
0.939791 8.03062
0.933952 8.58814
0.933925 7.7981
0.933798 6.02122
0.9335 5.08246
0.912492 6.15362
0.898653 6.00598
0.890863 6.41229
0.889163 7.86593
0.878582 7.54704
0.841621 6.27394
0.814051 7.96543
0.813974 7.58205
0.811357 6.408
0.808299 5.30192
0.78329 7.12432
0.782438 7.47814
0.780917 8.58947
0.77366 7.75104
0.765565 7.60983
0.754624 8.03723
0.749867 6.96039
0.72344 8.00259
0.721481 8.81296
0.718895 7.41583
0.708405 5.96664
0.699904 7.6921
0.662453 7.73797
0.655579 5.56161
0.652658 5.99034
0.649611 7.94178
0.635236 7.00206
0.634099 7.63525
0.620008 6.17588
0.612007 7.42191
0.592196 7.90868
0.585763 6.16131
0.56574 8.40305
0.55588 6.33468
0.549083 9.48841
0.542306 7.1636
0.541607 6.5277
0.535082 7.70578
0.528282 7.12864
0.52257 6.34451
0.522002 8.47144
0.517358 9.86363
0.514519 8.1517
0.51082 6.85914
0.487066 7.69689
0.486285 7.80826
0.484219 8.37256
0.483043 5.92806
0.479161 6.92136
0.474532 8.11919
0.458733 7.98477
0.449544 9.66088
0.443767 7.93039
0.438914 8.80195
0.425981 6.8762
0.417999 6.1363
0.415 6.51437
0.405065 7.86631
0.393189 9.05359
0.381094 7.40297
0.374741 6.97313
0.362894 7.13084
0.357553 7.85982
0.356576 7.98706
0.347922 8.29794
0.339432 8.05289
0.338976 7.97862
0.334532 8.2713
0.331168 8.13841
0.326137 8.25381
0.324122 9.48854
0.319464 9.73703
0.310606 9.0203
0.301707 9.1536
0.298264 9.11162
0.283405 7.15766
0.282314 7.80728
0.278127 10.2105
0.276448 9.219
0.273273 8.14605
0.26079 7.34955
0.258574 7.62254
0.25833 9.71332
0.256714 9.05642
0.256204 8.36563
0.252295 8.92776
0.215105 8.46744
0.213347 6.89359
0.21095 6.90901
0.210399 8.97306
0.209518 7.27641
0.209253 8.57313
0.204269 10.0487
0.199331 7.10223
0.198224 10.5232
0.193736 8.79955
0.192863 8.97289
0.185333 6.8932
0.17889 8.44374
0.178392 9.57857
0.17795 10.1401
0.165945 10.0959
0.164024 9.53309
0.163815 8.58341
0.159742 9.5951
0.157579 10.8536
0.15653 8.31011
0.155797 8.85253
0.148469 9.77299
0.146362 9.443
0.146287 8.10452
0.14358 9.58433
0.140454 11.051
0.138095 8.74392
0.136033 10.2152
0.125176 7.60977
0.124017 9.82338
0.118695 9.99657
0.118391 8.6235
0.116651 10.9166
0.114326 8.65745
0.10785 11.144
0.106867 9.95143
0.0852989 9.07394
0.0850874 9.84262
0.0847762 7.54788
0.0799742 8.328
0.0746991 10.8087
0.0582047 7.07713
0.0560563 10.821
0.0551754 10.7498
0.0545962 9.35245
0.0406933 9.6718
0.0346367 11.5132
0.029734 10.7314
0.027992 8.89655
0.0278427 10.9392
0.0263522 11.5906
0.0241799 7.22847
0.0237303 9.06004
0.0228049 9.08901
0.0215355 8.43028
0.0146927 11.3717
0.0141231 10.747
0.0136545 8.16825
0.013138 7.22109
0.0120491 8.11694
0.0107317 7.98002
0.00912433 8.24583
0.00790454 7.61816
0.00747889 7.92594
0.00731072 7.70102
0.00613475 9.24425
0.00497736 10.0164
0.00395759 11.448
0.00332862 10.9199
0.00299353 10.8421
0.00265771 12.2858
0.00260973 8.61911
0.00244566 11.4115
0.00180755 8.66017
0.00160756 11.6562
0 1 0 0 0 0 0 0 0 0 
0 0 0 0 0 0 0 1 0 0 
0 0 0 0 0 0 1 0 0 0 
0 0 0 0 0.460357 0.539643 0 0 0 0 
0 0 0 0 0 0 0.529084 0 0 0.470916 
0 1 0 0 0 0 0 0 0 0 
1 0 0 0 0 0 0 0 0 0 
1 0 0 0 0 0 0 0 0 0 
0 0 0 0 1 0 0 0 0 0 
0 0 0 0 0 0 0 0 1 0 
0 0 0 0 0 1 0 0 0 0 
0 0 0 0 0 0 0 1 0 0 
0 0 0 0 0 0 1 0 0 0 
0 0 0 0 0 0 0 1 0 0 
0 0 0 0 0 0 1 0 0 0 
0 0 0 0 0 0 0 0 1 0 
0 0 0 0 0 0 1 0 0 0 
0 0 0 0 0 0 0 0 1 0 
1 0 0 0 0 0 0 0 0 0 
0 0 0 0 0 1 0 0 0 0 
0 0 0 0 0 0 0 0 1 0 
0 0 0 1 0 0 0 0 0 0 
1 0 0 0 0 0 0 0 0 0 
0 0 0.357963 0 0.642037 0 0 0 0 0 
0 0 0 0 0 0 1 0 0 0 
0 0 0 0 0 1 0 0 0 0 
0 0 1 0 0 0 0 0 0 0 
0 0 0 0 0 0 1 0 0 0 
0 0 0 0 0 1 0 0 0 0 
0 0 0 0 0 1 0 0 0 0 
0 1 0 0 0 0 0 0 0 0 
1 0 0 0 0 0 0 0 0 0 
1 0 0 0 0 0 0 0 0 0 
0 0.333706 0 0 0 0 0 0 0 0.666294 
0 1 0 0 0 0 0 0 0 0 
0 0 0 0 0 0 0 0 1 0 
0 0 0 1 0 0 0 0 0 0 
0 0 0 0 0 0 0 0 0 1 
0 0 0 0 0 0 0 1 0 0 
0 0 0 0 0 0 0 1 0 0 
0 0 1 0 0 0 0 0 0 0 
0 0 0 0 0 0 1 0 0 0 
0 0 0 0 0 0 0 1 0 0 
0 0 0 0 0.430089 0 0.569911 0 0 0 
0 0.370305 0 0 0 0 0 0.629695 0 0 
0 0 0 0 1 0 0 0 0 0 
0 0 0 0 1 0 0 0 0 0 
0 0 0 0 0 0 0 1 0 0 
0 0 0 1 0 0 0 0 0 0 
0 0 0 0 0 0 0 1 0 0 
0 0 0 0 0 1 0 0 0 0 
0 0 0 0 1 0 0 0 0 0 
0 0 0 0.561257 0 0 0 0 0.438743 0 
0 0 1 0 0 0 0 0 0 0 
0 0 0 0 0 1 0 0 0 0 
0 0 0 0 0 0 0 0 0 1 
0 0 0 0 1 0 0 0 0 0 
0 0 0 1 0 0 0 0 0 0 
0 0 0 0 0 0 0 0.544696 0 0.455304 
0 0 0 0 1 0 0 0 0 0 
0 0 0 0 0 0 0 1 0 0 
0 0 0 0 0 0 1 0 0 0 
0 0 0 0 1 0 0 0 0 0 
0.34127 0 0 0 0 0 0 0.65873 0 0 
0 0 1 0 0 0 0 0 0 0 
0 1 0 0 0 0 0 0 0 0 
0 1 0 0 0 0 0 0 0 0 
0 0 0 0 0 0 1 0 0 0 
0 0 0.44146 0 0 0 0 0 0 0.55854 
0 0 0 0 0 1 0 0 0 0 
0.633892 0 0 0 0 0 0 0 0.366108 0 
0 0 1 0 0 0 0 0 0 0 
0 1 0 0 0 0 0 0 0 0 
0 0 0 0 0 0 1 0 0 0 
0 0 0 0.218461 0 0 0.781539 0 0 0 
0 0 0 0 0 0.432377 0 0 0.567623 0 
1 0 0 0 0 0 0 0 0 0 
0 0 0 1 0 0 0 0 0 0 
0 0 0 0 0 0 0 1 0 0 
0 0 1 0 0 0 0 0 0 0 
0.432851 0 0 0 0 0 0.567149 0 0 0 
0 0 0 0 0 0 0 1 0 0 
0 0 0 0 0 0 0 0 0 1 
0 0 0 0 0 0 0 1 0 0 
0 0 0 0 0.286303 0 0.713697 0 0 0 
0 0 1 0 0 0 0 0 0 0 
0 0 0 0 0 0 0 0.395131 0 0.60487 
0 0 0 0.441162 0 0 0 0 0.558838 0 
1 0 0 0 0 0 0 0 0 0 
1 0 0 0 0 0 0 0 0 0 
0 0 0 0 0 0 0 1 0 0 
0 0 0.304087 0 0 0.695913 0 0 0 0 
0 0 1 0 0 0 0 0 0 0 
0 0 1 0 0 0 0 0 0 0 
1 0 0 0 0 0 0 0 0 0 
0.706213 0 0 0 0.293787 0 0 0 0 0 
0 0 0 0 0 0 0 0 1 0 
0 0 0 0 1 0 0 0 0 0 
0 0 1 0 0 0 0 0 0 0 
0 0 0 0 0 0 1 0 0 0 
0 0 0 0 1 0 0 0 0 0 
0 1 0 0 0 0 0 0 0 0 
0 0 0 0 1 0 0 0 0 0 
1 0 0 0 0 0 0 0 0 0 
0 0 0 0 0 1 0 0 0 0 
0 0 0 0 0 0 0 0 0 1 
0 0 0 0 0 0 0 0 0 1 
1 0 0 0 0 0 0 0 0 0 
0 0 0 0.401047 0 0 0 0.598953 0 0 
0 0 0 1 0 0 0 0 0 0 
0 0 0 0 0 0 0 0 1 0 
1 0 0 0 0 0 0 0 0 0 
0 0 1 0 0 0 0 0 0 0 
0 0 0 0 0 1 0 0 0 0 
0 0 0 0 0 0 0 1 0 0 
0 0.277908 0 0 0 0 0 0.722092 0 0 
0 1 0 0 0 0 0 0 0 0 
0 0 0 1 0 0 0 0 0 0 
0 0 0.330857 0.669143 0 0 0 0 0 0 
0 0.670816 0.329184 0 0 0 0 0 0 0 
0 0 0 0 0 1 0 0 0 0 
0 1 0 0 0 0 0 0 0 0 
0 0 0 0 1 0 0 0 0 0 
0 0 0 0 0 0 0 1 0 0 
0 0 0 0.823454 0 0.176546 0 0 0 0 
0 0 1 0 0 0 0 0 0 0 
0 0 0 0 1 0 0 0 0 0 
0.353286 0.646714 0 0 0 0 0 0 0 0 
0 0 0 0 0 0 0 0 1 0 
0 1 0 0 0 0 0 0 0 0 
0 0 0 0 0 0 0 0 0 1 
0 0 0 0 0 0 0 1 0 0 
0 0 0 0 0 0 1 0 0 0 
0 0 0 0 0 0 0 1 0 0 
0 0 0 0 1 0 0 0 0 0 
0 0 0.330663 0 0 0 0 0.669337 0 0 
0 0 0 0 0 0 0 0 0 1 
0 0 0 0 1 0 0 0 0 0 
0 1 0 0 0 0 0 0 0 0 
0 0 0.700397 0 0 0 0 0 0.299603 0 
0 0 0 1 0 0 0 0 0 0 
1 0 0 0 0 0 0 0 0 0 
0 0 0 0 0 0 0 0 1 0 
0 0 0 0 0.70784 0.29216 0 0 0 0 
0 0 0 0 0 0 0 0 1 0 
0 0 0 1 0 0 0 0 0 0 
0 0 0 0 0 0 0 0 0 1 
0 0 0.505541 0 0 0 0 0 0 0.494459 
1 0 0 0 0 0 0 0 0 0 
0 0 0 0 1 0 0 0 0 0 
0 0 0 0 0 1 0 0 0 0 
0 0 0 0 0 1 0 0 0 0 
1 0 0 0 0 0 0 0 0 0 
0 0 0 0 0 0 0 0 0.589134 0.410866 
0 0 1 0 0 0 0 0 0 0 
0 0 0 0 0 0 0 0 1 0 
0 0 0 0 0 0 1 0 0 0 
0 0 0 0.565283 0.434717 0 0 0 0 0 
1 0 0 0 0 0 0 0 0 0 
0 0 0.4792 0 0 0 0 0 0.5208 0 
0 0 0 0.551408 0 0 0 0.448592 0 0 
0 0 0 0 0 0 1 0 0 0 
0 0 0 0 0 1 0 0 0 0 
0 0 0 0 0 0 0 1 0 0 
0 0 0 1 0 0 0 0 0 0 
0 0 1 0 0 0 0 0 0 0 
0 0 0 0 1 0 0 0 0 0 
0 0 0 0 1 0 0 0 0 0 
0 0 0 0 0 0 0 0 1 0 
0 0 0 0 0 0 0 1 0 0 
0 0 0 0 0 1 0 0 0 0 
0 0 0 0 0 0 1 0 0 0 
0 0 0 0 1 0 0 0 0 0 
0 0 0 0 0 0 0 1 0 0 
0 0 0 0 0 0 0 0 1 0 
0 0 0.74473 0.25527 0 0 0 0 0 0 
0 0 0 0 0 1 0 0 0 0 
0 0 0 0 1 0 0 0 0 0 
0 0 0 0 0 0 1 0 0 0 
0.483766 0 0 0 0 0 0 0.516234 0 0 
0 0 0 0 0.631738 0 0 0 0.368262 0 
0 0 0 0 0 0 0 0 1 0 
0 0 0 0 0 0 0 1 0 0 
0 0 0.60873 0 0.39127 0 0 0 0 0 
0 0 0 0 0 0 1 0 0 0 
0 0 0 0 0 0.476887 0.523113 0 0 0 
0 0 0 0 0 0 1 0 0 0 
0 0 0 1 0 0 0 0 0 0 
0 0 0 1 0 0 0 0 0 0 
0 0 0 0 0 1 0 0 0 0 
1 0 0 0 0 0 0 0 0 0 
0 0 0 1 0 0 0 0 0 0 
0 0 0 0 0 0 0 0 0 1 
0 0 0 0 0 0 0 1 0 0 
0 1 0 0 0 0 0 0 0 0 
0 0 0 0 0 0 1 0 0 0 
0 0 0 0 1 0 0 0 0 0 
0 0 0 0 0 1 0 0 0 0 
0 0 0 0 0 0 0 0 1 0 
0 0.269393 0 0 0 0 0 0.730607 0 0 
0.358092 0 0 0 0 0 0 0 0.641908 0 
0 0 0 0 0 0 1 0 0 0 
0 0 0 0 0 0 0 1 0 0 
0 0 0 0 0 0 0 1 0 0 
0 0.546013 0 0 0 0 0 0.453987 0 0 
0 0 1 0 0 0 0 0 0 0 
0 0 1 0 0 0 0 0 0 0 
0 0 0 0 0 0 0 0 1 0 
0 0 0 0 0 1 0 0 0 0 
0 0 0 0 0 0 0 0 1 0 
1 0 0 0 0 0 0 0 0 0 
0 0 1 0 0 0 0 0 0 0 
1 0 0 0 0 0 0 0 0 0 
0 0 0 0 0 0 1 0 0 0 
0 0 0 0.581489 0 0 0 0.418511 0 0 
0 0.334222 0 0.665778 0 0 0 0 0 0 
0 0 0 0 0 0 0 1 0 0 
0 0 0 0 1 0 0 0 0 0 
0 0 0 0 0 0 0 0 0 1 
0 0 0 0 0 1 0 0 0 0 
0 0 0 0 0 1 0 0 0 0 
0 0 0 1 0 0 0 0 0 0 
0.267781 0 0 0 0 0.732219 0 0 0 0 
1 0 0 0 0 0 0 0 0 0 
0 0 0 0 0 0 0 1 0 0 
0 0 0 0 0 0 0 1 0 0 
0 0 0 1 0 0 0 0 0 0 
0 0.40431 0 0.595689 0 0 0 0 0 0 
0 0 0 0 0 0 0 1 0 0 
0 0 1 0 0 0 0 0 0 0 
0 1 0 0 0 0 0 0 0 0 
0 0 1 0 0 0 0 0 0 0 
0 0 0 0 0 0 1 0 0 0 
0 0 0 1 0 0 0 0 0 0 
0 0 0 0 0 0 0 0 0 1 
0 0 0 0 0 0 0 0.561712 0.438288 0 
0 0 0 0 0 0 0.417936 0.582064 0 0 
0 0 0 0 1 0 0 0 0 0 
0 0 1 0 0 0 0 0 0 0 
0 0 1 0 0 0 0 0 0 0 
0 0 0 1 0 0 0 0 0 0 
0 0 0 0 0 0 0 1 0 0 
0 0 0 0 0 0 0 0 0 1 
0 1 0 0 0 0 0 0 0 0 
0 0 0 0 0 0 0 1 0 0 
0 0 1 0 0 0 0 0 0 0 
1 0 0 0 0 0 0 0 0 0 
0 0 0 0 0 0 0 1 0 0 
0 0 0 1 0 0 0 0 0 0 
0 0 0.30997 0 0 0 0 0 0 0.69003 
1 0 0 0 0 0 0 0 0 0 
0 0 0 0 0 0 0 0 1 0 
0.748283 0 0 0 0.251717 0 0 0 0 0 
0 0 0 0 0 0 0 0 0 1 
0 0 0 0 0 0 0 1 0 0 
0 0 1 0 0 0 0 0 0 0 
1 0 0 0 0 0 0 0 0 0 
0.839454 0 0 0 0 0 0 0.160546 0 0 
0 0 0 0 0 0 0 0 0 1 
0 0 0 0 0 0 0 1 0 0 
0 0 0 0 1 0 0 0 0 0 
0 0.514702 0 0 0 0 0.485298 0 0 0 
0 0 0 0 0 1 0 0 0 0 
0 1 0 0 0 0 0 0 0 0 
0 0 0 0 0 1 0 0 0 0 
0 0.513031 0 0 0 0 0.486969 0 0 0 
0 0 0 0 1 0 0 0 0 0 
0 0 0.681236 0 0 0 0 0 0 0.318764 
0 0 0.665312 0.334688 0 0 0 0 0 0 
0 0 0 0 0 0 0 1 0 0 
0 0 0 1 0 0 0 0 0 0 
1 0 0 0 0 0 0 0 0 0 
0 0.200195 0 0 0 0.327049 0 0 0 0.472756 
0 0 0 0 1 0 0 0 0 0 
0 0 0 0 0 0 0 0 1 0 
0 0 0 0 0 0 1 0 0 0 
0 1 0 0 0 0 0 0 0 0 
0 0 0 0 0 0 0 1 0 0 
0 0 0 0 0 0 1 0 0 0 
0 0 0 0 0.31256 0 0.68744 0 0 0 
0 0 0 1 0 0 0 0 0 0 
0 0 0 0 0 0 0 1 0 0 
0 0 0 0 0.835074 0 0 0 0.164926 0 
0 0 1 0 0 0 0 0 0 0 
0.071229 0 0.483227 0.445544 0 0 0 0 0 0 
0 0 1 0 0 0 0 0 0 0 
0 0 0 0 0 0 0 0 1 0 
0 0 0 0 0 0 0 0 0 1 
0 0 1 0 0 0 0 0 0 0 
0.796752 0 0 0 0 0 0 0.203248 0 0 
0 0 0 0 0 1 0 0 0 0 
0 0 0 1 0 0 0 0 0 0 
0 0 0 0 0 0 1 0 0 0 
0 0 0 0 1 0 0 0 0 0 
1 0 0 0 0 0 0 0 0 0 
0 0 0 0 0 1 0 0 0 0 
0 0 0 0 0 0 0 0 0 1 
0 0 1 0 0 0 0 0 0 0 
0 0 0 1 0 0 0 0 0 0 
0 0 0 0 0 0 0 0 0.527615 0.472385 
0 0 0 1 0 0 0 0 0 0 
0 1 0 0 0 0 0 0 0 0 
0 0 0 0 0 1 0 0 0 0 
0 1 0 0 0 0 0 0 0 0 
0 0 0 0 0.669395 0 0 0.330605 0 0 
0 0 0 0 0 0 0 1 0 0 
0.714664 0 0.285336 0 0 0 0 0 0 0 
0 0 0 0 0 0 1 0 0 0 
0 0 1 0 0 0 0 0 0 0 
0 0 0.35282 0 0 0 0 0 0 0.64718 
0 0 0.676471 0 0.323529 0 0 0 0 0 
0 0 0 0 0 0 0.434868 0 0.565132 0 
0 1 0 0 0 0 0 0 0 0 
0 0 0 0 0 0 0 0 0 1 
0 0 0 1 0 0 0 0 0 0 
0 1 0 0 0 0 0 0 0 0 
0 1 0 0 0 0 0 0 0 0 
0 0 0 0 0 0 0 0 0 1 
0 0 0 0 1 0 0 0 0 0 
0 0 0 0 1 0 0 0 0 0 
0 0 0 0 0 0 0 0 0 1 
0 0 0 0 0 0 0 0 1 0 
0 0 0 1 0 0 0 0 0 0 
0.236506 0.763494 0 0 0 0 0 0 0 0 
0 0 0 0 0 0 0 1 0 0 
0 0 0 0 0 0 0 1 0 0 
0 0 1 0 0 0 0 0 0 0 
0 0.534031 0 0 0 0 0 0 0 0.465969 
0 0 0 1 0 0 0 0 0 0 
0 0 0 0 0 0 0 0 0 1 
0 0.439642 0 0 0 0 0 0 0 0.560358 
0 0 0.731005 0 0 0 0 0 0 0.268995 
0 0 0 0 0 1 0 0 0 0 
1 0 0 0 0 0 0 0 0 0 
0 0 1 0 0 0 0 0 0 0 
0 0 0 0 0 0.725469 0 0 0.274531 0 
0 0 0.281196 0 0 0 0.718804 0 0 0 
0 0 0 0 1 0 0 0 0 0 
0 0 1 0 0 0 0 0 0 0 
0 0 0 0 0 1 0 0 0 0 
0 0 0 0 0 0 0 0 0 1 
0 0 0 0 0 0 0 0 0 1 
0 0 0 0 0 0 0 1 0 0 
0 0 0 0 0 0 1 0 0 0 
0 0 0 1 0 0 0 0 0 0 
0 0 0 0 0 0 1 0 0 0 
0 0 0 0 0 0 0 1 0 0 
0 0 0 0 0 0 0 0 1 0 
0 1 0 0 0 0 0 0 0 0 
0 0 1 0 0 0 0 0 0 0 
0 0 0 1 0 0 0 0 0 0 
0 0 0 0 0 0 1 0 0 0 
0 0 0 0 0 0 0 0 1 0 
1 0 0 0 0 0 0 0 0 0 
0 0 0 0 0 1 0 0 0 0 
0 0.384873 0 0 0 0 0.615127 0 0 0 
0 0 0 0 0 0 0 0 1 0 
0 0 0 0 0 0 0 1 0 0 
0 0 1 0 0 0 0 0 0 0 
0 0 0 0 0 0 0 1 0 0 
1 0 0 0 0 0 0 0 0 0 
1 0 0 0 0 0 0 0 0 0 
0 0 0 1 0 0 0 0 0 0 
0 1 0 0 0 0 0 0 0 0 
0 0 0 0 0 0 1 0 0 0 
0 0 0 0 0 0 0 0 0 1 
0 0 0 0 1 0 0 0 0 0 
0 0 0 0 0 0 0 0 0 1 
0 0 0 0 0 1 0 0 0 0 
0.716161 0 0 0 0.283839 0 0 0 0 0 
0 0 0 0 0 1 0 0 0 0 
0 0 0 0 0 0 1 0 0 0 
0 0 0 0 0 0.618572 0.381428 0 0 0 
1 0 0 0 0 0 0 0 0 0 
0 0 0 0 0 0 0 0 0 1 
0 0 0 0 1 0 0 0 0 0 
0 1 0 0 0 0 0 0 0 0 
0 0 0 0 0 0 0 1 0 0 
0 0 1 0 0 0 0 0 0 0 
0 1 0 0 0 0 0 0 0 0 
0 0 1 0 0 0 0 0 0 0 
0 0 0 0 0 0 0 0 1 0 
0 0 0 0 0 0 1 0 0 0 
0.530429 0 0 0 0 0 0 0.469571 0 0 
0 0 0 0 0 0 0 1 0 0 
0 0 0 1 0 0 0 0 0 0 
1 0 0 0 0 0 0 0 0 0 
0 0 0 0 0 0 1 0 0 0 
0 0 0 0 0 1 0 0 0 0 
0 0 0 0 0 0 1 0 0 0 
0 0 0 0 0 1 0 0 0 0 
0 0 0 0 0.455054 0 0 0 0.544946 0 
0 0 0 0 0 1 0 0 0 0 
0 0 0.671185 0 0 0 0 0.328815 0 0 
0 1 0 0 0 0 0 0 0 0 
0 0 0 0 0 0 0 1 0 0 
0 0 0 0 1 0 0 0 0 0 
1 0 0 0 0 0 0 0 0 0 
0 0 0 0.460909 0 0 0 0 0.539091 0 
0 0 1 0 0 0 0 0 0 0 
0 0 0 0 0 0 1 0 0 0 
0 0 0 0 1 0 0 0 0 0 
0 0 0 0 0 0 1 0 0 0 
0 0 0 0 1 0 0 0 0 0 
0 0 0 0 0 0 0 0 1 0 
0 0 0 0 0 0 0.454496 0.545504 0 0 
0 0 1 0 0 0 0 0 0 0 
0 1 0 0 0 0 0 0 0 0 
0 0 0 0.634958 0 0 0 0.365042 0 0 
0 0 0 0 0 1 0 0 0 0 
0 0 0 0 0 0 0 0 1 0 
0 0 0 0 0 0 0 0 1 0 
0 0 0 0 0 0 0 0 1 0 
0 0 0 0 1 0 0 0 0 0 
1 0 0 0 0 0 0 0 0 0 
0 0 0 1 0 0 0 0 0 0 
0 0 0 0.342285 0 0 0.357593 0.300122 0 0 
0 0 0 1 0 0 0 0 0 0 
0 0 0 0 0 0 0 0 0 1 
0 1 0 0 0 0 0 0 0 0 
0 0 0 0 0 0 0 0 0 1 
0 0 1 0 0 0 0 0 0 0 
0 0 0 0 0 0 0 0 0 1 
0 0 0 0 0 0 0 0 1 0 
0.63746 0 0 0 0 0 0 0 0.36254 0 
0 0 0 0 0 0 1 0 0 0 
0 0 0 0 0 0 1 0 0 0 
1 0 0 0 0 0 0 0 0 0 
0 0 0 1 0 0 0 0 0 0 
0 0 0 0 0 0 1 0 0 0 
0 1 0 0 0 0 0 0 0 0 
1 0 0 0 0 0 0 0 0 0 
0 0 0 0 0 0 0 0 1 0 
0 0 0 0 1 0 0 0 0 0 
0 0 1 0 0 0 0 0 0 0 
0 0 0 0 0 0 1 0 0 0 
0 0 0 0 0.509031 0 0.490969 0 0 0 
0 0 0 1 0 0 0 0 0 0 
0 0 0 0 1 0 0 0 0 0 
0 0 0 0 0 0 1 0 0 0 
0 0 0 0 0.672855 0.327145 0 0 0 0 
1 0 0 0 0 0 0 0 0 0 
0 0 0 0 0 0 0 0 1 0 
0 0 0.545378 0 0 0 0 0.454622 0 0 
0 0 0 0 1 0 0 0 0 0 
0 0 0 0 0 0 0 1 0 0 
0 0 0 0 1 0 0 0 0 0 
1 0 0 0 0 0 0 0 0 0 
0 0 1 0 0 0 0 0 0 0 
0 1 0 0 0 0 0 0 0 0 
0 0.452743 0 0.222963 0 0 0 0.108818 0.215476 0 
0 0 0 0 0 0 1 0 0 0 
0 0 0 0 0 0 0 0 1 0 
0.450749 0 0 0 0 0 0 0.549251 0 0 
0 1 0 0 0 0 0 0 0 0 
0 0 0 0 0 0.484407 0.515593 0 0 0 
0 1 0 0 0 0 0 0 0 0 
1 0 0 0 0 0 0 0 0 0 
0 0 0 0 0 0 1 0 0 0 
0 0.786368 0.213632 0 0 0 0 0 0 0 
0 1 0 0 0 0 0 0 0 0 
0 0 0 0 0 0 0 1 0 0 
0 0 0 0 0 0 0 1 0 0 
0 0 0 0 0 0 0.845677 0 0.154323 0 
0 0 1 0 0 0 0 0 0 0 
0 0 0 0 0 1 0 0 0 0 
0 0 0 0 0 0 0 0 1 0 
1 0 0 0 0 0 0 0 0 0 
0 1 0 0 0 0 0 0 0 0 
0 0 0 0 0 0 0 0 1 0 
0 0 0 0 0 0 0 0 1 0 
0 1 0 0 0 0 0 0 0 0 
0 0 0 0 0 0 0 0 0 1 
0 0 0 0 0 0 0 0 0 1 
0 0 0 0 0 0 0 0 1 0 
0 0 0 0 0 0 0 1 0 0 
0.534841 0 0.465158 0 0 0 0 0 0 0 
0 0.884178 0 0 0 0.115822 0 0 0 0 
0 0 1 0 0 0 0 0 0 0 
1 0 0 0 0 0 0 0 0 0 
0 0 0 0 1 0 0 0 0 0 
0 0 0 0 0 0 0 0 0.413365 0.586635 
0 0 0 0 0 0 0 1 0 0 
0 0 0 0 0 0 0 0 0 1 
0.564427 0 0 0 0 0 0 0 0 0.435573 
0 0 1 0 0 0 0 0 0 0 
0 0 1 0 0 0 0 0 0 0 
0 0 0 0 0 0 0 0 1 0 
0 0 0 0 1 0 0 0 0 0 
0 0 0 0 0 0 0 0 1 0 
1 0 0 0 0 0 0 0 0 0 
0 0 0 1 0 0 0 0 0 0 
0 0 0 0 0 0 0 0 0 1 
0 0 0 1 0 0 0 0 0 0 
0 0 0 0 1 0 0 0 0 0 
0 0 0 0 0 0 1 0 0 0 
0 0 0 0 0 0 0 0 0 1 
0 1 0 0 0 0 0 0 0 0 
0 0 0 0 1 0 0 0 0 0 
0 0.209601 0 0 0 0 0.790399 0 0 0 
