10 50
0.52779
0.514753
0.330635
0.474162
0.697265
0.280715
0.68521
0.398136
0.631888
0.290338
9.67303 0.634092
9.28803 0.817746
8.96406 0.208828
8.16874 1.59557
7.99766 1.54129
7.66989 0.281747
7.46362 0.987099
6.51196 1.6879
5.77816 2.10846
5.57173 2.09514
4.42748 2.85167
4.20406 3.56053
4.13082 3.26019
3.5318 3.84215
3.49827 2.86917
3.44208 3.95933
2.7072 4.07998
2.64114 5.64478
2.60988 5.61421
2.37244 4.2728
2.28396 4.74436
2.17203 6.79539
1.91948 6.29567
1.6704 7.13847
1.58363 5.44625
1.54866 5.27224
1.46194 5.88196
1.35306 5.60399
1.23962 7.79789
1.12891 5.43467
1.10531 6.00227
0.959556 6.93752
0.867239 8.21031
0.851826 6.35419
0.807303 7.23026
0.790882 6.81285
0.716741 5.59916
0.71648 7.30392
0.652773 5.39729
0.625202 8.27727
0.591939 8.0723
0.367078 8.98512
0.3195 7.03995
0.254566 9.4483
0.241616 9.56518
0.199629 7.78368
0.170991 8.19565
0.138491 7.83401
0.0200367 10.4895
0.00663211 10.4303
0 0 0 0 0 0 0 1 0 0 
0 0 0 1 0 0 0 0 0 0 
0 0 0 0 0 0 0 0 1 0 
0 1 0 0 0 0 0 0 0 0 
0 0 0 0 0 0 0 1 0 0 
0 0 0 0 0.139325 0 0 0 0 0.860675 
0 0 0 1 0 0 0 0 0 0 
0 0 0 0 0 0 0 1 0 0 
0 1 0 0 0 0 0 0 0 0 
0 0 0 0 1 0 0 0 0 0 
0 0 0 0 0 0 0 1 0 0 
0 0 0 0 0 0 0 1 0 0 
0 0 0 0 0 0 0 0 1 0 
0 0 0.501025 0 0 0 0 0.498975 0 0 
0 0 0 1 0 0 0 0 0 0 
0 0 0 0 0 1 0 0 0 0 
1 0 0 0 0 0 0 0 0 0 
0 0 0 0 0 0 0 0 0 1 
1 0 0 0 0 0 0 0 0 0 
0 0 1 0 0 0 0 0 0 0 
0 0 0 0 0 0 0 0 1 0 
0 0 0 0 0 1 0 0 0 0 
0 0 0.614241 0 0 0 0 0 0.385759 0 
0 0 0 0 0 0 0 0.111983 0 0.888017 
0 0 0 0 0 1 0 0 0 0 
0.48465 0 0.51535 0 0 0 0 0 0 0 
0 1 0 0 0 0 0 0 0 0 
0 0 0 0 0 0 0 0 0.570017 0.429982 
0 0 0 0.402774 0 0 0.597226 0 0 0 
0 0 0 0 0 0 0 0 1 0 
0 0 0 0 0 0 1 0 0 0 
0 0 0 0 0 0 0 1 0 0 
0 0 1 0 0 0 0 0 0 0 
0 0 0 0 0 0 1 0 0 0 
0 0 0 0 0 0 1 0 0 0 
1 0 0 0 0 0 0 0 0 0 
1 0 0 0 0 0 0 0 0 0 
0 0 0 0 0 0 1 0 0 0 
0 0 0 0 0 0 0 0 0 1 
0.165759 0 0 0 0 0 0 0 0 0.834241 
0 0 0 0 0 0 1 0 0 0 
0 0 0 0 0 0 0 0 1 0 
0 0 1 0 0 0 0 0 0 0 
0 0 0 0 0 0 0.527948 0 0.472052 0 
0 1 0 0 0 0 0 0 0 0 
0 0 1 0 0 0 0 0 0 0 
0 0 0 0 0 0 0 0 1 0 
0 0 0.863855 0 0 0.136145 0 0 0 0 
0 0 0 0 0 0 1 0 0 0 
0 0 0 1 0 0 0 0 0 0 
