5 300
0.59715
0.647925
0.672496
0.454056
0.552201
12.0177 0.141899
10.6335 0.652533
10.5205 0.884501
10.1436 0.215409
9.68016 1.12678
9.59677 1.29027
9.28731 1.27323
9.27046 0.736046
9.2379 0.870876
9.22196 0.239049
9.16957 0.114894
9.09485 1.47978
9.08851 1.51434
8.99885 0.438982
8.90386 0.141018
8.83617 0.158061
8.76702 0.33234
8.46897 0.241926
8.31988 1.0229
8.29681 1.94324
8.25361 0.601412
7.83971 2.41583
7.83714 1.87427
7.80073 1.60041
7.75269 1.70018
7.71284 2.04286
7.47681 0.132987
7.36808 1.8665
7.29189 0.644895
7.26489 1.01579
7.17728 1.16275
7.08813 2.15917
6.94239 0.452325
6.93229 0.668238
6.92691 1.27718
6.88551 2.2209
6.8772 1.60876
6.72965 1.52342
6.72526 2.91545
6.67234 1.16746
6.64799 1.42497
6.53219 1.61416
6.47196 1.01979
6.38186 0.919038
6.3354 1.38065
6.33365 0.888907
6.32303 2.03482
6.24648 1.44318
6.15428 1.25548
6.13547 1.78368
6.12226 2.88844
6.0971 1.72363
6.01439 1.59492
5.92053 2.63543
5.90694 2.5585
5.88105 1.41587
5.81348 1.63319
5.75716 1.95353
5.67236 1.86943
5.65795 2.51122
5.64125 2.90245
5.639 3.90703
5.63637 2.58456
5.62081 2.59305
5.61161 2.53818
5.59165 2.75367
5.5799 1.58317
5.48933 2.49911
5.46219 3.40603
5.45994 2.9088
5.42137 1.30033
5.39693 1.72714
5.36553 2.7997
5.33002 2.4476
5.26137 2.05817
5.16809 2.57499
5.16584 2.80203
5.13991 2.22343
5.03833 2.18993
5.03487 1.93021
5.00054 2.76976
4.92619 3.04297
4.91531 3.3067
4.84128 2.4525
4.83856 1.91668
4.78152 1.69025
4.75832 2.64628
4.74135 2.93859
4.70964 3.836
4.68073 2.93417
4.65122 3.67707
4.6041 1.85627
4.54465 3.58418
4.50999 2.20574
4.44762 2.31371
4.39217 3.19903
4.383 2.56144
4.37109 3.91882
4.36058 4.1515
4.33168 2.58232
4.3303 2.50587
4.31546 2.90029
4.30625 2.15503
4.30343 3.42297
4.1931 2.91816
4.13687 3.92139
4.13337 3.307
4.09493 4.03837
4.08276 2.93748
4.06136 4.79142
4.01689 4.08926
3.98417 4.32024
3.92569 3.94845
3.91904 4.15774
3.91792 4.3215
3.86181 3.17307
3.8491 4.35039
3.83741 4.72627
3.78343 4.95065
3.59711 3.98384
3.48348 4.89234
3.47854 2.52483
3.46138 3.75757
3.41105 5.28621
3.29989 4.17328
3.29539 3.63648
3.27939 3.58606
3.12517 4.1034
3.0639 4.85807
3.06153 5.00421
3.04975 4.17404
3.03914 3.98977
3.02744 4.3651
3.00775 5.45445
2.98974 3.66549
2.97857 3.05271
2.8715 4.85164
2.76949 6.14217
2.74106 5.01435
2.69916 4.56621
2.66365 5.90711
2.52534 3.60323
2.52404 4.5301
2.48934 4.97613
2.45807 4.60545
2.42103 4.19741
2.40806 4.70907
2.40527 4.8308
2.37514 5.06499
2.37326 3.98119
2.36442 4.21164
2.36167 6.48295
2.28248 3.99427
2.27727 4.76079
2.25511 5.18968
2.18639 6.59495
2.17872 5.72834
2.13986 4.45112
2.13519 5.38012
2.12849 4.62339
2.10983 5.8469
2.05019 3.95464
2.03873 6.15985
1.99694 5.18641
1.96654 6.80936
1.96053 6.26178
1.95817 6.85496
1.9431 5.58998
1.9366 5.79815
1.88762 6.63657
1.85852 4.40776
1.81772 5.6605
1.80532 6.34724
1.7919 5.05625
1.74072 4.99293
1.74054 5.88303
1.71925 5.00112
1.6316 6.87847
1.61468 7.48005
1.56338 7.32812
1.55881 6.10464
1.54915 7.11384
1.50398 5.65496
1.49745 5.8022
1.45481 6.28712
1.44302 5.5949
1.43705 7.37629
1.4352 8.13226
1.38297 4.53197
1.37879 4.78814
1.35956 4.79352
1.17234 6.80688
1.16988 4.67462
1.16166 7.25953
1.14936 6.321
1.13219 8.51498
1.11058 6.4355
1.10974 7.56264
1.09321 5.49836
1.07975 5.00349
1.07372 7.94932
1.05881 4.82628
1.01221 7.57682
0.997928 5.72066
0.957136 8.4619
0.900791 6.94712
0.884736 8.15912
0.878757 7.44196
0.876687 5.94372
0.868502 7.20769
0.858471 7.89488
0.845497 6.98664
0.83885 7.56025
0.819639 8.39654
0.818456 7.9158
0.804815 8.42692
0.796844 6.55654
0.777533 5.68593
0.776685 6.22542
0.755083 7.73817
0.734081 6.94315
0.724554 5.94292
0.720811 6.32657
0.692389 8.08566
0.659651 8.87689
0.654945 8.90582
0.649651 9.39122
0.646301 8.98334
0.642204 8.26952
0.640691 9.65737
0.628151 8.09991
0.610689 8.94602
0.581913 6.77979
0.577028 7.33718
0.536996 7.22544
0.49141 8.26552
0.435603 7.02467
0.424275 7.30259
0.417192 8.96489
0.4013 7.49519
0.38997 6.99715
0.387438 9.49133
0.374491 9.33483
0.350098 7.59037
0.339652 9.76166
0.337663 6.30401
0.334938 6.86195
0.334057 7.85228
0.32185 7.3459
0.317336 6.92902
0.292591 9.78772
0.289463 6.9302
0.288166 6.94165
0.267227 10.4768
0.260902 9.58441
0.258455 9.2961
0.24738 9.30251
0.241497 8.69189
0.237431 6.39925
0.237321 6.56427
0.235238 8.35409
0.230884 9.91605
0.229909 8.81675
0.193475 9.07699
0.17522 6.57685
0.170099 7.28457
0.162768 8.43082
0.161689 9.87669
0.156358 7.37099
0.154434 7.8734
0.133783 10.2976
0.121591 10.9873
0.120314 9.2436
0.11198 7.5288
0.110887 10.4381
0.108205 7.71723
0.0912987 8.80099
0.0867575 9.29757
0.0739464 9.75114
0.0528288 7.25176
0.0523567 10.0251
0.0504766 9.96989
0.0475212 7.41075
0.0454629 9.54692
0.0436028 9.24872
0.041387 8.49228
0.0413161 10.1974
0.0410739 10.6866
0.0328613 9.73029
0.0263709 10.4536
0.0167805 7.49032
0.013504 7.79624
0.00887416 9.78778
0.00804247 7.63394
0.00528718 7.35251
0.00338851 9.95815
0.00187052 10.5949
0.0018309 8.70255
0.00150869 11.239
0.00115102 8.83813
0.275986 0 0.724014 0 0 
0 0 1 0 0 
1 0 0 0 0 
0 0 0 1 0 
0.549964 0 0 0 0.450036 
1 0 0 0 0 
0 0 0 0 1 
0 0 0 0 1 
0.574188 0.425812 0 0 0 
0.641341 0 0 0.358659 0 
1 0 0 0 0 
1 0 0 0 0 
0 0 0 0 1 
0 1 0 0 0 
0.233745 0 0.766255 0 0 
0 0 1 0 0 
0 1 0 0 0 
0 0 1 0 0 
0 0 0 0 1 
0 1 0 0 0 
0 0 0 0 1 
0 0 0 0 1 
1 0 0 0 0 
0.567147 0 0 0 0.432853 
0 0.624273 0 0.375727 0 
0 0 0 0 1 
0 0 0 1 0 
0 0 1 0 0 
0 1 0 0 0 
0 1 0 0 0 
0 0 0 1 0 
0 0 1 0 0 
0 0 0 0 1 
0 1 0 0 0 
1 0 0 0 0 
0 0 0 0 1 
0.23128 0 0 0 0.76872 
1 0 0 0 0 
0 1 0 0 0 
0 0 1 0 0 
0 0 1 0 0 
0 0 0 0 1 
0 0 1 0 0 
0 0 0 0 1 
1 0 0 0 0 
0 0 1 0 0 
0 0 0 0 1 
0 0 0 0 1 
1 0 0 0 0 
0 0 0 1 0 
0 0 1 0 0 
0 1 0 0 0 
0.581425 0.418575 0 0 0 
0.489694 0 0.510306 0 0 
0 1 0 0 0 
0 1 0 0 0 
0 0 1 0 0 
0 0 0 0 1 
0 0 0 1 0 
0 0 0 0 1 
0 0 0 0 1 
0 0 0 0 1 
0 0.322232 0.677768 0 0 
0 0 0 1 0 
0 0 0 0.793271 0.206728 
0 0.681371 0 0.318629 0 
1 0 0 0 0 
0 0 0 0.542842 0.457158 
0 1 0 0 0 
1 0 0 0 0 
0 1 0 0 0 
0 1 0 0 0 
0 0 0 1 0 
0.440651 0.559349 0 0 0 
0 0 0 0 1 
0 1 0 0 0 
0 1 0 0 0 
0 0 1 0 0 
0 0 0 1 0 
0 0 1 0 0 
0.65408 0 0.34592 0 0 
0 0 0 0 1 
0 1 0 0 0 
1 0 0 0 0 
0 0 0 0 1 
0 1 0 0 0 
0 0 1 0 0 
1 0 0 0 0 
0 0 0 1 0 
0 0 1 0 0 
0 0 0 0 1 
0 1 0 0 0 
0 0 0 1 0 
0 0.497861 0 0.502139 0 
0.633859 0.366141 0 0 0 
0 0 0 0.562012 0.437987 
0.418002 0 0 0.581998 0 
0.420817 0.579183 0 0 0 
0 1 0 0 0 
0 1 0 0 0 
0 0.387657 0.612343 0 0 
0 1 0 0 0 
0 0 0 0.617186 0.382814 
1 0 0 0 0 
0 1 0 0 0 
0 1 0 0 0 
0 1 0 0 0 
0 0 0 1 0 
0 0 0.64045 0.35955 0 
0 1 0 0 0 
0 0 0 1 0 
1 0 0 0 0 
0 0 0 0 1 
0 0 1 0 0 
0 0 1 0 0 
0 1 0 0 0 
0.481752 0 0 0.518248 0 
0 0 0 1 0 
0 0 0 1 0 
0 0 0 1 0 
0 0 1 0 0 
0 1 0 0 0 
0 0 0 1 0 
0 0 0 1 0 
0 0 0 0 1 
0 0 0 1 0 
0 1 0 0 0 
0 0 0 0.201873 0.798127 
0.395517 0.604483 0 0 0 
0 1 0 0 0 
0 0 0 0 1 
0 0 0 1 0 
1 0 0 0 0 
1 0 0 0 0 
0 0.507747 0 0.492253 0 
0.419623 0 0 0.580377 0 
0.137818 0.862182 0 0 0 
0.504735 0.0659603 0.429305 0 0 
0 0 0 0 1 
0 0 0 0 1 
1 0 0 0 0 
0 0 1 0 0 
0 0 0 1 0 
0 0 0 1 0 
0 1 0 0 0 
0 0 0 1 0 
0 0 0.324818 0.675182 0 
1 0 0 0 0 
0 0 0 0 1 
0 1 0 0 0 
0 1 0 0 0 
0.278854 0 0.252705 0 0.468441 
1 0 0 0 0 
1 0 0 0 0 
0 0 0 1 0 
0 0 0 0 1 
0 0 0 1 0 
0 1 0 0 0 
0 1 0 0 0 
0 1 0 0 0 
0 0 0 0 1 
0.668763 0 0 0.331237 0 
0 1 0 0 0 
0 0 0 0 1 
1 0 0 0 0 
0 0 1 0 0 
1 0 0 0 0 
0 0 0 1 0 
1 0 0 0 0 
1 0 0 0 0 
0 0 0 0 1 
0 0.43443 0 0 0.56557 
0.306174 0.108855 0 0.584971 0 
0.629917 0.370083 0 0 0 
0 1 0 0 0 
1 0 0 0 0 
1 0 0 0 0 
0 0 1 0 0 
0.608704 0 0.391296 0 0 
0 0 0 1 0 
0 0 1 0 0 
0 0 0 0 1 
0 0 0 1 0 
0 0 1 0 0 
0 0.687283 0 0 0.312717 
0 0 0 0 1 
0 1 0 0 0 
0 0 0 1 0 
0.730816 0.269184 0 0 0 
0 0 0 0 1 
1 0 0 0 0 
0 0 1 0 0 
0 0 0 0 1 
0 0 0 1 0 
0 0 1 0 0 
0 0 0 0 1 
0 0 1 0 0 
0 1 0 0 0 
1 0 0 0 0 
0.363 0.637 0 0 0 
0 1 0 0 0 
0 0 0 1 0 
0 0 0 1 0 
0 1 0 0 0 
0 1 0 0 0 
1 0 0 0 0 
0 1 0 0 0 
0 0 1 0 0 
0 0 0 1 0 
0 0 1 0 0 
0 0 0 1 0 
0 0 0 0 1 
0 0 0 0 1 
0 1 0 0 0 
1 0 0 0 0 
0 0 1 0 0 
0 0.748109 0.251891 0 0 
0 1 0 0 0 
0 0 0 1 0 
0 0 0 0 1 
0 0 0 1 0 
0 1 0 0 0 
0 0 0.840868 0.159132 0 
0 1 0 0 0 
0 1 0 0 0 
0 1 0 0 0 
0 0 0 0.747608 0.252392 
0 0 0 0 1 
0 0 1 0 0 
0 0 0 1 0 
0 0 1 0 0 
0 1 0 0 0 
0 0 0.41916 0.58084 0 
0 0 0 0 1 
1 0 0 0 0 
0 0.454672 0 0.545328 0 
0 0 0 0 1 
0 0 0 0 1 
0 0 1 0 0 
0 0 1 0 0 
0 0 0 1 0 
0 0 1 0 0 
0 0 0 0 1 
0 1 0 0 0 
0 0 1 0 0 
1 0 0 0 0 
0 1 0 0 0 
0 0 0 0 1 
0 0 0 0 1 
0 0.719984 0 0.280016 0 
0 0 0 0 1 
0 0 0 1 0 
0 0.724404 0.275596 0 0 
0.349942 0.320061 0 0 0.329997 
0 0 0 1 0 
0 0 1 0 0 
0 1 0 0 0 
0 0 0 0 1 
0 0 0.495273 0.504727 0 
0 0 0 0 1 
1 0 0 0 0 
0 0.336191 0.663809 0 0 
0 0 1 0 0 
0 0 1 0 0 
0 1 0 0 0 
0 1 0 0 0 
0 1 0 0 0 
0 0 0 1 0 
0.5029 0 0.4971 0 0 
0 1 0 0 0 
0 0 1 0 0 
0 0 1 0 0 
1 0 0 0 0 
1 0 0 0 0 
0.841168 0 0.158832 0 0 
0 0 0 0 1 
1 0 0 0 0 
0 0 0 0 1 
0 0 1 0 0 
0 0 0 0 1 
1 0 0 0 0 
0 0 0 1 0 
1 0 0 0 0 
0 0 0 0 1 
0.739066 0.260934 0 0 0 
0 0 0 0 1 
1 0 0 0 0 
0 0 1 0 0 
0.184828 0 0 0.815172 0 
0 0 0 0 1 
0 0 0 0 1 
0 0 0 1 0 
1 0 0 0 0 
0 0 0 1 0 
0 0 0 0 1 
1 0 0 0 0 
0 0 0.266092 0 0.733908 
0 1 0 0 0 
0 0 1 0 0 
0 0 0 1 0 
