10 300
0.662988
0.691448
0.749781
0.607843
0.528229
0.588285
0.511713
0.373198
0.452971
0.712022
11.4818 0.238743
10.1807 0.356745
9.92067 0.929805
9.50786 0.413557
9.48273 0.981676
9.35444 0.872399
9.29707 1.50455
9.23192 0.558493
9.14925 1.35536
9.07685 0.934151
9.07358 1.12618
8.91594 0.307367
8.83697 0.729995
8.75208 0.244601
8.71739 0.18097
8.68398 0.157094
8.68087 0.946992
8.64171 1.49147
8.58788 0.142156
8.42087 1.25741
8.36962 1.78569
8.3694 0.82321
8.3639 1.74643
8.3552 0.938311
8.35492 1.43528
8.20184 1.49672
8.09497 1.73102
8.08072 0.632636
8.01557 2.37063
7.97259 1.54256
7.93603 1.44944
7.82192 1.71733
7.77585 1.70995
7.64341 1.97386
7.55861 0.15397
7.54286 0.66535
7.53341 0.255935
7.52788 1.26331
7.52594 1.02972
7.43137 1.69356
7.41454 1.00121
7.28272 1.99494
7.27209 0.256994
7.13972 0.670159
7.10873 1.15918
7.1071 1.69374
7.10678 1.90257
7.08 0.342023
7.04581 2.62892
6.97922 0.521863
6.86327 2.12298
6.8059 1.34028
6.80173 1.88159
6.72537 1.26837
6.68456 0.695557
6.64103 2.37954
6.54441 1.99628
6.48361 1.84639
6.44941 1.42475
6.43995 1.62391
6.39732 1.34744
6.29877 2.17031
6.25946 2.78008
6.23904 2.54289
6.21489 3.26055
6.14827 0.889992
6.12003 2.28778
6.01906 3.35565
6.01736 1.5707
5.9513 2.15553
5.84094 1.80412
5.65562 1.27865
5.4835 2.8326
5.47389 3.38918
5.35326 3.19066
5.33062 3.73386
5.29249 2.88675
5.23311 2.6427
5.15738 3.20453
5.15665 3.93833
5.01879 2.83484
5.00017 2.15206
4.99681 3.28772
4.92472 2.89821
4.92319 2.94687
4.8648 3.34769
4.85518 3.5987
4.80383 2.44262
4.78589 2.70495
4.71122 3.09936
4.70086 2.74447
4.65393 4.46463
4.62734 4.79002
4.58348 2.75368
4.49004 2.68487
4.42507 3.72468
4.36803 3.7794
4.36639 2.48062
4.36464 4.37497
4.30756 4.26359
4.22296 2.53476
4.17083 3.96956
4.14887 2.99451
4.09444 4.81727
4.07726 3.63908
4.02269 3.30686
3.99174 2.97363
3.90441 3.24834
3.78168 4.68375
3.67318 3.19389
3.65939 3.0411
3.65864 4.46034
3.64782 3.62668
3.64707 4.19061
3.63572 2.97859
3.6335 4.92195
3.60913 2.82491
3.58772 2.82335
3.57382 4.64489
3.49777 5.53688
3.46751 4.05248
3.44627 5.15786
3.40314 3.7984
3.27506 3.82721
3.25509 4.24958
3.19599 3.69983
3.19033 5.54256
3.16292 4.01624
3.1325 3.0389
3.0774 4.16526
3.04763 3.34511
3.03937 3.94449
3.02568 3.64384
2.86895 5.19801
2.85074 5.11605
2.7895 4.58795
2.77799 3.1952
2.74598 3.77422
2.73346 5.25696
2.69954 5.65026
2.65352 4.28912
2.61011 4.06876
2.58294 4.29436
2.47387 4.17434
2.45546 3.43613
2.31425 4.26842
2.29398 4.51051
2.28479 4.60909
2.20573 5.29902
2.18605 6.55862
2.13801 6.49393
2.13243 4.49391
2.12787 6.35088
2.08951 5.30417
2.0891 5.17201
2.08864 3.94005
2.08346 4.21111
2.0824 7.04746
2.04432 7.08306
2.02126 7.33551
1.99987 5.31829
1.99825 4.23192
1.95998 5.34533
1.93695 7.32933
1.91874 5.68065
1.9049 4.94355
1.90392 7.02515
1.83915 5.78222
1.83463 4.98513
1.80252 6.29934
1.78935 4.52072
1.78108 4.77728
1.77593 6.17549
1.71901 7.3102
1.70956 6.10564
1.68366 4.98881
1.64286 5.62475
1.61467 6.26329
1.57763 7.12213
1.5206 6.26574
1.51262 4.51927
1.47042 7.48664
1.45445 5.51513
1.44468 6.25731
1.43636 5.82873
1.40263 6.07602
1.38616 7.8873
1.38265 7.14112
1.36972 7.33267
1.36564 7.09259
1.36548 7.09795
1.36322 7.00141
1.3465 6.61881
1.27954 6.4604
1.24262 5.28049
1.22234 5.9483
1.20584 6.0708
1.19777 5.35471
1.16619 6.42764
1.13695 5.21767
1.10905 8.25285
1.09884 7.65279
1.08271 5.46307
1.02544 7.53208
0.989943 6.79679
0.976764 5.43801
0.95646 6.80067
0.920437 5.82621
0.856495 8.38012
0.822616 9.03558
0.808441 6.87
0.786116 6.26689
0.769649 5.6122
0.767334 7.9103
0.749394 8.82426
0.737665 5.97294
0.721099 7.08527
0.713752 9.07024
0.700076 7.046
0.655597 9.3064
0.644805 6.15634
0.643253 8.2876
0.613732 8.32045
0.592757 8.45914
0.589735 7.13787
0.585135 8.83474
0.580464 7.2565
0.542526 9.63041
0.497584 8.90222
0.487442 7.74999
0.468088 7.55262
0.452956 8.1471
0.427535 6.99289
0.402129 8.40246
0.385559 9.34191
0.379725 7.94058
0.369628 9.63268
0.364159 8.03052
0.344361 6.81212
0.337099 6.2211
0.335454 6.27851
0.330167 6.99963
0.32725 9.61421
0.317996 8.94956
0.314811 6.89033
0.304682 8.9483
0.303399 8.60266
0.296553 7.10833
0.290786 6.88309
0.284611 6.46558
0.279762 6.54408
0.259807 8.24098
0.256667 6.45067
0.236996 6.87809
0.22513 6.3595
0.216501 6.54863
0.214624 8.82012
0.198956 8.21141
0.190371 7.85394
0.17483 7.45008
0.173129 8.82183
0.164549 10.7425
0.164093 10.129
0.161165 7.88978
0.151317 10.498
0.135102 9.82271
0.117187 7.61464
0.116892 10.9875
0.102519 9.54195
0.0976795 10.5532
0.0923518 6.82999
0.0810592 8.7236
0.0718259 7.30477
0.0706548 9.31878
0.0694043 9.98141
0.0517458 7.57841
0.0511942 9.32772
0.0507261 8.15122
0.046859 10.9086
0.0378414 8.92956
0.0349092 10.2411
0.0336946 8.08861
0.0244242 8.24179
0.0240822 10.2082
0.0183342 11.0015
0.0159907 7.26379
0.0121625 9.45885
0.0121201 11.4069
0.0105623 8.63481
0.0103466 7.27539
0.00900264 8.99895
0.00861452 8.17034
0.00607159 7.82818
0.00576163 8.82508
0.00463904 8.8694
0.00227603 11.1431
0.00197456 9.45014
0.00196884 10.4426
0.00119055 10.9721
0.000863305 11.7468
0 0 0 0 0.407007 0 0 0 0 0.592993 
0 0 0 0 0.823532 0.176468 0 0 0 0 
1 0 0 0 0 0 0 0 0 0 
0 1 0 0 0 0 0 0 0 0 
0 0 0 0 0 0 0 1 0 0 
0 0 0 0 0 1 0 0 0 0 
0 0 0 0 0 0 0 0 0 1 
0 0 0 0 1 0 0 0 0 0 
0 0 0 0.669785 0 0 0 0 0.330215 0 
0 0 0 0 1 0 0 0 0 0 
0 0 0 0 1 0 0 0 0 0 
0 0 0 0 0 0 0 0 1 0 
0 0 0 0 0 0 1 0 0 0 
0 0 1 0 0 0 0 0 0 0 
1 0 0 0 0 0 0 0 0 0 
0 0 0 1 0 0 0 0 0 0 
0 0 0 0 0.704117 0 0 0 0.295883 0 
1 0 0 0 0 0 0 0 0 0 
0 0.47171 0 0 0.52829 0 0 0 0 0 
0 0 0 0 0 0 0 0 1 0 
0 0 0 0 0 0 0 1 0 0 
0 0.549544 0 0.450456 0 0 0 0 0 0 
0 0 0 0 0 0 0 0 0 1 
0 0 1 0 0 0 0 0 0 0 
0 1 0 0 0 0 0 0 0 0 
0 0 0 0 0 1 0 0 0 0 
0 0 0 0 1 0 0 0 0 0 
0 0 0 0 1 0 0 0 0 0 
1 0 0 0 0 0 0 0 0 0 
0 0 0 0 0 0 0 0 0 1 
0 0 0 0 0 0 0 0 1 0 
0 0 0 0 0 1 0 0 0 0 
0.619762 0.380238 0 0 0 0 0 0 0 0 
0 0 0 0 0 0 0 0 1 0 
0 0 0 0 0 0 0 0 0 1 
0 0 0 0 0 0 0 1 0 0 
1 0 0 0 0 0 0 0 0 0 
0 0 1 0 0 0 0 0 0 0 
0 0 0 0 0 0 0 0.576822 0.423178 0 
0 0 0 0.135943 0.864057 0 0 0 0 0 
0 1 0 0 0 0 0 0 0 0 
0 0 0 0 0 0 1 0 0 0 
0 0 0 1 0 0 0 0 0 0 
0 0 0 0 0 0 1 0 0 0 
0 0 0 0 0 0 0 0 1 0 
0 0 0 0 1 0 0 0 0 0 
0 0 0 0 0 0 0 1 0 0 
0 0 0 0 0 0 0 0 0 1 
0 0 0 0 0 0 0.56093 0.43907 0 0 
0 0 0 1 0 0 0 0 0 0 
0 0 0 1 0 0 0 0 0 0 
0 0.242341 0 0.371419 0 0 0 0.38624 0 0 
0 1 0 0 0 0 0 0 0 0 
0 0 0 0 1 0 0 0 0 0 
0 0 0 0 0 0 0 0 1 0 
0 1 0 0 0 0 0 0 0 0 
0 0 0 0 0 0 1 0 0 0 
0 0 0 0 1 0 0 0 0 0 
0 0 0 0 0 0 0 0 1 0 
0 0 0 0 1 0 0 0 0 0 
0 0 0 0 0 0 1 0 0 0 
0 0.531746 0.468254 0 0 0 0 0 0 0 
0 0 0 0 0 0 0 0 1 0 
0 1 0 0 0 0 0 0 0 0 
0 0 0 0 0 0 0 0 0 1 
1 0 0 0 0 0 0 0 0 0 
0 0 0 0 0 0 1 0 0 0 
0 0 0 0 0 0 0 1 0 0 
0 0 0 0 0 0.364132 0 0.635868 0 0 
0 0 0 0 0 0 0 0 0 1 
0 0 0 0 0 0 0.87355 0 0.12645 0 
0 0 0 1 0 0 0 0 0 0 
0 0 0 0.51861 0 0 0 0.48139 0 0 
0 0 0 0 1 0 0 0 0 0 
0 0 0 0 0 0 0 0 1 0 
0 0 0 1 0 0 0 0 0 0 
0 0.394057 0 0.330301 0 0 0 0.275641 0 0 
0 0 0 0 0 0 0 0 1 0 
0 0 0 0 0 0 0 1 0 0 
0 1 0 0 0 0 0 0 0 0 
0 0.57666 0 0 0 0.42334 0 0 0 0 
1 0 0 0 0 0 0 0 0 0 
0 0 0 1 0 0 0 0 0 0 
1 0 0 0 0 0 0 0 0 0 
0 0 0 0 0 0 0 0 0 1 
0 0 0.611897 0 0 0.388103 0 0 0 0 
0 0 0 0 0 0 0 0 0 1 
0 0 1 0 0 0 0 0 0 0 
0 0 0 1 0 0 0 0 0 0 
0 0 0 0.551345 0.448655 0 0 0 0 0 
0 0 0 0 0 1 0 0 0 0 
0 0 0 0 0 0 0 1 0 0 
0 0 1 0 0 0 0 0 0 0 
1 0 0 0 0 0 0 0 0 0 
0 0 0 0.708378 0 0 0.291622 0 0 0 
0 0 0 0 0 0 0 0 1 0 
0 0 0 1 0 0 0 0 0 0 
0 0 0 0 1 0 0 0 0 0 
0 0 0 0 0 0 1 0 0 0 
0 0 0 0 0 1 0 0 0 0 
0 0 0 0 1 0 0 0 0 0 
0 0 0 1 0 0 0 0 0 0 
0 0 1 0 0 0 0 0 0 0 
0 1 0 0 0 0 0 0 0 0 
0 0 0 1 0 0 0 0 0 0 
0 0 0 0 0 0 0 0 1 0 
0 0 1 0 0 0 0 0 0 0 
0 0 1 0 0 0 0 0 0 0 
0 0 1 0 0 0 0 0 0 0 
0 0 0 0 0 0 1 0 0 0 
0 0 0 0 1 0 0 0 0 0 
1 0 0 0 0 0 0 0 0 0 
0 0 0 0.534516 0 0 0.465484 0 0 0 
0 0 0 0.83155 0 0.16845 0 0 0 0 
1 0 0 0 0 0 0 0 0 0 
0 0 0 0 0.192532 0 0 0.807468 0 0 
0 0 0 0 0 0 0 0 1 0 
0 0 0 0 0 0 0 0 1 0 
0 0 0 0 0 0 0 1 0 0 
0 0 0 0 0 0 0 1 0 0 
0 0 0 0 0 0.129936 0.386612 0.483452 0 0 
0 0 0 0 0 0 0 0 0 1 
0 0 1 0 0 0 0 0 0 0 
0 0 0 0 1 0 0 0 0 0 
0 0 0 0 1 0 0 0 0 0 
0 0 1 0 0 0 0 0 0 0 
0 0 0 0 0 0 1 0 0 0 
0 0 0 0 0 0 0 1 0 0 
0 0 0 0 0 0 0 0 0 1 
0 1 0 0 0 0 0 0 0 0 
0 0 0 0 1 0 0 0 0 0 
0 0 0 0 1 0 0 0 0 0 
0 0 0 0 0 0 0 0 0 1 
0 0 0 0 1 0 0 0 0 0 
0 0 0 1 0 0 0 0 0 0 
0.50569 0 0 0 0 0 0 0.49431 0 0 
0 0 0 0 0 0 0 0 1 0 
0 0 0 0 0 0 0 0 1 0 
0 0 0 0 0 0 0 0.728862 0 0.271138 
0 0 0 0 0 1 0 0 0 0 
0 0 0 0 1 0 0 0 0 0 
0 0 0 1 0 0 0 0 0 0 
0.807476 0 0.192524 0 0 0 0 0 0 0 
0 1 0 0 0 0 0 0 0 0 
0 0 0 0 1 0 0 0 0 0 
0 1 0 0 0 0 0 0 0 0 
0 0.538729 0 0 0.461271 0 0 0 0 0 
0 1 0 0 0 0 0 0 0 0 
0 0 0 0 0.484479 0 0 0 0.515521 0 
0 0 0 0 0 0 0 1 0 0 
0 0 0 0 0 0 0 1 0 0 
1 0 0 0 0 0 0 0 0 0 
0 1 0 0 0 0 0 0 0 0 
0 0 0 0 0 0 1 0 0 0 
0 1 0 0 0 0 0 0 0 0 
0 0 0 0 1 0 0 0 0 0 
1 0 0 0 0 0 0 0 0 0 
0 0 0 0 0 0 0 1 0 0 
1 0 0 0 0 0 0 0 0 0 
0 0 0 1 0 0 0 0 0 0 
0 0 1 0 0 0 0 0 0 0 
0 0 0 0.496845 0.503155 0 0 0 0 0 
1 0 0 0 0 0 0 0 0 0 
0 0 0 0 1 0 0 0 0 0 
0 0 0 0 0 0 0 0 0 1 
0 0 0 0 0 0 0 0 0 1 
0 0 0 0 0 0 0 1 0 0 
0 0 1 0 0 0 0 0 0 0 
0 0 0 0 0 0 0 0 0 1 
1 0 0 0 0 0 0 0 0 0 
0 0.547785 0 0 0 0 0 0.452215 0 0 
0 0 0 0 0 0 0 1 0 0 
0 0 0 0 1 0 0 0 0 0 
0 0 0 0 1 0 0 0 0 0 
0 0 0 0 1 0 0 0 0 0 
0 0 0 0 0 0 0 0 1 0 
0 0 0 0.474494 0 0.525506 0 0 0 0 
0.710566 0 0 0 0.289434 0 0 0 0 0 
0 0 0 0 0 0 1 0 0 0 
0 1 0 0 0 0 0 0 0 0 
0 0.822197 0 0 0 0 0 0.177803 0 0 
0 0 0.3333 0.15747 0.50923 0 0 0 0 0 
0 1 0 0 0 0 0 0 0 0 
0 0 0 0 0 1 0 0 0 0 
0 0 0 0 1 0 0 0 0 0 
0 0.407147 0 0 0 0.420194 0 0 0.172659 0 
0 1 0 0 0 0 0 0 0 0 
0 0 0 0 0 0 0 1 0 0 
0 0 0 1 0 0 0 0 0 0 
0 0 0 0 0 0 0 0 0 1 
0 0 0 0 0 0 0 0 0 1 
0 0 0 1 0 0 0 0 0 0 
1 0 0 0 0 0 0 0 0 0 
0 0 0 0 0 0 1 0 0 0 
0 0 0 0 0 0.437244 0 0 0 0.562756 
0 0 0.644877 0 0 0.355123 0 0 0 0 
0 0 0 0 0 0 0 0 1 0 
0 0 1 0 0 0 0 0 0 0 
1 0 0 0 0 0 0 0 0 0 
1 0 0 0 0 0 0 0 0 0 
0 0 0 1 0 0 0 0 0 0 
0 0.422429 0.577571 0 0 0 0 0 0 0 
1 0 0 0 0 0 0 0 0 0 
1 0 0 0 0 0 0 0 0 0 
1 0 0 0 0 0 0 0 0 0 
0 0 1 0 0 0 0 0 0 0 
0 0 0 0 0 0 0 0 1 0 
0 0 0 1 0 0 0 0 0 0 
1 0 0 0 0 0 0 0 0 0 
0 0 0 0 0 0.717565 0 0 0.282435 0 
0 0 0 0 0 0 0 1 0 0 
0 0 0 0 0 0 1 0 0 0 
0 0 1 0 0 0 0 0 0 0 
0 0 0 0 0 0 1 0 0 0 
0 0 0 0 0 0.432831 0 0.567169 0 0 
0 0 0 0 0 0 0 0 1 0 
0 0 0 0 0 0 0 0 0 1 
0 0 0 1 0 0 0 0 0 0 
0 0 0 0 0 0 0 0 1 0 
0 0 0 0 1 0 0 0 0 0 
0 0.157025 0 0.842975 0 0 0 0 0 0 
0 0 0 0 0 0 0 0 1 0 
0 0 0 1 0 0 0 0 0 0 
0 1 0 0 0 0 0 0 0 0 
0 1 0 0 0 0 0 0 0 0 
0 0 0 1 0 0 0 0 0 0 
0 0 0 1 0 0 0 0 0 0 
0 0 0 0 1 0 0 0 0 0 
0 0 0 0 0 0 0 1 0 0 
1 0 0 0 0 0 0 0 0 0 
0 0 0 0 0 0 0 0 1 0 
0 0 1 0 0 0 0 0 0 0 
0 0 0 0 0 0 0 0 1 0 
0 0 0 0 0 0 0 1 0 0 
0 0 0 0 0 0 0 0 0 1 
0 0 0 0 0 1 0 0 0 0 
0 0 0 0 0 0 0 0 0 1 
0 0 0 0 0 0.600493 0.399507 0 0 0 
0 0 0 0 0 1 0 0 0 0 
0.226768 0 0 0 0 0 0 0.773232 0 0 
0 0 0 1 0 0 0 0 0 0 
0 0 0 0 0.328558 0.671442 0 0 0 0 
0 0 0 0 0 0 0 0 0 1 
0 0 0 0.663293 0 0.336707 0 0 0 0 
0 1 0 0 0 0 0 0 0 0 
0.604441 0 0.395559 0 0 0 0 0 0 0 
0 0 1 0 0 0 0 0 0 0 
0 0 0 0 0.327775 0 0 0.112908 0.559317 0 
0 0 0 0 0 0 0 0 1 0 
0 0 0 0 0 0 1 0 0 0 
0 0 0 0 0 0 0 1 0 0 
0 0 1 0 0 0 0 0 0 0 
0 0 0 0 0 1 0 0 0 0 
1 0 0 0 0 0 0 0 0 0 
0 0 0 0 0 1 0 0 0 0 
0 0 0 0 0 0 0 0 0 1 
0 0 0 0 0 0 0 0.595341 0.404659 0 
0 0 0 0 0 1 0 0 0 0 
0 0 0 0 0 1 0 0 0 0 
0 0 0 0 1 0 0 0 0 0 
0 0 0 1 0 0 0 0 0 0 
0 0 0 0 0 1 0 0 0 0 
0 0 0 0 0 0 0 1 0 0 
0 0 0 0 0 0 1 0 0 0 
0 0 0 0 0 0 0 0 0.54727 0.45273 
0 0 0 0 1 0 0 0 0 0 
0 0 0 0 0 1 0 0 0 0 
0 0 0 1 0 0 0 0 0 0 
0 0 0 0 0 1 0 0 0 0 
0 0 0 1 0 0 0 0 0 0 
0 0 1 0 0 0 0 0 0 0 
0 0 0 0 0 0 0 0 1 0 
0 0 0 0 0 0 1 0 0 0 
0 0 0 0 0 0 0 0 1 0 
0 0 0 1 0 0 0 0 0 0 
0 0 0 0 0 0 0 0 1 0 
0 0 0 0 0.201159 0 0 0.798841 0 0 
0 0 0 1 0 0 0 0 0 0 
0 0 0 0 0 0 0 1 0 0 
0 0 1 0 0 0 0 0 0 0 
0 0 0 0.594989 0 0 0 0 0 0.405011 
0 1 0 0 0 0 0 0 0 0 
0 0 0 1 0 0 0 0 0 0 
1 0 0 0 0 0 0 0 0 0 
0 0 0 0 0 0 0 0 0 1 
0 0 0 0 0 0 0 0 0 1 
0 0 0 0 0 0 1 0 0 0 
0 0 1 0 0 0 0 0 0 0 
0 1 0 0 0 0 0 0 0 0 
0 0 0 0 1 0 0 0 0 0 
0 0 1 0 0 0 0 0 0 0 
0 0 0.71223 0.28777 0 0 0 0 0 0 
0 0 0 0 0 0 0 1 0 0 
0 0 0 0 0 0 1 0 0 0 
0 0 0 0 0 0 1 0 0 0 
1 0 0 0 0 0 0 0 0 0 
0 0 0 0 0 1 0 0 0 0 
0 0 0 0 0 0 0 0 0 1 
0 0 0 0 0.878876 0 0 0.121124 0 0 
0 0 0 0 0 0 0 0 1 0 
