5 150
0.38853
0.353628
0.296517
0.326371
0.339487
11.4146 0.318379
10.5219 0.135327
10.3288 0.38346
9.98703 0.934313
9.4402 1.2859
9.33223 1.11554
9.04692 0.428391
8.56033 1.3721
8.50782 0.46842
8.33222 1.15168
8.30081 0.970121
8.04114 1.64777
7.88195 1.07066
7.86421 0.0806923
7.82425 1.72207
7.72551 1.44641
7.72062 0.944699
7.56732 0.710897
7.54794 0.40114
7.547 2.07811
7.11386 1.25265
6.94916 2.18801
6.8777 1.57443
6.44661 1.47977
6.39057 2.26854
6.31015 3.51279
6.28863 1.89849
6.23683 2.04517
6.05455 2.78576
5.92262 1.94579
5.9169 1.08141
5.90123 2.2131
5.88427 2.30563
5.84433 1.58912
5.76669 1.88209
5.68701 2.23979
5.58087 2.78932
5.55724 2.31529
5.48102 3.31905
5.36545 3.49582
5.35902 3.04989
5.22567 1.47976
5.22106 3.34931
5.13751 2.56092
5.09128 2.44502
5.02962 1.86784
5.02725 2.59229
4.80304 3.17732
4.80137 3.85313
4.72869 2.48777
4.67218 2.75008
4.59642 3.92471
4.59138 2.06922
4.57029 2.51916
4.39009 3.05531
3.98092 2.96269
3.96598 5.03999
3.90447 3.54379
3.87137 3.92168
3.8511 4.27945
3.73722 3.86634
3.63808 4.81956
3.63241 3.80281
3.44958 4.44639
3.38391 3.02944
3.37587 4.10093
3.19402 4.9887
3.18128 5.02634
3.18043 3.84661
3.17299 4.35309
3.09814 4.7744
3.03986 4.76433
3.03216 3.69674
2.91997 4.87537
2.86063 4.54196
2.78842 5.87711
2.72788 4.86337
2.58374 5.27133
2.5537 5.17394
2.52812 3.98859
2.51726 4.78733
2.38811 4.18459
2.31242 3.82212
2.17463 5.10855
2.11394 6.48563
2.04282 5.43307
1.9951 4.4644
1.99258 5.59987
1.86251 6.08256
1.72601 4.74289
1.65468 4.69418
1.55034 6.93785
1.51538 4.54303
1.49263 4.59842
1.34575 7.27041
1.32832 7.58556
1.29998 7.37957
1.28903 6.48759
1.24271 5.10631
1.23716 5.87377
1.20479 6.86324
1.16677 8.00992
1.1346 5.85527
1.11724 5.66182
1.10744 6.07874
1.00175 7.6064
0.971217 8.61406
0.956938 7.08935
0.950549 6.16186
0.94853 5.62543
0.937108 5.24901
0.768239 7.14286
0.763426 6.42262
0.760215 6.97089
0.630916 8.98724
0.582841 9.66495
0.555018 7.51189
0.551964 7.73887
0.505043 6.73935
0.489549 9.3707
0.472899 6.67828
0.429245 8.84904
0.383711 6.94306
0.376431 7.09014
0.315194 7.1107
0.285241 9.03725
0.254455 6.2624
0.249362 6.85469
0.234999 8.73001
0.205702 9.00294
0.157622 9.75068
0.133417 9.92298
0.121129 8.35642
0.102844 9.22228
0.098015 9.13153
0.0975872 6.78812
0.0809779 7.10231
0.0806772 8.6474
0.0761458 10.0948
0.0698044 6.88493
0.035123 8.03768
0.030905 7.22135
0.0290417 11.417
0.0174937 11.3976
0.014885 7.19027
0.0106904 11.6596
0.0102972 9.15692
0.00912882 8.6868
0.00295847 11.8645
0.00147365 7.42011
0 0 1 0 0 
0 0 1 0 0 
0.486361 0 0 0.513638 0 
0 0 0 0 1 
0 0 0 0 1 
0 0 0 0 1 
0 0 1 0 0 
0 0 0 1 0 
1 0 0 0 0 
0 0 1 0 0 
0 0 0 1 0 
0 0.768425 0 0.231575 0 
0 1 0 0 0 
0 0 1 0 0 
1 0 0 0 0 
0 0.717431 0 0 0.282569 
0 0.455387 0.544613 0 0 
0 0 1 0 0 
0 0 0 1 0 
0 0 0 0 1 
0 0 0 1 0 
0 0 0 0 1 
0 1 0 0 0 
0 1 0 0 0 
0 0 0 1 0 
0 0 0 0 1 
1 0 0 0 0 
1 0 0 0 0 
0 1 0 0 0 
0 0 1 0 0 
0 0 1 0 0 
1 0 0 0 0 
0 0 0 1 0 
0 1 0 0 0 
0.817784 0 0 0 0.182216 
0 0 0 0 1 
0 0 0 0 1 
0 0 0 1 0 
0 1 0 0 0 
0 0 0 1 0 
0 0 0 0 1 
0 0 0.750226 0.249774 0 
0 0 0 0 1 
1 0 0 0 0 
0 1 0 0 0 
0 0 0 1 0 
0 0 0.437081 0.562919 0 
0 0 0 1 0 
0 0 1 0 0 
0 0 0 1 0 
0 0 0 0 1 
0 0 0 0 1 
0 1 0 0 0 
1 0 0 0 0 
0 0 0 1 0 
0 0 0 1 0 
0 1 0 0 0 
0 0.755374 0 0.244626 0 
0 0 0 0 1 
0 0 1 0 0 
1 0 0 0 0 
0.545836 0 0 0 0.454164 
0.561988 0 0.438012 0 0 
1 0 0 0 0 
0 0 1 0 0 
0.592061 0 0 0.407939 0 
1 0 0 0 0 
0 1 0 0 0 
0 1 0 0 0 
1 0 0 0 0 
1 0 0 0 0 
0 0 1 0 0 
1 0 0 0 0 
0 0 0.379842 0.421149 0.199008 
0 1 0 0 0 
1 0 0 0 0 
0 0.28555 0.71445 0 0 
0.680494 0.319506 0 0 0 
0 0 1 0 0 
0 0 0 1 0 
0 0 0 0 1 
0 1 0 0 0 
0 1 0 0 0 
0 0 0 1 0 
0 0.291232 0 0 0.708768 
0 0 0 1 0 
0 0 0.718091 0 0.281909 
0 1 0 0 0 
0.823729 0 0.176271 0 0 
0 0 1 0 0 
1 0 0 0 0 
0 0 0 0 1 
0 0 1 0 0 
0 0 0 0 1 
0 0 1 0 0 
1 0 0 0 0 
0 1 0 0 0 
0 0 0 1 0 
0 0 0 0 1 
1 0 0 0 0 
1 0 0 0 0 
0 0 0 1 0 
0.138412 0 0 0 0.861588 
0 1 0 0 0 
0 0 0 0 1 
0 0.716151 0.283849 0 0 
0 0.410581 0.589419 0 0 
0.361853 0 0 0.638147 0 
0 0 0.518594 0.481406 0 
1 0 0 0 0 
0 1 0 0 0 
0 0 0 0 1 
0 0 1 0 0 
0 0 0 0 1 
1 0 0 0 0 
0 1 0 0 0 
0 0 0 0 1 
0 0 0 0.248853 0.751147 
1 0 0 0 0 
0 0.557974 0 0 0.442026 
1 0 0 0 0 
1 0 0 0 0 
1 0 0 0 0 
0 0 1 0 0 
0 1 0 0 0 
1 0 0 0 0 
0 0 0 1 0 
1 0 0 0 0 
0 0 0 1 0 
0 0 0 1 0 
0.158851 0 0 0.841149 0 
0 0 0 0 1 
1 0 0 0 0 
0 0 0 1 0 
0 1 0 0 0 
0 0.500318 0.499682 0 0 
0 1 0 0 0 
0 0 0 0 1 
0 1 0 0 0 
1 0 0 0 0 
1 0 0 0 0 
0 1 0 0 0 
0 1 0 0 0 
0 0 0 0 1 
0 1 0 0 0 
0 0 0 1 0 
0 0.318107 0 0.681893 0 
0.616783 0 0 0 0.383217 
0 0 1 0 0 
0.642725 0 0.357275 0 0 
