10 50
0.719504
0.47952
0.627387
0.338892
0.297704
0.482292
0.330206
0.477735
0.429912
0.455289
10.9646 0.205177
9.04668 0.10198
7.53221 1.84354
7.40503 1.01239
7.35089 0.503908
7.18949 2.25414
6.19397 2.46528
5.94377 1.64465
5.64507 1.84836
5.49377 2.68914
5.46298 2.26015
5.44903 2.54015
5.31124 2.41356
5.23798 2.69588
5.19836 1.93465
4.8528 2.79533
4.19988 3.57828
4.17192 3.07859
4.03186 3.11694
3.95881 4.34068
3.8544 4.20804
3.38486 4.01013
3.31827 4.47089
2.72314 5.08881
2.52119 5.43259
2.51419 4.49619
2.31941 5.68569
2.28406 4.45671
2.06595 5.78207
2.02456 5.14943
1.74748 5.29769
1.72971 6.39398
1.52008 5.33047
1.48113 4.6143
1.34512 5.39654
1.01005 5.71789
0.893785 8.81406
0.875317 7.21511
0.623119 8.91393
0.476893 8.75289
0.409274 9.34394
0.227672 9.33179
0.164269 10.6941
0.13606 9.60103
0.10823 7.56675
0.0862231 8.5025
0.0564066 8.84764
0.0452456 9.73796
0.0382207 7.86112
0.0329985 8.57237
1 0 0 0 0 0 0 0 0 0 
0.227906 0 0 0 0 0.772094 0 0 0 0 
0 0 0 0 0 0 0 0 1 0 
0 0 0 0 1 0 0 0 0 0 
0 0 0 0 0 0 0 1 0 0 
0 0 0 1 0 0 0 0 0 0 
0 0 1 0 0 0 0 0 0 0 
0.249362 0 0 0 0 0 0 0.750638 0 0 
0 0 0 0 1 0 0 0 0 0 
0 0 0 1 0 0 0 0 0 0 
0 1 0 0 0 0 0 0 0 0 
0 0 0 1 0 0 0 0 0 0 
0 0 0 0.55236 0 0 0 0.44764 0 0 
0 0 1 0 0 0 0 0 0 0 
1 0 0 0 0 0 0 0 0 0 
0.191693 0.808307 0 0 0 0 0 0 0 0 
0 0 1 0 0 0 0 0 0 0 
0 0 0 0 0 0 0 0 0 1 
0 0 1 0 0 0 0 0 0 0 
0 0 0 0 0 0 0 0 0.16145 0.83855 
0 1 0 0 0 0 0 0 0 0 
1 0 0 0 0 0 0 0 0 0 
0 1 0 0 0 0 0 0 0 0 
0 0 0 0 0 1 0 0 0 0 
0 0 0 0 0 0 0 0 0 1 
0 0 1 0 0 0 0 0 0 0 
1 0 0 0 0 0 0 0 0 0 
0 0 0 0 0 1 0 0 0 0 
0.66579 0 0 0 0 0 0.33421 0 0 0 
0 0 0 0 0 0 0 1 0 0 
0 0 0 0 0 0 0 0 1 0 
0 0 1 0 0 0 0 0 0 0 
0 0 0 1 0 0 0 0 0 0 
0 1 0 0 0 0 0 0 0 0 
0 0 0 0 0.845266 0.154734 0 0 0 0 
0 0 0 0 0 1 0 0 0 0 
0 0.553563 0 0 0 0.276325 0 0.170113 0 0 
1 0 0 0 0 0 0 0 0 0 
0 0 0 0 0 0 0 1 0 0 
0 0 0 0 0 0 0 0 0 1 
0 0 0 0 1 0 0 0 0 0 
0 0 0 0 0 0 0 0 1 0 
0 0 0 0 0 0 0 0 1 0 
0 0 1 0 0 0 0 0 0 0 
1 0 0 0 0 0 0 0 0 0 
0 0 0.510282 0 0 0 0 0 0 0.489718 
0 0 0 0 0 0 0 0 1 0 
1 0 0 0 0 0 0 0 0 0 
0 0 0 1 0 0 0 0 0 0 
0 0 0 0 0 0 0 1 0 0 
