10 100
0.27049
0.328213
0.377427
0.695596
0.670141
0.415087
0.479856
0.468616
0.385396
0.504296
11.3439 0.276656
10.3309 0.837291
9.98454 0.685972
9.96896 0.652602
9.48159 0.845158
9.23876 0.967405
8.84616 1.06049
8.78675 1.1537
8.77617 1.53684
8.68025 1.49426
8.2315 1.33422
7.68308 1.45807
7.50999 1.8689
7.49343 0.441639
7.41843 0.124615
7.38798 0.977493
7.27739 0.376289
7.01855 0.633387
6.91483 2.17248
6.8994 2.06019
6.847 1.61475
6.78826 1.56433
6.63372 1.49387
6.63307 0.974798
6.47392 2.51347
6.33435 2.05389
5.63275 3.52893
5.48676 1.84871
5.37961 1.56378
4.86516 1.69641
4.63647 3.78209
4.55691 3.9429
4.3637 3.10127
4.2969 3.04284
4.29485 3.33462
4.23645 4.30587
4.1773 4.67774
4.13725 2.77587
3.9647 4.5148
3.71899 4.32997
3.60682 3.13537
3.22225 3.94602
3.19492 3.70479
3.07629 4.9872
3.07426 3.57445
2.89699 4.48282
2.60344 4.82269
2.44015 4.80661
2.19263 6.64712
2.15962 6.28226
1.98622 5.99524
1.94555 5.47892
1.92971 6.91972
1.92449 6.74874
1.84161 4.30188
1.73984 4.92085
1.72469 7.45786
1.67541 6.84299
1.58922 5.00204
1.45563 7.26382
1.31972 6.02908
1.3107 6.57582
1.29702 5.99537
1.11026 5.03241
1.03603 8.45165
0.977069 7.11261
0.955327 7.53558
0.924172 6
0.912944 7.83682
0.73533 8.4992
0.607873 8.35758
0.583004 7.18748
0.553346 9.07998
0.551052 6.4802
0.540032 7.72627
0.502901 7.54359
0.496811 7.01018
0.489948 5.92219
0.463733 7.67149
0.449474 9.85931
0.434846 7.30266
0.392468 8.71326
0.357571 9.12493
0.351561 9.10843
0.337096 7.38181
0.32024 7.28106
0.309057 8.30599
0.292104 9.66368
0.263658 6.3372
0.230522 6.51777
0.223818 7.36809
0.223643 7.88628
0.202929 7.10779
0.150144 8.75925
0.127077 10.111
0.0901655 7.96289
0.0677992 7.32805
0.0454161 11.1398
0.0331666 7.14517
0.00174309 8.6367
0 0 0 1 0 0 0 0 0 0 
0 0 1 0 0 0 0 0 0 0 
0 0 0 0 0 0 0 0 0 1 
0 0 0 0 0 0 1 0 0 0 
0 0 0 1 0 0 0 0 0 0 
0 1 0 0 0 0 0 0 0 0 
0 0 0 0 1 0 0 0 0 0 
0 0 0 0 0 0 0 0 0 1 
0 0 0.479747 0 0 0 0 0 0.520253 0 
0 0 0 0 0 0 1 0 0 0 
1 0 0 0 0 0 0 0 0 0 
0 0 0 0 0 0 0 1 0 0 
0 0 0 0 0 0 1 0 0 0 
0 0.184954 0 0.815046 0 0 0 0 0 0 
0 0 0 0 0 0 0 1 0 0 
0 0 0 0 0 0 0 0 1 0 
0 0 0 1 0 0 0 0 0 0 
0 0.312611 0 0 0 0 0 0.687389 0 0 
0 0 1 0 0 0 0 0 0 0 
1 0 0 0 0 0 0 0 0 0 
0 0 0 0 1 0 0 0 0 0 
0 0.659518 0 0 0.340482 0 0 0 0 0 
0 0 0 0 0 1 0 0 0 0 
0 1 0 0 0 0 0 0 0 0 
0 0 0 0 0 0 0 0 0 1 
0 0 1 0 0 0 0 0 0 0 
0 0 0 0 0 1 0 0 0 0 
0 0 0 0 0 0 1 0 0 0 
0 1 0 0 0 0 0 0 0 0 
0 0.454648 0 0 0 0 0 0 0 0.545352 
0 0.493266 0 0.506734 0 0 0 0 0 0 
0 0 0 0 0 0 0 0 0 1 
0 0 0 0 0 0 0 0 1 0 
0 0 0 0 0 0 0 0 1 0 
0 0 0 0 0 0 0 0 0 1 
0 0 0 0 0 0 1 0 0 0 
0 1 0 0 0 0 0 0 0 0 
0 0 1 0 0 0 0 0 0 0 
0 0 0 0 0 0 0 0 1 0 
0 0 0 0 0 1 0 0 0 0 
0 0 1 0 0 0 0 0 0 0 
0 0 0 0 0 0 0 1 0 0 
0 0 0 0 0 0 0 0.712148 0.287852 0 
1 0 0 0 0 0 0 0 0 0 
0 0 0 0 0 1 0 0 0 0 
0 0.351639 0 0 0 0 0 0 0.648361 0 
0 0 0 0 0 0 0 0 1 0 
0 0 0 0 0 1 0 0 0 0 
0 0 0 0 0 0 0 0 0 1 
0 0 0 0 0 0 0 0 1 0 
0 0 0 1 0 0 0 0 0 0 
0 0 1 0 0 0 0 0 0 0 
0 0 0 0.656001 0.343999 0 0 0 0 0 
0 0 1 0 0 0 0 0 0 0 
0 0 0 0 0 0 0 0 0 1 
0 0 0 0 0 0 0 0 0 1 
0 0 0 0 0 1 0 0 0 0 
1 0 0 0 0 0 0 0 0 0 
0 0.165796 0 0 0 0.834204 0 0 0 0 
0 1 0 0 0 0 0 0 0 0 
0 1 0 0 0 0 0 0 0 0 
0 0 0 0 0 1 0 0 0 0 
0 0 0 0 0 0 0 0 1 0 
0 0 0 0 0 0 1 0 0 0 
0 0 0 0 1 0 0 0 0 0 
0 0 0 0 0.358624 0 0.641376 0 0 0 
0 1 0 0 0 0 0 0 0 0 
0 0 0 1 0 0 0 0 0 0 
0 0 0 0 1 0 0 0 0 0 
0 0 0 0 0 1 0 0 0 0 
0 0 0 0 1 0 0 0 0 0 
0 0 0 0 0 0 1 0 0 0 
0 0 1 0 0 0 0 0 0 0 
0 0 1 0 0 0 0 0 0 0 
0 0 0 0 0 0 0 0 1 0 
1 0 0 0 0 0 0 0 0 0 
0 0 0 0 1 0 0 0 0 0 
0 0 0 0 0 0 0 0 0 1 
0 0 0 0.559932 0 0 0 0.440068 0 0 
0.349891 0 0 0 0 0 0 0 0 0.650109 
0 1 0 0 0 0 0 0 0 0 
0 1 0 0 0 0 0 0 0 0 
0 0 0 0 0 0 1 0 0 0 
0 0 0 0 0 0 0 1 0 0 
0 1 0 0 0 0 0 0 0 0 
0 0 0 0 1 0 0 0 0 0 
0 0 0 0.614499 0 0 0 0 0.385501 0 
0 0 0.55011 0 0.44989 0 0 0 0 0 
0 0 0 0 0 0 0 0 0 1 
0 0 0 0 1 0 0 0 0 0 
0 0.469447 0 0 0 0 0 0 0 0.530553 
0 0 0 0 0 0.568493 0 0 0.431507 0 
0 0 1 0 0 0 0 0 0 0 
0 0 0 0 0 0 0.564992 0 0.435008 0 
0 0 0 0.597093 0 0 0 0 0.402907 0 
0 0 0.413746 0.586254 0 0 0 0 0 0 
0 0 0 0 0 0 1 0 0 0 
0 0 0 0 0 0 0 0 1 0 
0 0 0 0 0 0 0 0 1 0 
0 0 0 1 0 0 0 0 0 0 
