10 300
0.276443
0.376235
0.501799
0.385086
0.264431
0.585232
0.399855
0.571557
0.668723
0.617873
10.9025 0.265984
10.7999 0.28929
10.7442 0.634666
10.7262 0.750451
10.5607 0.274964
10.1969 0.674632
9.94103 0.808239
9.75186 0.921682
9.58809 0.581765
9.58741 0.692038
9.51196 0.940673
9.45201 0.981848
9.45018 1.60982
9.3438 0.612198
9.31121 1.5688
9.23281 0.772861
9.21585 0.302057
9.18128 1.08473
8.91903 1.29544
8.5093 0.234296
8.44224 1.05877
8.41033 0.304122
8.26959 1.04176
8.21353 0.268564
8.12668 0.0987564
8.08472 1.50336
8.07145 0.189226
7.93523 1.2472
7.85194 1.82644
7.82544 0.53314
7.76891 0.689701
7.71498 1.48243
7.62018 1.59075
7.54359 0.560711
7.5189 1.60848
7.49944 0.946789
7.49638 0.744884
7.39631 0.600654
7.37593 2.05904
7.36004 1.75193
7.25093 1.3922
7.14231 1.74547
7.11823 1.13265
7.11623 2.72101
7.08981 1.14248
6.98932 2.04377
6.97229 1.71325
6.91682 2.16402
6.87456 0.429412
6.84857 1.39636
6.8075 2.93437
6.76145 2.18994
6.7588 1.79772
6.6551 1.80355
6.54942 1.26198
6.50931 2.58179
6.48623 1.6476
6.44878 1.67217
6.42636 2.08647
6.39615 2.57676
6.36517 1.94223
6.28613 0.965584
6.25811 1.47283
6.25506 3.49856
6.15008 1.64496
6.01094 2.51705
6.00483 1.14603
5.94758 2.31478
5.91926 2.5886
5.8993 1.32592
5.84894 2.57326
5.75064 3.22852
5.62664 2.94776
5.55694 3.27347
5.50297 3.56704
5.43995 2.09026
5.42424 1.79764
5.41261 2.69154
5.39238 2.03242
5.3784 2.06184
5.36709 2.77711
5.28957 3.07041
5.23362 2.65639
5.23331 2.0381
5.13662 1.95922
5.11004 1.79044
5.08511 2.48109
5.06972 2.71758
4.97697 2.09814
4.95114 2.67028
4.94738 3.99583
4.94041 3.12308
4.8645 1.82893
4.84302 2.58665
4.78792 2.64574
4.77576 2.30927
4.71247 2.64548
4.59433 3.16782
4.59138 3.18368
4.54043 2.44466
4.50655 2.39469
4.46635 4.34306
4.44612 2.59627
4.40215 2.10009
4.28862 2.98768
4.20681 3.1975
4.18152 2.99991
4.16875 3.65062
4.15254 3.74513
4.15163 3.2359
4.13654 3.93215
4.0684 3.05545
4.06652 5.18022
4.06003 3.84954
4.04206 2.65192
3.88314 5.06782
3.86786 3.47491
3.84556 5.00804
3.82061 3.32879
3.74322 3.58723
3.74157 4.80672
3.73452 3.83029
3.69006 4.69193
3.68098 4.51727
3.67103 3.06742
3.57799 4.05527
3.57282 3.28088
3.56357 3.08871
3.50962 2.88894
3.45208 4.15327
3.42596 4.77967
3.35539 4.24804
3.35499 4.27385
3.31163 4.10754
3.29539 3.39265
3.28773 3.44589
3.20383 5.5536
3.16861 4.82977
3.15447 3.66021
3.04979 5.40512
2.98235 5.30178
2.80735 4.94675
2.79123 3.86337
2.77055 3.88701
2.73775 4.26075
2.71643 4.91745
2.712 3.99131
2.67788 6.5776
2.65238 4.42659
2.61586 5.0958
2.58686 3.65243
2.51969 4.80598
2.49483 4.10916
2.44445 5.38541
2.41223 4.62809
2.39914 3.47627
2.38015 4.14511
2.29157 5.8961
2.27986 6.06154
2.26 5.06054
2.21952 4.05686
2.1914 4.56734
2.10496 4.02494
2.05991 5.76813
2.03975 3.76532
2.00023 6.02368
1.99681 5.42774
1.96598 5.89867
1.94796 6.66818
1.92169 4.48643
1.75683 4.90787
1.75459 6.0424
1.74157 5.68134
1.7156 6.52446
1.70162 4.46192
1.69068 5.54208
1.67831 4.92722
1.67019 4.40782
1.65689 5.60362
1.65594 6.43336
1.60155 4.77276
1.54492 6.43778
1.52539 5.45153
1.48848 6.23561
1.41103 4.77918
1.40084 5.59514
1.3975 5.06539
1.38052 6.39638
1.36194 7.87855
1.35433 6.5652
1.34665 7.09925
1.25349 6.39098
1.24103 7.0382
1.21016 7.41027
1.16805 6.29263
1.15731 6.23264
1.11984 6.29859
1.0901 5.33086
1.08276 5.60483
1.01446 8.23056
0.984312 5.5188
0.979323 6.37982
0.905412 8.48066
0.875362 6.37653
0.859762 8.20981
0.843479 7.07053
0.840596 7.62236
0.817016 5.62774
0.791742 5.89317
0.765056 6.49117
0.75564 8.30806
0.749757 7.10395
0.740877 5.47746
0.691114 6.70123
0.689144 5.90004
0.684848 5.61648
0.648919 7.17757
0.632648 5.9727
0.616482 6.10847
0.610832 8.70916
0.598321 6.28646
0.5907 9.4939
0.587505 5.79538
0.580672 8.31301
0.54623 8.29618
0.54015 6.68529
0.529954 9.40743
0.50693 7.95183
0.504462 6.22456
0.478663 6.85598
0.476062 8.67807
0.474366 8.90122
0.472938 9.64802
0.433702 9.0431
0.418519 7.6826
0.413969 9.6018
0.40836 9.84041
0.408111 6.656
0.393805 9.26659
0.383639 8.75775
0.38241 6.40457
0.370967 6.60402
0.354063 7.50683
0.345032 9.11202
0.337303 9.0151
0.319794 8.84216
0.302367 7.07886
0.298293 6.78355
0.293282 6.05567
0.288563 7.07743
0.284843 9.28084
0.284745 10.3941
0.279985 10.0068
0.259783 9.06281
0.257611 8.60881
0.209377 9.10993
0.205438 9.83482
0.199407 8.34268
0.199389 8.37852
0.197534 8.37415
0.190156 7.32789
0.188753 9.92862
0.18521 8.0498
0.180404 7.25546
0.176533 6.68655
0.169894 9.93125
0.169121 6.95481
0.168398 10.6966
0.157478 6.87658
0.153087 9.49146
0.126922 8.1905
0.120329 9.06919
0.112937 8.10031
0.0896784 7.93649
0.0873327 11.1468
0.0856807 11.2651
0.0761818 9.91221
0.076044 8.91111
0.0711919 10.0396
0.0639472 10.5408
0.0439556 7.56214
0.0423239 8.61609
0.040044 7.81412
0.0400085 9.10682
0.034047 10.8469
0.0267136 10.6935
0.0223497 10.0382
0.0190681 10.7428
0.0154657 9.53265
0.0131022 9.00658
0.0105406 9.51001
0.00970406 8.63606
0.00846863 10.2936
0.00650934 10.4518
0.00644283 12.0223
0.00608632 9.61738
0.00573611 8.79871
0.00408429 7.51622
0.00350076 10.7812
0.00125579 12.2561
0 0 0 0 0 0 1 0 0 0 
0 0 0 0 0 0 0.283778 0.716222 0 0 
1 0 0 0 0 0 0 0 0 0 
0 0 0 0 0 0 0 1 0 0 
0 0 0 1 0 0 0 0 0 0 
0 0.662777 0 0 0 0 0 0 0.337223 0 
0 0 0 0 0 0 0 0 0 1 
0 0 0 0 1 0 0 0 0 0 
0 0 0 0.438255 0 0 0 0 0.561745 0 
0 0 0 0 0 0 0 0 0 1 
0 0 0 0 0 0 0 0 1 0 
0 0 0 0.809044 0 0 0 0 0.190956 0 
0 0 0 0 0 1 0 0 0 0 
0 0 0 0 0 0 0 0 1 0 
0 0 0 0 0 0 1 0 0 0 
1 0 0 0 0 0 0 0 0 0 
0 0 0 0 0 1 0 0 0 0 
0 0 0 0 0 0 1 0 0 0 
0 0 0 0 0 0 0 0 1 0 
0 0 0 0 1 0 0 0 0 0 
0 0 1 0 0 0 0 0 0 0 
0 0 0 1 0 0 0 0 0 0 
1 0 0 0 0 0 0 0 0 0 
0 0 0 0 0 0 0 0 1 0 
0 0 0 0 1 0 0 0 0 0 
1 0 0 0 0 0 0 0 0 0 
0 0 0 0 0 0 0 0 0 1 
1 0 0 0 0 0 0 0 0 0 
0 0 0 0 0 0 0 0 1 0 
0 1 0 0 0 0 0 0 0 0 
0 0 0 0 0 1 0 0 0 0 
0 0.641441 0 0 0 0 0 0 0 0.358559 
0 0 0 0 0 0 0 1 0 0 
0 0 0 0 0 0 0 1 0 0 
1 0 0 0 0 0 0 0 0 0 
0 0 0 0 0 0 0.528267 0.471733 0 0 
0 0 0 0 0 1 0 0 0 0 
0 0 0 0 1 0 0 0 0 0 
0 0 0.729062 0 0 0 0 0 0 0.270938 
0 0 0 0 0 0 0 0 0 1 
1 0 0 0 0 0 0 0 0 0 
0 0 0.251586 0 0 0 0.748414 0 0 0 
0 0 0 0 0.83564 0 0.16436 0 0 0 
0 0 0 0 1 0 0 0 0 0 
0 0 0 0 0 1 0 0 0 0 
0 0 0 0 0 0 0 0 0 1 
0 0 0 0 0 0 1 0 0 0 
0 0 1 0 0 0 0 0 0 0 
0 0 0 0 1 0 0 0 0 0 
0 0 0 0 0 0 0 0 0.61645 0.38355 
0 0 1 0 0 0 0 0 0 0 
0 0 0 0 0.252727 0.268641 0 0.478632 0 0 
0 0 0 0 0 0 1 0 0 0 
0 0 0 1 0 0 0 0 0 0 
0 0 0 0 1 0 0 0 0 0 
0 0 0 0 0 0 0 0 0 1 
0 0 0 1 0 0 0 0 0 0 
0 0 0 0 1 0 0 0 0 0 
0 0 1 0 0 0 0 0 0 0 
0 1 0 0 0 0 0 0 0 0 
0 0 0 0 1 0 0 0 0 0 
1 0 0 0 0 0 0 0 0 0 
0 0 0 0 0 0 0 0 0 1 
0 0 0 0 0.566538 0 0 0 0.433462 0 
0 0 0 1 0 0 0 0 0 0 
0 0 0 0 0 0 0 0 0 1 
0.753841 0 0 0 0 0.246159 0 0 0 0 
0 0 0 1 0 0 0 0 0 0 
0 0 0 0 0 0 0 0 1 0 
0 0 0 1 0 0 0 0 0 0 
1 0 0 0 0 0 0 0 0 0 
0 0 0 0 0 0 0 1 0 0 
0 0 0 0 0 0 0 0 1 0 
0 0.470153 0 0 0 0 0 0 0 0.529847 
0 1 0 0 0 0 0 0 0 0 
0 0 0 0 0 0 0 0 1 0 
0 0 1 0 0 0 0 0 0 0 
0 0 0 0 0 0 1 0 0 0 
0 1 0 0 0 0 0 0 0 0 
0 0 0 0 0 1 0 0 0 0 
0 0 0 0 0 1 0 0 0 0 
0.68178 0 0 0 0 0 0 0.31822 0 0 
0 1 0 0 0 0 0 0 0 0 
0 0 0 1 0 0 0 0 0 0 
0 1 0 0 0 0 0 0 0 0 
0 0 1 0 0 0 0 0 0 0 
0.834315 0 0 0 0 0 0 0 0.165685 0 
0 0 0 0 0 1 0 0 0 0 
0 0 1 0 0 0 0 0 0 0 
0 0 0 0 0 0 0 1 0 0 
0 0 0 0 0 0 0 0 0 1 
0 0 0 0 0 0 0 0 0 1 
0 0 0 0 0 1 0 0 0 0 
0 0 0 1 0 0 0 0 0 0 
0 0 0 0 0 0 0 1 0 0 
0 0.681922 0 0 0 0 0 0 0 0.318078 
0 0 0.704758 0.295242 0 0 0 0 0 0 
0 0 0 0 0 0 0 0 1 0 
0 0 0 0 0 0 0 1 0 0 
0 0 0 0 1 0 0 0 0 0 
0 0 0 0 0 0 0 1 0 0 
0 1 0 0 0 0 0 0 0 0 
0 0 0 0 0 0 0 0 1 0 
0 0 0 1 0 0 0 0 0 0 
0 0 0 0 1 0 0 0 0 0 
0 0 0 0 1 0 0 0 0 0 
0 0 0 0 0 0 0 1 0 0 
0 0 0 0 1 0 0 0 0 0 
1 0 0 0 0 0 0 0 0 0 
0 0 0 0 0 0 0 0 0 1 
0 0 0 0 0 0 1 0 0 0 
0 0 0 0 0 0.845886 0 0 0 0.154114 
0 0 0 0.382965 0.617035 0 0 0 0 0 
0 0 0 0 1 0 0 0 0 0 
0 0 0 0 0 0 0 0 0 1 
0 0.6104 0 0 0.3896 0 0 0 0 0 
0 0 0 0 0 0 1 0 0 0 
0 0 0 0 1 0 0 0 0 0 
1 0 0 0 0 0 0 0 0 0 
0.225997 0 0 0 0 0.774003 0 0 0 0 
1 0 0 0 0 0 0 0 0 0 
0 0 0 0 0 0 0 1 0 0 
0 0 0 0 0 1 0 0 0 0 
1 0 0 0 0 0 0 0 0 0 
1 0 0 0 0 0 0 0 0 0 
0 0 1 0 0 0 0 0 0 0 
0 0 1 0 0 0 0 0 0 0 
0 0 0 0 0 0 0 1 0 0 
1 0 0 0 0 0 0 0 0 0 
0 0 0 0 0 0 0 0 1 0 
0 1 0 0 0 0 0 0 0 0 
0 0 0 0 0 0 0 0 1 0 
0 0 1 0 0 0 0 0 0 0 
0 0 1 0 0 0 0 0 0 0 
0 0.504098 0 0 0 0 0.495902 0 0 0 
0 0 0 0 0 0 0 0.641638 0 0.358362 
0 0.166049 0 0 0 0 0 0 0.833951 0 
0 0 0 0 0 0 0 0 0 1 
0 0.474316 0 0 0 0 0 0.525684 0 0 
0 0 0 0 0 0 0 0 0 1 
1 0 0 0 0 0 0 0 0 0 
0 0 0 0 0 1 0 0 0 0 
0 0 0 0 1 0 0 0 0 0 
0 0 0 0 0 0 0 0 1 0 
0 0 0 0 1 0 0 0 0 0 
0 0 0 0 0 0 1 0 0 0 
0 0 0 0 0 0 1 0 0 0 
0 0 0 1 0 0 0 0 0 0 
0 0 0 0 0 0 0 1 0 0 
0 1 0 0 0 0 0 0 0 0 
0 0 0 0 1 0 0 0 0 0 
1 0 0 0 0 0 0 0 0 0 
0 0 0 1 0 0 0 0 0 0 
0 0 0 0 0 0 0 1 0 0 
0 0 0 0 0 0 0 0 0 1 
0 0 0 0 0 0 0 0 1 0 
0 0 0 0 0.589846 0 0 0 0 0.410154 
0.302727 0 0.697273 0 0 0 0 0 0 0 
0 0 0 0 0 0 1 0 0 0 
0 0 0 0 0 0 0 0 0 1 
0 0 0 0 0 0 0 0 1 0 
0 0 0 0 0 0 1 0 0 0 
0.372959 0 0 0 0 0.627041 0 0 0 0 
0 0 0 0 1 0 0 0 0 0 
0 0 0 0 0 0 0 1 0 0 
0 0 0 0 0 0 0 1 0 0 
0 0 0 0 0.744229 0 0 0 0 0.255771 
0 0 0 0 0 0.20319 0.56158 0.23523 0 0 
0 0 0 0 0 0 0 1 0 0 
0 0 0 0 0 0 0 0 1 0 
0 1 0 0 0 0 0 0 0 0 
0 0 0 0 0 0 1 0 0 0 
0 1 0 0 0 0 0 0 0 0 
0 0 0 0 1 0 0 0 0 0 
0 0 0 0 0 0 0 0 0 1 
0 0 0 0 0 0 0 0 1 0 
1 0 0 0 0 0 0 0 0 0 
0 0 1 0 0 0 0 0 0 0 
0 0 0 0.351798 0 0.648202 0 0 0 0 
0 0 0 0 0 0 0 0 0 1 
0 0 1 0 0 0 0 0 0 0 
0 0 0 0 0 1 0 0 0 0 
0 0 0 0 1 0 0 0 0 0 
0 0 0 0 0.78675 0.21325 0 0 0 0 
0 0 0 0 0 1 0 0 0 0 
0 0 0 0 0 0 0 0 1 0 
0 1 0 0 0 0 0 0 0 0 
0 0 0 0 0 0 1 0 0 0 
0 0 0 1 0 0 0 0 0 0 
0 0 0.701371 0 0 0 0 0 0 0.298629 
0 0 0 0 0 0.621063 0 0 0.378937 0 
1 0 0 0 0 0 0 0 0 0 
0 0 1 0 0 0 0 0 0 0 
0 0 0 0 0.273596 0 0 0.726404 0 0 
1 0 0 0 0 0 0 0 0 0 
0 1 0 0 0 0 0 0 0 0 
0 0 0 0 1 0 0 0 0 0 
1 0 0 0 0 0 0 0 0 0 
0 0 0 0 0 0 0 0.620668 0.379332 0 
1 0 0 0 0 0 0 0 0 0 
0 0 0 0 0 0 0 0 0 1 
0 0 0 0 0 0.729479 0 0 0.270521 0 
0 0 0.240597 0.759403 0 0 0 0 0 0 
0 0 0 0.588304 0 0 0 0 0.411696 0 
0 0 0 0 0 0 1 0 0 0 
0 0 0 0 0 0 0 0 0 1 
0 1 0 0 0 0 0 0 0 0 
0 0 0 0 0 0 0 1 0 0 
0 0 0 0 1 0 0 0 0 0 
0 0 1 0 0 0 0 0 0 0 
0 0 1 0 0 0 0 0 0 0 
0 0 0 0 0 0 0 0 1 0 
1 0 0 0 0 0 0 0 0 0 
0 0 0 0 0 0 0.46272 0.53728 0 0 
0 0 0 0 1 0 0 0 0 0 
1 0 0 0 0 0 0 0 0 0 
0 0 0 0.421147 0 0.578853 0 0 0 0 
0 0 0 0 0 1 0 0 0 0 
0 0 0 0 1 0 0 0 0 0 
0 0 0 0 0 0 1 0 0 0 
0 0 0.685606 0.314394 0 0 0 0 0 0 
0 0 1 0 0 0 0 0 0 0 
0 0 0 0 0 0 0 1 0 0 
0 0 0 0 0 0 1 0 0 0 
0 0 0 0 0 1 0 0 0 0 
0 0 0 0 0 0 1 0 0 0 
0 0 1 0 0 0 0 0 0 0 
0 0 0 0 0.462935 0.537065 0 0 0 0 
0 0 0 1 0 0 0 0 0 0 
0 1 0 0 0 0 0 0 0 0 
0 0 0 0 0 0 0 0 1 0 
0 0 1 0 0 0 0 0 0 0 
0 0.470314 0 0 0 0 0 0.529686 0 0 
0 0 0 1 0 0 0 0 0 0 
0 0 0 0 0 0.254497 0.745503 0 0 0 
0 0 0 0 0 0 0 1 0 0 
0 0 0 0 0 0 1 0 0 0 
0 0.787471 0 0 0 0 0 0 0 0.212529 
1 0 0 0 0 0 0 0 0 0 
0 0 0.47781 0 0 0.52219 0 0 0 0 
0 0 0 0 0 0 0 0 1 0 
0 0 0 0 1 0 0 0 0 0 
0 0 0 0 0 0 0 1 0 0 
0 0 0 0 0.195313 0.804687 0 0 0 0 
0 1 0 0 0 0 0 0 0 0 
0 0 0 0 0 0 0 0 0 1 
0 0 0 0 0 0 0 1 0 0 
0 0 0 1 0 0 0 0 0 0 
1 0 0 0 0 0 0 0 0 0 
0 0 0 0 1 0 0 0 0 0 
0 0 0 0 0 0 1 0 0 0 
0 0 0 0 0 1 0 0 0 0 
0 0 1 0 0 0 0 0 0 0 
0 0 0 0 0 0 0 1 0 0 
0 0 0 0 0 0 1 0 0 0 
0 0 0 0 0 0 0 0 0 1 
0 0 0 0 1 0 0 0 0 0 
0 0 0 0 0 1 0 0 0 0 
0 0 0 0 1 0 0 0 0 0 
0 0 0 0 1 0 0 0 0 0 
0 0 0 0 0 1 0 0 0 0 
0 0 0 0 0 1 0 0 0 0 
0 0 0 0 0 0 1 0 0 0 
0 1 0 0 0 0 0 0 0 0 
0 0 0 0 0 1 0 0 0 0 
0 0 0 0 1 0 0 0 0 0 
0 0 0 0 0 0 0 0 1 0 
0 0 0 0 0 0 1 0 0 0 
0 0 0 0 0 0 0 1 0 0 
0 0 0 0 1 0 0 0 0 0 
0 0 0 0 0 1 0 0 0 0 
0 0 0 0 0 0 0 0 1 0 
0 0 0 0 0 0 0 0 1 0 
0 0 0 1 0 0 0 0 0 0 
0.38009 0 0 0 0.61991 0 0 0 0 0 
0 0 0 0 0 0 0 0 0 1 
0 1 0 0 0 0 0 0 0 0 
0 0 1 0 0 0 0 0 0 0 
0 0 0 1 0 0 0 0 0 0 
0 0 0 0 1 0 0 0 0 0 
0 0 0 0 0 0 0 0.510567 0 0.489433 
0 1 0 0 0 0 0 0 0 0 
0 0 0 0 0 0 0 0 0 1 
0 0 0 0 0 0 0 0 1 0 
0 0.315334 0.306191 0 0.378474 0 0 0 0 0 
1 0 0 0 0 0 0 0 0 0 
0 0 0 0 0.495461 0 0.504539 0 0 0 
0 0 0 0 0 0 0.6071 0.3929 0 0 
0 0 0 0 1 0 0 0 0 0 
0 0 0 0 0 0 0.471083 0 0.528917 0 
0 0 0 0 0 0 0 1 0 0 
0 0 0 0 0 0 0 0 1 0 
0 1 0 0 0 0 0 0 0 0 
0 0 0 0 0 0 1 0 0 0 
0 0 0 0 0.562321 0 0 0.437679 0 0 
0 0 0 0 0.80076 0 0 0 0.19924 0 
1 0 0 0 0 0 0 0 0 0 
0 1 0 0 0 0 0 0 0 0 
0 0 0 0 1 0 0 0 0 0 
0 0 0 0 0 0 1 0 0 0 
