5 500
0.279052
0.274173
0.530879
0.502269
0.401491
11.4608 0.408676
11.0212 0.137312
10.9552 0.554861
10.8008 0.383269
10.7091 0.456723
10.3962 0.852065
10.1335 1.07156
9.98738 0.808403
9.9651 0.491088
9.81466 0.518098
9.81092 0.359199
9.6235 1.06402
9.61624 1.44699
9.53984 0.529681
9.50213 0.443539
9.46955 0.300679
9.44372 0.621334
9.40811 1.04741
9.39799 0.945271
9.36679 1.05557
9.36359 1.24124
9.36308 1.39311
9.34476 0.211972
9.30749 1.04501
9.16537 1.19804
9.13068 0.353432
9.11623 0.847915
9.08185 0.469282
8.89919 0.439896
8.87211 1.26503
8.86654 0.33267
8.85955 1.03119
8.77937 0.840683
8.76235 0.864961
8.73716 0.630223
8.67651 1.83583
8.65059 0.750881
8.54038 1.87919
8.51923 1.66402
8.48893 1.86725
8.47403 1.52483
8.3505 0.141815
8.27072 1.51635
8.23468 1.13677
8.10996 1.38766
8.06899 1.56907
8.04305 1.14329
7.93059 1.69606
7.91694 0.191389
7.91507 1.38683
7.88288 1.47982
7.80117 1.64929
7.79024 1.83196
7.78559 1.20611
7.73444 0.761706
7.68396 1.3252
7.66631 0.382793
7.65426 0.523065
7.63818 0.536872
7.58074 0.862195
7.58067 0.179945
7.50325 2.44259
7.46302 1.16506
7.45273 0.520892
7.3854 1.28275
7.28381 1.53285
7.27205 1.13205
7.27146 2.12996
7.19675 0.939353
7.15695 1.95312
7.12965 1.56428
7.10557 0.303562
7.08893 0.436474
7.05722 2.43551
7.04289 1.66087
7.03267 2.05845
6.99439 1.46413
6.9868 0.472286
6.97139 1.32795
6.97002 0.617807
6.92147 0.74773
6.78369 1.31177
6.74941 2.59131
6.72814 1.31965
6.70885 1.5512
6.7027 0.73595
6.64051 1.36146
6.63801 1.94148
6.63086 1.89153
6.63003 1.92269
6.61552 2.42309
6.58869 0.916754
6.56193 1.71166
6.54321 1.72137
6.53773 2.59953
6.52855 0.853252
6.5041 1.7388
6.49283 3.15301
6.46678 1.8725
6.41913 0.833079
6.40451 2.80149
6.38296 3.0757
6.35599 1.19399
6.32514 2.53254
6.30726 1.34767
6.29239 2.54455
6.26381 2.02684
6.25731 1.9773
6.23887 3.0689
6.22623 1.23108
6.18367 2.92787
6.14599 1.32267
6.07675 1.73092
6.05105 1.09918
6.02975 2.58298
5.98871 2.75219
5.97586 2.73289
5.90985 1.28137
5.82738 1.82381
5.80285 1.27539
5.7778 2.60742
5.7701 1.81116
5.70866 1.62384
5.68094 3.07572
5.68093 2.60604
5.65436 2.42115
5.6451 1.72599
5.63677 1.66425
5.61507 2.41734
5.60062 3.65651
5.57355 2.31469
5.54682 3.48943
5.53908 2.35401
5.5362 3.20351
5.49458 2.73181
5.47735 2.01152
5.41587 2.29112
5.41525 2.13404
5.40989 2.11624
5.39607 1.95656
5.34443 1.50135
5.34083 3.13957
5.31252 1.64362
5.31157 3.40057
5.29328 2.59273
5.27215 3.86859
5.25184 2.80635
5.2004 2.94701
5.18775 1.94596
5.17453 2.18216
5.12439 3.67223
5.12133 1.9154
5.10959 2.38466
4.99773 3.15938
4.99275 2.94085
4.96983 2.5245
4.95951 3.07094
4.89937 4.00038
4.88218 3.68038
4.84935 3.02179
4.82404 1.56539
4.77542 2.98658
4.77254 3.54878
4.77039 2.55424
4.7226 2.07974
4.71407 4.28387
4.70499 3.03999
4.69477 2.4346
4.68258 3.79649
4.61326 3.17917
4.60733 4.57981
4.60506 3.60113
4.54231 4.27896
4.52261 3.00504
4.50623 3.51187
4.50335 3.55966
4.45161 4.03022
4.43215 2.06098
4.4035 2.86928
4.36537 2.44572
4.31525 2.25331
4.30142 3.46246
4.28814 2.81618
4.28552 4.40102
4.27206 4.08586
4.26918 2.1597
4.24426 4.75734
4.21758 2.66828
4.08287 4.00003
4.03671 3.197
4.01572 4.3189
3.99281 3.9223
3.98428 3.05805
3.97952 3.23589
3.96173 2.1969
3.93836 3.21782
3.93231 4.27822
3.93047 3.18534
3.87584 5.21221
3.87321 3.76513
3.8687 4.35268
3.85746 4.2087
3.84063 3.72598
3.78766 3.16195
3.75856 3.29675
3.73109 3.68718
3.64443 3.77908
3.62543 4.70843
3.62249 3.65649
3.61378 5.47303
3.61075 2.86801
3.5751 4.01691
3.55109 4.57781
3.54536 3.60321
3.53782 5.34838
3.52786 3.44198
3.49891 4.8043
3.48781 4.05861
3.47852 3.16754
3.47133 3.43107
3.45856 3.59117
3.43562 4.82068
3.40411 5.01251
3.37564 3.14903
3.3625 3.18007
3.3302 4.01713
3.32317 3.29669
3.31417 4.49883
3.26271 2.85613
3.23039 4.40478
3.2177 3.50486
3.20194 4.05773
3.17651 5.05972
3.15052 4.8905
3.1316 3.33386
3.12597 3.81429
3.03883 3.27783
3.03511 3.99184
3.01329 4.06472
2.96302 4.81241
2.93686 5.30178
2.91717 4.32884
2.91369 3.9919
2.90015 3.59423
2.88147 4.28807
2.86714 4.49425
2.86305 4.04513
2.81372 4.29777
2.80363 5.08374
2.77404 4.85328
2.71922 4.79853
2.69288 5.00835
2.66505 4.96882
2.65504 5.69046
2.651 3.37281
2.64622 4.7606
2.64316 5.73426
2.61114 6.18897
2.58342 5.05824
2.57555 3.47287
2.54204 4.65304
2.52833 4.0325
2.52777 3.88334
2.50036 3.69563
2.44055 4.17568
2.42867 5.71678
2.35776 5.9028
2.28574 3.83858
2.22417 5.71988
2.19489 6.17312
2.18382 7.02137
2.17684 5.47493
2.15558 4.38064
2.14902 5.46356
2.1266 6.14034
2.12379 6.28171
2.11783 5.00987
2.08867 5.43604
2.08269 4.8676
2.03542 6.19851
2.01841 6.63133
1.94187 7.43861
1.93748 5.88448
1.92328 4.18307
1.88107 6.52922
1.8741 5.27276
1.84872 6.6594
1.81677 6.29157
1.80046 5.03803
1.78483 7.30426
1.78225 4.79344
1.77883 5.84038
1.74294 7.27026
1.72764 4.46589
1.69079 6.42712
1.675 5.28267
1.63967 5.52474
1.63753 6.64861
1.60635 7.31519
1.57098 5.1225
1.56978 6.99517
1.54285 4.80669
1.53928 6.50738
1.53845 7.16484
1.53445 5.46182
1.51715 4.66167
1.50603 6.47337
1.50525 6.14258
1.4995 5.62595
1.48706 6.04619
1.46983 6.97882
1.45943 6.59333
1.44406 6.55508
1.4026 4.71892
1.36321 5.84664
1.34835 8.06787
1.34575 6.41332
1.33826 7.65467
1.33259 6.36778
1.32691 7.19506
1.3126 7.56729
1.31163 6.64942
1.28968 8.23376
1.27566 7.23008
1.26039 6.26881
1.24341 5.96426
1.21011 5.38044
1.20493 7.82671
1.19728 7.04766
1.17812 7.97715
1.17225 6.21448
1.16728 6.14282
1.16621 7.56266
1.14311 6.39271
1.11534 5.57857
1.10037 7.80832
1.06998 8.54896
1.06855 7.77799
1.06706 5.13336
1.06351 7.41678
1.05814 6.21143
1.05053 7.51511
1.0242 7.78924
0.987841 8.0481
0.987622 7.09535
0.965387 6.96636
0.961958 5.56843
0.93476 6.55126
0.919541 8.04989
0.906377 5.83427
0.885441 7.98637
0.878322 6.43224
0.876226 5.61793
0.874623 8.58844
0.85561 5.40851
0.852404 7.17007
0.817756 7.73369
0.81585 8.32242
0.814866 8.78759
0.813542 6.01687
0.799973 6.11118
0.795916 5.20094
0.793112 8.28898
0.780733 5.83383
0.765573 8.22454
0.759722 7.65958
0.690696 7.88739
0.680878 7.47847
0.678417 6.67828
0.677894 6.57121
0.672574 8.53693
0.655995 7.5061
0.637803 7.71799
0.619896 8.95171
0.608089 6.1287
0.602722 8.15524
0.597231 6.70477
0.589869 6.83914
0.573145 8.59156
0.571642 7.00373
0.569538 7.35755
0.5636 8.8171
0.556091 9.12519
0.545391 7.06743
0.540223 9.32049
0.537038 6.95714
0.482686 8.03981
0.482059 7.23211
0.478861 9.42448
0.473912 7.65066
0.455218 8.44777
0.450379 7.02094
0.432298 7.93599
0.430261 6.22058
0.422843 9.76716
0.418987 6.31863
0.41772 9.18393
0.387352 6.91552
0.386045 5.93902
0.369071 9.76246
0.367141 9.16481
0.363498 9.35436
0.35582 8.93741
0.350515 9.91155
0.349416 6.12855
0.349093 7.58413
0.348365 9.83368
0.336282 8.74137
0.334973 8.66059
0.333799 9.95487
0.320682 6.18444
0.315849 6.4387
0.315051 9.95043
0.303338 9.92762
0.302046 8.37852
0.300036 8.83237
0.298414 7.41253
0.295192 6.83309
0.293783 7.55794
0.272931 9.40813
0.261716 9.24334
0.257939 9.56649
0.25179 6.56255
0.251278 7.77693
0.23056 9.41744
0.201265 6.37739
0.199827 7.66309
0.190316 10.2257
0.18137 9.24507
0.181083 7.99966
0.169314 8.97528
0.158775 7.24248
0.156163 8.49291
0.153613 7.13922
0.144521 6.94316
0.142726 7.3719
0.138761 8.75526
0.135383 10.1552
0.131435 7.10416
0.125208 9.33134
0.12155 9.14449
0.118638 9.97146
0.116077 8.88745
0.104105 10.2017
0.0943406 8.1733
0.0927001 7.31461
0.0897907 7.90455
0.0876554 11.1727
0.0865996 7.16485
0.0854715 8.30384
0.0853109 9.39074
0.0832866 11.1325
0.0813057 7.74898
0.0752444 8.71426
0.0732339 7.3211
0.0716584 9.45975
0.0688063 9.44825
0.0685792 6.85968
0.067327 8.63727
0.0670282 8.79459
0.0624716 10.2558
0.0618686 8.42664
0.0534486 7.71675
0.0492188 11.1759
0.0429175 8.53806
0.0421129 7.40602
0.0418982 7.80368
0.0405862 8.25828
0.0384303 9.83259
0.0383483 7.74677
0.0366996 8.11835
0.0360855 10.566
0.0355906 7.45082
0.0277408 9.30654
0.0272615 7.93903
0.0269696 10.7484
0.0268778 9.09685
0.0265142 8.04717
0.0252049 11.6207
0.0243396 7.39948
0.0241648 7.36168
0.0235275 8.44852
0.0222513 10.2865
0.0208493 10.5143
0.0197575 11.8031
0.0190902 10.8157
0.018471 8.30612
0.017223 7.85792
0.0157832 11.0021
0.014834 8.5257
0.0139582 9.19898
0.0133865 9.44964
0.00982657 8.08
0.00862359 9.7939
0.00798239 8.87626
0.00783151 12.0882
0.00768819 8.36052
0.00434666 9.56982
0.0022182 9.27143
0.00101046 10.3781
1 0 0 0 0 
0 0 0 1 0 
0 0 0 0 1 
0 1 0 0 0 
0 0 0 1 0 
0 1 0 0 0 
1 0 0 0 0 
0 1 0 0 0 
0 0.242474 0 0 0.757526 
0 0 0.429033 0.570967 0 
0 0 0 1 0 
0 1 0 0 0 
0 1 0 0 0 
1 0 0 0 0 
0 0 0 0 1 
0 0 0 0 1 
0.273345 0 0 0.726655 0 
0 1 0 0 0 
0 0 0 0 1 
0 0 0 0 1 
0 0 0 1 0 
1 0 0 0 0 
0 0 0 0 1 
0 0 1 0 0 
0 0 0 1 0 
0 0.357435 0.178788 0 0.463777 
0 0 0 0.17602 0.82398 
0 0 0.438627 0 0.561373 
0 0 1 0 0 
0 0 1 0 0 
0 0 0 0 1 
0 1 0 0 0 
0 1 0 0 0 
0 1 0 0 0 
1 0 0 0 0 
1 0 0 0 0 
0 1 0 0 0 
0 0 0.278558 0 0.721443 
0 0 1 0 0 
0.127726 0 0.546177 0.326098 0 
1 0 0 0 0 
0 0 1 0 0 
0.352111 0 0 0.647889 0 
1 0 0 0 0 
0 0 0 1 0 
0.523266 0 0 0 0.476734 
0 1 0 0 0 
0 1 0 0 0 
0 0 0 1 0 
0 0 0 0 1 
0.398323 0 0 0.601677 0 
0 0 1 0 0 
1 0 0 0 0 
0 1 0 0 0 
0 1 0 0 0 
0 0 1 0 0 
0 0 0 1 0 
1 0 0 0 0 
0 1 0 0 0 
0 1 0 0 0 
1 0 0 0 0 
0 0 0 1 0 
0 1 0 0 0 
1 0 0 0 0 
0 0 1 0 0 
0 0.799009 0 0 0.200991 
1 0 0 0 0 
0.254252 0 0.745748 0 0 
0 0 0 1 0 
0 0 1 0 0 
0 0.593209 0 0.406791 0 
0.380667 0 0.619333 0 0 
0 1 0 0 0 
1 0 0 0 0 
0 0 1 0 0 
0 0 1 0 0 
0 0 1 0 0 
1 0 0 0 0 
1 0 0 0 0 
0 0 0 0 1 
1 0 0 0 0 
0 0 0 1 0 
1 0 0 0 0 
0.463153 0.536847 0 0 0 
1 0 0 0 0 
0 0 0 1 0 
0 0 0 0 1 
0.292946 0 0.707054 0 0 
0.704876 0 0 0 0.295124 
0 0 0 1 0 
0 0 0 1 0 
0.432774 0 0 0 0.567226 
0 1 0 0 0 
1 0 0 0 0 
1 0 0 0 0 
0 0 0 0 1 
0 0 0.607378 0.392622 0 
0 1 0 0 0 
0 1 0 0 0 
0 0 0 1 0 
0 1 0 0 0 
0 1 0 0 0 
0 0 0 0 1 
0 0 1 0 0 
0 0 0 0 1 
1 0 0 0 0 
0 1 0 0 0 
0 0 0 1 0 
0 1 0 0 0 
0 0 0 1 0 
0 0.323809 0 0.676191 0 
0 0 1 0 0 
0 1 0 0 0 
0.307861 0.692139 0 0 0 
0 0 1 0 0 
1 0 0 0 0 
1 0 0 0 0 
1 0 0 0 0 
1 0 0 0 0 
0 0 0 0.734288 0.265712 
0 0 0 1 0 
0.161477 0 0.535435 0 0.303088 
0.270202 0 0 0.729798 0 
0 0.354936 0.645064 0 0 
1 0 0 0 0 
0 0 0 1 0 
0 0 0 1 0 
1 0 0 0 0 
1 0 0 0 0 
0 0 0 1 0 
1 0 0 0 0 
0 0 1 0 0 
0 1 0 0 0 
0 0.601446 0.398554 0 0 
1 0 0 0 0 
0 0 0.476454 0 0.523546 
1 0 0 0 0 
0 0 0 0 1 
0 0.731419 0 0 0.268581 
0 0 0 1 0 
0 1 0 0 0 
1 0 0 0 0 
0 0.449191 0.341949 0.20886 0 
1 0 0 0 0 
0 0 1 0 0 
0 0 1 0 0 
0 0.371172 0 0.628828 0 
0 0 0 0 1 
0 0 1 0 0 
0 0 1 0 0 
0 1 0 0 0 
0 0.660277 0.339723 0 0 
0 1 0 0 0 
0 0 0 0 1 
0 0 1 0 0 
0 0 0 0 1 
0.1256 0.8744 0 0 0 
1 0 0 0 0 
0.179407 0 0.410396 0.410197 0 
0 0 0 1 0 
1 0 0 0 0 
1 0 0 0 0 
1 0 0 0 0 
0 0 0 1 0 
1 0 0 0 0 
0 1 0 0 0 
0 0 1 0 0 
0 0 0 0 1 
1 0 0 0 0 
0 1 0 0 0 
0.509808 0.490192 0 0 0 
0 0 1 0 0 
0 1 0 0 0 
0 1 0 0 0 
0 0.201814 0 0 0.798186 
1 0 0 0 0 
0 0.26494 0 0.73506 0 
0 0 0 0 1 
1 0 0 0 0 
1 0 0 0 0 
0 0 0 0 1 
0 0 1 0 0 
0 0 0 0 1 
1 0 0 0 0 
1 0 0 0 0 
0 0 0 1 0 
0 0 0 1 0 
0 0 0 1 0 
0 0 0 0 1 
0 0 1 0 0 
0 0 0 1 0 
1 0 0 0 0 
0 0 0 1 0 
0 0 1 0 0 
0 0 1 0 0 
1 0 0 0 0 
0 0 0 0 1 
0 0 0 0 1 
1 0 0 0 0 
0 0 0 0 1 
0 0 0 1 0 
0 0 1 0 0 
0 0 0 0 1 
0 1 0 0 0 
0 0 0.349013 0 0.650987 
0 0 0 1 0 
0 0 1 0 0 
0 0 0 1 0 
0 0 0 1 0 
1 0 0 0 0 
0 0 0 1 0 
0 0 0 1 0 
0 0 0.156829 0 0.843171 
0 0.169082 0 0 0.830918 
0 0 0 1 0 
0 1 0 0 0 
0 0 0 1 0 
0 0 0 1 0 
0.805552 0 0 0.194448 0 
0 1 0 0 0 
0 0 0 0 1 
0.662943 0.337057 0 0 0 
0 0 0 0 1 
0 0 0 1 0 
0 0 0 0 1 
0 0 0 0 1 
0 0 0 0 1 
1 0 0 0 0 
0.354475 0 0 0.645525 0 
0 0 0 0 1 
0 0 0 1 0 
0 0 0 0 1 
0 0 0 0 1 
0 0 0 0 1 
0 0 1 0 0 
0.507732 0.492268 0 0 0 
0 0 0.549143 0 0.450857 
0 0 0 0 1 
1 0 0 0 0 
1 0 0 0 0 
1 0 0 0 0 
0.623767 0 0 0.376233 0 
0 0.647665 0 0.352335 0 
1 0 0 0 0 
0 0 0.347871 0 0.652129 
0 0.759453 0 0 0.240547 
0 1 0 0 0 
0 0 1 0 0 
0 0 1 0 0 
0.387048 0 0.51799 0.0949618 0 
0 0 0 1 0 
0 0 1 0 0 
1 0 0 0 0 
0 0 0.225409 0 0.774591 
0 0 0 0 1 
0 1 0 0 0 
0 1 0 0 0 
0 1 0 0 0 
0 0 0 0 1 
1 0 0 0 0 
0 1 0 0 0 
0 0 1 0 0 
0 0 0 0 1 
0 0 0 1 0 
0 1 0 0 0 
0 0 1 0 0 
0 1 0 0 0 
1 0 0 0 0 
0 0 1 0 0 
0.567774 0 0.432226 0 0 
1 0 0 0 0 
0 1 0 0 0 
0 0 0 0.646884 0.353116 
1 0 0 0 0 
0 0 0.707056 0 0.292944 
0 0 0 0 1 
0 1 0 0 0 
0 0 0 0.758504 0.241496 
0 1 0 0 0 
0 0 0 1 0 
1 0 0 0 0 
0 0 0 1 0 
1 0 0 0 0 
0 0 0 1 0 
0 1 0 0 0 
0 0 0 0 1 
0 0 0 0 1 
0 0 0 1 0 
0 0 0 0 1 
0.473406 0 0 0 0.526594 
1 0 0 0 0 
1 0 0 0 0 
0 0 1 0 0 
0 0 1 0 0 
0 0 0 1 0 
0.277245 0 0 0.722755 0 
0.664687 0.335313 0 0 0 
0 1 0 0 0 
0 0 0.370481 0 0.629519 
1 0 0 0 0 
0.653982 0 0 0.346018 0 
0 1 0 0 0 
1 0 0 0 0 
0.117753 0 0.882247 0 0 
0 0.566799 0 0 0.433201 
0 0 0 1 0 
0 0 0 0 1 
1 0 0 0 0 
0 0 0 1 0 
0 1 0 0 0 
0 0 0 0.434533 0.565467 
1 0 0 0 0 
0 1 0 0 0 
0 0 0 1 0 
0 1 0 0 0 
0 1 0 0 0 
0 0 0 1 0 
0 1 0 0 0 
0 0 0 1 0 
0 0 0 0.262866 0.737134 
0 0 1 0 0 
0 1 0 0 0 
0 1 0 0 0 
0 0 0 0 1 
1 0 0 0 0 
0 0 1 0 0 
0.438782 0 0.561218 0 0 
0 1 0 0 0 
1 0 0 0 0 
0 0 1 0 0 
0 0 0 0 1 
0 0 0 0 1 
0 1 0 0 0 
0 0 1 0 0 
1 0 0 0 0 
0 0 1 0 0 
0 0.34161 0 0 0.65839 
1 0 0 0 0 
0 1 0 0 0 
0 0 1 0 0 
1 0 0 0 0 
0 0 1 0 0 
0 0 0 1 0 
0 0 0 1 0 
0 0 0.599299 0.400701 0 
1 0 0 0 0 
0 0 0 0 1 
0.393111 0 0 0 0.606889 
0 1 0 0 0 
0.420795 0 0 0 0.579205 
0 0 0 0 1 
1 0 0 0 0 
0 1 0 0 0 
1 0 0 0 0 
0 0 0 0 1 
0.674182 0 0 0 0.325818 
0 0 1 0 0 
0 1 0 0 0 
1 0 0 0 0 
0 0 0 1 0 
1 0 0 0 0 
0 1 0 0 0 
0 0 0 0 1 
1 0 0 0 0 
0 0 0 0 1 
0 0 0 1 0 
0 0 0 1 0 
0 0 0.25622 0.74378 0 
0 0 0 0 1 
0.493896 0 0 0.506104 0 
1 0 0 0 0 
0 0 0 0 1 
0.222333 0 0.777667 0 0 
0 0 0 1 0 
1 0 0 0 0 
1 0 0 0 0 
0 1 0 0 0 
0 0 0 0 1 
0 0 1 0 0 
0 0 1 0 0 
0 1 0 0 0 
0.112314 0.887686 0 0 0 
0 0 0 0 1 
1 0 0 0 0 
0.508638 0.491362 0 0 0 
0 0 0 1 0 
0 0 1 0 0 
0.500584 0 0.499416 0 0 
0 0 0 1 0 
0 0 0 0 1 
1 0 0 0 0 
0 0 0 1 0 
1 0 0 0 0 
0 0 0 0 1 
0.49187 0 0 0.508129 0 
0.274745 0.725255 0 0 0 
0 0 0 1 0 
0 0 0 0 1 
0.198439 0.514807 0.286754 0 0 
0 0 1 0 0 
0 0 0 0 1 
0 0 0 0 1 
0 0 0 1 0 
1 0 0 0 0 
0 0 0.269223 0.730777 0 
1 0 0 0 0 
0 0 0 0 1 
0 0 1 0 0 
0 0 0.395524 0 0.604475 
0 0 0 1 0 
0 0 0 1 0 
1 0 0 0 0 
0 0 1 0 0 
0 0 0 0 1 
0 1 0 0 0 
0 0 0 0 1 
0 0 1 0 0 
0 0 1 0 0 
0 0 0 0 1 
0 0 1 0 0 
0 0 0 1 0 
0 0 0 1 0 
0 1 0 0 0 
0 0 1 0 0 
0 1 0 0 0 
1 0 0 0 0 
0 1 0 0 0 
1 0 0 0 0 
0 0 1 0 0 
1 0 0 0 0 
0 0 1 0 0 
0 0 0 1 0 
1 0 0 0 0 
1 0 0 0 0 
0 0.423824 0 0 0.576176 
0 0 0 1 0 
0 1 0 0 0 
1 0 0 0 0 
0 0 1 0 0 
0 0.258135 0.350805 0 0.391061 
0 0 0 0 1 
0 0 0 1 0 
0 0 0 0 1 
0 0 0 0 1 
0 0 0 0.881888 0.118112 
0 0.567287 0 0 0.432713 
1 0 0 0 0 
0 0 1 0 0 
1 0 0 0 0 
0 1 0 0 0 
0 1 0 0 0 
0 0 0 1 0 
0 0 1 0 0 
1 0 0 0 0 
1 0 0 0 0 
0 0 0 0 1 
0 1 0 0 0 
1 0 0 0 0 
0 0 1 0 0 
0 0 1 0 0 
0 0 0 0 1 
0 0 0 0 1 
0.313769 0 0 0 0.686231 
0 1 0 0 0 
0 0 0 0.35012 0.64988 
0 1 0 0 0 
0 0 0 1 0 
0 0 1 0 0 
0 0 1 0 0 
1 0 0 0 0 
0 1 0 0 0 
0 0 0 1 0 
0 0 0.633321 0.366679 0 
0 0 0 1 0 
0 0 0 0 1 
0 1 0 0 0 
0 0 0 1 0 
0 0 0 0 1 
0 0 1 0 0 
1 0 0 0 0 
0 0 0 0 1 
0 0 1 0 0 
0 1 0 0 0 
0 0 0 1 0 
0 0 0 1 0 
0.768447 0 0 0.231553 0 
0 0 0 0 1 
0 0 0 1 0 
0 1 0 0 0 
0 1 0 0 0 
0 0 1 0 0 
0.538636 0 0.461364 0 0 
0 0 0 1 0 
0 0 0 0 1 
0.199602 0 0.800398 0 0 
0 0 1 0 0 
0 1 0 0 0 
0.607493 0 0.392507 0 0 
0 0 0 0 1 
0 0 1 0 0 
