10 300
0.585365
0.609783
0.59018
0.306313
0.259392
0.269698
0.460802
0.503305
0.503343
0.675769
11.7751 0.228291
11.4713 0.420532
11.2451 0.216176
10.4504 0.646264
9.85673 0.974619
9.71251 0.753866
9.51824 0.127633
9.29873 0.266459
9.26673 0.10807
9.24451 0.130639
9.16249 0.18788
9.0987 1.20281
8.91224 0.134237
8.84775 0.812896
8.81734 1.02464
8.78255 1.27067
8.7763 0.277301
8.76169 1.01865
8.75375 1.74392
8.47289 1.4724
8.40324 1.61232
8.3814 1.26437
8.35644 0.590198
8.31431 0.47201
8.19294 1.34084
8.18028 1.39028
7.94964 0.200664
7.88203 0.98193
7.84904 1.68826
7.82774 0.819793
7.79613 1.98473
7.75258 2.25124
7.69591 1.17889
7.64165 0.966391
7.63234 1.91172
7.61076 1.43948
7.54409 0.801181
7.4319 1.75781
7.38214 0.76604
7.33144 1.20776
7.25803 1.17433
7.16697 1.0399
7.14291 0.205234
7.06854 1.34765
7.05479 0.553964
7.05385 1.93053
7.04576 1.43071
7.02829 0.416175
6.95916 2.153
6.89076 0.498853
6.81237 1.56115
6.78472 1.42887
6.4692 2.43808
6.44928 2.62644
6.3439 2.5663
6.32891 2.59858
6.18323 1.9505
6.04728 1.49862
6.01418 1.8069
5.96914 2.3023
5.96478 3.60053
5.83558 2.39742
5.81098 1.67125
5.75832 3.17401
5.52141 3.45154
5.50753 1.69989
5.44834 2.76739
5.36482 1.44505
5.33461 3.2761
5.31807 3.24786
5.28881 2.86216
5.28015 1.39403
5.21858 2.09239
5.10937 2.82698
5.10764 3.75766
5.04787 2.99122
4.96375 2.30146
4.85213 3.23181
4.8348 3.34903
4.79042 2.53192
4.74103 1.85025
4.67833 2.72075
4.6473 2.23006
4.63307 4.01759
4.61771 3.37821
4.6147 1.8767
4.57069 2.84625
4.55844 2.4401
4.38313 2.66668
4.32428 3.69603
4.28794 3.75453
4.26513 4.46421
4.23394 2.58174
4.19374 2.26011
4.18326 4.11045
4.13876 3.31951
4.11064 3.09701
4.07473 3.87422
4.04972 3.79106
4.02609 3.5624
4.02489 3.85337
4.00776 2.98609
3.96853 4.1057
3.95613 3.11629
3.91937 4.11755
3.8675 4.52216
3.77784 3.10782
3.73185 3.46837
3.69758 3.42273
3.68562 4.1478
3.67581 4.84142
3.67243 4.03409
3.66239 4.3767
3.63727 5.36051
3.63189 5.5172
3.58569 3.84841
3.54663 3.68343
3.51512 4.33851
3.5088 4.94116
3.37378 3.18813
3.37038 4.84581
3.34075 5.15081
3.27339 5.65761
3.21611 3.30437
3.19589 5.12273
3.19156 2.96657
3.17548 3.33431
3.02886 5.36441
3.02159 5.37684
2.97805 4.66212
2.97237 3.68115
2.95336 4.41683
2.92887 6.44242
2.90798 5.0174
2.85965 4.34662
2.85401 4.22922
2.78222 4.23703
2.7592 4.7841
2.75528 4.75291
2.66248 5.5375
2.6455 5.3975
2.61542 5.62692
2.60377 6.08402
2.55221 5.43856
2.5346 5.04447
2.5208 4.14947
2.50244 4.09472
2.49624 6.033
2.45762 3.2839
2.44975 4.56376
2.44754 5.51013
2.31641 4.74323
2.28975 4.19352
2.27451 6.61047
2.25132 4.02971
2.13538 6.50693
2.13288 5.5778
2.11178 4.63816
2.09191 6.21161
2.0475 4.11809
2.02541 6.06523
1.99544 5.97727
1.98363 6.20115
1.96472 7.26286
1.94145 6.27415
1.86165 5.23679
1.84454 6.36089
1.83704 4.37169
1.8282 4.78719
1.8223 6.4273
1.82083 6.42608
1.731 5.25629
1.69141 7.23977
1.68356 5.48769
1.67518 5.27208
1.62783 6.55709
1.62697 4.49789
1.57362 5.0045
1.56793 4.65151
1.56694 4.99533
1.55803 7.17538
1.5382 7.17365
1.53154 5.38242
1.52598 7.11155
1.49129 6.55271
1.47295 5.14619
1.4536 6.25801
1.44861 7.80344
1.40839 6.22182
1.3795 5.73018
1.37725 5.71051
1.34829 6.44549
1.3465 6.28331
1.33635 4.75168
1.32218 5.23584
1.3013 5.55858
1.26211 7.86503
1.24807 5.5124
1.21765 8.2089
1.18712 6.12402
1.17661 5.17087
1.16866 5.82575
1.16345 8.01153
1.14154 5.84189
1.07425 7.44292
1.05975 8.45777
0.969118 8.01231
0.95505 6.14395
0.905622 7.37439
0.843845 8.32798
0.837527 6.06933
0.806289 8.07073
0.792193 6.51927
0.746344 5.82807
0.740167 8.07892
0.737263 5.71322
0.736415 7.33782
0.695352 7.72354
0.639222 8.08256
0.612464 8.17789
0.593872 7.30487
0.584761 7.87774
0.583555 6.85488
0.572147 8.51079
0.539101 6.42765
0.505204 5.74774
0.46937 8.27183
0.464514 6.23134
0.43556 9.04068
0.398576 9.0617
0.396557 7.29858
0.386398 9.29325
0.381587 7.34358
0.380439 8.63567
0.375927 6.31143
0.318199 9.67654
0.317383 7.03869
0.311946 6.82177
0.309779 9.47064
0.285895 7.20513
0.266503 7.70256
0.2625 9.36454
0.256261 7.30317
0.248445 9.90081
0.240273 9.51658
0.235656 10.4566
0.233278 6.38295
0.232499 9.3528
0.232281 7.39513
0.231475 6.35497
0.227926 10.4721
0.222445 10.3246
0.216299 8.38954
0.211929 8.82193
0.208718 9.75724
0.20217 10.5512
0.194157 8.61075
0.190087 9.82815
0.182679 7.03837
0.165197 10.399
0.162228 7.44451
0.151707 7.36028
0.130461 7.80858
0.127249 6.82909
0.121447 10.3208
0.119637 8.26226
0.0997908 8.07137
0.0928963 9.76887
0.0877848 9.2985
0.0825479 7.85162
0.072035 8.16468
0.0672678 8.27386
0.0617584 7.83433
0.0613663 7.29845
0.0572379 7.3368
0.0536438 7.32526
0.0487336 7.94536
0.0486384 9.38171
0.0483919 7.5096
0.0459319 10.0625
0.0391998 8.46396
0.0359776 11.5852
0.0346197 10.9763
0.0293415 9.07971
0.0239723 10.4238
0.0199918 11.2
0.0188093 9.69761
0.0182454 11.2859
0.0178948 9.141
0.0165692 11.3736
0.0138603 9.52324
0.013805 9.33181
0.0121904 11.781
0.0113424 10.2556
0.0102379 8.06111
0.0027328 7.46454
0.00267667 7.95888
0.00242805 9.41087
0.00152096 10.255
0.00143319 8.89354
0.784179 0 0 0 0 0 0 0.215821 0 0 
0 0 0 0 0 0 0 0 0 1 
0 0 1 0 0 0 0 0 0 0 
1 0 0 0 0 0 0 0 0 0 
0 0 0 0 0 0 1 0 0 0 
0 0 0 0 0 0 0 0 1 0 
0 1 0 0 0 0 0 0 0 0 
0 0 0 0 0 1 0 0 0 0 
0 0 0 0 0 0 0 0 1 0 
0 0 0 1 0 0 0 0 0 0 
0 0 0.404249 0 0 0 0.595751 0 0 0 
0.778126 0 0.221874 0 0 0 0 0 0 0 
0 0 0 0 0 0 0 1 0 0 
0 0 0 0 0 0 1 0 0 0 
0 1 0 0 0 0 0 0 0 0 
0 0 0 0 0 1 0 0 0 0 
0 0 1 0 0 0 0 0 0 0 
0 0 0 0 0 0 0 0 0 1 
0 0 0 0 0 0 1 0 0 0 
0 1 0 0 0 0 0 0 0 0 
0 0 0 1 0 0 0 0 0 0 
0 0 0 0 1 0 0 0 0 0 
0 0 0 0 1 0 0 0 0 0 
0 0 0 0 0 0 0 0 0 1 
0 1 0 0 0 0 0 0 0 0 
0 0 0 0 0 0 1 0 0 0 
0 0 0 0 0 0 0 1 0 0 
0 0 0 0 0 1 0 0 0 0 
0 0 0 0 0 0 0 1 0 0 
0 1 0 0 0 0 0 0 0 0 
0 0 0 0 0 1 0 0 0 0 
0 1 0 0 0 0 0 0 0 0 
0 0 0 1 0 0 0 0 0 0 
0 1 0 0 0 0 0 0 0 0 
0 0 1 0 0 0 0 0 0 0 
0 0 0.303388 0.366421 0 0.330191 0 0 0 0 
0 0 1 0 0 0 0 0 0 0 
0.484838 0 0 0 0 0 0 0.515162 0 0 
0 0 0 0 0 0 0 0 0 1 
1 0 0 0 0 0 0 0 0 0 
0 0 1 0 0 0 0 0 0 0 
0 0 0 0 1 0 0 0 0 0 
0 0 0 0 0 1 0 0 0 0 
0 0 0 0 0 1 0 0 0 0 
0 1 0 0 0 0 0 0 0 0 
0 0 0 1 0 0 0 0 0 0 
0 0 0 0 1 0 0 0 0 0 
0 0 0 0 1 0 0 0 0 0 
0 0 0 0 0 0 1 0 0 0 
0 0 0 0 0 0 0 1 0 0 
0 0 0 0 0 0 0 0 0 1 
0 0 0 1 0 0 0 0 0 0 
0 0 0 0 0 0 0 0 1 0 
0 0 0 0 0 0 0 0.461712 0 0.538288 
0 0 0 1 0 0 0 0 0 0 
0 0 0 0 0 0 0 0 1 0 
0 0 0 0 0 0 1 0 0 0 
0 0 0 0 0 1 0 0 0 0 
0 0 0 1 0 0 0 0 0 0 
0 0 0 0 0 1 0 0 0 0 
0 0 0 0 0 0 0 1 0 0 
0 0 1 0 0 0 0 0 0 0 
0 0 0 1 0 0 0 0 0 0 
0 0 0 0 0 0 0 0 1 0 
0 0 1 0 0 0 0 0 0 0 
0 0 0 0 0 0 0 1 0 0 
0 0 0 0 0 0 1 0 0 0 
0 0 0 1 0 0 0 0 0 0 
0 0 0 0 0 1 0 0 0 0 
0 0 0 1 0 0 0 0 0 0 
0 0 0 1 0 0 0 0 0 0 
0 0 0 0 1 0 0 0 0 0 
0 0 0 0 0 0 1 0 0 0 
0 0 0 1 0 0 0 0 0 0 
1 0 0 0 0 0 0 0 0 0 
0 0 0 0 0 1 0 0 0 0 
0 0 0 0.549468 0 0 0 0.450532 0 0 
1 0 0 0 0 0 0 0 0 0 
0 0 0 0.738723 0.261277 0 0 0 0 0 
1 0 0 0 0 0 0 0 0 0 
0 0 0 0 0 1 0 0 0 0 
0 0 0 0 0 0 0 1 0 0 
0 0 0 0 0 0 0 0 0 1 
0 0 0 0 0 0 0 1 0 0 
0 0 0 0 0 1 0 0 0 0 
0 0 0 1 0 0 0 0 0 0 
0 0 0 1 0 0 0 0 0 0 
0 0 0 0 0 0 0 0 0 1 
0 0 0 0 0 0 0 1 0 0 
1 0 0 0 0 0 0 0 0 0 
0 1 0 0 0 0 0 0 0 0 
0 0 0 0 0 0.195428 0.804572 0 0 0 
0 0 0 1 0 0 0 0 0 0 
0 1 0 0 0 0 0 0 0 0 
0 0 0 0 0 1 0 0 0 0 
0 0 0 1 0 0 0 0 0 0 
1 0 0 0 0 0 0 0 0 0 
0 0 0.642001 0 0 0 0 0 0.357999 0 
0 0 0 0.774543 0 0 0.225457 0 0 0 
0 0 0 0 1 0 0 0 0 0 
1 0 0 0 0 0 0 0 0 0 
0 0 0 0 0 0 0 1 0 0 
0 0 0 0 1 0 0 0 0 0 
0 0 0 0 1 0 0 0 0 0 
1 0 0 0 0 0 0 0 0 0 
0 0 0 0 0 0 0 0 0 1 
0.679458 0 0 0 0 0 0 0 0.320542 0 
0 0 1 0 0 0 0 0 0 0 
0 0 1 0 0 0 0 0 0 0 
0 1 0 0 0 0 0 0 0 0 
0.323417 0 0 0 0 0.676583 0 0 0 0 
0 0 0 0 0 0 0 1 0 0 
0 0 0 0 0 0 0 1 0 0 
0 0 0 0 0 1 0 0 0 0 
0 0 0 0 0 0 0 0 0 1 
0 0.269225 0 0 0 0 0 0 0 0.730775 
0 0 0 0 0 0 0 0.484017 0 0.515983 
0 0 0 1 0 0 0 0 0 0 
0 0 0 0 1 0 0 0 0 0 
0 0 0 0 0.396308 0 0 0 0 0.603692 
0 0 1 0 0 0 0 0 0 0 
0 0 0 0 0 0 0 0 1 0 
0 0.757105 0 0 0 0 0 0 0 0.242895 
0 0 0 0 0 0 0 1 0 0 
0 0 0 0 1 0 0 0 0 0 
0 0 0 0 0 0 0 0 0 1 
0 0 0 0 0 1 0 0 0 0 
0 0 0 0 0 1 0 0 0 0 
0 0 0 0 0 0 1 0 0 0 
0 0 0.502869 0 0 0.497131 0 0 0 0 
0 1 0 0 0 0 0 0 0 0 
0 0 0 0 0 0 1 0 0 0 
0 0 0 0 0 0 0 0 0 1 
0 1 0 0 0 0 0 0 0 0 
0 0 0 0 0 0 0 0 1 0 
0 0 0 0 0 0 0 0 0 1 
0 0 0 0 0 0 0 0 0 1 
0 0 0 0 1 0 0 0 0 0 
0 0 0 0 0 0 0 0 1 0 
1 0 0 0 0 0 0 0 0 0 
0 0 1 0 0 0 0 0 0 0 
0 0 1 0 0 0 0 0 0 0 
0 0 0 0 0 0 0 1 0 0 
1 0 0 0 0 0 0 0 0 0 
0 0 0 0 0 0 0 0 1 0 
1 0 0 0 0 0 0 0 0 0 
0 0 0 0 0 1 0 0 0 0 
0.415085 0 0 0 0 0 0 0 0.377145 0.20777 
0 0 0 0 0 0.437246 0.562754 0 0 0 
0 0 0 0 0 0 0 0 1 0 
0 0 0 0 0 0.812949 0 0.187051 0 0 
0 0 0 0 0 0.324266 0.213893 0 0 0.461841 
0 0 0 0 0 0 1 0 0 0 
0.229639 0 0 0 0.630133 0.140228 0 0 0 0 
0 0 1 0 0 0 0 0 0 0 
0 0 0 0 0 0 0 0 1 0 
0 0 0 0 0 1 0 0 0 0 
0 0 0 1 0 0 0 0 0 0 
0 0 0 0 0 0 0 0 1 0 
0 0 0 0 0 0 1 0 0 0 
0 0 0 0 0 0 1 0 0 0 
0 0 0 0 0 0 1 0 0 0 
0 0 1 0 0 0 0 0 0 0 
0 0 0 0 0 0 1 0 0 0 
0 0 0 0 0.635055 0 0.364944 0 0 0 
0 0 0 1 0 0 0 0 0 0 
0 0 0 0 1 0 0 0 0 0 
0 0 0 0 0 1 0 0 0 0 
0 0 0 0 0 0 0 0 0 1 
0 0 0 0 0 0 1 0 0 0 
0 0 0 0 1 0 0 0 0 0 
0 0 0 0 0 0 0 1 0 0 
0 0 0 0 0 1 0 0 0 0 
0 0 1 0 0 0 0 0 0 0 
0 0 0.398691 0 0.601309 0 0 0 0 0 
1 0 0 0 0 0 0 0 0 0 
0 0 0 0 0 1 0 0 0 0 
0.521125 0 0.478875 0 0 0 0 0 0 0 
1 0 0 0 0 0 0 0 0 0 
0 0 0 0 0 0 0 1 0 0 
0 0 0 0 1 0 0 0 0 0 
0 0 0.347745 0 0 0.652255 0 0 0 0 
1 0 0 0 0 0 0 0 0 0 
0 0 0 0 0 0 0 0 0 1 
0 1 0 0 0 0 0 0 0 0 
0 0 1 0 0 0 0 0 0 0 
1 0 0 0 0 0 0 0 0 0 
0 0 0 0 0 0 1 0 0 0 
0 1 0 0 0 0 0 0 0 0 
0 0 0 0 0 0 0 0 0 1 
0 0 0 0 0 0 0 1 0 0 
0 0 0 0 0 1 0 0 0 0 
0 0 0 0 0 1 0 0 0 0 
0 1 0 0 0 0 0 0 0 0 
0 0 0 0 0 0 1 0 0 0 
0 0 1 0 0 0 0 0 0 0 
1 0 0 0 0 0 0 0 0 0 
0.683285 0 0 0 0 0 0 0 0.124293 0.192423 
0 0 0 0 0 0 0 0 0 1 
0 0.259973 0 0 0 0 0 0 0.740027 0 
0 0 0 0 1 0 0 0 0 0 
0 0 0 0 0 0 0 1 0 0 
0 0 0 0 0.312745 0 0 0 0 0.687255 
0 1 0 0 0 0 0 0 0 0 
0 0 0.243192 0 0 0.756808 0 0 0 0 
0 1 0 0 0 0 0 0 0 0 
1 0 0 0 0 0 0 0 0 0 
0 0 0 1 0 0 0 0 0 0 
0 0 0 0 0 1 0 0 0 0 
0.364164 0 0 0.635836 0 0 0 0 0 0 
0 0 0 1 0 0 0 0 0 0 
0 0 0 1 0 0 0 0 0 0 
0 0 0 0 1 0 0 0 0 0 
0 0 0 0 0 1 0 0 0 0 
0 1 0 0 0 0 0 0 0 0 
0 0.48245 0 0 0 0.359028 0 0 0 0.158522 
1 0 0 0 0 0 0 0 0 0 
0 1 0 0 0 0 0 0 0 0 
0 0 0 0 0.740174 0 0.259826 0 0 0 
0 0 1 0 0 0 0 0 0 0 
0 0 0 1 0 0 0 0 0 0 
0 0 0 0 0 0 0 0 0 1 
0 1 0 0 0 0 0 0 0 0 
1 0 0 0 0 0 0 0 0 0 
0.342081 0.42085 0 0 0 0 0 0.237069 0 0 
0 0 0 0 0.769599 0 0 0 0 0.230401 
0 0 0 0 0 0 0 0 0 1 
0 0 0 0 1 0 0 0 0 0 
0 0 0 0 0 0 1 0 0 0 
0 0 0 0 0 0 0 0 1 0 
0 0 0 0 0 0 1 0 0 0 
0 0 0 0 1 0 0 0 0 0 
0 0 0 0 0 0 1 0 0 0 
0 0 1 0 0 0 0 0 0 0 
0 0 0 0 0 0 0 0 1 0 
0 0 0 1 0 0 0 0 0 0 
0 0 0 0 0 0 0 0 1 0 
0 0 0 0 1 0 0 0 0 0 
0 0 0 0 0 1 0 0 0 0 
0 0 0 0 0 0 1 0 0 0 
0 0 0 0 0 0 0 0 0.824203 0.175797 
0 0 0.269907 0.730093 0 0 0 0 0 0 
1 0 0 0 0 0 0 0 0 0 
0 0.523203 0 0 0 0.476797 0 0 0 0 
0 0 0 0 0 0 0 0 1 0 
0 0 0 0.521818 0 0 0.478181 0 0 0 
0 0 0 0 1 0 0 0 0 0 
0 0 1 0 0 0 0 0 0 0 
0 0 0 0 0 0 1 0 0 0 
0 0 0 0 1 0 0 0 0 0 
0 0 0 0 0 0 0 0 0 1 
0 0 0 0 0 0 1 0 0 0 
1 0 0 0 0 0 0 0 0 0 
0 0 0 0 0 0 0 0 1 0 
0 0 0 0 0 0 1 0 0 0 
0 0 0 0 0 0 0 0 0 1 
0 1 0 0 0 0 0 0 0 0 
0 0 1 0 0 0 0 0 0 0 
0 0 1 0 0 0 0 0 0 0 
0 0 0 0 0 0 0 0 0 1 
0 0 0 0 1 0 0 0 0 0 
0 0 0 0 0 1 0 0 0 0 
0 0 0 0 0.493229 0 0.506771 0 0 0 
0 0 0 0 0 0 0 0 0 1 
0 0 0.525985 0 0 0.474015 0 0 0 0 
0 0 0 0 0 0 0 0 1 0 
0 0 1 0 0 0 0 0 0 0 
0 1 0 0 0 0 0 0 0 0 
0 0 0 0 0 0 1 0 0 0 
0 0 0 0 0 0 0 0 0 1 
0 0 0 0 1 0 0 0 0 0 
0 0 0 0 0 0.321928 0.678072 0 0 0 
0 0 0.810086 0 0.189914 0 0 0 0 0 
0 0 0 0 0 0 0 0 1 0 
0 0 0 1 0 0 0 0 0 0 
0 0 0 0 0 0.318614 0.398992 0 0.282395 0 
0 0 0 1 0 0 0 0 0 0 
0 0 0 0 0 1 0 0 0 0 
0 0 0 0 0 0 0 0 0 1 
0 0 0 1 0 0 0 0 0 0 
0.330109 0 0 0 0 0 0 0 0 0.669891 
0 0 0 0 1 0 0 0 0 0 
0 0 0 0 0 0 0 1 0 0 
0 0 0.362661 0 0 0 0.637339 0 0 0 
0 0 0 0 0 0 1 0 0 0 
0 0.806971 0 0 0 0.193029 0 0 0 0 
0 0 0 0.669062 0 0.330938 0 0 0 0 
0 0.261643 0 0 0 0 0 0.738357 0 0 
1 0 0 0 0 0 0 0 0 0 
0 0 0 0.587736 0 0.412264 0 0 0 0 
0 0 0 0 1 0 0 0 0 0 
0 1 0 0 0 0 0 0 0 0 
1 0 0 0 0 0 0 0 0 0 
0 0 0 0 0 0 0 0 0.137045 0.862955 
0 0 1 0 0 0 0 0 0 0 
0 0 1 0 0 0 0 0 0 0 
0 0 0 1 0 0 0 0 0 0 
0 0 0 0 0 1 0 0 0 0 
0 0 0 1 0 0 0 0 0 0 
0 0 0 1 0 0 0 0 0 0 
