5 25
0.53814
0.53618
0.431498
0.63248
0.477263
7.75167 0.790559
7.21843 2.02275
6.92236 1.18224
6.18874 1.59004
5.45673 1.99759
4.87249 3.07001
4.7896 3.35603
4.38316 2.79056
4.04519 4.689
3.62199 4.17461
3.59087 3.78021
3.47617 4.42959
2.95289 3.86726
2.09335 4.18707
1.53694 6.00751
1.09527 5.02283
0.777615 7.2914
0.523803 6.94557
0.309212 6.86358
0.104216 8.97924
0.0793447 8.10985
0.0657414 10.1335
0.0472655 10.602
0.0349575 11.304
0.0274716 10.0775
0.469535 0 0.530465 0 0 
1 0 0 0 0 
0 0 0 0 1 
0 0 0 1 0 
0 0.297641 0 0.702359 0 
0 0.542082 0.457918 0 0 
1 0 0 0 0 
0 0 0 1 0 
0 1 0 0 0 
0 0 0 0 1 
0 0 1 0 0 
0 1 0 0 0 
0 1 0 0 0 
0 0 0 1 0 
0 0.643291 0 0 0.356709 
1 0 0 0 0 
1 0 0 0 0 
0 1 0 0 0 
0 1 0 0 0 
0 1 0 0 0 
0 0 1 0 0 
0 0 0 1 0 
0.584215 0.415785 0 0 0 
0 0 1 0 0 
0 0 0 0 1 
