10 100
0.638714
0.604318
0.45713
0.488875
0.397455
0.534826
0.424978
0.287915
0.583852
0.321168
9.89561 0.693357
9.80918 0.910976
9.76599 0.489283
9.72333 0.658944
8.70347 1.22432
7.95244 2.06133
7.93438 0.61927
7.4149 1.64349
7.31444 0.98082
7.01615 2.43529
7.01312 1.54188
6.81748 2.28151
6.73637 2.09869
6.71804 1.64093
6.58362 1.74943
6.55887 1.50725
6.53499 2.45416
5.85676 2.04221
5.76911 1.4593
5.62219 2.49177
5.36 3.37527
5.24384 3.92249
5.185 3.67513
5.05152 3.10541
5.03249 2.28276
4.99104 2.7203
4.96188 2.46398
4.36907 3.24525
4.35118 4.62555
4.14617 3.43057
3.86311 3.41217
3.73209 3.20396
3.6377 5.34341
3.62039 2.96243
3.54826 4.38685
3.25612 5.45669
3.19824 5.08568
3.15931 5.74984
3.14516 4.49499
2.99066 3.17665
2.92551 4.5543
2.86689 4.29034
2.73067 4.39494
2.54946 4.37495
2.44127 5.67346
2.40125 4.64789
2.39016 3.93198
2.30108 5.93408
2.26344 4.23941
2.11086 4.54755
1.97902 5.41762
1.91602 4.87269
1.68741 7.30641
1.599 5.7706
1.52283 6.41947
1.50189 4.81736
1.45916 5.93297
1.39613 6.02464
1.39465 7.68576
1.37206 5.13738
1.36813 7.07537
1.33639 6.59364
1.21131 6.03739
1.21103 7.66982
1.20848 6.26523
1.03659 6.49681
0.883828 5.49022
0.809421 7.99376
0.766815 5.82367
0.753852 6.98891
0.616727 7.94133
0.565903 7.52266
0.525339 7.37647
0.405659 8.70123
0.367759 8.56823
0.355019 9.28081
0.335457 9.75785
0.293247 8.83427
0.273263 9.85099
0.227654 8.08346
0.208564 7.99406
0.179362 9.96461
0.176839 9.14891
0.165953 8.93694
0.156782 8.54552
0.122824 10.0332
0.113133 9.22256
0.0943466 9.96036
0.063191 9.17512
0.06015 8.57284
0.0525418 7.42174
0.0476865 7.18616
0.0299802 8.68091
0.0263266 10.553
0.0133933 8.44528
0.0102534 8.70352
0.00713787 9.13277
0.00481985 7.52564
0.00428962 11.6992
0.00190489 11.67
0 0 0 0 0.575972 0 0 0 0 0.424028 
0 0 0 0 1 0 0 0 0 0 
0 0 0 1 0 0 0 0 0 0 
0 0 0 0 0 1 0 0 0 0 
0 0 0 0 0 0 0 1 0 0 
0 0 0 0 0 1 0 0 0 0 
0.478961 0 0 0.120122 0 0.400918 0 0 0 0 
0 0 0.200962 0 0 0.702783 0.0962553 0 0 0 
0 0 1 0 0 0 0 0 0 0 
0 0 0 1 0 0 0 0 0 0 
0 0 0 0 0 1 0 0 0 0 
0 0 1 0 0 0 0 0 0 0 
0 1 0 0 0 0 0 0 0 0 
0 0 0 0.904732 0.0952681 0 0 0 0 0 
0 0 0 0 0 0 0 1 0 0 
0 0 0 0 0 1 0 0 0 0 
0 0 0 0 0 1 0 0 0 0 
0 1 0 0 0 0 0 0 0 0 
1 0 0 0 0 0 0 0 0 0 
0 0 0 0 0 1 0 0 0 0 
0 0 0.815348 0 0 0.184652 0 0 0 0 
0 0 0 0 0 0 0 0 0 1 
0 0 0 0 0 0 0 0 1 0 
0 1 0 0 0 0 0 0 0 0 
0 0 0 0 0 1 0 0 0 0 
0 0 0 0 0 0 1 0 0 0 
0 1 0 0 0 0 0 0 0 0 
0 0 0 0 0 1 0 0 0 0 
0 0 0 0 1 0 0 0 0 0 
0 0 0 0.487699 0 0 0.512301 0 0 0 
0 0 0 0 0 0 0 0 1 0 
0 0 0 0 0 0 0 0 1 0 
0 0 0 0 0 0 0 0 0 1 
0 0 0 1 0 0 0 0 0 0 
0 0 0 0 0 0 1 0 0 0 
0 0 0 0 0 0 0 0 1 0 
1 0 0 0 0 0 0 0 0 0 
0 0 0 0 1 0 0 0 0 0 
0 0 0 1 0 0 0 0 0 0 
0 0 0 0 0 0 0 0 1 0 
1 0 0 0 0 0 0 0 0 0 
0 0 0 0 0 0 0 0 0 1 
0 0 0 1 0 0 0 0 0 0 
0 0 0 0 1 0 0 0 0 0 
0 0 0 1 0 0 0 0 0 0 
0 0 0 0 0 0 0 0 0 1 
0 0 0 0 0 0 1 0 0 0 
0 0 0 0 0 0 1 0 0 0 
0 0 0 0 0 0 0 0 1 0 
0 0 0 0 0 0 1 0 0 0 
0 0 0 0 0 0 0 0 1 0 
0 0 0 0 0 0 0 1 0 0 
0 0 1 0 0 0 0 0 0 0 
0 0 0 0 0 0 0 1 0 0 
0 0 0 0 0 0 1 0 0 0 
0 0 0 0 0 1 0 0 0 0 
0 1 0 0 0 0 0 0 0 0 
0 0 0 0 0 0 0 0 1 0 
0 0 0 0 0 0 0 0 1 0 
0 0 0 1 0 0 0 0 0 0 
1 0 0 0 0 0 0 0 0 0 
0 0 0 0 0.560627 0.439373 0 0 0 0 
0 1 0 0 0 0 0 0 0 0 
0 0 0 1 0 0 0 0 0 0 
0 0.109909 0 0 0 0 0.890091 0 0 0 
0 0 0 0 1 0 0 0 0 0 
0 0 0 0 1 0 0 0 0 0 
0 0 0 0 0 0 0 0 0 1 
0 0 0 0.832046 0 0 0 0 0 0.167954 
0 0.621531 0 0 0.378469 0 0 0 0 0 
0 0 1 0 0 0 0 0 0 0 
0 0 0 0 0 0 0 1 0 0 
0 0 0 1 0 0 0 0 0 0 
0 0 0 0 0 0 0 0 0 1 
0 0 0 0 0 0 0 0 1 0 
0 0 0 0 1 0 0 0 0 0 
0 0 0 0 0 0 0 1 0 0 
0 0 0 0 0 0 0 1 0 0 
0 0 0 0 0 0 0 0 0 1 
0 0 0 0 0 0 0 0 0 1 
0 1 0 0 0 0 0 0 0 0 
0.523607 0 0 0 0 0 0 0.476393 0 0 
0 0 0 0 0 0.714787 0 0 0 0.285213 
0 0 0 0 0.537858 0 0.462142 0 0 0 
0 0 0 0 0 0 1 0 0 0 
0 0 0 0 0 0 0 0 0 1 
0 0 0 0.215101 0 0 0 0.784899 0 0 
0 0 0 0.674197 0 0 0 0.325803 0 0 
0 0 1 0 0 0 0 0 0 0 
0 0 0 1 0 0 0 0 0 0 
0 0 0 0 0 0 0 1 0 0 
0 1 0 0 0 0 0 0 0 0 
0 0 0 0 0 0 1 0 0 0 
0 0 0 1 0 0 0 0 0 0 
0 0 0 0 0 0 0 0 0 1 
0 0 0 0 0 0 1 0 0 0 
0 0 0 0 0 0 1 0 0 0 
0 0 0 0 0 0 0 1 0 0 
0.40231 0 0 0 0 0 0 0.249136 0.348554 0 
0 0.699068 0 0 0 0 0 0.300932 0 0 
