10 200
0.646423
0.542111
0.694493
0.295003
0.336258
0.736863
0.354026
0.734882
0.513113
0.520817
11.49 0.121769
11.0109 0.273604
10.9994 0.190558
10.5641 0.618141
10.2224 0.159934
10.1426 0.526824
9.35044 0.493375
9.31852 1.26207
9.13095 0.586235
8.84144 0.566985
8.83195 1.12127
8.75246 1.39433
8.74893 0.284206
8.68039 0.725196
8.63806 1.02314
8.5303 1.06227
8.30686 0.67411
7.9854 1.41414
7.9643 1.36664
7.95166 0.584009
7.74172 2.45858
7.70711 2.23207
7.69903 2.52873
7.53817 1.60926
7.38676 2.25668
7.38663 1.49414
7.35682 0.275561
7.32302 0.752959
7.21984 2.3628
7.12004 2.30361
6.97958 1.9012
6.97371 0.844569
6.89552 2.33893
6.82635 0.446123
6.6684 2.42752
6.58824 1.9065
6.47866 0.749005
6.47018 0.876404
6.45478 2.08609
6.39304 1.93475
6.29581 1.15004
6.23495 2.19662
6.13184 2.68733
6.06919 2.07994
6.01664 1.9632
5.99448 1.82396
5.95536 2.04615
5.67863 2.58561
5.6444 3.10413
5.55918 3.01616
5.54729 2.46139
5.40871 3.00397
5.34101 2.46036
5.29319 2.96629
5.18832 3.45311
5.16044 2.02679
5.11056 3.1489
5.03167 3.68569
4.80016 4.22725
4.64767 2.91633
4.42117 4.52378
4.37047 2.3777
4.36849 4.22013
4.33868 4.72443
4.30833 4.51841
4.20121 3.57358
4.14399 2.98593
4.12926 2.59838
4.1209 4.22085
4.10891 3.18192
4.03429 3.28258
3.96362 3.22635
3.95522 3.12618
3.90814 3.12017
3.66445 4.9786
3.57739 4.18027
3.57355 3.6046
3.47844 2.81989
3.32309 3.48609
3.2792 3.82455
3.24254 3.67355
3.22282 3.55853
3.21862 4.76055
3.1441 3.90011
3.09069 4.74535
3.09004 4.18739
3.04828 4.12339
2.98726 4.61761
2.9038 5.56297
2.86785 3.46672
2.84034 4.99618
2.78094 3.34635
2.70559 4.43318
2.68447 5.06851
2.66622 4.84905
2.55989 4.09432
2.48324 5.32
2.47788 6.38615
2.46236 3.9542
2.4403 5.40637
2.29211 4.12581
2.28985 6.11942
2.27925 5.10501
2.27414 6.13307
2.13673 6.1246
2.13004 4.11977
1.96432 5.93558
1.95912 5.84735
1.95685 5.1296
1.87108 5.71842
1.8052 4.90656
1.77163 5.05569
1.77071 5.80955
1.7424 4.22452
1.68077 6.97121
1.65377 5.74794
1.57177 4.46919
1.5516 5.41458
1.5416 5.19266
1.47167 5.30254
1.46638 5.3386
1.46228 5.98333
1.43319 6.23382
1.34139 6.10832
1.33844 6.16606
1.27794 7.16772
1.24155 7.70101
1.23934 6.75518
1.17074 6.46333
1.15973 6.25367
1.13753 6.84961
1.12517 7.0692
1.10545 7.12941
1.06501 7.92101
1.0072 8.11473
1.00099 8.49302
0.996547 7.14668
0.972695 6.97149
0.956506 6.15352
0.946745 5.67201
0.937442 6.22623
0.920864 5.46755
0.90088 7.60446
0.862366 6.19652
0.84613 8.02566
0.8113 6.6567
0.807484 7.36369
0.745155 7.36491
0.712541 6.74394
0.70319 6.74208
0.688783 8.1028
0.55153 6.64866
0.544289 8.4708
0.525982 6.93735
0.514618 9.17179
0.507241 6.78249
0.406376 6.26812
0.396578 8.91001
0.396318 9.32417
0.372246 6.62724
0.366762 9.47777
0.359173 7.80495
0.357672 7.14157
0.35605 7.17565
0.321615 7.82876
0.305288 8.17206
0.291524 9.11724
0.270727 9.38614
0.253432 8.49254
0.250387 10.4051
0.241645 9.21359
0.19216 9.43586
0.188137 9.67606
0.162946 8.55605
0.152267 8.45075
0.149443 9.04851
0.14233 10.6456
0.140863 7.82114
0.126572 10.2754
0.122239 10.3993
0.115548 10.789
0.115249 9.4499
0.114286 6.89195
0.105977 6.8139
0.103378 7.07303
0.0830606 7.55094
0.0647112 9.04937
0.064237 8.27321
0.0641525 7.38581
0.0405563 8.80695
0.0403133 10.6583
0.0366141 11.0056
0.0268531 10.5758
0.0114151 9.4781
0.0097871 8.41352
0.00978583 9.36461
0.00936422 9.04836
0.00878692 7.61603
0.00871562 8.57987
0.00243985 8.36979
0 0 0 0 0 0 0 1 0 0 
0 0 0 0 0 0 0 1 0 0 
0 0 0 0 0 0 0 0 1 0 
0 0 0 1 0 0 0 0 0 0 
0 0 0 0 0 0 0 0 1 0 
0 0 0 0 0 1 0 0 0 0 
0 0 0 1 0 0 0 0 0 0 
0 0 0 0 0 0 0 0 1 0 
0.585849 0 0 0 0 0 0 0.414151 0 0 
0 0 0 0 0 0 0.385033 0.614967 0 0 
0 0 0 0 0 0 0 0 0 1 
0 1 0 0 0 0 0 0 0 0 
0 0 0.377657 0 0 0.0773798 0.19673 0 0 0.348233 
0 1 0 0 0 0 0 0 0 0 
0 0 0 0 0 0 0 1 0 0 
0 0 0 1 0 0 0 0 0 0 
1 0 0 0 0 0 0 0 0 0 
0 0 0 0 0 1 0 0 0 0 
0 0 0 0 0 0 0 0 0 1 
0 0 0 0 0 0 1 0 0 0 
0 0 0 0 1 0 0 0 0 0 
0 0 0 0.650258 0 0.349742 0 0 0 0 
0 1 0 0 0 0 0 0 0 0 
0 1 0 0 0 0 0 0 0 0 
0 0 0 0 0 0 1 0 0 0 
0 0 0 0 1 0 0 0 0 0 
0 0 1 0 0 0 0 0 0 0 
0 0 0 1 0 0 0 0 0 0 
0 0 1 0 0 0 0 0 0 0 
0 0 0 0 0 0 1 0 0 0 
0 0 0 0 0 1 0 0 0 0 
0 0 0 0 1 0 0 0 0 0 
1 0 0 0 0 0 0 0 0 0 
0 0 0 0 0 1 0 0 0 0 
0 0 0 0 0 0 0 0 1 0 
0 0 0 0 0 0 0 1 0 0 
0 0 0 1 0 0 0 0 0 0 
1 0 0 0 0 0 0 0 0 0 
0 0 0 1 0 0 0 0 0 0 
0 0 0 0 1 0 0 0 0 0 
1 0 0 0 0 0 0 0 0 0 
0 0 0 0 1 0 0 0 0 0 
0 0 0 0 1 0 0 0 0 0 
0 0 0 0 0 0 0 0 1 0 
0 0 0 0.770253 0 0.229747 0 0 0 0 
0 0 0 0 0 1 0 0 0 0 
0 0 0 0 0 1 0 0 0 0 
0 0 0 0 0 1 0 0 0 0 
0 0 0 0 0 0 0 0 0 1 
0 0 0 0 0 0 1 0 0 0 
0 0 1 0 0 0 0 0 0 0 
0 1 0 0 0 0 0 0 0 0 
0 0 0 0 1 0 0 0 0 0 
0 1 0 0 0 0 0 0 0 0 
0 0 0 0 1 0 0 0 0 0 
0 0 0 0 0 0 0 1 0 0 
0 0 0 0 1 0 0 0 0 0 
0 0 0 0 0 0 0 0 0 1 
1 0 0 0 0 0 0 0 0 0 
0 0 0 0 1 0 0 0 0 0 
0 0 1 0 0 0 0 0 0 0 
0 0 0 1 0 0 0 0 0 0 
1 0 0 0 0 0 0 0 0 0 
0 0 0 1 0 0 0 0 0 0 
0.28261 0 0 0 0 0 0 0 0.71739 0 
0 0 0 0 0 0 0 0 1 0 
0 0 0 1 0 0 0 0 0 0 
0 0 0 0 0 0 1 0 0 0 
0 0 1 0 0 0 0 0 0 0 
0 0 0 0 0 0 1 0 0 0 
0 0 0 0.531925 0.468075 0 0 0 0 0 
0 0 1 0 0 0 0 0 0 0 
0 0 0 0 0 1 0 0 0 0 
0 0 0 0 0 0 0 1 0 0 
0 0 0 0 0 0 0 0 0 1 
0 0 0 0 0 0 0.619823 0 0 0.380177 
0.599906 0 0 0.400094 0 0 0 0 0 0 
0 0 0 0 0 0 0 0 0 1 
0 1 0 0 0 0 0 0 0 0 
0 0 0 0 1 0 0 0 0 0 
0 0 1 0 0 0 0 0 0 0 
0 0.537635 0.462364 0 0 0 0 0 0 0 
0 0 0 0.629484 0 0 0 0.370516 0 0 
0 0 0 0 1 0 0 0 0 0 
0 0 0 0 0 0 1 0 0 0 
0 0 1 0 0 0 0 0 0 0 
0 0 0 0 0 1 0 0 0 0 
0 0 0 0 0 0 0 0 0 1 
0 0 0.496676 0 0 0 0 0 0.503324 0 
0 0 0 0 0 0 1 0 0 0 
0 0 0 0 0 0 0 0 0 1 
0 0 0 0 0 0 0 0 0 1 
0 0 0 0 0 0 0 0 1 0 
0 0 0 0.392415 0 0 0.607585 0 0 0 
0 0 1 0 0 0 0 0 0 0 
1 0 0 0 0 0 0 0 0 0 
0 0 0 1 0 0 0 0 0 0 
0 1 0 0 0 0 0 0 0 0 
0 0 0 0 0 0 0 0 0 1 
0 0 1 0 0 0 0 0 0 0 
0 0 0 0 0.496999 0 0 0.503001 0 0 
0 0 0 0 0 0 1 0 0 0 
0 0.679899 0 0 0 0 0.320101 0 0 0 
0 0 0 1 0 0 0 0 0 0 
0 0 0 1 0 0 0 0 0 0 
0 0 0 0 0 0 0 1 0 0 
0 0 0 0 0 1 0 0 0 0 
0 0 0 0 0 1 0 0 0 0 
0 0 0 0 0 0 1 0 0 0 
0 0.391562 0 0 0.608438 0 0 0 0 0 
0 0 1 0 0 0 0 0 0 0 
0 0 0 0.432699 0 0 0 0 0.567301 0 
0 0.560943 0 0 0 0.439057 0 0 0 0 
0 0 0 1 0 0 0 0 0 0 
0 0.500042 0 0 0 0 0.499958 0 0 0 
1 0 0 0 0 0 0 0 0 0 
0 1 0 0 0 0 0 0 0 0 
0 0 1 0 0 0 0 0 0 0 
0 0 0 1 0 0 0 0 0 0 
0 0 1 0 0 0 0 0 0 0 
0.358356 0 0 0 0 0.641644 0 0 0 0 
0 0 0 0 0 0 0 0 1 0 
0 0 0 0 0 0 1 0 0 0 
0 0 0 0 0 0.273141 0 0 0 0.726859 
0 0 0 0 0 1 0 0 0 0 
0.749743 0.250258 0 0 0 0 0 0 0 0 
0 0 0 1 0 0 0 0 0 0 
0 0.300041 0 0 0.699959 0 0 0 0 0 
0 0 0 0 0 0 0 0 0 1 
0 0 0 0 1 0 0 0 0 0 
0 0 1 0 0 0 0 0 0 0 
1 0 0 0 0 0 0 0 0 0 
0 0 1 0 0 0 0 0 0 0 
0 0 0 0 0 0 1 0 0 0 
0 0 0 0 0 0 0 1 0 0 
0 0 0.358645 0.641355 0 0 0 0 0 0 
0 0 0 0 0 0 0 0 1 0 
0 0 0 1 0 0 0 0 0 0 
0 0 0 0 0 1 0 0 0 0 
0.73423 0 0 0 0 0 0 0.26577 0 0 
0 0 0 0 0 0 0.37189 0 0.62811 0 
0 0 0 0 0 0 0 0 0 1 
0 0 1 0 0 0 0 0 0 0 
0 1 0 0 0 0 0 0 0 0 
1 0 0 0 0 0 0 0 0 0 
0 0 1 0 0 0 0 0 0 0 
1 0 0 0 0 0 0 0 0 0 
0 0 0 0 0 0 0 1 0 0 
0 0 0 0 1 0 0 0 0 0 
0 0 0 0 0 0 0 0 1 0 
0 0 1 0 0 0 0 0 0 0 
0 0 0.453326 0 0 0 0.546674 0 0 0 
0 0 1 0 0 0 0 0 0 0 
0 0 0 0 0 1 0 0 0 0 
0 0 0 0 0 0 0 0 0 1 
0 0 0 0 0 0 0 0 0 1 
1 0 0 0 0 0 0 0 0 0 
0 0 0 0 0 0 0 0 0 1 
0 0 1 0 0 0 0 0 0 0 
0.698643 0 0 0 0.301357 0 0 0 0 0 
0 0 0 0 0 1 0 0 0 0 
0 0 0 0 0 0 1 0 0 0 
0 0 0 0 0 0 0 0 0 1 
0 0 0 0 0 0 0.518503 0 0.481497 0 
0 0 0 0 0 0 0 1 0 0 
0 0 0 0 0 0 0 1 0 0 
0 0 0 0 0 0 0 0 1 0 
0 1 0 0 0 0 0 0 0 0 
0 0 0 1 0 0 0 0 0 0 
0 0 0 0 0 0 0 0 1 0 
1 0 0 0 0 0 0 0 0 0 
1 0 0 0 0 0 0 0 0 0 
0 0 0 0 0 0 1 0 0 0 
0 0 0 0.546396 0 0 0 0 0 0.453604 
0 0 0 0 0 0 0 0 0 1 
1 0 0 0 0 0 0 0 0 0 
0 0 0 0 0 1 0 0 0 0 
0 1 0 0 0 0 0 0 0 0 
0.711684 0.288316 0 0 0 0 0 0 0 0 
1 0 0 0 0 0 0 0 0 0 
0 0 0 0 0.296314 0 0.703686 0 0 0 
0 0 0 0 0 0 0 0 1 0 
0 0.826818 0.173182 0 0 0 0 0 0 0 
0 0 0 0 1 0 0 0 0 0 
0 0 0 0 0 0.578209 0 0 0.421791 0 
0 0 0 0 0 0.460462 0 0 0.539538 0 
1 0 0 0 0 0 0 0 0 0 
0 0 0 0 0 0 0 0 0 1 
0 0 0 0 0 0 0 0.549943 0.450057 0 
0 0 0 0 1 0 0 0 0 0 
0 1 0 0 0 0 0 0 0 0 
0.558504 0 0 0.441496 0 0 0 0 0 0 
0 0 1 0 0 0 0 0 0 0 
0 0 1 0 0 0 0 0 0 0 
0 0 0 1 0 0 0 0 0 0 
1 0 0 0 0 0 0 0 0 0 
0 0.612018 0 0 0 0 0 0 0.387982 0 
0 0 0 0 1 0 0 0 0 0 
1 0 0 0 0 0 0 0 0 0 
0 0 0 0 0 0 0 0 0 1 
