5 150
0.413267
0.295695
0.672373
0.584543
0.285825
11.3584 0.397622
10.3683 0.722523
10.3482 0.681762
10.3451 0.665683
9.75504 0.545256
9.65068 0.169901
9.31406 0.958717
9.25049 0.170041
9.16722 0.590309
9.01256 0.6299
8.74808 0.498994
8.61765 1.03849
8.34413 0.255244
8.14996 1.47775
7.6675 0.607332
7.64181 0.683631
7.48307 2.74815
7.41527 1.68708
7.11497 2.5045
7.11079 2.2806
6.76648 1.50169
6.6792 1.81789
6.57925 2.11799
6.56689 1.75611
6.31074 2.02283
6.19344 1.44684
5.96786 2.62539
5.70229 1.8333
5.61277 2.26589
5.60311 2.03797
5.53373 1.60998
5.12129 2.96382
5.03742 2.44039
4.9165 2.94304
4.82258 4.08112
4.81292 4.0869
4.81187 3.53884
4.79629 2.53452
4.78239 2.47884
4.74753 2.71789
4.69543 2.63683
4.6897 2.37319
4.61151 2.66961
4.49661 3.79372
4.46661 3.50322
4.44385 2.68236
4.3958 4.30535
4.33572 2.81317
4.33467 4.24427
4.31467 3.04269
4.27874 3.29326
4.18411 4.95754
4.047 3.51575
3.79672 4.99668
3.75636 3.72217
3.55212 4.1397
3.47549 4.53449
3.44822 5.03035
3.44641 4.68158
3.44625 4.62946
3.35787 4.08302
3.32196 4.72719
3.27026 4.53784
3.02339 3.81822
2.91589 3.75064
2.75481 5.37005
2.7539 5.19496
2.72578 5.51775
2.71049 6.20782
2.57299 5.38356
2.38769 5.8203
2.38188 4.64874
2.35653 3.89782
2.34293 4.00269
2.26968 4.37591
2.26005 6.13705
2.05446 5.44318
2.05146 4.07051
2.01291 4.57185
1.94316 4.77203
1.78666 5.05078
1.78638 5.15765
1.78608 6.62976
1.7384 5.05416
1.56076 6.10928
1.54771 7.82722
1.53972 4.69406
1.52116 7.569
1.45933 7.04765
1.33922 4.61122
1.31232 7.47903
1.26712 8.25712
1.25342 7.13261
1.1881 6.70093
1.16153 6.31812
1.11684 7.30555
1.09868 5.57423
1.09713 5.48698
1.04527 5.70147
1.03546 7.38121
0.982729 8.73173
0.968803 8.43182
0.940214 7.58622
0.912814 6.43137
0.857013 7.47723
0.853196 8.56115
0.808914 7.05397
0.783471 7.21554
0.750441 5.55769
0.721926 6.19353
0.695815 8.41251
0.582021 6.29083
0.524368 8.341
0.518837 7.92956
0.510774 8.42415
0.491908 8.01561
0.446761 7.07998
0.428665 7.93162
0.362182 8.01343
0.35098 9.15303
0.337854 7.89973
0.30307 7.5819
0.29767 6.64542
0.225134 7.67079
0.222979 9.65956
0.217981 7.68117
0.206039 8.12986
0.199108 7.74064
0.192333 8.11576
0.186096 9.79154
0.185192 8.08975
0.179404 8.76848
0.116828 7.86947
0.116505 8.3213
0.110458 7.42275
0.0923343 9.00895
0.0807907 7.09712
0.0531515 9.72272
0.0478855 9.8431
0.0463135 8.39281
0.0433687 11.3838
0.0372649 8.09258
0.037174 10.3764
0.0297252 9.13694
0.021619 8.83294
0.0123666 9.22454
0.00951363 11.0512
0.00707625 9.2856
0.00450381 8.88193
0.00310082 8.18064
0 0 0 1 0 
1 0 0 0 0 
0 0 1 0 0 
0 0 0 0 1 
1 0 0 0 0 
0 0 1 0 0 
0 0 0 0 1 
0 1 0 0 0 
0 0 0 0 1 
0 0 0 1 0 
1 0 0 0 0 
0 0 1 0 0 
0.670171 0.329829 0 0 0 
0 0 1 0 0 
0.565277 0 0 0.434723 0 
0 0 0 0 1 
0 0 0.331112 0 0.668888 
0 0 1 0 0 
1 0 0 0 0 
0 1 0 0 0 
0 0 0 1 0 
1 0 0 0 0 
0 0 1 0 0 
0 0 0 0.41775 0.58225 
0 1 0 0 0 
0 0 0 0 1 
0 0 0 1 0 
0 1 0 0 0 
0 0 0 1 0 
1 0 0 0 0 
1 0 0 0 0 
0 0 0 0 1 
0.369661 0 0 0 0.630339 
0 1 0 0 0 
0 0 0 1 0 
0 1 0 0 0 
0 0 1 0 0 
1 0 0 0 0 
0 0 1 0 0 
0 0.352985 0.647015 0 0 
0 0 0 0 1 
0 0 1 0 0 
0.335495 0 0 0.664505 0 
0 0 1 0 0 
0 0 0 1 0 
1 0 0 0 0 
0 0 1 0 0 
0 0 0 0.600907 0.399093 
0 1 0 0 0 
0 0 1 0 0 
0 0 0 1 0 
0 0 0 1 0 
1 0 0 0 0 
0 1 0 0 0 
0 0 1 0 0 
0 0 0 1 0 
0 1 0 0 0 
1 0 0 0 0 
1 0 0 0 0 
0 0 1 0 0 
0 1 0 0 0 
0 0 1 0 0 
0.784876 0 0 0.215124 0 
0 0.0921634 0 0.360249 0.547588 
1 0 0 0 0 
1 0 0 0 0 
0 0 0 1 0 
1 0 0 0 0 
0 0 1 0 0 
0 0 1 0 0 
1 0 0 0 0 
0 1 0 0 0 
0 0 1 0 0 
0 0 0.734468 0 0.265532 
1 0 0 0 0 
1 0 0 0 0 
0 0 0 1 0 
1 0 0 0 0 
0 0 0 0 1 
0.305033 0.694967 0 0 0 
0 1 0 0 0 
0 0 0 1 0 
0 0.494567 0 0 0.505433 
0 0 0 0.497148 0.502852 
1 0 0 0 0 
0 0.668704 0 0 0.331296 
0 0 1 0 0 
0 0 0 1 0 
0 0 0 1 0 
0 1 0 0 0 
0 0.304616 0.695384 0 0 
0 0 0 0 1 
0.138547 0 0.861453 0 0 
0 0 1 0 0 
0 0 0.567273 0.432727 0 
0 0 0 0 1 
0 1 0 0 0 
0 0 1 0 0 
0 1 0 0 0 
0 0 0 1 0 
0 1 0 0 0 
0 0 1 0 0 
0 0 0 0 1 
0 0 0.430657 0 0.569343 
0 0 1 0 0 
0 1 0 0 0 
0 1 0 0 0 
0.552079 0.447921 0 0 0 
0 1 0 0 0 
0 1 0 0 0 
0.685051 0 0.314949 0 0 
0 1 0 0 0 
0 0 0 0 1 
0 0 0 1 0 
0 0 0 0 1 
0 0 1 0 0 
0 0 0 0 1 
0 0 0 0 1 
0 0 1 0 0 
0 0 1 0 0 
0 1 0 0 0 
1 0 0 0 0 
0.314951 0 0.685049 0 0 
0 0 0 0 1 
0 0 0 1 0 
1 0 0 0 0 
0 0.651204 0.348796 0 0 
1 0 0 0 0 
0.434732 0 0 0 0.565268 
0 0 1 0 0 
0 0 0 0 1 
0 0.750554 0 0 0.249446 
0 1 0 0 0 
0 0 0 0 1 
0 0 0 1 0 
0 0 0 1 0 
1 0 0 0 0 
0 0 1 0 0 
0 0 0 0 1 
0 0 1 0 0 
0 0 0 1 0 
0 0 0 1 0 
0 0 0 0 1 
0 0.676666 0.100319 0.223016 0 
0.262654 0 0.106386 0 0.630961 
1 0 0 0 0 
1 0 0 0 0 
0 0 1 0 0 
0 0 0 1 0 
0 0 0 0 1 
