10 25
0.250964
0.256104
0.350223
0.637605
0.308451
0.692718
0.729527
0.684926
0.679293
0.289707
11.7531 0.308408
9.40326 1.12534
8.84648 0.214482
6.44053 2.04792
5.4852 2.04377
4.85519 2.38514
4.79748 2.1344
4.61507 2.73266
4.2523 2.0902
3.26459 5.11565
2.9053 4.87036
2.8098 4.83808
2.70118 4.24744
2.53501 4.08803
2.23494 6.53526
2.00856 4.05421
1.98767 6.58733
1.89916 5.35696
1.01309 6.85001
0.884815 8.25696
0.879598 5.6931
0.562384 7.00691
0.5283 6.13757
0.369488 7.04379
0.270765 6.6923
0 0 0 0 0 0 0 0 0 1 
0 0 0 0 0 0 1 0 0 0 
0 1 0 0 0 0 0 0 0 0 
0 0 0 0 0.430579 0 0 0 0.569421 0 
1 0 0 0 0 0 0 0 0 0 
0 0 0 0 0 0 0 0 0 1 
0 1 0 0 0 0 0 0 0 0 
0 0 0 0 0 0 1 0 0 0 
0 0 0 0 1 0 0 0 0 0 
0 0 0 0 0 0 1 0 0 0 
0 0 0 0 0 0 0 1 0 0 
0 0 0 0 1 0 0 0 0 0 
0 0 0 0 1 0 0 0 0 0 
0 0 0 0 0.381589 0 0.618411 0 0 0 
0 0 0 0 0 0 0 0 0 1 
0 0 0 0 0 1 0 0 0 0 
0 0 0 0.253855 0.746145 0 0 0 0 0 
0 0 0 0 0 0 0 1 0 0 
0 1 0 0 0 0 0 0 0 0 
0 0 0 0 0 0 0 0 1 0 
0 0 0 0 0 0 0 0 0 1 
0 0 0 0 0 0.722219 0 0 0.277781 0 
0 0.593046 0 0 0.406954 0 0 0 0 0 
0 0 0 1 0 0 0 0 0 0 
0 0 0 0 0 0 0 1 0 0 
