10 25
0.254815
0.705939
0.616881
0.386642
0.747867
0.553038
0.262356
0.572391
0.377869
0.709783
8.83623 0.956256
8.63235 1.31334
7.73781 0.232386
7.67485 1.76158
6.14751 3.0481
5.58442 1.54544
5.42258 2.14557
4.1793 4.48327
3.8308 3.22837
3.79235 3.07433
3.04186 3.81871
2.2621 5.10442
2.126 4.41708
2.11673 6.22099
1.7486 4.97889
1.3351 7.28755
1.30117 5.03353
0.742627 5.91627
0.292063 8.3124
0.238776 6.48147
0.185711 9.5602
0.0873783 8.67961
0.0807059 8.5231
0.0766618 7.58192
0.0284774 10.7922
0 0 0 1 0 0 0 0 0 0 
0 0 0 0 0 0 0 0 1 0 
0 0 1 0 0 0 0 0 0 0 
0 1 0 0 0 0 0 0 0 0 
0 0 0 0 0 0 0 1 0 0 
0 0 0 0 0 1 0 0 0 0 
0 0 0 0 0 0.496355 0 0 0 0.503645 
0 0 0 0 0 0 0 0 0 1 
0 0 1 0 0 0 0 0 0 0 
0 0 0 0 1 0 0 0 0 0 
0 0 0 0 0 0 1 0 0 0 
0.0666939 0 0 0 0 0.477249 0 0 0.456057 0 
0 0 0 0 0 0 1 0 0 0 
0 0 0 0 0 0 1 0 0 0 
0 0 0 0 0 0 0 0 1 0 
0 0 0 0 0 1 0 0 0 0 
0 0 0 0 0 1 0 0 0 0 
0 0 0 0 0 0 0 0 1 0 
0 0 1 0 0 0 0 0 0 0 
0 0 0 0.524871 0 0 0 0 0 0.475129 
0 0 0 0 0 0 0 1 0 0 
0 0 0 0 0 0 0 0 1 0 
1 0 0 0 0 0 0 0 0 0 
0 0 0 0.421719 0.578281 0 0 0 0 0 
0 0 0 0 0 0 0 0 1 0 
