5 50
0.336508
0.255715
0.452913
0.310655
0.576837
11.446 0.236691
9.81551 0.846182
9.04215 1.62601
8.29381 0.117865
7.72648 1.72686
7.54164 0.176337
7.537 0.176054
6.39233 2.85259
6.26215 1.87343
5.60806 1.49883
4.62491 3.06887
3.85011 4.48247
3.74349 5.55999
3.70003 3.35395
2.9566 5.716
2.83923 4.39063
2.74628 4.77008
2.35069 4.65115
2.28769 5.55992
1.78969 7.22044
1.55369 6.8384
1.46221 7.19551
1.3753 6.70074
1.26095 5.15791
1.19816 6.57608
1.13129 6.6602
0.91818 5.92108
0.914271 7.13969
0.864867 5.66979
0.732252 5.55733
0.590979 7.89324
0.565778 9.62571
0.549257 8.34416
0.483812 7.46311
0.452355 6.62129
0.388838 6.40797
0.330684 9.77445
0.327096 10.3218
0.250762 7.7541
0.231028 10.2404
0.0950709 8.08838
0.080877 10.8115
0.0751911 7.75033
0.0732923 10.2323
0.0521018 9.04946
0.0400187 8.75485
0.0219712 10.0732
0.00480645 7.35375
0.00354347 11.439
0.00322634 9.28739
0 0 0 1 0 
0 0.226579 0.773421 0 0 
0 0 1 0 0 
0 0 1 0 0 
0 1 0 0 0 
0.394295 0.605705 0 0 0 
0 0 0 1 0 
0 0.686121 0 0.313879 0 
0 0 0 1 0 
0 0 1 0 0 
0 1 0 0 0 
0 0 0 0 1 
0 1 0 0 0 
0 0 1 0 0 
0 0 0 1 0 
0 0 1 0 0 
0 0 0 1 0 
1 0 0 0 0 
0 0 1 0 0 
0 1 0 0 0 
0 1 0 0 0 
0 1 0 0 0 
0 0 0 0 1 
0 0 1 0 0 
1 0 0 0 0 
0 0.522967 0.477033 0 0 
0 0 1 0 0 
0.430846 0 0.160417 0.408738 0 
0 0 0 1 0 
0 0 0 1 0 
0 0 0 1 0 
0 0 0 0 1 
0.464879 0 0.535121 0 0 
0 0.163071 0 0.836929 0 
0 1 0 0 0 
0 1 0 0 0 
0 0.414214 0.585786 0 0 
0 0 0 0 1 
0 1 0 0 0 
1 0 0 0 0 
0 1 0 0 0 
0 0 0 0 1 
0.513956 0 0.486044 0 0 
0 0 1 0 0 
0 0 0 0 1 
1 0 0 0 0 
0 1 0 0 0 
1 0 0 0 0 
0 0 0 0 1 
1 0 0 0 0 
