10 500
0.383299
0.672336
0.422069
0.268131
0.334067
0.732664
0.364193
0.704084
0.713135
0.506364
11.9536 0.108323
11.8825 0.108623
11.2027 0.132192
11.0414 0.143544
10.9203 0.724278
10.6192 0.642158
10.1715 0.86606
10.1646 0.130295
10.0691 0.766903
10.0336 0.671763
9.87423 0.23027
9.86947 0.645871
9.70802 0.787848
9.6937 0.87192
9.68856 0.198812
9.60165 0.552154
9.59662 1.3811
9.57501 0.715933
9.57468 0.914985
9.46642 1.41345
9.44287 0.44381
9.42908 0.814669
9.42609 0.343203
9.4031 0.820277
9.2777 1.3233
9.225 0.943486
9.19394 1.24472
9.1253 1.39484
9.08459 0.0908809
9.02824 0.694436
9.0191 0.798046
9.01276 0.145517
8.9215 1.59989
8.89917 0.210387
8.8227 1.15199
8.6954 0.486831
8.66428 1.55784
8.65998 0.167352
8.604 1.13851
8.52533 1.09952
8.50852 1.66917
8.48752 0.362592
8.48434 1.97464
8.46515 1.38589
8.42483 0.388717
8.23395 1.24406
8.22499 0.361861
8.21406 0.396554
8.17977 0.998344
8.16895 0.48922
8.09297 1.35863
8.05658 1.77075
8.0331 0.870947
7.99134 1.35592
7.97674 1.40095
7.90374 0.314151
7.88441 1.90518
7.87312 0.628266
7.84883 1.98261
7.84014 0.689446
7.83981 1.47009
7.75639 2.13197
7.74859 1.78794
7.5942 2.64446
7.5873 1.73996
7.57227 1.35385
7.5609 0.939251
7.53274 1.49266
7.49285 0.485482
7.46293 1.38902
7.40685 2.41532
7.29728 1.60368
7.28416 2.38503
7.22316 0.884882
7.12285 1.21554
7.06997 1.42851
7.06702 1.31354
6.97808 2.0456
6.96782 2.84513
6.95885 2.32452
6.9417 1.38056
6.93171 0.884301
6.8961 1.49119
6.78392 0.815768
6.76422 2.0985
6.74608 1.84237
6.72842 2.33603
6.72668 1.33512
6.71942 2.1201
6.57894 2.79638
6.57465 2.84508
6.55145 1.10855
6.52698 1.65536
6.5254 2.2331
6.49563 2.04328
6.42785 0.698233
6.41582 2.02311
6.36049 2.29556
6.35092 3.09504
6.32235 2.70413
6.30175 1.26836
6.24839 2.38782
6.15001 2.2561
6.1469 1.19703
6.12422 3.03937
6.10213 1.5835
6.0709 1.69702
6.06999 1.43567
6.05101 1.56724
6.04626 2.05127
6.01129 1.14021
6.00188 2.03855
5.99709 2.41523
5.96536 1.84265
5.95576 1.70755
5.95336 2.97737
5.93359 2.52973
5.91491 3.18611
5.85711 2.13659
5.80746 2.52341
5.80152 3.29403
5.79656 2.42431
5.79418 3.61611
5.79111 2.62757
5.72807 2.30939
5.69761 2.81066
5.6931 2.23406
5.61066 2.61815
5.59998 1.51859
5.58418 3.25779
5.55788 2.21293
5.53399 2.71939
5.5302 2.96015
5.5294 2.23182
5.52634 2.65804
5.52123 2.18936
5.51214 3.08743
5.48928 1.96052
5.47585 2.29358
5.47014 3.24983
5.46607 1.60203
5.45306 3.0755
5.43263 2.25161
5.39684 2.44376
5.38354 2.91912
5.34618 2.49303
5.34444 1.77222
5.32545 2.16996
5.29508 2.67313
5.28712 2.65105
5.16762 2.52608
5.16284 3.77582
5.135 3.70752
5.1347 3.27766
5.12014 4.29538
5.11333 2.16899
5.11142 2.04078
5.0852 1.58631
5.01079 2.15187
4.93729 2.06517
4.92372 2.03111
4.85779 3.839
4.83376 3.37061
4.79231 3.27601
4.77564 4.09198
4.76878 2.25633
4.69179 3.3822
4.63786 2.95626
4.60721 3.57713
4.57642 2.48891
4.57337 2.33811
4.5169 4.10344
4.49651 4.24995
4.47259 3.75447
4.4619 3.58158
4.41441 3.69259
4.40973 2.01884
4.40525 2.21597
4.40088 2.90226
4.39705 3.50551
4.31644 4.61817
4.29075 4.20774
4.20823 3.59841
4.17997 3.4272
4.16825 4.07768
4.15425 3.8374
4.06684 4.1517
4.06481 4.76523
4.05863 4.71634
3.98579 2.3358
3.95766 3.24287
3.86594 4.87421
3.82034 4.58745
3.79342 4.92626
3.75597 3.59395
3.73561 4.782
3.73088 4.49482
3.72702 3.97155
3.66853 3.86204
3.66413 4.08327
3.53861 4.66418
3.53334 4.13319
3.52111 3.5426
3.44725 3.46827
3.42807 3.70477
3.42056 4.18686
3.41693 4.6367
3.4084 4.42789
3.39068 3.59154
3.31031 3.08713
3.3069 5.30762
3.27517 3.12848
3.2703 4.91403
3.23171 4.66868
3.20705 5.14497
3.19451 5.3175
3.03685 4.88336
3.01772 3.72119
2.99337 4.69622
2.97398 3.75394
2.96616 5.52333
2.95006 4.32777
2.93168 4.69868
2.92668 2.87562
2.91451 4.38082
2.85152 3.86023
2.82735 3.37849
2.82357 6.232
2.81207 3.08809
2.7527 5.12993
2.72265 4.34919
2.68592 3.72878
2.67915 5.45568
2.60562 5.88203
2.55376 4.76195
2.53295 5.70994
2.50838 3.88518
2.50527 6.03144
2.49856 4.70506
2.48189 4.51997
2.4766 6.3089
2.42211 3.98508
2.41405 6.45154
2.40294 5.56808
2.40045 3.97281
2.38793 6.06221
2.3626 6.02003
2.35132 4.32064
2.35071 4.1776
2.34604 5.76902
2.34304 5.23872
2.31872 5.50926
2.31296 5.57951
2.30856 5.35824
2.30214 5.02003
2.27687 4.16636
2.26442 5.09666
2.25034 4.10857
2.22455 5.74471
2.22225 5.21993
2.20289 5.87139
2.19427 4.78418
2.19047 5.0886
2.17358 4.36045
2.16896 4.06828
2.16354 6.56934
2.16159 3.89472
2.14191 4.66415
2.1371 3.90976
2.10412 6.56922
2.09769 4.86618
2.09362 3.97466
2.08113 5.6892
2.05837 6.28057
2.05015 5.93757
2.04407 5.31904
2.02455 5.64503
2.01743 5.15896
1.98043 5.03427
1.97293 4.91142
1.96454 5.82373
1.92694 5.29311
1.90227 4.44007
1.9 4.91972
1.8432 5.80345
1.83687 5.48191
1.83417 4.8417
1.81798 4.89692
1.81761 4.4297
1.79797 4.30071
1.78191 6.2337
1.78159 5.04959
1.75106 5.72737
1.7505 6.51348
1.74416 6.32344
1.70918 4.14526
1.7001 5.46818
1.66266 4.53339
1.6201 5.47491
1.61076 7.26831
1.60945 4.89532
1.6066 6.47295
1.59878 6.05006
1.57024 6.0918
1.56796 5.3554
1.55976 7.82637
1.53261 4.70675
1.51091 5.99121
1.50504 7.21783
1.50279 7.29186
1.48453 5.79725
1.4817 6.11032
1.47106 5.34941
1.47015 5.74148
1.45397 7.27347
1.43737 5.85094
1.42875 7.1816
1.4055 4.7228
1.35896 5.6285
1.35724 6.74026
1.31594 7.24558
1.31321 6.70064
1.29005 6.28999
1.28435 5.36682
1.27434 5.64369
1.25957 5.33275
1.17746 7.59954
1.16745 5.88039
1.15558 7.92396
1.13742 5.19811
1.12128 7.04629
1.11666 7.39811
1.11455 7.45816
1.08605 7.15972
1.07949 5.12358
1.07875 7.82472
1.07865 5.34714
1.07489 6.8915
1.04862 8.59759
1.03779 6.47319
1.02772 8.09096
1.02113 7.47821
0.999858 6.5839
0.991503 8.32466
0.990057 5.0871
0.968928 7.49629
0.963243 8.36259
0.92601 6.50389
0.909539 6.98242
0.831383 5.37243
0.827935 8.79699
0.825903 5.44023
0.817827 5.52677
0.809855 6.88794
0.809851 7.4395
0.798207 6.04728
0.795524 7.13884
0.788274 7.7081
0.767686 6.73849
0.75902 5.42844
0.743422 5.62237
0.729437 7.00277
0.725209 9.45211
0.691797 8.26378
0.690235 6.37346
0.685928 6.47781
0.681277 6.26252
0.677682 8.53972
0.668967 7.98801
0.663532 6.94824
0.650242 7.70111
0.629286 7.22579
0.628733 7.0769
0.627664 7.78241
0.625081 7.3124
0.624573 7.82638
0.609371 8.22008
0.608758 5.75765
0.59667 6.45345
0.571349 6.85316
0.566327 6.97201
0.557288 6.33336
0.549146 6.75048
0.53732 8.17313
0.531925 8.32999
0.526224 6.49628
0.499253 7.19461
0.491537 6.04719
0.487509 5.7452
0.484259 7.77088
0.46792 5.86523
0.466728 8.58051
0.459793 6.06818
0.451234 8.03103
0.451114 8.26958
0.441531 6.67215
0.42972 5.84682
0.415328 6.48576
0.415031 9.41096
0.397536 8.3929
0.393297 8.99423
0.388251 7.00734
0.387661 8.56815
0.383063 6.02072
0.37914 6.3751
0.370577 6.55403
0.350685 9.83716
0.340854 9.45571
0.338373 7.32974
0.335791 7.74835
0.311808 9.49185
0.306605 7.50953
0.306383 10.2626
0.306053 8.26023
0.301145 7.55998
0.29964 7.94006
0.299373 10.2997
0.289601 8.40265
0.279435 7.09553
0.271439 6.41367
0.270303 8.40466
0.267612 8.91327
0.255719 7.3721
0.255306 8.75859
0.253207 9.39964
0.244364 8.81997
0.241969 7.24967
0.239578 6.69477
0.235516 7.73327
0.228652 10.1299
0.224424 8.26966
0.222848 7.68766
0.2225 8.70863
0.222172 9.78786
0.217937 9.54664
0.2052 6.81987
0.192799 7.95445
0.192607 9.12051
0.189243 9.61955
0.187005 6.80507
0.169968 8.24817
0.168707 9.24226
0.158486 7.64096
0.149371 8.52464
0.14528 7.08597
0.142367 9.26577
0.133841 10.3391
0.13069 8.46733
0.130489 8.50586
0.124192 9.62009
0.121299 7.65402
0.117911 10.5321
0.117862 6.69122
0.113691 9.64934
0.111159 8.39275
0.109358 10.6758
0.104636 9.94166
0.102283 9.83428
0.0999596 9.08976
0.0992277 9.66089
0.0960287 10.5264
0.092032 9.66561
0.0917486 10.5955
0.074334 9.76723
0.0698405 7.2504
0.0697457 7.63184
0.0694889 10.8072
0.0664944 7.63733
0.0633711 10.9556
0.0605539 8.79255
0.0558461 9.6319
0.0521349 7.04579
0.0472524 9.47147
0.0463303 8.80119
0.0458228 8.86647
0.0394815 9.85717
0.0371273 7.74571
0.0351806 8.22382
0.0278762 7.72089
0.0248827 10.7315
0.023776 10.9836
0.0202573 8.23985
0.0200436 9.32073
0.0198547 9.43372
0.0185455 9.03969
0.0153948 8.65021
0.0111653 11.281
0.0105509 11.1568
0.0086876 11.4169
0.00861595 8.03283
0.00856856 7.83521
0.00596606 10.1791
0.00437926 10.0565
0.00299053 11.0552
0.00270451 10.5714
0.00251727 7.53993
0.00248468 10.1952
0.00218457 7.61977
0.00158505 11.7565
0.00128258 9.62344
0 0 1 0 0 0 0 0 0 0 
0 0 0 0 1 0 0 0 0 0 
0 0 0 0 0 0 0 0 0 1 
0 0 0 1 0 0 0 0 0 0 
0 0 0 0 0 0 1 0 0 0 
0 0 0.854377 0 0 0 0 0.145623 0 0 
0 1 0 0 0 0 0 0 0 0 
0 0 0 0 0.528601 0 0.471399 0 0 0 
0 0 0 0 0 0 0 0 0 1 
0 0 0 0 0 1 0 0 0 0 
0 0 1 0 0 0 0 0 0 0 
0 0 0 0 0 0 1 0 0 0 
0 0 0.483583 0 0 0 0 0 0.516417 0 
0 0 0 0 0 0 0 1 0 0 
0 0 0 1 0 0 0 0 0 0 
0 0 0 0 0 0 0 0.79474 0 0.20526 
0 0 0 1 0 0 0 0 0 0 
0 0 0 0 0 0 0 1 0 0 
0 0 0 0 0 1 0 0 0 0 
1 0 0 0 0 0 0 0 0 0 
0 0 0 0 0 0 0 1 0 0 
0 0 1 0 0 0 0 0 0 0 
0 0 0.649694 0.350306 0 0 0 0 0 0 
0 0 0 0 0 0 0 0 1 0 
0 0.390997 0.609003 0 0 0 0 0 0 0 
0 0 0 0 0 0 0 0 0 1 
0 0 0 0 0 1 0 0 0 0 
0 0 0 0 0 0 1 0 0 0 
0 0 1 0 0 0 0 0 0 0 
0 0 1 0 0 0 0 0 0 0 
0 0 0 0 0 0 0 0 0 1 
0 0 1 0 0 0 0 0 0 0 
0 1 0 0 0 0 0 0 0 0 
0 0 0 0 0 1 0 0 0 0 
0 1 0 0 0 0 0 0 0 0 
0 0 0 0 0 0 0 0 0 1 
0 0 0 1 0 0 0 0 0 0 
0 0 0 0 0 0 0 0 1 0 
0 1 0 0 0 0 0 0 0 0 
0 0 0 0 0 0 0 0 0 1 
1 0 0 0 0 0 0 0 0 0 
0 0 0 0 0 0 1 0 0 0 
0 0 0 0 1 0 0 0 0 0 
0 0 0 1 0 0 0 0 0 0 
0 0 0 0 0 0 0 1 0 0 
0 0 1 0 0 0 0 0 0 0 
0 0 0 0 0 1 0 0 0 0 
1 0 0 0 0 0 0 0 0 0 
0 0 0 0 1 0 0 0 0 0 
0 0 0 1 0 0 0 0 0 0 
0.627258 0.372742 0 0 0 0 0 0 0 0 
0 0 0 0 1 0 0 0 0 0 
0 0 0 0 0 1 0 0 0 0 
0 1 0 0 0 0 0 0 0 0 
1 0 0 0 0 0 0 0 0 0 
0 0 0 0 0 0 0 0 0 1 
0 0 0 0 0 0 0 0 0 1 
0 0 0 0 0 1 0 0 0 0 
0 0 0 0 0 0 0 0 0 1 
1 0 0 0 0 0 0 0 0 0 
0 0 0 0 0 1 0 0 0 0 
0 0 0 1 0 0 0 0 0 0 
0 0 0 0 0 0 0 0 1 0 
0 0 0 0 0 0 1 0 0 0 
0 0 0 0 0 0 0 0 0 1 
0 0 0 0 0 0 0 0 0 1 
0 0 0 1 0 0 0 0 0 0 
0.43791 0 0 0 0 0.56209 0 0 0 0 
0 0 0 0 0 0 0 1 0 0 
0 0 0 0 1 0 0 0 0 0 
0 0 0 0 0 0 1 0 0 0 
0 0 0 0 0 0 0 1 0 0 
1 0 0 0 0 0 0 0 0 0 
0 0 0 0 0 0 0 0 0 1 
0 0 0 1 0 0 0 0 0 0 
0 0 0 0 0 0 1 0 0 0 
0 0 1 0 0 0 0 0 0 0 
0 0 0 0 0 0 0 0 1 0 
0 0 0 0.827805 0 0 0.172195 0 0 0 
0 0 0 0 1 0 0 0 0 0 
0 0 0 0 0 1 0 0 0 0 
0 0 0 1 0 0 0 0 0 0 
0 0.332459 0 0 0 0 0 0.667541 0 0 
0 0 0 0 0 0 0 1 0 0 
0 0 0 0 1 0 0 0 0 0 
0 0 1 0 0 0 0 0 0 0 
0 0 0 0 0 0 1 0 0 0 
0 0 0 0 0 0 0 1 0 0 
0 0 0 0 1 0 0 0 0 0 
0 0 0 0 0 0 0 1 0 0 
0 0.472377 0 0 0 0 0.527623 0 0 0 
0 0 0 0 0 0 1 0 0 0 
0 0 0 0 0.743308 0 0.256692 0 0 0 
1 0 0 0 0 0 0 0 0 0 
1 0 0 0 0 0 0 0 0 0 
1 0 0 0 0 0 0 0 0 0 
0 0 0 0 0 0 0 0 1 0 
0 0 0 0.398846 0 0.601154 0 0 0 0 
0 0 1 0 0 0 0 0 0 0 
1 0 0 0 0 0 0 0 0 0 
0 0 0 0 0 1 0 0 0 0 
0 0 0 0 0 0 0 0 1 0 
0 0 0 1 0 0 0 0 0 0 
1 0 0 0 0 0 0 0 0 0 
0 0 1 0 0 0 0 0 0 0 
0.28789 0 0 0 0 0.71211 0 0 0 0 
0 0 1 0 0 0 0 0 0 0 
0 0 0 0 0 0 0 1 0 0 
0 0 0 0 0 0 1 0 0 0 
0 0 0 0 0 1 0 0 0 0 
0 0 1 0 0 0 0 0 0 0 
0 0 0 1 0 0 0 0 0 0 
0 0 0 0 0 0 0 0 0 1 
0 0 0 0 0 0.233183 0.766817 0 0 0 
0 0 1 0 0 0 0 0 0 0 
0 0 0 0 0 0 0 0 1 0 
0 0 0 0 0 0 0 0 0 1 
0 1 0 0 0 0 0 0 0 0 
0 0 1 0 0 0 0 0 0 0 
0 1 0 0 0 0 0 0 0 0 
0 0 0 0 0 0 0.544809 0 0 0.455191 
0.712398 0 0.287602 0 0 0 0 0 0 0 
0 0 0 0 0 0 0 0 1 0 
0 0 0 0 0 0 0 0 0 1 
0 0 0 0 0 0 0 1 0 0 
0 0 1 0 0 0 0 0 0 0 
1 0 0 0 0 0 0 0 0 0 
1 0 0 0 0 0 0 0 0 0 
0 0 0 0 0 0 1 0 0 0 
0 0 0.686595 0 0 0 0 0 0 0.313406 
0 0 1 0 0 0 0 0 0 0 
0 0 0.7587 0 0 0 0 0.2413 0 0 
0 0 0 0 0 0 0 1 0 0 
0 0 0 0.845316 0 0.154684 0 0 0 0 
1 0 0 0 0 0 0 0 0 0 
0 0 0 0 1 0 0 0 0 0 
0 0 0 1 0 0 0 0 0 0 
0 0 1 0 0 0 0 0 0 0 
0 0 0 0 0 0 0 1 0 0 
0 0 0 0.37361 0 0 0.34254 0 0 0.28385 
0 0 0 0 0 0 1 0 0 0 
0 0 0 0 0 1 0 0 0 0 
0 0 0 0 0 1 0 0 0 0 
0 0 0 0 0 0 0 1 0 0 
0 1 0 0 0 0 0 0 0 0 
1 0 0 0 0 0 0 0 0 0 
1 0 0 0 0 0 0 0 0 0 
0 0 0 0 0 0 1 0 0 0 
0 0 0 0 0 0 0 1 0 0 
0.508537 0 0 0 0 0 0 0 0.491463 0 
0 0 0 0 0 0 0 1 0 0 
0 0 0 0 0 0 0 1 0 0 
0 1 0 0 0 0 0 0 0 0 
0 0 1 0 0 0 0 0 0 0 
0 0 1 0 0 0 0 0 0 0 
0 0 0 0 1 0 0 0 0 0 
0 0 0 0 0 0 0 0 1 0 
0 0 0 0 0 0 0 1 0 0 
0 0 0 0 0 1 0 0 0 0 
0 0 0 0 0 1 0 0 0 0 
0 0 0 0 1 0 0 0 0 0 
0 1 0 0 0 0 0 0 0 0 
0 0 0 0 1 0 0 0 0 0 
0 0 0 0.443787 0.556213 0 0 0 0 0 
0 0 0 0 0 0 0 0 1 0 
0 0 0 0 0 0 0 0 0 1 
0 0 0 0 0 0 1 0 0 0 
0 0 0 0 0 0 1 0 0 0 
0 0 0 0 0 0 0 1 0 0 
0 0 0 0 0 0 0.164236 0.835764 0 0 
0 0 0.633247 0 0 0 0 0 0.366753 0 
0 0 0.354721 0 0 0 0 0 0 0.645279 
1 0 0 0 0 0 0 0 0 0 
0.457798 0 0 0 0 0 0.542202 0 0 0 
0 1 0 0 0 0 0 0 0 0 
0 0 1 0 0 0 0 0 0 0 
0 0 1 0 0 0 0 0 0 0 
1 0 0 0 0 0 0 0 0 0 
0 1 0 0 0 0 0 0 0 0 
0 0 0 0 0 0 0 0 0 1 
0 0 0 0 0 0 0 1 0 0 
0 0 0 0 0 0 1 0 0 0 
0 0.57142 0 0 0 0 0.42858 0 0 0 
0 1 0 0 0 0 0 0 0 0 
0 0 1 0 0 0 0 0 0 0 
0 0 0 1 0 0 0 0 0 0 
0 0 0.454103 0 0 0 0 0 0.545897 0 
0 0 0 0 0 0 0 1 0 0 
1 0 0 0 0 0 0 0 0 0 
0 0 0 0 1 0 0 0 0 0 
0 0 0 0 1 0 0 0 0 0 
0 0 0 0 0 0 0 1 0 0 
0 1 0 0 0 0 0 0 0 0 
0 0 0 0 0 1 0 0 0 0 
0 0 1 0 0 0 0 0 0 0 
0 0 0 0 1 0 0 0 0 0 
0 0 0 0 1 0 0 0 0 0 
0 0 0 1 0 0 0 0 0 0 
0 0 0 0 1 0 0 0 0 0 
0 0 0 0 1 0 0 0 0 0 
0 0 1 0 0 0 0 0 0 0 
0 0 0 0 0 0 0 0 1 0 
0 0.786238 0.213762 0 0 0 0 0 0 0 
0 0 0 0 0 0 0 0 0 1 
0 0 0.461528 0.263993 0 0 0 0 0 0.274479 
0 0 1 0 0 0 0 0 0 0 
1 0 0 0 0 0 0 0 0 0 
0 0 0 0 1 0 0 0 0 0 
0 0 0 0.45502 0 0 0 0 0.54498 0 
0 0 0 0 0 0.806946 0.193054 0 0 0 
0 0 0 0 1 0 0 0 0 0 
0 1 0 0 0 0 0 0 0 0 
1 0 0 0 0 0 0 0 0 0 
0 0 0 0 0 0 0 0 0 1 
1 0 0 0 0 0 0 0 0 0 
0 0 1 0 0 0 0 0 0 0 
0 0 1 0 0 0 0 0 0 0 
0 0 0 0 1 0 0 0 0 0 
0 0 0 0 0 0 1 0 0 0 
0 0 0 0 1 0 0 0 0 0 
0 0 0 0 0 0 0 1 0 0 
0 0 0 0 0 0 1 0 0 0 
0 0 0 0 0 0 0 1 0 0 
0.415314 0 0 0 0 0.584686 0 0 0 0 
1 0 0 0 0 0 0 0 0 0 
0 0 0 0 0 0 1 0 0 0 
0 0 0 0 0 0 1 0 0 0 
0 0 0 0 1 0 0 0 0 0 
0 0 1 0 0 0 0 0 0 0 
0 0 0 1 0 0 0 0 0 0 
0 0 0 0 0.519279 0 0 0 0.480721 0 
0 0 0 0 0 0 1 0 0 0 
0 0 0 0 0 0 1 0 0 0 
0 0 0 1 0 0 0 0 0 0 
0 0 0 1 0 0 0 0 0 0 
0 0 1 0 0 0 0 0 0 0 
0 0 0 0 0 1 0 0 0 0 
0 0 0 0 0 0 0 0 0 1 
1 0 0 0 0 0 0 0 0 0 
0 0 0.814636 0 0 0 0 0 0.185364 0 
0 0 0 0 0 0 1 0 0 0 
0 0 0 0 0 0 1 0 0 0 
0 0 1 0 0 0 0 0 0 0 
0 1 0 0 0 0 0 0 0 0 
0 0 0 0 0 1 0 0 0 0 
0 0 0 0 0 0 0 0 1 0 
1 0 0 0 0 0 0 0 0 0 
0 0 0 0 0.715281 0 0 0.284719 0 0 
0 0 0 0 0 1 0 0 0 0 
0.742004 0 0 0.257996 0 0 0 0 0 0 
0 0 0 0 0 0 0 1 0 0 
0.413564 0.586436 0 0 0 0 0 0 0 0 
0 1 0 0 0 0 0 0 0 0 
0 0 0 0 0 0 1 0 0 0 
1 0 0 0 0 0 0 0 0 0 
0 0.376323 0 0.623677 0 0 0 0 0 0 
0 0 0 0 0 0 0 0 0 1 
0.361651 0 0 0 0 0 0 0 0 0.638349 
0 1 0 0 0 0 0 0 0 0 
0 0 0 0 0 0.295162 0 0.704838 0 0 
0 0 0 0 0 0 0 1 0 0 
0 1 0 0 0 0 0 0 0 0 
0 1 0 0 0 0 0 0 0 0 
0 0 0 0 0 1 0 0 0 0 
0 0 0 0 0.681968 0 0.318032 0 0 0 
0 0 0 0 0 0 1 0 0 0 
0 0 0 0 0 0 0 0 0 1 
0 0.410812 0 0 0.149241 0.439947 0 0 0 0 
0 0 0 0 0 0 0 0.256227 0.743773 0 
0 0 0 1 0 0 0 0 0 0 
0 0 0 0 1 0 0 0 0 0 
0 0 0 0 1 0 0 0 0 0 
0 0 0 0 0 0 0 1 0 0 
0 0 0 0 0 1 0 0 0 0 
0 0 0 0.552459 0 0 0 0.447541 0 0 
0.520765 0 0 0 0 0.479235 0 0 0 0 
0 0 0 0 0 0 0 0 1 0 
0.371313 0 0.628687 0 0 0 0 0 0 0 
0 0 1 0 0 0 0 0 0 0 
0 0 0 0 0 0 0.617978 0 0.382022 0 
0 0 0 0 1 0 0 0 0 0 
0 0 0 0 0 0 0 0 1 0 
0 0 0 0 0 0 0 0 0 1 
0 0 0 0 1 0 0 0 0 0 
0 0 0 0.63658 0.36342 0 0 0 0 0 
0 0 0 0 1 0 0 0 0 0 
0 0 0 0 0 0.717177 0 0 0 0.282823 
0 0 1 0 0 0 0 0 0 0 
0 0 0 0 1 0 0 0 0 0 
0 1 0 0 0 0 0 0 0 0 
0 1 0 0 0 0 0 0 0 0 
0 0 0 0 0 0 1 0 0 0 
0 0 0 0 0.523719 0 0 0 0 0.476281 
1 0 0 0 0 0 0 0 0 0 
0 0 0 0 0 0 0 0 1 0 
0 0 0 0 1 0 0 0 0 0 
0 0 0 0 0 0 0 0 0 1 
0 0 0 0 0 0 1 0 0 0 
0 0 0 0 0 0 1 0 0 0 
0 0 0 0 0 0 1 0 0 0 
0 0.62817 0 0 0.173271 0 0 0 0 0.198559 
0 0 0 0 0 0 0 1 0 0 
1 0 0 0 0 0 0 0 0 0 
0 0 0 0 0 0 0 1 0 0 
0 0 0 0 0 0 0 0 1 0 
0 0 0 0 0 0 1 0 0 0 
0 0 0 0 0 1 0 0 0 0 
1 0 0 0 0 0 0 0 0 0 
0 0 0.0976325 0 0 0.902367 0 0 0 0 
0 0 0 0 0 0 1 0 0 0 
0 0 0 0 0 0 1 0 0 0 
0 0 0 1 0 0 0 0 0 0 
0 0 0 1 0 0 0 0 0 0 
0 0 0 0 0 1 0 0 0 0 
0 1 0 0 0 0 0 0 0 0 
0 0 0 0 0 0 0 0 0 1 
0 0 0 1 0 0 0 0 0 0 
0 0 0 0 0 0 1 0 0 0 
0.680586 0 0 0 0 0 0 0.319414 0 0 
0 0 0 0 0 0 0 0 0 1 
0 0 0.618274 0.381726 0 0 0 0 0 0 
0 0 0 0 0 1 0 0 0 0 
0 0 0 0 0 0 0 0 0 1 
0 0 0 0 0 0 1 0 0 0 
0 0 0 0 0 0 1 0 0 0 
0 0 1 0 0 0 0 0 0 0 
0 0 0 1 0 0 0 0 0 0 
0 0 0 0 0 0 0 0 1 0 
0 0 0 0 0 0 1 0 0 0 
0 0 0 0 0 0 1 0 0 0 
0 0 0 0 0 0 0.621115 0.378885 0 0 
0.106272 0 0.680243 0 0 0 0 0 0 0.213485 
0 0 1 0 0 0 0 0 0 0 
0.887568 0 0 0 0.112433 0 0 0 0 0 
0.494391 0 0 0 0 0 0 0 0.505608 0 
0 0 0 0 0 0 1 0 0 0 
0 0 0 0 0 0.550426 0 0 0 0.449574 
1 0 0 0 0 0 0 0 0 0 
0 0 0 0 0 0 0 0 1 0 
1 0 0 0 0 0 0 0 0 0 
0 0 0 0 0 0 0 0 0 1 
0 0 0.380832 0 0 0 0.40022 0.218949 0 0 
0.671332 0 0 0 0 0 0 0.328669 0 0 
1 0 0 0 0 0 0 0 0 0 
0 0 0 0 0 0 0 0 0 1 
0 0 0 0 0 1 0 0 0 0 
0 0 1 0 0 0 0 0 0 0 
0 0 0 0 0 0 1 0 0 0 
0 0 0 1 0 0 0 0 0 0 
0 0 0 0 0.779747 0 0 0 0 0.220253 
0 0 0 0 1 0 0 0 0 0 
0 0 0 0 0 0 0 1 0 0 
0 0 0 1 0 0 0 0 0 0 
0 0 1 0 0 0 0 0 0 0 
0 0 0 0 1 0 0 0 0 0 
0 0 0 0 0 1 0 0 0 0 
0 0 0 0 0 0 1 0 0 0 
0 0 0 0 0 0 0 1 0 0 
0 0 0 0 0 0 0 1 0 0 
0 0 0 0 1 0 0 0 0 0 
0 0.252879 0.646995 0 0.100125 0 0 0 0 0 
0 0 0 1 0 0 0 0 0 0 
0 0 0 0 0 0 1 0 0 0 
0 1 0 0 0 0 0 0 0 0 
0 1 0 0 0 0 0 0 0 0 
0 0 0 0 1 0 0 0 0 0 
0 0 0 0 0 0 0 1 0 0 
1 0 0 0 0 0 0 0 0 0 
0 0 0 0 0 0 0 0 0 1 
0 1 0 0 0 0 0 0 0 0 
0 0 0 0 0.567197 0.432803 0 0 0 0 
0 0.705571 0 0 0 0 0 0.294429 0 0 
0 0 0 0 0 0 0 0 1 0 
0 0 0 0 0 0 0 0 0.487147 0.512853 
0 0 0 1 0 0 0 0 0 0 
0 0 0 1 0 0 0 0 0 0 
0 0 0 1 0 0 0 0 0 0 
0 0 0 0 1 0 0 0 0 0 
0 0 0 0 0 0 0 1 0 0 
1 0 0 0 0 0 0 0 0 0 
0 0 0 1 0 0 0 0 0 0 
0 0 0 0 0 1 0 0 0 0 
0 0 0 0 0 0 1 0 0 0 
0 0 1 0 0 0 0 0 0 0 
0 0 0 0 0 0 0 0 1 0 
0 0 0 0 0 0 0 0 1 0 
0 1 0 0 0 0 0 0 0 0 
0 0 0 0 0 0 1 0 0 0 
0 0.622302 0 0 0 0 0 0.377697 0 0 
0 0 0 0 0 0 1 0 0 0 
0 0 0 0 0 0 0 0 0 1 
0 0 0 1 0 0 0 0 0 0 
0 0 0 0 0.468838 0 0 0.531162 0 0 
0 0 0 1 0 0 0 0 0 0 
0 0 0 0 1 0 0 0 0 0 
0 0 0 0 1 0 0 0 0 0 
0 0 0 0 0 0 0 0 1 0 
0 0 0 0 0 0 0 0 0 1 
0 0 0 0 0 0 1 0 0 0 
1 0 0 0 0 0 0 0 0 0 
0 0 0 0 0 0 1 0 0 0 
0.348348 0 0 0 0 0 0 0 0.651652 0 
0 0 0 0.275243 0 0.724756 0 0 0 0 
0 0 0.497696 0 0 0 0 0 0.502304 0 
1 0 0 0 0 0 0 0 0 0 
0 0 1 0 0 0 0 0 0 0 
0 0 0 0 0 0 1 0 0 0 
0 0 0 1 0 0 0 0 0 0 
0 0 0 1 0 0 0 0 0 0 
0 0 0 0 0 0 0 0 0 1 
0 1 0 0 0 0 0 0 0 0 
0 0 0 0 0 0 1 0 0 0 
0 0 0 0 0 1 0 0 0 0 
0 0 0 0 0 1 0 0 0 0 
0 0.584117 0 0 0 0 0 0 0 0.415883 
0 0 0.156057 0 0 0.843943 0 0 0 0 
0 0 0 0 1 0 0 0 0 0 
0 0 0 0 1 0 0 0 0 0 
0 0 0 0 0 0 0 0 1 0 
0 0 0 0 0 0 0 1 0 0 
0 0 0 0 0 0 0 0 1 0 
0 0 0 0.608637 0 0 0 0 0 0.391363 
0 0 0 0 0 0 1 0 0 0 
0 0 0 0 0 0 0 0 0 1 
1 0 0 0 0 0 0 0 0 0 
0 0 0 0 0 0 0 0 1 0 
0 0 0 1 0 0 0 0 0 0 
0 1 0 0 0 0 0 0 0 0 
0 0 1 0 0 0 0 0 0 0 
1 0 0 0 0 0 0 0 0 0 
0 0 1 0 0 0 0 0 0 0 
0 0 0 0 0 0 0 1 0 0 
1 0 0 0 0 0 0 0 0 0 
0 0 0 0 0 0 1 0 0 0 
0 0 0 0 0 1 0 0 0 0 
0 0 0 0 0 0 0 0 1 0 
0 0 0 0 1 0 0 0 0 0 
0 0 0 0.762627 0 0 0 0 0 0.237373 
0 1 0 0 0 0 0 0 0 0 
1 0 0 0 0 0 0 0 0 0 
0 0 0 0 0 0 0 1 0 0 
0 0 0 0.167135 0.832865 0 0 0 0 0 
0 0 0 0 1 0 0 0 0 0 
0 0 0 0 0 0 0 0 0 1 
0 1 0 0 0 0 0 0 0 0 
0 0 0 0.635909 0 0 0 0 0.364091 0 
0 0 0 0 0 1 0 0 0 0 
1 0 0 0 0 0 0 0 0 0 
0 0 0 0 0.503966 0 0 0.496034 0 0 
0 0 0 0 1 0 0 0 0 0 
0 1 0 0 0 0 0 0 0 0 
0 0 0 0 0 0 0 1 0 0 
0 0.398243 0 0 0 0.601757 0 0 0 0 
0 0 0 0 0 0 1 0 0 0 
0 0 0 0 1 0 0 0 0 0 
0 0 0 0 1 0 0 0 0 0 
0 0 0 0 0 0 1 0 0 0 
0 0 1 0 0 0 0 0 0 0 
0.444763 0 0.228159 0 0 0 0 0 0 0.327078 
0 0 0 0 0 0 0 0 1 0 
0 0 1 0 0 0 0 0 0 0 
0 0 0 0 0 0 0 0 1 0 
0 0 1 0 0 0 0 0 0 0 
0 0 0 1 0 0 0 0 0 0 
0 0 0 0 0 1 0 0 0 0 
0 0 0 1 0 0 0 0 0 0 
1 0 0 0 0 0 0 0 0 0 
0 0 0 1 0 0 0 0 0 0 
0 0 0 0 0 0 0 0.193048 0.806952 0 
0.581128 0 0 0 0.235432 0 0 0.18344 0 0 
0 0 0 0 0 0 0 0 1 0 
0 0 0 1 0 0 0 0 0 0 
0 0 0 0 0 0 0 1 0 0 
0 0 0 0 0 0 1 0 0 0 
0 0 0 0 0 0 0 0 1 0 
0 0 0 0 1 0 0 0 0 0 
0 1 0 0 0 0 0 0 0 0 
0 0 0 0 0 0.286718 0 0 0.713282 0 
0 1 0 0 0 0 0 0 0 0 
0 0 0 0 0 1 0 0 0 0 
0 0 0 0 0 0 0 0 0.249027 0.750973 
0 0 0.366476 0 0.633524 0 0 0 0 0 
0 0 0 0 0 0 0 0 0.50147 0.49853 
0 0 0.618786 0 0 0 0 0.381214 0 0 
0 0 0 0 0 0 0 0 0 1 
0 0 0 0 0 0 0 0 0 1 
0 0 0 0 0 0 1 0 0 0 
0 0 1 0 0 0 0 0 0 0 
0.467632 0 0 0 0 0 0 0 0 0.532368 
0 0 0 1 0 0 0 0 0 0 
0 0 0 1 0 0 0 0 0 0 
0 0 0 0 0 0 0 0 1 0 
0 1 0 0 0 0 0 0 0 0 
0 0 0 0 0 0 0 0 0 1 
0 0 0 0 0 0 0 0 1 0 
1 0 0 0 0 0 0 0 0 0 
0 0 0 1 0 0 0 0 0 0 
0 0 0 0 0 0 0 1 0 0 
0.808987 0 0 0.191013 0 0 0 0 0 0 
1 0 0 0 0 0 0 0 0 0 
