5 50
0.647109
0.323839
0.630809
0.335725
0.303537
9.80772 0.142644
9.01627 1.11332
7.86432 2.08713
7.30164 1.93456
7.18133 1.25035
6.455 1.31813
6.39835 2.35366
6.3697 1.57691
6.36417 2.03002
6.02927 3.56086
5.91851 3.06161
5.54598 2.78342
5.33102 2.77425
5.15788 3.89015
4.99059 3.03805
4.72874 2.09279
4.43867 3.63716
3.79769 3.36862
3.59006 3.59385
3.42457 4.05802
3.3668 3.74054
3.17188 3.56739
3.01388 3.64572
2.26591 6.13342
1.97913 6.50455
1.88835 6.14955
1.75547 5.47434
1.51777 7.38777
1.47392 5.34703
1.38925 5.98632
1.28081 4.90706
1.07137 7.60871
0.873783 6.55722
0.834017 6.21959
0.788764 7.10906
0.750434 5.4135
0.701795 9.0744
0.648244 6.86598
0.483255 8.47276
0.450941 7.03888
0.404037 9.46522
0.397782 8.88241
0.229622 7.28259
0.187453 6.69559
0.184943 7.49913
0.115402 6.68507
0.0442282 10.1953
0.0252721 8.20437
0.0201004 8.54452
0.00453252 8.26227
1 0 0 0 0 
0 0 1 0 0 
0 1 0 0 0 
0.589042 0.410958 0 0 0 
0.583897 0.416103 0 0 0 
0 0 0 1 0 
0 0 0 1 0 
0 1 0 0 0 
0 0 0 0 1 
0 0 1 0 0 
0 0 0 0 1 
0 0 0 1 0 
1 0 0 0 0 
0 1 0 0 0 
0 0 1 0 0 
0.498256 0.501744 0 0 0 
0 0 1 0 0 
0 0 0 1 0 
0 0 0.544909 0.134688 0.320403 
0 1 0 0 0 
0 0 1 0 0 
0 0 0 1 0 
0 0 0 0 1 
0 0 0 0 1 
1 0 0 0 0 
0 0 0 1 0 
0 0.640815 0 0 0.359185 
0 0 0 0 1 
0 0.380843 0.619157 0 0 
0 0 1 0 0 
1 0 0 0 0 
0 0 1 0 0 
0 1 0 0 0 
0 0 1 0 0 
0 1 0 0 0 
1 0 0 0 0 
0 0 0 0 1 
0 0 0 1 0 
0 0 0 0 1 
0 1 0 0 0 
0.429554 0 0.570446 0 0 
1 0 0 0 0 
0 0 0 1 0 
0 0 0 1 0 
0.43293 0 0 0 0.56707 
0 0 0 0 1 
0 0.435393 0 0 0.564607 
0 0 0 1 0 
0 0 0 1 0 
1 0 0 0 0 
