10 25
0.655314
0.277432
0.495899
0.521217
0.584799
0.410204
0.519615
0.416012
0.467939
0.578459
8.13892 0.734061
7.54508 1.63638
5.50346 1.80022
5.3177 3.15205
5.24251 3.7786
4.86959 2.73923
4.42631 3.35358
4.10299 5.07076
3.43577 4.62604
1.91672 4.12601
1.82313 4.36978
1.70624 4.8462
1.42806 6.97722
1.38269 5.85915
0.694245 6.90706
0.492198 6.14268
0.459749 8.06795
0.354036 6.44862
0.23255 8.38728
0.227076 9.47825
0.18653 8.13941
0.0841218 8.6272
0.0519702 6.89684
0.0450491 7.80618
0.0138521 10.3358
0 0 1 0 0 0 0 0 0 0 
0 0 0 0 0 0 0 0 1 0 
0 0 0 0.468327 0 0 0 0 0.531673 0 
0 0.425935 0 0 0 0 0 0 0 0.574065 
0 0 0.635243 0 0 0 0 0 0 0.364757 
0 0 0 0 0 0 0 1 0 0 
0 0 0 0 0 0 1 0 0 0 
0 0 0 0 0 0 0 0 0 1 
0 0 0 0 0 1 0 0 0 0 
0 0 0 0 1 0 0 0 0 0 
0 0 1 0 0 0 0 0 0 0 
0 0 0 0 0 0 0 1 0 0 
1 0 0 0 0 0 0 0 0 0 
0 0 0 0 0 0 0 0 1 0 
0 0 0 0 0 0 0 1 0 0 
0 1 0 0 0 0 0 0 0 0 
0 0 0 0 0 0 0 0.510262 0 0.489738 
0 0 0 0 0 0 0 0 1 0 
0 0 0 0 0 0 0 0 1 0 
0 0 0 0 0 0 0 0 0 1 
0 1 0 0 0 0 0 0 0 0 
0 0.479812 0 0 0.520188 0 0 0 0 0 
0 0 0 0 0 0 0 0 0 1 
0 1 0 0 0 0 0 0 0 0 
0 0 1 0 0 0 0 0 0 0 
