10 150
0.422271
0.555971
0.322625
0.520816
0.581568
0.612081
0.677219
0.371079
0.725979
0.538278
11.1792 0.375279
10.8337 0.208415
9.89181 0.730513
9.74514 0.25055
9.68614 0.130012
9.55426 0.821006
9.37014 0.875468
9.3017 0.197527
9.26855 0.995538
9.16789 0.80219
8.92461 1.03778
8.90236 0.794679
8.72839 0.672748
7.91885 0.720961
7.73214 0.979259
7.624 0.656553
7.26504 2.07764
7.24617 1.68718
7.19798 1.75417
7.15088 0.966764
6.92309 1.15066
6.90521 2.01935
6.83846 2.61198
6.63743 1.42008
6.57249 0.600145
6.4153 2.4252
6.38692 2.20177
6.24043 2.18653
6.19871 2.50492
6.16945 1.02738
6.11618 2.61789
6.0121 1.77162
5.98426 1.52501
5.98297 2.24217
5.97078 2.31805
5.7911 3.27891
5.55183 2.79986
5.53376 2.70829
5.45453 2.08802
5.31682 2.78475
5.23787 1.91589
5.17046 3.32342
4.97708 3.78339
4.95384 3.98296
4.7144 3.81978
4.6179 3.7558
4.55789 2.95882
4.51352 2.06351
4.45412 3.07752
4.02127 4.07904
3.8328 3.37061
3.82137 2.93056
3.66211 4.06648
3.6078 2.75886
3.53493 3.69769
3.53129 3.69601
3.51203 3.63957
3.42601 4.48119
3.344 4.07949
3.27284 2.88581
3.22604 4.40269
3.13059 5.17524
3.11004 4.01347
3.04285 4.50583
2.81154 4.65342
2.78789 4.92559
2.60962 5.55316
2.56889 5.80188
2.55888 4.78234
2.55242 5.52137
2.50229 4.23746
2.4434 4.76466
2.43864 6.04011
2.30754 4.63204
2.24096 5.3709
2.20169 3.98061
2.17404 6.45334
2.1586 4.65223
2.02999 5.28972
1.96035 6.0953
1.92134 6.2645
1.81614 4.78453
1.75723 5.91678
1.70059 6.45851
1.59632 6.6826
1.58857 6.55065
1.4673 5.41325
1.40577 7.1363
1.37739 4.86687
1.3581 5.27051
1.29954 8.12569
1.20202 5.28673
1.17539 6.08202
1.15385 6.91405
1.08419 6.70016
1.01388 8.54119
1.00416 7.03242
0.981539 7.89747
0.967657 6.54109
0.96176 8.00999
0.934949 8.47721
0.903571 6.72426
0.893659 6.57509
0.807691 6.59386
0.738036 5.8616
0.73411 8.83182
0.721447 6.17224
0.697442 6.31525
0.65357 6.0848
0.64618 5.91016
0.603976 8.03407
0.476781 7.52568
0.474974 6.25625
0.470373 7.65145
0.45523 6.1142
0.449436 7.01983
0.43652 7.51565
0.395574 8.82711
0.376416 9.79727
0.376327 8.99583
0.307552 8.67544
0.301505 8.91988
0.298775 6.21829
0.282304 7.00389
0.26586 8.04782
0.245639 7.20583
0.223447 10.1971
0.199377 7.92097
0.182669 6.86563
0.156989 10.8797
0.149586 7.8186
0.137754 8.08428
0.136266 10.728
0.110214 10.6892
0.0969889 10.3385
0.0925786 7.17859
0.0886325 10.6299
0.0826239 10.3581
0.0761104 10.3372
0.0682648 9.40272
0.0650414 7.52432
0.0614832 10.8365
0.0348925 9.76257
0.034533 7.61003
0.0309776 8.22134
0.0283032 7.38417
0.0126108 11.8668
0.0115582 7.49734
0.00447422 11.7966
0.00126088 11.4118
0 0 0 0 0 0 0 0 1 0 
0 1 0 0 0 0 0 0 0 0 
1 0 0 0 0 0 0 0 0 0 
0 0 0 0.408984 0.591016 0 0 0 0 0 
0 0 0 0 0 1 0 0 0 0 
0 0 0 0 0 0 1 0 0 0 
0 0 0 0 0 0 0 0 1 0 
0 0 0 0 0 0 0 0 1 0 
0 0 0 0 0 0 1 0 0 0 
0 0 0 0 0 1 0 0 0 0 
0.390378 0.609622 0 0 0 0 0 0 0 0 
0 0 0 0 0 0 0 0 1 0 
1 0 0 0 0 0 0 0 0 0 
0 0 0 0 0 0 0 1 0 0 
0 0 0 0 0 1 0 0 0 0 
0 0 0 1 0 0 0 0 0 0 
0 0 1 0 0 0 0 0 0 0 
0 0 0 0 0 0 0 1 0 0 
1 0 0 0 0 0 0 0 0 0 
0 0 0 0 0 0 0 0.378767 0.621233 0 
0 1 0 0 0 0 0 0 0 0 
0 1 0 0 0 0 0 0 0 0 
0 0 1 0 0 0 0 0 0 0 
0 0 0 0 0 0 0 0.683454 0.316546 0 
0 0 0 0.351267 0 0 0 0 0.648733 0 
0 0 0 1 0 0 0 0 0 0 
0 1 0 0 0 0 0 0 0 0 
0 0 0 0 0 0 0 0 0 1 
0 1 0 0 0 0 0 0 0 0 
1 0 0 0 0 0 0 0 0 0 
0 0 0 0 0 0 0 0 1 0 
0 1 0 0 0 0 0 0 0 0 
0 0 0 0 0 0 0 0 0 1 
0 0 0 1 0 0 0 0 0 0 
1 0 0 0 0 0 0 0 0 0 
0 0 0 0 1 0 0 0 0 0 
0 0 0 0 1 0 0 0 0 0 
0 1 0 0 0 0 0 0 0 0 
0 0 0 0 0 0 1 0 0 0 
0 0 0 0 0 0 0.124715 0 0.875285 0 
0 0 1 0 0 0 0 0 0 0 
0 0 0.387188 0.305818 0 0.306994 0 0 0 0 
0 1 0 0 0 0 0 0 0 0 
0 0 0 0 0 0 1 0 0 0 
0 0 1 0 0 0 0 0 0 0 
0 0 0 0 0 0 0 0 0 1 
0 0.358785 0 0 0 0 0 0 0.641215 0 
0 1 0 0 0 0 0 0 0 0 
1 0 0 0 0 0 0 0 0 0 
0 0 0 0 0 0 0 0 0 1 
0 0 0 0 0 1 0 0 0 0 
0.426459 0 0.573541 0 0 0 0 0 0 0 
1 0 0 0 0 0 0 0 0 0 
0 0 0 0 0 0 1 0 0 0 
0 0 1 0 0 0 0 0 0 0 
0 0 0 0 0 0 0 1 0 0 
0 0 0 1 0 0 0 0 0 0 
0 0 0 0 0 0 0 0 1 0 
0 0 0 0 0 0 0 0 1 0 
0 0 0 0 0 0 1 0 0 0 
0 0 1 0 0 0 0 0 0 0 
0 1 0 0 0 0 0 0 0 0 
0 0 0 0 0 0 0 1 0 0 
0 0 0 0 1 0 0 0 0 0 
0 0 0 0 0 0 0 1 0 0 
0 0 0 0 0 0 0 0 1 0 
0 0 0 0 0 0 0 0 1 0 
0 1 0 0 0 0 0 0 0 0 
0 0 0 1 0 0 0 0 0 0 
0 0 0 0 0 0 1 0 0 0 
0 1 0 0 0 0 0 0 0 0 
0.375949 0.624051 0 0 0 0 0 0 0 0 
0 0 0 0 0 0 0 1 0 0 
0 0 0 0 0 0 0 0 1 0 
0 0.56057 0 0 0.439429 0 0 0 0 0 
0 0 0 0 0 0 0 1 0 0 
0 1 0 0 0 0 0 0 0 0 
0 1 0 0 0 0 0 0 0 0 
0 1 0 0 0 0 0 0 0 0 
0 0 0 0 0 0 0 1 0 0 
0.401748 0 0 0 0.598252 0 0 0 0 0 
1 0 0 0 0 0 0 0 0 0 
0 0 0 0 0 0 1 0 0 0 
0 0 0 0 0 0 0 0 1 0 
1 0 0 0 0 0 0 0 0 0 
0 0 0 0 0 0 1 0 0 0 
0 0 0 0 0 0 0 0 0 1 
0 0 0 0 0 0 1 0 0 0 
0 0 0 0 0 0 1 0 0 0 
0 0 0 0 1 0 0 0 0 0 
1 0 0 0 0 0 0 0 0 0 
0 0 0 0 0 0 0 0 0 1 
1 0 0 0 0 0 0 0 0 0 
0 1 0 0 0 0 0 0 0 0 
0 0 0 0 0 0 0 1 0 0 
1 0 0 0 0 0 0 0 0 0 
0 0 0 0 0.238582 0.761418 0 0 0 0 
0 0 0 0 0 0 0.580999 0 0 0.419001 
0 0 0.213809 0.786191 0 0 0 0 0 0 
0 0 1 0 0 0 0 0 0 0 
0 0 0 0 0 0 0 0 0 1 
0 0 0 0 0 1 0 0 0 0 
0 0 0 0 0 0 0 1 0 0 
0 0 0 0 0 0 0 1 0 0 
0 0 0 0 0 0 1 0 0 0 
0 0 0.540206 0 0 0.459793 0 0 0 0 
0 0 1 0 0 0 0 0 0 0 
0 0 0 0 0 0 0 0 0 1 
0 0 0 0 0 0 1 0 0 0 
0 0 0 0 0 0.34823 0.65177 0 0 0 
0 0 0 0 0 0 0 0 0 1 
0 1 0 0 0 0 0 0 0 0 
0 0 0 0 0 0 1 0 0 0 
0 0 0 0 0 1 0 0 0 0 
0 0 0 0.726031 0 0 0 0.273969 0 0 
0 0 0 1 0 0 0 0 0 0 
0 0 0 0 0 0 0 1 0 0 
0 0 1 0 0 0 0 0 0 0 
1 0 0 0 0 0 0 0 0 0 
0 0 0 0 0 0 0 0.292818 0.707182 0 
1 0 0 0 0 0 0 0 0 0 
0 0 0 0 1 0 0 0 0 0 
0 0 0 0 0 0 0 0 0 1 
0 0 0 0 0 0 1 0 0 0 
0 0 0 0 1 0 0 0 0 0 
1 0 0 0 0 0 0 0 0 0 
0 0 0 0 0 0 1 0 0 0 
0 0 0 0 0 0 0 0 1 0 
1 0 0 0 0 0 0 0 0 0 
0 0 1 0 0 0 0 0 0 0 
0 0 1 0 0 0 0 0 0 0 
0 0 0 0 0 0 1 0 0 0 
0 0.15396 0 0 0.378509 0.467531 0 0 0 0 
0 0 0.559459 0 0 0.440541 0 0 0 0 
0 0 0 0 0 0 0 0 1 0 
0 0 0 1 0 0 0 0 0 0 
0 0 0 0 0 0 0 0 1 0 
0 0 0.638389 0 0.361611 0 0 0 0 0 
0 0.558748 0.441252 0 0 0 0 0 0 0 
0 0 0 0 0 1 0 0 0 0 
0 0 0 0 0 0 0 0 0 1 
1 0 0 0 0 0 0 0 0 0 
0 0 0 0 0 0 0 0 1 0 
0 0 0 0 0 0 0 0 0 1 
0 0 1 0 0 0 0 0 0 0 
0 0 0.420125 0.332184 0 0 0 0.24769 0 0 
0 0 0 0 0 0.363275 0 0 0.636725 0 
0 0 0 0 1 0 0 0 0 0 
0 0 0 0 0 0 0 0 0 1 
0 0.318367 0.377714 0 0 0 0 0 0 0.303919 
