10 300
0.359778
0.665112
0.490416
0.418561
0.593381
0.58362
0.573807
0.599612
0.532021
0.45351
11.8866 0.201448
10.5563 0.703139
10.2197 0.62991
10.213 0.564689
10.0158 0.897996
9.96504 0.909362
9.66179 0.614226
9.65061 0.477014
9.51724 0.736059
9.47884 0.532935
9.29176 0.202869
9.17304 0.124384
9.05108 1.22895
8.94594 1.48592
8.91848 0.978128
8.78177 0.187298
8.44029 0.305286
8.38805 1.63683
8.31192 2.11019
8.15757 1.25843
8.12986 1.4646
8.07127 1.65959
8.06978 0.977693
8.02011 1.94715
8.00829 0.548148
7.98691 0.749988
7.95696 1.27884
7.94403 0.581029
7.94158 1.31207
7.8706 0.544342
7.79037 1.16216
7.76086 1.16533
7.66191 2.08086
7.63238 1.89057
7.57438 1.61231
7.30905 1.25147
7.28269 1.99121
7.26362 0.872959
7.19344 1.44289
7.11502 1.05552
7.0305 0.945971
7.01011 2.15295
6.99447 0.81773
6.94383 2.55847
6.90621 0.807087
6.89449 1.94281
6.88119 1.98844
6.8105 0.612354
6.78624 2.09873
6.78328 2.4111
6.7766 2.64538
6.75547 1.66279
6.68354 1.40639
6.67597 1.14876
6.67293 1.53833
6.61374 2.30773
6.39321 2.07808
6.38523 1.97584
6.3674 1.94847
6.35873 1.67286
6.34218 1.36688
6.28133 1.29787
6.27182 3.00819
6.1524 1.30304
6.14272 1.60967
5.98521 2.8304
5.96353 1.37241
5.89753 1.97934
5.88486 2.14354
5.86758 2.38922
5.85497 3.60726
5.84434 2.75679
5.7816 1.87856
5.63247 2.40982
5.5728 1.67551
5.46034 2.87892
5.41017 2.00019
5.38948 2.61859
5.35916 2.7446
5.32949 2.9045
5.32595 2.58208
5.13647 3.06746
5.06581 2.67269
4.97783 3.49315
4.95055 2.25299
4.9029 1.88483
4.84595 3.08477
4.78954 2.65402
4.62681 2.83651
4.52879 3.32139
4.52442 3.48603
4.51205 3.80949
4.33596 4.43392
4.31537 3.26544
4.27278 3.52368
4.17359 3.79413
4.15836 3.30688
4.14202 4.71817
4.13245 3.41348
4.13034 4.46634
4.00867 3.6833
3.97468 2.61427
3.93785 3.18393
3.90849 2.98243
3.89546 4.24703
3.86513 3.02029
3.8577 3.35714
3.81987 2.98987
3.79463 3.95971
3.73522 3.11165
3.61774 3.33288
3.61257 4.0579
3.59752 4.01474
3.55909 3.3407
3.53982 3.55639
3.52065 5.48574
3.50141 4.59431
3.36044 4.44109
3.33591 3.04632
3.25127 4.20624
3.21851 5.75795
3.21006 3.55278
3.19644 5.27432
3.19049 4.4488
3.10841 4.48913
3.09398 4.68483
3.04941 3.6994
3.01761 4.34869
2.96888 5.63534
2.94906 3.87434
2.85719 5.0639
2.82413 5.19309
2.77145 5.33588
2.76172 5.19313
2.59236 5.4197
2.57188 3.89692
2.55193 4.33274
2.53986 3.97652
2.4914 5.04521
2.44447 5.70426
2.40906 4.20082
2.40739 4.10259
2.32018 4.7962
2.30393 3.61382
2.25438 6.2767
2.22544 5.43482
2.20727 5.46595
2.19018 4.01338
2.08528 4.94356
2.08286 6.70774
2.01913 6.09216
1.96058 6.28963
1.94358 4.45467
1.93636 4.9694
1.92336 5.90952
1.9194 5.51239
1.9155 6.18211
1.85456 4.46028
1.77474 6.95665
1.74289 6.48614
1.73302 4.77119
1.68416 6.54673
1.67466 4.4211
1.67203 7.1263
1.64412 4.87819
1.64028 6.44768
1.62879 6.81556
1.61511 4.72743
1.60202 6.69082
1.59048 5.3827
1.58363 7.83693
1.57581 4.93054
1.53993 7.32129
1.53859 5.70392
1.51894 5.32717
1.49934 7.42274
1.48654 6.72054
1.48458 6.06637
1.48219 6.92319
1.48191 7.80371
1.47771 6.53359
1.44236 4.88776
1.39958 7.44269
1.33529 5.07893
1.32929 5.3788
1.31351 5.56262
1.2372 6.60412
1.18726 4.77062
1.1615 5.54455
1.12528 5.24941
1.12505 5.26519
1.11823 6.38238
1.11649 5.26586
1.11129 8.10308
1.08941 5.67797
1.06093 7.99294
1.04662 7.23536
1.01571 4.96413
0.988646 5.57289
0.976194 6.45269
0.951031 6.68701
0.940822 6.06328
0.938949 6.64746
0.902699 6.33275
0.880495 8.20902
0.861017 6.74206
0.814472 5.87334
0.775231 6.59507
0.768296 8.18172
0.764345 7.49123
0.762969 5.86218
0.749145 7.36556
0.721476 8.58555
0.704878 7.70986
0.701714 7.38249
0.680799 7.70765
0.669535 5.58322
0.620367 6.91274
0.598704 7.42946
0.598125 9.37212
0.591427 5.77331
0.588029 6.73229
0.586754 8.73067
0.573589 6.80721
0.555617 9.10637
0.554551 9.22423
0.550403 8.7119
0.536945 8.06143
0.505984 9.44024
0.470845 6.93136
0.457749 7.77606
0.436355 9.94596
0.425812 7.08505
0.413822 7.72683
0.410509 7.49825
0.396445 7.78597
0.386621 6.03111
0.374237 6.08425
0.369151 8.21381
0.356868 7.40282
0.34775 8.04428
0.334918 9.0928
0.324963 6.95076
0.315034 6.29771
0.312271 9.95911
0.290029 8.20379
0.289781 6.09952
0.283838 7.02321
0.283525 7.82077
0.272651 6.59596
0.268137 8.98029
0.257213 8.69737
0.255119 9.83757
0.219161 8.68113
0.216573 10.2991
0.209911 8.5668
0.181266 6.80128
0.172645 10.327
0.168768 7.14657
0.1668 8.12734
0.162902 8.23007
0.160405 9.51272
0.153962 7.94467
0.130556 10.7037
0.116795 7.16003
0.116469 9.55142
0.111849 8.83628
0.111068 10.9438
0.107424 8.69047
0.107247 9.99569
0.105776 10.3071
0.0955161 10.0158
0.0895468 10.972
0.0870252 6.93197
0.0584775 9.76581
0.0568557 8.90568
0.0437636 8.2268
0.0393613 11.7289
0.0379065 10.0141
0.0364445 10.4587
0.0357981 7.9977
0.0356594 11.7394
0.0306274 9.31175
0.0225017 8.20084
0.0185876 7.62512
0.0176534 7.70679
0.0104444 9.9142
0.00674424 10.94
0.00643251 10.0858
0.00518492 12.0246
0.00506706 12.0475
0.0038815 7.62228
0.0038806 9.11297
0.00383112 9.89602
0.00355807 8.47601
0.00301194 9.9713
0.00292426 12.1737
0.00264538 9.35207
0.00117433 9.43508
0.00104314 10.0196
0 0 0 0 0 0 0 0 0 1 
1 0 0 0 0 0 0 0 0 0 
0 0 0 0 0 0 0 0 1 0 
0 0 0 1 0 0 0 0 0 0 
0 0.568748 0 0 0 0.431252 0 0 0 0 
0 0 0 0 1 0 0 0 0 0 
0 0 1 0 0 0 0 0 0 0 
0 0 0 0 0 0.456732 0.543268 0 0 0 
0 0 1 0 0 0 0 0 0 0 
0 0 1 0 0 0 0 0 0 0 
0 0 0 0 0 0 0 1 0 0 
0 0 0 1 0 0 0 0 0 0 
0 0 0 0 0 0 0 0 0 1 
0 0 0 0 0 0.617111 0 0 0 0.382889 
0 0 0 0 0 0 0.226848 0 0 0.773152 
0 0 1 0 0 0 0 0 0 0 
0 0 1 0 0 0 0 0 0 0 
0 0 0.836732 0 0 0.163268 0 0 0 0 
0 0 0 0 0 0 0 0 1 0 
0 0 0 0 0 0.411024 0.588976 0 0 0 
0 0 0 0 0 1 0 0 0 0 
0 0 0 0 0 0 0 0 1 0 
1 0 0 0 0 0 0 0 0 0 
0 0 1 0 0 0 0 0 0 0 
0 0 0 0 1 0 0 0 0 0 
0.153132 0 0.594299 0 0 0.252569 0 0 0 0 
0 0 0.515251 0 0.484748 0 0 0 0 0 
0 0 0 0 1 0 0 0 0 0 
0 0 0 0.624826 0 0 0 0.375174 0 0 
0 0 0 0 1 0 0 0 0 0 
0 0 0 0 1 0 0 0 0 0 
0 0 0 0 0 0 1 0 0 0 
1 0 0 0 0 0 0 0 0 0 
0 0 0 0 0 0 0 1 0 0 
0 1 0 0 0 0 0 0 0 0 
0 0 1 0 0 0 0 0 0 0 
0 0 0 1 0 0 0 0 0 0 
0 0 0 0 0 1 0 0 0 0 
0 0 0 0 0 1 0 0 0 0 
0 0 0 0 0 0 1 0 0 0 
0 0 0 1 0 0 0 0 0 0 
1 0 0 0 0 0 0 0 0 0 
1 0 0 0 0 0 0 0 0 0 
0 0 0 0 0.554567 0 0 0.445433 0 0 
0 0 0 0 0 0 0 0 0 1 
0 0 0 1 0 0 0 0 0 0 
0 0 0 0 0 0 0 0 0 1 
1 0 0 0 0 0 0 0 0 0 
0 1 0 0 0 0 0 0 0 0 
0 0 0 0 0 0 0 1 0 0 
0.701079 0 0 0 0 0 0.298921 0 0 0 
0.442127 0 0 0 0 0 0.557873 0 0 0 
1 0 0 0 0 0 0 0 0 0 
0 0 0 0 0 0 0 1 0 0 
0 0 0 0 1 0 0 0 0 0 
0 0 0 0 0 1 0 0 0 0 
0 0 0 0 0 0 1 0 0 0 
0 0 0 1 0 0 0 0 0 0 
0 1 0 0 0 0 0 0 0 0 
0 0 0 0 0 0 0 0 0 1 
0 0 1 0 0 0 0 0 0 0 
0 0 0 1 0 0 0 0 0 0 
0 0 0 1 0 0 0 0 0 0 
0 1 0 0 0 0 0 0 0 0 
0 1 0 0 0 0 0 0 0 0 
0 0 0 0 0 0 0 1 0 0 
0 0 0 0 0 0 0 0 1 0 
0.47305 0 0 0 0 0.52695 0 0 0 0 
0 0 0.455867 0.544133 0 0 0 0 0 0 
0 0 0 0 0 0.877072 0.122928 0 0 0 
0 0 0 0 0 0 0 0 1 0 
0 0 0 0 0 0.414619 0 0 0.585381 0 
0 0 0 0.297275 0 0 0.702725 0 0 0 
0.592921 0 0 0 0 0 0.407079 0 0 0 
1 0 0 0 0 0 0 0 0 0 
0 0 0 0 0 0 0 1 0 0 
0 0 0 1 0 0 0 0 0 0 
0 0 0 0 0 1 0 0 0 0 
0 0 0 0 0.727585 0 0 0 0 0.272415 
0 1 0 0 0 0 0 0 0 0 
0 0 0 0 0 0 1 0 0 0 
0 0 0 0 0 0 0 1 0 0 
0 0 0 0 0 0 0 1 0 0 
0 0 0 0 1 0 0 0 0 0 
0 0 0 0 0 0 1 0 0 0 
0 0 0 0 0 0 0 0 1 0 
0 0 0 0 0 0 0 0 0 1 
0 0 0 0 0 0 0 0 1 0 
0 0 1 0 0 0 0 0 0 0 
0 0 0 1 0 0 0 0 0 0 
0 0 0 0 0 0 0 0 0 1 
0 0 0 0 0 0 1 0 0 0 
0 1 0 0 0 0 0 0 0 0 
1 0 0 0 0 0 0 0 0 0 
0 0 0 0 0 0 0 0 0 1 
0 1 0 0 0 0 0 0 0 0 
0 0.524112 0 0 0 0 0 0 0.475888 0 
1 0 0 0 0 0 0 0 0 0 
0 1 0 0 0 0 0 0 0 0 
0 0 0 0 0 0 0 0 0 1 
0 0 0 1 0 0 0 0 0 0 
0 0 0.685853 0 0.314147 0 0 0 0 0 
1 0 0 0 0 0 0 0 0 0 
0 0 0 0 0 0 0 0 1 0 
1 0 0 0 0 0 0 0 0 0 
0 0 0 0 0 0 0 1 0 0 
0 0 1 0 0 0 0 0 0 0 
0 0 1 0 0 0 0 0 0 0 
0 0 0 0 0 0 1 0 0 0 
1 0 0 0 0 0 0 0 0 0 
0 0 0 0 1 0 0 0 0 0 
0 1 0 0 0 0 0 0 0 0 
0 0 0 0 0 0 0 0 0 1 
0 0 0 0 1 0 0 0 0 0 
0 0 0 0 0 0 1 0 0 0 
0 0 0 0 0 0 0 0 1 0 
0 1 0 0 0 0 0 0 0 0 
0 0 0 1 0 0 0 0 0 0 
0 0 1 0 0 0 0 0 0 0 
0 0 0 0 0 1 0 0 0 0 
0 0 0 0 1 0 0 0 0 0 
0 0 1 0 0 0 0 0 0 0 
0 0 0 0 0 0 1 0 0 0 
0 0.617356 0 0 0 0 0 0.382644 0 0 
0 0 0 0 0 0 0 1 0 0 
0 0.419673 0 0 0 0 0 0 0.580327 0 
0 0 1 0 0 0 0 0 0 0 
0 0 0 0 0 0 0 0 1 0 
0 0 1 0 0 0 0 0 0 0 
0 0 0 1 0 0 0 0 0 0 
0 0 0 0 0 0 0 1 0 0 
0 0 0 0 0 0 0 0 0 1 
0 0 1 0 0 0 0 0 0 0 
1 0 0 0 0 0 0 0 0 0 
0 0 0 0 0 1 0 0 0 0 
0 0 0 0 0 0 1 0 0 0 
0 0 0 0 0 0 0 0 1 0 
0 0 0 0 0 0 0.40448 0.59552 0 0 
0 0 0 1 0 0 0 0 0 0 
0 0 0 0 0 0 0 1 0 0 
0 0 0 0 0 0 0 0 0 1 
0 0 0 0 1 0 0 0 0 0 
0 0 0 0 0 0 1 0 0 0 
0 0 0 0 1 0 0 0 0 0 
0 0 0 0 0 0 1 0 0 0 
0 0 0 0 0 0 0 1 0 0 
0 0 0 0 0 0 0 0 1 0 
0 0 0.237488 0 0 0 0 0 0.762512 0 
1 0 0 0 0 0 0 0 0 0 
0 0 0 0 0 1 0 0 0 0 
0 0 0 0 0 0 0 0 0 1 
0 0 0 0.464138 0 0.535862 0 0 0 0 
0 1 0 0 0 0 0 0 0 0 
0 0 0.376158 0 0 0.623842 0 0 0 0 
0 0 0 0 0 0 0 0 0 1 
0 0 0 0 0 0 0 0.878041 0.121959 0 
0 0 0 0 0 0 1 0 0 0 
0.279409 0 0 0 0.720591 0 0 0 0 0 
0 0 0 0 1 0 0 0 0 0 
0 1 0 0 0 0 0 0 0 0 
0 0 1 0 0 0 0 0 0 0 
0 0 0 0 0 0 1 0 0 0 
0 0 0 0 0 0 1 0 0 0 
0 0 1 0 0 0 0 0 0 0 
0 0 0.548423 0 0 0 0 0 0.451577 0 
0 0 1 0 0 0 0 0 0 0 
1 0 0 0 0 0 0 0 0 0 
0 0 0 0 0 0 0 0 1 0 
1 0 0 0 0 0 0 0 0 0 
0 0 0 0.325744 0 0 0 0.551877 0.122379 0 
0 1 0 0 0 0 0 0 0 0 
0 0 0 0 0.362188 0 0.307402 0 0.33041 0 
0 0 0 0 0 0 1 0 0 0 
0 1 0 0 0 0 0 0 0 0 
0 0 0 0.333849 0 0.666151 0 0 0 0 
0 0 1 0 0 0 0 0 0 0 
0 0 0 1 0 0 0 0 0 0 
0 0 0 0 0 0 0 0 1 0 
0 0 0 0 0 0 0 0 1 0 
0 0 0 0 0 0 0 1 0 0 
0 0 0 0 0 0 0 0 1 0 
0 1 0 0 0 0 0 0 0 0 
0 0 0 0 0 0 0 0 1 0 
0 1 0 0 0 0 0 0 0 0 
0 0 1 0 0 0 0 0 0 0 
0 0 0 0 0 0 0 1 0 0 
0 0 0 1 0 0 0 0 0 0 
0 0 1 0 0 0 0 0 0 0 
0 0 0 0 0 0 1 0 0 0 
1 0 0 0 0 0 0 0 0 0 
0 0 0 0 0 0 1 0 0 0 
0 0 0 0 0 0 0 0 0 1 
0 1 0 0 0 0 0 0 0 0 
0 0 0 0 0 0 0 0 0 1 
0 0 0 0 0 0 0 0 1 0 
1 0 0 0 0 0 0 0 0 0 
0 0 0 0 0 0 0 1 0 0 
0 0 0 0 0 0 1 0 0 0 
0 0 0 1 0 0 0 0 0 0 
0 0 0 1 0 0 0 0 0 0 
0 0 0 0 0 0 1 0 0 0 
0 0 0 0 0 0 0 0 0 1 
0 0 0 0 0 0 0 0.496838 0.503162 0 
0 0 0 0 0 0 0 0 1 0 
0 0 0 0 0 0.654259 0.345741 0 0 0 
0 0 0 0 0 0 1 0 0 0 
0 1 0 0 0 0 0 0 0 0 
0 1 0 0 0 0 0 0 0 0 
0 0 0 1 0 0 0 0 0 0 
0 0 0 0 1 0 0 0 0 0 
0 0 0 0 0 0 0 0 1 0 
1 0 0 0 0 0 0 0 0 0 
0 0 0 0 0 0 0 1 0 0 
0 1 0 0 0 0 0 0 0 0 
0 0 0 0 1 0 0 0 0 0 
0 0 0 0 0 0 1 0 0 0 
0 0 0 0 0 1 0 0 0 0 
1 0 0 0 0 0 0 0 0 0 
0 0 0 0 0 0 0 1 0 0 
0 0 0 0 0 0 0 0 1 0 
0 0 0 0 0 0 0 0 1 0 
0 0 0 0 0 1 0 0 0 0 
1 0 0 0 0 0 0 0 0 0 
0 0.218993 0 0 0.781007 0 0 0 0 0 
0 0 0.506816 0 0 0 0 0 0.493184 0 
0 0 0 0 0 0 0.450933 0.549067 0 0 
0 0 0.445126 0.554874 0 0 0 0 0 0 
0 0 0 1 0 0 0 0 0 0 
0 0 0 0 1 0 0 0 0 0 
0 1 0 0 0 0 0 0 0 0 
0 0 0 0 0 0 0 0 1 0 
0.669336 0 0 0 0 0 0 0 0.330664 0 
0.479035 0 0 0 0.520965 0 0 0 0 0 
0 0 0 0 0 0 0 1 0 0 
0 1 0 0 0 0 0 0 0 0 
0 0 0 0 0 0.505957 0 0 0.494043 0 
1 0 0 0 0 0 0 0 0 0 
1 0 0 0 0 0 0 0 0 0 
0 0 0 0 0 0 0 1 0 0 
0 0 0 0.569375 0 0.430625 0 0 0 0 
0 0 0 1 0 0 0 0 0 0 
0 0 0 1 0 0 0 0 0 0 
1 0 0 0 0 0 0 0 0 0 
0 0 0 0 0 0 0 0 1 0 
0 1 0 0 0 0 0 0 0 0 
0 0 0 0.236845 0 0 0 0 0.763155 0 
0 0 0 0 0.633015 0 0 0.366985 0 0 
0 0 0 0 1 0 0 0 0 0 
0 0 0 0 0 1 0 0 0 0 
0 0 0 0.797927 0 0.202073 0 0 0 0 
0 0 0 0 0 0 0 0 1 0 
0 0 0 0 0 0 1 0 0 0 
0 0 0 0 0 0 0 0 0 1 
0.851075 0 0 0 0.148925 0 0 0 0 0 
0 0 1 0 0 0 0 0 0 0 
0 0 1 0 0 0 0 0 0 0 
0 0 0 0 0 0 0 0 0 1 
0 0 0 0.542445 0 0.457555 0 0 0 0 
0 0 0 1 0 0 0 0 0 0 
0 0 0 0 1 0 0 0 0 0 
1 0 0 0 0 0 0 0 0 0 
0 0 0 0 0 0 1 0 0 0 
0 0 1 0 0 0 0 0 0 0 
1 0 0 0 0 0 0 0 0 0 
0 0 0 1 0 0 0 0 0 0 
0 0 0 0 1 0 0 0 0 0 
0.713898 0 0 0.286102 0 0 0 0 0 0 
0 1 0 0 0 0 0 0 0 0 
0 0 0 0 0 0 0 0 1 0 
0 0 0 0 0 0 0 0 1 0 
0 0 0 0 0 0 0 0.590753 0 0.409247 
0 0 0 0 0 0 1 0 0 0 
0 0 0 0 0 0 0 1 0 0 
0 0 0 0 0 0 0.144596 0.372187 0 0.483217 
0 1 0 0 0 0 0 0 0 0 
0 0.657319 0 0 0 0 0.342681 0 0 0 
0 0 0 0 0 0.632689 0 0 0 0.367311 
0.28154 0 0.71846 0 0 0 0 0 0 0 
0 0 0 0 1 0 0 0 0 0 
0 0 0 0 0 0 0 0 0 1 
0 0 0 0 0 1 0 0 0 0 
1 0 0 0 0 0 0 0 0 0 
0 0 0 0 0 1 0 0 0 0 
1 0 0 0 0 0 0 0 0 0 
0 0 0 1 0 0 0 0 0 0 
0 0 0 0 1 0 0 0 0 0 
1 0 0 0 0 0 0 0 0 0 
0 0 0 0 0 0 0 0 1 0 
0.510305 0 0 0 0 0 0 0 0 0.489695 
0 0 0 0 0 0 0 0 0 1 
0 0 0 0 0 1 0 0 0 0 
0 0 0 1 0 0 0 0 0 0 
0 0 0 0 0 0 0 0 0 1 
0 0 0 0 0 0 1 0 0 0 
0 0 0 0 0.604483 0 0 0 0 0.395517 
0 1 0 0 0 0 0 0 0 0 
1 0 0 0 0 0 0 0 0 0 
0 0 0 0 0 0 0 0 1 0 
0 0 0 1 0 0 0 0 0 0 
0 0 0 0 0 0 0 0 0 1 
