10 200
0.590075
0.627374
0.664656
0.673624
0.620581
0.320226
0.525241
0.304778
0.270215
0.606112
12.0606 0.0984168
11.6811 0.267156
10.9277 0.541525
10.651 0.613006
10.6348 0.493275
10.5472 0.429589
10.5447 0.412652
10.3396 0.826819
10.0135 0.325551
9.87488 0.488485
9.55537 0.638993
9.2868 0.340944
9.21422 0.603188
9.17361 0.978808
8.89486 0.994606
8.8532 0.345884
8.79486 1.20479
8.71728 1.1836
8.66287 0.9545
8.38913 1.65597
7.83407 0.195761
7.63731 1.01861
7.56027 2.22444
7.52793 0.563754
7.35734 1.04686
7.01254 1.28813
6.8151 2.31032
6.77367 2.34072
6.69987 1.62852
6.66576 1.10185
6.48204 0.83198
6.33426 1.50527
6.21355 2.29522
6.19483 1.73777
6.13881 1.79389
6.06047 2.56216
6.03275 2.48749
5.9638 2.64031
5.89862 3.03589
5.88685 3.38828
5.81434 2.30157
5.62715 3.15389
5.61647 2.54725
5.59322 2.08807
5.56538 3.13649
5.47279 3.2746
5.4654 2.28028
5.45467 2.85029
5.44343 2.26081
5.42409 2.07358
5.30144 2.6956
5.26618 3.45838
5.19873 3.24925
5.1544 2.77195
5.10779 2.54601
4.86202 2.84916
4.75971 3.70485
4.69868 1.9336
4.57213 3.22621
4.56435 3.64941
4.5347 3.39974
4.51744 4.15775
4.50066 3.80601
4.47153 3.18873
4.44776 1.82898
4.34268 3.69675
4.21343 3.21304
4.1869 3.76613
4.17678 3.06158
4.15396 3.8417
4.08566 2.69057
3.88267 3.38845
3.79206 3.37591
3.75946 3.34093
3.75731 5.14933
3.65664 4.20757
3.56835 2.44868
3.56525 4.18256
3.55319 4.16291
3.51543 5.14856
3.48388 4.03841
3.40982 3.13591
3.37195 3.66084
3.25482 3.41871
2.99769 5.06286
2.99333 4.8972
2.98968 4.12387
2.9378 5.27354
2.93185 5.1205
2.89558 4.91401
2.87165 4.61253
2.85075 5.23006
2.82996 5.28018
2.76071 4.43792
2.71069 4.55407
2.70168 4.19927
2.70026 3.95126
2.67161 5.7784
2.66152 3.98932
2.60295 5.0719
2.58899 3.99056
2.5552 5.14158
2.52204 4.15594
2.45817 3.97549
2.43873 5.08847
2.43317 5.58325
2.39636 5.3674
2.34248 6.32445
2.26692 5.31623
2.24822 4.44136
2.23716 6.58894
2.2338 6.84958
2.22297 5.26017
2.13102 4.73911
2.0978 4.46326
2.03012 4.91454
1.96859 4.79628
1.96202 5.887
1.89516 4.71375
1.89304 4.7991
1.89036 5.39398
1.70475 5.81257
1.68612 6.51037
1.62171 7.98351
1.55326 5.99761
1.52175 6.20825
1.48698 5.18823
1.46017 7.50571
1.44919 6.08122
1.44472 6.45182
1.39842 5.80768
1.38961 4.60963
1.3488 5.17674
1.32501 7.36463
1.29926 7.53427
1.29147 5.52964
1.23541 7.13471
1.18349 8.45295
1.13064 4.78184
1.11893 7.0355
1.10795 7.88774
1.0984 6.30863
1.05777 7.12961
1.03275 6.60926
1.0019 8.40259
0.893111 6.40873
0.849545 5.11811
0.819394 8.32867
0.80029 8.7717
0.796071 5.4805
0.770548 6.38063
0.756555 7.40569
0.699897 7.38985
0.668511 7.35752
0.665819 7.15791
0.608971 8.47087
0.598047 7.55671
0.567768 5.96328
0.540834 8.40999
0.531988 9.22154
0.52263 6.80136
0.519973 8.09619
0.511659 7.2337
0.501601 8.04299
0.471679 7.05779
0.461635 7.69906
0.416675 6.08469
0.402566 7.86567
0.396741 7.92106
0.37638 7.36989
0.361193 6.31193
0.359442 6.09049
0.331584 8.84009
0.323763 8.75048
0.287934 8.59107
0.261166 8.80464
0.259307 9.14938
0.238836 7.5515
0.227131 10.4581
0.218039 9.55289
0.192577 10.1291
0.171169 8.61482
0.152045 8.1704
0.149966 10.8294
0.148993 10.5125
0.137934 10.6022
0.11995 10.9156
0.106704 8.48166
0.0776796 9.74909
0.0502401 7.55717
0.0366649 11.1096
0.0189264 9.89846
0.0165072 7.90373
0.0101777 9.85765
0.00663957 11.7716
0.00614029 9.98067
0.00463626 11.1893
0.00198712 9.46525
0.00132482 7.95467
0.000915956 8.09092
0 0 1 0 0 0 0 0 0 0 
0 0 0 0 0 0 0 0 0 1 
0 0 0 0 0 0 0 0 0 1 
0 0 0 0 0 0 0 1 0 0 
1 0 0 0 0 0 0 0 0 0 
0 1 0 0 0 0 0 0 0 0 
0 0 0.425439 0 0 0 0 0.27409 0 0.300471 
0 0 0 1 0 0 0 0 0 0 
0 0 0 0.578293 0 0 0 0.421707 0 0 
1 0 0 0 0 0 0 0 0 0 
0.395976 0 0 0 0 0 0.604024 0 0 0 
0 0 0 0 0 0 1 0 0 0 
0 0 1 0 0 0 0 0 0 0 
0 0 0 0 0.245583 0 0 0 0.754417 0 
0 0.511662 0 0 0.488338 0 0 0 0 0 
0 0 0 0 0.378461 0 0.621539 0 0 0 
0 0 0 0 0 0 0 0 1 0 
0 1 0 0 0 0 0 0 0 0 
0 0 0 1 0 0 0 0 0 0 
0 0 0 0 0 0 0 1 0 0 
0 0 0 0 0.513145 0 0 0.486855 0 0 
0 0 0 0 0 0 0 0 0 1 
0 0 0 0 0 1 0 0 0 0 
0 0 0 0 0 1 0 0 0 0 
0 0 0 0 0 0 0 1 0 0 
0 0 0 0 0 1 0 0 0 0 
0 0.285421 0 0 0 0.714579 0 0 0 0 
0 0 1 0 0 0 0 0 0 0 
1 0 0 0 0 0 0 0 0 0 
0 0 1 0 0 0 0 0 0 0 
0 0 0 0 0.619501 0 0 0.380499 0 0 
0 0 0.270337 0 0 0 0 0.729663 0 0 
0 0 0 0.554524 0.445476 0 0 0 0 0 
0.709418 0.144262 0 0.146321 0 0 0 0 0 0 
0 0 0 1 0 0 0 0 0 0 
0 1 0 0 0 0 0 0 0 0 
0 0 0 0 0 0 1 0 0 0 
0 0 0 0 1 0 0 0 0 0 
0 0 0 0 1 0 0 0 0 0 
0 0 0 0.496006 0 0.503994 0 0 0 0 
0.818984 0 0 0 0 0.181016 0 0 0 0 
1 0 0 0 0 0 0 0 0 0 
0 0 0 0.756971 0 0 0.243029 0 0 0 
1 0 0 0 0 0 0 0 0 0 
0 0 0 1 0 0 0 0 0 0 
0 0 0 0 0 0 0 0 1 0 
0.133275 0 0 0 0 0.866725 0 0 0 0 
1 0 0 0 0 0 0 0 0 0 
0 0 0 0 1 0 0 0 0 0 
0 0 0 1 0 0 0 0 0 0 
0 0 0 0 0 0 0 0 1 0 
0 0 0 0 1 0 0 0 0 0 
0 0 0 0 0 1 0 0 0 0 
0 0 0 0 0 0 1 0 0 0 
0 0 0 0 0 0 0 0 0 1 
0 0 1 0 0 0 0 0 0 0 
0 0 0 1 0 0 0 0 0 0 
0 0 1 0 0 0 0 0 0 0 
0 0 0 0 0 1 0 0 0 0 
1 0 0 0 0 0 0 0 0 0 
0 0 0 0 1 0 0 0 0 0 
0 0 0 0 0 0 1 0 0 0 
0 0 0 0 0 0 0 0 0 1 
0 1 0 0 0 0 0 0 0 0 
0 0 0 0 0 0 0 0 1 0 
1 0 0 0 0 0 0 0 0 0 
0 0 0 0 0 0 0 0 1 0 
0 1 0 0 0 0 0 0 0 0 
0 0 0 0 0 1 0 0 0 0 
0 0 0 0 0 1 0 0 0 0 
1 0 0 0 0 0 0 0 0 0 
1 0 0 0 0 0 0 0 0 0 
1 0 0 0 0 0 0 0 0 0 
1 0 0 0 0 0 0 0 0 0 
0 0 0 0 0 1 0 0 0 0 
0 0 0 0 0 1 0 0 0 0 
0 0 0 0 0.53519 0 0 0 0 0.46481 
0 0 0 0 0 0 1 0 0 0 
0 0 0 0 0 0 0 0 0 1 
0 0 1 0 0 0 0 0 0 0 
0 1 0 0 0 0 0 0 0 0 
0 0 0 0 0 1 0 0 0 0 
0 0 0 0 0 0 0 0 0 1 
0 0 0 0 0 1 0 0 0 0 
0 0 0 0 1 0 0 0 0 0 
1 0 0 0 0 0 0 0 0 0 
0 0 0 0 0 0 0 0 1 0 
0 0 0 0 0 0 0 0 1 0 
0 0 0 0 0.815625 0 0 0 0 0.184375 
0 0 0 0 0 1 0 0 0 0 
1 0 0 0 0 0 0 0 0 0 
0 1 0 0 0 0 0 0 0 0 
0 0 1 0 0 0 0 0 0 0 
0 0 0 0 0 0 0.376239 0 0 0.623761 
0 0 0 0 0 1 0 0 0 0 
0 1 0 0 0 0 0 0 0 0 
0 0 0 0 0 1 0 0 0 0 
0 0 0 0 0 0 0 0 1 0 
0 0 1 0 0 0 0 0 0 0 
0 0 0 0 0 0 0 0 0 1 
0 0 0 0 1 0 0 0 0 0 
0 1 0 0 0 0 0 0 0 0 
0 1 0 0 0 0 0 0 0 0 
0 0 1 0 0 0 0 0 0 0 
1 0 0 0 0 0 0 0 0 0 
0 0 0 0 0 0 1 0 0 0 
0 0 0 0 0 0 0 1 0 0 
0 1 0 0 0 0 0 0 0 0 
0 0 0 0 0 0 1 0 0 0 
0 0 0 1 0 0 0 0 0 0 
0 0 0 1 0 0 0 0 0 0 
0 0 0 0.329535 0 0 0 0.247468 0 0.422998 
1 0 0 0 0 0 0 0 0 0 
0 0 0 1 0 0 0 0 0 0 
0 0 1 0 0 0 0 0 0 0 
0 0 0 0 0 0 0 0 0 1 
0 0 0 0 0.153133 0 0 0.846867 0 0 
1 0 0 0 0 0 0 0 0 0 
0 1 0 0 0 0 0 0 0 0 
0 1 0 0 0 0 0 0 0 0 
0.553349 0 0 0 0 0.446651 0 0 0 0 
0 0 1 0 0 0 0 0 0 0 
0 0 0 0 0 0 1 0 0 0 
0 0 0 0 0 0 0 0 1 0 
0 0 0 0 1 0 0 0 0 0 
0 0 0 0.521882 0.478118 0 0 0 0 0 
0 0 0 0 0.374774 0.230014 0 0 0 0.395212 
0 0 0 0 0 0 0 1 0 0 
0 0 0 0.418977 0.581023 0 0 0 0 0 
0 0 0 0 0 0 0.173436 0 0.826564 0 
0 0 0 0 0.457838 0.0757706 0 0 0.466391 0 
0 0 0 1 0 0 0 0 0 0 
0 0 0 0 0 0 0 0 1 0 
0 0 0 0 1 0 0 0 0 0 
0 0 0 0 0 0 0 1 0 0 
0 1 0 0 0 0 0 0 0 0 
0 0 0 0 1 0 0 0 0 0 
0 0 0 0 0 0 1 0 0 0 
0 0 0 0 0 0 1 0 0 0 
0 0 0 1 0 0 0 0 0 0 
0 0 0 0 0 0 1 0 0 0 
1 0 0 0 0 0 0 0 0 0 
0 0 1 0 0 0 0 0 0 0 
0 0 0 0 0 0 0 0 1 0 
0 0 0 0 0 0 0 0 1 0 
0 0.359552 0 0 0.640448 0 0 0 0 0 
0 0 0 0 0 1 0 0 0 0 
0 1 0 0 0 0 0 0 0 0 
0 0 0 0 0 0 0 0 0 1 
0 0 0 1 0 0 0 0 0 0 
0 0 1 0 0 0 0 0 0 0 
0 0 0 0 0 1 0 0 0 0 
0 0 0 0 0 0 0 0 1 0 
0 0 0 0 0 0 0 0.812303 0.187697 0 
0 0 0 0.808245 0 0.191755 0 0 0 0 
0 0 0 0 0 0 0 1 0 0 
0 0 0 0 0 0 0 0 0 1 
0 0 0 0 1 0 0 0 0 0 
0 0 0 0 1 0 0 0 0 0 
0 0 0 0 0 0 0 1 0 0 
1 0 0 0 0 0 0 0 0 0 
0 0 0 0 1 0 0 0 0 0 
0 0 0 0 1 0 0 0 0 0 
1 0 0 0 0 0 0 0 0 0 
0 0 1 0 0 0 0 0 0 0 
0 1 0 0 0 0 0 0 0 0 
0 0.321333 0 0 0 0 0 0 0 0.678668 
1 0 0 0 0 0 0 0 0 0 
0 0 0 0 0 0 0 1 0 0 
0 0 1 0 0 0 0 0 0 0 
0 0 0 0 0 0 0 0 0 1 
0 0 0 0 0 0 1 0 0 0 
0 0 0 0 0 0 1 0 0 0 
1 0 0 0 0 0 0 0 0 0 
0 0 0 0 1 0 0 0 0 0 
0 0 0 0.41708 0 0.58292 0 0 0 0 
0 0 0 0 0 0 0 1 0 0 
0 0.232607 0 0 0 0.767393 0 0 0 0 
0 0 0 0 1 0 0 0 0 0 
0 0 0 0 0 1 0 0 0 0 
0 0 0 0 0 1 0 0 0 0 
0 1 0 0 0 0 0 0 0 0 
0 0 1 0 0 0 0 0 0 0 
0 0 1 0 0 0 0 0 0 0 
1 0 0 0 0 0 0 0 0 0 
0 0 0 1 0 0 0 0 0 0 
0 0 0 0 1 0 0 0 0 0 
0 0 0 0 0 0 0 0 1 0 
1 0 0 0 0 0 0 0 0 0 
0 0 1 0 0 0 0 0 0 0 
0 0 0 0 0 0 1 0 0 0 
1 0 0 0 0 0 0 0 0 0 
0 0 0 0 1 0 0 0 0 0 
0 0 0 0 0 1 0 0 0 0 
0 0.633898 0 0.366102 0 0 0 0 0 0 
0 0 0 0 0 0 1 0 0 0 
0 0 0 0 0 0 0 1 0 0 
0 0 0 0 1 0 0 0 0 0 
1 0 0 0 0 0 0 0 0 0 
0 0 0 0 0 0.742691 0 0 0 0.257309 
