5 100
0.706743
0.606651
0.32439
0.56409
0.654236
11.0951 0.444874
10.2277 0.832087
10.0123 0.319764
9.54064 1.25751
8.92555 1.20113
8.50078 1.49294
8.38177 1.37508
7.77139 0.899913
7.6613 1.23284
7.48533 0.439317
7.47089 2.21891
7.42146 1.22059
7.40786 1.87957
7.36733 0.949009
7.2649 1.12852
7.02478 0.874932
6.59923 2.18321
6.52013 2.25118
6.19482 2.46824
5.83952 2.83144
5.68203 1.54737
5.66691 1.16374
5.57044 1.76503
5.37902 2.50798
5.37884 2.51941
5.09359 3.93462
4.75403 2.44134
4.6062 2.95413
4.56608 2.46728
4.51109 3.20056
4.51062 2.94916
4.2583 3.09869
4.23775 2.74014
4.2053 3.45586
4.11994 2.46384
4.05509 3.42193
3.86799 4.12334
3.80532 3.83543
3.70824 3.12588
3.52473 3.0488
3.30966 5.81307
3.05321 3.66605
2.99783 5.25033
2.88072 5.08102
2.83973 5.62482
2.75092 4.29517
2.706 3.53602
2.33337 4.58077
2.29391 5.70687
2.21485 5.99537
2.18433 4.98089
2.17895 4.48407
2.08988 4.48214
2.05594 5.18595
2.05513 5.62409
2.02721 5.46404
1.72995 5.94728
1.70529 5.85365
1.59672 5.18068
1.48732 4.86582
1.42195 6.62303
1.26734 4.84655
1.25571 5.52247
1.12276 8.38752
1.10653 6.68461
0.886492 7.17213
0.80764 7.72426
0.767255 6.46222
0.75014 6.75449
0.583348 6.71254
0.56832 7.85332
0.549663 6.87303
0.530779 7.47097
0.502092 7.28089
0.460379 9.08596
0.361764 9.38282
0.332562 10.1561
0.323147 7.69651
0.296611 6.98325
0.256426 8.69368
0.256076 6.77218
0.248955 9.90582
0.231405 6.62811
0.228965 6.9922
0.219606 8.62845
0.211104 6.871
0.201251 9.85667
0.19515 9.33936
0.193218 7.96091
0.182903 8.25719
0.133463 8.1367
0.115455 7.8608
0.0939831 9.84932
0.080323 8.83754
0.0717386 7.26531
0.0694112 7.76748
0.0320034 11.8135
0.0301666 7.70174
0.00139354 9.91353
0.00107101 10.1053
0 0 0 0.375167 0.624833 
0 0 0 0 1 
0.655275 0 0 0.344725 0 
0 0 0.595086 0.404914 0 
0 0 0 1 0 
1 0 0 0 0 
0 0 1 0 0 
0 0 0 1 0 
0 0 0 1 0 
0 1 0 0 0 
0 0.0724187 0.508322 0.419259 0 
0 0 1 0 0 
1 0 0 0 0 
0 0 0.318347 0 0.681653 
0.227358 0 0 0.772642 0 
0 0 1 0 0 
0 0 1 0 0 
0 0 0 1 0 
0 0 0 1 0 
0 0 0 1 0 
0 1 0 0 0 
1 0 0 0 0 
0 1 0 0 0 
0 0 0 1 0 
0 0 0 1 0 
0 0.656614 0 0.343386 0 
0 0 1 0 0 
0 0 0 0 1 
0.333965 0 0 0.666035 0 
0 0 0 0 1 
0 0 0 0 1 
0 0 1 0 0 
0 0 0 1 0 
0 0 1 0 0 
0 0 1 0 0 
0 0 0 1 0 
0 0 0 0 1 
0 0 1 0 0 
0 0 1 0 0 
0 1 0 0 0 
0.585753 0 0 0.414247 0 
0 0 1 0 0 
0.549432 0 0 0 0.450568 
0.392319 0 0.607681 0 0 
0 0 0 1 0 
1 0 0 0 0 
0.433747 0.566253 0 0 0 
1 0 0 0 0 
0 0 0 0 1 
0.184723 0 0.386302 0 0.428975 
0 0 0 0 1 
0 0 0 0 1 
0 0 1 0 0 
1 0 0 0 0 
0.19244 0 0 0.80756 0 
0 0.582103 0 0 0.417897 
0 1 0 0 0 
0 1 0 0 0 
0.33108 0 0.66892 0 0 
0 0 0 1 0 
0 1 0 0 0 
0 1 0 0 0 
0 0 1 0 0 
0 1 0 0 0 
0 0 0 0 1 
0 0 1 0 0 
0 1 0 0 0 
0 0 1 0 0 
1 0 0 0 0 
0 0 0 1 0 
0 0 0 0 1 
0 0 1 0 0 
0 0 0 0 1 
0 0 0 1 0 
0 1 0 0 0 
0 0 1 0 0 
0 1 0 0 0 
0 0 0 0 1 
1 0 0 0 0 
1 0 0 0 0 
0 0 0 1 0 
0 0 0 1 0 
0 1 0 0 0 
0 0 0 1 0 
0 0 0 0 1 
1 0 0 0 0 
0 0 1 0 0 
1 0 0 0 0 
0 0 1 0 0 
0 1 0 0 0 
1 0 0 0 0 
1 0 0 0 0 
0 0 0 1 0 
0 1 0 0 0 
0 0 1 0 0 
0.721561 0 0 0 0.278439 
1 0 0 0 0 
1 0 0 0 0 
1 0 0 0 0 
0.302268 0 0 0.697732 0 
