5 300
0.423369
0.493195
0.377948
0.442786
0.610433
11.1035 0.188485
10.9621 0.102519
10.6063 0.151189
10.5309 0.563995
9.94001 0.670889
9.71537 1.08305
9.60128 1.13131
9.54804 0.20974
9.5263 1.06552
9.48153 0.0966237
9.41001 0.733774
9.31877 1.1771
9.14508 1.01603
8.95275 0.679411
8.93375 0.49329
8.92497 1.0529
8.88747 0.468907
8.77638 0.493684
8.68588 0.893322
8.63873 1.22229
8.60616 1.18936
8.52371 0.58609
8.51736 1.55021
8.4213 0.645609
8.33106 1.089
8.32883 0.150159
8.31786 0.878094
8.10245 1.18813
8.10175 1.55292
8.03732 0.303511
8.01983 1.86946
7.96848 0.775499
7.90482 2.10878
7.87829 0.38632
7.78992 1.86473
7.76539 2.47496
7.65691 0.174581
7.62634 2.0729
7.61641 0.926762
7.61417 2.11334
7.60488 1.45036
7.59116 0.722248
7.53196 0.818203
7.52638 1.4529
7.44767 0.50771
7.39155 1.89241
7.35085 1.31147
7.17691 1.98817
7.15117 0.933606
7.1482 0.337806
7.1241 1.24263
6.87359 1.09314
6.83322 2.64682
6.82378 0.629107
6.81019 0.823138
6.71145 1.14529
6.65863 0.952191
6.65444 1.68641
6.46792 2.64071
6.44718 1.94203
6.38965 2.92421
6.36248 1.60501
6.34254 1.71021
6.2969 2.46884
6.28903 3.13902
6.28077 2.21028
6.21162 2.54813
6.05185 0.936515
6.02717 2.00625
6.01907 3.59426
5.95259 1.84063
5.94244 2.46187
5.89052 2.83391
5.813 2.26778
5.79295 2.36595
5.76714 2.21251
5.76641 3.62196
5.68198 2.267
5.57569 2.98977
5.57264 2.18277
5.45945 2.42145
5.42399 1.53437
5.38642 2.7733
5.20483 3.09139
5.02513 3.37223
4.87262 1.87763
4.8265 2.09084
4.72058 2.28145
4.70803 1.71061
4.63472 3.85945
4.55507 4.00634
4.51869 2.49139
4.46284 3.36857
4.4253 3.95285
4.4116 3.29903
4.32451 2.79819
4.31331 2.31216
4.3073 4.11012
4.22738 3.74685
4.19643 3.21937
4.18117 3.39269
4.14142 2.44093
4.073 4.35329
4.04349 3.63194
4.0269 4.03645
4.01753 3.70972
3.9816 3.25366
3.97963 2.98952
3.96769 3.54272
3.95246 4.57082
3.9366 2.85991
3.92687 3.87141
3.91353 2.8475
3.86564 3.31664
3.84405 3.25072
3.7842 3.83977
3.76722 3.09462
3.65252 3.98434
3.60426 3.60847
3.60273 4.11429
3.48942 3.88949
3.48773 3.63171
3.40211 3.39785
3.36357 5.52954
3.25249 3.25211
3.22982 2.91687
3.18509 4.6089
3.15975 3.42703
3.14186 3.6385
3.0832 4.63687
3.035 4.85389
2.99181 4.5939
2.98682 5.24677
2.87302 5.37015
2.86158 4.17233
2.85063 5.71697
2.82526 5.31336
2.80422 4.10888
2.80406 5.30598
2.76278 5.37859
2.72779 5.71226
2.60979 5.04514
2.58633 3.94038
2.54612 5.00039
2.48636 6.10963
2.47944 5.83835
2.41089 3.98083
2.3583 4.76932
2.29426 5.55711
2.27838 3.77694
2.2545 3.98342
2.13054 6.54721
2.04296 5.77291
1.99348 7.07574
1.94176 4.35807
1.92652 6.30959
1.9165 6.35848
1.9141 6.81556
1.90454 5.05236
1.88309 5.93374
1.81036 5.16555
1.72563 7.6118
1.70846 6.85176
1.66193 5.35849
1.57883 5.824
1.57282 6.67378
1.56304 5.08912
1.53011 5.29101
1.5198 4.65854
1.49399 4.56048
1.48501 5.27357
1.44621 5.96158
1.44484 6.01311
1.44169 5.22983
1.43387 7.04134
1.43112 5.83799
1.42885 5.38692
1.41234 6.13681
1.41042 6.85665
1.37286 6.56732
1.37126 7.17708
1.36746 6.30098
1.35443 5.69087
1.34966 5.23437
1.34611 5.93806
1.3183 8.0521
1.28576 6.73036
1.2532 5.05214
1.22028 7.84914
1.20306 7.47309
1.18371 6.35036
1.17368 5.97013
1.13131 7.42388
1.07525 6.38998
1.07171 7.63333
1.04255 8.29294
1.0386 6.46152
1.0327 6.70943
1.00626 7.13881
1.00144 5.06856
0.978887 6.70719
0.952301 8.3435
0.937332 7.8661
0.929772 5.66445
0.920745 6.40639
0.914698 6.05016
0.904323 7.89224
0.896591 7.23374
0.875765 5.18318
0.872552 7.28585
0.87169 5.84984
0.848647 8.38613
0.846097 6.0178
0.816009 7.53139
0.810038 7.13007
0.806345 6.45542
0.78613 7.83944
0.784315 8.91627
0.771478 7.12708
0.720067 8.48964
0.713108 5.78196
0.6443 5.58899
0.642453 5.71043
0.638982 6.05445
0.628739 7.36038
0.556872 7.99399
0.540136 7.2924
0.53341 8.9586
0.532685 8.42148
0.479554 9.57605
0.471878 9.44789
0.456966 9.34181
0.456816 6.03346
0.43404 8.60771
0.425725 5.96248
0.424206 6.93691
0.421568 7.92338
0.419986 9.87177
0.415809 7.63973
0.38801 8.02535
0.381287 7.0307
0.361566 8.63225
0.359586 8.5409
0.35586 7.03533
0.313183 6.76471
0.297597 7.67197
0.292205 6.98962
0.278326 6.92116
0.270705 8.62609
0.260973 9.77892
0.255461 8.93543
0.248015 10.1193
0.247894 10.3457
0.241631 8.52065
0.239024 9.90371
0.238885 8.68756
0.234109 7.72756
0.225709 8.04436
0.223074 10.3488
0.182677 7.47579
0.167357 6.87671
0.166174 7.76898
0.159643 9.42255
0.157059 6.61441
0.146447 6.7942
0.129692 6.82711
0.123133 11.0598
0.115317 9.2447
0.103899 7.75656
0.0929531 10.0879
0.0927059 9.417
0.0871274 9.60563
0.0823303 9.48026
0.081593 7.6953
0.0662041 9.38599
0.0646992 11.0123
0.063056 10.3107
0.0619019 8.57728
0.059729 7.84539
0.046001 7.58768
0.0456604 6.97781
0.0416109 9.5095
0.038172 11.0412
0.0308479 8.85804
0.0308088 8.77239
0.0185172 7.2299
0.0157918 8.80543
0.0153106 9.82925
0.0107739 8.38109
0.00892911 7.43365
0.00724972 8.7767
0.00480442 7.54507
0.00330741 9.50346
0.0029132 10.939
0.00230125 7.74851
0.00210426 10.4715
0.0017136 11.2425
0.00154334 9.4568
0.00148009 10.1888
0.00132747 8.48394
0 0.684543 0 0.315457 0 
0 1 0 0 0 
0 0 0 0 1 
0 0.588479 0 0 0.411522 
0 0 0.333079 0 0.666921 
0 0 0 1 0 
0 1 0 0 0 
0 0 1 0 0 
0 0.528001 0 0.471999 0 
1 0 0 0 0 
0 0 1 0 0 
0 0 1 0 0 
0 0 0 0 1 
0 0 1 0 0 
1 0 0 0 0 
0 0 0 0 1 
0 1 0 0 0 
0 0 0 1 0 
0 0 0 0 1 
0 1 0 0 0 
0 0 1 0 0 
1 0 0 0 0 
0 0 0 0 1 
0 0 1 0 0 
0.706612 0 0 0 0.293387 
0 0.289975 0 0 0.710024 
0 0 0 1 0 
0 0 1 0 0 
0 0 0 0 1 
0 0 0 1 0 
0 0 1 0 0 
0 0 1 0 0 
0 0 0 0 1 
0 0 0 0 1 
1 0 0 0 0 
1 0 0 0 0 
0 1 0 0 0 
1 0 0 0 0 
0 0 0 0 1 
0 0 0 1 0 
1 0 0 0 0 
0 0 0 1 0 
0.373515 0 0 0 0.626485 
0 0 0 1 0 
0.36056 0 0 0 0.639439 
0 0 0.222408 0 0.777592 
1 0 0 0 0 
0 1 0 0 0 
0 0 1 0 0 
0 0 0 0 1 
0 0 0 1 0 
1 0 0 0 0 
1 0 0 0 0 
1 0 0 0 0 
0 0 0 0 1 
1 0 0 0 0 
0 0 1 0 0 
0 0 0 0 1 
1 0 0 0 0 
1 0 0 0 0 
0.2079 0 0.7921 0 0 
0 0 0 1 0 
0 0 1 0 0 
0 0.683035 0 0.316965 0 
0 0 1 0 0 
0 0 1 0 0 
0.507633 0.492367 0 0 0 
1 0 0 0 0 
0 0 0 0 1 
0 1 0 0 0 
1 0 0 0 0 
0 0 0 0 1 
1 0 0 0 0 
0 0 0 1 0 
0 0 1 0 0 
0 1 0 0 0 
0.238438 0.761562 0 0 0 
0 0 0 1 0 
0 1 0 0 0 
0 0 1 0 0 
0.494244 0 0 0 0.505756 
0 0 0 1 0 
0 0 0 0 1 
0 0.441787 0.558213 0 0 
0.520705 0 0 0 0.479295 
0 0 0.788524 0.211476 0 
1 0 0 0 0 
0 0 0 1 0 
0 0 1 0 0 
0 1 0 0 0 
0 1 0 0 0 
0 0 0 1 0 
0 0 0 1 0 
0 0 0 0 1 
0 1 0 0 0 
0 0 0 1 0 
0 0 1 0 0 
0 0 0.444697 0 0.555303 
0 1 0 0 0 
1 0 0 0 0 
0 0 0 0.683728 0.316272 
0 0 1 0 0 
0 0 1 0 0 
0 0 0 0 1 
0 0 1 0 0 
1 0 0 0 0 
0 0 0 1 0 
1 0 0 0 0 
1 0 0 0 0 
0 0 1 0 0 
0 0 1 0 0 
0 0 0 1 0 
0 0 0.390447 0.609553 0 
0 0 1 0 0 
0 1 0 0 0 
0 0 1 0 0 
0 1 0 0 0 
0 0 0 1 0 
0.427783 0 0.572217 0 0 
0 0 0 0.655139 0.344861 
0 0 0 1 0 
0 0 1 0 0 
0 0.402435 0.597565 0 0 
0 0 0 0 1 
0 0 0 1 0 
0 0.807755 0 0 0.192245 
0 0 0 1 0 
1 0 0 0 0 
0.32559 0 0.0897084 0 0.584702 
0 0 1 0 0 
1 0 0 0 0 
0 1 0 0 0 
0 0 0 0 1 
0 0.42437 0 0 0.57563 
0 0 1 0 0 
0 0 0 0.255967 0.744033 
0 0 0 1 0 
0 0 1 0 0 
0 0 0 1 0 
0 0 0 0 1 
0 0 0 0 1 
0 1 0 0 0 
0 0 1 0 0 
0.401975 0 0 0.598025 0 
0 0 0 0 1 
0 0 0 0 1 
0 0 0 1 0 
0 0.318335 0.681665 0 0 
1 0 0 0 0 
0 0 0 1 0 
0 0 0 1 0 
0 0 0 1 0 
0 0 1 0 0 
0 0 0 1 0 
0 1 0 0 0 
0 0 1 0 0 
0 1 0 0 0 
0 0 0.479315 0.520685 0 
0 1 0 0 0 
0 0.35055 0.64945 0 0 
0 0 0.244089 0.755911 0 
0 1 0 0 0 
0 1 0 0 0 
0 0 0 0 1 
0 0 1 0 0 
0 0 0 0 1 
0.469339 0 0.530661 0 0 
0 0 0 1 0 
0 0.449441 0.550559 0 0 
0 0 0 1 0 
1 0 0 0 0 
1 0 0 0 0 
0.394965 0.129357 0.475677 0 0 
0 0.452919 0 0.547081 0 
0 0 0 1 0 
0 0.823991 0 0 0.176009 
0 0 0 1 0 
0 1 0 0 0 
1 0 0 0 0 
0 1 0 0 0 
0 0 0 1 0 
0 0 0 0 1 
0 0 0 0 1 
0 1 0 0 0 
1 0 0 0 0 
0 1 0 0 0 
0 1 0 0 0 
0 0 0 1 0 
0 1 0 0 0 
1 0 0 0 0 
0 0 1 0 0 
0 0 0 0 1 
1 0 0 0 0 
1 0 0 0 0 
0 1 0 0 0 
0 0.785975 0 0.214025 0 
0 0 0.270627 0 0.729373 
0 0 0 1 0 
1 0 0 0 0 
0.255322 0 0 0.744678 0 
1 0 0 0 0 
0 0 1 0 0 
0.199528 0 0.800472 0 0 
1 0 0 0 0 
1 0 0 0 0 
1 0 0 0 0 
0 1 0 0 0 
0 0 0 1 0 
0 1 0 0 0 
0 0 1 0 0 
0 1 0 0 0 
0 0 0 1 0 
0 0 0 0 1 
0 0 0 1 0 
0 0 1 0 0 
1 0 0 0 0 
0 0 1 0 0 
1 0 0 0 0 
0 0 0 1 0 
0 0 0 1 0 
0.515367 0.484633 0 0 0 
0 1 0 0 0 
0 0 0 0 1 
1 0 0 0 0 
0 0 0.617982 0.382018 0 
0 0 0 0 1 
0 0 0 0 1 
1 0 0 0 0 
0 0 0 0 1 
0 0 0 1 0 
0.353994 0 0 0.646006 0 
0 0.523732 0 0 0.476268 
0 1 0 0 0 
0 0 0 1 0 
0 1 0 0 0 
0 0 0 1 0 
0 1 0 0 0 
0 1 0 0 0 
0 0 0 0 1 
0.303449 0 0.696551 0 0 
0 0 0 1 0 
0 0 1 0 0 
0 0 0 0 1 
0 1 0 0 0 
0 1 0 0 0 
0 0 1 0 0 
0 0 0 0 1 
0 1 0 0 0 
0 0 1 0 0 
0 1 0 0 0 
0.650764 0.349236 0 0 0 
0 1 0 0 0 
1 0 0 0 0 
0 0 0 0 1 
0 0 0 1 0 
0 0 0 1 0 
0 0 0 1 0 
1 0 0 0 0 
0 0.601363 0 0.398637 0 
0 0 0 1 0 
0 0 0 1 0 
0 1 0 0 0 
0 0 1 0 0 
0 0 0 1 0 
0 0.716263 0.283737 0 0 
0 0 0 1 0 
0 1 0 0 0 
0 1 0 0 0 
0 1 0 0 0 
0 1 0 0 0 
0 0.384901 0.090581 0.524518 0 
0 0 0 1 0 
1 0 0 0 0 
0 0 0 0 1 
0 1 0 0 0 
0.888171 0 0 0.111829 0 
0 0 0 1 0 
0 0 0.318324 0 0.681676 
0 0 0 0 1 
0.239226 0 0.760774 0 0 
0.515368 0.484632 0 0 0 
0 0 0 0 1 
0 0 0 1 0 
0 0 0 0 1 
0 0 0.281915 0.718085 0 
1 0 0 0 0 
0 1 0 0 0 
0 1 0 0 0 
0 0 1 0 0 
0 0 1 0 0 
0 0 0 0.457138 0.542862 
0 0 0 0 1 
0 0 0 0 1 
0 0 0 0.19834 0.80166 
0 0 1 0 0 
0 0 0 0 1 
0 0 0 1 0 
0 1 0 0 0 
0 1 0 0 0 
0 1 0 0 0 
