10 50
0.617347
0.257331
0.631772
0.668302
0.725397
0.421464
0.636156
0.547148
0.465791
0.74899
10.6019 0.372522
9.52753 0.433303
9.50427 0.444854
9.03739 0.381276
8.84651 0.0918587
8.24827 1.11999
7.89619 0.229743
7.83862 1.00586
7.19738 2.13996
7.06054 1.99814
6.32116 1.55475
5.99876 1.13623
5.86446 1.46522
5.71587 2.38027
5.45041 2.19593
4.85664 3.10887
4.46934 2.71377
4.36388 4.13569
3.87776 3.57307
3.86303 3.28722
3.85963 3.58702
3.57183 3.49734
3.37917 4.44583
3.13741 2.71736
3.06459 3.29397
3.04136 3.97141
2.25103 6.28239
1.77437 4.73471
1.49548 6.29812
1.43713 7.53706
1.40683 7.17328
1.35689 7.68286
1.31901 6.34382
1.29358 5.8239
1.08512 7.55131
1.07611 4.84597
0.828425 6.70494
0.796736 8.1142
0.787462 7.69944
0.69569 7.83039
0.650267 7.66236
0.582067 6.50049
0.576134 8.01361
0.151084 8.79991
0.108128 6.78511
0.0377152 9.92381
0.0203208 9.71933
0.0178547 9.47425
0.0143318 7.28232
0.00414702 8.66309
1 0 0 0 0 0 0 0 0 0 
0 0 0 0 0 1 0 0 0 0 
0 0 0 0 0 0 0 0 0 1 
0 0 0 0 0 0 1 0 0 0 
0 0 0 0 1 0 0 0 0 0 
0 0 0 0 0 0 0 0 0 1 
0 0 1 0 0 0 0 0 0 0 
0 0 0 0 0 0 0 0 0 1 
0 0 0 1 0 0 0 0 0 0 
0 0 1 0 0 0 0 0 0 0 
1 0 0 0 0 0 0 0 0 0 
0 0 0.157714 0 0 0 0 0.842286 0 0 
0 0 0 0 0 0 0 1 0 0 
0 0 0 0 1 0 0 0 0 0 
0 0 0 0 0 0 1 0 0 0 
0 0 0 0 1 0 0 0 0 0 
0 0 0 0 0 0 0 0 1 0 
0 0 1 0 0 0 0 0 0 0 
0 0 0.335802 0 0 0 0.664198 0 0 0 
0 0 0 0 0 0 0 0 0 1 
0 0 1 0 0 0 0 0 0 0 
0 0 0 0 0 0 0 1 0 0 
0 0 0 0 0 0 0 0 0 1 
0 0 0 1 0 0 0 0 0 0 
0 0 0 0 0 0 0 1 0 0 
0 0.769062 0 0 0 0 0 0.230938 0 0 
0 0 0.488737 0 0 0 0 0 0.511263 0 
0 0 0 0 0 0 0 0 1 0 
0 0 0 0 0 0 1 0 0 0 
0 0 1 0 0 0 0 0 0 0 
0 0 1 0 0 0 0 0 0 0 
0.271986 0 0 0 0 0.728014 0 0 0 0 
0 0 0 0 0 0 1 0 0 0 
0 0 0.717104 0 0 0 0 0 0 0.282896 
0 0 1 0 0 0 0 0 0 0 
0 0 0 1 0 0 0 0 0 0 
0 0 0 0 0 0 0 1 0 0 
0 0 0 0 0 0 0 0 0 1 
0 0 0 0 0 0 0 1 0 0 
0 0 0 0 0 0.424173 0 0 0 0.575827 
0 0 0 0 0 0 0 0 1 0 
0 0 0 0 1 0 0 0 0 0 
0.472139 0 0 0 0.527861 0 0 0 0 0 
0 0 1 0 0 0 0 0 0 0 
0 0 0 0 0 1 0 0 0 0 
0 0 0 1 0 0 0 0 0 0 
0 0.55678 0 0 0 0 0 0 0 0.44322 
0 0 0 0 0 0 0 0 0 1 
0 0.410438 0 0 0 0 0 0.589562 0 0 
0 1 0 0 0 0 0 0 0 0 
