10 25
0.473228
0.675023
0.467733
0.344496
0.546735
0.454056
0.347052
0.5236
0.252001
0.402975
9.0241 0.115544
6.30842 2.26793
6.13445 3.18938
5.83688 3.16514
5.4635 1.3512
5.20873 2.23465
4.79001 1.93136
3.87901 3.3461
3.4867 3.13039
2.75721 5.09185
2.50889 4.372
1.93119 4.27469
1.7641 5.02826
1.73928 7.08007
1.55809 5.16112
1.20697 7.59179
0.931425 5.86011
0.794469 6.44333
0.668316 7.94265
0.370372 8.04834
0.322627 6.17313
0.222779 9.19505
0.165797 10.0294
0.049195 7.94638
0.0207894 7.94989
0 0 0 0 0 0 0 0 0 1 
0 0 0 0 0 0 0 0 0 1 
0 0 0 0 0 1 0 0 0 0 
0 0 1 0 0 0 0 0 0 0 
0 0 0 0 1 0 0 0 0 0 
1 0 0 0 0 0 0 0 0 0 
0 1 0 0 0 0 0 0 0 0 
1 0 0 0 0 0 0 0 0 0 
0 0 0 0 0 0 0 0 0 1 
0 0 0 1 0 0 0 0 0 0 
0 0 0 0 1 0 0 0 0 0 
0 1 0 0 0 0 0 0 0 0 
0 0 0 0 0 0 1 0 0 0 
0 0 0 0 0.311286 0 0 0.351811 0.336903 0 
0 0 0 0 0 0 1 0 0 0 
0 0 0 1 0 0 0 0 0 0 
0 0 0 0 0.305787 0 0 0 0.694213 0 
0 0 0 0 0 0.896128 0 0.103872 0 0 
1 0 0 0 0 0 0 0 0 0 
0 0 0 0 0 0 0 0 0 1 
0 0 0 0 0 1 0 0 0 0 
0 0 0 0 0 0 0 0 1 0 
0 0 0 0 1 0 0 0 0 0 
0 0 0 0 0 0 1 0 0 0 
0 0 0.51326 0 0 0 0.48674 0 0 0 
