10 500
0.582851
0.300047
0.297981
0.630719
0.503276
0.568153
0.503806
0.621084
0.573762
0.391799
11.3432 0.299097
11.2671 0.445058
11.2566 0.574044
10.7491 0.102689
10.2865 0.123527
10.2295 0.759398
10.0692 0.763068
10.0216 0.938462
9.95029 0.370995
9.92301 0.754691
9.82263 0.301809
9.80114 0.296807
9.74943 0.187931
9.66696 0.794474
9.53772 1.09755
9.47693 0.804526
9.3952 0.566798
9.39088 1.00688
9.37821 1.03424
9.37305 1.36802
9.36659 0.322613
9.29525 0.562869
9.26468 0.395516
9.20544 1.19785
9.1996 0.989219
9.18174 1.23257
9.10272 1.68492
9.04312 0.381966
8.88034 0.208851
8.87676 0.627292
8.87565 1.55111
8.85211 0.640568
8.79753 0.607621
8.7942 0.851041
8.75833 0.390958
8.73888 1.11077
8.65917 0.167794
8.60279 1.77434
8.56483 0.438736
8.55505 1.24379
8.51478 0.448006
8.51253 1.84325
8.35975 1.21039
8.31518 0.656675
8.20294 0.558912
8.16105 1.15263
8.11622 1.75101
8.0004 1.60292
7.9485 0.94822
7.92574 2.01425
7.90321 1.37866
7.88966 1.78366
7.8147 0.202756
7.80447 0.166229
7.77393 1.59477
7.75491 1.19303
7.7297 0.136626
7.72963 0.595629
7.61323 1.95802
7.52142 0.763189
7.51965 1.19711
7.50057 1.6817
7.47502 1.16608
7.46138 1.50106
7.44689 1.27503
7.29124 0.717796
7.28767 2.14337
7.22745 0.659601
7.1357 0.453627
7.13125 0.610486
7.01694 0.557309
7.00981 0.561123
7.00764 0.67254
6.97319 0.949449
6.84475 0.680778
6.83853 1.91605
6.82546 1.53522
6.82526 2.25059
6.81193 1.9804
6.81163 0.545457
6.80667 1.94976
6.79378 1.84388
6.77812 0.964179
6.74024 1.09339
6.7187 0.498436
6.70314 0.710851
6.64212 2.45525
6.64055 2.48425
6.60436 0.817464
6.54285 2.12861
6.53421 1.74874
6.52295 1.82627
6.51541 2.65152
6.50185 1.503
6.44591 1.65441
6.4382 2.14401
6.24583 2.73808
6.24368 0.881525
6.22997 1.49951
6.14653 2.51434
6.13896 2.83983
6.10936 1.39326
6.10634 2.80228
6.09562 2.23767
6.03671 1.31575
5.9965 1.30557
5.99091 1.59429
5.98113 1.739
5.95763 1.53982
5.92901 2.04284
5.9222 1.27134
5.88319 2.22495
5.87349 2.49166
5.8467 1.12066
5.80467 1.68766
5.7735 2.50531
5.77248 1.50153
5.68895 1.88602
5.66009 3.1026
5.60685 1.96792
5.60103 1.29465
5.58395 3.46812
5.57434 1.4171
5.57287 1.70927
5.56674 3.69934
5.55318 2.46069
5.52552 2.76352
5.44293 1.89087
5.42809 1.83464
5.41555 1.82264
5.40832 3.23465
5.3799 1.5574
5.31183 1.68365
5.29452 2.5511
5.23869 2.41695
5.23285 3.18051
5.16302 3.75429
5.09571 1.40973
5.07873 2.10069
5.06611 2.89
5.06116 2.27438
5.03777 2.88966
4.97667 4.04291
4.9537 1.67596
4.87793 3.8902
4.86564 2.50215
4.86269 3.71627
4.81304 2.57755
4.80595 2.74226
4.78124 3.12661
4.7718 3.25991
4.75534 4.2301
4.74127 3.72815
4.71738 2.96129
4.69947 3.84934
4.69535 2.75924
4.61966 3.395
4.61415 4.38484
4.61296 4.34628
4.58004 2.29208
4.52734 2.96306
4.49402 2.13562
4.46508 3.90816
4.36123 4.11079
4.35549 4.7292
4.24671 4.87554
4.21097 2.29487
4.19354 3.98626
4.15585 3.35359
4.15098 4.12997
4.13751 2.68386
4.11305 3.0859
4.10219 3.95802
4.07268 2.7718
4.05643 4.13797
4.02133 3.57626
4.0104 4.82927
3.99757 3.31656
3.9802 3.15525
3.97787 2.95774
3.96219 3.41012
3.93283 4.1574
3.89726 4.86639
3.8676 5.21298
3.85395 3.17466
3.83691 3.18311
3.81752 2.92905
3.8157 3.78424
3.76961 3.62382
3.73299 3.02667
3.70649 2.90982
3.65536 4.1566
3.62824 4.62584
3.57014 4.71592
3.55988 3.90982
3.52179 2.78258
3.49841 4.09041
3.48845 3.5174
3.48706 4.60088
3.42819 3.66645
3.42722 4.40721
3.36928 3.23457
3.33665 4.31359
3.27077 4.31622
3.20369 3.56039
3.19966 4.15912
3.18254 3.65968
3.13735 3.57924
3.0605 3.83714
3.04616 3.904
3.03495 5.29061
3.0349 4.74334
3.02653 3.34973
2.99538 3.90323
2.98895 3.97211
2.98063 3.48098
2.89731 3.6508
2.89499 4.15207
2.89287 5.2976
2.87522 4.60733
2.84509 5.71143
2.82987 5.34765
2.82238 5.52936
2.8093 4.67193
2.77958 5.59524
2.77694 6.10632
2.70253 5.37332
2.68594 5.94513
2.67066 5.35251
2.65333 4.12308
2.64034 5.97956
2.60616 3.90541
2.59285 6.31839
2.57672 6.38729
2.49862 4.22995
2.48767 4.94953
2.48228 5.24657
2.48015 5.5728
2.47107 5.62848
2.46733 3.74568
2.4598 4.90797
2.45829 4.94317
2.44308 6.1178
2.44117 5.78589
2.39377 4.591
2.36755 3.54886
2.357 4.86884
2.35055 4.8185
2.33477 5.73816
2.31857 6.06657
2.3083 3.82559
2.29757 4.61772
2.29572 3.97872
2.23459 3.89422
2.2075 5.50316
2.18593 5.48981
2.17222 5.84064
2.15794 5.58345
2.15526 4.31365
2.1522 5.874
2.14268 5.54875
2.12748 7.03189
2.08596 5.48128
2.06942 6.33167
2.0396 4.70398
2.03412 6.21791
1.97824 4.89658
1.97359 5.87008
1.95998 4.82666
1.95515 4.90192
1.95271 5.83391
1.94656 4.44296
1.94403 6.54812
1.9376 6.18257
1.92984 7.36745
1.91189 4.49967
1.9074 4.76976
1.89808 5.63412
1.87138 6.24826
1.82434 4.85058
1.8154 6.60375
1.80858 4.91704
1.80826 4.71065
1.80792 4.69176
1.80392 5.99446
1.80189 4.9188
1.79757 7.09109
1.79147 5.57784
1.78368 4.61865
1.75565 6.13051
1.74649 4.60895
1.74648 5.10411
1.73195 6.91839
1.69607 7.06986
1.6902 7.08435
1.6775 5.57715
1.67732 4.99518
1.67196 5.76974
1.66314 7.80619
1.63939 5.20631
1.59967 7.58699
1.59112 5.69331
1.58135 6.64082
1.57137 6.41068
1.56097 4.90308
1.55828 4.76595
1.55418 5.95251
1.55205 5.70192
1.54715 5.21487
1.53808 6.9253
1.52811 7.3713
1.51569 7.10021
1.50919 6.26842
1.49795 5.6232
1.48882 6.00682
1.46431 6.41205
1.4517 6.00375
1.44021 4.9856
1.43805 7.15936
1.43507 5.37462
1.41841 5.03546
1.40142 4.95684
1.3759 7.06743
1.3615 5.79052
1.34498 5.31816
1.33554 7.2152
1.30502 8.13982
1.30025 6.13062
1.19685 5.20974
1.18033 5.14746
1.17816 8.00187
1.17394 6.38755
1.13472 7.63821
1.1283 7.97736
1.12452 5.10857
1.12066 7.63409
1.0755 8.26225
1.06396 8.14637
1.05371 7.40049
1.04435 6.45174
1.04431 5.90472
1.04052 6.82159
1.03966 5.16571
1.03473 7.8103
1.0228 5.89661
1.01069 6.71102
0.990111 6.97298
0.964965 7.77151
0.954769 7.83344
0.936891 5.99955
0.934874 8.00931
0.925456 6.41616
0.913589 8.47442
0.900297 7.7851
0.870875 7.7214
0.838467 8.70462
0.831316 7.04544
0.816018 5.63354
0.808212 6.1003
0.80706 7.36747
0.766486 6.25328
0.756105 6.94356
0.722945 8.83134
0.719472 7.13467
0.716407 5.82842
0.6999 8.22711
0.695765 5.64414
0.695366 6.06203
0.666158 8.27326
0.642799 6.61555
0.628748 6.63887
0.625221 6.84752
0.616702 6.05267
0.61538 6.82612
0.611039 7.17844
0.600217 7.77009
0.588009 7.33952
0.577819 8.89683
0.574633 6.28907
0.552425 9.4516
0.53035 7.57014
0.527623 8.37237
0.5204 6.75988
0.512631 7.34046
0.511771 6.80971
0.498201 8.24932
0.495691 9.55702
0.463646 8.65469
0.462261 8.21398
0.461074 6.64336
0.458805 6.99367
0.452357 9.59476
0.447909 7.32895
0.446715 8.82963
0.439345 6.60672
0.433452 6.79451
0.413375 6.70664
0.410141 6.59231
0.394202 8.80205
0.38322 7.55296
0.361225 6.67945
0.357991 10.3022
0.353165 8.50313
0.341383 9.78721
0.335939 9.42708
0.335473 9.22554
0.334013 8.63227
0.333825 9.02004
0.309635 8.49619
0.287943 7.38853
0.281212 7.44196
0.277001 8.3525
0.264978 10.4118
0.255226 7.44482
0.235964 9.01548
0.235884 8.71311
0.230882 7.99466
0.226046 7.06651
0.222023 7.85661
0.217556 10.3121
0.212719 8.92234
0.20368 7.7353
0.203586 10.5074
0.202889 6.71063
0.200692 9.60214
0.196726 10.1686
0.193984 7.27326
0.19246 6.59978
0.188275 10.2088
0.186751 9.26013
0.181839 9.17371
0.180966 10.2604
0.179276 10.2581
0.178293 10.0074
0.16497 7.05634
0.161105 8.61836
0.159128 10.6169
0.152583 9.33824
0.142414 7.19895
0.139279 7.15945
0.137008 9.96227
0.131403 10.4154
0.129532 9.26933
0.12723 7.87024
0.124269 7.99904
0.123247 10.0127
0.116886 7.22632
0.115198 9.32276
0.114166 8.74045
0.11192 7.60845
0.110961 10.1102
0.0976183 8.36788
0.0963908 7.86325
0.0952771 8.83164
0.0946859 7.51455
0.0912436 11.0043
0.0886392 11.3799
0.0865366 8.67134
0.0826666 7.60535
0.0770252 9.37651
0.0749416 9.52817
0.0701887 7.44471
0.0680766 10.0383
0.0639 11.3229
0.0619414 8.17168
0.0602619 8.08551
0.0602135 10.9363
0.0601586 8.45321
0.0567631 7.31905
0.0563569 7.10273
0.0526813 10.3064
0.0500663 7.05515
0.0490279 8.69411
0.0483422 7.20532
0.04551 8.49881
0.0444371 10.2386
0.0387473 10.0992
0.0354297 10.6052
0.0339807 7.58189
0.0336717 10.84
0.0335772 10.6734
0.0330727 10.579
0.0306934 8.35599
0.0256679 8.44179
0.024992 8.95817
0.019612 7.21928
0.0181424 7.36184
0.0170995 9.88712
0.0155283 7.66582
0.0116464 10.5871
0.0091633 7.95403
0.00773783 11.1489
0.00728683 10.5504
0.00417426 7.41247
0.00309486 10.4715
0.00265482 10.1
0.00258813 9.26737
0.00198406 9.84184
0.00151552 8.13062
0.00109377 12.3436
0 0 0 0 0 0 0 0 0 1 
0 0 0 0 0 0 0 0 1 0 
1 0 0 0 0 0 0 0 0 0 
0 0.588546 0 0 0 0 0 0 0.411454 0 
0 0 0 0 0 0.553343 0 0 0.446656 0 
0 0 0 0 0 0 0 0 0 1 
1 0 0 0 0 0 0 0 0 0 
1 0 0 0 0 0 0 0 0 0 
0 0 1 0 0 0 0 0 0 0 
0 1 0 0 0 0 0 0 0 0 
1 0 0 0 0 0 0 0 0 0 
0 0 0 1 0 0 0 0 0 0 
0 1 0 0 0 0 0 0 0 0 
1 0 0 0 0 0 0 0 0 0 
0 0 0.643742 0 0 0 0 0 0.356258 0 
0 1 0 0 0 0 0 0 0 0 
0 0 1 0 0 0 0 0 0 0 
0 0 0 0 0 0 0 1 0 0 
0 1 0 0 0 0 0 0 0 0 
0 0 0 0 0 0 0 0 0 1 
0 1 0 0 0 0 0 0 0 0 
0 0 0 1 0 0 0 0 0 0 
0 0 0 0 0 0 0.364421 0 0 0.635579 
0 0 0 0 1 0 0 0 0 0 
0 0 0 0.24447 0 0 0.75553 0 0 0 
0 0 0 0 0 0 0 0.862736 0.137264 0 
0 0 0 0 0 0 1 0 0 0 
0 0 0 0 0 0 0 0 0 1 
0 0 0 0 0 0 0 0 1 0 
0.778737 0 0.221263 0 0 0 0 0 0 0 
0 0 0 0 0 1 0 0 0 0 
0 0 0 0 0 1 0 0 0 0 
0 1 0 0 0 0 0 0 0 0 
0 1 0 0 0 0 0 0 0 0 
1 0 0 0 0 0 0 0 0 0 
0 0 0 1 0 0 0 0 0 0 
0 0 0 0 0 0 0 0 1 0 
0 0 0 0 1 0 0 0 0 0 
0 1 0 0 0 0 0 0 0 0 
0.478201 0 0 0 0 0 0 0 0 0.521799 
0 0.288892 0 0 0 0.711108 0 0 0 0 
0 0 0 0 0 1 0 0 0 0 
1 0 0 0 0 0 0 0 0 0 
0 1 0 0 0 0 0 0 0 0 
0 0 0 0 1 0 0 0 0 0 
0 0 0 0 0 0 1 0 0 0 
0 0 0 0 1 0 0 0 0 0 
0 0 0 0 0 0 0 0 1 0 
0 0 0 0 0 0 1 0 0 0 
0 0 0 0 0 0 0 0 0 1 
0 0 0 0 0 0 0 0 0 1 
0 0 0 0 0 0 0 0 1 0 
1 0 0 0 0 0 0 0 0 0 
0 0 0 0 0 1 0 0 0 0 
0 0 1 0 0 0 0 0 0 0 
1 0 0 0 0 0 0 0 0 0 
0 0 0 0 0 1 0 0 0 0 
0 1 0 0 0 0 0 0 0 0 
1 0 0 0 0 0 0 0 0 0 
0 0 0 0 1 0 0 0 0 0 
0 0 0 0 1 0 0 0 0 0 
0 0 0 0 0 1 0 0 0 0 
0 0 0 1 0 0 0 0 0 0 
0 0 0 0 0 1 0 0 0 0 
0 0 0 1 0 0 0 0 0 0 
0 0 0 0 0 0 1 0 0 0 
0 0 0 0 0 0 1 0 0 0 
0.637729 0 0 0 0.362271 0 0 0 0 0 
0 0 0 0 0 0 0 1 0 0 
0 0 0 0 0 0 0 0 1 0 
0 0 1 0 0 0 0 0 0 0 
0 0 0 0 0 0 0 0 1 0 
0.331324 0 0 0 0.359211 0 0 0.309465 0 0 
0 0 0 1 0 0 0 0 0 0 
0 1 0 0 0 0 0 0 0 0 
0 0 0 0 0 0 0.475133 0 0 0.524867 
0 0 0 0 0 0 0 0 0 1 
0 0 0 0 0 1 0 0 0 0 
0 0 0 0 0 0 0 0 0 1 
0 0 0 1 0 0 0 0 0 0 
0 0 0 0 0 1 0 0 0 0 
0 0 0 0 1 0 0 0 0 0 
0 0 0 0 0.441638 0 0.558362 0 0 0 
0 0 0.472155 0 0 0 0.371072 0 0 0.156773 
0.547872 0 0 0 0 0 0.452128 0 0 0 
0 0 1 0 0 0 0 0 0 0 
0 0 0 0 0 0 1 0 0 0 
0 0 0.391755 0 0 0.608245 0 0 0 0 
1 0 0 0 0 0 0 0 0 0 
0 0 0 0 0 1 0 0 0 0 
0 0 0 0 1 0 0 0 0 0 
0 0 0 0 0 0 0 0 1 0 
0 1 0 0 0 0 0 0 0 0 
0 0 0 0 0 0 0 1 0 0 
0 0 0 0 0 0.240506 0 0.759494 0 0 
0 0 0.289146 0 0 0 0 0.710854 0 0 
1 0 0 0 0 0 0 0 0 0 
0 0 1 0 0 0 0 0 0 0 
0 1 0 0 0 0 0 0 0 0 
0 0 0 0.498474 0 0 0.501526 0 0 0 
0 0 0 0 0 0 0 0 0 1 
0 0 0 0 0 0 1 0 0 0 
0 0 0 0 0 0 0 0 1 0 
0 0 0 0 0 0 0.354841 0.645159 0 0 
0 0 0 0 1 0 0 0 0 0 
0.506331 0 0 0 0 0 0 0 0.493669 0 
0 0 0 0 0 0 0 0 0 1 
0 0 1 0 0 0 0 0 0 0 
0 0 0 0.516961 0 0 0 0.483039 0 0 
1 0 0 0 0 0 0 0 0 0 
1 0 0 0 0 0 0 0 0 0 
0 0 0 0 0 0 0 0 0 1 
0 0 0 0 0 0 0 0 0 1 
0 0 0 0 0 1 0 0 0 0 
0 0 0 1 0 0 0 0 0 0 
0 0 0 1 0 0 0 0 0 0 
0 0 0 0 0 0 0 0 0 1 
0 0 0 0 0 0 0 0 0 1 
0 0 0 0 0 0 0 0 0.522011 0.477989 
0 0 0 0 0 0 0 1 0 0 
1 0 0 0 0 0 0 0 0 0 
0 1 0 0 0 0 0 0 0 0 
0 0 0 0 0 0 0 1 0 0 
1 0 0 0 0 0 0 0 0 0 
0 0 0 1 0 0 0 0 0 0 
0 1 0 0 0 0 0 0 0 0 
0 0 0 0 1 0 0 0 0 0 
0 0 0 0 0.469097 0 0 0 0.530903 0 
0 0 0 1 0 0 0 0 0 0 
0 0 0 0 1 0 0 0 0 0 
0 1 0 0 0 0 0 0 0 0 
1 0 0 0 0 0 0 0 0 0 
0 0 0 0 0 0 0 0 1 0 
0 0 0 0 0 0 0 0 0 1 
0 0 0 0 0 0 0 1 0 0 
1 0 0 0 0 0 0 0 0 0 
0 0 0 0 0 1 0 0 0 0 
0 0 0 0 0 0 0 0 1 0 
0 0 0 0 1 0 0 0 0 0 
0 0 0 0 1 0 0 0 0 0 
0 0 0 0 0 0 0 0 0 1 
0 0 1 0 0 0 0 0 0 0 
0 0 0 0 0 0 1 0 0 0 
0 0 0 0 0 0 0 1 0 0 
0 0 0 0 0 0 0 1 0 0 
0 0 0 0 0 0 1 0 0 0 
0.484713 0 0 0 0 0 0 0.515287 0 0 
0 0 0 0 0 0 0 0 0 1 
0 0 0 0 0 0 1 0 0 0 
0 0 0 0 0 0 1 0 0 0 
0 0 0 0 0 0 1 0 0 0 
0 0.28631 0.71369 0 0 0 0 0 0 0 
0 0 0 0 0 0 0 0 1 0 
0 0 0 0 1 0 0 0 0 0 
0 0 0 0 0 0 0 0 1 0 
0 1 0 0 0 0 0 0 0 0 
0 0 0 0 0 1 0 0 0 0 
0 0 1 0 0 0 0 0 0 0 
1 0 0 0 0 0 0 0 0 0 
0 0 0.517244 0 0 0 0 0.482756 0 0 
0 0 1 0 0 0 0 0 0 0 
0 0 0 0 0 1 0 0 0 0 
0 0 0 0 0 0 1 0 0 0 
0 0 1 0 0 0 0 0 0 0 
0 0 0 0 1 0 0 0 0 0 
0 0 0 0 0 0 1 0 0 0 
0 0 0 0 0 0 0 1 0 0 
0 0 0.400965 0 0 0.599035 0 0 0 0 
0 0 0 0 0 0 0 0 1 0 
0 0 0 0 0 0 0 0 1 0 
0 0 0 0 0 0 0 1 0 0 
0 0 0 0 1 0 0 0 0 0 
0 0 0 1 0 0 0 0 0 0 
0 0 0 0 0 0 1 0 0 0 
0 0 0 0 0 0 1 0 0 0 
0 1 0 0 0 0 0 0 0 0 
0 0 0 0 0 0 0 0 1 0 
0 0 1 0 0 0 0 0 0 0 
0 0 1 0 0 0 0 0 0 0 
0 0 0 0 0 0.562767 0 0.437233 0 0 
0 0 0 0 0 1 0 0 0 0 
0 0 0 0 0 0 0 0 1 0 
0 0 0 1 0 0 0 0 0 0 
0 0 0 0 0 0 0 1 0 0 
0.484388 0 0 0 0 0 0 0 0 0.515612 
0 0 0 0 0 0 0 0 1 0 
0 0 0 0 0 1 0 0 0 0 
1 0 0 0 0 0 0 0 0 0 
0 0 0 0 0 0 0 0 0 1 
0 0 1 0 0 0 0 0 0 0 
0 0 0 0 0 1 0 0 0 0 
0 0 0 0 0 1 0 0 0 0 
1 0 0 0 0 0 0 0 0 0 
0 0 0 0 0 0 0 0 1 0 
0 0 0 1 0 0 0 0 0 0 
1 0 0 0 0 0 0 0 0 0 
1 0 0 0 0 0 0 0 0 0 
1 0 0 0 0 0 0 0 0 0 
1 0 0 0 0 0 0 0 0 0 
0 0 0 0 0 1 0 0 0 0 
0 0 0 0 1 0 0 0 0 0 
0 0 0 0 0 0 0 1 0 0 
0 0 0 0 0 0 0.66859 0.33141 0 0 
0 0 0 0 0 0 0 0 0 1 
0 0 0 0 1 0 0 0 0 0 
0 0 1 0 0 0 0 0 0 0 
0 0 0 0 0 1 0 0 0 0 
0 0 0 0.472145 0 0.527855 0 0 0 0 
0 0 0 0 0 0 1 0 0 0 
1 0 0 0 0 0 0 0 0 0 
0 0 0 0 0 0.814099 0 0.185901 0 0 
0 0 0 0 0 0 0 0 1 0 
1 0 0 0 0 0 0 0 0 0 
0 0 0.244429 0 0 0.385679 0 0 0 0.369892 
0 0 0 0 0 0 0 1 0 0 
0.779151 0.220849 0 0 0 0 0 0 0 0 
0 0.733472 0 0 0.266528 0 0 0 0 0 
0 1 0 0 0 0 0 0 0 0 
0.794338 0 0 0 0 0 0 0.205662 0 0 
0 0 0 1 0 0 0 0 0 0 
0 0 1 0 0 0 0 0 0 0 
0 0.769336 0.230664 0 0 0 0 0 0 0 
0 0 0 0 0 1 0 0 0 0 
0.249788 0 0 0 0 0.241388 0 0 0.508824 0 
0 0 0 0 0 0 1 0 0 0 
0 0 1 0 0 0 0 0 0 0 
0 0.375132 0.509635 0 0 0 0.115234 0 0 0 
0 0 1 0 0 0 0 0 0 0 
1 0 0 0 0 0 0 0 0 0 
0 0 0 0 0 0 0 1 0 0 
0 0 1 0 0 0 0 0 0 0 
0 0 0 0 0 0 0 0 0 1 
0 0 0 0 0 0 0 0 1 0 
1 0 0 0 0 0 0 0 0 0 
0 0 0.805344 0 0 0 0.194656 0 0 0 
0 0 0 0 0 0 0 0.495188 0 0.504812 
0 1 0 0 0 0 0 0 0 0 
0 0 0 1 0 0 0 0 0 0 
0 0 0 0 1 0 0 0 0 0 
0 0 0 0 0 0 0 0 0 1 
0 0 0 0 0 1 0 0 0 0 
0 0 0 0 0 1 0 0 0 0 
0 0 0 0.790785 0 0 0 0.209215 0 0 
0.609368 0 0 0 0 0 0 0 0.390632 0 
0 0 1 0 0 0 0 0 0 0 
0 1 0 0 0 0 0 0 0 0 
0 0 0 0 0 1 0 0 0 0 
0.443082 0 0 0 0 0 0 0 0.556918 0 
0 0 1 0 0 0 0 0 0 0 
0 0 0 0 0 0 0 0 0 1 
0 0 0 0 1 0 0 0 0 0 
0 0 0 0 0 0 0 0 0 1 
0 0 0 0 0 1 0 0 0 0 
0 0 0 1 0 0 0 0 0 0 
0 0 1 0 0 0 0 0 0 0 
1 0 0 0 0 0 0 0 0 0 
0 0 0 0 0 0.593149 0 0 0.406851 0 
0 0 0 0 0 0 0 0 0 1 
0 0 0 0 1 0 0 0 0 0 
0 0 1 0 0 0 0 0 0 0 
0 0 0 1 0 0 0 0 0 0 
0 0 1 0 0 0 0 0 0 0 
0 0 0 0 0 1 0 0 0 0 
0 0 0 1 0 0 0 0 0 0 
0 0 0 0 0 0 0 0 0 1 
0 1 0 0 0 0 0 0 0 0 
0 0 0 0 0 0 0 0 1 0 
0.535224 0.464776 0 0 0 0 0 0 0 0 
0 0 0 1 0 0 0 0 0 0 
0 0 1 0 0 0 0 0 0 0 
0 0 0 0 0 0 0 1 0 0 
0 0 0 1 0 0 0 0 0 0 
0 0 0 0 0 0 0 0 1 0 
0 1 0 0 0 0 0 0 0 0 
1 0 0 0 0 0 0 0 0 0 
0 0 0 0 0 0 0 0 0 1 
0 0 0 0 0 0 0 0 1 0 
0 0 0 1 0 0 0 0 0 0 
0 0 0.262238 0 0 0.374058 0 0 0.363705 0 
1 0 0 0 0 0 0 0 0 0 
0 0 0 0 0 0 0 0 1 0 
0 0 0 0 0 0 1 0 0 0 
0 0.2743 0 0.7257 0 0 0 0 0 0 
1 0 0 0 0 0 0 0 0 0 
1 0 0 0 0 0 0 0 0 0 
0 0 1 0 0 0 0 0 0 0 
0 0 0 0 0 1 0 0 0 0 
1 0 0 0 0 0 0 0 0 0 
0.772437 0 0 0 0 0 0 0 0.227563 0 
0 0 0 0 0 0 0 1 0 0 
0 0 0 0 0 1 0 0 0 0 
0 0 0 1 0 0 0 0 0 0 
0 0 0 0 0 0 0 0 1 0 
0 0 0 0 0 0 0 0.240375 0.759625 0 
0 0 0 0.554644 0 0.445356 0 0 0 0 
0 0 0 1 0 0 0 0 0 0 
1 0 0 0 0 0 0 0 0 0 
0 0 0.696542 0 0 0 0 0 0 0.303458 
0 0 0 0 0 0 1 0 0 0 
0 0 0 0 0 0 0 0 0 1 
0.508814 0 0.18763 0 0 0 0 0 0 0.303556 
0 0 0 0 0 1 0 0 0 0 
0 0 0 0 0 0 0.464481 0 0.535519 0 
0 0 1 0 0 0 0 0 0 0 
0 0 0 0 0 0 0 1 0 0 
0 0 0 0 0 0.322067 0 0.677933 0 0 
0 0 0 0 0 0 0.740346 0.259654 0 0 
0 0 0 0 0 0 1 0 0 0 
0 0 0 0 0 1 0 0 0 0 
0 0 0 0 0 0 1 0 0 0 
0 0 1 0 0 0 0 0 0 0 
0.584246 0.415754 0 0 0 0 0 0 0 0 
1 0 0 0 0 0 0 0 0 0 
0 0 0 0 0 0 1 0 0 0 
0 0 0 0 0 0 0 0 0 1 
0 0 0 0 1 0 0 0 0 0 
0 0 0 0 0 0 0 0 1 0 
0 0 0 0 0 0 0 0 0 1 
0 0 0 0 0 0 1 0 0 0 
0 0 0 1 0 0 0 0 0 0 
0 1 0 0 0 0 0 0 0 0 
0 0 0 0 0 0 0 1 0 0 
0 0 0 0 0 0 0 0 1 0 
0 0 0 1 0 0 0 0 0 0 
0 0 0 0 0 0 0 0 1 0 
0 0 1 0 0 0 0 0 0 0 
1 0 0 0 0 0 0 0 0 0 
0 0 1 0 0 0 0 0 0 0 
0 0 0 0 1 0 0 0 0 0 
0 0 0 0 0 0 0 1 0 0 
0 0 0 0 1 0 0 0 0 0 
0 0 0 0 0 1 0 0 0 0 
0 0.0845993 0.497894 0 0 0 0 0.417506 0 0 
0 0 0 0 0 0 0 0 0 1 
0 0 0 0 0 0 0 1 0 0 
0 0 0 0.891219 0 0 0.108781 0 0 0 
0 0 1 0 0 0 0 0 0 0 
0 0 0 0 0 0 0 1 0 0 
0 0 0 0 0 1 0 0 0 0 
0 0 0 0 1 0 0 0 0 0 
1 0 0 0 0 0 0 0 0 0 
0 0 0 1 0 0 0 0 0 0 
0 1 0 0 0 0 0 0 0 0 
0 1 0 0 0 0 0 0 0 0 
0 0 0 0 0 0.614568 0 0 0 0.385432 
0 0 0 0 0 0 0 0 0 1 
0 1 0 0 0 0 0 0 0 0 
0 0 0 1 0 0 0 0 0 0 
0 1 0 0 0 0 0 0 0 0 
0 0 0 1 0 0 0 0 0 0 
0 0 0 0 0 1 0 0 0 0 
0 0 0 0 0 0 0 1 0 0 
0 0 0 0 0 0 0 0 1 0 
0 0.69437 0 0 0 0 0 0 0.30563 0 
0 0 0 0 0 1 0 0 0 0 
0 0 0 0 0 0 0.549782 0 0.244051 0.206167 
0 0 0 0 0 0 0 0 0 1 
0 0 0 0 0 0 0 1 0 0 
0.117521 0 0 0 0 0 0.882479 0 0 0 
0 0 0 0 0 1 0 0 0 0 
0 0 0 0 0 0 0 0.535388 0.464612 0 
0 1 0 0 0 0 0 0 0 0 
1 0 0 0 0 0 0 0 0 0 
0 0 0 1 0 0 0 0 0 0 
0 0 0 0 0 0 0 1 0 0 
1 0 0 0 0 0 0 0 0 0 
0 0 0 0 0 1 0 0 0 0 
0 1 0 0 0 0 0 0 0 0 
0 0 1 0 0 0 0 0 0 0 
0 0 0 0 0 0 1 0 0 0 
0 0 1 0 0 0 0 0 0 0 
0 0 0 1 0 0 0 0 0 0 
0 0 0 1 0 0 0 0 0 0 
0 0.155733 0 0 0 0.844267 0 0 0 0 
0 0 0 0 0 0 0 0 0 1 
0 1 0 0 0 0 0 0 0 0 
0 0 1 0 0 0 0 0 0 0 
0 0 0 0 0 0 1 0 0 0 
0 0 0 0 0 0 0 0 1 0 
0 0 0 0 0 1 0 0 0 0 
0.320163 0 0 0 0.346189 0 0 0 0.333648 0 
0 0 0 0 0 0 0 0 0 1 
0 0 0.29451 0 0.70549 0 0 0 0 0 
0 0 0 0 0 0 0.374462 0.625538 0 0 
0 1 0 0 0 0 0 0 0 0 
0 0.6534 0 0 0.3466 0 0 0 0 0 
0 0 0 0 0 0 0 1 0 0 
0 0 0 0 0 0.15444 0 0 0.84556 0 
0 0 0 0 0 1 0 0 0 0 
0 1 0 0 0 0 0 0 0 0 
0 0 0 0 1 0 0 0 0 0 
0 1 0 0 0 0 0 0 0 0 
0 0 0 0 0 0 1 0 0 0 
0 1 0 0 0 0 0 0 0 0 
0 0 0 0 0 0 0 0 1 0 
0 1 0 0 0 0 0 0 0 0 
0 1 0 0 0 0 0 0 0 0 
1 0 0 0 0 0 0 0 0 0 
0 0 1 0 0 0 0 0 0 0 
0 0 0 0 0 0 0 0 0 1 
1 0 0 0 0 0 0 0 0 0 
0 0 0 0 0 0 0 1 0 0 
0 0 0 0 0 0 1 0 0 0 
0 0 0 0 0 0 0 0 1 0 
1 0 0 0 0 0 0 0 0 0 
0 0 0 0 0 1 0 0 0 0 
0 0 1 0 0 0 0 0 0 0 
0 0 0 1 0 0 0 0 0 0 
0 0 0 0 1 0 0 0 0 0 
0 0 0 0 1 0 0 0 0 0 
1 0 0 0 0 0 0 0 0 0 
0 0 0 0 0 0 0 0 0 1 
0 0 0 0 0 0 1 0 0 0 
0 0 0 0 0 0 1 0 0 0 
0 0 0 0 0 0 1 0 0 0 
0 0 1 0 0 0 0 0 0 0 
0 0 0 0 0 0 1 0 0 0 
0.615505 0 0 0 0.384495 0 0 0 0 0 
0 0 0 1 0 0 0 0 0 0 
0 0 0 1 0 0 0 0 0 0 
0 1 0 0 0 0 0 0 0 0 
0.539646 0 0 0 0 0 0 0 0 0.460354 
0 0 0 0 0 1 0 0 0 0 
0 0 0 1 0 0 0 0 0 0 
0 0 0 0 0 0 0 1 0 0 
0.330171 0 0.306394 0.363434 0 0 0 0 0 0 
0 0 1 0 0 0 0 0 0 0 
0 0 0 0 0 0 0 0 0 1 
0 0 0 1 0 0 0 0 0 0 
0 0 0 0 0 0 0 1 0 0 
0 1 0 0 0 0 0 0 0 0 
0 0 0 0 0 0 1 0 0 0 
1 0 0 0 0 0 0 0 0 0 
1 0 0 0 0 0 0 0 0 0 
0 0 0 1 0 0 0 0 0 0 
0 0 0 0 0 0 0 1 0 0 
0 0 0 1 0 0 0 0 0 0 
0 0 0 0 0 0 0 0 0 1 
0 0 0 0 0 0 0 0 0 1 
0 0 0 0 0 0 0 0 0 1 
1 0 0 0 0 0 0 0 0 0 
0 0 0 0 1 0 0 0 0 0 
0 0 0 0 0 0 0.332706 0.667294 0 0 
0 0 1 0 0 0 0 0 0 0 
1 0 0 0 0 0 0 0 0 0 
0 0 0 0 0 0 0 0 1 0 
1 0 0 0 0 0 0 0 0 0 
0 0 0 0 0 0 0 0.835848 0 0.164152 
0 0 0 0 0 0 1 0 0 0 
0 0 0 0 1 0 0 0 0 0 
0 0 0 0 1 0 0 0 0 0 
0 0 0 0 0 1 0 0 0 0 
0 0 0 0 0 0 0 0 1 0 
0 0 0 0 0 0.367948 0.632052 0 0 0 
0 0 0 0 0 0 0 0 1 0 
0 0 0 0 0.559613 0 0 0 0 0.440387 
0 0 0 0 0 0 0 0.329014 0.670986 0 
0 1 0 0 0 0 0 0 0 0 
0 0 1 0 0 0 0 0 0 0 
0 0 0 0.605398 0 0 0 0.394602 0 0 
0 0 0 0 0.582996 0 0 0 0.417004 0 
0 0 0 0 1 0 0 0 0 0 
0 0 0 0 0 0 0 1 0 0 
0 0 0 0 0 1 0 0 0 0 
0 0 0 0 1 0 0 0 0 0 
0 0 0 0 1 0 0 0 0 0 
0 0 1 0 0 0 0 0 0 0 
0 0 0 0 0 0 1 0 0 0 
0 0.581037 0 0 0 0.207213 0 0 0.211749 0 
0 0 0 0 0 0 0 0 1 0 
0 0 0 0 0 0 0 1 0 0 
0 1 0 0 0 0 0 0 0 0 
0 1 0 0 0 0 0 0 0 0 
0 0 0 0 0 0 0 0 0 1 
0 0 0 0 0 0 0 1 0 0 
0 0 0 0 0 0 0.288228 0 0.711772 0 
0 0 0 0 0 1 0 0 0 0 
0 0 0 0 0 0 1 0 0 0 
0 0 0 0 0 1 0 0 0 0 
0 0 0 0 0 0 1 0 0 0 
0 0 1 0 0 0 0 0 0 0 
0 0 0 0 0 0 0 0 1 0 
1 0 0 0 0 0 0 0 0 0 
0 0 0 0 0 1 0 0 0 0 
0 0 0 0 0 0 0 1 0 0 
0 0 0 0 0 0 0 0 0 1 
0 0.335323 0 0 0.561629 0 0 0.103048 0 0 
1 0 0 0 0 0 0 0 0 0 
0 0 0 0 1 0 0 0 0 0 
0 0 0 1 0 0 0 0 0 0 
0 0 0 1 0 0 0 0 0 0 
0 0 0 0 1 0 0 0 0 0 
0 1 0 0 0 0 0 0 0 0 
0 0.532685 0 0 0 0 0 0 0 0.467315 
0 0 0 1 0 0 0 0 0 0 
0 0 0.573338 0 0 0 0.426662 0 0 0 
0 0 0 0 0 0 0 0 0 1 
0 1 0 0 0 0 0 0 0 0 
0 0.542005 0.457995 0 0 0 0 0 0 0 
0 0 0 0 0 1 0 0 0 0 
