10 150
0.582256
0.480439
0.672797
0.363863
0.464207
0.744488
0.673659
0.48036
0.741677
0.257962
10.7111 0.803302
10.6084 0.388003
9.55413 0.152248
9.52023 1.15177
9.5187 1.44307
9.066 1.50098
9.06507 0.381861
8.97116 0.571442
8.95926 1.58346
8.8144 0.286984
8.76302 0.378753
8.65609 1.09728
8.52172 0.957963
8.47723 1.46505
8.43909 0.906525
8.34338 1.10993
8.31534 0.291016
8.227 1.09668
7.73783 1.79335
7.61652 2.31527
7.56224 1.29371
7.49739 2.60329
7.47985 0.620864
7.47414 1.79808
7.41201 2.22209
7.40256 1.49287
7.37213 1.52345
7.2763 0.747414
7.25726 1.77407
7.14397 1.45688
7.08838 1.6813
7.03456 1.43397
6.8585 0.688548
6.72497 0.650439
6.59229 0.856868
6.5206 1.4018
6.46168 2.43471
6.38703 3.21632
6.36441 1.87663
6.20132 1.38468
6.0758 0.883413
5.97656 2.56329
5.86423 2.87946
5.82314 1.3057
5.79147 2.89507
5.57126 2.45535
5.46697 2.43866
5.2634 2.79262
5.06782 1.76307
4.89937 2.97008
4.79223 2.67362
4.7899 3.00153
4.77224 3.75836
4.75702 3.8391
4.5426 2.16746
4.30358 4.06395
4.21218 3.59542
4.19869 2.37541
4.09886 2.38567
4.05268 2.65252
4.04325 2.7494
4.0002 4.98284
3.98393 4.07144
3.9544 3.30141
3.81849 3.34588
3.70851 3.30055
3.65662 2.99055
3.61571 3.23613
3.58858 4.74569
3.47104 4.27931
3.46103 4.01894
3.23525 4.15192
2.93846 5.83714
2.87781 3.7077
2.81966 4.1941
2.79918 5.16795
2.52044 5.74815
2.41292 5.12259
2.41099 5.98391
2.40958 4.5342
2.32413 4.32635
2.30535 4.45843
2.2912 3.97818
2.28581 4.63764
2.17179 4.90415
2.14652 5.83219
2.1224 5.69516
2.04798 5.09396
2.03417 4.83603
1.96489 6.09725
1.95584 6.3866
1.91715 6.65254
1.79346 4.98555
1.77537 5.55402
1.70198 4.42939
1.57686 5.59532
1.48565 5.2304
1.48013 7.50718
1.45216 6.33276
1.41924 5.6717
1.36558 5.56749
1.36075 4.55893
1.3441 6.41514
1.29319 6.69699
1.2391 5.15518
1.2257 6.17873
1.13918 7.30331
1.06166 6.75359
1.02627 7.77817
1.00072 5.16131
0.998375 8.09609
0.967487 6.58555
0.93493 6.86595
0.887838 8.60454
0.879456 7.27079
0.877653 8.26994
0.856382 7.70824
0.834352 8.4074
0.800683 6.90002
0.760458 6.09721
0.753373 7.89929
0.734448 8.61614
0.663406 8.35715
0.593313 8.48292
0.588313 9.48434
0.527128 6.21707
0.440127 6.11623
0.398898 9.63046
0.379253 8.14787
0.317773 7.70371
0.252405 8.90013
0.211926 6.68794
0.193583 6.72585
0.179445 8.82691
0.164748 8.81578
0.160018 9.41795
0.139568 8.384
0.131992 7.27325
0.129936 7.65037
0.116789 8.69059
0.0596482 11.4423
0.0531729 7.83511
0.0482463 9.3686
0.040927 9.94118
0.0169706 9.67376
0.00921365 7.69691
0.00555182 10.0908
0.00425284 9.74756
0.0023638 7.56722
0.00132849 8.16212
0 0 1 0 0 0 0 0 0 0 
0.464626 0 0 0 0 0 0 0.535374 0 0 
1 0 0 0 0 0 0 0 0 0 
0 0 0 0 0 0 0 0 1 0 
0 0 0 0 0 0 0 0 1 0 
0 0 0 0 0 0 0 0 1 0 
1 0 0 0 0 0 0 0 0 0 
0.498067 0.501933 0 0 0 0 0 0 0 0 
0 0 0 0 0 0 0 0 1 0 
0.250203 0 0 0 0 0 0 0 0 0.749797 
1 0 0 0 0 0 0 0 0 0 
0 0 0 0 0 0 0 1 0 0 
0 0 0 0 0 0 0 1 0 0 
0 0 0.322282 0.677718 0 0 0 0 0 0 
0 0 0 0 1 0 0 0 0 0 
0 0.190459 0 0 0 0 0 0 0 0.809541 
0 0 0 0 0 0 0 1 0 0 
1 0 0 0 0 0 0 0 0 0 
0 0 0 0 0 0 0 0 0 1 
0 0 0 0 1 0 0 0 0 0 
0 0 0 0 0 0 0 0 0 1 
0 0 0 0 0 0 1 0 0 0 
0 0 0 0 0 1 0 0 0 0 
0 0 0 1 0 0 0 0 0 0 
0 0 0 0 0 0.617394 0 0 0 0.382606 
0 0 0 0 0.617499 0 0 0 0 0.382501 
0 0 0.359492 0 0 0.640508 0 0 0 0 
1 0 0 0 0 0 0 0 0 0 
0 0 0 0 0 0 0 0 1 0 
0 0 0 1 0 0 0 0 0 0 
0 0 0 0 0 0 1 0 0 0 
0.339827 0.660173 0 0 0 0 0 0 0 0 
0 1 0 0 0 0 0 0 0 0 
0 1 0 0 0 0 0 0 0 0 
0 0 0 0 0 0 0 0 0 1 
0 0 0 0 0 0 0 0 1 0 
0 0 0 0 0 0 0.179269 0 0 0.820731 
0 0 0 0 0 0 0 1 0 0 
0 0 1 0 0 0 0 0 0 0 
0 0 0 0.369711 0 0 0 0.321185 0 0.309104 
0 0 0 0 1 0 0 0 0 0 
0 0 0 1 0 0 0 0 0 0 
0 0 0 0 0 0 1 0 0 0 
0 0 1 0 0 0 0 0 0 0 
0 0 0 0 0 0 0 1 0 0 
0 0 0 0 0 0 0 0.309817 0.690183 0 
0 0 0 0 0 0 0 0 1 0 
0 0 0 0 0 0 0.905131 0.0948686 0 0 
0 0 0 0 0 0 0 1 0 0 
0 1 0 0 0 0 0 0 0 0 
0 0 0 0 0 1 0 0 0 0 
0 0 0 0.502002 0 0.497998 0 0 0 0 
0 0 0 0 0 1 0 0 0 0 
0 0 0 0 0 0 0 0 0 1 
0 0 0 0 1 0 0 0 0 0 
0 0 0 0 0 1 0 0 0 0 
0 0 0 0 0 0 0 0.677584 0.322417 0 
0 0.621606 0 0 0 0 0 0 0 0.378394 
0 0 1 0 0 0 0 0 0 0 
0 0 0 0 0 0 0 0 1 0 
0 0 0 0 0 0 0 0 1 0 
0 0 0 1 0 0 0 0 0 0 
0 0 0.213377 0 0 0 0 0 0 0.786623 
0 0 0 0 0 0 1 0 0 0 
0 0 0 0 0 0 0 0 0 1 
0 0 0 0 0 0 0 1 0 0 
0 0 0 0 0 0 0 1 0 0 
0 0 0 0 0 0 0 0 1 0 
0 0 0 0 0 1 0 0 0 0 
0 1 0 0 0 0 0 0 0 0 
0 0 0 0 0 0 0.491876 0 0 0.508124 
0 0 0 0 0 0 0 0 0 1 
0 0 0 0 0 1 0 0 0 0 
0 0 0 0 0 0 0 0 1 0 
1 0 0 0 0 0 0 0 0 0 
0 0 0 0 0 0 0 0.512802 0.487198 0 
0 1 0 0 0 0 0 0 0 0 
0 0 0 0 0 1 0 0 0 0 
0 0 1 0 0 0 0 0 0 0 
0 0 0 1 0 0 0 0 0 0 
0 0 0 0 0 0 0 0 0 1 
0 0 0 0 0 0 1 0 0 0 
0 0 0 1 0 0 0 0 0 0 
0.71421 0 0 0.28579 0 0 0 0 0 0 
0 0 0 1 0 0 0 0 0 0 
0 0 0 0 0 0 0 0 0 1 
0 0 0 0 0 0 0 0 1 0 
0 0 0 0 1 0 0 0 0 0 
0 0 0 0 0 0 0 1 0 0 
0 0 0 1 0 0 0 0 0 0 
0 0 0 0 0 0 0 0 0.785979 0.214021 
0 0 0 0 0.814236 0 0 0.185764 0 0 
0 0 0 1 0 0 0 0 0 0 
0 0 0 0 0 1 0 0 0 0 
0 0 0 0 1 0 0 0 0 0 
0 0 0 0 0 0 0 0.449547 0.550453 0 
1 0 0 0 0 0 0 0 0 0 
1 0 0 0 0 0 0 0 0 0 
0 0 0 0 0 0 0 0 0 1 
0 0 1 0 0 0 0 0 0 0 
0 0 0 1 0 0 0 0 0 0 
0 0 0 1 0 0 0 0 0 0 
0 1 0 0 0 0 0 0 0 0 
0 0 0 0 0 0 1 0 0 0 
0 1 0 0 0 0 0 0 0 0 
0 0 0 0 0 0 0 1 0 0 
0 1 0 0 0 0 0 0 0 0 
0 1 0 0 0 0 0 0 0 0 
0 0 0 0 0 0 0 0 1 0 
1 0 0 0 0 0 0 0 0 0 
0 0 0 0 0 0 1 0 0 0 
0 0 0 0 0 0 1 0 0 0 
0 0 0.691774 0.308226 0 0 0 0 0 0 
0 0 0 0 0 0 0 0 0 1 
0 0 0 0 0 0 0 0 1 0 
0 0 0 0 0 0 1 0 0 0 
0 0 0 0 1 0 0 0 0 0 
0 0 0 0 1 0 0 0 0 0 
0 0 0 0 0 0 0 1 0 0 
0 0 0 0 0 0.481498 0 0 0.518502 0 
0.474491 0.525509 0 0 0 0 0 0 0 0 
0 0 0 0 0 0 0 0 0 1 
0 0 0 0 0 0 0 0 1 0 
0 0 0 0 0 0 0 1 0 0 
0 0 0 0 0 0 0 0 1 0 
0 0 0 0 0 0 0 0 1 0 
0 0 0 0 0 0 1 0 0 0 
0 1 0 0 0 0 0 0 0 0 
0 0 1 0 0 0 0 0 0 0 
0 0 1 0 0 0 0 0 0 0 
0 0 0 1 0 0 0 0 0 0 
0 0 0 0.495252 0 0 0 0 0.504748 0 
0 0 0 0 0 0 0 0 1 0 
0 0 0 0 1 0 0 0 0 0 
0 0 0 0 0 0 0 0 1 0 
0 0 0 0 1 0 0 0 0 0 
0 0 1 0 0 0 0 0 0 0 
0 1 0 0 0 0 0 0 0 0 
0 0 0 0 0 0 1 0 0 0 
0 0 0 0 0 0 0 1 0 0 
0 0 0 0 0 0 0 1 0 0 
0 0 0 0 0 0 0 0 0 1 
1 0 0 0 0 0 0 0 0 0 
0 0.278674 0 0.721326 0 0 0 0 0 0 
0 1 0 0 0 0 0 0 0 0 
0 0 0 0 1 0 0 0 0 0 
0 0 0 0 0.707628 0 0.292372 0 0 0 
0 0 0 1 0 0 0 0 0 0 
0 0 0 0 0 1 0 0 0 0 
0 0 0 0 0 0 0 0 1 0 
