5 25
0.362355
0.374436
0.392932
0.584631
0.66635
10.8463 0.220091
10.1584 0.328466
8.34776 0.942695
6.24006 2.39956
6.22796 2.48973
5.87359 1.30115
5.14343 2.08561
5.08604 2.25507
4.9937 2.38266
4.5396 4.52517
2.76843 4.04857
2.66736 5.42903
1.8076 4.42341
1.64154 5.99541
1.55012 7.51202
1.40868 7.57982
0.489724 6.72907
0.444516 7.20949
0.340793 6.41356
0.179745 7.61685
0.166775 9.82604
0.133374 9.4934
0.0378301 10.7248
0.0313408 11.0235
0.00110767 7.66517
0 0 0 1 0 
0 1 0 0 0 
1 0 0 0 0 
0 0 1 0 0 
0 0 0 1 0 
0 1 0 0 0 
0 1 0 0 0 
0 0 0 1 0 
1 0 0 0 0 
0 0 0 0 1 
0.250094 0 0 0 0.749906 
0 0 0 1 0 
1 0 0 0 0 
1 0 0 0 0 
0 0.281025 0.718975 0 0 
0 0 1 0 0 
0 1 0 0 0 
0 0 0 1 0 
0 0.753456 0 0 0.246544 
0.485076 0 0.514924 0 0 
0 0.808882 0 0 0.191118 
1 0 0 0 0 
0 0 0 1 0 
0 0 1 0 0 
1 0 0 0 0 
