5 500
0.723694
0.676116
0.549106
0.708968
0.396104
10.8368 0.171783
10.7977 0.683723
10.7875 0.476469
10.6754 0.116423
10.6458 0.466974
10.4923 0.325336
10.3562 0.193773
10.2335 0.783416
10.1833 0.189474
10.1831 0.936816
10.1275 0.84618
10.122 0.130652
10.0088 1.10865
10.001 0.711041
9.91829 1.04548
9.67031 1.16194
9.61088 0.624246
9.59104 0.171025
9.55144 0.195583
9.48566 0.363627
9.27383 0.569411
9.20791 0.56899
9.14808 1.11887
9.14612 0.376037
9.01393 0.260083
8.98198 0.613078
8.90504 1.03016
8.88692 1.12915
8.86967 1.54197
8.83719 0.706521
8.82419 0.451814
8.81559 0.30344
8.8079 0.373864
8.80497 0.348288
8.79152 0.422875
8.76291 1.09287
8.76074 0.640866
8.64761 0.365523
8.62831 0.956819
8.60792 1.52801
8.55138 1.08473
8.53047 0.797148
8.49454 0.248323
8.48869 0.543935
8.48416 0.875058
8.44633 1.03678
8.42343 1.82057
8.40631 0.688326
8.39308 1.16529
8.36074 1.71159
8.32993 1.15471
8.32922 1.91721
8.16299 1.0922
8.16001 1.61746
8.12276 0.296938
8.12217 1.3396
8.00307 2.04443
7.98769 1.8131
7.98631 1.05617
7.98235 1.85131
7.94369 0.449796
7.9429 1.64259
7.84321 1.30494
7.80766 0.433334
7.7695 2.07446
7.76423 1.90116
7.6892 0.80993
7.6649 1.54749
7.6603 1.555
7.61902 2.11286
7.59074 0.784043
7.52958 0.627828
7.50472 0.734406
7.47436 1.73762
7.44546 0.843179
7.43512 1.98246
7.36927 0.134194
7.33025 0.158733
7.31179 0.487697
7.30646 0.973522
7.2722 2.15163
7.25104 2.17295
7.24599 0.459978
7.23057 0.782935
7.20938 1.04612
7.19248 1.6893
7.06608 0.845432
7.01876 2.06696
7.01118 1.7134
6.86567 1.7422
6.81558 1.75419
6.80588 3.00274
6.7881 2.62199
6.78231 0.740029
6.71529 1.48616
6.60469 1.87441
6.54359 1.41692
6.45679 1.67216
6.41311 2.02598
6.35675 0.870205
6.35325 2.01021
6.35292 2.5629
6.33914 2.16599
6.30088 1.93186
6.29979 1.48532
6.2472 1.05427
6.2152 2.94086
6.17914 2.93446
6.13721 1.26887
6.1069 2.67764
6.06883 1.15873
6.04554 1.22335
6.01617 2.21286
6.00388 1.44608
5.95616 2.12019
5.93265 1.52319
5.91061 1.863
5.87675 2.26405
5.87148 1.66837
5.83152 2.72134
5.82638 2.34128
5.80854 1.24104
5.79811 1.94963
5.76503 2.46346
5.76019 2.44628
5.74588 1.42507
5.73676 3.18063
5.60481 3.51002
5.60048 2.93298
5.5921 3.23193
5.52576 1.86699
5.52218 3.44328
5.51563 2.24224
5.51541 3.2472
5.51398 1.68568
5.51126 2.69145
5.5085 1.63311
5.44256 2.25281
5.40876 2.84023
5.39194 1.89012
5.39015 1.60863
5.38821 2.32486
5.3664 2.92898
5.30475 3.34411
5.29373 3.75196
5.28673 1.93149
5.28039 2.32484
5.26313 3.82095
5.18776 4.11782
5.15294 2.17665
5.12974 2.99044
5.1137 3.43612
5.07583 3.09317
5.04954 2.93805
5.04748 3.11974
5.041 2.86726
4.99241 3.21736
4.9609 2.04234
4.9463 3.05737
4.91502 3.43211
4.8498 3.65772
4.79781 4.02221
4.79485 3.85341
4.75796 3.23744
4.74795 3.62002
4.74666 2.51113
4.72133 3.47512
4.69719 3.23246
4.68666 3.69199
4.67783 2.83496
4.60612 4.6691
4.6043 3.57365
4.5244 3.23975
4.48752 3.18641
4.47394 4.44834
4.46174 3.17504
4.39543 2.94805
4.38934 2.51952
4.37355 3.62723
4.29728 3.31152
4.28166 3.47854
4.23318 3.64962
4.17197 3.57575
4.14628 4.81262
4.13538 2.21077
4.09189 4.14817
4.09128 3.41232
4.07366 3.57521
4.02932 3.01902
4.00794 2.76131
3.96012 3.36143
3.93074 3.65714
3.88376 4.14298
3.87226 4.31442
3.86447 4.32782
3.82642 4.39423
3.81893 3.08306
3.81473 4.62487
3.79421 3.99899
3.73968 3.2828
3.70707 2.48445
3.66295 4.88277
3.64987 3.15844
3.64627 3.81201
3.6294 3.78554
3.6023 3.19852
3.56188 4.88581
3.52859 4.51533
3.47246 4.31313
3.47096 4.44971
3.43934 5.57836
3.41828 3.37431
3.37977 3.06791
3.37842 2.6749
3.3383 3.5315
3.33265 4.32337
3.30097 4.41199
3.28666 3.10382
3.26587 3.82883
3.26458 5.31575
3.22143 4.63932
3.2147 3.95511
3.16941 4.78999
3.16532 5.29256
3.13625 3.44319
3.07585 5.22293
3.04507 4.58571
3.02459 5.47716
3.01922 3.34149
3.00767 5.88969
2.99884 3.84911
2.98134 5.32743
2.96624 3.94896
2.93231 3.76991
2.92947 4.09145
2.92629 5.36842
2.909 3.61158
2.88941 3.7706
2.86046 3.92948
2.78872 4.59387
2.76259 4.66006
2.761 3.65216
2.74491 5.37222
2.74176 5.48981
2.74161 5.60275
2.71906 4.6461
2.65791 6.55208
2.65742 6.16227
2.64858 4.29809
2.64393 5.3259
2.61779 5.59669
2.60652 4.55336
2.56338 4.89453
2.48509 5.15147
2.45524 3.36326
2.45063 4.82689
2.43909 4.80304
2.42945 5.34198
2.41373 5.22451
2.36069 4.50042
2.36041 5.88805
2.35539 5.48863
2.34336 4.3087
2.3273 4.2858
2.29683 5.96317
2.29035 3.58609
2.28133 5.72575
2.2812 4.18583
2.27642 4.02017
2.26851 4.86548
2.25175 6.65755
2.24684 6.13206
2.23291 4.4451
2.22602 4.24279
2.16126 4.30404
2.15707 4.43205
2.15067 6.2379
2.12493 6.07871
2.12353 5.62692
2.11741 4.86847
2.04441 4.40212
2.03319 5.15479
2.00042 4.80978
1.99904 4.33159
1.96756 4.23986
1.94248 6.21923
1.93966 4.47318
1.86679 6.4906
1.86417 4.99758
1.80712 6.75412
1.79099 6.25639
1.76268 4.62646
1.76201 4.90833
1.75803 7.08753
1.75185 4.34595
1.7347 5.16126
1.70895 6.24741
1.683 5.48611
1.67997 5.50273
1.65641 4.94561
1.6313 5.36276
1.62624 5.55473
1.61886 5.98989
1.61407 5.028
1.61066 6.46789
1.60779 4.65447
1.55854 5.4815
1.53155 5.28335
1.5264 6.81438
1.5081 5.82256
1.46112 6.2442
1.4233 4.4491
1.41778 7.31531
1.40895 7.30695
1.39826 5.92192
1.39486 4.71548
1.38708 5.85745
1.35895 4.77507
1.35249 6.19967
1.33599 4.92932
1.32825 4.72185
1.30437 6.47173
1.3003 5.34197
1.29449 6.97149
1.28897 7.9039
1.25773 4.76997
1.25545 8.28438
1.23885 6.26648
1.22516 5.67062
1.19623 6.8262
1.18247 5.56737
1.16172 6.75111
1.15885 6.83009
1.15046 5.93179
1.14089 6.31424
1.12135 5.33809
1.10779 7.35835
1.10209 5.90878
1.09768 7.67459
1.06508 5.9215
1.05468 5.49422
1.05122 6.12772
1.05117 5.3945
1.04873 6.67827
1.04452 5.11358
1.03331 8.47619
1.00338 5.32471
0.999254 6.32704
0.978819 7.73213
0.97871 6.35216
0.968006 6.60031
0.956642 6.81871
0.949948 5.37228
0.944211 5.91791
0.935584 7.50138
0.914162 8.06875
0.909986 8.30984
0.908173 6.4653
0.884237 6.86805
0.881862 7.58684
0.87081 6.62785
0.865479 6.77015
0.823677 8.34606
0.822208 7.93159
0.784732 6.38498
0.778217 6.81632
0.759454 8.30334
0.746649 8.64045
0.735613 6.81371
0.733818 6.78206
0.702599 8.89242
0.685587 6.66441
0.678713 7.16558
0.676742 6.68652
0.661527 7.50522
0.658497 9.25959
0.6164 9.52646
0.613512 8.52897
0.604075 7.22702
0.602284 5.51865
0.59717 7.15796
0.594024 7.78847
0.576223 7.13021
0.573038 5.87787
0.56573 7.7156
0.564377 8.18476
0.558358 6.66193
0.542182 7.21827
0.530983 7.09888
0.522085 8.50394
0.518713 5.84363
0.514063 8.19835
0.509885 6.25352
0.506951 6.01295
0.48251 7.06912
0.469297 7.95735
0.467736 7.36725
0.461442 8.00328
0.455034 6.3238
0.434811 8.63632
0.42583 7.09075
0.424714 8.16496
0.420671 6.92465
0.415451 9.62317
0.397447 8.82539
0.377991 7.24009
0.355324 8.53554
0.35361 9.58249
0.351532 6.471
0.349257 8.59638
0.346314 8.41389
0.342769 6.31782
0.324762 6.56475
0.312473 6.33922
0.308214 7.4175
0.307196 9.84635
0.293778 8.43877
0.292865 7.8599
0.292839 6.67634
0.287435 7.24642
0.274161 6.90802
0.270231 10.4337
0.267354 7.2249
0.258495 9.56788
0.250234 10.2817
0.24924 7.35693
0.246562 6.60535
0.22955 6.39522
0.228392 9.92624
0.228297 9.803
0.222075 7.47977
0.217945 6.77052
0.205258 7.13393
0.199803 9.72804
0.198787 7.85712
0.197069 10.731
0.19591 6.74075
0.19439 9.35659
0.193958 9.11139
0.192405 9.61084
0.192365 8.12776
0.186418 6.7074
0.180279 7.01551
0.173962 9.21941
0.173461 9.26586
0.16599 7.96099
0.159767 8.82656
0.159489 10.531
0.150761 9.51982
0.142555 8.17909
0.138311 8.19603
0.133314 7.90389
0.131509 7.71304
0.11552 8.10169
0.115046 7.97957
0.113217 7.18625
0.111628 10.8085
0.109683 6.68717
0.109307 9.71085
0.104668 10.8638
0.0960988 8.79904
0.0931588 7.91755
0.0868444 7.93562
0.0760521 10.4757
0.0721423 9.64173
0.0716988 8.52252
0.0684558 9.28179
0.0681118 8.05367
0.0679294 9.17938
0.0654835 8.2019
0.0634238 11.1501
0.0625021 7.67223
0.0618667 10.1201
0.0616473 7.42109
0.0599312 8.61687
0.0451845 7.22896
0.04395 9.52922
0.0404144 8.51848
0.040175 7.93571
0.0375739 9.27365
0.0294737 7.26425
0.0275545 10.5976
0.0273335 10.1964
0.0264871 11.706
0.0255338 9.15353
0.0249283 8.56555
0.0219504 10.2079
0.0199811 11.3431
0.0197291 10.0818
0.0182194 9.09891
0.0147341 10.5974
0.0145646 10.9741
0.0134474 11.463
0.00907314 9.79894
0.00899069 8.44647
0.0086231 9.02225
0.00486951 10.0539
0.00367425 10.8475
0.00291338 9.36413
0.00162442 8.45756
0 0.857337 0 0.142663 0 
1 0 0 0 0 
1 0 0 0 0 
1 0 0 0 0 
0 0 0 1 0 
0 0 0 0 1 
0 0.681474 0.318526 0 0 
0 0 1 0 0 
1 0 0 0 0 
0 0 1 0 0 
0 1 0 0 0 
0 1 0 0 0 
0 0 0 1 0 
0 0 0 0 1 
0 0 0 0 1 
0 1 0 0 0 
0 0 0 1 0 
0 0 0 1 0 
0 1 0 0 0 
0 0 0 0 1 
1 0 0 0 0 
0 1 0 0 0 
0 0 0 1 0 
0 0 0 0 1 
1 0 0 0 0 
0 1 0 0 0 
1 0 0 0 0 
0 0 0 1 0 
0 0 1 0 0 
1 0 0 0 0 
1 0 0 0 0 
0.62308 0 0 0.37692 0 
0 0 0 1 0 
0 1 0 0 0 
0 0 1 0 0 
0 0 0 0 1 
0.503453 0 0 0.496547 0 
1 0 0 0 0 
0 1 0 0 0 
0 0 1 0 0 
0 1 0 0 0 
0 0 1 0 0 
0 0 0 1 0 
1 0 0 0 0 
0 0 0 0 1 
0 0 0 1 0 
0 0 0 1 0 
0 0 0 0 1 
0 0 0 1 0 
0 1 0 0 0 
0 0 1 0 0 
0 0 1 0 0 
0 0 1 0 0 
0 1 0 0 0 
0 0 1 0 0 
1 0 0 0 0 
0 0 0 0 1 
1 0 0 0 0 
0 0 0 0 1 
0 0.343955 0 0 0.656045 
0 0 1 0 0 
0 0 0 0.783382 0.216618 
0 0 0.560987 0 0.439013 
0 0 1 0 0 
0 0 0 0 1 
0 0.558616 0.441384 0 0 
0.730634 0 0 0.269366 0 
0.600244 0 0 0 0.399756 
0 1 0 0 0 
0 0 1 0 0 
0 1 0 0 0 
0 0 1 0 0 
0 1 0 0 0 
0 0 0 0 1 
0 0 0 0 1 
0 0 0 0 1 
0 0 0.68392 0 0.31608 
0 0 0.178197 0.821803 0 
0 0 1 0 0 
0 0.479304 0 0.520696 0 
0 0 0 0 1 
1 0 0 0 0 
0 0.637838 0.362162 0 0 
0 0 0 1 0 
0 0 1 0 0 
0 0 1 0 0 
0 0 0 1 0 
1 0 0 0 0 
0 0 0 1 0 
0 1 0 0 0 
0 0 0 0 1 
0 0 0 0 1 
1 0 0 0 0 
0 0 1 0 0 
0 1 0 0 0 
0 1 0 0 0 
0 1 0 0 0 
1 0 0 0 0 
0 1 0 0 0 
1 0 0 0 0 
1 0 0 0 0 
0 0 0 0 1 
0 0 0 1 0 
0 0 0 0 1 
0.413705 0 0.586295 0 0 
0 0 0 1 0 
0 1 0 0 0 
0 0 0 1 0 
0 0 0 0 1 
0 0 0 0 1 
0 0 0 0 1 
0 0 1 0 0 
0 0 1 0 0 
0 0.382768 0 0.617232 0 
0 0 0 0.565899 0.434101 
0.464199 0 0.180624 0.355177 0 
0 0 0.673215 0.326785 0 
0 0 1 0 0 
0 0 0 1 0 
0 1 0 0 0 
0 1 0 0 0 
1 0 0 0 0 
0 0 0 1 0 
0 0 0 0 1 
0 0 0 0 1 
0.498392 0 0.501608 0 0 
0.643768 0 0.356232 0 0 
1 0 0 0 0 
0 0 1 0 0 
0 0 0.263581 0 0.736419 
0 0 0 1 0 
0 0 0.677355 0.322645 0 
0 0 0.66996 0 0.33004 
0 0 1 0 0 
0 0 1 0 0 
0 1 0 0 0 
1 0 0 0 0 
0 0 1 0 0 
1 0 0 0 0 
0 0 1 0 0 
0 1 0 0 0 
0 0 0 1 0 
1 0 0 0 0 
0 0 0 0 1 
0 0 1 0 0 
0 0 1 0 0 
0 0 0.348512 0.651488 0 
0 0 0 1 0 
0 0 0.29063 0 0.70937 
0 0 0 0 1 
1 0 0 0 0 
0 0 0 1 0 
0 0 1 0 0 
0 0 0.144255 0 0.855745 
0 0 1 0 0 
0 1 0 0 0 
0 0 0 0 1 
0.751852 0 0.248148 0 0 
0 0 0 1 0 
0 0 1 0 0 
0 1 0 0 0 
0 0 0 1 0 
0 1 0 0 0 
1 0 0 0 0 
0 0 0 1 0 
0 0 1 0 0 
1 0 0 0 0 
1 0 0 0 0 
0 1 0 0 0 
0 0.593576 0 0.406424 0 
0 1 0 0 0 
0 0 1 0 0 
0 0 0 1 0 
0 1 0 0 0 
0 0 1 0 0 
0 0 0 1 0 
0 0 0 1 0 
0 0 0.474623 0.525377 0 
0 0 0 1 0 
0 0 0 1 0 
0 0 0 1 0 
1 0 0 0 0 
0 1 0 0 0 
0.331972 0 0.668028 0 0 
0.840808 0 0 0.159192 0 
0 0 1 0 0 
0 1 0 0 0 
0 0 0 1 0 
0 0.27164 0 0.72836 0 
0 1 0 0 0 
0 0 0 1 0 
1 0 0 0 0 
0 0.590335 0.409665 0 0 
0 0.398796 0 0.391161 0.210043 
0 1 0 0 0 
0 0.094614 0 0.346282 0.559104 
1 0 0 0 0 
0 0 0 0 1 
0 0 1 0 0 
1 0 0 0 0 
0 0 0 0 1 
1 0 0 0 0 
0.188278 0 0 0.811722 0 
1 0 0 0 0 
0 0.409807 0.315529 0.274663 0 
0 0 1 0 0 
0.12382 0.348809 0 0 0.527371 
0 0 0.165239 0.834761 0 
1 0 0 0 0 
0 0 1 0 0 
0 0 0 0 1 
0 0 1 0 0 
0.807251 0 0 0.192749 0 
0 0 1 0 0 
0 0 0 1 0 
1 0 0 0 0 
0 1 0 0 0 
0 0 0 0 1 
0 0 0 0 1 
0 1 0 0 0 
0 0 1 0 0 
1 0 0 0 0 
0 1 0 0 0 
0 0.649112 0.350888 0 0 
0 0 0 1 0 
0 0 0 0 1 
0 0 0 1 0 
0 0 0 1 0 
0 0 0 0 1 
0 0 1 0 0 
0 0.537496 0 0 0.462504 
0 1 0 0 0 
0 0 0 1 0 
0 1 0 0 0 
1 0 0 0 0 
0 1 0 0 0 
0 1 0 0 0 
0 0 1 0 0 
0 0 0 0 1 
0 0 0 0 1 
0 0 0 0 1 
0 0 1 0 0 
0 1 0 0 0 
0 0 1 0 0 
0 0 1 0 0 
0 0 0 1 0 
0 0.591742 0 0.408258 0 
0 0 0 0 1 
0.312904 0 0 0 0.687096 
0 0 1 0 0 
0 0 0 1 0 
0 0 0 0 1 
0.339883 0 0.660117 0 0 
0 0 1 0 0 
1 0 0 0 0 
0 0 0 1 0 
1 0 0 0 0 
0.583195 0 0.416805 0 0 
0 1 0 0 0 
0 0 1 0 0 
0 0.756939 0 0 0.243061 
0 0 1 0 0 
1 0 0 0 0 
0.431566 0 0 0.568434 0 
0 0 1 0 0 
0 0 1 0 0 
0 0 1 0 0 
0.546485 0 0 0.453515 0 
0 0 0 1 0 
0 0 1 0 0 
0 0 0 0 1 
0 0 0 0 1 
0 0.361548 0.638452 0 0 
0 0 1 0 0 
0 0 1 0 0 
0 0 0 1 0 
0 1 0 0 0 
0 0 0.373815 0.626185 0 
0 0 1 0 0 
0 0 0 0 1 
0 0 1 0 0 
0 0 0 0 1 
0 0 0 1 0 
0.642551 0 0.357449 0 0 
0 0 0 1 0 
0 0 1 0 0 
1 0 0 0 0 
0 0 0 0 1 
0 0 0 0 1 
1 0 0 0 0 
0 0.397009 0.602991 0 0 
0 0 0 1 0 
0 0 0 0 1 
0 0 1 0 0 
0 0 0 0.349903 0.650097 
1 0 0 0 0 
0 0 1 0 0 
0 1 0 0 0 
0 1 0 0 0 
0 0 0 0 1 
0.687067 0 0 0.312933 0 
0 0 1 0 0 
0 0 0 1 0 
0 0.513316 0.486684 0 0 
0 0 0 0 1 
0 0 0 0 1 
1 0 0 0 0 
0 1 0 0 0 
0 0 0 1 0 
0 1 0 0 0 
0 0 0 0 1 
0 0 0 0 1 
0 0 0 1 0 
0 0 0 1 0 
0.476135 0 0 0.523865 0 
0 0 0 1 0 
0 0 0 1 0 
0 0 1 0 0 
0 0 0 1 0 
0.622269 0 0 0 0.377731 
0 1 0 0 0 
0 0 0 0 1 
0.816205 0.183795 0 0 0 
0 0.60624 0.39376 0 0 
0 0 0 1 0 
0 0 0 0 1 
0 0 1 0 0 
0 0 0 0 1 
1 0 0 0 0 
0 0 0 0 1 
1 0 0 0 0 
0 0 0 0 1 
1 0 0 0 0 
0 1 0 0 0 
0 1 0 0 0 
0 1 0 0 0 
1 0 0 0 0 
1 0 0 0 0 
0 1 0 0 0 
0 0 1 0 0 
0 0 1 0 0 
0 0 0.591134 0.408866 0 
0 1 0 0 0 
1 0 0 0 0 
1 0 0 0 0 
0 0 1 0 0 
0 0 0 1 0 
1 0 0 0 0 
0 0 0 1 0 
0 0 1 0 0 
0 0 0 1 0 
0 0.485894 0.379751 0 0.134355 
1 0 0 0 0 
0.330578 0.669422 0 0 0 
1 0 0 0 0 
0 1 0 0 0 
0.684856 0.315144 0 0 0 
0 0 1 0 0 
1 0 0 0 0 
0 0 0 1 0 
0 0 0 1 0 
0 0 1 0 0 
0 0 1 0 0 
1 0 0 0 0 
1 0 0 0 0 
0 0 0 0.137672 0.862328 
0 0 1 0 0 
0.341282 0.393568 0 0 0.265151 
0 0 0 0 1 
0 0 0 0 1 
0.126627 0.873373 0 0 0 
0 0 1 0 0 
0 0 0 1 0 
0 0 1 0 0 
0 0 0 1 0 
1 0 0 0 0 
0 1 0 0 0 
0 0 0 1 0 
1 0 0 0 0 
0 0 0 0 1 
0 0 1 0 0 
0 0 0 0 1 
0 1 0 0 0 
0 0 1 0 0 
0 0 0 1 0 
1 0 0 0 0 
0 0 1 0 0 
1 0 0 0 0 
0 0 1 0 0 
1 0 0 0 0 
0 0 0 1 0 
0 0 1 0 0 
0 0 0.76292 0 0.23708 
0 0 0 1 0 
0 0 0 0.297734 0.702266 
0.440921 0.128286 0.430793 0 0 
0 1 0 0 0 
0 0.395555 0.48575 0.118695 0 
0 1 0 0 0 
0 0 0 1 0 
0.411888 0.588112 0 0 0 
0 0.52739 0 0.47261 0 
0 1 0 0 0 
0 0 0 0 1 
0 1 0 0 0 
1 0 0 0 0 
0 0.744044 0.255956 0 0 
0 0 0 0 1 
0.542731 0 0 0.457269 0 
0 1 0 0 0 
0 1 0 0 0 
0 0 0 0 1 
0 0 1 0 0 
0.42794 0.57206 0 0 0 
0 1 0 0 0 
0 0 0 1 0 
0 1 0 0 0 
0 0 1 0 0 
0 1 0 0 0 
0 0 1 0 0 
0 0 1 0 0 
0 0 1 0 0 
1 0 0 0 0 
0.132942 0 0 0 0.867058 
0 1 0 0 0 
0 1 0 0 0 
0 0 0 1 0 
1 0 0 0 0 
0 0 0 1 0 
0 0 0 1 0 
0 0 0 1 0 
0 0.720576 0 0 0.279424 
0 0 0 0 1 
0 0 0 1 0 
0 0 0 1 0 
0 0 0 1 0 
0 0 0 1 0 
0 0 0 0 1 
0 0 0.261592 0 0.738408 
0 0 1 0 0 
1 0 0 0 0 
0 0 0 1 0 
1 0 0 0 0 
0.364693 0 0 0.635307 0 
0 0 0 0 1 
0 0.342181 0 0 0.657819 
0 0 0 0 1 
0 0 0 0 1 
0.458706 0 0 0.541294 0 
0 0 0 0 1 
0 0 0 0 1 
0 0 0 0 1 
0 0 0 0 1 
0 1 0 0 0 
0 0 0 1 0 
0 0 0.517183 0 0.482817 
0 0 0 1 0 
0 0 1 0 0 
0 0 1 0 0 
0 0 1 0 0 
0 0 0 1 0 
0 0 0 0 1 
0.678127 0 0.321873 0 0 
0 0 1 0 0 
0 1 0 0 0 
0 0 0 0 1 
0 0 0 0 1 
0 0 0 0.524365 0.475635 
0 0 1 0 0 
0 0 0 1 0 
0 0 0 0 1 
0 0 0 0 1 
0.72773 0.27227 0 0 0 
0 1 0 0 0 
0 0 1 0 0 
1 0 0 0 0 
1 0 0 0 0 
0 0 0 0 1 
0 0 0 1 0 
0 1 0 0 0 
0 0 0 1 0 
0 0.660041 0.339959 0 0 
0 0 0 0 1 
0 0 1 0 0 
0 0 0 0.771315 0.228685 
0 0 0 1 0 
0 0 0 1 0 
0 0 1 0 0 
0 0 0 0 1 
0 0 0.614725 0.385275 0 
0 1 0 0 0 
0 0 1 0 0 
0 0 0 1 0 
0 0 0 1 0 
0 0 0 0 1 
0 0 1 0 0 
0 1 0 0 0 
0.384749 0 0 0.615251 0 
0 0 1 0 0 
0 0 0 0 1 
