5 300
0.641362
0.263106
0.495237
0.628984
0.595491
11.4111 0.460309
10.8992 0.134463
10.8303 0.450758
10.7739 0.570481
10.6852 0.515947
10.6712 0.100135
10.573 0.229768
10.3828 0.578848
10.3699 0.387205
10.2256 0.797152
10.118 0.690754
10.0096 0.671302
9.85324 0.497295
9.70164 0.748348
9.68649 0.118696
9.59104 0.517138
9.51413 0.605918
9.44379 1.34018
9.14123 0.398427
9.13721 1.5545
9.08939 0.412103
9.06514 1.18567
9.04376 1.0765
8.95764 0.800625
8.86534 0.603314
8.75261 1.55797
8.37853 0.512035
8.21966 2.24617
7.87108 0.361013
7.84608 1.27852
7.82681 1.37251
7.80441 1.37199
7.79974 0.578411
7.79329 0.0938986
7.6887 1.49888
7.67004 1.39548
7.66616 1.4589
7.66019 0.35838
7.64996 1.07435
7.63184 1.92859
7.57262 1.32991
7.51018 1.95423
7.45032 1.04875
7.37072 0.10146
7.34226 0.231614
6.89084 2.45214
6.88365 1.7349
6.80466 1.84538
6.77996 1.2547
6.66096 1.01925
6.65846 2.70636
6.56108 3.0453
6.5497 1.47092
6.50448 2.17829
6.48787 2.1849
6.37403 0.838411
6.36812 2.69496
6.34824 1.39551
6.30802 2.33705
6.29541 2.33442
6.29289 2.58147
6.12259 2.5905
5.97683 0.962002
5.96528 1.17705
5.93709 2.29724
5.91869 1.67391
5.88397 2.08161
5.88092 2.65908
5.8666 1.65979
5.8287 1.73587
5.77589 2.7312
5.72569 2.91207
5.71778 2.61622
5.71042 2.76022
5.66925 2.64995
5.65931 1.55126
5.59757 1.73069
5.57595 1.7516
5.53806 2.12408
5.5158 2.85448
5.40148 2.9832
5.38963 1.80578
5.28118 3.0269
5.20579 2.25114
5.19638 2.649
5.13419 2.40117
5.13018 4.21358
5.0287 2.37611
5.02622 2.86434
5.00026 2.90843
4.90408 2.04169
4.83979 3.49371
4.76896 3.64275
4.75872 3.39632
4.74984 2.03153
4.66141 4.83943
4.53443 3.6994
4.48629 3.79754
4.41491 3.69867
4.36416 3.99368
4.34854 3.7311
4.32579 2.55746
4.23151 3.51302
4.17583 3.28997
3.98896 3.01908
3.9217 3.30058
3.91362 3.23008
3.89513 4.01374
3.88991 2.37945
3.87826 3.60035
3.85295 3.06481
3.83745 3.01033
3.78834 5.06387
3.74753 4.2055
3.74302 4.15022
3.70525 3.31964
3.70412 3.0473
3.69925 2.6865
3.67236 4.0324
3.62163 2.90534
3.57589 3.72156
3.55186 3.17258
3.50502 5.83288
3.46373 3.21476
3.44228 4.31144
3.38355 3.7848
3.36706 3.5108
3.3596 2.98565
3.35215 4.81713
3.30408 3.16599
3.27337 2.66258
3.25986 5.67093
3.22874 5.12074
3.22763 3.03534
3.21686 4.52209
3.21282 3.62677
3.17582 4.63454
3.13042 3.11019
3.13025 4.88844
3.10973 3.89584
3.10421 5.19094
3.09998 4.51164
3.08696 5.75443
3.0825 2.95319
3.079 4.5404
3.0407 4.29688
3.02818 4.51708
2.93185 3.63405
2.82189 4.00146
2.81382 4.34144
2.74938 4.83855
2.74861 4.72202
2.729 3.85982
2.72356 5.19034
2.69728 5.27638
2.63333 4.86632
2.57403 4.17869
2.57236 3.98527
2.54399 4.28869
2.54155 3.97396
2.51624 5.73008
2.5148 4.93922
2.51269 3.34208
2.50296 5.74501
2.47012 5.10794
2.43513 5.94947
2.41593 5.24111
2.31701 5.89877
2.29907 6.11936
2.24398 5.00885
2.20271 4.18726
2.1831 4.60659
2.1829 5.12123
2.18023 4.13265
2.16203 4.54544
2.1611 4.50849
2.15789 4.63864
2.13223 4.52251
2.09567 5.66531
2.08157 6.96191
2.06623 3.66267
2.02741 5.70423
1.97991 5.26206
1.90361 6.58675
1.88849 6.4756
1.80985 5.03115
1.80685 4.37282
1.68206 6.41692
1.54781 5.47074
1.52566 4.88899
1.51521 6.71651
1.43075 7.657
1.42125 6.25445
1.419 4.93824
1.35282 7.72817
1.31377 5.84656
1.30979 7.2344
1.30235 6.86472
1.24886 7.17236
1.23948 5.12483
1.19655 6.12769
1.19152 8.20651
1.10959 7.79714
1.00462 8.09342
0.990385 7.69231
0.96969 8.29785
0.962273 8.47707
0.939533 5.46003
0.938831 5.40995
0.932409 8.07722
0.91391 7.63733
0.825373 8.58892
0.815872 7.4689
0.797563 6.88788
0.793821 8.3257
0.78813 5.57261
0.771251 7.26279
0.770633 6.90074
0.728529 8.10956
0.716586 8.09482
0.665439 8.66976
0.651407 8.40953
0.646712 7.23671
0.644674 8.55186
0.639945 6.49929
0.630619 6.74683
0.625014 6.21657
0.611091 6.33692
0.59395 7.31155
0.586266 7.53261
0.576743 8.74819
0.537935 8.26967
0.536117 7.92047
0.531682 5.97691
0.503736 8.61188
0.487076 7.47557
0.476651 7.56595
0.465267 7.94992
0.458674 7.68197
0.45427 9.33012
0.426581 9.32494
0.420248 6.40407
0.419123 7.87195
0.415185 6.68683
0.398506 9.67665
0.385101 6.67004
0.38423 5.93023
0.371253 6.31173
0.359554 7.01042
0.35102 9.2523
0.341305 6.74837
0.330585 8.63645
0.32658 7.67189
0.316644 9.9131
0.295389 9.96432
0.290783 8.26953
0.282645 9.98758
0.268123 9.515
0.237986 9.54088
0.221041 7.47269
0.212729 9.74602
0.210925 7.9669
0.210767 10.5466
0.210074 6.72835
0.204242 9.02397
0.193512 9.06997
0.171331 9.70937
0.170527 9.13694
0.163413 9.60396
0.157974 9.88788
0.150918 7.42676
0.14365 9.39618
0.138178 8.25232
0.120051 10.2212
0.118039 6.58878
0.115142 8.88245
0.109623 7.42851
0.0942273 8.10267
0.0907049 8.64345
0.0724294 9.02041
0.0617659 7.82704
0.0449245 11.259
0.0412996 9.68352
0.0384949 8.84487
0.0342675 10.2905
0.0317374 7.67198
0.030594 7.32989
0.027756 7.89132
0.0197491 10.6748
0.0178055 8.33202
0.0143621 10.1961
0.0100911 9.21699
0.00687437 7.71672
0.00636617 7.52142
0.00515259 11.4805
0.00473707 8.02745
0.00384255 11.8262
0.00247901 9.42143
0.00221403 9.5637
0.00105573 8.63786
0 0 0 0 1 
0 0 0 0.340397 0.659603 
0 0 1 0 0 
0 1 0 0 0 
0 1 0 0 0 
1 0 0 0 0 
0 1 0 0 0 
0.620342 0 0.379658 0 0 
0 0 1 0 0 
0 0 0 0 1 
0 1 0 0 0 
0 0 0 0 1 
0 0 0 0 1 
1 0 0 0 0 
0 0 0 0 1 
0 0 1 0 0 
0 0 0 0 1 
0 0 0 0.570507 0.429493 
1 0 0 0 0 
0 0 0 1 0 
0 0 0 1 0 
0 0 1 0 0 
0 1 0 0 0 
1 0 0 0 0 
0 0 1 0 0 
0 0 1 0 0 
0 0 0 1 0 
0 1 0 0 0 
0 0 0 0 1 
0 0 1 0 0 
0 0 0 1 0 
0 0 1 0 0 
0 0.690057 0 0 0.309943 
0 1 0 0 0 
0 0.11063 0 0.88937 0 
0 0 1 0 0 
0 0 1 0 0 
1 0 0 0 0 
0 0 1 0 0 
0 0 0 1 0 
0.458613 0 0 0 0.541387 
0 0 0 0 1 
0 0 1 0 0 
0 1 0 0 0 
0 0 0 1 0 
1 0 0 0 0 
0 0 0 0 1 
1 0 0 0 0 
1 0 0 0 0 
0 0 1 0 0 
0 1 0 0 0 
1 0 0 0 0 
1 0 0 0 0 
0 0 0.542285 0.457715 0 
0 0 1 0 0 
0 0 0 0 1 
0 0 1 0 0 
0 1 0 0 0 
0 0 0 0 1 
0 0 1 0 0 
0 0 1 0 0 
1 0 0 0 0 
0 1 0 0 0 
0 0 0 0.498459 0.501541 
0 0 1 0 0 
0 1 0 0 0 
0 1 0 0 0 
0 0 1 0 0 
0 0 0 1 0 
0 1 0 0 0 
0 0 1 0 0 
0 0 0 0.530213 0.469787 
0 0 0 0 1 
0 0 0 0 1 
0 0 1 0 0 
0 0.615645 0.384355 0 0 
0.710386 0 0 0 0.289614 
0 1 0 0 0 
0 0 0.853153 0.146847 0 
0 0 1 0 0 
1 0 0 0 0 
0 0 0 0 1 
0 1 0 0 0 
1 0 0 0 0 
0 0 1 0 0 
0.710078 0 0.289922 0 0 
0 0 1 0 0 
0 0 0 0 1 
0 0 0 0 1 
1 0 0 0 0 
1 0 0 0 0 
0 1 0 0 0 
0 0 0 1 0 
0 1 0 0 0 
0 0 0 1 0 
0 1 0 0 0 
0 0.874901 0 0.125099 0 
0.247031 0 0.752969 0 0 
0 1 0 0 0 
0.258392 0 0 0 0.741608 
0 0 0 0 1 
0 0 0 1 0 
0 0 0 0 1 
0 0 0 0 1 
0 0 0.597841 0 0.402159 
0 1 0 0 0 
0 1 0 0 0 
0 0 0 1 0 
0 1 0 0 0 
0.521766 0 0 0 0.478233 
0 0 0 1 0 
0 0 0 0 1 
0 1 0 0 0 
0.453097 0.546903 0 0 0 
0 0 0 1 0 
0 0 1 0 0 
0 1 0 0 0 
1 0 0 0 0 
0 0 0 0 1 
1 0 0 0 0 
0 0 0 0.44387 0.55613 
0 0 0 0 1 
0 0 0 0 1 
0.332559 0.667441 0 0 0 
0 0 0.632052 0 0.367948 
0 1 0 0 0 
0 0 1 0 0 
0 0 0 1 0 
0 1 0 0 0 
0 0 0 1 0 
1 0 0 0 0 
0 0 0 1 0 
0 0 1 0 0 
0 0 1 0 0 
0 0 0 0 1 
0 0 0 1 0 
0 0 0 0.671823 0.328177 
1 0 0 0 0 
0.72865 0.27135 0 0 0 
0 0 0 0 1 
0 0 1 0 0 
0.605139 0 0 0.394861 0 
0 1 0 0 0 
1 0 0 0 0 
0 0 0 1 0 
0 0 0 0.437125 0.562875 
0 0 0 0 1 
1 0 0 0 0 
0 1 0 0 0 
0 0 0 0 1 
0 0 0 0 1 
0 1 0 0 0 
0 0 0.418059 0 0.581941 
0 0 1 0 0 
0 0 0 1 0 
0 0 0 1 0 
0 0 0 1 0 
0 1 0 0 0 
0 0 0.334951 0.665049 0 
0 0 1 0 0 
1 0 0 0 0 
1 0 0 0 0 
0 0 0 1 0 
0 0 1 0 0 
0 0 1 0 0 
0 1 0 0 0 
1 0 0 0 0 
0 1 0 0 0 
0.677174 0 0 0.322826 0 
0 1 0 0 0 
1 0 0 0 0 
0 0 0 0 1 
0 0 0 0 1 
0 0 0 1 0 
0 0 0 1 0 
0 0 0 1 0 
0 0 1 0 0 
1 0 0 0 0 
0 0 0 0.512025 0.487975 
0 1 0 0 0 
1 0 0 0 0 
0 0 0 0 1 
0 1 0 0 0 
0 0 0 0 1 
0 0.735766 0 0 0.264234 
0 0 0 0 1 
0 1 0 0 0 
0 0 0 1 0 
1 0 0 0 0 
0 0 0 1 0 
0 0 0 1 0 
0 0 0 0 1 
1 0 0 0 0 
0 0.754419 0 0.245581 0 
0 0 1 0 0 
0 1 0 0 0 
0 1 0 0 0 
0 0 0 1 0 
0 0.518846 0.481154 0 0 
0 0 0 0 1 
0 0 0 0 1 
0 0 0 0 1 
0 0 0 0.41338 0.58662 
0 0.519418 0 0 0.480582 
0.626247 0.373753 0 0 0 
0 0 0 0 1 
0 0.434362 0 0 0.565638 
0 0 0 0 1 
0 0 1 0 0 
0 0.528327 0.471673 0 0 
0 0 0 0 1 
0 0.191568 0.808432 0 0 
0 0 0 1 0 
0 0 0 1 0 
0 0 0 1 0 
0 0 0 0 1 
0 0 1 0 0 
0 0 1 0 0 
0 0 1 0 0 
0 0.697418 0.302582 0 0 
0 0.798297 0 0.201703 0 
1 0 0 0 0 
0 0 0 1 0 
0 0 1 0 0 
1 0 0 0 0 
1 0 0 0 0 
0 1 0 0 0 
1 0 0 0 0 
0 0 0 1 0 
0 0 0 1 0 
0 1 0 0 0 
0.104557 0 0 0.637283 0.258161 
0 0 1 0 0 
0.558515 0.441485 0 0 0 
0 1 0 0 0 
0 1 0 0 0 
0 1 0 0 0 
0.210253 0 0.789747 0 0 
0 1 0 0 0 
0 1 0 0 0 
0 1 0 0 0 
0 1 0 0 0 
1 0 0 0 0 
0 0 0 1 0 
1 0 0 0 0 
0 0 0 0 1 
1 0 0 0 0 
0 0.415513 0 0 0.584487 
0.479341 0 0 0 0.520659 
0 1 0 0 0 
0 0 0 1 0 
0 1 0 0 0 
1 0 0 0 0 
1 0 0 0 0 
1 0 0 0 0 
0 0 0 0 1 
1 0 0 0 0 
1 0 0 0 0 
0 0 0 1 0 
0 0 0 1 0 
0 1 0 0 0 
0 1 0 0 0 
0 0.397994 0.602006 0 0 
0 0 0 1 0 
0 0 0 0 1 
0 0 0 1 0 
0 0 0 0 1 
0 0 1 0 0 
0 0.504207 0 0.495793 0 
0.258103 0 0.23428 0 0.507617 
0 0.375982 0 0 0.624018 
0 0 0 1 0 
0 0 1 0 0 
0 1 0 0 0 
0 0 0 1 0 
1 0 0 0 0 
0 0 0 1 0 
1 0 0 0 0 
0 0 0 0 1 
0 1 0 0 0 
1 0 0 0 0 
0.442978 0 0.557022 0 0 
0 0.740148 0 0 0.259852 
0 0 0 0 1 
0 0 0 1 0 
0 0 1 0 0 
0 0 0.523282 0.253929 0.222789 
0 1 0 0 0 
1 0 0 0 0 
0 0 0.503826 0.496174 0 
0 0 0 1 0 
0 0.384051 0 0.615949 0 
0 0 0 0 1 
0 1 0 0 0 
0 0 1 0 0 
0 0 1 0 0 
0.846475 0 0 0.153525 0 
0 0 1 0 0 
1 0 0 0 0 
0 0 0.321933 0 0.678067 
