10 500
0.492557
0.556582
0.677079
0.706122
0.290029
0.256194
0.599854
0.72553
0.513972
0.306948
11.8381 0.153133
11.6439 0.198624
11.2163 0.0871409
11.2149 0.182698
11.0155 0.107536
10.8173 0.232384
10.6761 0.372761
10.5742 0.513472
10.4564 0.564298
10.2994 0.638328
10.0628 0.627918
10.0605 0.198093
10.0109 0.808497
9.98924 0.541954
9.7747 0.361948
9.53644 0.709948
9.5082 0.402887
9.49497 0.485166
9.44107 0.208915
9.41792 1.01159
9.39452 0.857706
9.35586 1.20247
9.33729 1.34666
9.33034 0.464248
9.32034 1.07289
9.28107 1.25016
9.20159 1.06597
9.15689 0.772004
9.10224 1.07442
9.04646 1.10064
8.99771 1.14362
8.99582 1.56224
8.98083 1.3672
8.91099 0.713898
8.90868 1.29205
8.83001 1.14635
8.78714 0.546934
8.78318 0.221945
8.49835 0.674137
8.48568 1.65477
8.42225 0.765204
8.42088 0.993572
8.41308 1.35803
8.41294 0.122639
8.34952 0.665668
8.32582 1.20509
8.24531 0.852164
8.18334 0.927344
8.17747 1.31644
8.11912 0.621876
8.11508 0.307762
8.11278 1.63624
8.03612 1.34522
8.02441 0.257593
8.00992 1.90195
8.00875 1.48994
8.00336 0.700778
7.94767 1.44924
7.9019 2.08769
7.87007 0.9329
7.83791 1.4542
7.81486 1.54045
7.79976 0.351412
7.78748 1.60518
7.77895 2.11653
7.73492 0.753903
7.72525 1.72687
7.70967 1.74745
7.66563 2.15948
7.57722 0.598058
7.55654 1.49476
7.5392 0.783323
7.50969 1.89218
7.50013 0.233757
7.44338 1.75186
7.43632 1.56581
7.41297 1.70192
7.30544 0.941776
7.28516 1.63052
7.27644 1.8521
7.20918 1.27289
7.20458 2.39844
7.13339 1.28706
7.12724 1.95058
7.10663 1.4131
6.96988 2.56622
6.94962 1.60864
6.90286 2.29622
6.8793 2.16715
6.87541 0.559611
6.86883 0.988326
6.83946 0.93391
6.83306 2.43643
6.80844 1.37374
6.77472 1.74039
6.76929 1.48077
6.75023 0.963452
6.74831 1.99211
6.69072 1.18415
6.688 1.4062
6.67553 1.62735
6.63675 0.844442
6.59715 0.776248
6.46897 1.28196
6.42366 1.12571
6.41228 1.94703
6.38381 1.96975
6.3642 1.02275
6.34625 1.92552
6.28834 1.73117
6.25542 1.66361
6.23469 1.29261
6.19246 2.39338
6.14865 2.11121
6.10639 1.18768
6.09637 2.15419
6.09037 1.90236
5.99081 1.00562
5.97601 3.26014
5.91868 1.55469
5.88594 2.4297
5.84739 1.18522
5.8426 2.21632
5.8398 2.9558
5.82791 2.76774
5.80864 2.11214
5.80738 3.02603
5.74221 2.16632
5.69317 1.59871
5.66414 2.77591
5.65146 1.77743
5.64849 2.39921
5.63926 1.46698
5.6195 2.71283
5.57188 3.59083
5.54111 2.74239
5.41514 2.37995
5.40842 3.00469
5.39902 1.95501
5.35409 2.71004
5.35099 2.96817
5.34461 2.42231
5.31153 3.26148
5.30347 2.67953
5.27752 1.66696
5.26725 1.70361
5.24547 1.64353
5.23596 1.46565
5.23231 2.03824
5.22536 3.68633
5.16767 2.89509
5.15186 2.34417
5.14584 1.75537
5.13688 2.96128
5.13059 3.77594
5.12404 2.69849
5.10304 2.14828
5.10211 2.94899
5.09139 3.17996
5.06656 3.22719
5.06446 1.9575
4.96508 3.34652
4.95815 2.20877
4.93708 2.74681
4.92912 2.32735
4.9247 3.7306
4.91031 3.66987
4.89728 2.61105
4.89459 2.95844
4.83362 2.634
4.76789 3.75799
4.73314 1.8701
4.69258 3.54021
4.67966 3.38619
4.67868 3.40377
4.65634 2.62514
4.63109 3.20431
4.61821 2.90111
4.61621 2.645
4.53341 3.33016
4.52785 3.60293
4.52113 4.18818
4.50336 3.08025
4.49955 2.72502
4.4958 3.13171
4.37539 4.23204
4.34948 4.55698
4.3029 3.81012
4.26684 3.53201
4.24 3.45898
4.19211 3.54743
4.18364 4.63876
4.15451 3.22097
4.14591 3.77472
4.11631 4.4268
4.11084 2.86678
4.1097 3.29269
4.10433 2.71969
4.10116 4.22602
4.09681 3.34334
4.06992 5.21023
4.03385 3.69475
3.96005 3.2844
3.91759 3.11548
3.91477 2.72158
3.91275 3.52892
3.83262 4.08613
3.73162 2.88574
3.65331 3.48735
3.6476 4.90572
3.61767 3.00785
3.61344 5.4131
3.56412 4.27211
3.56008 4.63452
3.55308 3.97721
3.5265 4.46112
3.50405 3.41052
3.50124 5.69178
3.47187 3.4403
3.43412 3.41769
3.41287 3.84515
3.3828 4.07502
3.37739 4.12603
3.34518 4.71129
3.33757 5.07018
3.29701 4.93056
3.28792 5.94276
3.18173 5.11487
3.16181 4.56085
3.14573 5.20689
3.14534 2.94517
3.14376 4.22788
3.13474 4.16975
3.12552 4.46264
3.12147 3.58877
3.11104 5.10783
3.11009 3.19894
3.10244 3.21375
3.09367 5.53658
3.08738 4.51216
3.07384 5.10872
3.06845 5.29604
3.03635 5.66768
3.0346 5.73796
3.02082 4.83731
2.96759 4.67644
2.95969 3.95982
2.93711 5.04996
2.89687 4.34116
2.86037 4.18996
2.79929 4.78914
2.78855 5.46668
2.77448 3.98598
2.7635 4.87369
2.75774 5.43223
2.75751 5.07154
2.74776 5.83452
2.74051 5.25022
2.7075 4.08065
2.70369 4.99048
2.70046 4.69968
2.64398 4.966
2.63153 5.81436
2.62498 4.32735
2.61849 3.89483
2.59999 5.09036
2.55793 4.32817
2.55166 5.79252
2.49623 5.50564
2.48155 5.33205
2.46031 3.70726
2.3323 6.28553
2.31554 4.3093
2.31449 4.26789
2.30635 4.84658
2.24453 5.66523
2.23308 4.5421
2.22987 4.5197
2.21397 4.08363
2.19357 6.04662
2.18035 5.6828
2.17429 5.99173
2.15843 4.70311
2.15432 4.35364
2.12873 5.82868
2.12811 5.76441
2.06374 5.2928
2.03765 4.15938
2.03529 5.18661
2.0271 5.48074
2.01294 5.82935
2.00653 5.649
1.99249 5.18396
1.97461 5.21552
1.96556 4.83543
1.94093 7.26157
1.92792 4.59795
1.90809 7.10204
1.87165 4.63244
1.84035 5.76761
1.82433 4.97895
1.80515 7.0941
1.73885 6.35758
1.73832 5.1641
1.72262 7.40333
1.70996 6.34542
1.70556 4.84176
1.69954 5.00931
1.67221 7.42159
1.65586 5.4347
1.65388 5.17493
1.64227 7.07273
1.63024 6.35849
1.61421 6.85036
1.59881 6.70434
1.58972 5.38093
1.58193 5.55033
1.57874 4.49088
1.57488 5.52642
1.56584 6.95035
1.54038 6.62001
1.51942 5.41977
1.5037 4.82879
1.48937 5.7227
1.46338 7.99917
1.43825 7.05704
1.42315 6.43556
1.40752 7.17987
1.36986 6.76859
1.36833 7.54864
1.3635 5.59413
1.35948 5.93191
1.35208 7.21027
1.35129 5.86071
1.32734 6.34069
1.32338 5.33648
1.31732 7.61049
1.29493 7.68849
1.28519 6.34686
1.27801 7.15194
1.26207 5.86308
1.26161 5.69692
1.25996 6.05038
1.23666 6.3493
1.23318 7.97612
1.1836 5.84474
1.17388 6.80121
1.17258 5.38664
1.17161 6.57325
1.16331 6.71941
1.15604 5.06838
1.14365 5.03085
1.1359 7.77544
1.13475 7.5606
1.12851 5.13931
1.11609 6.31016
1.10323 6.263
1.07174 4.87273
1.06932 6.9668
1.06876 7.97351
1.06239 6.71508
1.02491 6.51993
1.02032 6.76403
1.01262 5.5609
0.977282 8.33681
0.951896 7.30402
0.937661 7.46707
0.928261 8.24266
0.917552 7.69518
0.878951 8.60625
0.854142 8.33217
0.846651 5.36502
0.846437 6.67431
0.844087 6.14704
0.839206 6.27227
0.8348 8.593
0.834094 8.38397
0.81833 8.30139
0.809941 6.21067
0.783976 8.30851
0.770865 8.27338
0.76679 7.13521
0.758099 6.95717
0.729641 6.45829
0.69519 9.07463
0.691173 8.84598
0.678683 8.48176
0.668562 6.08632
0.667456 8.18746
0.634914 8.03291
0.633652 8.47761
0.631787 8.14478
0.629421 6.13739
0.623565 7.27487
0.623156 7.07093
0.622492 8.25888
0.621702 6.5999
0.612383 6.18785
0.609885 6.3308
0.598802 6.6703
0.598625 9.24778
0.577214 6.68172
0.568455 8.2759
0.562994 7.49622
0.555637 8.02746
0.555176 9.67851
0.54523 9.00986
0.539156 8.24614
0.525345 9.39303
0.514338 9.38147
0.513228 7.10604
0.508276 7.22619
0.497947 7.35128
0.472026 6.59905
0.455864 8.6576
0.401321 6.17143
0.392794 8.74638
0.381707 8.23123
0.376496 8.76116
0.376458 7.88941
0.370661 7.53085
0.354176 8.5133
0.35308 8.31528
0.35072 7.83631
0.337067 8.94752
0.324773 6.13597
0.322363 7.51329
0.321116 7.67604
0.314585 8.45083
0.308498 8.41387
0.307024 9.29594
0.306799 6.14143
0.270152 10.0803
0.269208 9.86644
0.26196 6.92875
0.256947 8.51328
0.248189 7.30242
0.247419 7.50786
0.242007 6.81819
0.241171 7.37563
0.231764 6.90873
0.231094 10.563
0.224913 9.66864
0.212729 7.01549
0.211715 9.20882
0.203388 9.93061
0.197762 7.87381
0.19608 7.00629
0.18289 8.64742
0.178422 9.20271
0.177479 7.72145
0.169986 8.80945
0.169807 8.15621
0.169575 7.53206
0.157795 7.00519
0.153295 7.9832
0.150785 10.5831
0.149092 9.23382
0.147608 7.63428
0.146451 9.76373
0.144868 10.34
0.139364 6.76366
0.138481 10.7291
0.1364 10.6661
0.135418 7.18672
0.12676 8.50077
0.12543 10.1803
0.115524 8.23312
0.094228 9.0066
0.0832959 8.95735
0.0793574 8.28938
0.0763442 9.61955
0.0686409 10.399
0.0683961 9.18209
0.0609546 10.6544
0.0375997 8.83535
0.0353443 8.05674
0.0307987 9.72879
0.0290352 7.5143
0.0267179 9.99871
0.0245225 8.86914
0.0241602 10.5365
0.0189927 7.55867
0.0189418 9.5355
0.0166088 10.5679
0.0139491 11.6322
0.0109405 8.86667
0.00700381 11.9066
0.00611078 8.67299
0.00531652 9.94524
0.00484228 8.63854
0.00323626 9.35634
0.00283968 9.91596
0.00267905 11.1238
0.00265723 10.6604
0.00187646 10.9057
0.00155838 11.8314
0.00136583 12.0084
0.00131061 11.201
0.00105642 11.1074
0 0 1 0 0 0 0 0 0 0 
0 0 0 0 0 0 0 1 0 0 
0 0 1 0 0 0 0 0 0 0 
0 0 0 0 0 1 0 0 0 0 
0 1 0 0 0 0 0 0 0 0 
0 0 0 0 0 0 0 0 0 1 
0 0 0 0 1 0 0 0 0 0 
0 0 0 0 0 0 1 0 0 0 
0 0 0 0 0 0 0 0 0 1 
0 0 1 0 0 0 0 0 0 0 
0 0 0 0 0.475719 0.524281 0 0 0 0 
0 1 0 0 0 0 0 0 0 0 
0 0 0 0 1 0 0 0 0 0 
0 0 0 0 0 0 0 0 1 0 
0 0 0 0 0 0 0 1 0 0 
0 0 0 0 0 0 0 0 1 0 
0 0 0 0 0 0 0 1 0 0 
0 0 1 0 0 0 0 0 0 0 
0 0 0 0 0 0 0 1 0 0 
0 0 0 0 0 0 0 0 1 0 
0 0 0 0 0 0.431121 0 0 0.568879 0 
0 0 0 0 0 0 0 0 0 1 
0 0 0 0 0 0 0 0.260696 0.739304 0 
0 0 0 0 0 0 0 0 1 0 
0.839567 0 0 0 0 0 0 0 0 0.160433 
0 0 1 0 0 0 0 0 0 0 
0 0 0 0 0 1 0 0 0 0 
0 0 0 0 0 0 1 0 0 0 
0.696922 0.303078 0 0 0 0 0 0 0 0 
0 0.672278 0 0.327722 0 0 0 0 0 0 
0 0 0 0 0 0 1 0 0 0 
0 0 0 0 0 0 0 0 0 1 
0 0 0 0 0 1 0 0 0 0 
0 0 0 0 1 0 0 0 0 0 
0 0 0 0.376103 0 0 0 0 0.623897 0 
0 0 1 0 0 0 0 0 0 0 
0 1 0 0 0 0 0 0 0 0 
1 0 0 0 0 0 0 0 0 0 
0 0 0 0 0 0 0 1 0 0 
0 0 0 0 0 0 0 1 0 0 
0 0 0 0 0 0 0 0 0 1 
0 0 0 0.534793 0.110322 0 0 0 0.354885 0 
0 0 0 0 0 0.528361 0 0 0.471639 0 
0 0 0 0 0 0 1 0 0 0 
0 0 0 0 1 0 0 0 0 0 
0 0 0 0.770197 0.229803 0 0 0 0 0 
0.617155 0 0 0 0 0 0.382845 0 0 0 
0 0 0 0 0 1 0 0 0 0 
0 0 0 0 0 1 0 0 0 0 
0 0 0 0 1 0 0 0 0 0 
0 0 0.500685 0 0 0.499315 0 0 0 0 
1 0 0 0 0 0 0 0 0 0 
0 0 0 0 0 0 0 0 1 0 
0 0 0 1 0 0 0 0 0 0 
0 0 0 0 0 0 0 0 0 1 
0 0 0 0 1 0 0 0 0 0 
0 0 1 0 0 0 0 0 0 0 
0 0 0 0 1 0 0 0 0 0 
0 0 0 0 0 0 0 1 0 0 
0 0 0 0.537229 0 0 0 0 0 0.462771 
0 0 0 0 0 0 0 0 1 0 
0 0 1 0 0 0 0 0 0 0 
0 0 1 0 0 0 0 0 0 0 
0 0 0 0 0 0 0 1 0 0 
0 0 0 0 0 0 0 0.344813 0.655187 0 
0 1 0 0 0 0 0 0 0 0 
0 0 0 0 0 0 0 0 1 0 
0 0 0 0 0 1 0 0 0 0 
0 0 0 1 0 0 0 0 0 0 
0 0 0 0 1 0 0 0 0 0 
1 0 0 0 0 0 0 0 0 0 
0 0 1 0 0 0 0 0 0 0 
0 0 0 0 0 1 0 0 0 0 
0.484487 0 0 0 0 0 0 0 0.515513 0 
0 0 0 0 0 0 0 1 0 0 
0 0 0 0 1 0 0 0 0 0 
0 0 1 0 0 0 0 0 0 0 
1 0 0 0 0 0 0 0 0 0 
0 0 0 0 0 1 0 0 0 0 
0 0 1 0 0 0 0 0 0 0 
0 0 0 0 0 0 0 0 0 1 
0 0 0 0 1 0 0 0 0 0 
0 0 0 0 0 1 0 0 0 0 
0 0 0 0 0 0 0.586338 0 0.413662 0 
0 0 0 0 0 0 0 0 1 0 
0 1 0 0 0 0 0 0 0 0 
0 0 0 0 0 0 0 0 0 1 
0 0 1 0 0 0 0 0 0 0 
1 0 0 0 0 0 0 0 0 0 
0 0.43274 0 0 0 0 0.122122 0 0.445138 0 
0 0 0 0 0 0 1 0 0 0 
0 0 0 1 0 0 0 0 0 0 
0 0 0 0 0 0 0 0 0 1 
0 0 0 1 0 0 0 0 0 0 
0 0 1 0 0 0 0 0 0 0 
0 0 0 0 0 0 0 0 1 0 
0 0 0 0 0 0 0 0 0 1 
1 0 0 0 0 0 0 0 0 0 
0 0 0 0.765239 0 0 0 0 0 0.234761 
0.494241 0 0 0.505759 0 0 0 0 0 0 
0 0 0 0 0 0 0 1 0 0 
0 1 0 0 0 0 0 0 0 0 
0 0 0 0 0 0 0 0 1 0 
0 0 1 0 0 0 0 0 0 0 
0 0.767362 0 0 0 0 0.232638 0 0 0 
0 0 0 0 0 0 1 0 0 0 
0 0 0 1 0 0 0 0 0 0 
0 0 1 0 0 0 0 0 0 0 
0 0 0 0 1 0 0 0 0 0 
0 0 0 0 0 0 0 0.814475 0.185525 0 
0 0.504367 0 0 0 0 0 0.495633 0 0 
0 0 0 0 0 0 0 0 1 0 
0.286651 0 0 0 0 0 0 0 0 0.713349 
0 0 0 0 0 1 0 0 0 0 
0 0 0 0 0 0 1 0 0 0 
0 0 0 0 1 0 0 0 0 0 
0 0 0 1 0 0 0 0 0 0 
0.738163 0.261837 0 0 0 0 0 0 0 0 
0.799083 0 0.200917 0 0 0 0 0 0 0 
1 0 0 0 0 0 0 0 0 0 
0 0 0 0 1 0 0 0 0 0 
1 0 0 0 0 0 0 0 0 0 
0 0 0 0 0 0 0 1 0 0 
1 0 0 0 0 0 0 0 0 0 
0 0 0 0 0 0 0 0 0 1 
0 0 0 0 0.786059 0 0 0 0.213941 0 
0 0 0 0 1 0 0 0 0 0 
0 0.408212 0 0 0 0 0.591788 0 0 0 
0 0 0 0 0 0 1 0 0 0 
0 0 0 0 0 0 0 1 0 0 
0 0 0 0 0 1 0 0 0 0 
0.424019 0 0.15038 0 0 0 0.425601 0 0 0 
0 0 0 0 0 0 0 0 0.476503 0.523497 
0.567475 0 0 0 0 0 0 0 0 0.432525 
0 0 1 0 0 0 0 0 0 0 
0 0 0.38947 0 0 0.61053 0 0 0 0 
0 0 0 0 0 0 0 0 1 0 
0 0 0 0 1 0 0 0 0 0 
0 0 0 0 0 0 0 0 0 1 
0 0 0 0 0 0 0 1 0 0 
0 0 0 1 0 0 0 0 0 0 
0 0 0 0 0 0 0 0 0 1 
0 0.73706 0 0.26294 0 0 0 0 0 0 
0 0 0.637624 0 0 0 0.362376 0 0 0 
0 0 0 0 0 0 0 1 0 0 
0 0 1 0 0 0 0 0 0 0 
0 1 0 0 0 0 0 0 0 0 
0 0.491673 0.508327 0 0 0 0 0 0 0 
0 0 0 0 0 0 0 1 0 0 
0 0 0 0 0 0 0 0 1 0 
0 0 0 1 0 0 0 0 0 0 
0 0 0 0 0 0 1 0 0 0 
1 0 0 0 0 0 0 0 0 0 
0 0 0 0 0 0 0 1 0 0 
0 0 0 0 0 1 0 0 0 0 
0 0 0 0 0 0 0 0 1 0 
1 0 0 0 0 0 0 0 0 0 
0 0 0 0 0 0 0 1 0 0 
0 0 0 0 0 0 0 0 1 0 
0 0 0 1 0 0 0 0 0 0 
0 0 0 0 0 0 0 0 0 1 
0 0 0 0 0 0 0 0 0 1 
0 0 0 0 1 0 0 0 0 0 
0 0.323698 0.676302 0 0 0 0 0 0 0 
0 0 0 0.258232 0 0 0 0.741768 0 0 
0 1 0 0 0 0 0 0 0 0 
0 0 0 0 1 0 0 0 0 0 
0 0 0 0 0 0 0 0 1 0 
0 0 0 0 0 0 0 0 1 0 
0 0 0 0 0 1 0 0 0 0 
0.307843 0 0 0 0 0 0 0.692157 0 0 
0 0 0 1 0 0 0 0 0 0 
0 1 0 0 0 0 0 0 0 0 
0 0 0 0 1 0 0 0 0 0 
0 1 0 0 0 0 0 0 0 0 
0 0 0 0 0 0 1 0 0 0 
0 0 0 1 0 0 0 0 0 0 
0 0 0.826297 0 0 0 0 0 0 0.173703 
0.654679 0 0 0 0 0 0 0.345321 0 0 
1 0 0 0 0 0 0 0 0 0 
0 0 0 0 1 0 0 0 0 0 
0 0 0 0 0 0 0 1 0 0 
0 0 0 0 0 0.412898 0 0 0 0.587102 
0 0 0 0 1 0 0 0 0 0 
0 1 0 0 0 0 0 0 0 0 
0 1 0 0 0 0 0 0 0 0 
0 0 0 0.401756 0 0 0 0.598244 0 0 
0 0 0 1 0 0 0 0 0 0 
0 0 0 0 0 0 1 0 0 0 
0 0 0 0 1 0 0 0 0 0 
0 0 0 0 0 1 0 0 0 0 
0 0 0 0 0 0 0 0 0 1 
0 0 0 0 0 0 0 1 0 0 
0 0 0 0 0 0.579811 0 0.420189 0 0 
0 0 0 0 0 0 0.473443 0 0.526558 0 
0 0 0 0 0 1 0 0 0 0 
0 0 0 0 0 0 0 0 0 1 
1 0 0 0 0 0 0 0 0 0 
0 0 0 0 0 0 0 0 0 1 
0 0 0 0 0 0 0 1 0 0 
0 0 0 0 1 0 0 0 0 0 
0 0 0.613498 0 0.386502 0 0 0 0 0 
0 0 0 1 0 0 0 0 0 0 
0 1 0 0 0 0 0 0 0 0 
0 0 0 1 0 0 0 0 0 0 
0 0 0 0 0 0.306048 0 0 0.693952 0 
0 0 0 0 0 0 0 1 0 0 
0 0 0 0 0 0 0 0 1 0 
0 0 0 0 0 0 0 0 0 1 
0 0 0 0 0 0 0 0 0 1 
0 0 0 0 0.495666 0 0 0.504333 0 0 
0 0 0 0 0 0.626298 0.373702 0 0 0 
0 0 0 0 0 0 0 0 1 0 
0 0 0 1 0 0 0 0 0 0 
0 1 0 0 0 0 0 0 0 0 
0 0 0 0 0 0 0 0 1 0 
0 0 0 0 0 0 0 0 0 1 
0 0 1 0 0 0 0 0 0 0 
0 0 0 0 0 0 1 0 0 0 
0 0 0 1 0 0 0 0 0 0 
1 0 0 0 0 0 0 0 0 0 
0 0 0 0 0.527999 0 0 0 0 0.472001 
0 0 0 0 0 0 0 0 1 0 
0 0 0 1 0 0 0 0 0 0 
0 0 0 0 0 0.56856 0 0 0 0.43144 
0 0 0 1 0 0 0 0 0 0 
0 0 0 0 0 0 0 0 1 0 
0 0 0 1 0 0 0 0 0 0 
0 0 0 0 0 0 0 1 0 0 
0 0 0 0 1 0 0 0 0 0 
0 0 0 0 0 0 0 1 0 0 
0 0 0 0 1 0 0 0 0 0 
0.46828 0 0 0 0.53172 0 0 0 0 0 
0.217636 0 0 0 0 0 0 0.782364 0 0 
0 1 0 0 0 0 0 0 0 0 
1 0 0 0 0 0 0 0 0 0 
0 0 0 0 0 1 0 0 0 0 
0 0 0 0 0 0 0 0 0 1 
0 0 0 0 0 0 0 0 0 1 
0 0 0.648104 0 0 0 0 0.351896 0 0 
0 0 0 0 0 1 0 0 0 0 
0 0 0 1 0 0 0 0 0 0 
0 0 0 0.531963 0 0 0 0.468037 0 0 
0 1 0 0 0 0 0 0 0 0 
0 0 0 0 1 0 0 0 0 0 
0 0 0 0 1 0 0 0 0 0 
0 0 0 0 0.141285 0 0 0 0 0.858715 
0 0.402419 0 0 0 0 0 0 0.597581 0 
0 0 0 0 0 1 0 0 0 0 
0 0 0 0 0.643187 0.356813 0 0 0 0 
0 0 0 1 0 0 0 0 0 0 
0 0 0 0 0 0 0 0 0 1 
0 0 0 0 0 1 0 0 0 0 
0 0 0 1 0 0 0 0 0 0 
0 0 1 0 0 0 0 0 0 0 
0 0 0 0 0 0 0 0 0 1 
0 0 0 0.742114 0 0 0 0.257886 0 0 
0 0 1 0 0 0 0 0 0 0 
1 0 0 0 0 0 0 0 0 0 
0 0 0 0 0 1 0 0 0 0 
0.11419 0 0 0 0 0 0 0 0.88581 0 
0 0 0 0 0 0 1 0 0 0 
0 0 0 0 0 0 0 0.60346 0.39654 0 
0 0 0 1 0 0 0 0 0 0 
0 0 0 0 1 0 0 0 0 0 
0 0 1 0 0 0 0 0 0 0 
0 0 0 1 0 0 0 0 0 0 
0 0 0 0 0 0 1 0 0 0 
0.229163 0 0.770837 0 0 0 0 0 0 0 
0 0 0 0 1 0 0 0 0 0 
0 0 0 0 0.676217 0 0 0.323783 0 0 
0.847485 0.152515 0 0 0 0 0 0 0 0 
0 0 0 0 0 0 0 1 0 0 
0 1 0 0 0 0 0 0 0 0 
0 0 0 0 0 0 0 0 1 0 
0 0 1 0 0 0 0 0 0 0 
0 0 0 0 0.500341 0 0 0.499659 0 0 
0 0 0 0 0 0 0 0 0 1 
0 0 0 1 0 0 0 0 0 0 
0 1 0 0 0 0 0 0 0 0 
0 1 0 0 0 0 0 0 0 0 
0 0 0 0 0 0 1 0 0 0 
0 0 0 0 1 0 0 0 0 0 
0 0 0 1 0 0 0 0 0 0 
0 0 0 1 0 0 0 0 0 0 
0 0 0.824859 0 0 0 0 0 0.175141 0 
0 1 0 0 0 0 0 0 0 0 
0 0 1 0 0 0 0 0 0 0 
0 0 0.573269 0 0 0.426731 0 0 0 0 
0 0 0 0 0 0 1 0 0 0 
0 1 0 0 0 0 0 0 0 0 
0 0 0 1 0 0 0 0 0 0 
0 0 0 0 0 0 0 1 0 0 
0 0 0 0 0 1 0 0 0 0 
0 0 0 0 0 0 0 1 0 0 
0 0 0 0 0 0 0 0 0 1 
1 0 0 0 0 0 0 0 0 0 
0 0 0 1 0 0 0 0 0 0 
0 0 0 0 0 0 0 0 1 0 
1 0 0 0 0 0 0 0 0 0 
0 0 0 0 0 1 0 0 0 0 
0 0 0 1 0 0 0 0 0 0 
1 0 0 0 0 0 0 0 0 0 
0 0 0 0 0 1 0 0 0 0 
0 0 0 0 0 0 0 0 0 1 
0 0 0 0 0 0 0 0 0 1 
0.346902 0 0 0 0 0 0 0.653098 0 0 
1 0 0 0 0 0 0 0 0 0 
0 0 0 0 0 0 0 1 0 0 
0 0 0 0 0 0 0 0 0 1 
0 0 0 1 0 0 0 0 0 0 
0 0 0 1 0 0 0 0 0 0 
0 0 0 0 1 0 0 0 0 0 
0 0 0 0 0 0 0 0 1 0 
0 0 0 0 1 0 0 0 0 0 
0 0.876593 0 0 0 0.123407 0 0 0 0 
0 0 0 0 0 0 0 0 1 0 
0 0 0 0 0 0 1 0 0 0 
0.719768 0 0 0 0 0.280232 0 0 0 0 
0 0 0 1 0 0 0 0 0 0 
0 0 0 0 1 0 0 0 0 0 
0 0 0 0 0 0 1 0 0 0 
0 0 0 0 0 0 1 0 0 0 
0 0 1 0 0 0 0 0 0 0 
0 0 0 1 0 0 0 0 0 0 
0 0 0 0 0 0 0 1 0 0 
1 0 0 0 0 0 0 0 0 0 
1 0 0 0 0 0 0 0 0 0 
0 0 0 0 0 0 0 0 0 1 
0 0 0 0 0 0 0 0 1 0 
0 0 0 0 0 0 0 1 0 0 
0 0 0 1 0 0 0 0 0 0 
0 0 0 0 1 0 0 0 0 0 
0 0 0 0 1 0 0 0 0 0 
0 0 1 0 0 0 0 0 0 0 
0 0 0 0 0 1 0 0 0 0 
0 1 0 0 0 0 0 0 0 0 
0 0 1 0 0 0 0 0 0 0 
0 0 0 0 0 0 0 0 1 0 
1 0 0 0 0 0 0 0 0 0 
0 0 0 0 0 0.1496 0.174623 0.675776 0 0 
0 0 0 0 0 0 0 0 1 0 
0 0 0 0 0 0 0 0 0 1 
0 0.351083 0 0.648917 0 0 0 0 0 0 
0 0 0 0 0 0 0 0 1 0 
0 0 1 0 0 0 0 0 0 0 
0 0 0 0 0 0 1 0 0 0 
0 0 1 0 0 0 0 0 0 0 
0 0 0 0 0 0 0 1 0 0 
1 0 0 0 0 0 0 0 0 0 
0 0 0 0 0 1 0 0 0 0 
0 0 0 0 0 0 0 1 0 0 
0 0 0 0 0 0 1 0 0 0 
0 0 0 1 0 0 0 0 0 0 
0 0 0 0 0 1 0 0 0 0 
0 0 0 0 0 0 0 1 0 0 
0 0 1 0 0 0 0 0 0 0 
1 0 0 0 0 0 0 0 0 0 
0 0 0 0 0 1 0 0 0 0 
0 1 0 0 0 0 0 0 0 0 
0 0 0 0 1 0 0 0 0 0 
1 0 0 0 0 0 0 0 0 0 
1 0 0 0 0 0 0 0 0 0 
0 1 0 0 0 0 0 0 0 0 
0 0 0 0 0 0 0 0.643458 0 0.356542 
0 0 0 0 0 0 0 0 0 1 
0 0 0 0 0 0 0 1 0 0 
1 0 0 0 0 0 0 0 0 0 
0 0 0 0 0 0 1 0 0 0 
0 0 0 0 0 0 0 0 0 1 
0 0 0 0 0 0 0 1 0 0 
0 0 0 0 1 0 0 0 0 0 
0 0 1 0 0 0 0 0 0 0 
0 0 1 0 0 0 0 0 0 0 
0 0 0 0 0 0 0 1 0 0 
0 0.303844 0 0 0 0 0.696156 0 0 0 
0 0.468637 0 0.248724 0 0 0 0.282638 0 0 
0 0 0 1 0 0 0 0 0 0 
0 0 0 0 1 0 0 0 0 0 
0 0 0 0 0 0 0 1 0 0 
0 0 0 0 0 0 1 0 0 0 
0 0 0 0 0 0 0 0 1 0 
0 0 0 1 0 0 0 0 0 0 
0 0 0 0 0 0 0 0 1 0 
0 0 0 1 0 0 0 0 0 0 
0 1 0 0 0 0 0 0 0 0 
0 0 0 0.701523 0 0 0.298477 0 0 0 
0 1 0 0 0 0 0 0 0 0 
1 0 0 0 0 0 0 0 0 0 
0 0 0 1 0 0 0 0 0 0 
0 0 0 0 0 0 0 0.534921 0.465079 0 
0 0 0 0 0 0 0 0 0 1 
0 0 0 0 0 0 0 1 0 0 
0 0 0 0.515109 0 0 0 0.484891 0 0 
0 0 0 0 0 0 0 1 0 0 
0 0 0 0 0 0 1 0 0 0 
0.25879 0 0 0 0 0 0.74121 0 0 0 
0 0 0 0 0 0 0 0 0 1 
0 0 0 0 0.497766 0 0.502234 0 0 0 
0 0 0 0 0 0 0 0 0 1 
0 0 0 0 1 0 0 0 0 0 
0.501447 0 0 0 0 0 0 0 0.498553 0 
0 0 0 0 0 0 0 1 0 0 
0 0 0 0 0 1 0 0 0 0 
0 0 0 0 0 1 0 0 0 0 
0 0 0 0 0 1 0 0 0 0 
0 0 0 0 1 0 0 0 0 0 
0 0 0 0 0 0 0 0 1 0 
0 0 0 0 0 0 0 1 0 0 
0 0 0 1 0 0 0 0 0 0 
0.357936 0 0.642064 0 0 0 0 0 0 0 
1 0 0 0 0 0 0 0 0 0 
0 0 0 0 1 0 0 0 0 0 
0 0 0 0 0 0 0 0 0 1 
0 0 0 0 0 0 1 0 0 0 
0 0 0 0 0 0 0 0 1 0 
0 1 0 0 0 0 0 0 0 0 
1 0 0 0 0 0 0 0 0 0 
0 0 0 0 0 0 0 0 0 1 
0 0 0 0 0 0 0 1 0 0 
0 0 0 0 1 0 0 0 0 0 
0 0 0 0 0 0 0 0 0 1 
0 0 0 0 0 0 0 1 0 0 
0 1 0 0 0 0 0 0 0 0 
0 0 0 0.638102 0 0 0 0 0 0.361898 
1 0 0 0 0 0 0 0 0 0 
0 0 0 0 0.197565 0.802435 0 0 0 0 
1 0 0 0 0 0 0 0 0 0 
1 0 0 0 0 0 0 0 0 0 
0 0 0 0 0 0 0 0 0.540332 0.459668 
0 0 0 0 0 0 0 0 0 1 
0 0 0 0 0.430985 0.448288 0 0 0 0.120728 
0 0 0 0 0 1 0 0 0 0 
0 0 0 0 0 0 0 0 0 1 
0 0 0 0 0 0 1 0 0 0 
0 0.311881 0 0 0.688119 0 0 0 0 0 
0 0 0 0 0 0 0 0 0 1 
1 0 0 0 0 0 0 0 0 0 
0 0 0 0 0 0 0 1 0 0 
0 0.589734 0 0.410266 0 0 0 0 0 0 
0 0 0 0 0 0 1 0 0 0 
0 0 0 0 0 0 0 0 1 0 
0 0 0 0.486281 0 0 0.513719 0 0 0 
1 0 0 0 0 0 0 0 0 0 
0 0 0 0 0 0 0 0 0 1 
0 0 1 0 0 0 0 0 0 0 
0 0 0 0 0 0 0 1 0 0 
1 0 0 0 0 0 0 0 0 0 
0.453436 0 0.546564 0 0 0 0 0 0 0 
0 0 0 0 0 0 0 1 0 0 
0 0 0 0 0 0 1 0 0 0 
0 0 0 0 0 0 0 0 0 1 
0 0 0 0 0 0 0 0 1 0 
0 0 1 0 0 0 0 0 0 0 
1 0 0 0 0 0 0 0 0 0 
0.487191 0 0 0.512809 0 0 0 0 0 0 
0 0 0 0 0 0 0 1 0 0 
0 0 0 0 0 0 0 1 0 0 
1 0 0 0 0 0 0 0 0 0 
0 0 0 0 0 1 0 0 0 0 
0 0 0 0 0 0 0 1 0 0 
0 0 0 0 0 0 0 0 0 1 
0 0 0 0 0 0 0 0 0 1 
0 0 0.613444 0 0 0 0 0.386556 0 0 
0 0 0 0 0 0.282728 0 0 0 0.717272 
1 0 0 0 0 0 0 0 0 0 
0 0 0 1 0 0 0 0 0 0 
0 0.404003 0.595997 0 0 0 0 0 0 0 
0 0 0 0 0 0 0 0 1 0 
0 0 0 0 0 0 0 0 0 1 
0 0 0 0 0 0 0 0 0 1 
0 0 0 0 0 1 0 0 0 0 
0 0 0 1 0 0 0 0 0 0 
0 0 0 0 0.457729 0 0 0.542271 0 0 
0 0.77017 0.22983 0 0 0 0 0 0 0 
0 0 0 0 0 1 0 0 0 0 
1 0 0 0 0 0 0 0 0 0 
0 0 0 0 1 0 0 0 0 0 
0 0 0 0 1 0 0 0 0 0 
0 0 1 0 0 0 0 0 0 0 
0 0 0 0 0 0 1 0 0 0 
1 0 0 0 0 0 0 0 0 0 
0 0 1 0 0 0 0 0 0 0 
0 0 0 1 0 0 0 0 0 0 
0 0 0 0 0 0 0 0 1 0 
0 0 0 0 0 0 0 0 0 1 
0 0 0 0 0 1 0 0 0 0 
0 0 0 0 1 0 0 0 0 0 
0 0 0 0 0 0 0 0 1 0 
0 0 0 1 0 0 0 0 0 0 
0 0 0 0 0 1 0 0 0 0 
0 0 0 0 0 0 0 0 1 0 
0 0 0 1 0 0 0 0 0 0 
0 0 0 0 0 0 0 1 0 0 
0 0 0 0 0 1 0 0 0 0 
0 1 0 0 0 0 0 0 0 0 
0 0 1 0 0 0 0 0 0 0 
0 0 1 0 0 0 0 0 0 0 
0 0 0 0 0 1 0 0 0 0 
0 0 0 0 0 1 0 0 0 0 
