10 50
0.732195
0.689812
0.570412
0.686271
0.553184
0.72131
0.36472
0.662795
0.277584
0.569791
7.84437 1.01118
7.63818 1.92456
7.29353 2.66285
7.10423 1.00603
6.65714 1.66442
5.72652 2.7019
5.07829 1.73535
5.04883 3.14871
4.4317 2.85267
4.25662 3.84425
4.0821 4.54289
3.85549 3.72236
3.77676 2.9685
3.71276 3.19728
3.43359 3.54025
3.30996 4.57515
3.30451 3.78106
3.15274 3.27042
3.12041 5.34523
2.98495 4.43676
2.96478 4.06895
2.89708 5.49335
2.5858 4.0078
2.34951 6.05763
2.09747 4.74959
2.03455 4.29723
1.89332 4.53622
1.6363 5.72799
1.58852 6.60206
1.50837 6.66319
1.36216 5.53665
1.23608 6.5281
1.03648 8.24051
1.03559 7.91887
1.03512 5.3452
0.95806 7.05183
0.860916 7.06955
0.804806 6.87301
0.783715 5.5208
0.680336 7.36556
0.265193 6.60306
0.232311 7.74712
0.192856 7.64325
0.120417 8.75455
0.0746033 9.0295
0.0644417 9.79844
0.0636693 10.7165
0.0422615 7.43154
0.0286025 9.33043
0.00856595 7.83461
0 0 0 0 0 0 0 1 0 0 
0 0 0 0 0 0 0 0 1 0 
0 1 0 0 0 0 0 0 0 0 
0 0 0 0 0 1 0 0 0 0 
0 1 0 0 0 0 0 0 0 0 
0 1 0 0 0 0 0 0 0 0 
0 0 0 0 0 0 1 0 0 0 
0 0 0 0 1 0 0 0 0 0 
0 0 0 0 1 0 0 0 0 0 
0 0 0 0 0 0 0 0 0 1 
0 0 0 0 0 0 1 0 0 0 
0 0 0 0 0 0 1 0 0 0 
0.301812 0 0 0.698188 0 0 0 0 0 0 
0 0.692534 0 0 0.307466 0 0 0 0 0 
0 0 0 0.480494 0 0.519506 0 0 0 0 
0 0 1 0 0 0 0 0 0 0 
0 0 0 1 0 0 0 0 0 0 
0 0 0 0 0.549148 0 0.450852 0 0 0 
0 0 0 0 0 1 0 0 0 0 
0 0 0 0 0 0 0 0 0 1 
0 0 0 1 0 0 0 0 0 0 
0 0 0.39055 0 0 0 0 0 0 0.60945 
0 0 0 0 0 0 0 1 0 0 
0 0 1 0 0 0 0 0 0 0 
0 0 0 1 0 0 0 0 0 0 
0 0 0 0 0 1 0 0 0 0 
0 0 0 0 0 0 0 0 0 1 
0 0 0 0 0 0 0 0 0 1 
0 0 0 0.441263 0 0 0 0.558737 0 0 
0 0 0 0 0 0 0 1 0 0 
0 0 0 0 0 0 0 0 0 1 
0 0 0 0 0 0 0 1 0 0 
0 0 0 0 0 0 0 0 0 1 
0 0 0 0 0 0 0.478896 0 0.521104 0 
0 0 0 0 0 0 0 1 0 0 
0 0 1 0 0 0 0 0 0 0 
0 0 0 0 0 0 0 0 1 0 
1 0 0 0 0 0 0 0 0 0 
0 0 0 0 0 0 1 0 0 0 
0 0.889325 0 0 0 0 0 0 0.110675 0 
0 0 0 0 0 1 0 0 0 0 
1 0 0 0 0 0 0 0 0 0 
0 0.325449 0 0 0 0.674551 0 0 0 0 
0 0 0 0 0 0 0 0 1 0 
0 0 0 0 1 0 0 0 0 0 
0 0 0 0 0 1 0 0 0 0 
0 0 0 0 0 1 0 0 0 0 
0 0.61119 0 0 0 0 0 0.38881 0 0 
0 0 0 0 0 0 0 1 0 0 
1 0 0 0 0 0 0 0 0 0 
