10 100
0.456278
0.690155
0.414988
0.339589
0.275222
0.685304
0.340873
0.276107
0.702491
0.708975
10.8167 0.190657
10.48 0.535085
9.89313 0.436903
8.26796 2.03064
8.0413 0.729228
6.53501 2.05738
6.34188 1.18157
6.26795 2.78691
5.76374 1.54147
5.57048 1.93696
5.49661 2.67442
5.32751 2.776
5.30146 2.99096
5.25477 2.81439
5.11663 2.77137
5.05816 3.41925
4.9465 2.57114
4.77069 2.70801
4.2745 3.26739
4.24222 4.50303
4.24067 3.94594
4.09985 3.8627
4.09879 3.81382
4.07827 4.11296
4.00399 2.83212
3.94377 4.46913
3.9086 4.24994
3.77758 3.36006
3.75437 2.67224
3.75397 2.84642
3.71323 3.3332
3.4142 4.82334
3.40674 3.62356
3.39728 4.7128
3.30201 3.75959
3.22629 4.77717
3.18609 5.76433
2.95665 3.60591
2.8622 4.71531
2.84224 4.1197
2.78726 4.3782
2.57888 3.99191
2.41374 4.62444
2.3439 5.26196
2.3401 5.16881
2.33942 5.98558
2.33688 5.21191
2.20366 6.12284
2.15753 4.30331
2.11416 5.35821
2.04132 3.98288
1.94669 5.38187
1.93955 5.35423
1.91686 6.24819
1.80115 5.50326
1.70955 5.16858
1.55735 6.34395
1.44859 5.51342
1.4211 5.73262
1.41294 6.15772
1.40338 6.08622
1.26375 6.35993
1.2527 6.42027
1.23051 7.72028
1.20721 6.28308
1.09288 5.3673
1.06641 6.52345
0.963361 7.8608
0.836574 5.31185
0.810914 6.09838
0.724027 7.65871
0.641424 6.56061
0.634797 7.2378
0.616084 5.41935
0.556026 7.30351
0.483327 9.37129
0.290472 6.97442
0.211516 10.1023
0.20245 7.91344
0.191374 7.53888
0.1618 9.60153
0.159274 7.44
0.13374 9.74718
0.132297 8.67578
0.130993 10.5447
0.121076 11.0743
0.10059 9.96625
0.0924908 9.88592
0.0923072 8.93757
0.0813117 10.7471
0.0806337 9.36648
0.0780335 7.50622
0.0611791 8.95693
0.0482859 11.3633
0.0173779 9.13869
0.00574084 8.81572
0.00384238 8.72445
0.00340543 8.63165
0.00259967 11.5487
0.00116522 11.1637
0 0 0 1 0 0 0 0 0 0 
0 0 0.741513 0.258487 0 0 0 0 0 0 
0 0 0 0 0 0 0 0 1 0 
0 0 0.568489 0 0.431511 0 0 0 0 0 
1 0 0 0 0 0 0 0 0 0 
0 0 0 0 0 0 0 1 0 0 
0 0 0 0 0 0 0 0 0 1 
0 0.42039 0 0 0 0 0 0 0.57961 0 
0 0 0 0 0 0 1 0 0 0 
0 0 0 0 0 0 0 0 0 1 
1 0 0 0 0 0 0 0 0 0 
0 0 1 0 0 0 0 0 0 0 
1 0 0 0 0 0 0 0 0 0 
0 0 0 0 0 1 0 0 0 0 
1 0 0 0 0 0 0 0 0 0 
0 0 1 0 0 0 0 0 0 0 
0 0 0 0.551257 0 0 0 0 0 0.448743 
0 0 0 0 0 0 0 0 0 1 
0 0 0 0 0 0 1 0 0 0 
0 0 0 0 0 0 1 0 0 0 
0 0 1 0 0 0 0 0 0 0 
0 0 0 0 0 0 1 0 0 0 
0 0 0 0 0 0.468432 0 0 0.531568 0 
0 0 0 0 0 0 0 1 0 0 
0 0 0 0 0 0 1 0 0 0 
0 0 0 1 0 0 0 0 0 0 
0 0 0 0 0 0 0 0 0 1 
0 0 1 0 0 0 0 0 0 0 
0 0 1 0 0 0 0 0 0 0 
0 0 0 0 0 1 0 0 0 0 
0 0 0 0 0 1 0 0 0 0 
0 0 0 0 0 0 0 0 1 0 
0 0 1 0 0 0 0 0 0 0 
0 0 1 0 0 0 0 0 0 0 
0 0.517143 0 0 0 0 0 0 0 0.482857 
0 0 0 0 0.721358 0 0.278642 0 0 0 
0 0 0 1 0 0 0 0 0 0 
0 0 0 0 1 0 0 0 0 0 
0 0 0 0 0 0 0.784982 0.215018 0 0 
0 0 0 0 0 0 1 0 0 0 
0 0 0 0 0 0 0 1 0 0 
0 1 0 0 0 0 0 0 0 0 
0 0 0 0 0 0 1 0 0 0 
0 0 0 0 0 0 1 0 0 0 
0 0 1 0 0 0 0 0 0 0 
0 0 0 1 0 0 0 0 0 0 
0 0 0 0 0 0 0 0.80432 0 0.19568 
0 1 0 0 0 0 0 0 0 0 
0 0 0.575902 0 0 0 0 0 0.424098 0 
0 1 0 0 0 0 0 0 0 0 
0 0 0 1 0 0 0 0 0 0 
1 0 0 0 0 0 0 0 0 0 
0 0 0 0 0.453075 0 0 0 0 0.546925 
0 0 0 0 0 0 0 0 1 0 
0 0 0 0 0 0 1 0 0 0 
0 0.462616 0 0 0 0.537385 0 0 0 0 
0 0 0 0 0 1 0 0 0 0 
1 0 0 0 0 0 0 0 0 0 
0 0 0 0 0 0 0 1 0 0 
1 0 0 0 0 0 0 0 0 0 
0 0 0 0 0 0 0 0 0 1 
0 0 0 0.327595 0 0 0 0.672405 0 0 
0 0 0 0 1 0 0 0 0 0 
1 0 0 0 0 0 0 0 0 0 
0 0 0 1 0 0 0 0 0 0 
0 0 1 0 0 0 0 0 0 0 
0 0 0 0.46039 0 0 0 0 0 0.53961 
0 0 0 1 0 0 0 0 0 0 
0 0 0 0 0 0 0 1 0 0 
0 0 0 0 0 0 0.328244 0.671756 0 0 
0 0 0 0 0 0 0 1 0 0 
0 0 0 0 0 0 0 1 0 0 
0 1 0 0 0 0 0 0 0 0 
0 0 0 1 0 0 0 0 0 0 
0 0 0 0 0 0.342062 0 0 0.657938 0 
0 0 0 0 0 0 0 1 0 0 
0 0 0 0 0 0 0 0 1 0 
0 0 0 1 0 0 0 0 0 0 
0 0 0 0 1 0 0 0 0 0 
0 0 0 0 0 0 0 1 0 0 
0 0 0 0 0 0 1 0 0 0 
0 0 0 0 0.813197 0 0 0.186803 0 0 
0 0 1 0 0 0 0 0 0 0 
0 0 0 0 1 0 0 0 0 0 
1 0 0 0 0 0 0 0 0 0 
0 0 0 1 0 0 0 0 0 0 
0 0 0 0 0 0 0 0 1 0 
1 0 0 0 0 0 0 0 0 0 
0 0 0 0 0 0 0 0 0 1 
0 0 0 0 0 0 0 1 0 0 
0 0 0 0 0 0 0 0 0 1 
0 0 0 0 0 0.219962 0 0 0.780038 0 
1 0 0 0 0 0 0 0 0 0 
1 0 0 0 0 0 0 0 0 0 
0 0 0 0 0 1 0 0 0 0 
0 0 0.269868 0.730132 0 0 0 0 0 0 
0 0 0 0 0 0 0 1 0 0 
0 0 0.314636 0 0 0 0.685364 0 0 0 
0 0 0 0 0 0 1 0 0 0 
0 0 0 0 0 0 0 0 0 1 
