10 300
0.501337
0.391395
0.444733
0.606536
0.444361
0.515521
0.461302
0.591772
0.544711
0.68148
10.768 0.682288
10.7491 0.536322
10.3966 0.397264
10.028 0.373015
9.7036 1.27206
9.56787 0.284566
9.37882 0.49073
9.12888 0.994065
9.12053 0.461374
9.11166 0.351508
8.90734 1.31117
8.61409 1.2621
8.6138 0.432149
8.49961 0.200283
8.48183 0.584703
8.41691 0.37137
8.4002 1.24421
8.35987 0.713136
8.35183 1.01876
8.32658 1.70363
8.23295 2.09427
8.2187 1.93286
8.218 1.2764
8.19042 1.9292
8.18026 1.57057
8.0105 1.63065
7.85654 1.23221
7.83387 0.803003
7.78215 2.19376
7.71314 2.08708
7.67361 0.436308
7.66682 1.11822
7.65804 2.47026
7.62527 1.70472
7.61826 1.50507
7.51587 0.299498
7.50624 2.3384
7.44746 0.723857
7.23965 1.592
7.19418 2.30216
6.9912 1.87318
6.98353 0.842232
6.90958 2.27663
6.85648 0.980435
6.78415 1.04966
6.76953 0.878735
6.74084 0.713266
6.72213 2.14643
6.61732 1.09482
6.57835 2.24778
6.55032 0.875101
6.46072 2.78284
6.38374 1.82259
6.37005 1.39388
6.32695 2.64473
6.32442 1.55888
6.15715 1.1662
6.13116 1.06975
6.05541 3.24057
6.01177 1.39801
5.96069 3.39731
5.93995 1.92157
5.92725 2.75039
5.89078 3.07828
5.83507 3.37017
5.83363 1.54533
5.82623 2.35533
5.77804 3.46844
5.76673 2.10579
5.74042 1.17105
5.59462 2.82983
5.59385 2.18154
5.52373 2.66788
5.49764 2.391
5.44227 2.90738
5.42061 3.46408
5.34415 1.96735
5.33377 2.80044
5.3116 2.9498
5.26476 3.03401
5.19798 1.78008
5.17558 3.05916
5.1068 3.33285
4.96981 1.71188
4.96769 1.59525
4.95971 3.30397
4.94381 2.14558
4.93786 3.40544
4.8585 1.90427
4.80642 2.09767
4.79451 2.44882
4.78329 1.65226
4.77999 2.88722
4.66113 3.95606
4.60218 2.88193
4.56029 4.49683
4.53253 1.88472
4.4996 3.1842
4.48098 3.58816
4.47545 3.59236
4.42843 3.32802
4.38968 2.43809
4.35803 3.13701
4.28972 3.69175
4.23484 2.98866
4.22588 3.17703
4.18497 3.76669
4.18411 4.59265
4.08403 4.1292
4.03524 3.47881
4.02643 4.90161
4.00812 3.49483
3.9936 3.32316
3.94384 3.36307
3.83923 3.40243
3.82694 2.78671
3.74908 3.60336
3.68437 4.20231
3.64467 3.54798
3.45914 3.39115
3.45292 3.72917
3.44911 2.79074
3.39778 5.14509
3.39755 2.86593
3.36986 3.70123
3.35776 3.96353
3.28912 3.59339
3.2668 3.06847
3.23822 3.58796
3.21629 3.93136
3.19846 5.92689
3.11255 4.0808
3.08148 3.85093
3.04048 4.55586
3.03153 4.67468
2.99683 3.56058
2.91916 3.713
2.9181 3.6475
2.87977 3.78454
2.77335 3.55549
2.77016 5.39906
2.76708 5.74482
2.7377 3.91151
2.72414 5.18913
2.70292 4.71129
2.58831 6.60748
2.58267 4.11039
2.58012 5.409
2.54825 5.56096
2.51712 5.66001
2.40387 4.90439
2.3925 4.8605
2.35386 6.12313
2.35126 4.65606
2.28066 4.75693
2.26886 4.21484
2.2561 5.36019
2.2169 4.86489
2.13197 6.28858
2.12255 4.93498
2.11888 6.17414
2.11639 5.30244
2.068 5.53465
2.06526 5.82694
1.97737 4.29725
1.96973 6.78662
1.93811 6.05786
1.92818 4.75165
1.92313 4.66165
1.91576 6.45979
1.89132 5.32714
1.85561 5.18748
1.80776 6.67135
1.80756 5.2335
1.80596 6.31509
1.79238 5.91347
1.76229 5.21158
1.55233 4.95441
1.54785 6.40659
1.50936 4.77324
1.5075 4.86561
1.50652 4.98328
1.43233 6.88693
1.38014 5.38348
1.34035 6.2191
1.33978 6.6721
1.31826 4.63653
1.31638 7.91987
1.29307 5.06819
1.2918 7.0277
1.28425 7.92752
1.2569 5.40691
1.23521 7.28565
1.14887 6.63636
1.10545 6.50068
1.06202 8.37929
1.05413 6.28256
1.05336 7.56943
0.992191 6.87737
0.9464 8.03859
0.928745 7.36968
0.925535 7.26234
0.891689 8.15209
0.806356 6.08151
0.803361 7.21455
0.79792 7.19591
0.792178 8.00308
0.777958 8.28065
0.770411 7.27307
0.763007 8.57295
0.756083 7.56413
0.755482 6.19503
0.721122 7.46505
0.716188 5.58859
0.699907 8.8622
0.674005 7.57749
0.653877 8.37695
0.650956 6.74975
0.625045 5.6079
0.624605 7.83181
0.624143 9.21912
0.620717 6.03139
0.617951 6.63402
0.611802 7.50774
0.600379 8.53231
0.58421 8.84482
0.578092 9.20723
0.545066 8.83644
0.47548 8.16676
0.475129 7.54535
0.473859 9.24196
0.465255 6.77414
0.44704 7.63807
0.434411 7.09011
0.42996 8.80078
0.413878 7.67587
0.394143 9.50668
0.389671 9.2017
0.387874 8.34104
0.38697 8.14854
0.383238 6.45826
0.382047 8.30138
0.37802 8.13709
0.369493 7.49928
0.334594 7.77796
0.33396 10.2683
0.29983 9.377
0.295633 9.67131
0.294452 7.02486
0.291293 7.62175
0.284068 8.50133
0.282759 6.5268
0.252938 8.06633
0.241987 6.77435
0.235226 9.93515
0.234008 7.22705
0.223655 10.4177
0.222906 9.33919
0.215436 7.39974
0.214084 7.51499
0.213038 6.91413
0.211134 7.14126
0.182344 9.77098
0.174784 7.90569
0.151249 8.70374
0.114523 10.9168
0.110801 9.83107
0.110018 9.25963
0.109568 7.25092
0.0922678 10.1941
0.0862593 9.94053
0.0848484 9.20681
0.0832386 10.4434
0.0831956 10.6272
0.0805863 10.9432
0.0805214 10.617
0.08013 8.35676
0.0727156 10.2813
0.0681569 10.4396
0.0650785 10.4154
0.0619881 9.81043
0.0591208 11.389
0.0572739 8.10769
0.0560582 10.3411
0.052536 8.47915
0.0524965 9.64768
0.0411555 9.06979
0.0380872 11.3238
0.0342228 9.74203
0.0317311 7.15852
0.0316888 10.93
0.0221784 10.4885
0.0199007 9.55442
0.01683 9.02003
0.0154217 9.73828
0.0151964 10.8072
0.0135509 11.7337
0.00818529 7.84595
0.00361974 11.1728
0.00190204 8.42602
0 0 0 1 0 0 0 0 0 0 
1 0 0 0 0 0 0 0 0 0 
0 0 0 0 0 1 0 0 0 0 
0 0 0 0 0 0 0 0 1 0 
0 0 0 0 0 1 0 0 0 0 
0.721342 0 0 0 0 0 0.278658 0 0 0 
0 0 1 0 0 0 0 0 0 0 
0 0 0 0 0.729434 0.270566 0 0 0 0 
0 0 0 0 0 1 0 0 0 0 
0 0 0 0 0 0 0 0 0 1 
0 0 1 0 0 0 0 0 0 0 
0 0 0 0 0 0 0 0.391633 0 0.608367 
0 1 0 0 0 0 0 0 0 0 
0 0 0 0 0 0 0 0 1 0 
0 0 0 1 0 0 0 0 0 0 
0 0 0 0 0 0 0 1 0 0 
0 0 0 0 0 1 0 0 0 0 
0 1 0 0 0 0 0 0 0 0 
0 0 0 0 0 1 0 0 0 0 
0 0 0 0 0 0 0 1 0 0 
0.500436 0 0 0 0 0 0 0 0 0.499564 
0.213724 0.509006 0 0 0 0.27727 0 0 0 0 
0 0 0 0 0 0 0 0 1 0 
0 0 0 0 0 0 1 0 0 0 
0 0 0 0 0 0 0 1 0 0 
0 0 0 0 0 0 1 0 0 0 
0 0 0 0 1 0 0 0 0 0 
0 0 0 0 0 0 0 0 0 1 
0 0 0 0 0 0 0 0 0 1 
0 0 0 0 0 0 0 0 0 1 
0 0 0 0 0.56317 0 0 0.43683 0 0 
0 0 0 0 0 0 0 0 0 1 
0 0 0.575887 0 0.424113 0 0 0 0 0 
1 0 0 0 0 0 0 0 0 0 
1 0 0 0 0 0 0 0 0 0 
1 0 0 0 0 0 0 0 0 0 
0 0 0 0 0 0 0 1 0 0 
0 0 0 1 0 0 0 0 0 0 
0 0 0 0 0 1 0 0 0 0 
1 0 0 0 0 0 0 0 0 0 
0 0 0 0 0 0 1 0 0 0 
0 0 0 1 0 0 0 0 0 0 
0 0 0 1 0 0 0 0 0 0 
0 0 0 0 0 0 0 1 0 0 
0 1 0 0 0 0 0 0 0 0 
0 0 0 0 0 1 0 0 0 0 
0 0 0 1 0 0 0 0 0 0 
0 0 0 0 0 1 0 0 0 0 
0 0 0 0 0 1 0 0 0 0 
0 0 0 0 0 0 0 1 0 0 
0 0 0 0 0 1 0 0 0 0 
0 0 0 0 0 0 1 0 0 0 
0 0 0 0 0 0 0 0 0 1 
0 0 0 0 0 0 0 0 0 1 
0 0 0 0 0 0 0 0 0 1 
0 0 0 0 0 0 0 0 1 0 
0 0 0 0 0 0 1 0 0 0 
0 0 0 0 0 0.658338 0.341662 0 0 0 
0 0 0 0 0.324596 0 0 0.424491 0 0.250914 
0 0 0 1 0 0 0 0 0 0 
1 0 0 0 0 0 0 0 0 0 
0 1 0 0 0 0 0 0 0 0 
0 0.366767 0 0.633233 0 0 0 0 0 0 
0 1 0 0 0 0 0 0 0 0 
0 0 0 1 0 0 0 0 0 0 
0 0 0 0 1 0 0 0 0 0 
0 0.862172 0 0 0 0 0 0 0.137828 0 
0 0.516029 0.483971 0 0 0 0 0 0 0 
1 0 0 0 0 0 0 0 0 0 
0 0 1 0 0 0 0 0 0 0 
1 0 0 0 0 0 0 0 0 0 
0 0 0 0 1 0 0 0 0 0 
0 0 1 0 0 0 0 0 0 0 
0 0 0 0 0 0 0.543356 0.456644 0 0 
0 0 0 0 1 0 0 0 0 0 
0 0 1 0 0 0 0 0 0 0 
0 0 0 0 0 0 0 0 0 1 
0 0 0 0 0 0 0 0 0 1 
0 1 0 0 0 0 0 0 0 0 
0 0 1 0 0 0 0 0 0 0 
1 0 0 0 0 0 0 0 0 0 
0 0 0 0.503081 0 0 0 0.496919 0 0 
0 0 0 0 0 0 0 1 0 0 
0 0 0 0 0 1 0 0 0 0 
0 0 0 0 0 1 0 0 0 0 
0 0 0 0 0 0 1 0 0 0 
1 0 0 0 0 0 0 0 0 0 
0 0.708498 0.291502 0 0 0 0 0 0 0 
0 1 0 0 0 0 0 0 0 0 
0 0 0 0 0 0 0 0 0 1 
0 1 0 0 0 0 0 0 0 0 
0.13119 0 0 0 0 0 0 0 0 0.86881 
0 0 0 0 0 0 0 1 0 0 
0 0 0 1 0 0 0 0 0 0 
1 0 0 0 0 0 0 0 0 0 
0 0 0.80241 0.19759 0 0 0 0 0 0 
0 0 1 0 0 0 0 0 0 0 
0 0 0 0 0.336512 0 0 0 0 0.663488 
0 0 1 0 0 0 0 0 0 0 
0 0 0 0 0 0 1 0 0 0 
0 0 0 1 0 0 0 0 0 0 
0 0 0 1 0 0 0 0 0 0 
0 0 0 0 1 0 0 0 0 0 
0 0 0 0 0 0 1 0 0 0 
0 0 0 0 0 0 0 1 0 0 
0 0 1 0 0 0 0 0 0 0 
0 0 0 0 0 0 0 0 0 1 
0 0 0 0 0 0 0 0 1 0 
0 0 0 1 0 0 0 0 0 0 
0 0 0 0 0 1 0 0 0 0 
0 0 0 0 0 0 0 0 1 0 
0 0 0 0 0 1 0 0 0 0 
0 0 0 0 0 0.264701 0 0.365713 0 0.369586 
0 0 0 0 0 0 0 0 0 1 
0 0 0 0 0 0 0 0 0 1 
0 0.695049 0 0 0 0.304952 0 0 0 0 
0.521594 0 0 0 0.478406 0 0 0 0 0 
0 0 0 0 0 0 0 1 0 0 
0 0 0 0 0 1 0 0 0 0 
0 1 0 0 0 0 0 0 0 0 
0 1 0 0 0 0 0 0 0 0 
0 1 0 0 0 0 0 0 0 0 
0 0 0 0 0 0 1 0 0 0 
0 0 0 0 0 0 0 1 0 0 
0 0 0.402985 0 0 0 0 0.597015 0 0 
0 0 0 1 0 0 0 0 0 0 
1 0 0 0 0 0 0 0 0 0 
1 0 0 0 0 0 0 0 0 0 
0 0 0 1 0 0 0 0 0 0 
0.712167 0 0 0.287833 0 0 0 0 0 0 
0 0 0 0.476023 0 0 0 0.523977 0 0 
0 0 0 0 0 0 1 0 0 0 
0 0 0 0 0.541497 0 0 0 0.458503 0 
0 0 1 0 0 0 0 0 0 0 
0 0 0 0 0 0 0 0 1 0 
0 0 0 0 0 0 0 1 0 0 
0 0 0 0 0 0 0 1 0 0 
1 0 0 0 0 0 0 0 0 0 
0 0 0 0 0 0 0 0 1 0 
0 0 0 0 1 0 0 0 0 0 
0 0 0 0 0 0 0 0 0 1 
0.124055 0 0 0 0 0 0 0 0.875945 0 
0 0 0 0 0 0 1 0 0 0 
0 0 0 0 0 0.487282 0.512718 0 0 0 
0 1 0 0 0 0 0 0 0 0 
0 0 1 0 0 0 0 0 0 0 
0 0 0 0 0 0 0 0 1 0 
0 0 0 0.267192 0 0 0.732808 0 0 0 
0 0 0 0.511036 0 0 0 0 0.488964 0 
0 1 0 0 0 0 0 0 0 0 
0 0 0 1 0 0 0 0 0 0 
0 1 0 0 0 0 0 0 0 0 
0 0 0 0 0 0 1 0 0 0 
0 0 0 0 0 1 0 0 0 0 
0 0 0 0 0 0 0 0 0 1 
0 0 0.213093 0 0.229477 0.55743 0 0 0 0 
0 0 0 0 0 0 0 1 0 0 
0 0 0 0 0 0 0 0 1 0 
0 0 0 0 0 0 1 0 0 0 
0 0 0 1 0 0 0 0 0 0 
0 0 0 0 1 0 0 0 0 0 
0 0 0 0.678121 0 0.321879 0 0 0 0 
0 0 0 0 0 1 0 0 0 0 
1 0 0 0 0 0 0 0 0 0 
0 1 0 0 0 0 0 0 0 0 
1 0 0 0 0 0 0 0 0 0 
0 0 0 0 0 0 0 0 0 1 
0 0 0 0 0 0 1 0 0 0 
0 0 0 1 0 0 0 0 0 0 
0 1 0 0 0 0 0 0 0 0 
0 1 0 0 0 0 0 0 0 0 
0 1 0 0 0 0 0 0 0 0 
0 1 0 0 0 0 0 0 0 0 
0 0 0 1 0 0 0 0 0 0 
0 0 0 0 0 1 0 0 0 0 
0 0 0 0 0 0.740302 0 0.259698 0 0 
0 0 0 1 0 0 0 0 0 0 
0.492442 0 0 0.507558 0 0 0 0 0 0 
0 0.53126 0.46874 0 0 0 0 0 0 0 
0 0 0 0 0 0 0 1 0 0 
0 0 0 0 1 0 0 0 0 0 
0 0 0 0 0 0 0 0 0 1 
1 0 0 0 0 0 0 0 0 0 
0.432951 0 0 0 0.567049 0 0 0 0 0 
0 0 0 0 0 0 0 1 0 0 
0 0 0 0 0 0 0 1 0 0 
0 0 0 0 0 0 0 1 0 0 
0 0 0 0 0 0 0 0 1 0 
0 0 0 0 0 0 0 0 0 1 
0 0 0 0 0 0 0 1 0 0 
0 0 0 0 0 0 0 0 0.74058 0.25942 
0 0 0 0 1 0 0 0 0 0 
0 0 0 1 0 0 0 0 0 0 
1 0 0 0 0 0 0 0 0 0 
1 0 0 0 0 0 0 0 0 0 
1 0 0 0 0 0 0 0 0 0 
0 0 0 0 0 0 1 0 0 0 
0 0 0 0 0 0 0 0 1 0 
0 0 0 0 0 0.809234 0 0 0.190766 0 
0 0.298316 0 0 0.701684 0 0 0 0 0 
1 0 0 0 0 0 0 0 0 0 
0 0 0 1 0 0 0 0 0 0 
0 0 0 0 0 0 0 1 0 0 
0 0 0 0 0 0 0 1 0 0 
0 0 0 0 1 0 0 0 0 0 
0 1 0 0 0 0 0 0 0 0 
0 0 0 0 0 0 0 1 0 0 
0 0 0 0 0 1 0 0 0 0 
0 0 0 1 0 0 0 0 0 0 
0 0 0 0 0 0 0 1 0 0 
0 0 0.254341 0 0 0.745659 0 0 0 0 
0 0 0.428844 0 0 0 0 0 0.571156 0 
0 0 0 0 0 0 0 0 1 0 
0 0 0 0 0 0 0 0 1 0 
0 0 0 0 0.862452 0 0.137548 0 0 0 
0 0 0 0 0 0 0 1 0 0 
0 0 0 0 0 0 0 0 1 0 
0 0 0 0 1 0 0 0 0 0 
0 0 0 1 0 0 0 0 0 0 
0 0 0 1 0 0 0 0 0 0 
0 0 0 0 0 0 1 0 0 0 
0 1 0 0 0 0 0 0 0 0 
0 1 0 0 0 0 0 0 0 0 
0 0 0 0 0 0.382832 0 0 0.617168 0 
0 0 0 1 0 0 0 0 0 0 
0 0 0 0 0 0 0 0 1 0 
0 1 0 0 0 0 0 0 0 0 
1 0 0 0 0 0 0 0 0 0 
0 0 0 0 0.28815 0.490582 0 0.221267 0 0 
0 0 0 1 0 0 0 0 0 0 
0 0 0 0 0 0 0 0 0 1 
0 0.155758 0 0 0 0 0 0 0.844242 0 
0 0 0.382115 0.617885 0 0 0 0 0 0 
0 0 0 0 0 0.414572 0 0.585428 0 0 
0 0 0 0 1 0 0 0 0 0 
0 0 1 0 0 0 0 0 0 0 
0 0 0 1 0 0 0 0 0 0 
0 0 0 0 0 1 0 0 0 0 
0.430759 0 0 0.569241 0 0 0 0 0 0 
0 0 0 0 0 0 0 0 0 1 
0 0 1 0 0 0 0 0 0 0 
0 0 0 0.390462 0 0 0.609538 0 0 0 
0.469641 0 0 0 0 0.530359 0 0 0 0 
0 0 0 1 0 0 0 0 0 0 
0 0 0 0 1 0 0 0 0 0 
0 0 1 0 0 0 0 0 0 0 
0 0 0 0 0 0 0 0 1 0 
0 0 1 0 0 0 0 0 0 0 
0 0 0 1 0 0 0 0 0 0 
0 0 0 0 0 0 1 0 0 0 
0 0 0 0 0 0 0.546023 0 0.453977 0 
0 0.493127 0 0 0 0 0 0 0.506873 0 
0 0 0 1 0 0 0 0 0 0 
0 0 0 0 0 1 0 0 0 0 
0 0 0 0 1 0 0 0 0 0 
0 0 0 0 0 0 0 0 1 0 
0 0 1 0 0 0 0 0 0 0 
0 1 0 0 0 0 0 0 0 0 
0 0 0 0 0 0 0 1 0 0 
0 0 0 0 0 0 0 0 0 1 
0 1 0 0 0 0 0 0 0 0 
0 0 0 0 0 1 0 0 0 0 
0 0 1 0 0 0 0 0 0 0 
0 0.494031 0 0 0 0.505969 0 0 0 0 
0 0 0 0 0 1 0 0 0 0 
0 0 0 1 0 0 0 0 0 0 
0 0 0 0 0 0 1 0 0 0 
0 0 1 0 0 0 0 0 0 0 
0 0 0 0 0 0 1 0 0 0 
0 0 0 1 0 0 0 0 0 0 
0 0.674126 0.325874 0 0 0 0 0 0 0 
0 0 0 0 0 0 0 0 1 0 
0 0 0 0 0 1 0 0 0 0 
0 0 0 1 0 0 0 0 0 0 
0 0 0 1 0 0 0 0 0 0 
0 0 0 0 1 0 0 0 0 0 
0 0 0 0 0 1 0 0 0 0 
0 0 0 0 0 0 1 0 0 0 
0 0 0 0 0 0 0 0 1 0 
0 0 0 1 0 0 0 0 0 0 
0 0 0 0 0 1 0 0 0 0 
0 0 0 0 0 0 1 0 0 0 
1 0 0 0 0 0 0 0 0 0 
0 1 0 0 0 0 0 0 0 0 
0 0 0 0 0 0 0 1 0 0 
0 0 0 0 0 0 0 0 1 0 
0 0 0 0 0 0 0 0 1 0 
0 0 0 0 0 1 0 0 0 0 
0 0 0 0 0 0 1 0 0 0 
0 0 0 0 0 0 0.607981 0 0 0.392019 
0 0 1 0 0 0 0 0 0 0 
0 0 0 0 0 1 0 0 0 0 
0 0 1 0 0 0 0 0 0 0 
0 0 0 0 0 1 0 0 0 0 
0 0 0 0 0 0 0 0 0 1 
0 0 0 0 0.405939 0.594061 0 0 0 0 
0 0 0 0 0 0 0 1 0 0 
0 0 0 0 0 0 1 0 0 0 
0 1 0 0 0 0 0 0 0 0 
0 0 0 0 0 1 0 0 0 0 
