5 500
0.337061
0.366304
0.524435
0.31786
0.264263
11.5801 0.439881
11.5631 0.323129
11.1455 0.532415
10.6582 0.32653
10.5011 0.735619
10.4728 0.323597
10.2478 0.364083
10.1841 0.618005
10.1502 0.531802
10.1062 1.0546
10.0676 1.10654
9.98933 1.13405
9.98196 0.247194
9.92447 1.01305
9.90947 0.374804
9.80263 0.26055
9.50063 0.326513
9.21258 0.91105
9.2036 0.482405
9.14173 0.590727
9.13188 0.684893
8.97988 1.73047
8.89489 1.89249
8.83021 1.38737
8.79647 1.90486
8.71653 1.3884
8.62713 1.04748
8.58053 0.372869
8.57232 1.45328
8.56885 1.08332
8.56696 1.37421
8.50087 1.63007
8.46761 1.13887
8.43493 0.565359
8.35154 1.66625
8.29619 1.39965
8.26229 1.72986
8.2235 0.745381
8.08944 2.06055
8.06742 1.52193
8.05393 0.496056
8.03564 1.35985
7.95292 1.02599
7.95169 1.52259
7.93903 1.09728
7.92432 1.33989
7.91248 1.32246
7.90939 1.85874
7.88331 1.02201
7.85533 0.873365
7.83772 2.17498
7.80281 0.347939
7.78829 1.45354
7.77352 0.97809
7.76211 1.32603
7.73574 0.501159
7.69967 2.15874
7.69163 0.51085
7.59127 0.469085
7.58385 1.78937
7.5762 2.28678
7.53191 0.0904075
7.52223 1.99089
7.42913 0.592958
7.41673 1.78559
7.35315 0.77673
7.34895 2.34451
7.30379 1.0073
7.27668 1.09468
7.27608 0.857856
7.26123 0.636182
7.23087 1.42376
7.11033 1.90024
7.10388 1.9822
7.04634 1.7749
7.01697 1.42671
6.99762 1.41856
6.99227 1.338
6.93909 1.02393
6.91275 0.671618
6.87882 0.609043
6.80666 1.68959
6.76424 1.74283
6.74746 2.39637
6.73574 0.68518
6.65487 1.69973
6.59223 2.78865
6.58289 2.12586
6.55262 0.614194
6.53009 2.05364
6.49275 1.1787
6.42222 2.61023
6.4213 1.75567
6.38636 1.52056
6.37434 2.46369
6.31922 1.40236
6.3134 0.906893
6.29378 2.16336
6.2879 2.2819
6.27538 1.67484
6.26068 2.08894
6.24969 1.36637
6.24521 0.910231
6.24129 1.08941
6.2101 1.65926
6.19816 2.12311
6.16556 2.44002
6.1289 1.7462
6.085 2.62383
6.06009 1.0779
6.056 1.97753
6.01072 2.54801
6.00489 1.64679
5.99077 1.50045
5.97495 2.33873
5.97151 1.97317
5.93955 3.05204
5.88561 1.64883
5.88293 2.72661
5.85834 2.64951
5.85829 2.73623
5.83644 2.74901
5.83514 2.74025
5.82667 2.20837
5.80469 2.54798
5.79569 3.11112
5.75906 2.97205
5.73569 2.15522
5.71161 2.18556
5.60814 3.09336
5.53891 2.38312
5.53591 3.60463
5.51448 2.01921
5.50523 1.73611
5.50437 1.95147
5.49115 2.77886
5.45294 3.40664
5.41677 2.50893
5.41569 2.64578
5.25236 2.62466
5.16131 2.05308
5.14383 2.85768
5.09723 2.41481
5.06203 3.44696
5.05379 3.0772
4.98774 1.85009
4.94394 2.52715
4.93023 2.74685
4.92323 3.97071
4.91279 2.44302
4.85902 2.77838
4.81223 4.17051
4.78468 2.6166
4.76682 3.50799
4.73279 2.9488
4.72652 2.39052
4.70055 3.04428
4.66053 2.14481
4.64585 1.80359
4.5844 3.00697
4.57945 3.24184
4.56616 3.82768
4.54145 3.57114
4.49892 2.43408
4.47079 3.28826
4.40686 4.05282
4.40395 3.11211
4.39343 2.37202
4.38663 2.01102
4.29721 3.22538
4.28557 3.7109
4.28451 3.55512
4.24751 3.97697
4.24213 2.96343
4.2264 2.82084
4.21629 3.68724
4.19956 2.18805
4.19931 3.13905
4.17769 4.65264
4.16197 2.82251
4.13717 2.57552
4.13308 2.98488
4.11812 3.15392
4.07009 2.65732
4.05091 4.17214
4.04943 2.7807
4.03767 3.88815
4.02126 4.69304
3.96082 3.21511
3.95348 3.95647
3.92976 3.42304
3.92036 3.46539
3.8677 4.28272
3.8533 4.54006
3.81455 3.54981
3.80131 2.597
3.7814 3.41993
3.7804 3.22855
3.75054 3.95417
3.74575 3.65979
3.73865 3.85107
3.6296 4.10718
3.61635 4.42757
3.58373 3.40489
3.56332 4.26991
3.55252 3.64017
3.46005 3.73662
3.42657 3.0157
3.41142 4.25395
3.40997 4.50863
3.39738 4.65574
3.32915 3.90764
3.28886 3.86164
3.27818 4.63587
3.27 3.09882
3.24974 5.09015
3.22824 4.08164
3.22786 4.51743
3.16119 3.86214
3.15882 4.0026
3.14739 5.05633
3.12006 5.99648
3.09676 3.79044
3.06834 5.44586
3.05188 4.56159
3.05162 3.78227
3.05028 5.42739
3.00335 4.21449
2.99493 3.35427
2.95778 4.783
2.94003 4.57508
2.90675 4.73224
2.88989 3.64105
2.87343 5.61088
2.83547 3.92567
2.83404 3.94808
2.81659 5.45155
2.76728 4.89334
2.73629 4.20035
2.73481 5.29783
2.727 4.72262
2.711 4.5399
2.6874 5.22245
2.67597 3.43074
2.6483 3.59827
2.6298 5.6378
2.62277 5.13966
2.6152 4.26407
2.60226 4.02479
2.59345 3.57975
2.58752 3.44589
2.54261 4.5568
2.53543 5.04716
2.5142 5.92664
2.49316 6.23528
2.46551 3.81199
2.40847 5.46033
2.37262 4.6714
2.344 6.44823
2.31522 6.65194
2.31356 5.95076
2.24677 6.11325
2.23482 5.62584
2.21569 5.19617
2.2042 4.7832
2.19315 6.57004
2.19067 4.00179
2.18613 4.79345
2.18207 4.86329
2.17369 4.13578
2.16768 4.94321
2.14749 5.18944
2.13525 4.24925
2.1012 4.79971
2.07708 6.42641
2.0314 6.67851
2.02221 4.651
2.0066 4.63444
2.00642 4.51423
1.98985 6.49614
1.9752 5.34603
1.96805 5.52592
1.94057 5.14132
1.93807 7.11682
1.93506 5.09821
1.89328 4.60926
1.87991 6.45152
1.8624 4.05522
1.81406 5.58665
1.7426 6.46163
1.72565 5.17188
1.69211 6.00771
1.66588 6.75783
1.65761 6.18119
1.63845 5.51698
1.63465 6.82576
1.63004 5.91022
1.62434 6.23598
1.60062 6.14832
1.52804 5.42456
1.52745 5.75195
1.51621 5.18903
1.50323 4.56901
1.47959 8.10075
1.4537 7.56524
1.45087 7.58571
1.44033 6.24748
1.43554 4.65011
1.43367 7.52787
1.42696 6.26789
1.4074 7.39224
1.40665 5.40136
1.39782 7.03173
1.3849 7.05481
1.36047 6.61288
1.35217 6.26252
1.34311 6.68352
1.33956 5.97188
1.33532 5.04082
1.33105 5.27096
1.28987 5.02549
1.25404 6.53124
1.25289 7.62169
1.23633 6.93677
1.2222 6.566
1.20832 6.11438
1.20479 6.83615
1.19692 7.72366
1.17497 6.41524
1.15973 6.58723
1.08575 5.89348
1.01884 7.18645
1.0142 6.83218
1.0072 8.08035
1.00663 6.56691
0.998094 5.19862
0.990721 5.1384
0.987701 7.28991
0.976554 7.23687
0.96767 5.11734
0.96259 7.65134
0.9614 5.5926
0.951723 5.68692
0.935178 6.38033
0.920958 6.21196
0.920542 7.57449
0.905752 8.54733
0.887026 8.52242
0.886598 6.76356
0.882533 8.52761
0.863984 8.42293
0.858034 6.40029
0.832151 8.10155
0.803788 8.71262
0.800263 6.41028
0.78057 7.00348
0.774399 5.96335
0.77085 6.31852
0.770741 7.06689
0.758509 7.03733
0.756386 5.50253
0.755767 6.2589
0.747396 8.37565
0.711295 7.64566
0.710454 6.46523
0.709276 8.29754
0.693089 6.78595
0.689126 8.01978
0.678004 8.05705
0.677562 7.97745
0.66841 5.79245
0.663264 8.97925
0.662735 5.43646
0.658513 5.97729
0.654648 8.42659
0.634095 6.23353
0.625085 7.18291
0.585279 6.5021
0.553963 9.15648
0.546967 7.57781
0.543793 8.59805
0.541592 9.07386
0.538239 6.84948
0.53091 8.93817
0.523537 8.67596
0.513648 6.58625
0.506625 6.2339
0.503064 7.52997
0.49911 8.34005
0.497359 9.85785
0.490657 8.06437
0.488964 8.21759
0.479969 8.14454
0.474575 9.35389
0.473597 7.56584
0.468208 8.87463
0.466752 9.00247
0.465213 8.58862
0.463954 9.70627
0.450651 7.06949
0.435483 6.46591
0.413448 8.22442
0.392537 8.99314
0.381555 8.20899
0.38024 6.50304
0.373321 8.97189
0.369052 9.64323
0.364614 10.1087
0.360094 7.36154
0.355552 6.16116
0.352632 7.36745
0.340109 6.28577
0.338352 9.34657
0.337973 8.07133
0.331141 7.72166
0.327455 10.4487
0.317438 7.52808
0.312089 6.45349
0.312013 7.08597
0.309918 6.29984
0.308736 7.351
0.297563 7.45218
0.281949 7.16128
0.277895 7.46916
0.267167 10.2147
0.264833 9.77911
0.26447 7.9525
0.261082 7.62181
0.260606 8.44368
0.2574 7.85314
0.249861 10.3015
0.24288 6.99912
0.227501 7.27036
0.2212 9.15511
0.213876 9.47838
0.186772 10.0734
0.181306 9.26006
0.172283 9.69825
0.164077 6.98711
0.158555 8.66914
0.156502 10.2578
0.140844 7.1132
0.135102 7.95492
0.134805 10.5299
0.131026 9.48438
0.124249 8.73719
0.113329 10.9691
0.11123 8.45848
0.110138 8.06131
0.107492 9.52651
0.107345 7.773
0.106724 10.3584
0.0970765 9.81928
0.0931711 10.8566
0.0898969 9.14648
0.086845 7.66265
0.0851738 8.87068
0.0820082 9.99075
0.0704369 7.88527
0.0655231 7.93257
0.0653896 7.27586
0.0623485 7.66036
0.0613021 10.1211
0.0611273 8.24344
0.0609709 9.40521
0.0573249 11.2761
0.0532655 9.40857
0.0528026 10.5502
0.0522814 9.76179
0.0460563 11.5437
0.0458714 11.6117
0.0437919 8.55249
0.0428214 8.90232
0.0425178 11.2358
0.0391684 7.22533
0.0386215 10.0764
0.0376103 7.02625
0.0351241 9.28774
0.0238435 11.1913
0.0194844 8.16066
0.0159019 10.7699
0.0146012 11.0052
0.0107369 10.3408
0.00963446 7.77299
0.00919557 7.43118
0.00896282 8.28562
0.00847021 11.0065
0.00821835 9.34455
0.00758716 10.8551
0.00704468 7.30049
0.00626561 9.17058
0.00600536 12.0964
0.00598641 11.0172
0.00552215 9.71401
0.0051958 11.8895
0.00396258 7.65201
0.00284546 9.27361
0.00171627 11.1536
0.00134409 10.2241
0.00109005 7.78376
1 0 0 0 0 
0 1 0 0 0 
0 0 0 0 1 
1 0 0 0 0 
0.578856 0 0 0.421144 0 
0 0 0.503901 0.496099 0 
0 0 0.506552 0.493448 0 
1 0 0 0 0 
0 0 0.216545 0 0.783455 
0 1 0 0 0 
0 0 1 0 0 
1 0 0 0 0 
0 0 0 0 1 
0.869838 0.130162 0 0 0 
0 0 0 1 0 
1 0 0 0 0 
0 0 1 0 0 
0 0 0 0 1 
0 1 0 0 0 
0 0 0 0 1 
0 0 1 0 0 
0 0 1 0 0 
0.408469 0 0.591531 0 0 
0 0 0 0 1 
0.639659 0.360341 0 0 0 
1 0 0 0 0 
0 0 1 0 0 
0 0.356658 0 0.643342 0 
0 1 0 0 0 
0.207288 0 0.792712 0 0 
0 0.212289 0.787711 0 0 
0 0 0 0 1 
0.259408 0 0.740592 0 0 
0 1 0 0 0 
0 0 0 1 0 
0 0 0 0 1 
0 0 0 0 1 
0 1 0 0 0 
1 0 0 0 0 
0 0 0 0.595737 0.404263 
0 0 0.243186 0.756814 0 
0 0 0 0 1 
0 0 0.309176 0 0.690824 
0 1 0 0 0 
0 0 0 0 1 
0 0 0 0 1 
0 0 1 0 0 
0 0 0 0 1 
0 0 1 0 0 
0 0 0 0 1 
0 0.520743 0.479257 0 0 
0 1 0 0 0 
1 0 0 0 0 
0 0 0 0 1 
0 0 0 1 0 
0 0.617197 0.382803 0 0 
0 0 0 0 1 
0 1 0 0 0 
0 0 0 0 1 
1 0 0 0 0 
1 0 0 0 0 
0 0 0 1 0 
0 0 0 1 0 
0 0 0 1 0 
1 0 0 0 0 
0 0 1 0 0 
0 1 0 0 0 
1 0 0 0 0 
0 0 1 0 0 
0 0 0 1 0 
0 0 0 0 1 
0 0.281721 0.718279 0 0 
0 0 0 1 0 
0.580947 0 0.419053 0 0 
0 0 1 0 0 
1 0 0 0 0 
1 0 0 0 0 
1 0 0 0 0 
0.354086 0.291627 0.354287 0 0 
0 0 0 0 1 
0 1 0 0 0 
0.54038 0.45962 0 0 0 
0 1 0 0 0 
0 1 0 0 0 
0 1 0 0 0 
0 0 0 0 1 
0 1 0 0 0 
0 0 0 1 0 
0 0.552293 0.447707 0 0 
0 0 1 0 0 
0 0 0 0 1 
0 0 1 0 0 
0 0 1 0 0 
0 0 0 1 0 
0 1 0 0 0 
0 0 0 1 0 
0 0 0 0 1 
0 0.662867 0.337133 0 0 
1 0 0 0 0 
0 0 0 0 1 
0 0 0 0 1 
0 0 1 0 0 
0 1 0 0 0 
0 0.686604 0 0 0.313396 
1 0 0 0 0 
0 0 0 1 0 
0 0 1 0 0 
0 0 0 0 1 
0.15321 0 0 0.84679 0 
0 0 0 0 1 
1 0 0 0 0 
0 0 0 0 1 
0 0 1 0 0 
0 1 0 0 0 
0 0.191426 0 0 0.808574 
0 0 0 0 1 
0 0 0 0 1 
0 0 1 0 0 
0 0 0.521034 0 0.478966 
1 0 0 0 0 
0 0 0 1 0 
0 0 0 1 0 
0 0 0 0 1 
1 0 0 0 0 
0 1 0 0 0 
0 0 0 1 0 
0 0 0 1 0 
0 0 1 0 0 
0 0 0 0 1 
0 0 0 1 0 
0 0 0 0 1 
0 1 0 0 0 
1 0 0 0 0 
0 1 0 0 0 
0 0 0 0 1 
0 1 0 0 0 
0 1 0 0 0 
0 0 0 1 0 
0 0 1 0 0 
0 0 0 0 1 
0 0 0 0 1 
0 1 0 0 0 
1 0 0 0 0 
0 0 0 1 0 
0 0 1 0 0 
0 1 0 0 0 
0 0 0 0 1 
0 1 0 0 0 
0 0 1 0 0 
0 0 0 1 0 
1 0 0 0 0 
0 0 0 0 1 
0 0 0 1 0 
0 0 1 0 0 
0 0 1 0 0 
0 0 0 0 1 
1 0 0 0 0 
0 0 0 0 1 
0 0 0 0 1 
0 0 1 0 0 
0 0 0 0 1 
0 0 0 0 1 
0 1 0 0 0 
0 0 0.451267 0 0.548733 
0 0 0 1 0 
0 0.690434 0 0.309566 0 
0 1 0 0 0 
1 0 0 0 0 
0 0 0 0 1 
1 0 0 0 0 
1 0 0 0 0 
0 0 0.340894 0.659106 0 
0 1 0 0 0 
0.51495 0 0 0.48505 0 
1 0 0 0 0 
0 0 0 1 0 
0 0 0 0 1 
0 0 0 1 0 
0 0 0 1 0 
1 0 0 0 0 
0 0 0 0 1 
0 1 0 0 0 
0 0.536778 0.463222 0 0 
0.365707 0 0 0 0.634293 
1 0 0 0 0 
0 0 0 1 0 
0 1 0 0 0 
0 0 0.823717 0.176283 0 
1 0 0 0 0 
0 0 0 1 0 
0 0.635684 0.364316 0 0 
0 0 0 0 1 
0 0 0 0.499776 0.500224 
0 0 1 0 0 
0 1 0 0 0 
1 0 0 0 0 
0 0 0 0 1 
0 0 1 0 0 
0 0.29495 0 0.70505 0 
0 0 0 1 0 
0 0 0 0 1 
0 0 0.646176 0 0.353824 
1 0 0 0 0 
0 0 0 1 0 
0 0 0 0 1 
0 1 0 0 0 
0 0 0 1 0 
0 0 0 1 0 
0 0.432464 0 0 0.567536 
1 0 0 0 0 
0 0 0 0 1 
0 0.863472 0 0.136528 0 
0 1 0 0 0 
1 0 0 0 0 
0 1 0 0 0 
0 0 0 1 0 
0 0 1 0 0 
0 1 0 0 0 
1 0 0 0 0 
0 0 0 1 0 
0 1 0 0 0 
0 0 1 0 0 
1 0 0 0 0 
0 0 1 0 0 
0 0 1 0 0 
1 0 0 0 0 
0 0 1 0 0 
1 0 0 0 0 
1 0 0 0 0 
0 0 0 0 1 
1 0 0 0 0 
0 0 1 0 0 
1 0 0 0 0 
0 1 0 0 0 
0 0 0 0.822391 0.177609 
0 1 0 0 0 
0 0 0 1 0 
1 0 0 0 0 
0 0 0 0 1 
0 0 0.555125 0 0.444875 
1 0 0 0 0 
0 0 0 1 0 
0 0 1 0 0 
0 0 1 0 0 
0.376479 0.623521 0 0 0 
1 0 0 0 0 
0 0 0 1 0 
0 0 0 0 1 
0 1 0 0 0 
0 1 0 0 0 
1 0 0 0 0 
0 0 0.507368 0 0.492632 
0 0 1 0 0 
0 0 0 1 0 
0 0.342367 0.657633 0 0 
0 0 0 0 1 
0 0 1 0 0 
1 0 0 0 0 
0 0 0.406171 0 0.593829 
0 0 0 1 0 
0 0 0 0.836157 0.163843 
0 0 0 0 1 
0 1 0 0 0 
0 0 1 0 0 
0.547284 0 0 0.452716 0 
0 0 1 0 0 
0 1 0 0 0 
0 0 0 0 1 
0.163011 0.836989 0 0 0 
0 1 0 0 0 
1 0 0 0 0 
0 1 0 0 0 
0.606082 0 0 0.393918 0 
0 0 0 1 0 
0 0 0.404355 0 0.595645 
0 0 0 1 0 
1 0 0 0 0 
0.48248 0 0 0.51752 0 
0 1 0 0 0 
0 0 0 0 1 
0 1 0 0 0 
0 1 0 0 0 
0 0 0 1 0 
0 1 0 0 0 
0 0 0 1 0 
0 0 0 0 1 
0 0 0.408378 0 0.591622 
0 0 1 0 0 
0 0 0 1 0 
0 1 0 0 0 
0 0 0 1 0 
1 0 0 0 0 
0 0 1 0 0 
0 1 0 0 0 
0 0 0 0 1 
0 0 0.641242 0 0.358758 
0 0 1 0 0 
0 0 0.378012 0 0.621988 
0 0 1 0 0 
0 1 0 0 0 
0 1 0 0 0 
1 0 0 0 0 
0 0 1 0 0 
0 1 0 0 0 
0.473734 0.526266 0 0 0 
0 0.120337 0 0.531107 0.348555 
0 0 1 0 0 
0 0 0 0.74448 0.255519 
1 0 0 0 0 
0 0 0 1 0 
1 0 0 0 0 
0 0 0.545497 0 0.454503 
0 0 0 0 1 
0 0 0.589893 0 0.410107 
0 0.338128 0.661872 0 0 
0 0 0 1 0 
0 0 1 0 0 
0 0 0 1 0 
0 0 0 1 0 
1 0 0 0 0 
0 0 1 0 0 
0 0 1 0 0 
0.575759 0 0 0.424241 0 
1 0 0 0 0 
0 1 0 0 0 
0 0 0 1 0 
0 1 0 0 0 
0 1 0 0 0 
1 0 0 0 0 
0 0 0 1 0 
0 0.39325 0.60675 0 0 
0 1 0 0 0 
0 0.131914 0 0.868086 0 
1 0 0 0 0 
0 0 0 0 1 
0 0 0 0 1 
0 1 0 0 0 
0 0 0 1 0 
0 0 0 1 0 
0 0 0 1 0 
0 1 0 0 0 
0 0 0 0.534271 0.465729 
0.638191 0 0.361809 0 0 
0 0 0 1 0 
1 0 0 0 0 
0 0 0.216469 0.378056 0.405475 
0 0 0 0 1 
0 0 0 1 0 
1 0 0 0 0 
0 0 1 0 0 
0 1 0 0 0 
0 0 1 0 0 
0 0 0.652758 0.347242 0 
0 1 0 0 0 
0 0 0 0 1 
0 0 0.191759 0.808241 0 
0.734163 0 0.265837 0 0 
0 0 0 1 0 
0 0 0 0 1 
0 0 0 0 1 
0 0 0.36797 0 0.63203 
0 0 0 1 0 
0 0 0 1 0 
0.583523 0 0.416477 0 0 
0 1 0 0 0 
0 0 0 1 0 
0 0 0 0 1 
1 0 0 0 0 
0 0 1 0 0 
0 0 0 0 1 
0 0 1 0 0 
0 1 0 0 0 
0 0 1 0 0 
0 0 0 1 0 
0 0 1 0 0 
0.640382 0 0 0.359618 0 
1 0 0 0 0 
0 1 0 0 0 
0 0 0 1 0 
0 0 1 0 0 
1 0 0 0 0 
0 0 0 1 0 
0 0 0.470024 0.529976 0 
0 1 0 0 0 
0 1 0 0 0 
0 0 1 0 0 
0 0 0 1 0 
1 0 0 0 0 
0 0 0 0 1 
0 0 0 0 1 
0 1 0 0 0 
0 0 0 0 1 
0 0 0 1 0 
0.461871 0.538129 0 0 0 
0 0 0 1 0 
0.462289 0 0 0.537711 0 
0 1 0 0 0 
0 0 0 1 0 
0 1 0 0 0 
1 0 0 0 0 
0 0 1 0 0 
0 0 1 0 0 
0 0.596589 0.403411 0 0 
0 0 1 0 0 
0 1 0 0 0 
0 0 0 0 1 
0 0 0 0 1 
0 0 0 0 1 
1 0 0 0 0 
1 0 0 0 0 
1 0 0 0 0 
0 0 0 1 0 
1 0 0 0 0 
0 1 0 0 0 
0 0 1 0 0 
0 0 0 0 1 
0 0 0 0 1 
1 0 0 0 0 
0 0 0 0 1 
0 0 0 0 1 
0 0 0 0 1 
0 0 0 1 0 
0 0 0 1 0 
0 0.734293 0.265707 0 0 
0 0 0 1 0 
0 0 0 1 0 
0 1 0 0 0 
1 0 0 0 0 
1 0 0 0 0 
0 0 0 1 0 
0 0 0 0.420385 0.579615 
0 0 0.782444 0 0.217556 
0 0 0 0 1 
0 0 0 0 1 
0 0.499829 0.500171 0 0 
1 0 0 0 0 
0 0 0 1 0 
1 0 0 0 0 
0 1 0 0 0 
0 1 0 0 0 
0 0 0 0 1 
0 0 0 1 0 
0 0 1 0 0 
0 0 1 0 0 
1 0 0 0 0 
0.493547 0 0.506453 0 0 
0 0 0 1 0 
0 1 0 0 0 
0 1 0 0 0 
0 0 0.866517 0 0.133483 
1 0 0 0 0 
1 0 0 0 0 
0 1 0 0 0 
0 0.553229 0 0 0.446771 
0 0 1 0 0 
0 0 1 0 0 
0 0 1 0 0 
0 0 0 1 0 
1 0 0 0 0 
0 0 0 1 0 
0 0 1 0 0 
0.570944 0.429056 0 0 0 
0 0 1 0 0 
0.448812 0 0 0.551188 0 
0 0 0 0 1 
0 0 1 0 0 
0 0 0 1 0 
0 0 0 0 1 
0 0 0 1 0 
0 1 0 0 0 
0 0.337162 0.662838 0 0 
0 0 0 0 1 
1 0 0 0 0 
0 0.729707 0 0 0.270294 
0 0 0 0 1 
0 0 0.346697 0.653303 0 
0 1 0 0 0 
0 0 1 0 0 
1 0 0 0 0 
0 0 0 1 0 
0 1 0 0 0 
0 0 0 0 1 
0 0 0 0 1 
0 0.570513 0 0.429487 0 
0 0 0 0 1 
0 0 0 0 1 
0 0 0 0.454183 0.545817 
0 1 0 0 0 
0 0.470256 0.529744 0 0 
0 1 0 0 0 
0 0.493814 0 0.506186 0 
0 0 0 1 0 
0.560225 0 0.439775 0 0 
0.535009 0 0 0.464991 0 
0.459651 0 0 0.540349 0 
0 0 0 1 0 
0.634942 0 0 0 0.365058 
1 0 0 0 0 
0 0 1 0 0 
0 0.632411 0 0.367589 0 
