10 50
0.348393
0.35191
0.744573
0.486112
0.557568
0.580502
0.59031
0.550479
0.345463
0.717504
11.2115 0.283682
9.15306 0.2308
8.93794 0.549461
7.71809 2.14531
7.58236 2.47328
6.84681 1.17564
6.80054 1.88924
6.4177 2.08862
6.29241 2.17523
6.26549 2.9212
5.83521 1.25694
5.71266 3.49591
5.68533 1.50379
5.37073 2.47491
5.34149 2.40065
4.86119 3.38014
4.83477 3.57392
4.75371 3.42013
4.61037 1.96036
4.57804 2.81453
4.43768 3.49174
2.9947 4.35285
2.95618 4.33141
2.68787 5.16858
2.36989 4.98869
2.24887 3.67569
2.22109 5.63762
2.14871 3.99133
2.13933 5.27128
1.95108 6.84659
1.95057 5.54063
1.83544 5.20835
1.68008 5.72548
1.65185 5.63011
1.56409 7.60846
1.25118 5.24601
0.971065 7.1221
0.939361 5.4697
0.708217 8.1407
0.520183 5.97946
0.510838 9.24096
0.421381 8.5653
0.410478 6.66762
0.37522 7.55578
0.363982 6.38369
0.340446 7.9913
0.24535 8.64232
0.156138 8.95569
0.044449 11.0997
0.00870475 8.40119
0 0 0 0 0 0 0.439381 0.560619 0 0 
0 0 0.431365 0 0 0.568635 0 0 0 0 
0 0 0 0 0 0 0.717468 0 0 0.282532 
0 0 0 0 0 0 0 1 0 0 
1 0 0 0 0 0 0 0 0 0 
0 0 0 0.532516 0.467483 0 0 0 0 0 
0 1 0 0 0 0 0 0 0 0 
0 0 0 0 1 0 0 0 0 0 
0 0 0 0 0 0 0 0 1 0 
0 0 0 0 0 0 0 1 0 0 
0 0 0 0 0 0 0 0 0 1 
0 0 0 0 1 0 0 0 0 0 
0 0 0 0 0 0 0 1 0 0 
0 0 0 0 0 0 0 0 0.670269 0.329731 
0 1 0 0 0 0 0 0 0 0 
0 0 0 0 0 1 0 0 0 0 
0 0 0 1 0 0 0 0 0 0 
0 0 0 0 0 0 1 0 0 0 
0 0 0 0 0 1 0 0 0 0 
0 1 0 0 0 0 0 0 0 0 
0 0 0 0 0 1 0 0 0 0 
0 0 0 0 1 0 0 0 0 0 
0 0 0 0 0 0 0 0 1 0 
0 0 1 0 0 0 0 0 0 0 
0 0 1 0 0 0 0 0 0 0 
0 0 0 0 0 0 0 0 0 1 
1 0 0 0 0 0 0 0 0 0 
1 0 0 0 0 0 0 0 0 0 
0 0 0 0 0 0 1 0 0 0 
0 1 0 0 0 0 0 0 0 0 
0.872775 0 0 0 0 0 0 0 0 0.127225 
0 0 0 0 0 0 1 0 0 0 
0 0 0 0 0 0 0 1 0 0 
0 0 1 0 0 0 0 0 0 0 
0 0 0 0 0 0 0 1 0 0 
0 0 0 0 0 0 0 0 1 0 
0 0 0 0 0 0 0 0 0 1 
0 0 0 0 0 0 0 0 1 0 
0 1 0 0 0 0 0 0 0 0 
0 0 0 0 0.23544 0.101256 0 0.153968 0.509337 0 
0 0 0 0 0 0 0 0 0 1 
0 0 0 0 0 0 1 0 0 0 
0 0 0 0 0 0 0 1 0 0 
0 0 0 0 0 0 0 0 0 1 
0 0 0 0 0 0 0 1 0 0 
0 0 1 0 0 0 0 0 0 0 
0 0 0 0 0 0 0 1 0 0 
0 1 0 0 0 0 0 0 0 0 
0 1 0 0 0 0 0 0 0 0 
0 0 0 0 0 0 0.32101 0.67899 0 0 
