5 150
0.625443
0.447778
0.639783
0.483585
0.649751
11.584 0.313496
11.161 0.212925
10.666 0.830257
10.2222 0.84025
9.8587 0.452873
9.78955 1.00514
9.37586 0.928254
9.3406 1.05429
9.33936 0.827597
9.13377 0.659772
8.64798 0.963206
8.60907 1.72655
8.55852 0.57352
8.5482 1.13571
8.44709 0.2112
8.18194 1.57078
7.97948 0.640269
7.906 0.348001
7.79627 2.2806
7.79049 0.917869
7.77332 0.444454
7.4718 1.6991
7.28918 1.08727
7.28277 0.585435
6.71082 1.30772
6.61258 0.715208
6.6068 2.41792
6.26252 1.52735
6.10069 1.01296
6.03145 1.63077
5.94524 3.06833
5.85344 2.04003
5.82153 2.54171
5.73215 1.73655
5.69605 2.77089
5.55721 1.90683
5.27892 1.52836
5.24578 3.29583
5.2336 1.75268
5.16974 2.53755
5.15003 2.36685
5.05866 2.58705
5.00005 2.00361
4.68642 4.02359
4.68561 2.86094
4.65317 2.93346
4.60813 3.89998
4.53108 1.89446
4.18098 4.34839
4.17317 2.65623
4.12447 4.50263
4.08513 4.85622
3.95616 2.85392
3.91203 4.05938
3.79782 4.0315
3.60098 2.53612
3.57782 3.38067
3.41036 3.6579
3.40281 4.81973
3.40153 5.09163
3.35474 2.97719
3.23496 3.58825
3.19935 4.57554
3.11509 4.65344
3.07062 3.28437
3.05051 3.64406
2.85789 4.84746
2.84146 5.01091
2.63568 3.18536
2.61186 3.62018
2.58246 3.90705
2.5284 5.40672
2.51669 4.87149
2.37401 5.20191
2.32882 6.23715
2.16915 4.49945
2.14335 6.80356
2.12418 4.3026
2.03841 5.30848
2.02279 5.49082
2.02277 4.48013
2.0095 6.63487
1.99911 5.52748
1.95342 6.33589
1.91986 5.76738
1.8441 7.04726
1.78757 6.77074
1.46522 4.55209
1.40846 4.96095
1.33103 5.76474
1.31183 7.47901
1.24938 7.45722
1.23188 6.68187
1.2269 5.79389
1.22283 7.38729
1.20948 5.637
1.19921 7.12663
1.02079 6.15284
0.993231 7.38577
0.951646 8.2148
0.941496 6.08787
0.931055 6.71858
0.908707 7.67481
0.903615 6.85659
0.882996 8.04345
0.84313 5.23562
0.840307 5.34113
0.826903 8.90212
0.762038 6.09468
0.74247 7.97032
0.726387 6.17919
0.703577 5.60412
0.641123 6.35174
0.640045 7.12879
0.571694 9.04852
0.553992 7.1457
0.533203 5.8402
0.516662 8.363
0.504671 7.7542
0.489109 7.36919
0.418054 6.73312
0.414975 7.57958
0.414666 6.85056
0.384395 7.46403
0.355644 9.23613
0.349621 6.18752
0.34087 6.35403
0.312316 8.42801
0.308155 9.6935
0.223035 10.5106
0.206228 7.36492
0.188165 10.7653
0.145331 9.07933
0.145202 9.2329
0.128337 7.87304
0.120053 9.98053
0.119506 10.343
0.106906 10.4758
0.103884 6.97365
0.0808215 7.64248
0.0681779 8.92399
0.0647709 10.3594
0.0365387 11.0526
0.030013 8.52528
0.0276416 11.6825
0.022597 7.75008
0.0130902 9.35106
0.00752291 10.0778
0.00255145 7.97694
0.00187999 7.63553
0 1 0 0 0 
0 0 0.646881 0 0.353119 
0 1 0 0 0 
0 0 0 0 1 
0 0 0 1 0 
0 0 1 0 0 
0 0 1 0 0 
1 0 0 0 0 
0 0 0 0 1 
0.432408 0 0.567592 0 0 
0 0 0 0 1 
0 0 1 0 0 
0 0 1 0 0 
0 0 1 0 0 
1 0 0 0 0 
0 0 0 0 1 
0 1 0 0 0 
1 0 0 0 0 
0 1 0 0 0 
0 0 1 0 0 
0.487707 0 0.512293 0 0 
0 0 0 0 1 
0 0.430794 0 0.569206 0 
0 0 1 0 0 
1 0 0 0 0 
0.328703 0 0.671297 0 0 
0 0 0 0 1 
0 0 0 1 0 
0 0 0 1 0 
0 0.204568 0.795432 0 0 
0 1 0 0 0 
0 1 0 0 0 
0 0 0 0 1 
1 0 0 0 0 
0 0 1 0 0 
0 1 0 0 0 
0 1 0 0 0 
1 0 0 0 0 
1 0 0 0 0 
0 0.42024 0 0.412537 0.167223 
1 0 0 0 0 
0 0 1 0 0 
0 0 1 0 0 
0 0 1 0 0 
1 0 0 0 0 
1 0 0 0 0 
0 0 0 1 0 
0 0 0 1 0 
0 0.516184 0 0 0.483816 
0 0 0 0.684613 0.315387 
0 1 0 0 0 
0 0 1 0 0 
0.446261 0.553739 0 0 0 
0 0 0 1 0 
0 0 0 0 1 
0 0 0 1 0 
0 1 0 0 0 
1 0 0 0 0 
1 0 0 0 0 
1 0 0 0 0 
0 0 1 0 0 
0 0 1 0 0 
0 0 0 1 0 
0 0 0 1 0 
1 0 0 0 0 
0.477648 0 0.522352 0 0 
0 1 0 0 0 
0.81813 0 0.18187 0 0 
0.556715 0 0 0.443285 0 
0 0 0 0 1 
0 1 0 0 0 
1 0 0 0 0 
0 0 0 1 0 
0 1 0 0 0 
0 0 1 0 0 
1 0 0 0 0 
0.605887 0 0 0.394113 0 
0 1 0 0 0 
0 0 0 0 1 
0 0 0 0 1 
0 1 0 0 0 
0 1 0 0 0 
0 0 1 0 0 
0 1 0 0 0 
0 1 0 0 0 
0.448864 0 0 0.551136 0 
0 0 0 0 1 
1 0 0 0 0 
0 0 0 1 0 
0 1 0 0 0 
0 0 0 0 1 
0 1 0 0 0 
0 0.592648 0 0 0.407352 
0 0 0 0.19246 0.80754 
0 1 0 0 0 
0 0 0 1 0 
0 0 0 0 1 
0 0.462355 0.537645 0 0 
0 0 0 1 0 
1 0 0 0 0 
0 0 0 1 0 
0 0 0 1 0 
0 1 0 0 0 
1 0 0 0 0 
0 1 0 0 0 
0 1 0 0 0 
0 0 0.376938 0 0.623062 
0 0 0 0 1 
0.607651 0 0.392349 0 0 
0.192474 0 0 0.32431 0.483216 
0 0 0 0 1 
1 0 0 0 0 
0 0 1 0 0 
0 1 0 0 0 
0 0 0 0 1 
0 1 0 0 0 
0 0.211983 0 0 0.788017 
0 1 0 0 0 
0 0 0 1 0 
1 0 0 0 0 
0 0 0 0 1 
0 1 0 0 0 
1 0 0 0 0 
0 0 1 0 0 
0 1 0 0 0 
0 0 1 0 0 
0 0 0 1 0 
0 0 0 0 1 
1 0 0 0 0 
0.404946 0 0.595054 0 0 
0 0.760059 0 0 0.239941 
0 0 0.738582 0 0.261418 
0 0 0 1 0 
0 0 1 0 0 
0 0.399094 0.600906 0 0 
0 1 0 0 0 
0.663649 0 0.336351 0 0 
1 0 0 0 0 
1 0 0 0 0 
1 0 0 0 0 
0 0 0 0 1 
0 0 1 0 0 
0 0 1 0 0 
0 0 0 1 0 
0 1 0 0 0 
0 0 0.407374 0 0.592626 
0 0 0 0 1 
1 0 0 0 0 
0 0 0 0 1 
0 0 0 0 1 
