5 200
0.476793
0.332223
0.334089
0.5054
0.480092
11.4485 0.299257
10.4148 0.366735
10.2446 0.673216
10.1146 0.547385
10.0885 0.476052
10.0824 0.585147
10.0695 0.983264
9.95308 0.819648
9.72185 0.571634
9.7013 0.925872
9.36708 0.908312
9.13198 0.783307
9.03413 0.734844
8.91184 0.456555
8.78026 0.541546
8.5914 0.617188
8.55268 1.27688
8.52488 1.3275
8.39986 1.05175
8.19813 1.11343
8.19796 0.890337
8.02592 1.26826
7.9751 0.481173
7.91686 0.745701
7.72637 0.769324
7.6706 1.36425
7.62827 1.11101
7.48329 0.576671
7.47909 1.66067
7.30599 0.512859
7.22798 2.04712
7.03198 2.08781
7.01488 2.0577
6.90759 0.442564
6.89937 2.43296
6.79081 1.44328
6.75858 1.08474
6.17987 1.1253
6.11507 1.32884
5.91548 2.39058
5.82622 1.51176
5.82519 3.24426
5.77041 2.11876
5.62527 2.70704
5.58158 2.87296
5.48755 2.37972
5.44905 2.62115
5.31654 3.81441
5.21273 2.37996
5.18183 3.78216
5.07495 2.84824
4.99376 3.87866
4.97714 3.92867
4.89679 3.10384
4.87096 2.48558
4.86061 2.61367
4.85466 2.4484
4.84083 2.41853
4.81478 3.60047
4.7961 2.58338
4.74793 1.89234
4.67876 3.81792
4.65854 3.35187
4.61832 2.86441
4.61406 2.55566
4.59568 4.73569
4.4742 2.25783
4.31756 2.9913
4.27421 4.23286
4.19262 2.69549
4.10377 4.38392
4.0795 3.75585
4.01006 2.28169
3.86354 4.91125
3.85486 4.50285
3.75693 3.52394
3.65968 3.44032
3.62774 2.54833
3.56294 3.7667
3.38519 3.49124
3.36096 4.42888
3.33038 3.36633
3.31676 3.63909
3.23087 5.84836
3.22038 4.0268
3.21144 3.89563
3.18935 4.14513
3.16545 3.68233
3.09899 3.12632
3.08278 4.13489
3.06342 5.72828
3.02941 4.88333
2.87706 3.85987
2.86268 5.07368
2.79322 6.18809
2.78764 6.04451
2.74885 4.35354
2.72498 5.16046
2.70013 4.37278
2.69474 4.94958
2.62193 6.0813
2.61775 5.06577
2.60662 5.96231
2.5808 4.744
2.46197 3.8594
2.3883 4.91286
2.36805 5.08132
2.18594 4.42937
2.1719 6.79288
2.11177 3.67077
2.08204 4.69653
2.08062 5.20807
2.05647 4.34903
2.05165 5.99278
2.04827 5.8988
1.97692 4.55164
1.92017 4.86503
1.829 5.09479
1.77842 4.85513
1.70508 5.85283
1.59718 4.48573
1.57781 6.42705
1.57302 5.42642
1.55344 6.80099
1.49533 6.78399
1.38774 5.39519
1.37546 6.17956
1.36722 6.87193
1.35249 7.81246
1.35213 5.4213
1.3204 6.6886
1.24397 7.178
1.23585 5.41747
1.22492 5.91896
1.18676 6.15909
1.12482 6.10088
1.05086 5.08216
1.02978 5.56507
1.01247 5.72448
0.961998 5.9395
0.913457 7.05744
0.910753 5.87775
0.889962 6.37806
0.888075 8.00914
0.863046 7.70751
0.853663 7.66814
0.847628 5.59467
0.821133 5.42574
0.803476 7.72981
0.789064 7.93398
0.735951 8.37137
0.627213 7.0138
0.580929 5.78345
0.578594 6.04247
0.567681 6.67962
0.563124 5.94124
0.504802 9.8956
0.496894 6.88334
0.459597 6.53811
0.427885 7.34094
0.41491 6.84981
0.414472 6.09546
0.413186 9.14878
0.375126 8.18217
0.372452 9.16999
0.372143 8.34018
0.327343 7.72521
0.322638 8.23086
0.319815 10.1057
0.310621 7.06924
0.251623 7.08408
0.242175 8.24649
0.182663 8.7952
0.134899 8.94311
0.116558 10.3099
0.11582 7.84141
0.113699 6.98969
0.101576 9.76262
0.0756442 9.46706
0.0745448 8.01216
0.0676352 9.73326
0.0607302 10.4391
0.0556712 7.69817
0.0469201 10.8448
0.0445078 7.45701
0.0426054 8.66206
0.0415832 8.62145
0.0264026 9.37551
0.0221477 9.18642
0.0206515 7.6084
0.0196465 7.50438
0.0182103 8.56882
0.017049 9.67405
0.0141912 7.89389
0.00561464 7.93653
0.00561398 12.139
0.00424319 8.86671
0.00261588 9.42831
0.00222525 8.2792
0.00211557 8.58502
0 1 0 0 0 
0 0 0 0 1 
0 1 0 0 0 
1 0 0 0 0 
0 0 0 0 1 
0 0 0 0 1 
1 0 0 0 0 
1 0 0 0 0 
0 0 1 0 0 
0 0 0 1 0 
0 0 1 0 0 
0 0 0 0 1 
0 0 0 0 1 
0 0.500416 0.413657 0.0859274 0 
0 1 0 0 0 
0.39071 0 0 0.60929 0 
0 0 0 0 1 
0 0 1 0 0 
0 0 1 0 0 
0 1 0 0 0 
0.441287 0.558713 0 0 0 
0 0 0 0 1 
0 0 0 0 1 
0 0 0 0 1 
0 0 1 0 0 
0 0 0 1 0 
0 0 1 0 0 
0 1 0 0 0 
0 0 0 1 0 
0 0 1 0 0 
0 0 0 1 0 
0 1 0 0 0 
0 0 0 1 0 
0 0 0 0 1 
0 1 0 0 0 
0 0 1 0 0 
0 0.569806 0.430194 0 0 
1 0 0 0 0 
0 0 1 0 0 
0 0 0 0 1 
0 0 0 1 0 
1 0 0 0 0 
0 1 0 0 0 
0.279156 0 0.720844 0 0 
0.504802 0.495198 0 0 0 
0 0 0 1 0 
0 1 0 0 0 
0 0 0.471257 0.528743 0 
0 0 0 0 1 
1 0 0 0 0 
0 0 0 0 1 
0 0 0 0 1 
1 0 0 0 0 
0 0 1 0 0 
0 0 0 0 1 
0 0 0 1 0 
0 0 0 0 1 
0 0 1 0 0 
1 0 0 0 0 
0.417556 0.582444 0 0 0 
0 0 0 0 1 
0.599199 0 0.400801 0 0 
0.352556 0 0 0.647444 0 
0 0.239796 0.760204 0 0 
0 0 0 0 1 
0.504428 0.495572 0 0 0 
1 0 0 0 0 
0.610953 0 0.389047 0 0 
0 0 0 0 1 
0 0 0 0 1 
0 0 0 0 1 
0 1 0 0 0 
0 1 0 0 0 
0 0.602174 0.397826 0 0 
0 0 0 1 0 
0 0 0 0 1 
0 0 1 0 0 
0 0 0.184555 0 0.815445 
0 0 0 1 0 
0 0 1 0 0 
0 0 0 1 0 
0.440337 0 0 0.559663 0 
0 0 0 0.238746 0.761254 
0 0 0 0 1 
0 1 0 0 0 
0.71145 0 0.28855 0 0 
0 0 1 0 0 
1 0 0 0 0 
0 0 1 0 0 
0.745696 0 0.254304 0 0 
0 0 0 0 1 
1 0 0 0 0 
0 0 1 0 0 
0 0 0 1 0 
1 0 0 0 0 
0.601458 0 0 0.398542 0 
1 0 0 0 0 
0 0 1 0 0 
0 1 0 0 0 
0 0 0 1 0 
0 0 1 0 0 
0 0 0 0 1 
1 0 0 0 0 
0 0 1 0 0 
0 0 1 0 0 
0 0 0 0 1 
0 0 0 0 1 
0 0 0 1 0 
0 0 0 0 1 
0 0 0 0 1 
0 0 0 1 0 
1 0 0 0 0 
0 0 0 1 0 
0 0 0 0 1 
1 0 0 0 0 
0 0 0.361627 0.638373 0 
0 0 0 0 1 
0 1 0 0 0 
0 0 0 1 0 
0 0 0 1 0 
0 0 0 1 0 
0 0 1 0 0 
0 0 0 1 0 
0.569546 0 0 0 0.430454 
0 0 1 0 0 
0 0 0 0 1 
0 0 0 1 0 
0 0.55989 0 0 0.44011 
0 0 1 0 0 
0 0 0.661588 0.338412 0 
0 0 1 0 0 
1 0 0 0 0 
0 0 0 0 1 
0 0 1 0 0 
0 1 0 0 0 
0 0 1 0 0 
0 0 0 0 1 
0 0 1 0 0 
1 0 0 0 0 
0 0 1 0 0 
1 0 0 0 0 
0 0 0 1 0 
0 1 0 0 0 
0 0.562765 0.437235 0 0 
0 0 1 0 0 
0 1 0 0 0 
1 0 0 0 0 
0 1 0 0 0 
0 0 0 0 1 
0.597813 0.402187 0 0 0 
1 0 0 0 0 
0 1 0 0 0 
0 0 0 1 0 
0 0 0.333061 0.666939 0 
1 0 0 0 0 
0 0.449733 0.550267 0 0 
0 0 1 0 0 
1 0 0 0 0 
0 0 1 0 0 
0 0 1 0 0 
0 1 0 0 0 
0 0 0 0 1 
0 0 1 0 0 
1 0 0 0 0 
0.338806 0 0 0 0.661194 
0 0 0 0.384177 0.615823 
1 0 0 0 0 
0 0.481495 0 0 0.518505 
0 0 0 0 1 
0 0 0 1 0 
0 0.506443 0.493557 0 0 
0 0 1 0 0 
0 0 0 1 0 
0 0 1 0 0 
1 0 0 0 0 
1 0 0 0 0 
0 0.488661 0 0 0.511339 
0 0 1 0 0 
1 0 0 0 0 
0 0 0 0.738134 0.261866 
0 0 0 0 1 
0 1 0 0 0 
0 0 0 1 0 
0.433966 0 0 0.566034 0 
0.260712 0.492439 0 0.246849 0 
0 0 0 0 1 
0 1 0 0 0 
0 0 1 0 0 
0 0 0 0 1 
0 1 0 0 0 
1 0 0 0 0 
0 1 0 0 0 
0 1 0 0 0 
0 0 1 0 0 
0 1 0 0 0 
0 0 0 1 0 
0.186584 0.813416 0 0 0 
0.8755 0 0 0.1245 0 
0 0 0 1 0 
0 0 1 0 0 
