5 500
0.609207
0.655427
0.311472
0.65838
0.25202
11.5767 0.107433
11.1654 0.150361
11.0236 0.220567
10.9769 0.578835
10.9254 0.433632
10.3582 0.888278
10.276 0.727014
10.1546 0.46371
9.76231 0.88573
9.73468 1.14169
9.72411 0.500683
9.56632 0.434874
9.5174 0.605776
9.46296 1.0699
9.36563 0.538204
9.29845 0.602971
9.21999 0.511799
9.18604 0.663032
9.18484 0.254131
9.17925 1.0351
9.13444 0.923449
9.02633 0.670299
8.92519 0.420899
8.87251 0.866389
8.81711 0.896079
8.79848 0.965561
8.71083 1.56413
8.68456 1.23396
8.56068 1.65469
8.51449 0.685492
8.49654 0.827268
8.49269 0.736614
8.4563 0.837281
8.18032 1.44657
8.17917 1.42295
8.05831 1.29294
8.03147 1.42973
8.0298 0.761925
7.96286 0.577506
7.95025 1.10613
7.86683 1.87232
7.7703 2.29131
7.73634 1.24263
7.68047 0.581655
7.67613 1.67411
7.67174 0.675207
7.66879 2.03423
7.6637 1.66164
7.65603 1.12837
7.64253 2.25895
7.61339 1.12569
7.58507 0.837161
7.58328 1.13958
7.50638 1.19897
7.47294 1.15973
7.4136 1.59595
7.40221 2.33371
7.40118 1.7547
7.38979 1.20371
7.30671 0.753137
7.26415 0.685496
7.20746 1.71278
7.18628 0.524121
7.1825 1.59928
7.15688 2.2262
7.13738 0.439771
7.07038 2.80884
7.0473 2.81258
6.95631 1.93721
6.91052 2.04718
6.91007 1.22686
6.90656 2.48597
6.87471 1.13445
6.87422 2.35546
6.86585 0.76077
6.82372 1.1636
6.74377 2.32378
6.60392 1.52787
6.59858 1.40712
6.58827 0.943256
6.57879 0.527276
6.57213 0.738154
6.50392 2.207
6.44152 1.31746
6.41083 2.00866
6.39164 2.3902
6.30234 1.37128
6.2723 1.83774
6.2191 2.47028
6.21209 2.95073
6.17932 1.9398
6.16084 1.48493
6.14642 1.24026
6.14207 2.28146
6.11339 2.52456
6.065 2.03238
6.049 1.74753
6.00623 2.12539
5.99888 2.37116
5.94526 2.59529
5.88978 1.4381
5.88848 1.94797
5.87601 1.73144
5.87558 1.54549
5.84265 2.76004
5.79636 1.42359
5.79576 1.62918
5.76986 0.943795
5.71339 2.10842
5.71112 2.50206
5.66196 2.5952
5.63213 2.12796
5.60724 2.00555
5.59274 2.27481
5.58211 2.42765
5.58205 2.54004
5.50687 1.8714
5.49576 1.6401
5.45972 1.90288
5.42959 2.8577
5.38205 1.74715
5.36573 2.16222
5.2356 3.36419
5.23163 3.95441
5.21738 2.60695
5.17993 2.22023
5.12253 2.07309
5.08697 2.28627
5.07625 2.45885
5.06631 2.96041
5.04745 3.95608
5.03511 2.5455
5.01318 2.70184
4.99028 2.29549
4.98566 2.06275
4.96339 2.98051
4.93788 2.78023
4.93244 3.68653
4.91357 2.93465
4.90281 3.2722
4.89297 2.83923
4.8899 3.39781
4.86877 1.9659
4.8319 3.8097
4.79639 2.63866
4.76925 2.53795
4.75831 3.68656
4.70955 4.18301
4.70006 3.35015
4.67454 3.36551
4.66052 2.76489
4.6356 4.3393
4.59405 2.69302
4.54477 3.16311
4.53631 3.53928
4.49116 2.75749
4.49109 2.89244
4.48074 2.60443
4.46504 3.57616
4.46268 3.72159
4.44899 3.35829
4.39255 4.4666
4.38192 4.90395
4.33525 2.4187
4.32371 3.18781
4.32114 3.05097
4.31804 2.34908
4.24963 3.42232
4.23222 5.0359
4.21008 3.08042
4.16715 3.8935
4.15913 3.63996
4.14256 2.37635
4.14146 2.70894
4.0352 3.80486
4.0142 3.11866
3.98113 2.72882
3.94814 3.8063
3.94633 3.60185
3.91568 3.90305
3.89621 3.30369
3.88604 3.32216
3.85016 4.70158
3.79439 3.41026
3.75266 4.19174
3.69309 3.70961
3.66263 4.77941
3.58743 4.23847
3.57663 3.42883
3.54521 3.78331
3.50583 3.54384
3.50275 4.24671
3.49954 3.7505
3.49785 3.66526
3.47481 4.15071
3.4747 3.17984
3.4525 4.44984
3.42486 3.49583
3.41464 3.35745
3.40272 5.85102
3.39961 3.65812
3.36711 2.81662
3.35848 3.63451
3.35357 5.48032
3.33273 3.89422
3.3181 5.27915
3.31165 3.90332
3.28133 4.37461
3.24885 3.89605
3.23557 3.48873
3.23151 4.43062
3.21376 3.97785
3.18774 3.74151
3.17272 5.23153
3.14538 5.0193
3.13808 4.0532
3.13517 5.29283
3.09683 4.35574
3.07592 4.37328
3.07116 4.13544
3.05366 5.39119
3.04857 5.80832
3.02367 3.48422
2.97541 4.89287
2.97271 4.99843
2.93008 3.48135
2.92736 3.21507
2.91078 4.67107
2.91025 5.09616
2.90397 5.00579
2.8454 6.06848
2.83268 5.09982
2.83086 3.9536
2.81865 4.6221
2.81501 4.64248
2.81387 5.22543
2.81228 3.73119
2.8025 6.16881
2.78553 4.56197
2.76261 5.59781
2.68001 4.59756
2.62381 5.45292
2.61379 5.35169
2.60101 4.44501
2.57698 5.51942
2.57697 4.98914
2.5723 5.98168
2.56854 4.75264
2.55078 4.03349
2.51125 3.33016
2.4972 4.4724
2.47754 4.14008
2.44354 4.61461
2.40436 4.10152
2.38638 6.50302
2.37334 4.51713
2.3366 4.36599
2.32822 4.18234
2.3033 5.46835
2.2938 6.16988
2.27786 3.39409
2.24878 5.08375
2.21415 5.31076
2.21136 5.87904
2.20772 5.27672
2.17873 3.83085
2.16548 4.61761
2.14932 5.03329
2.13962 5.8479
2.13305 6.29018
2.12863 4.88848
2.10231 4.10676
2.09665 4.6269
2.08733 4.30173
2.06576 5.44507
2.04927 5.13643
1.99787 4.71551
1.973 4.62022
1.96391 6.72733
1.92815 7.17751
1.92798 5.48604
1.91658 4.83315
1.9132 4.9878
1.89944 4.63058
1.89689 6.77423
1.87429 6.2692
1.87421 5.876
1.86007 5.98227
1.85404 4.75338
1.83778 5.06623
1.81634 6.09531
1.80015 7.13907
1.79155 4.75285
1.79155 5.47578
1.78067 5.74712
1.76532 5.67811
1.76242 6.44365
1.75675 4.2134
1.7464 7.51189
1.73491 6.40323
1.7017 7.63579
1.65973 6.34334
1.6501 6.48842
1.6297 5.493
1.62118 5.55266
1.61173 5.62668
1.60629 6.50598
1.59632 7.09794
1.57565 5.02494
1.55447 6.99443
1.55383 4.60388
1.53638 7.59824
1.5291 6.42012
1.52637 7.36585
1.52181 5.24975
1.48597 5.32898
1.46729 7.33155
1.38497 7.775
1.38194 6.75685
1.36963 5.66535
1.36236 6.10982
1.35577 6.02678
1.35392 7.15051
1.34705 5.69788
1.32445 6.84609
1.31076 5.4481
1.30756 6.59188
1.27317 7.89903
1.26497 4.96435
1.2532 7.15445
1.22627 8.0877
1.22306 5.36182
1.21797 7.8174
1.2028 7.95217
1.20157 7.93227
1.19485 8.32484
1.18992 7.65514
1.17624 6.37149
1.1486 7.03431
1.09648 5.12582
1.09121 8.28233
1.08897 5.21014
1.07411 5.17256
1.0479 7.02504
1.02 7.93722
0.99878 5.15487
0.982739 5.4945
0.970273 7.48803
0.962003 6.7617
0.953414 6.32493
0.946711 7.9496
0.912745 6.54411
0.897214 7.95646
0.893105 6.28953
0.880197 5.486
0.844725 5.73732
0.844302 6.42691
0.804231 5.05418
0.802137 5.59508
0.80202 6.87857
0.783632 6.42467
0.767863 7.8037
0.762611 7.93728
0.754618 8.21692
0.745387 8.7255
0.717017 5.67931
0.707683 7.17833
0.689648 5.42496
0.685247 8.25242
0.669137 6.75396
0.649154 9.0587
0.636141 7.68151
0.622936 6.45312
0.614893 6.11932
0.608666 6.02694
0.589068 5.97311
0.580132 5.96521
0.576049 8.48107
0.565497 8.26547
0.562952 6.8493
0.559273 6.47966
0.549335 9.12651
0.533687 7.71815
0.532458 6.62235
0.520825 8.74779
0.483267 8.15545
0.482817 7.40372
0.481527 6.50387
0.479483 8.95094
0.472954 6.80047
0.456594 8.84984
0.455851 6.25238
0.445438 9.02753
0.438793 9.24891
0.437053 8.83292
0.427602 9.46623
0.423925 6.93936
0.422966 9.98807
0.422372 6.86053
0.406964 7.92313
0.395258 7.13866
0.386946 8.77989
0.383792 6.3941
0.381664 7.4951
0.381323 10.041
0.380452 8.82472
0.376913 7.64894
0.342047 6.18807
0.338305 10.0106
0.315502 7.01535
0.293751 8.27449
0.290521 7.98871
0.288751 9.6714
0.282629 6.255
0.282223 7.89074
0.276441 6.384
0.269683 7.31373
0.254427 7.9862
0.252607 10.2499
0.229315 9.79411
0.226678 9.55225
0.226554 9.909
0.221207 9.51194
0.217102 7.04727
0.216118 7.11601
0.212199 6.81424
0.209022 7.22598
0.204723 10.3139
0.202933 9.88483
0.193472 10.1022
0.168096 7.16099
0.165974 6.44438
0.155124 7.77245
0.153129 8.9798
0.148474 8.04811
0.140737 8.60947
0.14069 7.13162
0.138922 8.43844
0.136325 10.8232
0.128568 8.12111
0.123147 10.7383
0.117726 10.755
0.115952 9.50286
0.110587 8.80906
0.109352 10.1672
0.107402 7.66775
0.106162 8.87562
0.104598 10.5311
0.101604 9.47154
0.100696 7.54466
0.0993695 7.94816
0.0955262 10.3815
0.093223 10.5792
0.0915719 6.78961
0.090146 11.0957
0.0876783 6.69585
0.086799 10.5438
0.084759 8.31009
0.0745655 7.49348
0.0708318 10.2375
0.0694912 10.7747
0.0582246 8.97152
0.0577167 9.44763
0.0560056 9.69834
0.0556227 9.17642
0.0503911 8.22783
0.0491148 10.067
0.0488456 8.71276
0.0486392 8.91348
0.0466409 8.80907
0.046421 10.5223
0.0450193 9.96532
0.0425397 11.3359
0.0406957 9.12366
0.0346931 11.3956
0.0335741 7.47007
0.0316227 10.3619
0.0313132 7.71275
0.0299013 7.22858
0.0293463 9.89644
0.0227056 9.51759
0.0225362 11.1862
0.0217322 10.6176
0.0169927 9.44473
0.0164046 7.39729
0.0157984 8.55005
0.0148657 10.2106
0.0144906 8.05723
0.0140439 9.38177
0.0100336 8.2
0.00568001 9.3489
0.0054995 8.99307
0.00527106 10.1507
0.00503 10.437
0.00489063 8.963
0.00369255 12.113
0.00287514 7.68768
0.00195058 11.6337
0.00182196 12.1529
0.000968399 10.0062
1 0 0 0 0 
0 0 0.169334 0.830666 0 
0 0 0 0 1 
0 0 1 0 0 
0 0 0 0 1 
0.662716 0 0.337284 0 0 
0 0 1 0 0 
0 1 0 0 0 
0 0 0 0 1 
0 1 0 0 0 
1 0 0 0 0 
0 1 0 0 0 
0.269491 0.394911 0 0 0.335597 
0 1 0 0 0 
0.756608 0.243392 0 0 0 
1 0 0 0 0 
1 0 0 0 0 
0 1 0 0 0 
0 1 0 0 0 
0 0 0 1 0 
0 1 0 0 0 
0 0 1 0 0 
0 0 1 0 0 
0 0 0 0 1 
1 0 0 0 0 
0 0 0 0 1 
0 0.359124 0 0 0.640876 
0 0 0 1 0 
0 0 0 0.767185 0.232815 
0 0 0 1 0 
0 1 0 0 0 
0 0 0.671513 0 0.328487 
0 0 0.312674 0 0.687326 
0 1 0 0 0 
0.416021 0 0 0.583979 0 
1 0 0 0 0 
0 1 0 0 0 
0 0 0.18395 0.378076 0.437974 
0 1 0 0 0 
1 0 0 0 0 
1 0 0 0 0 
0 0 1 0 0 
1 0 0 0 0 
0 0 0 1 0 
0 0 0 0.68906 0.31094 
0 0 1 0 0 
1 0 0 0 0 
0 0 0.529825 0.470175 0 
0 0 0 1 0 
0 0 0 1 0 
1 0 0 0 0 
1 0 0 0 0 
0 1 0 0 0 
1 0 0 0 0 
0 0 0.750131 0 0.249869 
1 0 0 0 0 
0 1 0 0 0 
0 0 0 0 1 
0 0 0.441755 0.558245 0 
1 0 0 0 0 
0 0 0 0 1 
0 0 0 1 0 
0 0 0 0 1 
0 0 0 0 1 
0 1 0 0 0 
0 0 0.572698 0.427302 0 
1 0 0 0 0 
0 0 0 1 0 
0 0 1 0 0 
1 0 0 0 0 
0.418391 0.581609 0 0 0 
0 0 0.710366 0 0.289634 
0.547776 0 0.364729 0.0874942 0 
0 0 0 1 0 
0 1 0 0 0 
0 0.40066 0 0.145926 0.453413 
0 1 0 0 0 
0.714111 0.285889 0 0 0 
0.726597 0 0 0.273403 0 
0 0.684644 0 0.315356 0 
0 0.369936 0.630065 0 0 
0 0 0.501376 0 0.498624 
0 0 0 1 0 
1 0 0 0 0 
0 1 0 0 0 
0 0 0 1 0 
1 0 0 0 0 
0 0 0 1 0 
0 0 0.592379 0 0.407621 
0 0 0 1 0 
0 1 0 0 0 
0 1 0 0 0 
0 0 0 1 0 
0 0 1 0 0 
0 0 1 0 0 
0.886263 0 0.113737 0 0 
0 0 1 0 0 
0 0 0 1 0 
0 0 1 0 0 
0 0.46608 0 0 0.53392 
0.632896 0 0 0 0.367103 
1 0 0 0 0 
0 0 1 0 0 
0 0 0 1 0 
0 1 0 0 0 
0 0 1 0 0 
0 0 0 1 0 
1 0 0 0 0 
1 0 0 0 0 
0 0 0 0 1 
0 0 0 0 1 
0 0 0 1 0 
0 0 1 0 0 
0 0 1 0 0 
0 1 0 0 0 
0 0 0 0.580101 0.419899 
1 0 0 0 0 
1 0 0 0 0 
0 0 0 1 0 
0 0 0 0 1 
1 0 0 0 0 
0 0 0 1 0 
0.664194 0.335806 0 0 0 
1 0 0 0 0 
0 1 0 0 0 
0 0 0 0 1 
0 1 0 0 0 
0 0 0.47771 0.52229 0 
1 0 0 0 0 
0 0 0 0 1 
0 1 0 0 0 
0 0 1 0 0 
0 0 0 1 0 
0 0 0 1 0 
0 1 0 0 0 
0 0 1 0 0 
0 0 0 0 1 
1 0 0 0 0 
0 0 0.804958 0 0.195042 
0 0.508567 0.491433 0 0 
1 0 0 0 0 
0 0 0 1 0 
0 0 0 0 1 
0 1 0 0 0 
0 0 0 1 0 
0 0 0.828875 0.171125 0 
0 0 0 0.493983 0.506017 
1 0 0 0 0 
0 0 1 0 0 
0 0 0 0 1 
0 0 0.358777 0.641223 0 
0.36299 0.63701 0 0 0 
0 0 0.229941 0.0941477 0.675912 
0 0 1 0 0 
0 1 0 0 0 
0 0 0 1 0 
1 0 0 0 0 
0 0 0 1 0 
0 0 0 0.720782 0.279218 
1 0 0 0 0 
1 0 0 0 0 
1 0 0 0 0 
0 1 0 0 0 
0 1 0 0 0 
1 0 0 0 0 
0 0 1 0 0 
0 0 1 0 0 
0 0 0 0 1 
0 0 0 0 1 
0 0.532257 0.467743 0 0 
1 0 0 0 0 
0 0 0 1 0 
0 0 0 1 0 
0 0 0 0 1 
0 1 0 0 0 
0 0 0 1 0 
0 1 0 0 0 
0 0.635953 0 0 0.364047 
0.536568 0.463432 0 0 0 
0 0 1 0 0 
0 0 0 0 1 
0 0 1 0 0 
0 0 0 1 0 
0 0 1 0 0 
0 0 1 0 0 
0.386671 0 0 0 0.613329 
0 1 0 0 0 
0 0 1 0 0 
1 0 0 0 0 
0 0 1 0 0 
0 0 1 0 0 
0 0 0 1 0 
1 0 0 0 0 
0 0 1 0 0 
0 0 1 0 0 
1 0 0 0 0 
0 0 0 0 1 
0 0 0 1 0 
0 0 0 0 1 
0 1 0 0 0 
0 1 0 0 0 
1 0 0 0 0 
1 0 0 0 0 
0 0 1 0 0 
1 0 0 0 0 
0 0 1 0 0 
1 0 0 0 0 
0.502413 0 0 0.497587 0 
0 0 0 0 1 
0 1 0 0 0 
1 0 0 0 0 
0 0 0 1 0 
0 0 0 0 1 
0 0 0 1 0 
0.803432 0 0 0.196568 0 
0.538475 0 0 0.461525 0 
0 0 1 0 0 
0 1 0 0 0 
0 0 0 0 1 
0 0 1 0 0 
0 0 0 0 1 
0 0 0 1 0 
1 0 0 0 0 
0 1 0 0 0 
0 0 1 0 0 
0 0 1 0 0 
0 0 0 1 0 
0 0 0.533022 0 0.466978 
0 0 0 0 1 
0 1 0 0 0 
0 0 0 0.520223 0.479777 
0 1 0 0 0 
0 0 0 0 1 
0 0 0 1 0 
0 0 0 0.362641 0.637359 
0 0 0 1 0 
0 1 0 0 0 
0 0 0 1 0 
0 0 0 0 1 
0 0 0 1 0 
0 0 1 0 0 
0 0.328709 0 0.671291 0 
0 0 0 1 0 
0 0 0 0 1 
0.689388 0 0 0.310612 0 
0 0 0 0 1 
0 0 0 0 1 
0 0 0 1 0 
0 0 0 0 1 
0 0 1 0 0 
0 0 0 0 1 
0 0.307547 0 0 0.692453 
0 0 0 1 0 
0 0 0 1 0 
0.315885 0.18866 0 0.495455 0 
0 0 0 0 1 
0 0 0 1 0 
0 0 0 0 1 
0 1 0 0 0 
0 0 0 0 1 
0 1 0 0 0 
0 0 1 0 0 
1 0 0 0 0 
1 0 0 0 0 
0 0 0 0 1 
0 0 0 1 0 
0 0 0 1 0 
0 0 0 0 1 
1 0 0 0 0 
0 0 0 0 1 
1 0 0 0 0 
0 0 0.466917 0.533083 0 
0.464842 0.535158 0 0 0 
0 1 0 0 0 
0.823492 0 0 0.176508 0 
0 0 0.240788 0 0.759212 
0 0 0 0 1 
0 1 0 0 0 
0 1 0 0 0 
0 1 0 0 0 
0 0 0.871638 0 0.128362 
0 0 0 0 1 
0.574208 0 0 0.425792 0 
0 0 0 0 1 
0 1 0 0 0 
0 1 0 0 0 
0 0 0 1 0 
1 0 0 0 0 
0 0 0 1 0 
1 0 0 0 0 
0 0 1 0 0 
0 0 1 0 0 
0 0 1 0 0 
0 0 0.258595 0.741405 0 
0 1 0 0 0 
1 0 0 0 0 
0 0 0 0 1 
0 0 0 1 0 
0 0 0 1 0 
1 0 0 0 0 
0 0 1 0 0 
0 0 1 0 0 
0 0 1 0 0 
0 0 0 1 0 
1 0 0 0 0 
0 0 0 1 0 
0 1 0 0 0 
1 0 0 0 0 
0 0 0 0 1 
0 0 1 0 0 
0 0 1 0 0 
0 1 0 0 0 
0 0 0 1 0 
0 1 0 0 0 
0 0 0 1 0 
0 0 1 0 0 
0 0 0 1 0 
0.232972 0.767028 0 0 0 
0 0 0 1 0 
0 1 0 0 0 
0 0 0 1 0 
1 0 0 0 0 
1 0 0 0 0 
0 0 0 1 0 
0 0 0.747645 0 0.252355 
1 0 0 0 0 
0 0 0 0 1 
0 0 0 0 1 
0 1 0 0 0 
0.361435 0 0.389742 0.248822 0 
0 0 1 0 0 
0 0 0 0 1 
0 0 1 0 0 
0 0 1 0 0 
0 0 0 0 1 
0 0.594704 0 0.405296 0 
0 0 0 0 1 
0 0 1 0 0 
1 0 0 0 0 
0 0 0 0 1 
0 1 0 0 0 
0 0 1 0 0 
0 1 0 0 0 
0 0 0 1 0 
0 0 1 0 0 
0 1 0 0 0 
0 1 0 0 0 
0 0 1 0 0 
0 1 0 0 0 
0 0 0 0 1 
0.220819 0 0 0.352752 0.426429 
0 0 0 1 0 
0 0 1 0 0 
0 0 1 0 0 
1 0 0 0 0 
0 0 0.619338 0 0.380662 
0 1 0 0 0 
0 0.403413 0 0.596587 0 
0 0 0 0 1 
0 0 0 0.65769 0.34231 
0 1 0 0 0 
0 0 1 0 0 
0 0 1 0 0 
0 1 0 0 0 
0 0 0 0 1 
1 0 0 0 0 
0 0 0 0 1 
0 1 0 0 0 
0 0 0 0 1 
0 1 0 0 0 
1 0 0 0 0 
0 0 1 0 0 
0 0 0 1 0 
0 0 0 0 1 
0 0 1 0 0 
0 0 0 1 0 
1 0 0 0 0 
0 0.465411 0 0 0.534589 
0 1 0 0 0 
0 0 1 0 0 
0 0 0 0 1 
0 0 0 1 0 
0 0.673835 0 0 0.326165 
0 1 0 0 0 
0 0 0 1 0 
0 1 0 0 0 
0 0 0 1 0 
1 0 0 0 0 
0 0 0 1 0 
0 0 0 1 0 
0 0 0 1 0 
1 0 0 0 0 
0 0 0 0 1 
0 0.436465 0.563534 0 0 
0 0 0 0 1 
1 0 0 0 0 
0 0 0 1 0 
0 0 0 1 0 
0 0 0 0 1 
1 0 0 0 0 
0 0 1 0 0 
0 1 0 0 0 
0.459275 0 0 0.540725 0 
0 0 0 1 0 
0 0 1 0 0 
1 0 0 0 0 
1 0 0 0 0 
0 1 0 0 0 
0 0 1 0 0 
0 0 0 0 1 
0 0 0 0 1 
0 1 0 0 0 
0 0 0.861337 0 0.138663 
0 0 1 0 0 
0 0 0 0 1 
0 0 0.593197 0 0.406803 
1 0 0 0 0 
0 0 0 0 1 
0 1 0 0 0 
0 0 0 0 1 
0 0 0 0 1 
0 0.104801 0 0.895199 0 
0 1 0 0 0 
0 0 0 0 1 
1 0 0 0 0 
0 1 0 0 0 
0 0 0 0 1 
0 0 0 1 0 
0 0 0 1 0 
0 0 0 1 0 
0.205348 0.595208 0 0 0.199443 
0 1 0 0 0 
1 0 0 0 0 
0 0 0 0 1 
0 0 1 0 0 
0 0.334158 0.218118 0.447724 0 
0 0 0 0 1 
0 0 1 0 0 
0 0 0 0 1 
1 0 0 0 0 
0 1 0 0 0 
0 1 0 0 0 
0 1 0 0 0 
0 0.57279 0 0.42721 0 
1 0 0 0 0 
0 0 0 1 0 
0.768648 0 0 0 0.231352 
0 0 0 1 0 
1 0 0 0 0 
0 0 0 1 0 
0 0 0 1 0 
1 0 0 0 0 
0 0 1 0 0 
0 0 0 0 1 
0.152392 0 0.847608 0 0 
0 0 1 0 0 
0 0 1 0 0 
0 0 0 1 0 
0 0 1 0 0 
0 0 0 0.508589 0.491411 
0 0 0.600612 0 0.399388 
0 0 1 0 0 
0 1 0 0 0 
0 1 0 0 0 
0 0 0 0 1 
0 0 0 0 1 
0 0 0 0 1 
0 1 0 0 0 
0 0 0 0.195793 0.804207 
0 0 0 0 1 
0 0.35439 0 0 0.64561 
0 0 1 0 0 
1 0 0 0 0 
0 0 1 0 0 
0.320652 0.679348 0 0 0 
0 1 0 0 0 
0 0 0 0.64317 0.35683 
0 1 0 0 0 
0.791686 0 0.208314 0 0 
0 1 0 0 0 
0 0 0 1 0 
0 0 1 0 0 
0 1 0 0 0 
1 0 0 0 0 
0 0 0 0 1 
1 0 0 0 0 
0 1 0 0 0 
0 0 0.6357 0 0.3643 
0 0 0 1 0 
0 1 0 0 0 
0 0 0 1 0 
0 0 0 0 1 
0 0.594597 0.405403 0 0 
1 0 0 0 0 
0 0 0 0 1 
0 1 0 0 0 
0 0 1 0 0 
0.609708 0 0 0 0.390292 
0 0 0 1 0 
0 0 0 0 1 
