5 50
0.654466
0.597173
0.528804
0.693422
0.729643
10.0427 0.845147
9.47507 1.03164
9.33368 0.322426
9.06971 0.239772
8.62347 0.334517
8.57206 0.512446
7.69923 0.206039
7.39212 0.244523
7.28745 1.06285
7.17389 0.992172
7.07163 0.645238
6.91991 1.65303
6.69358 1.38599
6.15069 2.50175
5.05202 3.84105
4.68947 3.41498
4.28231 3.30166
4.22192 3.78398
3.84349 3.18744
3.01425 4.49858
2.51209 5.47732
2.42398 5.13477
2.34213 6.65377
2.14107 4.66479
1.87061 5.80146
1.83232 4.96911
1.58016 7.17429
1.51107 5.99611
1.45049 7.30435
1.34828 5.66031
1.30914 6.63189
1.19659 6.98735
1.13623 7.76763
1.11156 7.2896
1.03827 8.40857
1.00939 7.86879
0.863902 5.57922
0.768873 8.01185
0.627364 8.25493
0.431359 9.01564
0.400998 6.67965
0.286078 7.22461
0.206915 9.52273
0.202318 7.48331
0.175253 6.59283
0.174764 10.7953
0.172786 7.12989
0.119395 7.62078
0.116639 10.0528
0.00570858 9.46022
0 0 0 0.534461 0.465539 
0 0 0 1 0 
0 0 1 0 0 
0 1 0 0 0 
0 0 0 1 0 
0 0 0 0.204406 0.795594 
0 0 0 0 1 
0 0 1 0 0 
0 0.604966 0.395034 0 0 
0 1 0 0 0 
0.465995 0 0 0.534005 0 
1 0 0 0 0 
0 0 1 0 0 
0 0 0 0 1 
0 0 1 0 0 
0.578549 0 0 0 0.421451 
0 0 0 0 1 
0.382462 0 0 0 0.617538 
1 0 0 0 0 
0 1 0 0 0 
0.822194 0 0 0.177806 0 
0 0 0 0 1 
0 0 0 0 1 
0 0 1 0 0 
0 0 0 0 1 
0 0 0 0 1 
0 0 0 0 1 
0 0 0 1 0 
1 0 0 0 0 
0 0 1 0 0 
0 0 0 0 1 
0.538255 0 0 0 0.461745 
0 0 0 0 1 
0 1 0 0 0 
0 0 1 0 0 
0 0 0 0 1 
0 0 0 1 0 
0 0 0.363325 0.636675 0 
1 0 0 0 0 
0 0 1 0 0 
1 0 0 0 0 
0 0 1 0 0 
0 0 1 0 0 
0 0 1 0 0 
0 0 0 0 1 
1 0 0 0 0 
0 0 1 0 0 
0 0 1 0 0 
1 0 0 0 0 
0.343784 0.656216 0 0 0 
