10 25
0.535426
0.631607
0.568897
0.73116
0.609118
0.488825
0.437173
0.483873
0.260604
0.368555
8.74155 0.292412
8.72273 1.22119
8.28274 0.444818
8.01877 1.51699
7.09761 1.48697
6.87671 0.758267
6.72528 2.27128
5.92429 2.82075
5.43706 1.22771
4.99072 1.86016
4.6848 2.3354
4.12864 2.73669
4.081 4.82549
2.46996 4.34763
1.91486 7.51124
1.7255 5.73956
1.64329 5.06157
1.01202 7.08079
0.884888 8.60621
0.733022 8.5768
0.69913 5.64043
0.676138 8.64226
0.44188 8.80138
0.0265525 7.63095
0.00162165 9.61266
0 0 0 0 0.367117 0.632883 0 0 0 0 
0.55698 0 0 0 0 0 0 0 0 0.44302 
0 0 0 0 0 1 0 0 0 0 
0 0 0.544564 0 0 0 0.455436 0 0 0 
0 0 0 0 1 0 0 0 0 0 
0 0 0 0 0 0 0 0 0 1 
0 0 0 1 0 0 0 0 0 0 
1 0 0 0 0 0 0 0 0 0 
0 1 0 0 0 0 0 0 0 0 
0 0 0 0 1 0 0 0 0 0 
0 0 0 0 1 0 0 0 0 0 
0 0 0 0 0 0 1 0 0 0 
0 0.607067 0.392933 0 0 0 0 0 0 0 
0 0 0 0 1 0 0 0 0 0 
0 0 0 0.385907 0 0 0.614093 0 0 0 
0 0 0 0 1 0 0 0 0 0 
1 0 0 0 0 0 0 0 0 0 
0 0 0 0 0 0 0 0 0 1 
0 0 0 0 0 0 1 0 0 0 
0 0 0 0 0 0 0 1 0 0 
0 0 0 0 0 1 0 0 0 0 
0 0 0 0 0 0 1 0 0 0 
0 0 0 0 0 0 0 0 0 1 
0 1 0 0 0 0 0 0 0 0 
0 0 0 0 0 0 0 1 0 0 
