10 50
0.430524
0.291439
0.362338
0.419276
0.541682
0.517531
0.515609
0.425876
0.709747
0.744621
11.4189 0.137804
10.2386 0.627167
9.50521 0.782285
8.49496 1.70539
8.25865 0.804238
8.24002 0.304639
8.15299 1.70725
7.63177 1.59214
7.29143 1.753
7.12438 1.75043
6.70963 0.674778
6.56631 1.80429
6.40679 1.03356
5.18501 2.99535
4.69586 2.43552
4.53468 3.96077
4.39086 3.30876
4.30647 3.50059
3.03161 3.55472
2.85743 3.33936
2.81704 5.96397
2.78557 4.77644
2.65692 4.64176
2.59252 4.1093
2.50346 5.33207
2.41863 3.7303
2.19156 5.80655
2.01232 4.70523
1.95751 4.59042
1.95487 6.04812
1.91038 6.38914
1.03327 7.10585
0.924939 6.24745
0.863338 7.18347
0.843823 5.95032
0.818005 6.94412
0.814699 6.91354
0.527405 9.22611
0.4607 6.75446
0.440892 8.05832
0.365461 7.42235
0.348248 8.15371
0.247044 10.0369
0.126065 7.82271
0.0612858 8.49967
0.0473174 9.76661
0.0237599 11.5812
0.0136605 7.32012
0.00286196 11.7106
0.00170562 8.53803
0 0 1 0 0 0 0 0 0 0 
0 0 0 0 0 0 0 0 1 0 
0.425676 0 0 0 0.574324 0 0 0 0 0 
0 0 0 0 0 0 0 0 1 0 
0 0 1 0 0 0 0 0 0 0 
0 0 0 1 0 0 0 0 0 0 
0 0 1 0 0 0 0 0 0 0 
0 0 0 0 0 0 0 1 0 0 
0 0 1 0 0 0 0 0 0 0 
0 0 0 0 0 0 1 0 0 0 
0 0 0 0 0 0 1 0 0 0 
0 0 0 0 0 0 1 0 0 0 
1 0 0 0 0 0 0 0 0 0 
0 0 0 0 0 0 0 0 0 1 
0 0 0 0 1 0 0 0 0 0 
0 1 0 0 0 0 0 0 0 0 
0 1 0 0 0 0 0 0 0 0 
1 0 0 0 0 0 0 0 0 0 
0 0 0 0 1 0 0 0 0 0 
0 0 0 0 0 0 0 0 0 1 
0.682707 0 0.317293 0 0 0 0 0 0 0 
0 0.481532 0 0 0 0 0.518468 0 0 0 
0 0 0 0 0 0 0 0 1 0 
0 1 0 0 0 0 0 0 0 0 
0 0 0 0 0 0 1 0 0 0 
1 0 0 0 0 0 0 0 0 0 
0 0.643128 0 0 0 0 0.356872 0 0 0 
0 0 0 0 0 0 1 0 0 0 
0 0 1 0 0 0 0 0 0 0 
0 0 0 0 0 0 1 0 0 0 
0 0 0 1 0 0 0 0 0 0 
0 0 0 0 0 1 0 0 0 0 
0 0 0 0 0 0 0 0 1 0 
0 0 0 0 0 1 0 0 0 0 
0 0 0 0.395009 0 0 0 0 0.604991 0 
0 0 0 0 0 0 0 0 0 1 
0 0 0 0 0 0 0 0 1 0 
0 0.454551 0 0 0 0 0.545449 0 0 0 
0 0 0 0 0 0 0.692771 0 0 0.307229 
0 0 0 0 0 0 0 0 1 0 
0.379737 0.620263 0 0 0 0 0 0 0 0 
0 0 0 0 0 0 0 0 1 0 
0 0.599086 0 0 0 0 0.400914 0 0 0 
0 0 0 0 0 0 1 0 0 0 
1 0 0 0 0 0 0 0 0 0 
0 0 0 0 0 0 1 0 0 0 
1 0 0 0 0 0 0 0 0 0 
0 0 0 0 0 0 0 1 0 0 
0 0 0 0 0 0 0 1 0 0 
0 0.199619 0 0 0 0.800381 0 0 0 0 
