5 500
0.393651
0.401056
0.395168
0.523036
0.662777
11.8613 0.205505
11.5491 0.329607
11.3448 0.27089
11.091 0.436679
11.0739 0.570867
10.7109 0.116092
10.6979 0.609052
10.6873 0.281699
10.6845 0.49321
10.6655 0.179237
9.98203 1.12101
9.72219 1.00245
9.4932 1.14734
9.45008 0.890545
9.43344 0.460551
9.32502 0.453486
9.24936 1.14838
9.17237 0.403728
9.07369 1.32835
9.03979 0.994733
8.981 0.569098
8.97221 0.831138
8.95628 1.01408
8.955 0.496677
8.88986 0.785691
8.87986 0.775454
8.8642 0.942395
8.77641 1.06583
8.77 1.60321
8.76772 1.73411
8.68957 1.18581
8.67429 0.700957
8.65347 1.92711
8.61893 0.576859
8.61256 1.60214
8.60701 1.37409
8.57248 1.33528
8.54247 0.710831
8.51921 1.84945
8.50368 1.20304
8.39712 0.864896
8.39416 0.774401
8.38602 0.453207
8.31219 1.11604
8.25891 0.69099
8.21634 0.592394
8.17725 0.407691
8.07274 1.56651
7.96591 0.371399
7.95873 2.25944
7.88377 0.511463
7.87666 1.11549
7.79764 0.836888
7.77298 1.72704
7.75861 1.69157
7.70335 0.552285
7.67221 0.0971377
7.65051 2.13916
7.5452 0.803308
7.51948 1.23195
7.51791 1.66314
7.49892 0.267271
7.49398 1.44602
7.49208 0.110922
7.46326 1.89834
7.44927 0.835005
7.40247 0.716936
7.36563 2.32439
7.3261 1.36024
7.298 0.460027
7.29545 0.62385
7.23572 1.47559
7.22314 0.349539
7.1914 1.7259
7.12754 0.859462
7.10829 2.19804
7.08447 1.86908
6.98232 0.837308
6.92698 2.02219
6.90878 1.60182
6.86393 0.742871
6.85514 1.78201
6.81906 1.55539
6.78379 2.45479
6.72939 2.93878
6.70062 3.00071
6.6975 2.82362
6.65082 3.08021
6.63957 0.733076
6.63574 1.27354
6.62678 2.38412
6.53066 1.00664
6.51875 0.701898
6.4753 1.9294
6.452 2.10983
6.43598 2.45712
6.43243 2.63774
6.33694 2.50727
6.32826 2.47268
6.31494 1.30782
6.2066 2.73175
6.18472 1.61619
6.17238 1.55752
6.16731 1.46265
6.1349 1.35886
6.12532 2.22491
6.11196 1.63994
6.08666 1.39305
6.05818 3.4157
6.0523 2.06662
6.04838 2.64587
6.04685 2.43984
6.02286 1.42407
6.01458 2.08708
5.93223 3.4526
5.92358 1.70789
5.84404 2.6364
5.83512 1.31558
5.796 1.70594
5.76707 2.81336
5.7335 2.88741
5.70846 2.14932
5.64624 2.15317
5.56009 2.90276
5.54752 1.53588
5.53993 1.25473
5.53351 2.96598
5.50265 2.74843
5.47368 2.51926
5.42153 2.50107
5.39032 3.27834
5.31367 1.58815
5.30487 2.92156
5.30474 1.39993
5.28685 2.4518
5.28371 2.72846
5.2561 3.14991
5.2277 3.22257
5.2176 3.25209
5.21444 1.99243
5.20948 2.42973
5.17121 3.27704
5.16863 1.67706
5.11365 2.77012
5.10385 3.76472
5.0483 3.6004
5.03151 2.43177
5.02102 1.86558
4.94676 3.78832
4.91885 2.43601
4.91261 1.55612
4.89235 3.86938
4.88769 3.77614
4.86175 2.44374
4.81131 2.47344
4.78997 4.09004
4.78575 3.99754
4.78192 4.19458
4.76335 2.82964
4.75017 3.29343
4.74599 3.54883
4.69698 3.33558
4.63325 2.1896
4.61012 3.25539
4.57812 2.52147
4.49548 2.72333
4.48935 2.2528
4.48325 3.67482
4.41402 4.09657
4.40481 4.72483
4.37145 2.70869
4.30135 2.41751
4.25405 4.53123
4.24533 4.62917
4.23211 3.46923
4.22508 3.02103
4.15219 3.32904
4.11969 4.20169
4.02007 3.13939
3.97887 4.60641
3.97754 2.91181
3.96526 4.66319
3.90213 4.0623
3.8652 2.88489
3.86192 3.10861
3.79915 4.30991
3.7526 4.06157
3.69836 4.93801
3.69062 3.12912
3.68901 4.77869
3.67881 4.0952
3.65228 3.82411
3.64529 3.65716
3.62817 3.59187
3.60914 3.95981
3.60793 3.5418
3.59516 3.8822
3.57324 3.03758
3.56853 5.27163
3.53689 5.46039
3.52638 2.88416
3.52611 4.91887
3.49868 3.70094
3.46775 5.24202
3.45586 5.50753
3.45442 3.29284
3.44343 3.68502
3.42572 3.46396
3.37383 2.7849
3.35514 5.71311
3.33275 3.02735
3.29882 3.71042
3.26943 3.01727
3.25829 2.95391
3.2374 2.77168
3.20955 3.67142
3.20029 5.61482
3.18053 4.91009
3.17875 4.86727
3.15085 4.22012
3.14511 3.93732
3.14501 4.19978
3.14011 4.37456
3.12995 5.37335
3.08966 5.00972
2.98964 6.25165
2.98868 2.97217
2.9835 3.67737
2.91515 4.29386
2.90715 6.10487
2.89741 5.14008
2.88929 4.30704
2.8798 3.80067
2.82236 4.53892
2.81367 4.8101
2.80485 5.47297
2.78766 4.87568
2.78499 4.05298
2.78272 3.67486
2.77241 5.41475
2.75084 4.15299
2.73167 5.16611
2.69292 3.92635
2.69187 4.39383
2.65878 4.67851
2.61018 4.82453
2.60281 3.96405
2.59557 3.88268
2.57901 5.4706
2.56243 5.261
2.56159 4.92594
2.5605 6.47209
2.55497 4.93673
2.51038 5.33432
2.50701 4.56567
2.38814 3.97741
2.38453 5.12161
2.36647 5.7834
2.36325 4.06505
2.36299 3.97888
2.34503 5.3031
2.31918 4.15329
2.29957 4.27185
2.29028 6.00832
2.26042 3.88077
2.23832 5.81399
2.21208 5.11353
2.18082 5.60137
2.1749 6.21198
2.14381 6.50772
2.12541 5.54606
2.10652 6.15786
2.09975 6.69433
1.96922 6.68846
1.96088 5.5047
1.94987 6.75213
1.93087 6.11035
1.89355 6.39359
1.8793 7.21482
1.84101 5.83895
1.83539 5.4571
1.83294 6.6982
1.82585 6.83589
1.82579 7.16851
1.81857 5.26862
1.7901 4.57472
1.7592 5.51707
1.7509 7.20618
1.73139 5.13611
1.71748 5.99821
1.70949 7.35287
1.70633 6.13262
1.6972 4.72746
1.68971 7.16325
1.67932 7.24337
1.67688 6.11779
1.6667 4.88745
1.64998 7.32323
1.6466 5.34816
1.61723 5.21795
1.61011 6.97428
1.59728 5.9399
1.57538 6.19397
1.57379 7.5037
1.55746 4.49777
1.55622 7.05889
1.53477 5.44993
1.48753 7.67201
1.46766 6.79134
1.44868 6.97579
1.37508 7.29867
1.35272 6.85233
1.33902 6.55207
1.32903 6.12542
1.32073 6.56343
1.2711 5.86181
1.25651 7.92468
1.25359 6.46486
1.25213 6.7732
1.2467 7.3957
1.22427 5.704
1.20441 5.67232
1.19805 7.95972
1.1826 6.18967
1.12492 5.76845
1.11023 6.49545
1.08342 6.89606
1.07685 6.51592
1.07078 7.53027
1.06333 6.15376
1.06081 5.27835
1.05835 6.63869
1.05245 7.85495
1.04403 5.84452
1.03582 6.11179
1.02455 7.87606
1.02069 7.32927
1.00817 7.88903
0.985168 8.24629
0.978324 6.31987
0.973406 6.62565
0.970335 6.32872
0.958329 8.14259
0.954873 8.03281
0.904231 6.41807
0.903261 8.42818
0.895232 6.91353
0.881783 8.77942
0.88071 8.77268
0.867904 5.52548
0.855046 7.08072
0.841932 6.31925
0.833232 6.10968
0.831868 8.85663
0.823027 8.56064
0.804125 5.52135
0.77173 6.18829
0.771704 7.80738
0.764601 6.6012
0.74494 7.09784
0.741289 5.64327
0.736394 8.04137
0.726767 7.8123
0.715492 6.8949
0.715221 5.84386
0.714508 7.13355
0.663676 8.35509
0.66126 7.42296
0.660027 8.33478
0.657618 6.61209
0.65151 6.54963
0.651149 6.8691
0.647725 7.16239
0.623264 8.03036
0.60327 7.43228
0.597209 5.93535
0.595095 6.40613
0.590692 7.62739
0.581786 6.10389
0.576382 6.72933
0.555729 6.76681
0.544273 6.94509
0.540224 6.5364
0.534547 8.19642
0.52873 8.29165
0.50183 9.40219
0.491129 6.52424
0.486868 6.95494
0.463988 9.38693
0.45913 8.86683
0.435092 7.32091
0.422226 6.13992
0.4204 7.7941
0.416954 8.59543
0.413393 8.91627
0.38604 9.02707
0.379161 9.06404
0.376338 9.45338
0.362647 10.0309
0.348064 9.87184
0.321282 8.93047
0.317707 6.48935
0.317191 9.77214
0.309057 8.964
0.301923 9.78744
0.298292 8.96509
0.295068 7.22398
0.293651 7.58917
0.291584 8.86251
0.288529 9.15683
0.284632 8.57853
0.273773 6.50355
0.270404 8.47918
0.27022 9.01468
0.263537 6.71049
0.261805 8.73091
0.256208 7.89449
0.250281 8.9184
0.250048 10.07
0.240324 7.80135
0.220773 8.48069
0.213126 7.46563
0.208468 6.91308
0.191167 9.96902
0.189254 9.13197
0.186642 6.93576
0.185882 6.6314
0.183874 9.9033
0.179076 6.85763
0.177412 7.77227
0.172868 7.15801
0.16886 8.35617
0.167182 10.312
0.158936 9.67732
0.149647 9.13534
0.144621 8.98186
0.134088 9.09909
0.130313 8.15367
0.127282 11.0146
0.126126 9.3156
0.125499 9.45544
0.124418 9.83081
0.116044 10.0457
0.113497 10.9853
0.113382 7.96916
0.112584 9.86386
0.108142 8.19211
0.10637 8.42181
0.0974581 7.04668
0.0929772 7.65582
0.0904623 6.96357
0.0901097 7.45411
0.0886796 11.2169
0.0862867 7.57616
0.084769 9.97335
0.0833036 10.544
0.0814142 9.26414
0.0801322 10.8501
0.0739898 8.77136
0.0694288 10.8447
0.0653916 10.5616
0.0652682 11.2304
0.0637338 8.43744
0.0588 7.16016
0.0486936 11.5893
0.0471911 10.6561
0.0471828 7.55019
0.0440082 11.0351
0.0419811 10.9498
0.0379013 9.04718
0.0368211 11.1447
0.0365318 8.54141
0.0323102 10.5274
0.0310027 7.10947
0.0300311 9.62216
0.0284424 7.62441
0.0240335 11.6188
0.0230094 9.51276
0.0216591 8.34955
0.0206143 7.90979
0.0187651 8.55548
0.018476 10.579
0.0179687 8.15755
0.0154275 10.5451
0.0126764 8.98468
0.0123151 10.0209
0.0119996 9.59053
0.0115768 7.61116
0.0114294 10.0968
0.00754687 11.8339
0.00693716 9.16436
0.00629683 8.58348
0.00601482 11.7705
0.00570982 11.453
0.0052428 11.3337
0.00519032 11.8544
0.00460652 9.21257
0.00460212 8.40247
0.00251132 9.61887
0.00150835 11.1247
0 0 0 0 1 
0 1 0 0 0 
0 1 0 0 0 
0 0 0.80275 0 0.19725 
1 0 0 0 0 
0.340132 0.659868 0 0 0 
0 1 0 0 0 
0 0 0 1 0 
0 0 0 0 1 
0 0 0.652117 0 0.347883 
0 1 0 0 0 
0 1 0 0 0 
1 0 0 0 0 
0 0 1 0 0 
0 0 0 0 1 
1 0 0 0 0 
0.514594 0.485406 0 0 0 
0 0.439682 0 0 0.560318 
0 0 0 1 0 
1 0 0 0 0 
0 0 1 0 0 
0 0 0 0 1 
0 1 0 0 0 
0 0 0 0 1 
0 1 0 0 0 
0 1 0 0 0 
0 0 1 0 0 
1 0 0 0 0 
1 0 0 0 0 
1 0 0 0 0 
0 0.427664 0.572336 0 0 
1 0 0 0 0 
0 0 0 1 0 
0 0 0 0 1 
0 1 0 0 0 
0.689973 0.310027 0 0 0 
0 1 0 0 0 
0 0 1 0 0 
0 0 0 1 0 
0 0 0 0 1 
0.818438 0 0 0.181562 0 
0 0 1 0 0 
0 0 0 1 0 
0 0 0 1 0 
0 1 0 0 0 
1 0 0 0 0 
1 0 0 0 0 
0 0 1 0 0 
0 0 0 0 1 
1 0 0 0 0 
0 0 1 0 0 
1 0 0 0 0 
0 1 0 0 0 
0.367323 0.632677 0 0 0 
0.240934 0.759066 0 0 0 
1 0 0 0 0 
0 1 0 0 0 
0 0 0 0 1 
0 0 0.512601 0.487399 0 
0 0 0 0 1 
0 1 0 0 0 
0 0 0 0.466671 0.533329 
0.260247 0 0 0 0.739753 
0.854511 0 0 0.145489 0 
0 0 1 0 0 
0 0.323817 0.676183 0 0 
0 0 1 0 0 
0 0 0 0 1 
1 0 0 0 0 
1 0 0 0 0 
0 0.567111 0.432889 0 0 
0 0 0 0 1 
0 0.344009 0 0 0.655991 
0 0 0 1 0 
1 0 0 0 0 
1 0 0 0 0 
0.357747 0 0 0.642253 0 
0 0 0 0 1 
1 0 0 0 0 
0.456134 0 0 0.543866 0 
0 0 1 0 0 
0 0 0 0.139939 0.860061 
0 0 1 0 0 
0 0 0 0 1 
0 0 0 1 0 
0 0 0 0 1 
1 0 0 0 0 
0 0 0 0 1 
0 0 0.848602 0 0.151398 
0 0 1 0 0 
0 1 0 0 0 
0 1 0 0 0 
0 0 1 0 0 
0 0 0 1 0 
0 0.419497 0.580504 0 0 
1 0 0 0 0 
0 0 1 0 0 
0 0 0.875931 0 0.124069 
0 0 1 0 0 
0 0 0 1 0 
0 0 0 1 0 
0 1 0 0 0 
0 0 1 0 0 
0.203341 0 0.796659 0 0 
0 0 0 0 1 
0 0 0 1 0 
0 1 0 0 0 
1 0 0 0 0 
0 0.519428 0 0.480572 0 
0 0 1 0 0 
0 0.683607 0 0 0.316393 
0 0 1 0 0 
0 0 0.634922 0.365078 0 
0 0.164729 0 0.835271 0 
0 1 0 0 0 
0.206925 0.793075 0 0 0 
1 0 0 0 0 
0 0 0 0 1 
0 0 1 0 0 
0 0 0 1 0 
0 0 0 1 0 
0 0 1 0 0 
0 0 1 0 0 
0 0 0 1 0 
0 0 1 0 0 
0 1 0 0 0 
0 0 0 0 1 
0 0 1 0 0 
1 0 0 0 0 
0 0.796003 0 0.203997 0 
0 0 0 1 0 
0 1 0 0 0 
0 0 0 1 0 
0 0 1 0 0 
0 0 1 0 0 
0.630496 0 0 0.369504 0 
0 0 0 0 1 
1 0 0 0 0 
0 0 0 1 0 
0 0 0 0 1 
1 0 0 0 0 
1 0 0 0 0 
1 0 0 0 0 
0 0.553185 0 0 0.446815 
0.382782 0 0 0.617218 0 
0 0 1 0 0 
0 0 0 0 1 
1 0 0 0 0 
0 0.517669 0 0 0.482331 
0 0 0 0 1 
0 0 0 0 1 
0 0 0 0 1 
0 0 0 0.585409 0.414591 
0.601825 0 0.398175 0 0 
0 0 0 1 0 
0 0 0 0 1 
0 1 0 0 0 
0 0 0 1 0 
0 1 0 0 0 
0 0 1 0 0 
0 0 1 0 0 
0 1 0 0 0 
0 0 0 0 1 
0 0 0 0 1 
0 0 0 0 1 
1 0 0 0 0 
0 0 1 0 0 
0 0 1 0 0 
0 0.3058 0 0.6942 0 
0 0 0 0 1 
0 0 0.723333 0 0.276667 
0 0.526759 0 0 0.473241 
0 0 1 0 0 
0.769401 0 0.230599 0 0 
0 0 0 0 1 
0 0 0 0 1 
0 0 1 0 0 
0.328975 0 0 0.671025 0 
0 1 0 0 0 
0 0 0 1 0 
0.361414 0 0.638586 0 0 
1 0 0 0 0 
0 0 0 1 0 
0 1 0 0 0 
0 1 0 0 0 
0 0 0 0 1 
0 0 0 1 0 
0 0 0 1 0 
0 1 0 0 0 
1 0 0 0 0 
0.511646 0 0 0.488354 0 
0 0 1 0 0 
0 0.865953 0 0 0.134047 
1 0 0 0 0 
0 0 0 1 0 
0 0 1 0 0 
0 0 0 1 0 
0 1 0 0 0 
0 1 0 0 0 
0 0 0 1 0 
0 0 1 0 0 
0 0.410066 0.589935 0 0 
1 0 0 0 0 
0 0 1 0 0 
0 0 0 0 1 
0 1 0 0 0 
0 0 0 1 0 
0 0 0 1 0 
0 0 0.360852 0.35841 0.280738 
0 0 0 0 1 
0 0 0 1 0 
0 0 0 1 0 
1 0 0 0 0 
0 0 1 0 0 
0 1 0 0 0 
0.538184 0 0 0 0.461816 
0.732827 0 0 0 0.267173 
0 1 0 0 0 
0 0 0 1 0 
0 1 0 0 0 
0 0 1 0 0 
0 0 1 0 0 
0 1 0 0 0 
0 0 0 1 0 
0 0 0 0 1 
0.31308 0 0 0.686921 0 
0 0 0 0 1 
0 0 0 1 0 
1 0 0 0 0 
0 0 1 0 0 
0 0 0 1 0 
0 0 1 0 0 
0 0 0 0 1 
0 0 0 0 1 
0 0 1 0 0 
0 1 0 0 0 
0 0 0 1 0 
1 0 0 0 0 
0 0 0 0 1 
0 1 0 0 0 
0 0 1 0 0 
0 0.480516 0 0.519484 0 
0 1 0 0 0 
0 0 1 0 0 
0 0 1 0 0 
0 0 0 0 1 
0 0.604608 0 0 0.395393 
0 0 0 0 1 
1 0 0 0 0 
0 0 0 0 1 
0 0 0 1 0 
0 0 0 1 0 
0 0 0 0 1 
0 0 0 1 0 
0 0 0 1 0 
0 0 0 1 0 
0 0 0 0 1 
0 0 0 1 0 
0.593366 0.406634 0 0 0 
0 0 0 1 0 
0.352722 0.647278 0 0 0 
0 0 0 0 1 
1 0 0 0 0 
0.381065 0 0 0.21261 0.406325 
0 0 1 0 0 
0 0 0 1 0 
1 0 0 0 0 
0 0 0 1 0 
0 1 0 0 0 
0 0 0 0 1 
0 1 0 0 0 
0 1 0 0 0 
0 0 0 0 1 
0 0 1 0 0 
0 0 1 0 0 
0 0 0 0 1 
0 0 0 0 1 
0 1 0 0 0 
0 0 1 0 0 
1 0 0 0 0 
0.497322 0 0.157217 0.345461 0 
1 0 0 0 0 
0 0.459286 0 0.540714 0 
1 0 0 0 0 
0.232536 0 0 0.767464 0 
0 0 0 1 0 
0 0 0 0 1 
0 0 0 1 0 
1 0 0 0 0 
0 0 0 1 0 
0 0 1 0 0 
0 1 0 0 0 
0 1 0 0 0 
1 0 0 0 0 
0 0 0 1 0 
0 0 0 1 0 
0 0 0 0 1 
0 0 0 1 0 
0 0 0 1 0 
0 0 0 1 0 
1 0 0 0 0 
0 1 0 0 0 
0 0.420784 0.101497 0.302766 0.174954 
0 0.275523 0.724477 0 0 
0 1 0 0 0 
0 1 0 0 0 
0.607179 0 0 0 0.392822 
0 0 0.669649 0 0.330351 
1 0 0 0 0 
0.575282 0 0 0.424718 0 
1 0 0 0 0 
0 1 0 0 0 
0 0 0 1 0 
0 0.720824 0 0 0.279176 
1 0 0 0 0 
0 1 0 0 0 
0 1 0 0 0 
1 0 0 0 0 
0 0 0.562548 0.437452 0 
0 0 1 0 0 
0 0 0 0 1 
0 0 0 0 1 
0 1 0 0 0 
1 0 0 0 0 
0 0 0 0 1 
1 0 0 0 0 
1 0 0 0 0 
1 0 0 0 0 
0 0 0 1 0 
0 0 1 0 0 
0 1 0 0 0 
1 0 0 0 0 
0 1 0 0 0 
0 0 1 0 0 
0 0 0 0 1 
1 0 0 0 0 
0 0 0 1 0 
0 0 0 1 0 
0 0 0 0 1 
0 1 0 0 0 
1 0 0 0 0 
0 0 0 1 0 
1 0 0 0 0 
0 1 0 0 0 
1 0 0 0 0 
0 0 0.245302 0.754698 0 
0 1 0 0 0 
0 0 0 0 1 
0 0 0 0 1 
0 0 0 1 0 
0 1 0 0 0 
0 0 0 1 0 
1 0 0 0 0 
0 0 0 0 1 
0 1 0 0 0 
0 0 0 0.605777 0.394222 
0 0.285942 0 0 0.714058 
0 0 0 1 0 
0 1 0 0 0 
0 0 0 1 0 
0 0 0 1 0 
0 0 0 1 0 
1 0 0 0 0 
0 0 0 1 0 
0.462125 0 0 0 0.537875 
1 0 0 0 0 
0 1 0 0 0 
1 0 0 0 0 
0 0.158606 0 0 0.841394 
0 1 0 0 0 
0 1 0 0 0 
1 0 0 0 0 
0 0.705286 0 0 0.294714 
0 0 0 0.492932 0.507068 
0 0 0 0 1 
1 0 0 0 0 
1 0 0 0 0 
0 0 1 0 0 
0 0 0 1 0 
0 1 0 0 0 
0 0 1 0 0 
0 0 0 0 1 
1 0 0 0 0 
0 1 0 0 0 
1 0 0 0 0 
0.40883 0 0.59117 0 0 
0 0 1 0 0 
0 0 1 0 0 
0 1 0 0 0 
0 0 1 0 0 
1 0 0 0 0 
0 0 0 1 0 
0 0 1 0 0 
0 0 1 0 0 
0.793666 0 0 0 0.206334 
0 0 0 0 1 
0 1 0 0 0 
0.268338 0.433256 0.298406 0 0 
0 0 0 0 1 
0 0 0 0 1 
0 1 0 0 0 
0 0 0 1 0 
0 0.530834 0 0.469166 0 
0 0 0.43767 0 0.56233 
0 0 0 1 0 
0 0 0 1 0 
0.386756 0 0 0.613244 0 
0.206287 0 0.125951 0.667763 0 
0 1 0 0 0 
0.235279 0.764721 0 0 0 
0 0 1 0 0 
1 0 0 0 0 
0.766608 0.233392 0 0 0 
1 0 0 0 0 
0 1 0 0 0 
0.467314 0 0 0 0.532686 
1 0 0 0 0 
0 1 0 0 0 
0 0 0 0 1 
0 0 0 0 1 
0 0 0 0 1 
0 0 1 0 0 
0 0 0 1 0 
0 0.799985 0 0.200014 0 
1 0 0 0 0 
0 0 0 1 0 
0 1 0 0 0 
0 0.283288 0 0.275983 0.440729 
0 1 0 0 0 
0.379645 0 0.620355 0 0 
0 1 0 0 0 
1 0 0 0 0 
0 1 0 0 0 
0 0 0 1 0 
1 0 0 0 0 
0 0 0.281026 0 0.718974 
1 0 0 0 0 
0 1 0 0 0 
0 0 0 0 1 
0 0 0 0 1 
0 1 0 0 0 
0 0 1 0 0 
0 1 0 0 0 
1 0 0 0 0 
1 0 0 0 0 
1 0 0 0 0 
1 0 0 0 0 
0 0 0 1 0 
0 0 1 0 0 
0 0 0 1 0 
0 0 0 0.360522 0.639478 
0 1 0 0 0 
0 0 0 0 1 
0 0 0 0 1 
0 0 0 0 1 
0 0 0 1 0 
0 1 0 0 0 
0 0 0 1 0 
0.459897 0 0.540103 0 0 
0 1 0 0 0 
0 1 0 0 0 
0 0 0.612401 0 0.387599 
0 0 1 0 0 
0 0 0 1 0 
1 0 0 0 0 
0 0 1 0 0 
0 0 0 0.358512 0.641488 
1 0 0 0 0 
0 0 1 0 0 
0 0 0 1 0 
0 0 0 1 0 
0 0 1 0 0 
0 0 0 1 0 
0 0 0 1 0 
1 0 0 0 0 
0 1 0 0 0 
0 1 0 0 0 
0 0 1 0 0 
0 0 0 1 0 
0 0 0 0 1 
0 0 0 1 0 
0 0 0 0 1 
0.86618 0 0 0.13382 0 
0 0 1 0 0 
0 0 0 1 0 
1 0 0 0 0 
0 0 1 0 0 
0 1 0 0 0 
0 0.791097 0 0 0.208903 
0 0.168347 0.831653 0 0 
0 0 0 0 1 
0 1 0 0 0 
0 0 0 1 0 
1 0 0 0 0 
1 0 0 0 0 
0 1 0 0 0 
0 1 0 0 0 
0 0 1 0 0 
0 0 0 0 1 
0 1 0 0 0 
