10 300
0.745491
0.604233
0.265779
0.508834
0.639226
0.586887
0.59547
0.323873
0.426454
0.340726
11.8194 0.199825
11.4242 0.200942
11.3925 0.279974
11.363 0.227226
11.3292 0.267615
11.1517 0.100663
10.6789 0.320214
10.3316 0.215468
10.0523 0.119895
9.94724 0.160668
9.92555 1.23921
9.9087 0.4245
9.85701 0.67994
9.63153 0.679149
9.59781 1.22084
9.57612 1.07824
9.57518 1.39181
9.54934 0.443735
9.50201 0.242315
9.19873 0.528936
8.93471 0.792134
8.86075 1.0332
8.84619 0.580206
8.7597 1.20927
8.72236 0.654855
8.66788 0.816543
8.47351 1.80687
8.32161 2.06843
8.24063 1.03614
8.21043 0.875143
7.80339 2.04112
7.76663 1.60444
7.62249 2.46378
7.59141 1.50468
7.56546 0.485877
7.53983 1.70001
7.51553 2.37813
7.44398 1.19263
7.43189 1.24287
7.39691 1.81355
7.34202 0.980012
7.33696 1.62522
7.29154 0.245499
7.23727 1.04788
7.13552 0.393169
7.0379 1.67799
7.01352 1.92054
6.92107 2.02679
6.81596 0.565752
6.77218 2.70815
6.69374 0.638024
6.67616 1.13647
6.64687 3.1918
6.57326 0.974524
6.53552 0.853911
6.45482 1.91117
6.42825 1.28613
6.42783 2.1464
6.40763 1.81494
6.36918 2.5874
6.34789 1.65727
6.33577 1.51485
6.264 2.63516
6.20064 2.68644
6.16507 1.72827
6.13501 1.83474
6.11786 2.32035
6.03661 2.1003
5.99001 2.85813
5.97046 3.32963
5.95667 1.79086
5.95212 1.4497
5.92874 2.54033
5.90231 2.34733
5.88233 3.57644
5.76945 2.41689
5.70053 1.75043
5.70016 2.33724
5.59513 1.84505
5.5901 3.54409
5.49053 1.84192
5.41485 1.72958
5.41313 2.43677
5.40977 3.71225
5.31555 3.83486
5.25101 2.32025
5.11738 3.99111
5.10881 2.03087
5.09657 2.43542
5.01545 2.25044
4.96705 3.77504
4.88926 2.80085
4.86855 4.18576
4.82779 3.67453
4.80686 2.98622
4.73734 4.18043
4.70928 4.02419
4.69976 3.90909
4.33589 2.82169
4.31324 3.38779
4.23107 4.25317
4.1362 3.53062
4.09294 3.57731
4.0915 4.09471
4.03145 3.66198
4.02671 3.61731
4.02368 3.86595
4.01978 3.81458
3.94607 3.52229
3.86548 3.11727
3.73613 3.67556
3.7313 3.2655
3.72483 3.54932
3.63125 3.61332
3.55453 5.26835
3.53966 3.84916
3.53081 4.23896
3.50877 5.2372
3.49738 4.59672
3.44188 3.28429
3.42768 4.16881
3.42132 4.48012
3.41187 4.20893
3.40029 3.35526
3.39736 4.29501
3.37376 4.73275
3.33786 5.24325
3.29019 4.894
3.08455 5.20239
3.05862 3.93026
2.96252 3.7814
2.95589 4.15215
2.95003 4.16539
2.917 3.12106
2.80718 4.09935
2.71944 4.25843
2.70534 4.26319
2.69422 3.72428
2.60317 4.90713
2.49984 4.58071
2.39872 3.89227
2.38646 5.50065
2.38614 4.94957
2.31549 4.91704
2.3062 4.18397
2.26787 4.02618
2.25877 4.67349
2.25212 5.8728
2.20509 4.5301
2.14142 6.6421
2.07299 5.79836
2.04894 6.17848
2.04402 5.59285
2.01283 5.92648
1.99934 5.41298
1.97102 6.19827
1.96025 5.94738
1.9091 4.67839
1.88255 6.3503
1.85497 6.47886
1.84445 6.06616
1.78413 6.03392
1.78272 4.61147
1.74476 5.62778
1.73813 4.54069
1.67358 4.99657
1.65241 7.83971
1.62345 6.00773
1.61596 5.97319
1.58528 4.83873
1.55958 5.71282
1.52917 7.04328
1.52485 5.7326
1.52324 5.92262
1.51395 7.70986
1.50296 5.402
1.49533 4.74239
1.41594 5.9903
1.40279 6.99472
1.32977 6.47185
1.29497 4.83563
1.28346 7.07086
1.22376 7.18782
1.22262 6.45866
1.21547 6.97898
1.21453 6.89081
1.20397 6.43038
1.19424 5.2098
1.16279 5.23351
1.16094 5.17184
1.14204 7.9735
1.14016 7.23246
1.11973 7.6389
1.11895 6.34525
1.11167 8.56064
1.10219 7.34496
1.09648 4.8389
1.08313 7.20004
1.0567 5.31029
1.03756 8.21629
0.987222 5.77615
0.9511 6.66772
0.945914 7.44954
0.939991 5.78525
0.894221 6.32801
0.885167 7.39012
0.854099 7.14423
0.846798 7.88309
0.83012 6.30958
0.817875 8.78031
0.791875 7.9144
0.755684 8.41565
0.733934 6.68481
0.713606 5.8056
0.708764 5.86572
0.683339 8.47033
0.637926 6.96647
0.63635 6.39437
0.63017 5.98935
0.625718 7.38463
0.621335 8.71627
0.616485 8.60038
0.616158 6.72452
0.613078 7.28242
0.606902 8.91842
0.606323 7.17508
0.583653 7.71727
0.573045 7.40623
0.540088 8.66513
0.524237 6.89125
0.492199 7.5412
0.48673 9.44711
0.474632 8.55492
0.4646 8.96123
0.437455 8.06993
0.433734 6.45219
0.428588 6.92299
0.425775 7.47708
0.411459 9.29957
0.404147 6.33838
0.39798 7.3052
0.397341 8.62819
0.379354 6.2148
0.359977 9.83682
0.334642 6.17617
0.332569 9.99528
0.273305 9.33583
0.266236 9.81944
0.259269 7.56057
0.237098 7.90314
0.234627 8.25979
0.218972 8.20791
0.2178 7.2234
0.212147 10.3788
0.21021 9.56793
0.206717 9.42582
0.196052 6.52788
0.182373 8.78171
0.171013 7.9988
0.157312 8.31002
0.155734 7.92803
0.154288 8.27971
0.137497 8.33047
0.136408 7.17691
0.133819 10.5424
0.122193 10.2265
0.113631 6.79319
0.112072 9.09104
0.109299 10.5403
0.0927489 7.13957
0.0887307 7.66361
0.0769646 11.0246
0.0764763 9.20844
0.0713408 7.91818
0.0707079 7.62919
0.0684133 8.95582
0.0680611 9.36145
0.062222 7.70198
0.0614519 8.54435
0.0545117 10.0187
0.0506426 7.02567
0.04339 8.19932
0.0432742 9.16841
0.0401242 8.49065
0.0401116 9.49223
0.0358309 7.63515
0.0336295 10.9034
0.033372 9.95749
0.0288583 11.574
0.0262543 7.93588
0.0261218 10.717
0.0192529 8.64487
0.0157252 7.48982
0.0138807 10.656
0.0104224 11.7163
0.00892222 11.7708
0.00588997 10.9382
0.00290115 12.2378
0.00270957 11.5062
0.00133485 9.96949
0 0 0 0 0 0.348316 0.651684 0 0 0 
0 0 0 0 0 0 0 0 0 1 
0 0 0 0 0 0 0 0 1 0 
0 0 0 0.519643 0.480357 0 0 0 0 0 
0 0 0 0 0 0 0 0 1 0 
0 0 0 0 0 0 0 1 0 0 
0.103782 0 0 0 0 0 0.896218 0 0 0 
0 0 0 1 0 0 0 0 0 0 
0 0 0 0 0 0 1 0 0 0 
0 0 0 0 0 0 0 0 0 1 
0 0 0 0 0 0 0 0 1 0 
0 0 0 1 0 0 0 0 0 0 
0 0 0 0 0 0 0 0 0 1 
0 0 0 0 0 1 0 0 0 0 
0 0 1 0 0 0 0 0 0 0 
0 0 0 0 0 0 0 0 0 1 
0 0 0 0 0 0 1 0 0 0 
0 0 0 1 0 0 0 0 0 0 
0 0 0 0 0 0 0 0 1 0 
0 0 0 0.529111 0 0 0 0 0 0.470889 
0 0 0 0 0.592978 0 0 0.407022 0 0 
0 0 0 0 0 0 0 0 0 1 
0 0 0 0 0 1 0 0 0 0 
0 0 0 0 0 0 0 0 1 0 
0 0 0 0 0 0 1 0 0 0 
0 0 0 1 0 0 0 0 0 0 
0 0 0 1 0 0 0 0 0 0 
0 1 0 0 0 0 0 0 0 0 
0 0 0 1 0 0 0 0 0 0 
0 0 0 0 0 0 1 0 0 0 
0 0 0 1 0 0 0 0 0 0 
0 0 0 0 1 0 0 0 0 0 
0 0 0.361369 0.40166 0.236972 0 0 0 0 0 
0 0 0 0 1 0 0 0 0 0 
0 0 0 0 0 1 0 0 0 0 
0 0 0 0 0 0 0 0 0 1 
1 0 0 0 0 0 0 0 0 0 
0 0 0 0 0 0 0 0 0 1 
0 0 1 0 0 0 0 0 0 0 
0 0 0 0 0 0 0 1 0 0 
0 0 0 0 0 0 1 0 0 0 
0 0 0 1 0 0 0 0 0 0 
0 0 0 0 0 0 0 0 1 0 
0 0.602025 0 0 0.397975 0 0 0 0 0 
0 1 0 0 0 0 0 0 0 0 
0 0 0 0 0 0 0 0 0 1 
0 0 0 1 0 0 0 0 0 0 
0 0 0 0 0 0.466815 0.533185 0 0 0 
1 0 0 0 0 0 0 0 0 0 
1 0 0 0 0 0 0 0 0 0 
0 0 0 0 1 0 0 0 0 0 
0 0 0 0 0 1 0 0 0 0 
0 0 0 0 0 0 0 0 0 1 
0.674091 0 0 0 0.325909 0 0 0 0 0 
0 0 0 0 1 0 0 0 0 0 
1 0 0 0 0 0 0 0 0 0 
0 0 0 0 0 0 0 0 0 1 
0 0 0 0 0 0 0 0 0 1 
0 0 0 0 0 0 0 0 1 0 
0 0.158035 0 0 0.479107 0 0 0 0.362858 0 
0 0 0 0 0 0 0.866321 0 0 0.133679 
0 0 0 0 0 0 1 0 0 0 
0 0 0 1 0 0 0 0 0 0 
0 1 0 0 0 0 0 0 0 0 
0 1 0 0 0 0 0 0 0 0 
1 0 0 0 0 0 0 0 0 0 
0 1 0 0 0 0 0 0 0 0 
1 0 0 0 0 0 0 0 0 0 
0 1 0 0 0 0 0 0 0 0 
0 0 0.408678 0 0 0 0 0 0.591322 0 
0 0 0 0 0 0 0 0 0 1 
0 0 0 0.221264 0 0 0.778736 0 0 0 
0 0 0 0 0 0 0 1 0 0 
0 0 0 0 0 0 0 1 0 0 
0 0 0 0 0 0 0 0 1 0 
0 0 0 0 0 0 1 0 0 0 
0 0.394332 0 0 0 0 0 0 0 0.605668 
0 0 1 0 0 0 0 0 0 0 
0 0 0 0 1 0 0 0 0 0 
0 0 0 0 0 0 0 0.695305 0 0.304695 
0 0 0 0 0 1 0 0 0 0 
0 0 1 0 0 0 0 0 0 0 
0 0 0 0 1 0 0 0 0 0 
0 0 0.242282 0 0 0 0 0 0.757718 0 
0 0 0 1 0 0 0 0 0 0 
0 0 1 0 0 0 0 0 0 0 
0 0 0 0 0.664696 0 0.335304 0 0 0 
0 1 0 0 0 0 0 0 0 0 
0 0 0 0 0 1 0 0 0 0 
0 0 0 0 0 0 0 1 0 0 
0 0 0 0 0 0 0 1 0 0 
0 0 0.438388 0 0 0 0 0.561612 0 0 
0 0 0 0 0 0 0 1 0 0 
0 0 0 0 0 0 0 0 0 1 
0 0 0 0 0 0 0 1 0 0 
0 0 0 0 0 0 0 0 1 0 
0 0 0 0 1 0 0 0 0 0 
1 0 0 0 0 0 0 0 0 0 
0 0 0 0 1 0 0 0 0 0 
0 0 0 0 0 1 0 0 0 0 
0 0 0 0 0 0 0 0 0 1 
1 0 0 0 0 0 0 0 0 0 
0 0 0 0 0 0 1 0 0 0 
0 0 0 0 0 0.664777 0 0 0.335223 0 
0 1 0 0 0 0 0 0 0 0 
0 0 0 0 0 0 1 0 0 0 
0 0 0 0 0 0 0 1 0 0 
0 0 0 0 0 0 1 0 0 0 
0 0 0 1 0 0 0 0 0 0 
0 0 0 0 0 0 0 0 1 0 
0 0 1 0 0 0 0 0 0 0 
0 0 0 0 1 0 0 0 0 0 
0 0 0 0 0 0 0 0 1 0 
0.684588 0 0 0 0 0.315412 0 0 0 0 
0 0 0 0 1 0 0 0 0 0 
0 1 0 0 0 0 0 0 0 0 
0 0 0 0 0 0 0 1 0 0 
0 0 0 0 0 0 0 1 0 0 
0 0 0 0 1 0 0 0 0 0 
0 0 0 0 0 0 0 1 0 0 
0 0 0 0 0 1 0 0 0 0 
0 0 0 0 0 1 0 0 0 0 
0 0 0 1 0 0 0 0 0 0 
0 0 0.55137 0 0 0 0 0 0 0.44863 
0 0 0 0 0 0 0 1 0 0 
0 0 0 0 0 0.116417 0 0.883583 0 0 
0 0 0 0 1 0 0 0 0 0 
0 0 0 0 0 1 0 0 0 0 
0 0 0 0.796568 0 0 0 0.203432 0 0 
0 0 0 0 0 0 1 0 0 0 
0 1 0 0 0 0 0 0 0 0 
0 0 0 0 0 1 0 0 0 0 
0 0.628203 0 0 0 0 0 0 0 0.371797 
0 0 0 0 1 0 0 0 0 0 
0 0 0 0 0 1 0 0 0 0 
1 0 0 0 0 0 0 0 0 0 
0 0 0 0 0 1 0 0 0 0 
0 0 0 1 0 0 0 0 0 0 
0 0 0 0 0 0 0 1 0 0 
0 0 0 0 0 1 0 0 0 0 
1 0 0 0 0 0 0 0 0 0 
0 0 0 0 1 0 0 0 0 0 
0 0 0 0 1 0 0 0 0 0 
0 0 0 0 0 0 0 0 1 0 
0 0.306266 0 0 0 0 0 0 0.238907 0.454827 
0 0 0 0 1 0 0 0 0 0 
0 0 0 1 0 0 0 0 0 0 
0 0 0 0.319115 0 0 0 0 0 0.680885 
0 0 1 0 0 0 0 0 0 0 
0.289842 0 0 0 0 0 0.710158 0 0 0 
0 0 0 0 0 0 0 0 0 1 
0 0 0 0 0 0 0 0 1 0 
0 0 0.370413 0 0 0 0 0 0 0.629587 
0 0 0 0 1 0 0 0 0 0 
0 0 0 0 0 1 0 0 0 0 
0 0 0 0 0 1 0 0 0 0 
0 0 0.559601 0 0 0.440399 0 0 0 0 
0 1 0 0 0 0 0 0 0 0 
0 0.517528 0 0 0.41174 0 0 0 0 0.0707318 
0 0 0 0 0 0 0 0 0 1 
0 0 0 0 0 1 0 0 0 0 
0 0 0 0 1 0 0 0 0 0 
0 0 0 0 1 0 0 0 0 0 
0 1 0 0 0 0 0 0 0 0 
0 0 0 0 1 0 0 0 0 0 
0 0 0 0 1 0 0 0 0 0 
0 0 0 0 1 0 0 0 0 0 
0 0 0 0 0 0 0 0 0 1 
0 0 0 0 0 1 0 0 0 0 
0 0 0 0 0 0 0 1 0 0 
0 0 1 0 0 0 0 0 0 0 
0 0 0 0 0 0 1 0 0 0 
0 1 0 0 0 0 0 0 0 0 
0 0 1 0 0 0 0 0 0 0 
0 0 0 0 0 0 0 0 1 0 
0 1 0 0 0 0 0 0 0 0 
0 0 0 0 0.239603 0.760397 0 0 0 0 
0 0 1 0 0 0 0 0 0 0 
0 0 1 0 0 0 0 0 0 0 
0 0 0 0 0 0 0 1 0 0 
0 1 0 0 0 0 0 0 0 0 
0 0.464833 0 0.535167 0 0 0 0 0 0 
0.626139 0 0 0 0 0.373861 0 0 0 0 
0 0 0.136937 0 0 0 0 0 0.252675 0.610388 
0 0 0 1 0 0 0 0 0 0 
0 0 1 0 0 0 0 0 0 0 
0 0 0 0.62799 0 0 0.37201 0 0 0 
0 1 0 0 0 0 0 0 0 0 
0 0 0 0 0 0 0 1 0 0 
0 0 0 0 0 1 0 0 0 0 
0 0 0 0 0 1 0 0 0 0 
0 0 0 0 0 0 0 0 0 1 
0 0 0 1 0 0 0 0 0 0 
0 1 0 0 0 0 0 0 0 0 
0 0 0 0 0 1 0 0 0 0 
0 0 0 1 0 0 0 0 0 0 
1 0 0 0 0 0 0 0 0 0 
0.39533 0 0.60467 0 0 0 0 0 0 0 
0 0 0 0 0 1 0 0 0 0 
0 0 0 0 0 0 0 1 0 0 
0 0 0 0 0 1 0 0 0 0 
0 0 0 0 0 0 1 0 0 0 
0 0 0 0 0.300982 0 0 0 0 0.699018 
0 0 0 1 0 0 0 0 0 0 
0 0 1 0 0 0 0 0 0 0 
0 0 1 0 0 0 0 0 0 0 
0 0 0 0 0 0 0 1 0 0 
0 0 0 0 0 0 0 0 0 1 
0 0 0 0 0.550772 0 0 0.449228 0 0 
0 0 0 0 0 0 1 0 0 0 
0.291016 0.556019 0 0 0 0 0 0 0 0.152965 
0 0 0 0 0 0 1 0 0 0 
0 0 0 0 0 1 0 0 0 0 
0 0 0 0 0 0 1 0 0 0 
0 0 0 0 1 0 0 0 0 0 
0 1 0 0 0 0 0 0 0 0 
0 0 0.438211 0 0.561789 0 0 0 0 0 
0 0 0 0 0 0 0 0 0 1 
0 0 0 0 0 0 1 0 0 0 
1 0 0 0 0 0 0 0 0 0 
0 0 1 0 0 0 0 0 0 0 
0 0 0.269334 0 0 0 0.479796 0.25087 0 0 
0 0 0 0 0 0.566331 0.433669 0 0 0 
0 0 0 0 0 0 0 0 0 1 
0 0 0 0 0 0 0 1 0 0 
0 1 0 0 0 0 0 0 0 0 
0 0 0 0 0 0 0 1 0 0 
0 0.575206 0 0 0 0 0 0.424794 0 0 
0 0 0 0 0 0 0 1 0 0 
0 0 0 0 0 1 0 0 0 0 
0 0 0 0 0 0 0 0 1 0 
0 0.784618 0.215382 0 0 0 0 0 0 0 
0 0 0 0 0 1 0 0 0 0 
0 0 0 0 0 0 0 1 0 0 
0 0 0 1 0 0 0 0 0 0 
0 1 0 0 0 0 0 0 0 0 
0 0 1 0 0 0 0 0 0 0 
0 0 0 0 0.416739 0.583261 0 0 0 0 
0 0 0 0 1 0 0 0 0 0 
0 0 0 0 0 0 0 0 0 1 
0 0 1 0 0 0 0 0 0 0 
0 0 0 0 0 0 0 0 1 0 
0 0 0 0 0 0 0 0 0 1 
0 0 1 0 0 0 0 0 0 0 
1 0 0 0 0 0 0 0 0 0 
0 0 0 0 0 0 0 0 1 0 
0 0 0 0 1 0 0 0 0 0 
0 0 1 0 0 0 0 0 0 0 
0 1 0 0 0 0 0 0 0 0 
0 0 1 0 0 0 0 0 0 0 
0 0 0 0 0 0.677959 0 0 0.322041 0 
0 1 0 0 0 0 0 0 0 0 
0 1 0 0 0 0 0 0 0 0 
0 0 0 0 0 0 0 0 1 0 
0 0 1 0 0 0 0 0 0 0 
0 0 0 0 0 0 1 0 0 0 
1 0 0 0 0 0 0 0 0 0 
0 0 0 1 0 0 0 0 0 0 
1 0 0 0 0 0 0 0 0 0 
0 0 0 0 0 0 1 0 0 0 
0 0 0 0 1 0 0 0 0 0 
0.504518 0 0 0.495482 0 0 0 0 0 0 
0 0 0 0 0 1 0 0 0 0 
0 0 0 0 0 0 0 0 0 1 
0 0 0 1 0 0 0 0 0 0 
0 0 1 0 0 0 0 0 0 0 
0 0 0 0 1 0 0 0 0 0 
0 0 0.443844 0 0.556156 0 0 0 0 0 
1 0 0 0 0 0 0 0 0 0 
0 1 0 0 0 0 0 0 0 0 
0 0 0 0 0 0 0 0 0 1 
0 0 0 0 0 0 0 1 0 0 
0 0 1 0 0 0 0 0 0 0 
0 0 0 0 0 0 0 0 0 1 
0 0 0 0 0 0 0 0 1 0 
0 0 0 0 1 0 0 0 0 0 
0.444588 0 0.555412 0 0 0 0 0 0 0 
0 0.387461 0 0 0 0 0 0.333992 0.278547 0 
0 0 0 0 0 0 0 0 0 1 
0 0 0 1 0 0 0 0 0 0 
0 1 0 0 0 0 0 0 0 0 
0 0 0 0 1 0 0 0 0 0 
1 0 0 0 0 0 0 0 0 0 
0 0 1 0 0 0 0 0 0 0 
0 0 0 0 0 0 0 1 0 0 
0 0 0 0 1 0 0 0 0 0 
1 0 0 0 0 0 0 0 0 0 
0 0 0 0 0 0 0 1 0 0 
0 0 0 1 0 0 0 0 0 0 
0 0 0 0 0 0 1 0 0 0 
0 0.80098 0.19902 0 0 0 0 0 0 0 
0 0 0 0 1 0 0 0 0 0 
0 0 0 0 0 0 1 0 0 0 
1 0 0 0 0 0 0 0 0 0 
0 0 0 0 0 0 1 0 0 0 
0 0 0 0 0 0 0 1 0 0 
0.311336 0 0 0.688664 0 0 0 0 0 0 
0 0 0 0 0 1 0 0 0 0 
0 0 0 0 0 0 0 0 1 0 
0 0 1 0 0 0 0 0 0 0 
