5 25
0.55215
0.316884
0.348103
0.61502
0.492995
9.76669 1.33795
9.75261 0.818199
8.70692 0.476503
5.42342 3.64414
5.22429 2.66207
4.50069 4.24731
3.51977 3.62001
3.06986 5.0199
2.53739 6.36178
2.52013 6.57873
2.06943 6.36263
1.52973 4.81623
1.45656 6.66816
1.25221 8.40802
0.809914 6.6726
0.619291 6.65533
0.472188 6.81615
0.402189 6.01057
0.126284 7.41008
0.1193 6.93429
0.0849981 10.8334
0.0684192 7.29156
0.0465219 10.1434
0.0251178 10.7655
0.0178628 10.098
0 0 0 1 0 
0 1 0 0 0 
0 0 1 0 0 
0 0 0 0.137524 0.862476 
0 0 0 1 0 
0 0 0 1 0 
0 0 1 0 0 
0 0.693308 0 0 0.306692 
0 0 0.307968 0.692032 0 
0.542435 0 0 0.457565 0 
0 1 0 0 0 
0 0 0 0 1 
0 0 1 0 0 
0 0 0 1 0 
0 0 0 0 1 
1 0 0 0 0 
0 0 0 0 1 
0 0.684429 0 0 0.315571 
0 0 1 0 0 
0 0 1 0 0 
0 0 0 1 0 
0 1 0 0 0 
0 0 0 1 0 
0 1 0 0 0 
0 1 0 0 0 
