5 50
0.378109
0.45815
0.70235
0.647566
0.441775
9.78037 0.344256
8.75968 0.31877
7.9159 1.80217
7.8573 1.57668
6.7929 1.82028
6.68344 2.14028
6.07885 2.65971
6.0163 1.55497
5.75589 2.23653
5.49961 2.6171
5.0446 2.75696
4.94316 1.77037
4.93706 2.26553
4.87722 2.85343
4.76715 1.96878
4.43187 4.10278
3.27623 5.13989
3.0488 4.14863
2.67466 5.1859
2.64397 4.86371
2.41532 3.99666
2.28111 4.74607
2.23136 6.39164
2.05759 4.5935
1.91153 5.9792
1.60095 5.5455
1.576 7.17255
1.30184 7.32048
1.11028 5.70881
1.09508 7.36643
1.09361 6.33897
1.06755 5.78108
0.953792 6.39872
0.790134 7.78326
0.550235 7.42261
0.499646 7.70748
0.482829 8.65869
0.384033 6.88723
0.344355 9.82656
0.299925 9.63244
0.258418 6.76045
0.242677 8.21465
0.176848 6.58246
0.119119 7.03042
0.112174 6.60424
0.102765 9.95437
0.0588502 7.88237
0.0399902 11.3386
0.0119458 11.9536
0.00309946 10.6781
1 0 0 0 0 
0 0 0 0 1 
0 0 0 1 0 
0 0 0 1 0 
1 0 0 0 0 
0 1 0 0 0 
0 0 0 1 0 
1 0 0 0 0 
0 0 0 0 1 
0 0 0 1 0 
1 0 0 0 0 
0 1 0 0 0 
1 0 0 0 0 
1 0 0 0 0 
0 0 0 0 1 
0 0 0 0.517851 0.482149 
0.450354 0 0 0 0.549646 
0 0 1 0 0 
0 1 0 0 0 
0 0 0 0 1 
0 0 1 0 0 
0 0.215924 0.784076 0 0 
0 0 1 0 0 
0.398798 0 0.601202 0 0 
0 1 0 0 0 
0 0 1 0 0 
0 0 0 1 0 
0 0.738744 0 0.261256 0 
1 0 0 0 0 
0 0 0 0 1 
0 0 0 1 0 
1 0 0 0 0 
0 0 1 0 0 
0 0.534222 0 0.465778 0 
0 0 0 0 1 
1 0 0 0 0 
0.665438 0 0.334562 0 0 
0 0 1 0 0 
0 0 0 1 0 
0 1 0 0 0 
0.756785 0 0 0 0.243215 
0 1 0 0 0 
0 0 0 1 0 
0 0 0 1 0 
0 0 0 0 1 
0 0 0 0.624888 0.375112 
0 0 1 0 0 
0.759907 0 0 0 0.240093 
0 0 1 0 0 
0 0 0 1 0 
