10 300
0.53747
0.65576
0.627177
0.519304
0.615928
0.426357
0.740313
0.334869
0.683628
0.293448
11.5003 0.298877
10.7497 0.180692
10.6608 0.365979
10.6076 0.398079
10.167 1.11957
9.94424 0.939325
9.85269 0.953565
9.54822 0.591188
9.4987 0.553585
9.46568 0.13469
9.29745 0.491631
9.19647 1.00143
9.1916 0.860674
9.18738 1.40106
9.14454 0.837996
9.07368 1.12444
9.07331 0.700061
8.9979 1.005
8.96902 0.693295
8.94995 0.884419
8.8884 1.1396
8.77212 0.646307
8.66967 1.49855
8.62795 0.458785
8.58374 0.182616
8.54591 0.752005
8.46219 1.0057
8.11657 0.443557
7.93041 1.10819
7.92407 1.41444
7.86593 1.6137
7.85243 0.542044
7.75746 0.771171
7.75124 2.42482
7.50972 1.92869
7.49138 1.7524
7.38363 1.91981
7.38338 1.50234
7.36487 1.48537
7.27779 1.60034
7.26512 1.79735
7.22657 0.396938
7.13204 2.08583
7.05873 0.918573
7.04283 1.95733
6.99703 2.08701
6.96719 2.1823
6.61582 1.76031
6.58898 2.55349
6.56715 1.2789
6.49572 1.65314
6.49035 2.18568
6.45528 1.00092
6.32949 1.72109
6.24437 2.49198
6.2161 3.50862
6.113 2.50375
6.04224 2.02363
6.02459 2.19163
5.98225 3.45135
5.9078 2.02886
5.85065 1.66286
5.84559 3.02555
5.73026 2.73796
5.72877 2.54789
5.66684 1.90658
5.65118 3.54178
5.64529 1.35069
5.56851 2.31643
5.53013 2.94659
5.36876 2.98681
5.34242 2.47759
5.32568 1.90057
5.28221 2.75734
5.2746 3.45283
5.2508 3.43385
5.23166 3.10419
5.16583 2.6027
5.10604 3.02823
5.04428 2.22571
5.03574 4.08725
4.98895 4.1971
4.95389 2.4853
4.94475 2.08034
4.79164 2.33627
4.77877 3.7906
4.74587 2.97351
4.71714 2.09711
4.60998 3.12506
4.53146 2.73737
4.51789 2.40711
4.49402 3.83887
4.47542 3.5307
4.47473 4.25939
4.46117 2.31221
4.43708 2.75113
4.3839 3.82628
4.38234 3.30738
4.37044 3.46347
4.36218 2.74158
4.34197 2.5231
4.32036 4.8027
4.31709 2.93245
4.30918 3.39781
4.28682 3.56932
4.23093 3.58114
4.21249 3.25766
4.20307 3.03108
4.18709 3.76209
4.17247 5.02527
4.16862 3.48105
4.14621 4.75125
4.1227 2.87772
4.0613 4.08369
4.01462 3.25123
3.98841 3.44405
3.9434 3.42547
3.92141 4.69564
3.91023 3.96787
3.87879 3.27818
3.86774 2.82417
3.62413 2.88586
3.59206 5.26848
3.55341 3.81173
3.51598 4.64179
3.46143 3.99182
3.46048 4.13232
3.42161 4.91781
3.33347 3.6402
3.27193 4.12267
3.09689 4.67364
3.07287 3.80165
3.07182 5.43881
2.9959 5.28224
2.98316 4.50332
2.97117 5.38853
2.87599 4.25671
2.86513 4.77319
2.83791 3.29894
2.82433 4.40592
2.54316 4.47252
2.51975 4.7558
2.46264 6.71338
2.44288 4.83281
2.43805 5.06796
2.4234 4.72542
2.35974 5.13582
2.34801 5.36784
2.27926 4.41895
2.21528 4.45351
2.21111 4.23742
2.17017 5.90467
2.13838 4.62782
2.04204 6.69056
2.03264 6.42462
2.00004 6.43917
1.94087 5.08943
1.88683 6.54897
1.8664 5.41257
1.82691 6.55776
1.80437 6.8649
1.80202 6.91709
1.78797 5.92509
1.76953 5.31644
1.74791 6.48359
1.74537 6.46853
1.68925 4.37483
1.67887 4.99629
1.64734 6.04535
1.63556 5.24085
1.63262 5.33859
1.63078 7.40886
1.60324 6.69762
1.55856 5.55354
1.55055 7.1395
1.50381 5.4082
1.50061 5.48196
1.48298 7.37934
1.47571 4.81376
1.4647 5.22921
1.45609 7.16855
1.43214 5.6707
1.38072 5.78317
1.35428 5.26784
1.3491 7.00391
1.33305 4.99667
1.30124 7.06714
1.30096 6.7163
1.28979 6.82123
1.28673 6.75758
1.27966 7.94237
1.26162 6.52941
1.2461 7.28551
1.23969 5.73255
1.23181 7.10983
1.21808 5.20556
1.17412 7.11895
1.17136 5.71744
1.11579 4.96725
1.10293 6.76532
1.07137 7.84423
1.03588 6.96146
0.902247 6.47456
0.888499 5.85848
0.856761 7.32044
0.840146 5.97611
0.827193 8.12673
0.808507 6.61771
0.779101 7.5517
0.768717 8.18681
0.767296 5.99445
0.762523 6.53915
0.713744 7.06982
0.702053 6.89418
0.684962 7.15776
0.682655 7.78925
0.666259 7.87247
0.637619 8.87403
0.632679 7.84071
0.612678 6.57041
0.603069 7.33271
0.559548 8.57249
0.529589 7.31416
0.504321 5.95007
0.499725 6.40505
0.491439 9.61802
0.490884 7.28321
0.48707 7.65922
0.486535 8.01736
0.437121 6.52969
0.43394 8.34909
0.422977 8.32554
0.384194 6.02509
0.378777 8.04867
0.37208 6.87375
0.355032 9.73586
0.354959 7.05815
0.344243 8.72363
0.339158 6.73721
0.322022 6.41596
0.310837 8.56454
0.303232 7.01223
0.294697 9.43821
0.286532 10.3001
0.274471 8.18322
0.264015 7.43394
0.263794 6.71468
0.250405 7.52078
0.236374 10.1515
0.230881 9.64537
0.188866 8.85785
0.185393 8.31353
0.168474 6.9978
0.16486 9.05959
0.157924 8.34746
0.144035 7.8778
0.137011 6.76562
0.102311 8.58123
0.0975521 6.89877
0.0972116 7.82288
0.0937882 8.0764
0.089682 7.56373
0.0895581 10.3458
0.0841959 8.78448
0.0807345 8.79689
0.0776597 8.67208
0.0702911 8.4587
0.0666939 9.54853
0.0600966 9.56999
0.0575932 10.1116
0.0549368 10.0228
0.0499503 9.55134
0.0488893 9.0675
0.0464921 9.45025
0.0464251 7.74759
0.0450203 9.63055
0.0409131 9.68156
0.0352938 7.45162
0.0329411 7.11454
0.0290122 11.1701
0.0275695 11.6382
0.0255157 10.8392
0.0205545 9.13745
0.0182245 9.072
0.0134243 7.70157
0.0125297 8.45375
0.0114526 9.85337
0.0092607 10.1273
0.00902505 7.67219
0.00805251 11.7073
0.00564429 7.94381
0.00491592 10.5379
0.00341082 7.45621
0.00310901 7.64389
0.00281251 11.4028
0.00245608 10.3922
0.0016322 8.74731
0.00154714 8.25928
0.00152384 10.4076
0.00093822 10.5156
0 0 0 0 0 1 0 0 0 0 
0 1 0 0 0 0 0 0 0 0 
0 0 0 0 0 1 0 0 0 0 
0 1 0 0 0 0 0 0 0 0 
0 0 0.560129 0.439871 0 0 0 0 0 0 
0 1 0 0 0 0 0 0 0 0 
0 0 0 0 0 0 1 0 0 0 
0 0 0 1 0 0 0 0 0 0 
1 0 0 0 0 0 0 0 0 0 
0 0 0 0 0 0 0 0 0 1 
0 0 0 0 0 0 0 0 0.384397 0.615603 
0 0 0 0 0 0 0 0 0 1 
0 0 0 0 0 1 0 0 0 0 
0 0 0 1 0 0 0 0 0 0 
0 0 0 0 1 0 0 0 0 0 
0 0 0 0.568569 0.431431 0 0 0 0 0 
1 0 0 0 0 0 0 0 0 0 
0 0 0 0 0.299851 0 0.341467 0 0 0.358683 
0 0 0 0 0 0 1 0 0 0 
0 0 0 0 0 0 0 0 0 1 
0.597462 0 0 0 0 0 0 0 0 0.402538 
0 0 0 1 0 0 0 0 0 0 
1 0 0 0 0 0 0 0 0 0 
1 0 0 0 0 0 0 0 0 0 
0 0 0 0 0 0 1 0 0 0 
0 0 0 0 0 0 0 0 0 1 
1 0 0 0 0 0 0 0 0 0 
0 0.454862 0 0 0 0 0.545138 0 0 0 
0 0 0 1 0 0 0 0 0 0 
0 0 0 0 0 1 0 0 0 0 
0 0 0 0 0 0 0 0 1 0 
0 0 0 0 0 0 0 1 0 0 
0 0 0 1 0 0 0 0 0 0 
0 0 0 0 0 0 1 0 0 0 
0 0 0 0 0 0 0 0 0 1 
0 0 0 0 0 0 0 0 1 0 
0 0 0 0 0.77755 0 0 0.22245 0 0 
0 0 0 1 0 0 0 0 0 0 
0 0 0 0 0 0 0 0 0.692373 0.307627 
0 0 0 0 0 0 0 0 0.503587 0.496413 
0 0 1 0 0 0 0 0 0 0 
1 0 0 0 0 0 0 0 0 0 
0 0 0 0 0 0 0 1 0 0 
0 0 0 0 0 0 0 0 0 1 
0 0 0 0 0 0 1 0 0 0 
1 0 0 0 0 0 0 0 0 0 
0 0 1 0 0 0 0 0 0 0 
0 0 0 0 0 1 0 0 0 0 
0 0 0 0 0 1 0 0 0 0 
0 0 0 0 0 1 0 0 0 0 
0 0 0 0 0 0 0 1 0 0 
0 0 0 1 0 0 0 0 0 0 
0 0 0 0 0 1 0 0 0 0 
0 0 0 1 0 0 0 0 0 0 
1 0 0 0 0 0 0 0 0 0 
0 1 0 0 0 0 0 0 0 0 
0 0 0 0 0 0 0 0 0 1 
0 0.31894 0 0 0 0 0.68106 0 0 0 
0 0 0 0 0 0 0 0 0 1 
0 0 0 0 0 0 0 0 0 1 
1 0 0 0 0 0 0 0 0 0 
0 0 0.313429 0 0 0 0 0.686571 0 0 
0 0 0 0 0 0 0 1 0 0 
0 0 0 0 0 0 0 0 1 0 
0 0 0 0 0 0 0 0 0 1 
0 0 0 0 0 0 0 0 1 0 
0 0 0 0 0 0 0 1 0 0 
0 0 1 0 0 0 0 0 0 0 
0 0 0 0 0 0 0 0 0.483752 0.516248 
0 0 0 0 0 0 0 0 1 0 
0 0 0 0 0 0 0 1 0 0 
0 0 1 0 0 0 0 0 0 0 
0 0.628331 0 0 0 0 0 0 0 0.371669 
0 0 0 0 0 1 0 0 0 0 
0 0 0 0 0 1 0 0 0 0 
0 0 0 0 0 0 0 1 0 0 
0 0.509284 0 0 0.490716 0 0 0 0 0 
0 0 0 0 0 0 0 0 1 0 
0 0 0 0 0 0 0 1 0 0 
0 0 0 0 0 1 0 0 0 0 
0 1 0 0 0 0 0 0 0 0 
0 0 0 0 1 0 0 0 0 0 
0 0 0 0 0 0.475332 0.524668 0 0 0 
0 0 0 1 0 0 0 0 0 0 
0 0 0 1 0 0 0 0 0 0 
0 0 0 1 0 0 0 0 0 0 
0 0 1 0 0 0 0 0 0 0 
0 0 0 0 0 0 0 0 1 0 
0 0 0 0 0 0.387148 0 0.612852 0 0 
0 0 0 0 0 1 0 0 0 0 
0 0 0.49098 0 0 0 0 0 0.50902 0 
0 0 0 0 0 0 1 0 0 0 
0 0.454659 0 0 0 0 0.545341 0 0 0 
0 0 0 0.154688 0.845312 0 0 0 0 0 
0 0 1 0 0 0 0 0 0 0 
0 0 0 0 0 0 1 0 0 0 
0 0 0 1 0 0 0 0 0 0 
0 0.26876 0 0.73124 0 0 0 0 0 0 
0 0 0 0 0 0 0 0 1 0 
0 0 1 0 0 0 0 0 0 0 
0 0 0 0 0 0 0 0 0 1 
0 0 0 1 0 0 0 0 0 0 
0 1 0 0 0 0 0 0 0 0 
0 0 0 0 0 1 0 0 0 0 
0 0 0 0 0 0.0899807 0.376678 0 0.533341 0 
0 0 0 0 0 0 0 0.793785 0.206215 0 
0 0 1 0 0 0 0 0 0 0 
0 0 0 0 0 0 1 0 0 0 
0 0 0 0 0 0 0 0 0 1 
0 0 0 0.438868 0.561132 0 0 0 0 0 
1 0 0 0 0 0 0 0 0 0 
0 0 0 0 0 0 0 1 0 0 
0 1 0 0 0 0 0 0 0 0 
0 0 1 0 0 0 0 0 0 0 
0 0 0.479667 0 0 0 0 0.520333 0 0 
0 1 0 0 0 0 0 0 0 0 
1 0 0 0 0 0 0 0 0 0 
0 0 0 0 0 0 0 1 0 0 
0 0 0 0 0 0 1 0 0 0 
0 0 0 0 0 0 0 0 1 0 
0.3236 0 0 0.6764 0 0 0 0 0 0 
0 0 0 0 0 0 1 0 0 0 
1 0 0 0 0 0 0 0 0 0 
1 0 0 0 0 0 0 0 0 0 
0 0 0 0 0.649688 0 0.350312 0 0 0 
0 0 0 1 0 0 0 0 0 0 
0 0 0 1 0 0 0 0 0 0 
0 0 0 0 0 0.158963 0 0 0.841037 0 
0 1 0 0 0 0 0 0 0 0 
0 0 0 0 0.532445 0.467555 0 0 0 0 
0 0 0 0 0 0 1 0 0 0 
0 0 0 0 0 1 0 0 0 0 
0 1 0 0 0 0 0 0 0 0 
0 0 0 0 0 0 0 0 1 0 
0 0 0 0 0 0.473323 0.526677 0 0 0 
0 1 0 0 0 0 0 0 0 0 
0 0 0 1 0 0 0 0 0 0 
0 0 0 0.555517 0.444483 0 0 0 0 0 
0 1 0 0 0 0 0 0 0 0 
0 0 0 0 1 0 0 0 0 0 
0 0 0 0 0 0 0 0 1 0 
1 0 0 0 0 0 0 0 0 0 
0 0 0 0 0 0 0 0 1 0 
0 0 0 0 0 0 0 0 1 0 
0 1 0 0 0 0 0 0 0 0 
0 0 0 0 0 0 0 0 1 0 
0 0 0 0 0 0 0 0 0 1 
0 0 0 0 0.373658 0 0 0 0.626342 0 
0 0 0 0 0 0 0 0 1 0 
1 0 0 0 0 0 0 0 0 0 
0.261261 0 0 0 0.738739 0 0 0 0 0 
0 0 0 1 0 0 0 0 0 0 
1 0 0 0 0 0 0 0 0 0 
0 0 0 0 0 0 0 1 0 0 
0 0 0 1 0 0 0 0 0 0 
0 0 0 0 0 0 0 1 0 0 
0.855285 0 0 0 0 0 0 0 0.144715 0 
0 0 0 0 0 1 0 0 0 0 
0 0 0 0 0 0 0 0 1 0 
0 0 0 0 0 0 0.407602 0 0.592398 0 
0 0 0 0 0 0 1 0 0 0 
0 0 0 0 0 0 1 0 0 0 
0 0 1 0 0 0 0 0 0 0 
0 0 0 0 0 0 0 1 0 0 
0 0 0 0 1 0 0 0 0 0 
0 0 0 0 1 0 0 0 0 0 
1 0 0 0 0 0 0 0 0 0 
0 0 0 0 0 0 0 0 1 0 
0 0 0 0 0 0 0 1 0 0 
0 0 1 0 0 0 0 0 0 0 
0 0 0 0 0 0 0 0 1 0 
0 0 0 1 0 0 0 0 0 0 
0 0 0 0 0 0 0 0 1 0 
0 0 0 0 0 0 0 1 0 0 
0 0 1 0 0 0 0 0 0 0 
0 0 0 0 0 1 0 0 0 0 
0 0.537087 0 0.462913 0 0 0 0 0 0 
0 0 0 0 0 1 0 0 0 0 
0 0 0 1 0 0 0 0 0 0 
0 0 0 0 0 0.626078 0.373922 0 0 0 
0 1 0 0 0 0 0 0 0 0 
0 0 1 0 0 0 0 0 0 0 
0 0 0 0 0 0 0 0 1 0 
0 0 1 0 0 0 0 0 0 0 
0 0 0 0 0 0 1 0 0 0 
0 0 0 0 0 0 1 0 0 0 
0 0 0 0 1 0 0 0 0 0 
0 0 1 0 0 0 0 0 0 0 
0 0 0 0 0 0 0 0 0 1 
0 0 0 0 0 0 0 0 0 1 
0 0 0 0 0 0 1 0 0 0 
0 1 0 0 0 0 0 0 0 0 
0 0 0 0 0 0 0 0 1 0 
0 0 0 0 0 0.375927 0 0 0 0.624073 
0 0 0 0 0 0 0 0 0 1 
1 0 0 0 0 0 0 0 0 0 
0 0.264644 0.735356 0 0 0 0 0 0 0 
0 0 1 0 0 0 0 0 0 0 
0 0 0.427473 0 0 0 0 0 0 0.572527 
0 0 0 0 0 1 0 0 0 0 
0 0 0 0 0 0 0 0 0 1 
0 0 0 1 0 0 0 0 0 0 
0 0 0 1 0 0 0 0 0 0 
0 0 0 0 0 0 0 1 0 0 
0 0 0 0 0 0 1 0 0 0 
0 0 0 0 0 1 0 0 0 0 
0 0 1 0 0 0 0 0 0 0 
0 0 0.111111 0 0.888889 0 0 0 0 0 
0 0 1 0 0 0 0 0 0 0 
0 0 1 0 0 0 0 0 0 0 
0 0 0 0 0 0 0 0 1 0 
0 0 0.88949 0 0 0 0.11051 0 0 0 
0 0 0 0 1 0 0 0 0 0 
0 0 0 0 0 0 0 0 0 1 
1 0 0 0 0 0 0 0 0 0 
0 0 0 0 0 0 1 0 0 0 
0 0 0 0.371052 0 0 0 0.628948 0 0 
0 0 0 0 1 0 0 0 0 0 
0 0 0 0 0 1 0 0 0 0 
0 0 0 1 0 0 0 0 0 0 
0 0 0 0 0 0 0 0 1 0 
0 0 0 0 1 0 0 0 0 0 
0 0 0 0 1 0 0 0 0 0 
0.537447 0 0 0.462553 0 0 0 0 0 0 
0 0 0 1 0 0 0 0 0 0 
0 0 0 0 0 0 0 0 1 0 
0 0 0 0 0 1 0 0 0 0 
0 1 0 0 0 0 0 0 0 0 
0 0.586 0 0 0.22829 0 0 0.185711 0 0 
0 0 0 0 0 0 0 0 1 0 
0 0 0 0 0 1 0 0 0 0 
0 0 0 0 0 0 0 0.720441 0.279559 0 
0 0.560188 0 0 0.439812 0 0 0 0 0 
0 0 1 0 0 0 0 0 0 0 
0 0 0 0 1 0 0 0 0 0 
0 0 0.393722 0 0 0.606278 0 0 0 0 
0 0 0 0.849883 0 0.150117 0 0 0 0 
0 0 0 1 0 0 0 0 0 0 
0 0 0 1 0 0 0 0 0 0 
0 0 0 0 1 0 0 0 0 0 
0 0 0 0 0 0 1 0 0 0 
0 0 0 0 0 0 0 0 1 0 
0 0 0 0 0 1 0 0 0 0 
0 0 1 0 0 0 0 0 0 0 
1 0 0 0 0 0 0 0 0 0 
0 1 0 0 0 0 0 0 0 0 
0 0 0 0 0 1 0 0 0 0 
0.494511 0 0 0 0 0 0 0.505489 0 0 
0 0 0 1 0 0 0 0 0 0 
1 0 0 0 0 0 0 0 0 0 
0 0 0 0 0 0 1 0 0 0 
1 0 0 0 0 0 0 0 0 0 
0 0 0 0 0 0 0 0 0 1 
0 0 0 0 0 0 0 1 0 0 
0 0 0 0 0 0 0 1 0 0 
0 0 0 0.453206 0 0 0 0.23067 0 0.316124 
0 0 0 0 0 0 1 0 0 0 
0 0 0.753074 0 0 0.246926 0 0 0 0 
0 0 0 0 0 0 0 0 1 0 
0 0 0 0 0 1 0 0 0 0 
0 0 0 0 0 0 0 0 1 0 
0 0 0 1 0 0 0 0 0 0 
0 0 0 0 0 0 0 1 0 0 
0 0 0 1 0 0 0 0 0 0 
0 0 1 0 0 0 0 0 0 0 
0 0 0 0 0 0 0 0 1 0 
0 0 0 0 0 0 0 1 0 0 
0 0 0 0 0 0 0 0 1 0 
0 0 1 0 0 0 0 0 0 0 
0 0 0 0 0 0 0 0 0 1 
0 0 0 0 0 0 0 0 1 0 
0 0 0 0 1 0 0 0 0 0 
0 0 0 0 0 0 1 0 0 0 
0 0 0 0.541472 0 0 0 0.458528 0 0 
0 0 0 0 0 0 0 0 1 0 
0 0 0 1 0 0 0 0 0 0 
1 0 0 0 0 0 0 0 0 0 
1 0 0 0 0 0 0 0 0 0 
0 0 0 0 0 0 0 0 1 0 
0 0 0 0 0 0 0 1 0 0 
0 0 0 0 0 0 0 0 1 0 
0 0 0 0 0 0 0 0 0 1 
0 0 0 0 1 0 0 0 0 0 
0 0 1 0 0 0 0 0 0 0 
0 0 0 0.592568 0 0.407432 0 0 0 0 
0 0 0 0 0 0 0 1 0 0 
1 0 0 0 0 0 0 0 0 0 
0 0 0 0 0 0 0 1 0 0 
0 0 1 0 0 0 0 0 0 0 
0 0 1 0 0 0 0 0 0 0 
0.113985 0.520559 0 0 0 0 0 0.365456 0 0 
0 0 0 0 0 0 0 1 0 0 
0 0 1 0 0 0 0 0 0 0 
0 0 0 0 0 1 0 0 0 0 
0 0 0 1 0 0 0 0 0 0 
0 0 0 1 0 0 0 0 0 0 
0 0 0 0 0 0 0 0 0 1 
0 0 0 0 0.585197 0 0 0 0.414803 0 
1 0 0 0 0 0 0 0 0 0 
0 1 0 0 0 0 0 0 0 0 
