5 200
0.502118
0.608509
0.488342
0.272459
0.25295
11.662 0.205128
11.6173 0.304599
10.9615 0.462455
10.9248 0.47868
10.8368 0.351295
10.6933 0.818053
9.85896 1.11867
9.59396 1.29234
9.52367 0.238629
9.17112 0.614534
9.08915 1.0515
8.78455 0.864272
8.34181 1.13289
8.30793 0.254401
8.20518 0.840216
8.20517 1.39435
8.14739 0.837837
8.13335 1.95786
7.99597 0.64049
7.98505 1.07494
7.82548 1.21514
7.52705 0.781134
7.39335 1.86867
7.34782 0.674658
7.32214 1.87776
7.32012 0.999227
7.26784 1.29717
7.26754 1.22496
7.1737 0.406847
7.11686 1.11147
7.08068 1.00813
6.96841 0.569545
6.74331 1.8499
6.72138 2.16768
6.43647 1.42582
6.26596 1.48036
6.26552 1.9037
6.23697 2.34468
6.23494 1.40035
6.20535 1.93362
6.18602 2.4287
6.13401 3.11779
5.98034 3.59395
5.86983 3.14903
5.84398 2.09834
5.60596 2.71386
5.4384 2.00363
5.39757 2.17279
5.36137 2.68592
5.36039 2.74979
5.33466 2.09715
5.2948 2.52876
5.23231 3.30766
5.12097 3.10231
4.94831 4.28418
4.93395 1.9984
4.80276 2.9132
4.77916 3.49082
4.77098 3.19946
4.76037 4.13342
4.72127 2.24257
4.66167 2.09369
4.60638 1.86881
4.59875 2.93536
4.58218 3.25077
4.5635 2.66164
4.54404 3.19624
4.29486 3.20995
4.21705 2.18139
4.10141 4.71266
3.9888 4.94426
3.92249 4.90691
3.82413 3.99855
3.81234 3.40647
3.78792 3.17853
3.77492 4.79623
3.72882 2.90175
3.6601 3.96069
3.53105 3.23878
3.47653 3.51754
3.47354 4.92261
3.47031 4.92581
3.41147 2.82093
3.3828 4.20071
3.34182 4.11277
3.3203 3.63739
3.25726 3.15672
3.1771 5.6908
3.10352 3.41183
3.07227 5.39069
2.99333 5.13965
2.98215 5.42101
2.94807 4.7003
2.94743 5.61417
2.86422 5.08445
2.81741 5.71929
2.70312 3.89295
2.63158 5.29387
2.46677 5.65408
2.43 5.99225
2.41407 3.74224
2.27932 4.6844
2.27446 5.92894
2.21919 4.1456
2.1768 5.81225
2.15089 5.3092
2.08858 5.51043
2.08204 6.91975
2.05535 4.57624
2.04262 6.35249
1.9305 4.07271
1.91916 6.86789
1.90794 6.06525
1.87249 6.53037
1.78963 5.75688
1.72841 5.61889
1.6887 6.75835
1.68062 6.83727
1.64849 6.88657
1.64086 6.88098
1.62436 5.43388
1.6228 7.72556
1.58974 4.99076
1.57667 5.16001
1.53573 7.72501
1.43648 6.47785
1.41616 6.3676
1.41276 7.86238
1.40073 6.02944
1.38671 7.54077
1.36274 4.67387
1.29038 5.3906
1.23499 5.52905
1.0687 6.37452
1.01847 5.44662
0.993166 7.99793
0.982984 8.19524
0.940556 6.0391
0.934886 7.52141
0.92344 7.85588
0.918708 8.55342
0.916005 6.22308
0.915579 5.43824
0.905181 7.10352
0.882704 9.01832
0.840283 6.77658
0.74602 6.46053
0.739483 6.16344
0.725642 7.54417
0.71709 5.5296
0.650837 7.59895
0.646645 8.80954
0.619898 8.64902
0.616256 6.58181
0.608372 6.6609
0.572531 6.62367
0.535252 9.34916
0.503253 6.99029
0.456275 8.72996
0.430945 7.4673
0.406588 8.36662
0.396036 6.24795
0.377458 7.12513
0.350733 9.49202
0.348438 9.15322
0.319994 7.8498
0.303402 10.4109
0.277668 8.14316
0.277005 8.71393
0.276253 8.01795
0.259542 8.23247
0.241876 7.16187
0.236265 6.93151
0.221305 7.57004
0.21513 6.50797
0.161783 8.34437
0.144133 9.29165
0.134646 10.1627
0.127769 8.92974
0.123236 9.82263
0.113133 6.98946
0.0987602 10.7071
0.0821606 8.9824
0.072924 7.53125
0.0571122 7.46106
0.0521463 9.52452
0.0433495 10.1453
0.0295444 9.11809
0.0271546 8.30836
0.0267444 9.80621
0.0236178 7.64251
0.0221456 7.62569
0.0205208 9.35303
0.0146917 7.61402
0.0141208 9.1046
0.0108593 10.5165
0.00719362 11.6962
0.00527015 10.5842
0.00302717 9.94569
0.00255676 9.88395
0 0 0 1 0 
1 0 0 0 0 
1 0 0 0 0 
0 0 1 0 0 
0 0 0 0 1 
0 0 0 1 0 
0 0 0 1 0 
1 0 0 0 0 
0 0 0 0 1 
0 0 0 0 1 
0 0 1 0 0 
0.800808 0 0 0.199192 0 
1 0 0 0 0 
0 0 1 0 0 
0 0 1 0 0 
0 0 0.0931831 0.615929 0.290888 
0 0 1 0 0 
0 0 0 1 0 
0 0 0 0 1 
0 0 1 0 0 
0 0 1 0 0 
0.337882 0 0 0 0.662118 
0 0.234053 0 0.765947 0 
0 0 0 1 0 
0 0 0 1 0 
0 1 0 0 0 
1 0 0 0 0 
0 1 0 0 0 
0 0 1 0 0 
0 0 0 0 1 
0 0 0 0 1 
0 0 1 0 0 
0 0 0.758716 0 0.241284 
0 0 0 1 0 
0 1 0 0 0 
0 1 0 0 0 
0 0 0 1 0 
0 0 0.23938 0 0.76062 
0 0 0 0.666923 0.333077 
1 0 0 0 0 
0 0 1 0 0 
0 0 1 0 0 
0 1 0 0 0 
0 0 0 1 0 
0 0 0 1 0 
0 0 0 0 1 
0 1 0 0 0 
0 0 0 1 0 
0 0.4431 0.5569 0 0 
0 0 0 0 1 
0 0 0.752742 0 0.247258 
0 0 0.431151 0.568849 0 
0.610355 0 0.389645 0 0 
0 1 0 0 0 
1 0 0 0 0 
0 0 1 0 0 
0.773456 0 0 0 0.226544 
1 0 0 0 0 
0 0 0 0 1 
1 0 0 0 0 
0 1 0 0 0 
1 0 0 0 0 
0 1 0 0 0 
0 0 0 0 1 
0 1 0 0 0 
0 0 1 0 0 
0 0 0 1 0 
0 0 0 1 0 
0 0 1 0 0 
0 0 1 0 0 
0 0 1 0 0 
0 0.429663 0 0 0.570337 
0 1 0 0 0 
0 0 1 0 0 
1 0 0 0 0 
0 0 0 0 1 
0 0 1 0 0 
0.465377 0 0 0.534623 0 
0 0 0 1 0 
0 0 1 0 0 
0 0 1 0 0 
0 1 0 0 0 
1 0 0 0 0 
0 0 1 0 0 
0.205493 0.794507 0 0 0 
1 0 0 0 0 
0 1 0 0 0 
1 0 0 0 0 
0 0 0 0 1 
0 0 0 1 0 
1 0 0 0 0 
0 1 0 0 0 
0 0 1 0 0 
0 0 0.257466 0.742534 0 
0.534536 0 0.0604292 0 0.405035 
0 1 0 0 0 
1 0 0 0 0 
0 0 0 1 0 
0 0 1 0 0 
0 0 1 0 0 
0 1 0 0 0 
0 1 0 0 0 
1 0 0 0 0 
0 0 0 0 1 
0 0 0 0 1 
0 0 0 0 1 
0.407594 0 0.592406 0 0 
0 0 0 1 0 
0 0.71527 0.28473 0 0 
0 0 0 1 0 
1 0 0 0 0 
1 0 0 0 0 
0 0 1 0 0 
0 1 0 0 0 
1 0 0 0 0 
0 0 0 1 0 
0 0 1 0 0 
0 0 0 0 1 
1 0 0 0 0 
0 0 1 0 0 
0 0 1 0 0 
0.635168 0 0 0 0.364832 
0 0 1 0 0 
0.308366 0.691634 0 0 0 
1 0 0 0 0 
0 0 1 0 0 
0 0 0 0 1 
0 1 0 0 0 
0 1 0 0 0 
0.150521 0.562074 0.287405 0 0 
0 1 0 0 0 
0 0 0 0 1 
0 0 0 0 1 
0 0.147038 0.852962 0 0 
0 0 0 0.68873 0.31127 
1 0 0 0 0 
1 0 0 0 0 
1 0 0 0 0 
0.586258 0 0 0 0.413742 
0 0 0 1 0 
0 0 1 0 0 
0 1 0 0 0 
0 0 0 1 0 
0 0 0 0 1 
0.579492 0.420508 0 0 0 
0 0 1 0 0 
0 1 0 0 0 
0 1 0 0 0 
0 0 0 0 1 
0 1 0 0 0 
0 1 0 0 0 
0 0 0 0 1 
0 0 0 1 0 
0 1 0 0 0 
0 1 0 0 0 
0 0 0 0 1 
1 0 0 0 0 
1 0 0 0 0 
1 0 0 0 0 
0 0 0 0 1 
0 1 0 0 0 
0 0 0 0 1 
0 0.343777 0.656223 0 0 
0 0 0 0 1 
0 0 0 1 0 
0 1 0 0 0 
0 0 0 1 0 
0 0 0 1 0 
0 0 0 0 1 
0 0.226298 0 0.773702 0 
0.255041 0 0.744959 0 0 
0 0 0 0 1 
0 0 1 0 0 
0 0 0 0.59186 0.40814 
0 0 0 0 1 
0 0 0 0 1 
1 0 0 0 0 
0 0 0 0 1 
0 0 0 0 1 
0.372661 0.627339 0 0 0 
1 0 0 0 0 
0 0 0 0 1 
0 0 0 1 0 
0 1 0 0 0 
0 0 0 1 0 
0 0 0 1 0 
0.48408 0 0 0.51592 0 
0 0 0 0 1 
0 0 0 1 0 
0 0 0 0 1 
0 0 0 1 0 
0 0 0.32793 0 0.67207 
0 0 1 0 0 
0 0 0 1 0 
0 0.459272 0 0.540728 0 
0 1 0 0 0 
0 0 1 0 0 
0.493983 0 0.135564 0 0.370453 
0 0 0 0 1 
0 0 0 0.728571 0.271429 
