5 200
0.341179
0.432497
0.720525
0.520607
0.40356
11.137 0.161246
10.0854 0.133023
9.93139 1.2706
9.8628 0.40461
9.68217 0.716825
9.55507 0.650029
9.44562 0.822536
9.21565 0.359571
8.97046 1.17669
8.85477 1.49707
8.76472 1.35269
8.75622 0.59266
8.63088 1.37714
8.52396 0.259642
8.44066 1.10793
8.42168 1.57105
8.35145 1.1279
8.23219 0.395251
8.01071 1.27887
7.76227 0.400532
7.74214 0.447028
7.69458 1.01181
7.61097 1.16079
7.56725 1.42804
7.30198 1.71025
7.06258 2.70282
7.02486 2.53196
6.76954 1.86662
6.7428 1.54168
6.63029 1.36415
6.50282 1.0139
5.93259 1.78731
5.92497 2.95119
5.89163 2.86024
5.77234 2.53328
5.7471 3.18642
5.68522 1.75662
5.68159 1.88723
5.55394 2.20942
5.49225 1.7932
5.48901 3.01208
5.47026 2.6239
5.37606 2.68311
5.34135 2.70255
5.32592 2.52226
5.31084 3.02272
5.26249 3.76971
5.24374 2.43556
5.14805 2.44731
5.05896 3.02763
5.0502 2.68395
4.97471 3.09948
4.84488 2.87935
4.77119 2.86143
4.59656 2.24345
4.50931 3.34277
4.40101 4.50684
4.39454 2.49948
4.38101 2.88394
4.35988 2.09036
4.22781 4.25392
4.19426 3.57733
4.17835 4.17103
4.14647 2.53995
4.11465 4.68804
4.07541 3.23713
4.0598 2.98229
4.04169 2.16648
4.03596 4.64536
3.99175 3.02093
3.98492 3.15306
3.90549 3.5219
3.85979 3.17693
3.82736 5.45582
3.81759 3.3561
3.69054 4.34856
3.64236 5.18659
3.58236 3.66363
3.55906 4.00751
3.43273 4.37139
3.41298 3.67813
3.37323 4.4013
3.22491 5.06671
3.21148 3.67259
3.15785 5.57213
3.15384 3.75754
3.11904 4.52437
3.11311 3.60604
3.02578 3.74881
3.02176 4.98259
2.99473 4.27786
2.96308 3.67539
2.88861 5.67287
2.88452 3.94134
2.82565 3.83936
2.78311 5.5937
2.74853 3.98604
2.69284 3.75219
2.54253 4.92709
2.46307 4.1314
2.4544 5.36534
2.39703 4.64694
2.37316 3.80574
2.34507 5.7958
2.27753 4.89395
2.23764 4.62741
2.14273 4.27816
1.94645 6.89358
1.84073 6.2201
1.76352 5.49123
1.69685 5.94166
1.69287 4.32832
1.68901 6.02719
1.68662 6.26607
1.66028 6.42384
1.65203 5.48827
1.59458 4.68253
1.56862 5.92464
1.5615 4.74473
1.55879 6.98108
1.49368 6.53984
1.49173 5.48278
1.46828 6.03101
1.46729 6.66076
1.43451 6.12298
1.41725 6.90264
1.40605 5.67421
1.37655 5.55945
1.34289 5.13783
1.2541 7.01076
1.20578 6.57802
1.18931 6.06978
1.10552 6.67521
1.07798 7.39068
1.01503 6.34585
0.972498 6.85401
0.940181 7.68269
0.905339 7.6869
0.904512 5.38299
0.896647 5.62987
0.791013 8.52252
0.782808 7.66803
0.776621 6.00818
0.764441 7.41385
0.745248 7.54867
0.693135 6.80141
0.67166 6.61471
0.640518 7.46671
0.598611 8.72853
0.578668 6.5238
0.572194 7.07491
0.566197 6.81172
0.561691 7.14152
0.52546 9.01557
0.520247 8.17307
0.515883 8.41579
0.514676 8.65614
0.486614 7.03301
0.440828 9.53076
0.411824 7.66506
0.407735 9.01604
0.402876 6.72717
0.395578 7.67668
0.364267 9.95177
0.325012 7.10189
0.308996 6.52619
0.278694 10.4003
0.274252 6.75749
0.263135 9.96173
0.248393 10.4185
0.222359 6.96665
0.216933 8.0335
0.216637 9.45629
0.208117 10.4184
0.18384 7.47153
0.166749 9.75837
0.142764 7.33567
0.137578 7.75952
0.124488 10.311
0.119088 9.84264
0.114828 10.6113
0.111169 10.8548
0.0978808 7.69875
0.0891191 7.70218
0.0706511 9.86352
0.0679946 7.94189
0.0652394 10.6922
0.0615888 7.41395
0.0606179 11.0426
0.0488956 9.27452
0.0433049 8.72236
0.0412482 8.92646
0.033862 9.00963
0.0307352 11.181
0.0273954 7.44218
0.0185404 11.034
0.0163442 11.9498
0.0147467 11.9694
0.00730415 9.18533
0.000884478 10.7263
0 0 0.219277 0.780723 0 
0 0 1 0 0 
0 1 0 0 0 
0 0 0 0 1 
0 0 0 0 1 
0 0 0 1 0 
0 1 0 0 0 
0 1 0 0 0 
0 0 0 1 0 
1 0 0 0 0 
1 0 0 0 0 
1 0 0 0 0 
0 1 0 0 0 
0 1 0 0 0 
0 0 1 0 0 
0 0 0 0 1 
0 0.488711 0 0.293134 0.218155 
1 0 0 0 0 
0 0 1 0 0 
0 0 1 0 0 
0 0 0 1 0 
0 0 1 0 0 
1 0 0 0 0 
0 0 1 0 0 
0 0.572501 0 0.427499 0 
0 1 0 0 0 
0 0 0 1 0 
0 0 1 0 0 
1 0 0 0 0 
0 0.466889 0.533111 0 0 
0 0 1 0 0 
0 0 1 0 0 
0.458668 0 0 0 0.541332 
0 1 0 0 0 
0 0 1 0 0 
0 0 0 1 0 
0 0 0 0 1 
0 0 1 0 0 
0.870837 0 0.129163 0 0 
0 0 0 0 1 
0 0 0 1 0 
0 0 0 1 0 
0 1 0 0 0 
0 0 1 0 0 
0 0 0 0 1 
0 0 0.357345 0 0.642655 
0 0 1 0 0 
0 0 1 0 0 
0 0 0 0 1 
0 0 0 0.395914 0.604086 
0 0 0 1 0 
0 0 0 1 0 
0 0 1 0 0 
0 0 0 1 0 
0 0 0 0 1 
0.347745 0 0.234738 0 0.417517 
0 0 0 1 0 
0 0 0 0 1 
0 0 1 0 0 
0 0 1 0 0 
0 1 0 0 0 
0 0 0.338718 0.661282 0 
0 0 0 0 1 
1 0 0 0 0 
1 0 0 0 0 
0 1 0 0 0 
1 0 0 0 0 
0 0 0 1 0 
0 0 0 0 1 
0 0.475678 0 0.524322 0 
1 0 0 0 0 
0 0 1 0 0 
0 0 0.546529 0.453471 0 
0 0 0 0 1 
0 0 0 1 0 
0 0 0.260186 0 0.739814 
0 0 0 0 1 
0 0 0 0 1 
0 1 0 0 0 
0 0 0 1 0 
0 0 0.523778 0 0.476222 
0 0 1 0 0 
0 0 0 1 0 
0 0 0 1 0 
0 0 1 0 0 
0 0 1 0 0 
1 0 0 0 0 
0 0 1 0 0 
0 0 1 0 0 
0 0 0 0 1 
0 0 0.671958 0.328042 0 
0 1 0 0 0 
0 0 0 1 0 
1 0 0 0 0 
0 1 0 0 0 
0 0 1 0 0 
0 0 0 1 0 
1 0 0 0 0 
1 0 0 0 0 
1 0 0 0 0 
0 0 0 0 1 
0 1 0 0 0 
0 0 0 1 0 
0 0 0 1 0 
0 0 0 0 1 
0 0 1 0 0 
1 0 0 0 0 
0 0 0 0 1 
1 0 0 0 0 
0 0 0 0 1 
0 0 0 0 1 
0 0.386181 0 0.613819 0 
0 1 0 0 0 
1 0 0 0 0 
0 0 0 1 0 
1 0 0 0 0 
1 0 0 0 0 
0 0 0 1 0 
0.213768 0 0 0 0.786232 
1 0 0 0 0 
1 0 0 0 0 
0 0 1 0 0 
0 1 0 0 0 
0 0 0 0 1 
0 0 1 0 0 
1 0 0 0 0 
1 0 0 0 0 
1 0 0 0 0 
0 0 0.584884 0.415116 0 
0 0 0 0 1 
0 0 0 1 0 
0 0 0.480215 0 0.519785 
0 1 0 0 0 
0 0 0.298344 0 0.701656 
0.308055 0.378455 0.31349 0 0 
1 0 0 0 0 
1 0 0 0 0 
0 0 1 0 0 
0 0 0 0 1 
1 0 0 0 0 
0 0.183691 0 0 0.816309 
0 0 0.371559 0.628441 0 
0 0.205933 0 0.794067 0 
0 0 0 0 1 
0 1 0 0 0 
0 0 1 0 0 
0 0 0 1 0 
0 0 0 1 0 
1 0 0 0 0 
1 0 0 0 0 
0 0 0 1 0 
0 0 1 0 0 
0 0.242851 0 0.757149 0 
1 0 0 0 0 
0 1 0 0 0 
0 0 0 0 1 
0 1 0 0 0 
0 0 0 0 1 
0 0 0 1 0 
0.486109 0.513891 0 0 0 
0 0 0.274346 0.725654 0 
0 0 0 1 0 
0 0 1 0 0 
0 0 1 0 0 
0 0 1 0 0 
0 0 0 1 0 
0 0 0 0 1 
0 0 0.262658 0 0.737342 
0 0 0 0 1 
0 1 0 0 0 
0 1 0 0 0 
0 0 0 1 0 
0 0 0 0 1 
0 0 1 0 0 
0 0.260265 0.739735 0 0 
0 0 1 0 0 
0 0 0 1 0 
0 0 1 0 0 
0 0 1 0 0 
0 0 1 0 0 
0 0 0 1 0 
1 0 0 0 0 
0 0 1 0 0 
0.680388 0.319612 0 0 0 
1 0 0 0 0 
0 0 0 1 0 
0 0 0 1 0 
0 0 0 0 1 
0 0 0.316125 0.422548 0.261326 
0 0.555871 0 0.444129 0 
1 0 0 0 0 
0.088208 0 0.415176 0 0.496616 
0 0 0 0 1 
0 0 0 0 1 
1 0 0 0 0 
0 0 1 0 0 
0 0 0 1 0 
1 0 0 0 0 
0 0 0 1 0 
0.367423 0 0.204645 0.427932 0 
