10 25
0.301001
0.50914
0.562498
0.74513
0.526291
0.354739
0.523923
0.720162
0.548114
0.358892
9.2672 0.878112
7.34298 2.01774
7.16514 0.459919
6.95092 2.06056
3.64462 4.29785
3.63959 4.76493
2.82574 3.76543
2.50408 5.63757
2.13445 5.86012
1.84683 6.7276
1.71172 6.50518
1.69064 4.80524
1.60686 6.7339
1.32161 5.73617
1.25932 5.45071
1.22678 7.79641
0.621031 6.15185
0.558478 7.51538
0.314414 6.43763
0.292242 7.59316
0.213306 8.62327
0.184557 7.01462
0.0971207 10.6391
0.0785763 7.00772
0.0669813 10.8611
0 0 0 0 0 1 0 0 0 0 
0 0 0 0.399039 0 0 0 0 0 0.600961 
0 0 0 0 0 0 0 1 0 0 
0 0 0.200152 0.232808 0 0 0 0.56704 0 0 
0 0 0 0 0 0 0 1 0 0 
1 0 0 0 0 0 0 0 0 0 
0 0 0 0 0 0 0 1 0 0 
0.494256 0 0 0 0.505744 0 0 0 0 0 
0 0 0 0 0 0 0 0 1 0 
0 0 0 0 0 0 0 0 1 0 
0 1 0 0 0 0 0 0 0 0 
0 0 0 0 0 0 1 0 0 0 
1 0 0 0 0 0 0 0 0 0 
0 0 0 0 0 1 0 0 0 0 
0 0 0 0 0 0 0 0 0 1 
0 0 0 0 0 0 0 0 0 1 
0 0 0 1 0 0 0 0 0 0 
0 1 0 0 0 0 0 0 0 0 
0 0 0 0 0 1 0 0 0 0 
0 0 0 0 1 0 0 0 0 0 
0 0 0 0 0 0 1 0 0 0 
0 0 0 0 0 0 0 0 1 0 
0 0 0 0 0 0 0 0 0.759602 0.240398 
0 0 0 0 1 0 0 0 0 0 
0 0 0 0 0 0 0 0 1 0 
