5 500
0.289476
0.649095
0.694513
0.374648
0.262945
11.128 0.43221
10.7828 0.694026
10.6777 0.365969
10.6234 0.357487
10.4889 0.981821
10.4649 0.301706
10.2789 0.334222
10.0542 0.251136
10.0122 1.04467
9.97844 0.393247
9.83389 0.605242
9.80111 1.0404
9.75987 0.954346
9.75686 0.735125
9.69516 0.0944068
9.62686 0.67967
9.55641 0.802684
9.53563 0.434418
9.50666 0.15153
9.47818 1.13794
9.45649 0.51903
9.39569 0.291923
9.09146 1.32893
9.08973 1.23396
9.07794 0.22978
9.06718 1.05023
9.04733 0.753783
9.01667 0.837882
9.01313 1.37756
8.8755 1.16838
8.68821 0.736347
8.57244 0.822737
8.51517 1.54804
8.47282 1.11959
8.43028 0.897221
8.32661 1.56613
8.26818 0.586806
8.22908 1.11787
8.21509 0.509983
8.1776 0.2032
8.16137 1.21588
8.1336 0.257861
8.12639 1.42749
8.09259 1.81509
8.00541 0.809252
8.00264 0.802834
7.94051 1.40165
7.92641 1.49977
7.87623 1.07242
7.84573 1.035
7.81405 0.639381
7.79993 0.414552
7.77082 0.85206
7.68745 1.61299
7.65114 1.41067
7.62295 0.869047
7.61725 0.880671
7.52408 1.64391
7.51185 1.10313
7.49982 0.862186
7.45362 2.225
7.45172 2.52559
7.4469 2.22093
7.43009 0.287247
7.37878 1.63117
7.36911 1.29334
7.36881 0.598121
7.36112 1.12315
7.32085 2.45817
7.31039 2.37493
7.30783 2.25453
7.29124 1.07834
7.27577 2.3221
7.24549 1.25547
7.17965 1.28123
7.17028 2.30918
7.1665 2.39937
7.14949 2.11923
7.09326 1.42545
7.02156 2.80945
6.87209 2.41994
6.72815 1.65495
6.72802 1.57907
6.60298 2.76528
6.59688 1.15431
6.57509 1.20906
6.52436 1.34633
6.50147 1.24833
6.49554 2.60252
6.49334 1.79781
6.47947 1.52986
6.46517 1.96169
6.4569 1.87402
6.42305 2.24615
6.41421 2.84772
6.37196 2.61203
6.35577 1.51707
6.34359 1.79559
6.31094 2.76421
6.25252 1.82064
6.23267 1.17286
6.2123 2.69244
6.2063 2.46248
6.18357 2.01237
6.13893 2.10867
6.09967 1.90137
6.08628 1.75799
6.05674 1.09903
6.04828 2.09827
6.03744 2.57702
6.03701 2.88018
6.01053 2.14276
5.91916 3.39449
5.88884 1.62245
5.87284 2.35763
5.85253 1.72344
5.82374 1.92799
5.80714 1.17004
5.80389 1.53561
5.77864 3.37047
5.75997 2.51704
5.74794 1.79751
5.67917 1.52016
5.64526 3.62885
5.63148 1.9267
5.60518 3.18045
5.57441 2.64912
5.54126 2.49143
5.52594 3.06337
5.51163 1.3525
5.45805 3.90094
5.44772 3.31401
5.4326 1.80048
5.39711 1.70848
5.37077 1.92584
5.32377 2.76766
5.31988 2.57294
5.28907 1.7248
5.26833 3.84955
5.26315 2.58828
5.16666 2.17952
5.07025 3.08523
5.05118 3.12149
5.03253 3.89992
4.99589 2.29382
4.96773 3.04306
4.93473 2.3101
4.91287 3.08231
4.83084 3.65551
4.78084 3.01401
4.77452 4.35936
4.77167 3.64937
4.72324 1.86686
4.72314 3.82337
4.71707 2.68947
4.6973 3.09539
4.69095 2.83311
4.66564 3.19783
4.65575 4.38228
4.63362 1.95643
4.63162 3.43732
4.63055 2.3192
4.5602 3.08981
4.52883 2.75452
4.4985 3.91043
4.49343 3.01807
4.48765 2.71888
4.47677 4.34091
4.46298 2.98709
4.46189 3.56181
4.44862 4.25831
4.40528 2.51045
4.37492 2.56974
4.37279 3.33324
4.36614 3.58188
4.36581 3.26536
4.36317 3.20929
4.30715 4.47286
4.26459 3.72704
4.25831 4.03458
4.22606 3.38004
4.21791 2.91708
4.14644 3.04922
4.12491 3.61344
4.11943 4.75105
4.11433 4.25392
4.08597 2.91875
4.08088 5.18722
4.06352 3.34737
3.97632 3.37463
3.95037 3.48213
3.94867 3.1214
3.94374 2.22964
3.91769 2.99935
3.87556 4.04342
3.8717 3.73091
3.77222 2.94611
3.75734 5.11166
3.73508 4.86797
3.69149 4.6234
3.68894 3.2308
3.67512 4.01232
3.65924 4.17536
3.65755 3.47708
3.65278 5.20852
3.64177 3.60536
3.62793 3.49494
3.52801 4.91547
3.52197 3.1522
3.51641 4.42323
3.49147 3.9038
3.48197 3.69982
3.46613 3.19645
3.4421 5.65371
3.43723 5.04402
3.43373 3.28217
3.42619 5.37201
3.37947 3.26731
3.37814 3.56456
3.37745 3.29126
3.30015 4.17619
3.29598 5.64626
3.28612 2.99054
3.19738 3.32002
3.1858 5.81512
3.16045 3.77048
3.14896 3.4821
3.1345 4.54765
3.00175 4.6409
2.98409 5.24082
2.94358 4.45599
2.91396 5.86836
2.90675 4.38136
2.88978 5.53022
2.8829 4.40847
2.86937 5.13052
2.85654 4.6548
2.808 3.69545
2.79246 5.43073
2.78906 3.76328
2.77432 5.62297
2.75948 5.15486
2.71609 4.82553
2.70999 3.92825
2.67667 4.71601
2.67062 4.97179
2.6273 5.56397
2.6072 5.70134
2.59595 4.79201
2.57203 4.27751
2.57123 4.70184
2.54578 4.92871
2.51948 5.97726
2.49987 5.7948
2.49225 6.90241
2.48722 5.29796
2.48649 6.22616
2.45527 5.39595
2.44532 4.56624
2.43427 5.42118
2.42313 3.50974
2.38643 4.26263
2.34815 5.62952
2.34013 4.97695
2.31602 4.868
2.29943 3.60344
2.28642 4.76296
2.27207 3.70794
2.25549 4.38637
2.23997 5.9133
2.22165 4.03569
2.17025 6.84859
2.16643 5.87981
2.16017 5.67707
2.14417 6.3384
2.12757 5.39692
2.11336 5.64844
2.08539 5.26496
2.05342 4.20412
2.04527 4.86415
2.02986 4.46143
2.02744 5.32182
2.00001 4.93005
1.99319 5.58908
1.97823 5.32339
1.97501 4.4384
1.87613 4.82607
1.85521 5.24222
1.83434 6.14447
1.82402 6.49805
1.82193 6.2581
1.81859 5.24989
1.81358 6.08451
1.81016 6.46452
1.79269 6.02565
1.7745 6.5791
1.75802 6.11342
1.75338 6.06692
1.70103 5.01955
1.68884 6.27832
1.62761 6.27998
1.62297 4.92471
1.61056 4.77355
1.59343 5.72096
1.57171 4.94188
1.5318 6.70498
1.48977 7.08028
1.48814 6.11896
1.47959 5.13765
1.47477 5.2724
1.45461 6.00494
1.42653 7.45166
1.42071 5.64653
1.41561 5.67624
1.41379 7.47243
1.40674 6.31424
1.39392 5.90541
1.38391 5.04392
1.35392 6.47174
1.33386 6.12961
1.29815 7.67909
1.29147 4.85088
1.28384 5.76513
1.26385 4.91288
1.1944 7.24232
1.18763 7.80304
1.17219 6.7983
1.16845 6.96164
1.15454 7.47793
1.13762 5.08138
1.11038 6.88223
1.1031 8.22942
1.0936 8.17997
1.07252 6.28073
1.01937 8.08431
1.01003 5.37248
0.981634 7.96543
0.980107 5.31989
0.979403 5.97446
0.970275 7.01248
0.963831 7.6247
0.957063 7.89504
0.944929 7.3479
0.933577 6.59145
0.925701 6.8405
0.908851 7.88083
0.903405 6.95177
0.894788 8.56005
0.87555 5.57538
0.84696 5.96716
0.841109 7.2584
0.840083 6.27935
0.803561 8.06235
0.762649 9.06231
0.737312 8.28518
0.711539 6.28893
0.688417 8.60575
0.685766 8.13786
0.679885 8.73449
0.679609 5.7246
0.67072 7.12951
0.661174 7.50594
0.653501 8.70085
0.64383 8.69787
0.640457 6.00181
0.627304 6.09714
0.623271 8.12437
0.621247 8.43121
0.616393 7.67151
0.598111 7.07189
0.590824 8.57656
0.589052 7.99151
0.587803 8.7664
0.584617 8.74864
0.582519 7.66158
0.581981 8.71566
0.580513 5.63446
0.548108 6.44188
0.528494 8.92865
0.526729 7.09216
0.522813 8.01915
0.510648 5.73372
0.505864 6.56298
0.50175 9.66653
0.491514 8.30189
0.476369 9.58474
0.445771 8.67872
0.439631 8.88317
0.431609 8.55599
0.420294 7.74065
0.405486 6.59042
0.404575 6.42137
0.398118 6.22455
0.39611 10.2108
0.392296 6.1416
0.38631 8.87913
0.38483 8.56893
0.384342 6.6978
0.380676 8.05745
0.364499 5.98008
0.360354 6.1785
0.358134 9.17965
0.34014 9.92289
0.319438 7.07738
0.313747 9.70956
0.309283 9.9514
0.299923 9.42337
0.293471 6.66303
0.28299 10.1647
0.280253 8.32987
0.277768 7.13939
0.273174 8.35616
0.267958 7.55729
0.267325 6.50625
0.26563 10.1253
0.264394 8.56811
0.262193 8.65882
0.259146 8.92797
0.253933 8.94771
0.253907 6.742
0.249495 8.95493
0.2457 10.1364
0.243532 10.3426
0.239341 9.87112
0.237349 8.33077
0.236919 8.99064
0.236381 6.96194
0.234939 10.3573
0.222244 7.26403
0.215567 8.94438
0.206707 7.91448
0.206526 7.37827
0.197864 9.40369
0.1945 8.19073
0.194424 7.15845
0.178112 10.095
0.170484 8.17274
0.151277 10.3431
0.144869 10.127
0.140644 11.0185
0.133351 10.7894
0.127916 10.7363
0.126969 10.9089
0.126076 6.7185
0.124831 8.03151
0.122263 7.38862
0.11759 10.8709
0.114625 10.6773
0.104949 8.31763
0.103118 11.0361
0.0967526 9.30855
0.0965726 11.2069
0.0898764 9.46309
0.0852718 6.84986
0.0761326 11.3264
0.0717615 7.22327
0.0660993 7.69759
0.0646854 9.78652
0.0563053 9.06675
0.0534713 8.94951
0.0532005 11.0331
0.0530202 11.2009
0.0485455 11.4393
0.045925 10.7071
0.0450659 9.23538
0.0422243 7.12071
0.0379666 9.30839
0.0368125 11.2942
0.0328383 10.2139
0.032301 9.03063
0.0321411 7.69839
0.031431 10.2375
0.0311408 9.7276
0.0311329 10.2644
0.0297489 7.59456
0.0295837 11.8077
0.0264625 8.75026
0.0247761 10.9807
0.0196249 9.87265
0.0193898 9.63151
0.0187218 11.8466
0.0166738 8.80631
0.0157205 8.15537
0.0152389 8.10182
0.0146947 7.78253
0.0145181 10.2322
0.0114589 8.44954
0.0106915 10.3197
0.00741337 11.7447
0.0068214 11.6431
0.00650737 7.50927
0.00636666 9.24773
0.00566287 11.7961
0.00395228 11.429
0.00355446 8.05838
0.00314927 10.7787
0.00306011 8.54822
0.00240774 8.73197
0.00197778 8.848
0.0013846 8.20889
0.333457 0.666543 0 0 0 
0 0 0 0 1 
1 0 0 0 0 
0 0 0 0 1 
1 0 0 0 0 
0 0 0 0 1 
0 0 0 0 1 
0 0 1 0 0 
1 0 0 0 0 
0 0 0 0 1 
0 0 0 1 0 
0 0 1 0 0 
0 0 0 0 1 
0 0.197433 0 0.802567 0 
0 0 0 0 1 
1 0 0 0 0 
0 0 1 0 0 
0 0 1 0 0 
0 0.793494 0 0 0.206506 
0 0 0 0 1 
0 0 0 0 1 
1 0 0 0 0 
1 0 0 0 0 
0 0 0 1 0 
0 0 0 1 0 
0 0 0 0 1 
0 1 0 0 0 
0 1 0 0 0 
0 0 0 0 1 
0 0.695383 0.304617 0 0 
0 0 0 0 1 
0 0 0 0.684362 0.315638 
0 0 1 0 0 
1 0 0 0 0 
0 0 0 1 0 
1 0 0 0 0 
0 0 0 0 1 
0 0.489064 0 0.510936 0 
0 0 0 0 1 
1 0 0 0 0 
1 0 0 0 0 
1 0 0 0 0 
0 1 0 0 0 
0 0 1 0 0 
0 0 0 1 0 
0 1 0 0 0 
1 0 0 0 0 
0 0 0 0 1 
0 1 0 0 0 
0 0 1 0 0 
0 0 0 0 1 
0 0 0.521535 0 0.478465 
0 0 0 0 1 
0 0 0 1 0 
0.487666 0 0 0 0.512334 
0 1 0 0 0 
0 0 0 0 1 
0 1 0 0 0 
0 0 0 1 0 
0 0 0 1 0 
0 0 0.776668 0 0.223332 
0 0 0 0 1 
1 0 0 0 0 
0 0 1 0 0 
0 0 0 0 1 
0 0 1 0 0 
0.615047 0 0.384954 0 0 
0 0 0 1 0 
0 0 0 1 0 
0 1 0 0 0 
0 0 1 0 0 
0 0 0 1 0 
0 0 0 0 1 
0 0 0 0 1 
0 0 0 0 1 
0 0.459197 0 0 0.540803 
0 0 0 1 0 
0 1 0 0 0 
0 0 0 0.449595 0.550405 
1 0 0 0 0 
0 0 1 0 0 
0 0 0 1 0 
0 0 0 1 0 
0 0 1 0 0 
1 0 0 0 0 
1 0 0 0 0 
0 0.554048 0 0.445952 0 
1 0 0 0 0 
0 0 0 0 1 
0.525252 0 0 0 0.474748 
0 0 0.778177 0.221823 0 
0 0.289229 0 0.710771 0 
0 0 1 0 0 
0.534077 0 0 0 0.465923 
0 1 0 0 0 
0.54203 0 0.45797 0 0 
0 1 0 0 0 
0.569711 0.430289 0 0 0 
0 0 1 0 0 
0 1 0 0 0 
0 0 1 0 0 
1 0 0 0 0 
0 0 1 0 0 
1 0 0 0 0 
1 0 0 0 0 
0 1 0 0 0 
0 0 0.765149 0 0.234851 
0 0 0 0 1 
0.573239 0 0.426761 0 0 
0 0 0 1 0 
0 0 1 0 0 
0 0 0 1 0 
0 0 0 1 0 
0 0 0 1 0 
0 1 0 0 0 
0 0 0 1 0 
0 0 0 0.679408 0.320592 
0.343018 0 0.656982 0 0 
0 0 0 0 1 
0 0 0 1 0 
0 1 0 0 0 
0 0 1 0 0 
0 0 0 0 1 
1 0 0 0 0 
0 0 0 0 1 
0 0 0 0 1 
0 0 1 0 0 
0 1 0 0 0 
0 1 0 0 0 
0 0 1 0 0 
1 0 0 0 0 
0 1 0 0 0 
0 0 0 1 0 
0 0 0 0 1 
0 1 0 0 0 
0 1 0 0 0 
0 0 0 1 0 
0 0 0 1 0 
1 0 0 0 0 
0 0 0 0 1 
0 0 1 0 0 
0 0 1 0 0 
0 1 0 0 0 
0 0 0.420028 0 0.579972 
0 0.473148 0 0.526852 0 
0 0.729212 0 0 0.270788 
0.563378 0 0 0 0.436622 
0 0 1 0 0 
0 1 0 0 0 
1 0 0 0 0 
0 0 0 0 1 
1 0 0 0 0 
0 0.451671 0 0.548329 0 
0 1 0 0 0 
0 0 1 0 0 
0 0 1 0 0 
0 0 0 0 1 
0 1 0 0 0 
0 0 1 0 0 
0 0 0 0 1 
0 0 1 0 0 
0 0 0 0 1 
0 0 0 1 0 
1 0 0 0 0 
0.807414 0 0 0.192586 0 
0 1 0 0 0 
0.355632 0 0.644368 0 0 
0 1 0 0 0 
1 0 0 0 0 
1 0 0 0 0 
0 0 0 1 0 
0 0 0 1 0 
0 0 1 0 0 
0.35275 0 0 0.64725 0 
0 0 0.475839 0.524161 0 
1 0 0 0 0 
0 0 0 1 0 
0 0 1 0 0 
0 1 0 0 0 
0 0.758374 0 0 0.241626 
0 0 0 1 0 
0 0 1 0 0 
1 0 0 0 0 
0 0 0 0 1 
0 1 0 0 0 
0 0 0 0 1 
0 0 0 1 0 
0 0 1 0 0 
0.379013 0 0.107261 0 0.513727 
0.150388 0 0.251447 0.598166 0 
0 0 0 1 0 
0 0.418446 0.581554 0 0 
0 1 0 0 0 
0 0 0 0.373666 0.626334 
0 1 0 0 0 
0 0 1 0 0 
0.871688 0 0 0 0.128312 
0 0.342789 0 0.657211 0 
0 0 0 0 1 
0.482907 0.517093 0 0 0 
0 1 0 0 0 
0 1 0 0 0 
0 0 0 0 1 
1 0 0 0 0 
0 0 0.596563 0.403437 0 
0 0.425846 0.574153 0 0 
0 0 1 0 0 
0 0 0 0 1 
0 0 0 0.557697 0.442303 
0 0 1 0 0 
1 0 0 0 0 
1 0 0 0 0 
0 0.640416 0 0 0.359584 
1 0 0 0 0 
0.685299 0 0.314701 0 0 
1 0 0 0 0 
0 0 0 1 0 
0 0 0 1 0 
1 0 0 0 0 
0 0 0 0 1 
1 0 0 0 0 
0 1 0 0 0 
0 0.296411 0 0.70359 0 
0 0 0.214744 0 0.785256 
1 0 0 0 0 
1 0 0 0 0 
0 0 0 0 1 
1 0 0 0 0 
0 0 1 0 0 
0 0 0 1 0 
0 0 1 0 0 
0.851912 0 0 0.148088 0 
0.479621 0 0 0 0.520379 
0 0 0.598138 0 0.401862 
0 0 1 0 0 
0 0.37766 0 0 0.62234 
1 0 0 0 0 
0 0.538112 0 0.461888 0 
0 1 0 0 0 
0 0 0.374156 0.625844 0 
0 0 1 0 0 
0 0 1 0 0 
0 0 0 1 0 
0 1 0 0 0 
0 0 1 0 0 
1 0 0 0 0 
0 0 0 1 0 
1 0 0 0 0 
0 0 1 0 0 
0 0.134163 0 0 0.865837 
1 0 0 0 0 
0 0 1 0 0 
0.730359 0 0.269641 0 0 
0 0 1 0 0 
0 1 0 0 0 
0 0 0 1 0 
0 0 0.668434 0 0.331566 
0 1 0 0 0 
0 0 0 1 0 
0 0 1 0 0 
0 0 1 0 0 
0 1 0 0 0 
0 0.309865 0.690135 0 0 
1 0 0 0 0 
1 0 0 0 0 
0 0 0 0 1 
0 0 0 0 1 
0 1 0 0 0 
0 0 0 0 1 
0 1 0 0 0 
0 0 0 0.220291 0.779709 
0 1 0 0 0 
0 1 0 0 0 
0 1 0 0 0 
1 0 0 0 0 
0 1 0 0 0 
0 0 1 0 0 
0 0 0 0.121723 0.878277 
0 1 0 0 0 
1 0 0 0 0 
0 0 0 1 0 
0 1 0 0 0 
0 1 0 0 0 
0 1 0 0 0 
0 0.469975 0.530025 0 0 
0 0 1 0 0 
0 0 0 1 0 
1 0 0 0 0 
0 1 0 0 0 
0 0 0 0 1 
0 1 0 0 0 
0 0 0 1 0 
1 0 0 0 0 
0 0 0 1 0 
1 0 0 0 0 
0 0 1 0 0 
0 0 1 0 0 
0 1 0 0 0 
0 0 1 0 0 
0 0 0 0 1 
0.589035 0.410965 0 0 0 
0 0 0 1 0 
1 0 0 0 0 
0 0 0 0 1 
1 0 0 0 0 
0 0 1 0 0 
1 0 0 0 0 
1 0 0 0 0 
0 0 0 0 1 
0 0 1 0 0 
0 0.871083 0.128917 0 0 
0 0 0 0 1 
0 0 0 0 1 
0 0 0 1 0 
0 0 0 0 1 
1 0 0 0 0 
1 0 0 0 0 
0 1 0 0 0 
0 0 1 0 0 
0 0 1 0 0 
0 0 0 0 1 
1 0 0 0 0 
0 1 0 0 0 
0.249204 0.750796 0 0 0 
0 0 0 1 0 
0 1 0 0 0 
0 0 1 0 0 
0.532882 0 0 0.467118 0 
0 1 0 0 0 
0 0 0 1 0 
0 1 0 0 0 
0 1 0 0 0 
0 0 0 1 0 
0 0 0 1 0 
0 0 0 1 0 
0 0 0.524648 0 0.475352 
1 0 0 0 0 
0 0 0 0.638676 0.361324 
1 0 0 0 0 
0 0 0 1 0 
0 0 1 0 0 
0 0 0 0 1 
0 0 0.45586 0 0.54414 
0 0 0 1 0 
0 0 0 1 0 
0 1 0 0 0 
0 1 0 0 0 
0 0 1 0 0 
0 1 0 0 0 
0 1 0 0 0 
1 0 0 0 0 
0.371063 0 0 0.628937 0 
0 1 0 0 0 
0 0 0 1 0 
0 0 1 0 0 
1 0 0 0 0 
0 0 1 0 0 
0 1 0 0 0 
0 0 0 0 1 
0 0 1 0 0 
0 1 0 0 0 
0 0 0.398837 0 0.601163 
0 0.37834 0.62166 0 0 
0 0 0 1 0 
0.405883 0 0 0 0.594117 
0 0 0 1 0 
0 1 0 0 0 
1 0 0 0 0 
1 0 0 0 0 
0 0 0.274217 0 0.725783 
0 1 0 0 0 
0 0 0.590394 0.409606 0 
0 0 0 0 1 
0.663955 0 0.336045 0 0 
0 0 1 0 0 
0 1 0 0 0 
0 0 0.431791 0.568209 0 
0 0 1 0 0 
0 0 1 0 0 
0 0 0 0 1 
1 0 0 0 0 
0 1 0 0 0 
0.747607 0 0 0 0.252393 
0 0 0.398838 0 0.601162 
0 0 1 0 0 
0 0 0 1 0 
0 0 0 1 0 
0 0 0 1 0 
0 0 0 0 1 
0 0 1 0 0 
0 0 1 0 0 
0 1 0 0 0 
0 0 1 0 0 
0.229053 0 0 0.770948 0 
0 0 0 0 1 
0 0 1 0 0 
0 0 1 0 0 
0 1 0 0 0 
0 1 0 0 0 
0 0 0 0 1 
0 0 0 1 0 
0 0 0 1 0 
0 0 0.659183 0.340817 0 
0 1 0 0 0 
1 0 0 0 0 
1 0 0 0 0 
0 0 0 1 0 
0 0 0 1 0 
0 1 0 0 0 
0 1 0 0 0 
0 0 0 1 0 
1 0 0 0 0 
0 0 0 1 0 
0 0 0 0 1 
0 1 0 0 0 
0 0 0 0 1 
0.480811 0 0.519189 0 0 
0 0 0 1 0 
0 0 0 0 1 
0 1 0 0 0 
0 0 0 0 1 
0 0 1 0 0 
0 0 0 0 1 
0 0 0 0 1 
0.373247 0 0 0 0.626753 
0.501377 0.498623 0 0 0 
1 0 0 0 0 
1 0 0 0 0 
0 0 1 0 0 
0 0 0 0 1 
0.358665 0 0 0.641335 0 
0 0 0 0 1 
0 0 1 0 0 
0 0 0 1 0 
0 0 0 1 0 
0 1 0 0 0 
0 0 1 0 0 
1 0 0 0 0 
1 0 0 0 0 
0.265553 0 0.158267 0.57618 0 
0 0 1 0 0 
0 0 0.600356 0 0.399644 
1 0 0 0 0 
0 0 1 0 0 
0 0 0 0 1 
0 0 1 0 0 
0 1 0 0 0 
0 0 1 0 0 
0.295192 0.704808 0 0 0 
1 0 0 0 0 
1 0 0 0 0 
0 1 0 0 0 
0 1 0 0 0 
0 0 0 0 1 
0 0 1 0 0 
0 0 1 0 0 
0.610163 0 0 0 0.389837 
0 0 1 0 0 
0 0 1 0 0 
0 0 0 1 0 
0 0 1 0 0 
0 0 0 0 1 
0 0 1 0 0 
0 1 0 0 0 
0 0 1 0 0 
0 0 0.522844 0 0.477156 
0 0 0 1 0 
0 1 0 0 0 
1 0 0 0 0 
0 0 1 0 0 
0 0 0 1 0 
0 0 1 0 0 
0 0 1 0 0 
1 0 0 0 0 
1 0 0 0 0 
0 1 0 0 0 
0 0 0.677739 0 0.322261 
1 0 0 0 0 
0.355567 0 0.644433 0 0 
1 0 0 0 0 
0 0 0 0 1 
0 0 0 1 0 
0 1 0 0 0 
0 0 0 1 0 
0 1 0 0 0 
0 0 0 0 1 
1 0 0 0 0 
0 0 0.389762 0 0.610238 
0 0 1 0 0 
0 0 0 1 0 
0 0 0 0.862908 0.137092 
0 0 0 0 1 
0.0958794 0 0.803827 0.100293 0 
1 0 0 0 0 
0 0 1 0 0 
0 0 0 1 0 
0.710205 0 0 0.289795 0 
0.342981 0.657019 0 0 0 
0.411373 0.588627 0 0 0 
0 0 1 0 0 
