5 25
0.524024
0.562688
0.65969
0.554571
0.620178
7.72939 0.163513
7.06311 1.15568
6.60785 1.823
6.49221 2.26622
6.36441 2.36993
5.84325 2.73446
5.16692 2.00677
3.9595 4.29136
3.88876 4.40452
3.67263 3.57521
3.19766 5.03015
2.99645 4.66965
2.56336 4.78712
2.52757 4.96397
1.68882 5.74364
1.66707 7.03052
1.39347 4.72334
1.30244 6.59173
1.21083 8.0328
0.999715 6.7955
0.876809 5.38402
0.477003 7.86097
0.274737 9.3407
0.193135 6.59335
0.00456837 10.3213
1 0 0 0 0 
0 0 1 0 0 
0 0 1 0 0 
0 0 1 0 0 
0 1 0 0 0 
0 0 1 0 0 
0 0 0.458369 0.0859053 0.455726 
0.625261 0 0 0 0.374739 
0.535822 0 0 0.464178 0 
0 0 1 0 0 
0 0 0 0 1 
0 0 1 0 0 
1 0 0 0 0 
0 0 0 0 1 
0 0 0 0 1 
0 1 0 0 0 
0 0 0 1 0 
0 0 1 0 0 
1 0 0 0 0 
1 0 0 0 0 
0.781045 0.218955 0 0 0 
0 0 0 0 1 
0 0 1 0 0 
1 0 0 0 0 
0 0 1 0 0 
