10 100
0.715365
0.535737
0.552019
0.578278
0.271015
0.366307
0.702482
0.413543
0.396755
0.299585
11.3088 0.260191
10.852 0.739435
10.3341 0.336315
10.197 0.834612
9.63777 0.4384
8.26487 0.397757
8.11329 1.03399
7.71673 0.2916
7.50136 1.28245
7.40705 1.57925
7.39382 1.89273
7.2123 1.189
7.12634 1.68844
6.8754 2.11743
6.7749 1.29597
6.61143 2.11481
6.51245 1.19614
6.28308 2.72855
6.26268 1.24585
5.95763 2.68952
5.89041 3.02243
5.89016 1.3523
5.7484 1.26814
5.47329 2.50189
5.37182 2.77759
5.32094 2.9623
5.29022 3.32997
5.26349 1.91659
5.12463 3.72608
5.1226 1.6262
4.6702 2.38193
4.5032 3.42942
4.37494 4.19023
4.3562 2.85524
4.30663 3.99954
4.0943 5.09393
4.0105 3.83136
3.8351 2.68034
3.83188 4.88007
3.58441 4.93216
3.56628 4.33814
3.53354 3.33938
3.42224 3.32116
3.38626 3.02438
3.31835 5.0848
3.307 4.37434
3.25732 4.23908
3.03495 4.60276
2.94465 4.69507
2.88988 3.58281
2.60776 5.13005
2.48306 3.26574
1.87974 5.28352
1.73063 4.98677
1.68947 5.5747
1.45537 6.07798
1.45356 5.05233
1.38423 6.22396
1.34422 6.42153
1.32429 6.0173
1.25518 5.42601
1.20952 5.92622
1.1707 5.24774
1.15844 6.42435
1.15588 7.61479
1.11181 5.23272
1.1029 7.34694
1.08139 6.97467
0.977758 7.1051
0.95542 6.0798
0.874231 8.28114
0.641924 6.73892
0.634134 7.1596
0.586158 5.77493
0.556619 8.75611
0.535345 6.96749
0.510983 7.55943
0.47094 6.78378
0.470198 7.00211
0.387347 8.87205
0.365005 7.22572
0.31824 9.90363
0.317251 9.83165
0.279916 8.38582
0.241464 8.63274
0.233121 9.56476
0.220697 8.60281
0.213889 10.4186
0.196114 7.07769
0.180412 8.15316
0.114511 8.52739
0.10423 8.11648
0.0564258 8.3667
0.03387 8.77973
0.0284324 7.8783
0.0232862 8.37115
0.022772 10.5159
0.00970566 11.7786
0.00593866 8.96695
0.00234548 8.78718
0 0 1 0 0 0 0 0 0 0 
0 0 0 0 0 0 0 0 1 0 
0 0 0 0 1 0 0 0 0 0 
0 0 1 0 0 0 0 0 0 0 
1 0 0 0 0 0 0 0 0 0 
1 0 0 0 0 0 0 0 0 0 
0 0 0 1 0 0 0 0 0 0 
0 0 0 0 1 0 0 0 0 0 
0 0 0 0 0 1 0 0 0 0 
0 0 0 0 0 0 0 1 0 0 
0 0 0 0 1 0 0 0 0 0 
0 0 0 0 0 1 0 0 0 0 
0.470485 0 0 0 0 0.529515 0 0 0 0 
0 0 0 0 0 1 0 0 0 0 
0 0 0 0.722644 0.146729 0 0 0 0 0.130628 
0 0 0 0 0 0 1 0 0 0 
0 1 0 0 0 0 0 0 0 0 
0 0 0 0 1 0 0 0 0 0 
0 0 0 0.441206 0 0 0 0 0.480714 0.0780797 
0 0 0 0 0 0 0 1 0 0 
1 0 0 0 0 0 0 0 0 0 
0 0 1 0 0 0 0 0 0 0 
0 0 0 1 0 0 0 0 0 0 
0 0.475579 0 0 0 0 0 0 0.524421 0 
0 0 0 0 0 0 0 0 1 0 
0.673945 0.326055 0 0 0 0 0 0 0 0 
0 0 0 0 1 0 0 0 0 0 
0.388528 0.229643 0 0 0 0 0 0 0.381829 0 
0 0 0 0 0 0 0 0 0 1 
0 0 1 0 0 0 0 0 0 0 
0 0 0 0 0 0 0 1 0 0 
0 1 0 0 0 0 0 0 0 0 
0 0 0 1 0 0 0 0 0 0 
0 0 0 0 0 1 0 0 0 0 
0 0 0 1 0 0 0 0 0 0 
0 0 1 0 0 0 0 0 0 0 
1 0 0 0 0 0 0 0 0 0 
0 0 0 0 0 0 0 1 0 0 
0 1 0 0 0 0 0 0 0 0 
0 0 1 0 0 0 0 0 0 0 
0 0 0 1 0 0 0 0 0 0 
0 0 0 1 0 0 0 0 0 0 
0 0 0 0 0 0 0 0 0 1 
0 1 0 0 0 0 0 0 0 0 
1 0 0 0 0 0 0 0 0 0 
0 0 0 0.287368 0.712632 0 0 0 0 0 
0 0 0 1 0 0 0 0 0 0 
0.44787 0 0 0 0 0 0.55213 0 0 0 
0 0 1 0 0 0 0 0 0 0 
0 0 0 0 0 0 0 0 0 1 
0 0 0 0 0 0.274562 0 0.725438 0 0 
1 0 0 0 0 0 0 0 0 0 
0 0 0 0 0 0 1 0 0 0 
0 0 0 0 0 0 0 0 0 1 
0 0 0 0 1 0 0 0 0 0 
0 0 0 0 0 0 0 0 1 0 
0 0 0 0 1 0 0 0 0 0 
0 0 0 0 1 0 0 0 0 0 
0 0 0 0 0 1 0 0 0 0 
0 0 0 0 1 0 0 0 0 0 
1 0 0 0 0 0 0 0 0 0 
0 0 0 0 1 0 0 0 0 0 
0 0 0 0 0 1 0 0 0 0 
1 0 0 0 0 0 0 0 0 0 
0 0 0 0 1 0 0 0 0 0 
0 0 0 0 1 0 0 0 0 0 
0 0 1 0 0 0 0 0 0 0 
0.354178 0 0 0 0 0.645822 0 0 0 0 
0 0 0 1 0 0 0 0 0 0 
0 0 0 0 0 0 0 1 0 0 
0 0 0 0 0 0 1 0 0 0 
0 0 0 0 0 0 1 0 0 0 
0 0 0 0 0 0 1 0 0 0 
0 0 0 0 0.343282 0.656718 0 0 0 0 
0 0 0 0 0 0 0 0.238411 0 0.761589 
0 0 0 0 0 0 0 0 0 1 
0 0 0 0 0 0 0 0 0 1 
0 0 1 0 0 0 0 0 0 0 
0 0 0 0 0 1 0 0 0 0 
0 0 1 0 0 0 0 0 0 0 
0 0 0 1 0 0 0 0 0 0 
1 0 0 0 0 0 0 0 0 0 
0 0 1 0 0 0 0 0 0 0 
0 0 0 0 0 1 0 0 0 0 
0.247022 0 0.752978 0 0 0 0 0 0 0 
0 0 0 0 1 0 0 0 0 0 
0 0 0 0 0 0 0 1 0 0 
0 0 0 0 0 0 0 0 1 0 
0 0 1 0 0 0 0 0 0 0 
0 0 0 0.864041 0 0 0 0.135959 0 0 
0 0 0 0 1 0 0 0 0 0 
0 0 0 0 0 0 0 0 1 0 
1 0 0 0 0 0 0 0 0 0 
0 0 0 0 0 0 0 1 0 0 
0 0 0 0 1 0 0 0 0 0 
0 0 0 0 0 0 0.502095 0 0 0.497905 
0 0 0 0 0 0 1 0 0 0 
0 0 0 0 1 0 0 0 0 0 
0.313866 0 0.340676 0 0 0 0 0.345458 0 0 
0 0 0 0 0 1 0 0 0 0 
