10 200
0.385591
0.531029
0.70088
0.515627
0.34828
0.738923
0.406779
0.722285
0.573467
0.424348
10.5432 0.513523
10.4029 0.460371
9.98299 1.07404
9.84234 0.441023
9.82759 0.267136
9.55958 0.802019
9.34528 0.146143
9.20858 0.378494
9.19643 0.706311
8.95012 0.366674
8.62165 1.7671
8.43389 0.663023
8.40836 0.900486
8.30188 1.78845
8.29463 0.412274
8.2438 0.272902
8.14549 0.526298
8.10727 0.944723
8.10346 0.373782
7.89044 1.08445
7.76848 2.38418
7.7284 1.81197
7.72098 1.47867
7.60589 0.953933
7.58064 1.6461
7.55689 0.129281
7.44335 2.04294
7.3905 2.3902
7.33817 0.466997
7.27417 1.14795
7.26008 2.03387
7.18364 0.87231
7.16521 1.7765
7.14919 1.36141
7.10367 1.17647
7.04403 2.51554
6.63052 1.73014
6.60679 0.643002
6.60317 1.81797
6.60182 1.64743
6.55164 2.51236
6.53107 2.3755
6.50594 2.00315
6.43207 2.13353
6.30448 1.78754
6.17649 1.16303
6.06738 3.54917
5.90313 0.994146
5.84438 2.0368
5.82661 1.62924
5.7492 2.54502
5.62222 2.26727
5.17414 3.13133
4.87001 3.07828
4.75718 2.39272
4.70368 2.12676
4.68952 2.43114
4.67915 3.64584
4.51197 2.21837
4.49128 2.66896
4.47395 2.79831
4.39413 3.51967
4.33188 2.71011
4.29931 2.81329
4.13506 3.00226
4.13265 2.67048
3.91018 3.41172
3.87276 4.73649
3.86476 2.26626
3.85859 4.45853
3.83912 3.59191
3.77002 3.67464
3.72343 4.88041
3.70741 4.09964
3.64195 3.6553
3.51731 3.06559
3.50292 4.32496
3.48985 4.61309
3.48672 3.82125
3.48446 4.27388
3.45883 5.01006
3.31818 5.14629
3.30151 4.95789
3.21142 2.85251
3.14387 4.60319
3.07563 3.37765
3.06291 3.56397
3.04301 4.86269
2.94258 6.18238
2.85656 5.76759
2.85082 4.83445
2.84236 5.57021
2.80032 5.87784
2.76883 4.51025
2.75789 3.67983
2.62786 4.6144
2.62481 3.543
2.32027 4.82399
2.30556 4.42699
2.25764 5.79137
2.25733 6.10373
2.20434 6.26104
2.12692 5.66612
2.10695 6.804
2.09293 4.14884
2.08899 3.93815
2.00478 5.61398
1.81512 5.1589
1.75049 7.35625
1.70293 4.33982
1.67939 6.76486
1.65145 6.05744
1.58561 7.33901
1.56708 5.21929
1.55836 6.01948
1.55565 5.74101
1.54624 7.14892
1.54357 4.93084
1.53463 4.95806
1.51832 7.02321
1.44927 6.09992
1.38872 6.16363
1.19117 5.08929
1.1419 7.79085
1.04278 7.09054
1.02451 7.14244
1.00623 7.96892
1.00214 7.64074
0.976521 5.94096
0.973946 7.37599
0.941288 7.33169
0.876614 8.03544
0.874394 6.80036
0.855943 8.06508
0.805237 6.77374
0.736623 8.26654
0.734259 5.57497
0.730597 7.87272
0.729186 8.2234
0.700502 8.02117
0.656843 5.93337
0.64742 7.33964
0.633347 7.23349
0.63252 8.87109
0.588818 8.27345
0.574312 9.23821
0.556411 8.05345
0.538295 8.47509
0.50359 7.734
0.49862 6.85214
0.493156 7.2234
0.487238 8.62921
0.48556 7.76394
0.475904 9.01327
0.473236 6.9703
0.466919 8.24733
0.454996 9.64935
0.429601 8.24344
0.425529 9.1082
0.415425 7.02652
0.404382 7.67276
0.385838 9.65216
0.370079 8.95924
0.361319 7.97332
0.352967 8.854
0.339452 6.50335
0.325698 8.21999
0.31084 7.51733
0.287502 7.76839
0.274237 9.56225
0.2724 10.1479
0.257785 8.8757
0.254529 9.61536
0.239629 9.33341
0.224675 9.58617
0.210438 9.10193
0.193728 9.52325
0.192046 8.30648
0.185806 7.46117
0.164173 10.5855
0.162323 8.42975
0.15217 6.65542
0.15086 9.04698
0.14262 9.9644
0.141958 8.74603
0.140787 9.61991
0.106783 8.83462
0.0839039 8.32411
0.0782991 7.54293
0.0544748 10.3593
0.0418698 7.77372
0.038992 8.29408
0.0302122 11.0736
0.0252226 9.39477
0.0241226 11.3134
0.015925 9.00935
0.0123345 11.48
0.010837 11.2198
0.010267 8.49671
0.00480711 11.9075
0 0 0 0 0 1 0 0 0 0 
0 0 0 0 1 0 0 0 0 0 
1 0 0 0 0 0 0 0 0 0 
0 0 0 0 0 0 0 0 1 0 
1 0 0 0 0 0 0 0 0 0 
1 0 0 0 0 0 0 0 0 0 
0 0 0 1 0 0 0 0 0 0 
0 0 1 0 0 0 0 0 0 0 
0 0 0 0 0 0 0 0 0 1 
0 0 0 1 0 0 0 0 0 0 
0 0 0 0 0 0 0 1 0 0 
0 0 0 0 1 0 0 0 0 0 
0 0 0 0 0 1 0 0 0 0 
0 0 0 0 0 0 0 0 0 1 
0 0.444841 0 0 0.555159 0 0 0 0 0 
0.577847 0 0 0 0 0 0.422153 0 0 0 
0 0 0 0 0 0 0 0 1 0 
0 0 0 0 0 0 0 0 1 0 
0 0 0 0 0 0 0 1 0 0 
0 0 0 0 0 0.131401 0 0 0.868599 0 
0 0 0 0 0 0 1 0 0 0 
0 0 1 0 0 0 0 0 0 0 
0.355212 0 0.644788 0 0 0 0 0 0 0 
1 0 0 0 0 0 0 0 0 0 
0 0 1 0 0 0 0 0 0 0 
0 0 1 0 0 0 0 0 0 0 
0 0 0 0 1 0 0 0 0 0 
0 0 0 0 0 1 0 0 0 0 
0 0 0 0 0 0 0 0 1 0 
0.731035 0 0.268965 0 0 0 0 0 0 0 
0 0 0 0 0 0 0 0 0 1 
0 0 0.641768 0 0 0 0 0 0 0.358232 
0 0 0 0 0 0 0 0 0 1 
0 0 0 0 0 0 1 0 0 0 
0 0 0 0 0 0 0 1 0 0 
0 0 0 1 0 0 0 0 0 0 
0 0 0 0 1 0 0 0 0 0 
0 0 0 0 1 0 0 0 0 0 
1 0 0 0 0 0 0 0 0 0 
0 0 0 0 1 0 0 0 0 0 
0 0 0 0 0 0 0 1 0 0 
0 0 0.501927 0 0 0.498073 0 0 0 0 
0 0 0 0.706759 0 0 0 0 0.293241 0 
0 0 1 0 0 0 0 0 0 0 
0 1 0 0 0 0 0 0 0 0 
0 0 0 0 1 0 0 0 0 0 
0 0 0 0 0 0 0 0 0 1 
0 0 0 0 0 0 0 0 0 1 
0 0 0 0 0 0 1 0 0 0 
0 0 0 0 1 0 0 0 0 0 
0 0 1 0 0 0 0 0 0 0 
0 0.431436 0 0 0 0.171963 0 0.396601 0 0 
0 0 0 0 0.25902 0.355205 0 0 0.385775 0 
0 0 1 0 0 0 0 0 0 0 
0 0 0 0 0 0 1 0 0 0 
0 0 0 0 0 0 0 1 0 0 
0 0 0 1 0 0 0 0 0 0 
0 0 0 0 0 0 0.511041 0 0 0.488959 
0 0 0 0 0 0 0 1 0 0 
0 0 0 0 0 0 0 0 1 0 
0 0 0 0 1 0 0 0 0 0 
0 1 0 0 0 0 0 0 0 0 
0 0 0 0 0 0 0 0 0 1 
0 0 1 0 0 0 0 0 0 0 
0 0 0 0 0 0 0 0 1 0 
1 0 0 0 0 0 0 0 0 0 
0 0 0 0 0 1 0 0 0 0 
0 0 0 0 0 0 0 0 1 0 
1 0 0 0 0 0 0 0 0 0 
0 0 0 0 0.812228 0 0 0 0.187772 0 
0 0 0 0 0 0 0.712287 0 0.287713 0 
1 0 0 0 0 0 0 0 0 0 
0 0 1 0 0 0 0 0 0 0 
0 0 0 0 0 0 0 0 0 1 
0 0 0 0 0 1 0 0 0 0 
0 0 0 0 0 0 0 0 1 0 
0 1 0 0 0 0 0 0 0 0 
0 0 0.557067 0 0.442933 0 0 0 0 0 
0 1 0 0 0 0 0 0 0 0 
0 0 0.397092 0 0 0 0 0.602908 0 0 
0 0 0 1 0 0 0 0 0 0 
1 0 0 0 0 0 0 0 0 0 
0 0 0 0 0 0 1 0 0 0 
0 0 0 0 0 0 0 1 0 0 
0 0 0 0 0 0 0.31643 0 0 0.68357 
0 0 0 0 1 0 0 0 0 0 
0 0 0 0 1 0 0 0 0 0 
0 0 0 0 0 0 0 0 0 1 
0 0 1 0 0 0 0 0 0 0 
0 0 0 0 0 1 0 0 0 0 
0 0 0 0 0 0 1 0 0 0 
0 0 0 0 0 0 0 0 1 0 
0 0 0 0 0 0.620287 0.379713 0 0 0 
0 0 0 0 0 0 0 0 1 0 
0 0 0 0.154464 0 0 0 0 0 0.845536 
0 0 0 0 0 1 0 0 0 0 
0 0 0 0 1 0 0 0 0 0 
1 0 0 0 0 0 0 0 0 0 
0 0 0 0 1 0 0 0 0 0 
0 0 0.682737 0 0 0 0 0 0.317263 0 
0.343001 0.656999 0 0 0 0 0 0 0 0 
1 0 0 0 0 0 0 0 0 0 
0 0 0 0 0 0 0 0 0 1 
0 1 0 0 0 0 0 0 0 0 
0 0 0 0 0 0 0 0 1 0 
1 0 0 0 0 0 0 0 0 0 
0 0 1 0 0 0 0 0 0 0 
0 0 1 0 0 0 0 0 0 0 
0 0 1 0 0 0 0 0 0 0 
0 0 0 1 0 0 0 0 0 0 
0 0 0 0 0 0 1 0 0 0 
0 0 0 0 1 0 0 0 0 0 
0 0 0 0 1 0 0 0 0 0 
0 1 0 0 0 0 0 0 0 0 
0 0 0 0.208881 0 0 0 0 0 0.791119 
0 0 1 0 0 0 0 0 0 0 
0 0 0 0 0.322693 0.677307 0 0 0 0 
0 0 0 0 0 0 0 0 0 1 
0 0 0 1 0 0 0 0 0 0 
0 0 0 0 0.444716 0.212945 0 0 0.342339 0 
0 0 0 0 0 0 0 0 1 0 
0 0 0 0 0 0 1 0 0 0 
0 0 0 0 1 0 0 0 0 0 
0 0 0 0 0 0 0 1 0 0 
1 0 0 0 0 0 0 0 0 0 
0 0 0 0 0 0 0 0 0 1 
1 0 0 0 0 0 0 0 0 0 
0 0 0 0 0 0 0 0.592915 0.407085 0 
0 0 0 0 0 0 0 0 1 0 
0 0 0 0.444035 0.555965 0 0 0 0 0 
0 0 0 0 0 0 0 0 0 1 
0 0 0 0 0 0 0 1 0 0 
0 0.559686 0 0 0 0 0 0 0 0.440314 
0 0 0 0 0 0 0 0 1 0 
0 0 0 0.3049 0 0 0 0 0.6951 0 
0 0 0 0 0 1 0 0 0 0 
0 0 0 0 0 0 0 0 0 1 
0 0 0 0 0 0.465095 0.534905 0 0 0 
0 1 0 0 0 0 0 0 0 0 
0 1 0 0 0 0 0 0 0 0 
0 0 0 0 0 1 0 0 0 0 
0 0 0 0 0 0 0 0 1 0 
0 0 0 0 1 0 0 0 0 0 
1 0 0 0 0 0 0 0 0 0 
0 0 0 0 0 1 0 0 0 0 
0 0 0 0 0 1 0 0 0 0 
0 1 0 0 0 0 0 0 0 0 
0 0 0 0 0 0 0 0 0 1 
1 0 0 0 0 0 0 0 0 0 
0 0 0 0 0.517456 0 0 0.482544 0 0 
0 1 0 0 0 0 0 0 0 0 
0 0 0 0 0 1 0 0 0 0 
0 0 1 0 0 0 0 0 0 0 
0 0 0 0 0 1 0 0 0 0 
0 0 0 0.577306 0 0 0.422694 0 0 0 
0 0 0 0 0 0 1 0 0 0 
0 0 0 0 0 0 0 1 0 0 
0 0 0 0 0 0 0 0 1 0 
0 1 0 0 0 0 0 0 0 0 
0 0 0 0 1 0 0 0 0 0 
0 0 0 0 1 0 0 0 0 0 
0 0 1 0 0 0 0 0 0 0 
0 0 0 0 1 0 0 0 0 0 
0 0 0 0 0 0 1 0 0 0 
0 0 0 0 0 0 0 0 0 1 
0 0 0 1 0 0 0 0 0 0 
0.50694 0 0 0 0 0 0 0.49306 0 0 
0 0 1 0 0 0 0 0 0 0 
1 0 0 0 0 0 0 0 0 0 
0 0 0 0 0 0 0 1 0 0 
0 0 0 0 1 0 0 0 0 0 
0 0 0 0 0 0 0 0 0 1 
0 0 0 0 0 0 0 0 1 0 
0 0 0 1 0 0 0 0 0 0 
0 0 0 0 0 0 0 1 0 0 
0.739092 0 0 0 0 0 0.260908 0 0 0 
0 0 0 0 0 0 0 0 0 1 
0 0 0 0 0 0 0 1 0 0 
1 0 0 0 0 0 0 0 0 0 
0 0 0 0 0 0 0 1 0 0 
0 0 0 1 0 0 0 0 0 0 
0 0 1 0 0 0 0 0 0 0 
0 0 0 0 0 0 0 0 0 1 
0 0 0 0 0 0 1 0 0 0 
0 0 1 0 0 0 0 0 0 0 
0 0 0 0 0.338785 0 0 0.661215 0 0 
0 0 0 0 0 0 1 0 0 0 
0 0 0 0 0 0.390478 0 0 0 0.609522 
0 0 0 0 0 1 0 0 0 0 
0 0 0 0 0 0.269265 0 0 0.730735 0 
0 1 0 0 0 0 0 0 0 0 
0 0 0 0 1 0 0 0 0 0 
0.200444 0 0 0 0.799556 0 0 0 0 0 
0 0 0 0 1 0 0 0 0 0 
0 0 0 0 1 0 0 0 0 0 
0 0 1 0 0 0 0 0 0 0 
0 0 0 0.387585 0 0 0 0 0 0.612415 
0 1 0 0 0 0 0 0 0 0 
0 0 0 0 0 0 0 0 1 0 
0 0 0 1 0 0 0 0 0 0 
