5 300
0.541492
0.67629
0.574635
0.728132
0.514251
11.2645 0.192123
11.1877 0.217364
10.8401 0.344555
10.8312 0.396639
10.2151 0.646705
9.75685 1.0291
9.69275 0.534196
9.65641 0.337801
9.47567 0.854159
9.45582 0.606999
9.22975 0.944688
8.87686 1.68894
8.74104 0.457734
8.74082 1.4077
8.68988 1.34125
8.67196 1.03135
8.61659 0.433286
8.50226 0.454186
8.32615 1.66126
8.32257 1.59764
8.30207 1.38297
8.2446 1.90295
8.2372 1.29614
8.20665 0.721486
8.12224 1.0583
8.07412 0.895447
7.97865 1.85199
7.9252 1.94337
7.83604 2.00362
7.787 1.81893
7.77003 1.3019
7.74964 1.57807
7.70708 2.17056
7.60737 0.189861
7.5796 2.03972
7.53661 1.79701
7.43985 1.89964
7.42217 1.672
7.1876 1.80045
7.16499 2.47803
7.13927 1.18346
7.10711 1.08805
7.10138 0.466292
7.09944 0.4137
7.08444 2.95185
6.98025 1.9265
6.91128 2.01311
6.90573 1.67008
6.8649 2.60734
6.73718 2.38534
6.69963 1.67207
6.69831 1.55087
6.6899 1.15854
6.59241 1.64732
6.49752 2.08398
6.40661 2.95974
6.32367 2.35373
6.28544 1.3598
6.25993 2.45107
5.95882 2.46382
5.84335 3.14274
5.83651 2.2427
5.79463 1.53536
5.74428 2.12648
5.70591 2.74376
5.69602 2.27598
5.68981 2.67005
5.66902 3.43356
5.64526 1.90407
5.58732 2.96287
5.53672 2.35051
5.44305 2.58688
5.43076 3.7613
5.31031 3.35193
5.19348 2.638
5.18729 1.82625
5.11751 2.30039
5.10532 3.80462
5.08617 2.81406
4.97389 3.61173
4.93212 2.16209
4.91888 1.76513
4.90422 3.55823
4.87923 2.7019
4.81595 4.13712
4.7428 2.6312
4.733 3.7912
4.73214 2.35896
4.72439 3.69534
4.70064 2.31524
4.66146 2.65579
4.62832 3.37507
4.56973 4.4069
4.52326 2.5443
4.47876 3.71032
4.45169 3.71577
4.35237 2.98153
4.31153 2.34381
4.29151 2.9911
4.2626 2.55261
4.22374 2.44845
4.17142 4.84945
4.16735 3.33965
4.09609 3.90781
4.03186 3.72105
4.01061 3.10124
3.9983 4.73366
3.92206 3.45052
3.89445 5.44738
3.86251 4.16129
3.8489 2.67603
3.75818 3.86211
3.7199 4.23478
3.70286 3.57849
3.69347 4.70572
3.6683 3.73541
3.62045 3.69928
3.58092 4.30336
3.57708 4.16846
3.56077 3.811
3.53682 2.43289
3.53136 5.36467
3.52632 4.21284
3.48681 3.67487
3.46971 4.55189
3.39803 3.26268
3.38893 5.35193
3.36445 3.56439
3.32634 3.1427
3.23125 5.12198
3.21581 3.37323
3.19619 3.47075
3.1764 2.82249
3.1503 4.22387
3.14183 4.1377
3.08853 5.34229
3.08146 3.55758
2.9963 3.92256
2.87538 3.73769
2.86098 3.77855
2.85878 4.27493
2.80998 3.13657
2.8001 3.45263
2.79969 3.86221
2.7261 5.85095
2.69794 4.4348
2.65852 6.29136
2.60986 5.94063
2.60248 5.33096
2.55878 5.15258
2.54355 5.03484
2.53423 4.62716
2.28924 5.08869
2.27818 4.33084
2.27079 6.08753
2.26823 5.30349
2.25086 3.49586
2.22227 4.08957
2.2061 4.15821
2.18864 4.16986
2.18731 6.84502
2.17707 4.45839
2.08562 4.75796
2.05462 6.56517
2.03845 5.14252
2.02891 6.26881
1.98151 4.99874
1.91382 4.59667
1.88146 4.52956
1.85386 5.41448
1.83698 5.95367
1.80222 4.79385
1.76758 7.13546
1.72774 5.4745
1.70771 5.17985
1.68201 5.30566
1.63971 5.47301
1.63415 4.8948
1.61288 7.49357
1.60653 5.19993
1.60524 6.57286
1.5816 5.48065
1.56137 5.1424
1.55523 6.94537
1.52878 6.28238
1.49 6.94409
1.4733 7.06586
1.40926 7.28457
1.39808 5.70602
1.3872 5.2298
1.329 4.74046
1.29611 7.92267
1.26881 5.63637
1.25298 5.40781
1.23844 5.80082
1.23833 6.68228
1.1545 7.8972
1.1213 5.79409
1.09793 5.41034
1.08662 7.22688
1.08316 5.86208
1.02058 5.97795
1.00562 6.54678
0.996465 5.09625
0.958023 6.21682
0.942276 5.29234
0.919858 5.81617
0.866948 8.14357
0.862461 6.10723
0.846914 6.21362
0.838042 7.08323
0.836696 7.69984
0.824847 8.41962
0.817079 5.94512
0.788379 7.20763
0.781033 5.41019
0.758337 5.74661
0.745926 6.10628
0.717536 5.58195
0.707268 8.11878
0.700672 8.49545
0.684794 8.3987
0.677459 5.89927
0.660776 6.68852
0.655149 7.00802
0.632978 8.93212
0.61615 6.07177
0.584969 7.13509
0.57573 6.15586
0.539118 8.28832
0.50181 9.2546
0.498953 6.18303
0.488582 9.2636
0.482574 8.5763
0.479258 7.17723
0.468458 7.05212
0.453047 6.36001
0.446703 6.7281
0.439196 5.82372
0.432442 9.07796
0.432352 6.70436
0.409477 6.32138
0.405036 9.50433
0.401338 6.46469
0.400838 6.56537
0.367462 8.35461
0.365432 7.94186
0.364386 8.57482
0.330479 7.98946
0.315672 8.27153
0.294471 7.17843
0.258777 9.19517
0.23454 10.2419
0.224678 6.84596
0.214285 7.84778
0.176689 10.1455
0.175886 8.78733
0.166699 7.49386
0.162358 8.4636
0.161525 6.96109
0.149045 9.9657
0.145368 8.38028
0.144556 9.48727
0.134476 6.63189
0.107504 10.8406
0.0992501 8.29743
0.0940182 9.57862
0.0848475 8.55958
0.0783486 11.3536
0.0757969 9.85397
0.0728361 11.2219
0.072141 11.4025
0.0715046 11.0656
0.0638506 10.1867
0.0623353 9.14398
0.0617361 7.22545
0.0577272 11.3705
0.0449142 8.57881
0.0393266 9.25503
0.0328589 7.20205
0.0307588 7.64088
0.0304408 8.03313
0.0266241 11.6602
0.0239286 8.30739
0.0224776 7.30723
0.0195768 11.2512
0.0178651 8.42015
0.0171115 8.99324
0.0170827 9.13415
0.0163451 9.15454
0.0142331 11.9737
0.013096 10.6833
0.0128216 8.77054
0.0107917 11.8986
0.00658613 10.1387
0.00549364 9.72791
0.00534105 11.9765
0.00406582 11.5426
0.00211464 7.46407
0.00168635 10.2111
1 0 0 0 0 
0 0 1 0 0 
1 0 0 0 0 
1 0 0 0 0 
0 0 0 1 0 
0 0 0 1 0 
0 1 0 0 0 
0.511911 0 0 0.488089 0 
0.422765 0.577235 0 0 0 
0 0 0 0 1 
0 0 0 1 0 
0 0 0 1 0 
0 0 1 0 0 
0 0 0 1 0 
0 0 0 1 0 
0 1 0 0 0 
0 0 1 0 0 
0 0 0 1 0 
0 0 1 0 0 
0 0 1 0 0 
0 0 1 0 0 
0.354649 0 0 0.645351 0 
0 0 0 1 0 
1 0 0 0 0 
0 0 0.546495 0 0.453505 
0 1 0 0 0 
0 1 0 0 0 
0 0 0 1 0 
0 0 0 0 1 
0 0 0 1 0 
1 0 0 0 0 
0 0 1 0 0 
0.704316 0 0 0 0.295684 
0 1 0 0 0 
1 0 0 0 0 
0 0 0 1 0 
0 0 0.374109 0 0.625891 
0 0 1 0 0 
0 0 0 0 1 
0.623617 0 0 0.376384 0 
0 0 0 1 0 
0 0 0 1 0 
0 0 0 0 1 
0 0 0 0 1 
0 0 0 1 0 
0 0 0 1 0 
0 0 1 0 0 
0 1 0 0 0 
0 0 1 0 0 
0 0.332531 0 0.667468 0 
0 0.51205 0.48795 0 0 
0 0.789437 0 0 0.210563 
0 0 0 1 0 
1 0 0 0 0 
0 0 1 0 0 
1 0 0 0 0 
0 0 0 1 0 
1 0 0 0 0 
0 1 0 0 0 
0 0 1 0 0 
0 0 0.204567 0 0.795433 
0 0 1 0 0 
0 1 0 0 0 
0.428528 0.571472 0 0 0 
0 0 1 0 0 
0 1 0 0 0 
1 0 0 0 0 
0 0 1 0 0 
0 0 1 0 0 
0 0 0.251739 0.748261 0 
1 0 0 0 0 
0 1 0 0 0 
0.426907 0 0.573093 0 0 
0 1 0 0 0 
0 0 1 0 0 
0.626676 0 0 0.373324 0 
0 0 0 0 1 
0 0 0 0 1 
1 0 0 0 0 
0.637388 0 0 0 0.362612 
0.681184 0 0 0.318816 0 
0 0 1 0 0 
0 0 0 0.524454 0.475546 
0 0 1 0 0 
0 0 1 0 0 
0.413763 0 0.586237 0 0 
0 0 1 0 0 
0 0 1 0 0 
0 0 1 0 0 
0.428757 0 0 0 0.571243 
0 0 0 1 0 
0 0 0 0 1 
0 0 1 0 0 
0 0 0 1 0 
0 0 0 1 0 
0.344708 0 0 0.655291 0 
0 0 0 1 0 
0 1 0 0 0 
0 0 1 0 0 
0 0 0 0 1 
0.428889 0 0 0 0.571111 
0 0 0 1 0 
0 1 0 0 0 
0 0 1 0 0 
0 0 0 0 1 
0 0 0 1 0 
0 0 0 1 0 
0 1 0 0 0 
0.483162 0.516838 0 0 0 
0 0 0 0 1 
0 0 0 1 0 
0 0 0 1 0 
0 0.189005 0 0.810995 0 
0 0 0 0 1 
0 0 0 1 0 
0 1 0 0 0 
0.808424 0.191576 0 0 0 
0 0 0 0 1 
1 0 0 0 0 
0 1 0 0 0 
0 0 0 1 0 
0 0 0 0 1 
0 0 1 0 0 
0 0 0 1 0 
1 0 0 0 0 
1 0 0 0 0 
0 0 1 0 0 
1 0 0 0 0 
0 0 1 0 0 
0 0 1 0 0 
1 0 0 0 0 
0 0 0 1 0 
0 0 0 1 0 
0 0 0 0 1 
0 0 0 0 1 
1 0 0 0 0 
0.512703 0.487297 0 0 0 
0 0 0 0 1 
0 0 0 0 1 
0 0 1 0 0 
0 0.293945 0 0 0.706055 
0 0 0 1 0 
1 0 0 0 0 
0 0 0 1 0 
0 0 0 0 1 
0 0 0 0 1 
0 0 0 0 1 
0 1 0 0 0 
1 0 0 0 0 
0.73452 0 0.26548 0 0 
0 0.656311 0.343689 0 0 
0 0 1 0 0 
0 0 1 0 0 
1 0 0 0 0 
0 0 0.172254 0 0.827746 
0 0 1 0 0 
0 0 0 0 1 
0 0 1 0 0 
1 0 0 0 0 
0.841061 0 0 0.158939 0 
0 1 0 0 0 
0.85856 0 0 0 0.14144 
0 1 0 0 0 
0 0 0 1 0 
0 0 1 0 0 
0 0 1 0 0 
0 0 0 1 0 
0 1 0 0 0 
0 0 1 0 0 
0 0 1 0 0 
0 0 0 0 1 
0 1 0 0 0 
0 1 0 0 0 
0 0 0 0 1 
0 0 0 0 1 
0 1 0 0 0 
0 1 0 0 0 
0 1 0 0 0 
0.38818 0 0 0.61182 0 
1 0 0 0 0 
0 0 0 0 1 
0 0 0 0 1 
0 0 0 1 0 
0 0 0 1 0 
0 0 1 0 0 
0 0 0 0 1 
0 1 0 0 0 
1 0 0 0 0 
1 0 0 0 0 
0 0 0 0 1 
0 0 1 0 0 
0 1 0 0 0 
0 0 0 1 0 
0 0 1 0 0 
0 0 1 0 0 
0 1 0 0 0 
1 0 0 0 0 
1 0 0 0 0 
0.487906 0 0.346186 0 0.165907 
0 0.18759 0 0.81241 0 
0 0 0 0 1 
0 0 0.332154 0 0.667846 
0 0.399293 0.600707 0 0 
0 0 0 1 0 
0 0 1 0 0 
0 0 0.467435 0.532565 0 
0 0 0.486215 0 0.513785 
0 0 0 0 1 
0 1 0 0 0 
0 0 0 1 0 
0 0 0 0 1 
0 1 0 0 0 
0 1 0 0 0 
0.620759 0 0 0 0.379241 
0 0 0 0 1 
0 0 0 1 0 
0 0 1 0 0 
0 0 0 0 1 
0 0 0 1 0 
0.62302 0.37698 0 0 0 
1 0 0 0 0 
0 1 0 0 0 
0 1 0 0 0 
0 0 1 0 0 
0 0 0 1 0 
0 0 0.755591 0 0.244409 
0 1 0 0 0 
0 0 0 0 1 
0 0 0 0 1 
0 1 0 0 0 
0 1 0 0 0 
0 0 0 1 0 
0 1 0 0 0 
0 0 1 0 0 
1 0 0 0 0 
1 0 0 0 0 
0 0 1 0 0 
0 0.474848 0.525152 0 0 
0 0 0 0 1 
0 0 1 0 0 
0 1 0 0 0 
0 1 0 0 0 
0 0 0 1 0 
0 0.454883 0.545117 0 0 
1 0 0 0 0 
0 0.44383 0.55617 0 0 
0 0 0 0 1 
1 0 0 0 0 
0 0 0 1 0 
1 0 0 0 0 
0 0 1 0 0 
0 0.187812 0 0 0.812188 
0 0 0 1 0 
0 0 0 0 1 
0 0 0.625625 0.374375 0 
0.232039 0 0 0 0.767961 
0.631878 0 0.368122 0 0 
0 0 0 1 0 
0 0 1 0 0 
0 0 0 0 1 
0 0 0 0 1 
1 0 0 0 0 
0 0.654296 0 0.345704 0 
0 0 0 1 0 
0.209178 0 0 0 0.790822 
0 0 1 0 0 
1 0 0 0 0 
0 1 0 0 0 
0 0 0 1 0 
0 0 0.295179 0.424352 0.280469 
0 0 0 1 0 
0 0 1 0 0 
0 0 0 0 1 
0 0 1 0 0 
0 0 1 0 0 
1 0 0 0 0 
0 0.496364 0.364404 0 0.139233 
0 0 0 0 1 
0 1 0 0 0 
0 0.253552 0 0.746448 0 
0 0 1 0 0 
0 0 1 0 0 
0 0 0 1 0 
0 1 0 0 0 
1 0 0 0 0 
0 0 0 0 1 
0.530133 0 0.469867 0 0 
0 0 0 0 1 
0 0 0.228535 0.771465 0 
0 0 0 0 1 
0 0 0 0 1 
0 1 0 0 0 
0 1 0 0 0 
0 0 0 1 0 
0 0 0 1 0 
0 0 0 0.27871 0.72129 
0 0 0 1 0 
0 0 0 1 0 
0 0 0 0 1 
0 0 0 1 0 
