10 200
0.392353
0.580821
0.276033
0.339927
0.742384
0.689844
0.478867
0.701757
0.589692
0.675798
10.8828 0.506995
10.8416 0.090431
10.4397 0.489059
9.77816 0.592915
9.69882 1.19232
9.47995 1.19664
9.42958 1.10444
9.39469 0.431855
9.35095 0.81826
9.33573 1.05521
9.30685 0.439543
9.26188 0.583266
9.21256 0.25808
9.18134 0.363958
8.76863 1.47034
8.75763 0.527265
8.64909 0.866771
8.45559 1.38253
8.36598 1.38969
8.35757 1.35753
8.23849 0.307117
8.19183 1.31223
8.19034 0.233266
8.13054 1.00425
8.12261 1.95045
7.77904 1.62293
7.5842 1.37531
7.49038 0.173668
7.46707 0.534642
7.4417 1.25845
7.34944 0.480323
7.29293 1.16856
7.28921 0.462872
7.25211 0.377905
7.23035 0.265412
7.17336 1.08517
7.15334 2.55894
6.94123 1.58941
6.93896 1.40653
6.93752 2.57794
6.90222 1.88531
6.72814 1.97806
6.63638 1.25642
6.44761 1.15606
6.33726 0.938202
6.21364 2.98204
6.12717 2.48884
5.91915 1.91154
5.91878 2.40186
5.91294 1.42272
5.83765 3.35216
5.79468 1.80381
5.7833 2.20013
5.73268 2.8191
5.69653 2.63793
5.5231 3.50044
5.41189 2.5232
5.3254 2.39755
5.15606 3.93956
5.13995 3.5782
5.10518 1.92374
4.91093 3.54103
4.87255 2.80091
4.78604 2.50108
4.78094 3.96783
4.76523 2.52366
4.65956 1.83734
4.6315 2.22509
4.57958 2.79727
4.54987 3.6918
4.51792 3.35219
4.50853 4.12707
4.50467 2.99244
4.37762 4.2583
4.29965 3.10517
4.24674 3.45095
4.23373 2.96102
4.07359 3.20846
4.06768 4.23511
3.9944 3.25417
3.98564 5.07817
3.87361 3.82033
3.85082 2.94271
3.82772 4.47826
3.77299 2.88221
3.74334 4.70797
3.71062 4.30155
3.69029 4.38777
3.53167 3.57581
3.52426 3.13455
3.4708 4.03375
3.44579 4.15373
3.44116 4.18225
3.32157 4.74446
3.2751 3.02042
3.20373 3.65231
3.13455 3.68488
3.03518 4.32071
3.02123 4.9443
2.92697 4.42396
2.91027 5.35993
2.90039 4.3043
2.85872 5.19819
2.85037 4.01407
2.82384 4.62232
2.74877 4.45583
2.69113 4.73847
2.6239 3.20296
2.58357 5.69768
2.49625 6.34657
2.43908 5.29027
2.34615 5.42286
2.33637 5.07702
2.33569 4.9538
2.30903 3.82584
2.24531 5.36739
2.2196 4.95363
2.13699 4.1727
2.12016 4.74723
2.1049 5.79754
2.08111 6.1987
1.91314 5.46755
1.89247 6.92039
1.85021 5.95614
1.7143 5.13324
1.63023 4.44876
1.47889 6.43257
1.47882 5.51009
1.46586 7.66799
1.42064 4.8071
1.35036 6.34472
1.31311 6.78678
1.3074 6.45937
1.29146 7.40926
1.26319 5.59261
1.2355 4.76934
1.22929 5.42273
1.15347 5.22035
1.06793 7.24079
1.03784 7.27136
1.03561 8.14857
0.999437 5.32251
0.990635 5.19948
0.975767 5.45069
0.856686 7.10708
0.827873 5.98789
0.806321 7.61295
0.757894 5.96162
0.59976 7.66538
0.599537 5.82432
0.535675 8.94219
0.525861 6.63598
0.514009 6.31548
0.46867 6.51769
0.452661 8.55081
0.450082 9.3365
0.39663 7.87129
0.379503 9.01173
0.367984 9.53155
0.358064 7.68718
0.357276 7.56285
0.352213 6.13044
0.351001 7.10953
0.336818 7.39964
0.333537 7.18993
0.320613 6.315
0.305914 8.78434
0.298375 8.85718
0.271518 9.23433
0.251707 9.00289
0.243103 6.65639
0.226724 8.8259
0.215447 6.90226
0.20239 10.4602
0.137936 8.6418
0.132378 9.71417
0.130406 7.83445
0.127329 8.27717
0.119888 7.31066
0.118524 6.77566
0.11531 8.13412
0.11523 8.83502
0.104184 8.15967
0.098895 8.84282
0.0947537 10.2583
0.0864373 6.90136
0.0737233 9.45228
0.0473068 10.7829
0.0428502 9.61977
0.0340781 7.98265
0.0330624 11.416
0.0195497 10.5355
0.0187236 10.2281
0.0156447 10.2151
0.0134876 7.41503
0.0116651 10.3435
0.0101979 11.9757
0.00965898 7.98028
0.00484762 11.2758
0.00122292 9.83811
0 0 0 0 0 0 0 1 0 0 
0 0 0 0 1 0 0 0 0 0 
0 0 0 1 0 0 0 0 0 0 
1 0 0 0 0 0 0 0 0 0 
0 1 0 0 0 0 0 0 0 0 
0 0 0 0 0 0 1 0 0 0 
0 0.646605 0 0 0 0 0 0.353395 0 0 
0 0 0 1 0 0 0 0 0 0 
0 1 0 0 0 0 0 0 0 0 
0 0 0 0 0 0 0 1 0 0 
0 1 0 0 0 0 0 0 0 0 
0 0 0 0 0 0 1 0 0 0 
0 1 0 0 0 0 0 0 0 0 
0 0 1 0 0 0 0 0 0 0 
0 0 0 0 1 0 0 0 0 0 
0 0 0 0 1 0 0 0 0 0 
0 0 0 1 0 0 0 0 0 0 
0 0 0 0 0.827479 0.172521 0 0 0 0 
0 0 0 0 0 1 0 0 0 0 
0 0 0 0.436948 0 0 0 0 0 0.563052 
0 0 0 0 0 0 0 0 1 0 
0 0 0 1 0 0 0 0 0 0 
1 0 0 0 0 0 0 0 0 0 
0 0 0 0 0 0 0 1 0 0 
0 0 0.630108 0 0 0.369892 0 0 0 0 
0 0 0 0.388279 0 0 0 0.611721 0 0 
0 0 1 0 0 0 0 0 0 0 
0 0 1 0 0 0 0 0 0 0 
0 0 0 0 1 0 0 0 0 0 
0 0 0 0 0 0 0 0 1 0 
0 0 0 1 0 0 0 0 0 0 
0.435387 0 0.564613 0 0 0 0 0 0 0 
0 1 0 0 0 0 0 0 0 0 
0 0 0 0 1 0 0 0 0 0 
1 0 0 0 0 0 0 0 0 0 
0 0 0.516616 0 0 0.483384 0 0 0 0 
0.571573 0 0 0 0 0 0.428427 0 0 0 
0 0 0 0 1 0 0 0 0 0 
0 0 0 0 0 0 1 0 0 0 
0 0 0 1 0 0 0 0 0 0 
0 0 0 0 0 0 0 0 1 0 
0 0 0 0 1 0 0 0 0 0 
0 0 0.459363 0 0 0 0 0 0.540637 0 
0 0 0 0 0 1 0 0 0 0 
0 1 0 0 0 0 0 0 0 0 
0 0.389613 0 0 0 0.610387 0 0 0 0 
0 0 0.676415 0 0 0 0.323585 0 0 0 
0 0 1 0 0 0 0 0 0 0 
0 0 0 0.137788 0.488144 0 0.374068 0 0 0 
0 0 0 0 0 0 0.618526 0.381474 0 0 
0 1 0 0 0 0 0 0 0 0 
0 0 0 0 0 0 1 0 0 0 
1 0 0 0 0 0 0 0 0 0 
0 0 0 1 0 0 0 0 0 0 
0 0 0 1 0 0 0 0 0 0 
0 0 0 0 0 0 0 1 0 0 
0 0 0 0 1 0 0 0 0 0 
0 0 0 0 1 0 0 0 0 0 
0 0 0 0 0 0 0 1 0 0 
0 0 0 0 0 1 0 0 0 0 
0 0 0 0 1 0 0 0 0 0 
0 0 0 0 1 0 0 0 0 0 
0 0 0 0 0 0 0 1 0 0 
0 0 0 0 0 0 0 0 0.563662 0.436338 
0 0 0 1 0 0 0 0 0 0 
0 1 0 0 0 0 0 0 0 0 
0 0 0 0 0 0 1 0 0 0 
0 0 0 0 0 0 0 1 0 0 
0 0 0 0 0 0 0 0 0 1 
0 0 0 0 1 0 0 0 0 0 
0 0 0 0 0 0 0 1 0 0 
0 0 0 0 0 1 0 0 0 0 
0 0 0 1 0 0 0 0 0 0 
0 0 0 0 1 0 0 0 0 0 
0 0 0 0 0 0 0 0 0.219684 0.780316 
1 0 0 0 0 0 0 0 0 0 
0 0 0 0 0 1 0 0 0 0 
0 0 0 0 1 0 0 0 0 0 
0 0 1 0 0 0 0 0 0 0 
0 0 0 0 0 0 0 1 0 0 
0 0 0 0 0 0 0 0 0.389462 0.610538 
0.29441 0.70559 0 0 0 0 0 0 0 0 
0 0 0 0 0 0 0 1 0 0 
0 0 0 0.735536 0 0 0 0 0.264464 0 
0 0 0 0 0 0.273928 0 0 0.726072 0 
0 0 0 0 0 0 0 0 0 1 
0.375454 0 0 0 0 0 0 0.624546 0 0 
0 0 0 0 0 0 0 1 0 0 
0.455716 0 0 0 0 0.544284 0 0 0 0 
0 0 0 0 0 1 0 0 0 0 
1 0 0 0 0 0 0 0 0 0 
0 0 0 0 0 0 0 0 0 1 
0 1 0 0 0 0 0 0 0 0 
0 0 0 0 0 0 0 0 0 1 
0 0 0 0 0 0 0 0 1 0 
0.793071 0.206929 0 0 0 0 0 0 0 0 
0 0 0 0 0 0 0 1 0 0 
0 0 0 0 1 0 0 0 0 0 
1 0 0 0 0 0 0 0 0 0 
0 1 0 0 0 0 0 0 0 0 
0 0 0 0 0 0 0.371578 0.628422 0 0 
0 0 0 0 0 1 0 0 0 0 
0 0 0 0 0 0 1 0 0 0 
0 1 0 0 0 0 0 0 0 0 
0 0 0 0 1 0 0 0 0 0 
0 0 0 0 0 0 0 1 0 0 
0 0 0 1 0 0 0 0 0 0 
0 1 0 0 0 0 0 0 0 0 
1 0 0 0 0 0 0 0 0 0 
0 0 0 0 0 0 0 0.511011 0 0.488989 
0 0 0 0 0 0 0 0 1 0 
0 0 0 0 0 0 1 0 0 0 
0 1 0 0 0 0 0 0 0 0 
1 0 0 0 0 0 0 0 0 0 
0 0 0 0 0 0 0 0 0 1 
0 1 0 0 0 0 0 0 0 0 
0 0 0 1 0 0 0 0 0 0 
0 0 0 0.556618 0 0.443382 0 0 0 0 
0 0 0 0 0 0 0 0 0 1 
0 0 1 0 0 0 0 0 0 0 
0 0 0 1 0 0 0 0 0 0 
0 0 0 0 0 0 0 0 1 0 
0 0 0 0 0 0 1 0 0 0 
0 0 1 0 0 0 0 0 0 0 
0 0.193544 0 0 0 0 0 0.806456 0 0 
0 0 0 0 0 0 1 0 0 0 
1 0 0 0 0 0 0 0 0 0 
0 0 0 0 0 1 0 0 0 0 
0 0 0 0 1 0 0 0 0 0 
0 0 0 0 1 0 0 0 0 0 
0.275835 0 0 0 0 0 0 0 0.724165 0 
1 0 0 0 0 0 0 0 0 0 
0 0 0 1 0 0 0 0 0 0 
0 0 0 1 0 0 0 0 0 0 
1 0 0 0 0 0 0 0 0 0 
0 0 0 0 0 0 1 0 0 0 
0 0 0 0 0 0 1 0 0 0 
0 0 0 0 0 0 0 0 0 1 
0 0 0 0 0 1 0 0 0 0 
0 1 0 0 0 0 0 0 0 0 
0 0 0 1 0 0 0 0 0 0 
0 0 0 0 0 0 1 0 0 0 
1 0 0 0 0 0 0 0 0 0 
0 0 0 0 0 0 1 0 0 0 
0 0 0 0 0 0 0 0 0 1 
0 0 0 0 0 0 0 0 0 1 
0 0 0 0 0 0 0 0 1 0 
1 0 0 0 0 0 0 0 0 0 
0 0 0 0 1 0 0 0 0 0 
0 0 0 0 1 0 0 0 0 0 
1 0 0 0 0 0 0 0 0 0 
0 0 0 0 0 0 0.397602 0.602398 0 0 
0 0 0 0 0 0 1 0 0 0 
0 1 0 0 0 0 0 0 0 0 
0 0 0 0 0 0 0 0 0.511258 0.488742 
0 0 0 0 0 0 0 0 1 0 
1 0 0 0 0 0 0 0 0 0 
0 0 0 0 0 0 0.237464 0 0 0.762536 
0 0 0 0 0 0 0 1 0 0 
0 0.127843 0 0 0 0 0.872157 0 0 0 
0 0 0 0 0.490446 0.509554 0 0 0 0 
0 0 0 0 0 1 0 0 0 0 
0 0 0 0.459844 0 0 0.540156 0 0 0 
0 0 0 0 1 0 0 0 0 0 
1 0 0 0 0 0 0 0 0 0 
0 0 0 0 1 0 0 0 0 0 
0 0 0 0 0 0 0 0 0 1 
0 0 0 0 0 0 0 0 0 1 
0 0 0 0 0 0 0 0 1 0 
0 0 0 0 0 0 0 1 0 0 
0 0 0 1 0 0 0 0 0 0 
1 0 0 0 0 0 0 0 0 0 
1 0 0 0 0 0 0 0 0 0 
0 0 0 0 1 0 0 0 0 0 
1 0 0 0 0 0 0 0 0 0 
0 0 0 0 0.473472 0.526528 0 0 0 0 
0 0 0 0 0 0 0 1 0 0 
0 0 0 0 0 0 0 0 1 0 
0 0 0 0 0 0 1 0 0 0 
0 0 0 1 0 0 0 0 0 0 
0 0 0.832875 0 0 0 0.167125 0 0 0 
0 0 0 0 0 0 0 1 0 0 
0 0 0 0 0 0 0 0 0 1 
0 0 0 0 0 0 0 0 1 0 
0 0 0 0 0 0 0 1 0 0 
0 0 0 0 0 0 1 0 0 0 
0 1 0 0 0 0 0 0 0 0 
0 0 0 1 0 0 0 0 0 0 
0 0 0 1 0 0 0 0 0 0 
0 0 0 0 0 0 0.704331 0 0 0.295669 
0 0 0 0 0 0 0 0 0 1 
0 0 0 0 0 0 0 0 1 0 
0 0 0.390705 0 0.609295 0 0 0 0 0 
0 0 0 0 0 0 0 0 0 1 
0 1 0 0 0 0 0 0 0 0 
0 0 0 0 0 0 0.523907 0.476093 0 0 
0 1 0 0 0 0 0 0 0 0 
0 0 0 0 0 0 1 0 0 0 
0 0 1 0 0 0 0 0 0 0 
0 0.820898 0 0 0 0 0 0 0 0.179102 
