10 500
0.701566
0.485137
0.494473
0.739398
0.619825
0.277781
0.439293
0.368882
0.365354
0.426231
11.6567 0.190366
11.6106 0.245429
11.6069 0.177288
11.3245 0.365538
11.3219 0.590434
11.1452 0.491463
10.8261 0.755906
10.7794 0.597573
10.5254 0.860976
10.5205 0.764087
10.344 0.73248
10.0492 0.588358
9.99549 0.823099
9.94316 0.140847
9.80616 0.6903
9.72945 0.691339
9.69208 0.47423
9.66069 0.43708
9.63814 0.243969
9.61188 0.281582
9.56355 1.42623
9.56026 0.585323
9.52673 1.15394
9.32439 0.462398
9.19099 0.406139
9.15484 0.432254
8.99666 1.05558
8.98522 0.439533
8.97871 0.65875
8.96504 0.51329
8.81017 1.24944
8.75815 1.24212
8.72887 0.411608
8.70021 1.29047
8.70013 0.242045
8.69221 0.141865
8.65165 1.54119
8.61907 1.31863
8.48253 0.739725
8.35077 1.56594
8.31821 0.794326
8.28944 0.974038
8.13787 0.960562
8.10423 0.719782
8.04559 1.14794
8.02606 2.06464
7.97997 1.96296
7.92847 1.29404
7.90678 0.25919
7.89287 0.611901
7.72156 0.396388
7.71472 0.251555
7.68252 0.782535
7.63836 1.4888
7.58698 1.09596
7.52134 0.715306
7.41752 1.12963
7.3956 1.31835
7.39354 2.19931
7.32228 1.63921
7.26061 1.62104
7.16493 0.57468
7.11785 1.09535
7.04374 0.997585
7.03721 0.867284
6.98713 1.97745
6.95825 1.93199
6.95189 0.890364
6.93546 1.30077
6.93082 1.86738
6.91642 1.17761
6.91346 1.72368
6.89005 1.40049
6.86153 2.36649
6.85467 2.62357
6.837 1.67414
6.77392 2.91086
6.70163 0.95064
6.6901 0.915713
6.67012 0.763463
6.63143 0.808796
6.57742 1.10663
6.51472 1.53961
6.46262 0.736846
6.43743 2.87152
6.4064 1.47232
6.36581 2.01909
6.32054 3.09563
6.27119 0.959569
6.2647 2.44398
6.24617 2.43697
6.19986 2.07322
6.15719 1.67996
6.15159 1.80282
6.14958 1.90826
6.14745 2.32247
6.14183 0.905443
6.11806 2.11849
5.9834 2.47551
5.97604 1.945
5.976 2.30887
5.88999 3.1223
5.83915 1.82935
5.80713 1.52188
5.75388 1.35471
5.74301 2.80545
5.63817 2.70731
5.60363 2.87046
5.59562 3.30908
5.5898 2.09559
5.52355 2.43011
5.5122 2.65194
5.50856 2.82827
5.46153 2.02692
5.43481 3.62055
5.43457 2.35075
5.43388 2.68226
5.40412 2.82673
5.40229 2.19364
5.30851 4.10727
5.28539 2.36462
5.25447 3.17295
5.20983 2.68084
5.20815 2.76487
5.19824 1.61964
5.19139 2.15188
5.1751 2.27904
5.15465 2.72989
5.12839 2.86547
5.09552 2.6595
5.03884 3.78855
5.02476 3.02554
5.01444 2.94626
4.98359 2.68856
4.97485 3.43443
4.92055 2.75299
4.91509 1.98651
4.87628 2.93497
4.86939 1.96142
4.85684 2.3874
4.81869 4.10096
4.81451 2.04206
4.81017 3.32025
4.80631 3.46001
4.77917 2.56303
4.77053 2.58252
4.74876 2.27073
4.67845 2.29768
4.67339 1.6385
4.66731 2.96933
4.63065 2.595
4.62893 1.88102
4.62858 3.5085
4.62255 2.63674
4.62018 2.69892
4.59423 2.99396
4.58556 3.74828
4.53484 4.73344
4.52405 2.32137
4.52366 2.55609
4.49751 3.11465
4.48158 2.73006
4.4597 1.9059
4.40306 4.25627
4.36805 4.58975
4.2942 3.34765
4.27841 4.62609
4.25858 3.47796
4.25796 3.66643
4.25747 2.32808
4.21596 3.1896
4.13052 4.08079
4.11573 4.52827
4.09537 2.34261
4.03064 3.91712
4.01541 3.68212
3.98536 2.70722
3.9845 3.01898
3.94721 3.86549
3.93961 2.57437
3.93512 3.60179
3.92097 2.54018
3.8918 4.23912
3.88553 3.48116
3.88337 4.05475
3.86214 3.09186
3.8492 2.46308
3.82699 4.41548
3.81623 3.23579
3.80643 3.44289
3.77436 3.30138
3.76701 3.63005
3.75411 2.62772
3.73457 3.41639
3.73145 2.85488
3.71491 4.47582
3.70005 4.32633
3.68246 4.06535
3.67275 3.33177
3.65068 2.77945
3.64456 4.15016
3.6439 2.81295
3.63838 5.20206
3.61089 3.77493
3.61064 3.48787
3.57025 4.33092
3.50405 3.04261
3.45338 3.3641
3.41686 3.80783
3.41338 2.83201
3.34732 3.888
3.31118 3.30625
3.30721 4.95418
3.29888 4.20657
3.28966 5.66487
3.26124 3.43843
3.23168 4.06551
3.20395 3.63479
3.15909 3.22064
3.10185 3.23668
3.09542 5.34045
3.0694 3.99784
3.05096 5.36485
3.03484 3.58825
2.96741 4.4536
2.89919 4.21003
2.88136 4.15441
2.83872 3.98447
2.83828 4.28142
2.83306 3.82066
2.82757 4.84716
2.82462 4.86193
2.82347 3.42786
2.79055 4.78976
2.7887 4.18201
2.78756 4.44042
2.77288 4.40945
2.7297 5.9893
2.72439 3.6406
2.71466 5.22343
2.7076 6.06869
2.69301 4.51494
2.69167 4.56152
2.67307 4.27843
2.65948 5.11215
2.61812 4.63093
2.61241 4.82582
2.6049 5.30447
2.58085 6.17508
2.55798 4.74106
2.5172 5.40756
2.51668 4.00125
2.51027 3.80136
2.50015 3.36615
2.46645 4.28236
2.4564 5.3583
2.44267 4.42571
2.44132 3.843
2.42857 4.23788
2.41078 4.61933
2.3963 3.90862
2.34841 4.67924
2.34628 6.94233
2.30364 5.88262
2.2854 5.90173
2.26293 6.5261
2.25299 4.96265
2.17376 6.95816
2.15485 6.54877
2.13387 4.63124
2.10597 4.20727
2.09846 4.82559
2.06805 4.60019
1.99364 5.66362
1.96221 5.48428
1.95528 4.51675
1.95475 4.68759
1.91455 4.63801
1.89257 5.08351
1.88703 7.04485
1.88303 7.51572
1.88128 6.18176
1.82663 6.93714
1.77412 4.76885
1.74632 5.42006
1.74531 4.50426
1.70597 6.25567
1.68027 7.16349
1.66643 6.37453
1.65949 5.03803
1.65328 4.94668
1.6531 4.80092
1.65165 6.64099
1.63217 6.61474
1.62781 5.15407
1.62251 5.44578
1.62065 6.04711
1.60853 5.39494
1.59367 7.1288
1.56513 4.45156
1.54837 6.37167
1.5406 5.60304
1.53598 6.91239
1.53159 7.77662
1.52588 4.93654
1.50062 5.69528
1.48324 7.7721
1.47251 4.99974
1.46317 7.85901
1.43823 6.82523
1.4299 4.68687
1.39467 7.18946
1.37876 5.46142
1.35579 4.79572
1.35038 6.68199
1.33876 6.04995
1.32676 5.97695
1.30276 7.38604
1.28639 4.84484
1.27779 5.06393
1.27449 5.81269
1.26733 7.02961
1.22313 4.68423
1.20871 6.78779
1.20282 5.57385
1.17056 6.51567
1.16974 6.83542
1.1635 5.62288
1.16329 5.08408
1.15924 6.84738
1.11873 6.15475
1.11158 6.08355
1.10885 7.34586
1.10269 6.82037
1.08323 6.24413
1.08116 6.26527
1.06363 5.057
1.05652 8.15054
0.966935 5.83478
0.958137 6.49492
0.948931 6.20075
0.948839 5.82419
0.939612 5.0335
0.900617 5.7305
0.899364 8.02906
0.879801 6.57639
0.869251 5.30532
0.866065 6.85074
0.856966 6.18805
0.854557 5.45922
0.854098 6.21559
0.825983 7.0861
0.810648 8.63361
0.806838 8.2146
0.804807 6.40679
0.78148 8.75703
0.775164 7.44262
0.744951 8.97453
0.738743 6.98027
0.736121 7.40577
0.728144 8.69784
0.709232 7.10574
0.705683 6.90206
0.682195 8.84215
0.673785 8.11471
0.671796 8.84393
0.659251 9.13445
0.651132 7.6143
0.644676 6.20669
0.63885 7.0618
0.638674 6.30152
0.635085 8.45715
0.628453 6.76368
0.626867 8.054
0.618815 8.88185
0.61417 8.93008
0.582889 8.75104
0.544919 7.05662
0.533739 6.93617
0.530221 7.5419
0.489862 7.40798
0.479225 8.93258
0.475265 7.48487
0.463452 6.66739
0.458897 7.93056
0.443299 8.35375
0.440529 6.38245
0.43526 6.74281
0.435041 6.776
0.415822 6.49026
0.409186 7.71195
0.394611 7.68206
0.393341 7.81556
0.381416 5.83387
0.371956 7.21406
0.369182 7.00372
0.360648 7.68161
0.355275 8.4855
0.352221 7.29391
0.349549 7.42417
0.34586 8.11409
0.342979 9.41247
0.334851 9.62389
0.319186 7.98778
0.314151 8.97893
0.304756 7.56307
0.298775 9.2695
0.289422 8.72612
0.286955 6.87963
0.277756 7.55707
0.263621 8.88946
0.262147 8.1664
0.262104 7.55875
0.259339 6.65457
0.256884 9.90221
0.253979 10.1689
0.238962 9.8325
0.238829 6.21894
0.236853 7.07053
0.235169 6.22034
0.221887 7.72586
0.212601 7.43153
0.212307 10.5186
0.211359 6.59257
0.210436 8.59237
0.209349 7.99069
0.208765 8.21398
0.204955 8.42358
0.199667 6.56875
0.198658 7.36863
0.19432 8.72805
0.183848 7.53345
0.176292 9.58296
0.16744 8.99422
0.166562 7.43349
0.15587 10.0262
0.148941 9.61828
0.14621 9.55968
0.142364 10.8171
0.138137 10.4637
0.130884 8.70632
0.126869 8.35029
0.123668 10.4071
0.121331 7.96125
0.119481 8.76924
0.118607 10.079
0.112695 9.17862
0.106398 9.13701
0.104503 7.07434
0.103048 7.09566
0.102448 7.06132
0.10176 11.0601
0.0999923 9.18225
0.0987182 8.01137
0.0960787 10.3034
0.0948679 9.02482
0.0872112 10.8038
0.0812859 8.22994
0.0741997 9.09671
0.0721976 10.956
0.0702836 9.1855
0.0691676 9.0187
0.0642978 10.6698
0.0584323 7.3524
0.05786 9.67933
0.0522707 10.2918
0.0515417 9.37332
0.0513514 7.6207
0.0512468 7.78063
0.0492198 7.53929
0.0481602 11.4782
0.0440105 9.42328
0.0367715 7.9945
0.0346024 9.48567
0.0319401 9.90181
0.0316098 11.4837
0.0306109 8.04977
0.0293947 9.32811
0.0250716 10.0057
0.0194905 9.15891
0.0169478 7.64568
0.0165627 9.75845
0.0156832 7.86274
0.012561 8.34659
0.00841748 8.28324
0.00796563 8.8087
0.0075818 8.08976
0.00730261 9.19972
0.00711839 9.85308
0.00628586 7.51848
0.00533368 10.942
0.00523436 11.5772
0.00477834 12.2117
0.00415529 7.37615
0.00357015 7.50527
0.0031514 9.85099
0.00302161 9.89383
0.00208171 9.72103
0.00192586 8.84185
0.00122065 8.43648
1 0 0 0 0 0 0 0 0 0 
0 0 0 0 0 0 0 0 0 1 
1 0 0 0 0 0 0 0 0 0 
0 1 0 0 0 0 0 0 0 0 
0 0 0 0 0 1 0 0 0 0 
0 0 0 0 0 1 0 0 0 0 
0 0 0 0 0 0 0 0 1 0 
0 0 0 0 0 0 0 0 1 0 
0 0 0 0 0 0 0.274686 0 0.725314 0 
0 0 0 0 0 0 0 0 0 1 
0 0 0 0 1 0 0 0 0 0 
0 0 0 1 0 0 0 0 0 0 
0 0 0 0 0 0 0 0 1 0 
0 0.491572 0 0 0 0.508428 0 0 0 0 
0 0 0 0 0 0 0 1 0 0 
0 1 0 0 0 0 0 0 0 0 
0 0 1 0 0 0 0 0 0 0 
0 0 0 0 0 0 1 0 0 0 
0 1 0 0 0 0 0 0 0 0 
0 0 0 0 1 0 0 0 0 0 
0 0 1 0 0 0 0 0 0 0 
0 0 0 0 1 0 0 0 0 0 
0.601083 0 0 0 0 0 0 0 0 0.398917 
0 0 1 0 0 0 0 0 0 0 
0.24055 0 0 0 0 0 0 0 0 0.75945 
0 0 1 0 0 0 0 0 0 0 
0 0 0 0.598697 0 0 0 0 0.401303 0 
0 0 0 0 0 0 0 0.558779 0 0.441221 
0 0 0 0 0 0 0 0 1 0 
0 0 0 0 1 0 0 0 0 0 
0 1 0 0 0 0 0 0 0 0 
0 0 0 1 0 0 0 0 0 0 
0 0 0 0 0 0 0 1 0 0 
0 0 0 0 0 0 0 1 0 0 
0 0 0 0 0 0 0 0 1 0 
0 0 0 0 0 0 1 0 0 0 
0 0 1 0 0 0 0 0 0 0 
0 0 1 0 0 0 0 0 0 0 
0 0 0.381673 0 0 0 0.618327 0 0 0 
1 0 0 0 0 0 0 0 0 0 
0 0 0 0 0 0 0 1 0 0 
0 0 0 0 0 0 0 0 1 0 
0 0 0 0 0 0 0 0 1 0 
0 0 1 0 0 0 0 0 0 0 
0 0 0 0 0 0 0 0 0 1 
0 0 1 0 0 0 0 0 0 0 
0 0 0 1 0 0 0 0 0 0 
0 0 0 0 0 1 0 0 0 0 
0 0 0 0 0 0 0.373336 0.626664 0 0 
0 0 0 0 0 0 0 0 0 1 
0 0 0 0 0 1 0 0 0 0 
0 0 0 0 0 0 1 0 0 0 
0 0 0 0 0 0 1 0 0 0 
1 0 0 0 0 0 0 0 0 0 
0 0 0 1 0 0 0 0 0 0 
0 0 1 0 0 0 0 0 0 0 
0 0 1 0 0 0 0 0 0 0 
0 0 0 0 0 0 1 0 0 0 
0 0 0 0 0 0 0 0 1 0 
0 0 0.553894 0 0 0 0 0.446106 0 0 
0 0 0 0.873684 0 0 0 0.126316 0 0 
0 0 0 0 0 0 0 0 1 0 
0 0 0 0 0 0.653555 0.346445 0 0 0 
0 1 0 0 0 0 0 0 0 0 
0 0 0 0.860056 0 0 0 0.139944 0 0 
0 0 0 0 0 0 0 1 0 0 
0 0 0 0 0 0 1 0 0 0 
0 1 0 0 0 0 0 0 0 0 
0 0 1 0 0 0 0 0 0 0 
0 1 0 0 0 0 0 0 0 0 
0 0 0.538427 0 0.461573 0 0 0 0 0 
0 0.57565 0 0 0 0 0.42435 0 0 0 
0 0 0 0.451016 0 0 0 0 0.548984 0 
0 0 0 0 0 0 0 1 0 0 
0 0 0 1 0 0 0 0 0 0 
1 0 0 0 0 0 0 0 0 0 
0 0 0 0 0 1 0 0 0 0 
0 1 0 0 0 0 0 0 0 0 
0 0 0 0.393945 0 0 0 0 0.606055 0 
0 0 0 0 1 0 0 0 0 0 
0 0.675349 0 0.324651 0 0 0 0 0 0 
0 0 0 0 1 0 0 0 0 0 
0 0 0 0 0 1 0 0 0 0 
0 1 0 0 0 0 0 0 0 0 
0 0 0 0 0 0 0 0 1 0 
0 0 0 0 1 0 0 0 0 0 
0 0 0 0 0 0.224593 0.775407 0 0 0 
0 0 0 0 0 0 0 1 0 0 
0 0 0 0 0 1 0 0 0 0 
0 0 1 0 0 0 0 0 0 0 
0 0 0.740275 0 0 0 0 0 0 0.259725 
0 0 0 0 0 0 0 0 0 1 
0.188881 0 0 0 0 0.811118 0 0 0 0 
0 0 0 0 0 1 0 0 0 0 
0 0 0 0 1 0 0 0 0 0 
0.236414 0 0 0 0 0.396471 0 0 0.367115 0 
0 0 1 0 0 0 0 0 0 0 
0 0 0 0 0 0 1 0 0 0 
0 0 0 0 1 0 0 0 0 0 
0 0 0 0 0 0 1 0 0 0 
1 0 0 0 0 0 0 0 0 0 
0 0 0 0 1 0 0 0 0 0 
0 1 0 0 0 0 0 0 0 0 
0 0 0 0 0 0 1 0 0 0 
0 0 0 0 0 1 0 0 0 0 
0 0.619687 0 0 0 0.380313 0 0 0 0 
0.529531 0 0 0 0.470469 0 0 0 0 0 
0 0 0 0 0 0 0 0 1 0 
0.431268 0 0 0 0 0 0.568732 0 0 0 
0 0 0.635678 0 0 0.364322 0 0 0 0 
0 0 0 0 0 1 0 0 0 0 
0 0 0 0 0 0 0 0 1 0 
0 0 0 0 0 0 0 0 0 1 
0 0 0 0 0 1 0 0 0 0 
0 0 0 1 0 0 0 0 0 0 
0 0 0 0 0 0 0 1 0 0 
0 0 0 1 0 0 0 0 0 0 
0.4094 0.293492 0 0 0 0 0 0 0.297108 0 
0 0 0 0.478777 0 0 0 0 0 0.521223 
0 0 1 0 0 0 0 0 0 0 
0 0 0 0 0 0 1 0 0 0 
0 0 0 1 0 0 0 0 0 0 
0 0 0 1 0 0 0 0 0 0 
0 0 0 0 0 0 0 0 1 0 
0 0 0 0 0 0 1 0 0 0 
0 1 0 0 0 0 0 0 0 0 
0 0 0 0 1 0 0 0 0 0 
0 0 0 0 0 0 0 0 0 1 
0 0 0 0 0 1 0 0 0 0 
0 0 0 0 0 0 0 0 0 1 
0 0 0 0 0 0 0 0 1 0 
0 0 0 1 0 0 0 0 0 0 
0 0 0 0 0 0 0.571692 0 0 0.428308 
0 0 0 0 0 0 1 0 0 0 
0 0 0 1 0 0 0 0 0 0 
0 1 0 0 0 0 0 0 0 0 
0 0 0 0 0 0 1 0 0 0 
0 0 0 0 0 0 1 0 0 0 
0 0 0 0 0 0 1 0 0 0 
1 0 0 0 0 0 0 0 0 0 
0 0 0 0 0 0 0 0 1 0 
0 0 0 0 0 1 0 0 0 0 
0 1 0 0 0 0 0 0 0 0 
0 0 0 0 0 0 0 0 1 0 
1 0 0 0 0 0 0 0 0 0 
0 0 0 0 0 1 0 0 0 0 
0 0 0 0 0 1 0 0 0 0 
0 0 0 0 0 0.508219 0 0 0 0.491781 
0 0 0 0 0.637598 0 0.362402 0 0 0 
0 0 0 0 0 0 1 0 0 0 
0 0 0 0 1 0 0 0 0 0 
0 0 0 0 0 0 0 1 0 0 
0 0.345547 0 0 0 0 0 0 0 0.654453 
0.10268 0 0.600367 0 0 0.296953 0 0 0 0 
0 0 0 0 0 0 0 0 0 1 
0 0.752131 0 0 0 0 0 0 0.247869 0 
0 0 0 0 1 0 0 0 0 0 
0 1 0 0 0 0 0 0 0 0 
0 1 0 0 0 0 0 0 0 0 
0 1 0 0 0 0 0 0 0 0 
0 0 0 0 0 0 0 0 1 0 
1 0 0 0 0 0 0 0 0 0 
0 0 0 0 0 0 1 0 0 0 
0 0 0 0 0 0 0 1 0 0 
0 0 0 0 0 1 0 0 0 0 
1 0 0 0 0 0 0 0 0 0 
0 0 1 0 0 0 0 0 0 0 
0 0 0.372931 0.627069 0 0 0 0 0 0 
0 0 1 0 0 0 0 0 0 0 
0 0 1 0 0 0 0 0 0 0 
0 0 0 0 0 0 0 1 0 0 
1 0 0 0 0 0 0 0 0 0 
1 0 0 0 0 0 0 0 0 0 
0 0 0 0 0 0 1 0 0 0 
0.341986 0 0.658014 0 0 0 0 0 0 0 
0 0 1 0 0 0 0 0 0 0 
0 0 0 0 0 0 1 0 0 0 
0 0 0 1 0 0 0 0 0 0 
0 0 1 0 0 0 0 0 0 0 
0 0 0 0 0 1 0 0 0 0 
0 0 0 0 0 1 0 0 0 0 
0.127078 0 0 0 0 0 0 0 0 0.872922 
0 0 0 1 0 0 0 0 0 0 
0 0 1 0 0 0 0 0 0 0 
0 0 0 0 0 0.496121 0.503879 0 0 0 
0 0 0 0 0 0 0 1 0 0 
0 0 0 0 0 0 0 0 1 0 
0 0 0 0 1 0 0 0 0 0 
0 0 0 0 0 0 0 0 0 1 
0 0 0 0 0 0 0 0 0 1 
1 0 0 0 0 0 0 0 0 0 
0 0 0 1 0 0 0 0 0 0 
0 0 0 0 0 1 0 0 0 0 
0 0 0 0 0 0 0 0 0 1 
0 0 0 0 0 0 0 0 1 0 
0 0 0 0 0 0 1 0 0 0 
0 0 0 0 0 0 0 0 0 1 
0 0 1 0 0 0 0 0 0 0 
0 0 0 0 0 0 0 1 0 0 
0 0 0 0 0 0 0 0.444174 0.555826 0 
0 0 0 0 0 0 0 0 0 1 
0 0 0 0 0 0 0 1 0 0 
0 0 0 0 1 0 0 0 0 0 
0 0 0 0 0 0 1 0 0 0 
0 0 0.384296 0 0.615704 0 0 0 0 0 
0 0 0 0 0 0 1 0 0 0 
0 0 0 0 0 0 0 0 0 1 
0 1 0 0 0 0 0 0 0 0 
0 0 0 0 0.559544 0 0.108863 0 0.331593 0 
0 0 0 1 0 0 0 0 0 0 
0 0 0 0 0 1 0 0 0 0 
0 0 0 0 0 0 0 0 0 1 
0 0 0 0 0 0 1 0 0 0 
0 0 0 0 0 0 0 0 1 0 
0 0 0 0 0 0 1 0 0 0 
0 0 0 0 0 0 0 0 1 0 
0.240359 0.443315 0 0.316326 0 0 0 0 0 0 
0 0 0 0 0.468149 0 0 0 0.531851 0 
0 0 0 0 0 0 0 0 0 1 
0 1 0 0 0 0 0 0 0 0 
0 0 0 0 0 0 0 0 1 0 
0 0 0 0 0 0 0 0 1 0 
0 0 0 0 0 0 0 1 0 0 
0 0 1 0 0 0 0 0 0 0 
0 1 0 0 0 0 0 0 0 0 
0 0 0 0 0 0 0 0 1 0 
0 0.460559 0 0 0 0 0.539441 0 0 0 
0 0 0.391968 0 0 0 0 0 0.608032 0 
0 0 0 0 0 0 0 0 0 1 
0 0 0 0 0 0 0 1 0 0 
0 0 0 0 0 0 0 0 1 0 
0 0 0 1 0 0 0 0 0 0 
0 0 1 0 0 0 0 0 0 0 
1 0 0 0 0 0 0 0 0 0 
0 0 0 0 0 0 0 0 0 1 
0 0 0 0 0 0 1 0 0 0 
1 0 0 0 0 0 0 0 0 0 
0 0 0 0 0 1 0 0 0 0 
0 0 0 0 1 0 0 0 0 0 
0 1 0 0 0 0 0 0 0 0 
0 0 0 0.778996 0.221004 0 0 0 0 0 
0 0 1 0 0 0 0 0 0 0 
0 0 0 0 0 0 0 0 1 0 
0 0 0 0 1 0 0 0 0 0 
0 0 0 0 0 0 1 0 0 0 
0 0 0 0 0 1 0 0 0 0 
0.441908 0 0 0 0 0 0 0.558092 0 0 
0 0 0 0 0 0 1 0 0 0 
0 0 0 0 0.58038 0 0.41962 0 0 0 
0 0 1 0 0 0 0 0 0 0 
0 0 0.390584 0 0 0 0 0 0.609416 0 
0 0 0 0 0.644574 0 0 0 0.355426 0 
0 0 0 1 0 0 0 0 0 0 
0 0 0 0 0 0 1 0 0 0 
0 0 0 0 0 0 0 0 1 0 
0 0.357733 0 0 0.642267 0 0 0 0 0 
0 0 0 0 0 0 0 0 0 1 
0 0 0 0 1 0 0 0 0 0 
0 0 1 0 0 0 0 0 0 0 
0 0 0 0 0 0 1 0 0 0 
1 0 0 0 0 0 0 0 0 0 
0 0 1 0 0 0 0 0 0 0 
0 0 0 0 0 0 0 0 0 1 
0 0.578286 0 0 0 0 0 0 0 0.421714 
0 0 0 0 0 1 0 0 0 0 
0 0 1 0 0 0 0 0 0 0 
1 0 0 0 0 0 0 0 0 0 
0 0 0.721501 0.278499 0 0 0 0 0 0 
0 0 0 0 0 0 1 0 0 0 
0 0 1 0 0 0 0 0 0 0 
0 0 0 0 0 0 0 1 0 0 
0 0 0 0 0 0 0 0 1 0 
0 0 0 0 1 0 0 0 0 0 
0 0 0 0 1 0 0 0 0 0 
0 1 0 0 0 0 0 0 0 0 
0 0 0 0 0 0.412979 0.587021 0 0 0 
0 0 1 0 0 0 0 0 0 0 
0 1 0 0 0 0 0 0 0 0 
0 0 0 0 0 0 0 1 0 0 
0 0 0 0 0 0 0 0 1 0 
0 0 0.280345 0.719655 0 0 0 0 0 0 
0 0 0 0 0 0 1 0 0 0 
0 0 0 0 0 0 0 1 0 0 
0 0 0 0 0 0 0 1 0 0 
0 0 0 0 0 0 0 1 0 0 
0 0 0 0 0 0 0 0 1 0 
0 0 0 0 0 0 0 0 1 0 
0 1 0 0 0 0 0 0 0 0 
0 0 0 0.531847 0 0 0 0 0.468153 0 
0 0 0 0 0 0 0 0 0 1 
0 0 0.402112 0 0 0.597888 0 0 0 0 
0 0 0 1 0 0 0 0 0 0 
0 0 0 1 0 0 0 0 0 0 
1 0 0 0 0 0 0 0 0 0 
0 0 0 0 0 0 1 0 0 0 
0 0 1 0 0 0 0 0 0 0 
0 0 0 0 0.430878 0 0 0 0.569122 0 
0 0 1 0 0 0 0 0 0 0 
0 0 0 0 0 0 0 0 1 0 
0 0 0 0 0 0 0 0 0 1 
0 0.799831 0 0 0 0 0 0.200169 0 0 
0 0.666593 0 0 0 0 0 0 0 0.333407 
0 0 0 1 0 0 0 0 0 0 
0 0 0.55242 0 0 0 0 0.44758 0 0 
0 0 0.42816 0 0 0 0 0 0.57184 0 
0 0 0 1 0 0 0 0 0 0 
0 0.208622 0 0 0 0 0.791378 0 0 0 
0 0 1 0 0 0 0 0 0 0 
0 0 0.406783 0 0 0 0.593217 0 0 0 
1 0 0 0 0 0 0 0 0 0 
1 0 0 0 0 0 0 0 0 0 
0 0 0 0 0 0 0 0.626682 0.373318 0 
0 0 1 0 0 0 0 0 0 0 
0 0 0 0 0 1 0 0 0 0 
0 0 0 0 0 0 0 0 0 1 
0 0 0 0 0 0 0 0 1 0 
0 1 0 0 0 0 0 0 0 0 
0 0 0 0 0 0 0 0 0 1 
0 0 1 0 0 0 0 0 0 0 
0 0 0 0 0 0 0 1 0 0 
0 0 0 1 0 0 0 0 0 0 
0 0 0 0 0 1 0 0 0 0 
0 0 0 0 0 0 0 1 0 0 
1 0 0 0 0 0 0 0 0 0 
0 0 0 0 0 0 0 0 0 1 
0 0 0.35075 0 0 0 0 0.64925 0 0 
0 0 0 0 1 0 0 0 0 0 
0.56219 0 0 0 0 0 0 0 0.43781 0 
0 0 0 0 1 0 0 0 0 0 
0 0 0 0 0 0 0 0 1 0 
0 0 0 0 0 0 0 0 1 0 
0 0 0 0 1 0 0 0 0 0 
0 0 0 0 0 0 1 0 0 0 
0 0 0 0 0 1 0 0 0 0 
0 0 0 0 0 0 1 0 0 0 
0.735672 0 0 0.264328 0 0 0 0 0 0 
0 0 0 1 0 0 0 0 0 0 
1 0 0 0 0 0 0 0 0 0 
0 0 1 0 0 0 0 0 0 0 
0.16409 0 0 0 0 0 0.685133 0 0.150777 0 
0 1 0 0 0 0 0 0 0 0 
1 0 0 0 0 0 0 0 0 0 
0 0 0 1 0 0 0 0 0 0 
0 0 0 0.651174 0 0 0.348826 0 0 0 
0 0 0 1 0 0 0 0 0 0 
0 1 0 0 0 0 0 0 0 0 
0 0 0 0 0 0 0 0 1 0 
0 0.405456 0 0 0 0 0 0 0 0.594544 
1 0 0 0 0 0 0 0 0 0 
0 0 0 1 0 0 0 0 0 0 
0 0 0 0 0 0 0 0 0 1 
0 0.598744 0 0 0 0 0.401256 0 0 0 
0 0 0 0 0 0 0 0 0 1 
0 0 1 0 0 0 0 0 0 0 
0 0 0 0 0 0 0 1 0 0 
0 0 1 0 0 0 0 0 0 0 
0 1 0 0 0 0 0 0 0 0 
0 0 0.482984 0 0 0.517016 0 0 0 0 
0 0 0 1 0 0 0 0 0 0 
0 0 1 0 0 0 0 0 0 0 
0.691255 0 0 0 0 0 0 0 0 0.308745 
0 0 0 0 0 0 0 0 1 0 
0 0 0 0 0 0 0 0 0 1 
0 0 0 1 0 0 0 0 0 0 
0 0 0 0 0 0 0.448585 0.551415 0 0 
0 0 0 0 0 1 0 0 0 0 
0 1 0 0 0 0 0 0 0 0 
0 0 0 0 0 0 0 0 1 0 
0 0 0 0 0 0 0 0 1 0 
0 0.392197 0.306817 0 0 0 0 0.300986 0 0 
0 0 0 0 1 0 0 0 0 0 
0 0 0 0 0.463683 0 0 0 0.536317 0 
0 0 0 0 0 0 0 0 1 0 
1 0 0 0 0 0 0 0 0 0 
0 0 0 0 0 0 0 0 0 1 
0 0 0 0 0 0 0 0 1 0 
0 0 0 0 0 0 1 0 0 0 
0 0 0 0 0 0 0 0 0 1 
0 0 0 0 0.409909 0 0 0.590091 0 0 
0 0 0 0 0.753063 0 0 0.246937 0 0 
1 0 0 0 0 0 0 0 0 0 
1 0 0 0 0 0 0 0 0 0 
0 1 0 0 0 0 0 0 0 0 
0 0 0 1 0 0 0 0 0 0 
1 0 0 0 0 0 0 0 0 0 
0 0 0 0 0 1 0 0 0 0 
1 0 0 0 0 0 0 0 0 0 
0 1 0 0 0 0 0 0 0 0 
1 0 0 0 0 0 0 0 0 0 
1 0 0 0 0 0 0 0 0 0 
0 0 0 0 1 0 0 0 0 0 
1 0 0 0 0 0 0 0 0 0 
0 0 0 0 0 0 0.78261 0 0.21739 0 
0 0 0 0 0 0 1 0 0 0 
0 0 0 1 0 0 0 0 0 0 
0 0 0 0 0 0 0 1 0 0 
0 1 0 0 0 0 0 0 0 0 
0 0 0 0 0 0 1 0 0 0 
0 0 0 0 0 0 1 0 0 0 
0 0 0 1 0 0 0 0 0 0 
0 0 0 0 0 0.830365 0 0 0 0.169635 
0 0.676462 0 0 0 0.323538 0 0 0 0 
0 0 0 0 0 0 0 0 0 1 
0 0 0 0 1 0 0 0 0 0 
0 0 0 0 0 1 0 0 0 0 
1 0 0 0 0 0 0 0 0 0 
0 0 0 0 1 0 0 0 0 0 
0 1 0 0 0 0 0 0 0 0 
0 1 0 0 0 0 0 0 0 0 
0 0 0 1 0 0 0 0 0 0 
0 0 0 0 0 0 0 0 0 1 
0 0 0 0 0 0 0 0 1 0 
0 0 0 0 0 0 0 0 1 0 
0 0 0.460258 0 0.399539 0 0.140203 0 0 0 
0 0 0 0 0.138092 0.861908 0 0 0 0 
0 1 0 0 0 0 0 0 0 0 
0 0 0 0 0 0 1 0 0 0 
0 0 0 0 0 0.525216 0.474784 0 0 0 
0 0 0 0 0 0 0 1 0 0 
0 0 0 0 0 0 1 0 0 0 
0 0 0 0 0 1 0 0 0 0 
0 0 0 1 0 0 0 0 0 0 
0 0 0 0 0 0 0 0 1 0 
1 0 0 0 0 0 0 0 0 0 
0 0.662283 0.337717 0 0 0 0 0 0 0 
0 0 0 0 1 0 0 0 0 0 
0 0 0 0 0 1 0 0 0 0 
0 0 1 0 0 0 0 0 0 0 
0 0 0 0 0 0 0 0 0 1 
0 0 0 0 0 0 0 0 1 0 
0 0 0 0 1 0 0 0 0 0 
0 0 0 0 1 0 0 0 0 0 
0 0 0 0 1 0 0 0 0 0 
0 0 0 0 0 0 0 1 0 0 
0 1 0 0 0 0 0 0 0 0 
0 0 0 0 1 0 0 0 0 0 
0 1 0 0 0 0 0 0 0 0 
0 0 0 0 0 0 1 0 0 0 
0 0 1 0 0 0 0 0 0 0 
1 0 0 0 0 0 0 0 0 0 
1 0 0 0 0 0 0 0 0 0 
0 0.528586 0 0 0 0 0 0.471414 0 0 
0 0 0 0 0 0 0 0 1 0 
0 0 0 0 0 0 0 0 0 1 
0 0 0 0 0 0.432139 0 0.567861 0 0 
0 0 1 0 0 0 0 0 0 0 
0 0 0 0 0 0 0 0 1 0 
0 0 0 0 1 0 0 0 0 0 
0 0 0 0 0 0 0 0 1 0 
0 0 0 0 0 0.518147 0 0.481853 0 0 
0 0 0 0 0 1 0 0 0 0 
0 0 0 0 0 0 1 0 0 0 
0 0 0 0 0 0 0 1 0 0 
0 0 0 0 0 0 0 1 0 0 
0 0 0 0 0 0 0 0 0 1 
0 0 0 0 1 0 0 0 0 0 
0 0 0 1 0 0 0 0 0 0 
0 0 0 0 0 1 0 0 0 0 
0 0 0 1 0 0 0 0 0 0 
1 0 0 0 0 0 0 0 0 0 
0 0 0 1 0 0 0 0 0 0 
0 0 0 1 0 0 0 0 0 0 
0 0 0 0 0 0 0 0 0 1 
0 0.318857 0 0 0 0.681143 0 0 0 0 
0 0 0 0 0 0 0 0 0 1 
0 0 0 0.556334 0 0 0 0.443666 0 0 
1 0 0 0 0 0 0 0 0 0 
0 0 1 0 0 0 0 0 0 0 
0 0 0 0 0 0 1 0 0 0 
0 0 0 0.621118 0 0 0 0.378882 0 0 
0 0 0 0 0 0 0 0 1 0 
0 0 0 0 0 1 0 0 0 0 
0 0 0 0 1 0 0 0 0 0 
0 0 0 1 0 0 0 0 0 0 
0 0 0 0 0 0 1 0 0 0 
0 0 0 0 0 0 0 0 1 0 
0 0 0 0 0 0 1 0 0 0 
0 1 0 0 0 0 0 0 0 0 
0 0 0 0 0 0 0 0 1 0 
0 0 0 1 0 0 0 0 0 0 
0 0 0 0 0 0 0 1 0 0 
0 0 1 0 0 0 0 0 0 0 
0 0 0 1 0 0 0 0 0 0 
0 0 0 0 0 1 0 0 0 0 
0 0 0 0 0 1 0 0 0 0 
0 0 0 0 0 1 0 0 0 0 
0 0 0 0.541927 0.458073 0 0 0 0 0 
0 0 0 0 0 1 0 0 0 0 
0 0 1 0 0 0 0 0 0 0 
0 0 0 0 0 0 1 0 0 0 
0 0 0 1 0 0 0 0 0 0 
0 0 0 0 0 0 0 1 0 0 
0 0 0 0 0 0 1 0 0 0 
0 0 0 0 0 1 0 0 0 0 
0 0 0 0 0 1 0 0 0 0 
0 0 1 0 0 0 0 0 0 0 
0 0 0 0 0 0 0 0 1 0 
1 0 0 0 0 0 0 0 0 0 
1 0 0 0 0 0 0 0 0 0 
0 0 1 0 0 0 0 0 0 0 
