5 25
0.583961
0.322077
0.333276
0.314153
0.515175
10.525 0.342618
9.04126 1.45996
8.18441 1.48292
7.39547 0.3432
6.57624 1.40649
4.70029 2.7295
4.55219 3.74896
4.27761 3.72759
4.06471 2.51522
3.40937 4.07866
3.26677 4.57514
2.75677 4.04285
2.25725 4.11303
2.03944 5.12541
1.2382 5.93927
1.13862 7.06945
0.963234 5.2653
0.935494 7.24119
0.728075 7.12328
0.491034 8.2708
0.472441 8.96423
0.191302 9.29791
0.0946614 9.83851
0.0911276 10.0476
0.0806692 10.2459
0 0 0 1 0 
0 0 0 1 0 
0 0 0.673523 0.326477 0 
0 0 1 0 0 
0 0 0.67792 0 0.32208 
1 0 0 0 0 
1 0 0 0 0 
1 0 0 0 0 
0 0.189005 0 0.372148 0.438847 
1 0 0 0 0 
0 1 0 0 0 
0 0 0 0 1 
0 0 0 1 0 
0 1 0 0 0 
0 1 0 0 0 
0 1 0 0 0 
0 0 1 0 0 
1 0 0 0 0 
0 0 0.330937 0.669063 0 
1 0 0 0 0 
0 0 0 0 1 
0 0 0 1 0 
0 0 0 1 0 
1 0 0 0 0 
0 0 1 0 0 
