5 25
0.426378
0.353734
0.63012
0.604842
0.731263
10.8336 0.130869
10.1396 0.276346
9.7235 0.677809
6.61816 2.56112
6.24294 2.4022
6.21445 2.16088
5.96871 2.24992
5.94674 1.50985
5.54757 2.48072
5.1594 1.53496
4.82948 3.78782
4.01828 3.90847
3.11699 4.40327
2.45882 4.55733
2.29416 5.91341
1.89229 4.68753
1.3495 6.23837
0.959309 7.35585
0.784579 7.84401
0.0596913 11.2064
0.0442697 7.11518
0.0411994 7.27233
0.00850966 9.27778
0.00751941 11.0119
0.00422601 10.9602
0.380283 0.619717 0 0 0 
0 1 0 0 0 
1 0 0 0 0 
0 0 0 0.6641 0.3359 
0 0 0 1 0 
0 1 0 0 0 
1 0 0 0 0 
0 1 0 0 0 
1 0 0 0 0 
0 0 0 0 1 
0 0.425237 0 0.574763 0 
0 0 1 0 0 
0 0 0 0 1 
0 0 1 0 0 
0 0 0 1 0 
0 0 0 1 0 
0 0 0 0 1 
0.150835 0 0.849165 0 0 
0 0 0 0 1 
0 0 1 0 0 
0.272428 0.727572 0 0 0 
1 0 0 0 0 
1 0 0 0 0 
1 0 0 0 0 
0 1 0 0 0 
