10 150
0.608497
0.632176
0.693095
0.390569
0.339535
0.525403
0.362676
0.61605
0.468348
0.673158
10.7841 0.759096
10.2984 0.760799
10.2062 1.02123
10.1802 0.607993
9.95697 0.144851
9.66003 0.677309
9.4298 0.330412
9.03013 1.0153
8.64932 1.09225
8.59922 1.25404
8.39758 1.76519
8.17592 1.69541
8.16042 1.15156
7.90304 0.89486
7.84721 1.003
7.80964 0.980076
7.77825 1.13174
7.67575 1.38543
7.56807 1.58613
7.53956 0.233678
7.34181 0.403369
7.24844 0.548507
7.24712 1.45809
7.23258 0.255494
7.08611 2.55075
6.98089 0.78202
6.78677 1.32429
6.67752 2.81323
6.29715 0.95251
6.2899 2.12571
5.91961 2.17985
5.81265 2.23581
5.65083 1.8846
5.64008 1.56709
5.58969 1.24977
5.5218 3.65781
5.50839 3.15088
5.47835 2.01447
5.40328 2.2819
5.20008 2.45014
5.10349 2.6076
5.04755 1.75983
5.01979 4.21721
4.98684 3.88767
4.93629 4.22985
4.60693 3.96693
4.57068 2.58043
4.41267 3.67281
4.34666 3.05355
4.24235 3.42709
4.00834 4.01797
3.86415 3.15883
3.84575 4.32936
3.7517 4.08665
3.72887 2.93858
3.61133 3.52828
3.31237 3.39456
3.30689 3.67056
3.27276 4.6736
3.22179 3.65437
3.17873 4.49426
3.06161 4.54283
3.04974 3.53162
3.03051 4.2463
3.01022 4.42613
2.91489 4.0839
2.85681 4.2394
2.78414 4.22679
2.38441 5.18314
2.37765 5.31894
2.32931 4.8668
2.31981 6.47305
2.30698 5.03128
2.17684 5.42426
2.10849 5.0743
2.10787 4.23357
2.00982 4.88331
1.81113 6.65958
1.78855 3.90189
1.72914 4.7323
1.59993 5.08277
1.56322 6.53585
1.53428 7.27294
1.47945 6.20858
1.43468 7.77602
1.37979 4.53961
1.35201 6.35917
1.28815 7.27518
1.28578 6.43803
1.28106 6.0965
1.22372 4.7943
1.21926 7.86954
1.18806 5.20329
1.16626 5.71535
1.15713 5.96808
1.14103 6.70046
1.10866 4.77424
1.10722 6.84797
1.1024 6.94873
1.06208 8.7729
0.996174 8.01276
0.924529 8.14846
0.870477 6.81851
0.838458 5.96967
0.736074 5.9657
0.70399 8.03892
0.66807 7.62204
0.654916 6.02694
0.626101 7.648
0.623767 7.42525
0.616224 8.35313
0.608065 7.01174
0.600654 9.07603
0.519665 7.11964
0.493334 7.43887
0.491339 9.07291
0.456825 9.50482
0.451695 9.45367
0.416585 9.48196
0.399347 7.79402
0.37764 8.10369
0.350349 10.1926
0.327228 9.45513
0.303354 7.18024
0.290798 6.47487
0.276228 6.54805
0.246332 9.01473
0.232849 8.64355
0.224583 9.53398
0.199266 10.2282
0.175473 7.78836
0.149802 7.91711
0.143705 9.14194
0.131278 8.88581
0.112681 7.84145
0.108619 10.6402
0.102813 9.38554
0.092123 9.56012
0.0820618 7.41086
0.0803514 10.721
0.0791192 10.9542
0.0582898 8.16659
0.0439722 7.71344
0.0305842 9.41187
0.0234774 10.4194
0.0205259 10.1852
0.0196627 9.79673
0.0170505 9.31344
0.00429367 9.12975
0.00211202 11.2809
0 0 0 0 1 0 0 0 0 0 
0 0 0 0 0 0 0 1 0 0 
0 0 1 0 0 0 0 0 0 0 
0 0 0 0 0 0 0 0 1 0 
0 0 0 0.635469 0 0 0 0 0.364531 0 
0 0 0 0 0 1 0 0 0 0 
0 0 0 0 0 1 0 0 0 0 
0 0 0 0 1 0 0 0 0 0 
0 0 0 0 1 0 0 0 0 0 
0 0 0 0 0 0 1 0 0 0 
0 0 0 0 1 0 0 0 0 0 
0 0 0 0 0 0 0 0 1 0 
0 0 0 0 0 0 0 1 0 0 
1 0 0 0 0 0 0 0 0 0 
0 0 0 0 1 0 0 0 0 0 
0 0 0 0 0 0 1 0 0 0 
0 0 0.366778 0 0 0 0 0 0 0.633222 
0 0.624228 0 0 0 0 0 0 0.375772 0 
0 1 0 0 0 0 0 0 0 0 
0.564466 0 0 0 0.435534 0 0 0 0 0 
0 0 0 0 0 0 0.805305 0 0 0.194695 
0 0 0 0 0 0 0 0 1 0 
0 0 0.573576 0 0 0 0 0.426424 0 0 
0 0 1 0 0 0 0 0 0 0 
1 0 0 0 0 0 0 0 0 0 
0 1 0 0 0 0 0 0 0 0 
0 1 0 0 0 0 0 0 0 0 
0 0 0 0 0 0 0 1 0 0 
0 0 0 1 0 0 0 0 0 0 
0 0 0 0 0 0.372455 0.627545 0 0 0 
0 0 0 0 0 0 1 0 0 0 
0 0 0 0 0 0 0 1 0 0 
0.253772 0 0.0887798 0 0 0 0 0.362095 0.295354 0 
0 0 0 1 0 0 0 0 0 0 
0 0 0 0 0 0 0 0 1 0 
0 0 0 1 0 0 0 0 0 0 
0 0.654869 0 0 0.345131 0 0 0 0 0 
0 0 0 0 0 0 1 0 0 0 
0 0 0 0 1 0 0 0 0 0 
0 1 0 0 0 0 0 0 0 0 
0 0 0 0 0 0 0 0 1 0 
1 0 0 0 0 0 0 0 0 0 
0 0 1 0 0 0 0 0 0 0 
0.494749 0 0 0 0 0 0 0.505251 0 0 
0 0 0 0 0 1 0 0 0 0 
0 0 0 1 0 0 0 0 0 0 
0 0 0 0 0 0 0 1 0 0 
0 1 0 0 0 0 0 0 0 0 
0 0 0 0 0 0 0 0 0 1 
0 0 0 0 1 0 0 0 0 0 
0 0 0 0 0 0 0 0 0 1 
0 1 0 0 0 0 0 0 0 0 
0 0 0 0 0 0 0 0 0 1 
0 0 0 0 0 0 0 0 0 1 
0 0 0 0 0 0 0 1 0 0 
0 0.165463 0 0 0 0 0 0.443736 0 0.390801 
0 0 0 0.669868 0 0 0 0 0.330132 0 
0 0 0 0 1 0 0 0 0 0 
0 0 0 0 0 0 0 1 0 0 
0 1 0 0 0 0 0 0 0 0 
0 0 0 0 0 0 0 1 0 0 
0 0 0 0 1 0 0 0 0 0 
0 0 0 0 0 0 1 0 0 0 
0 1 0 0 0 0 0 0 0 0 
1 0 0 0 0 0 0 0 0 0 
0 0 0 1 0 0 0 0 0 0 
0 0 0 1 0 0 0 0 0 0 
1 0 0 0 0 0 0 0 0 0 
0 0 0 1 0 0 0 0 0 0 
0 0 0 0 0 0 0.705644 0 0.294356 0 
0 1 0 0 0 0 0 0 0 0 
0 0 0 0 0 0 1 0 0 0 
0 0 0 0 0 0 0 0.345944 0 0.654056 
0 0.430796 0 0 0 0 0 0 0.569204 0 
0 0 0 0 1 0 0 0 0 0 
0 0 0 0 0 0 0 1 0 0 
0 0 0 0 0 0 0 0 1 0 
0 0 0 0.419866 0 0 0 0.580134 0 0 
0 0 0 0 0 0 1 0 0 0 
0 1 0 0 0 0 0 0 0 0 
0 0 0 0 1 0 0 0 0 0 
0 0 0 0 0 0 1 0 0 0 
0 0.416087 0 0 0 0 0.583913 0 0 0 
0 0 1 0 0 0 0 0 0 0 
0 0 0 0 0 0 0 1 0 0 
0 0 0 0 0 0 1 0 0 0 
0 0 0 0 0 0 0 0 1 0 
0 0 0 1 0 0 0 0 0 0 
0 0 0 0 1 0 0 0 0 0 
0 1 0 0 0 0 0 0 0 0 
0 0 0 0 0 0 0 0 1 0 
1 0 0 0 0 0 0 0 0 0 
0 0 0 0 0 0 0 0 0 1 
0 0 1 0 0 0 0 0 0 0 
0 0 0 0 0 0 1 0 0 0 
0 0 0.402832 0 0.597168 0 0 0 0 0 
0 0 0 0 0 0 0 0 0 1 
0 0 0 0 0 0 0 0 0 1 
0 0 0 0 1 0 0 0 0 0 
0 0 0 0 0 0 1 0 0 0 
0 0.351025 0.648975 0 0 0 0 0 0 0 
1 0 0 0 0 0 0 0 0 0 
0 0 0 0 0 1 0 0 0 0 
0 0.202493 0 0 0 0 0.797507 0 0 0 
0 0 0.178334 0 0 0 0 0 0 0.821666 
0 0 0 0 0 0 0 0 1 0 
0 0 0 0 0 0.685734 0 0.314266 0 0 
0 0 0 0 1 0 0 0 0 0 
0 0 0 0 0 0 0 1 0 0 
1 0 0 0 0 0 0 0 0 0 
1 0 0 0 0 0 0 0 0 0 
0 0 0 0.446969 0.553031 0 0 0 0 0 
0 1 0 0 0 0 0 0 0 0 
0 1 0 0 0 0 0 0 0 0 
0 0 0 0 0 1 0 0 0 0 
0 0 0 0 0 0 0 1 0 0 
1 0 0 0 0 0 0 0 0 0 
0 0 0 0 0 0 0 1 0 0 
0 0 0 1 0 0 0 0 0 0 
0 0 0 0 0 0 1 0 0 0 
0 1 0 0 0 0 0 0 0 0 
1 0 0 0 0 0 0 0 0 0 
0 0 0 0 0.442184 0 0 0 0.557816 0 
0.544496 0 0.24111 0 0 0 0 0 0.214394 0 
0 1 0 0 0 0 0 0 0 0 
0 0 0 0 0 1 0 0 0 0 
0 0 0 0 0 1 0 0 0 0 
0 0 1 0 0 0 0 0 0 0 
0 0 0 1 0 0 0 0 0 0 
0 0 1 0 0 0 0 0 0 0 
0 1 0 0 0 0 0 0 0 0 
0 0 0 0 0 0 1 0 0 0 
0 0 0 0 0 0 0 0 0 1 
0 0 0 0 0 0 0.502544 0 0.497456 0 
0 0 0 0 0 0 0 0 1 0 
0 0 0 0 0 1 0 0 0 0 
0 0 0 0 0 0 0 0 0 1 
0 0 0 0 0 0 0 1 0 0 
0 0 0 0 0 0 0 0 0 1 
0 0 0 0 1 0 0 0 0 0 
0 0 1 0 0 0 0 0 0 0 
0 0 1 0 0 0 0 0 0 0 
0 0 0 0 0 0 0 0 0 1 
0 0 0 0 0 1 0 0 0 0 
0 0 0 0 0 0 0 0 1 0 
0 0 0 1 0 0 0 0 0 0 
0 0 0 0 0 0 0 0 0 1 
0 0 1 0 0 0 0 0 0 0 
0 0 0 0 1 0 0 0 0 0 
0 1 0 0 0 0 0 0 0 0 
