5 50
0.625831
0.500779
0.588928
0.582691
0.357206
11.5153 0.223048
11.2816 0.240916
11.1671 0.615865
10.5372 0.514371
10.3776 0.803375
9.46416 0.873473
9.33127 1.13715
8.5023 1.11536
7.92279 0.477189
7.65025 1.73499
7.3009 0.800963
6.0195 2.21554
5.78923 2.24311
5.41596 3.96044
5.2958 2.40249
5.19883 3.21144
5.07984 3.8096
4.9306 2.89599
4.77025 3.69679
4.65112 2.82506
4.08594 3.56278
3.99505 2.27553
3.98818 3.4471
3.75033 3.42152
3.65301 3.65311
3.52619 3.6608
3.2598 4.55955
2.56435 5.62555
2.46125 4.04819
2.42331 3.97705
2.24581 4.41379
2.21646 5.57776
1.89174 5.575
1.65525 5.87929
0.605041 5.92811
0.506952 8.73824
0.483205 8.15401
0.379415 9.96729
0.375841 9.66272
0.37366 9.30442
0.157622 8.74647
0.156913 8.15429
0.150161 9.84887
0.0969105 9.5039
0.0951507 10.9671
0.0718288 7.61207
0.0633605 9.22251
0.031807 11.3149
0.0257576 11.3306
0.0225534 7.2314
0 0 0 1 0 
0 0 1 0 0 
0 0.348025 0.651975 0 0 
0 0 0.249457 0 0.750543 
1 0 0 0 0 
0 0 0 0 1 
0 0 0 1 0 
0 0 1 0 0 
0 0 0 0 1 
1 0 0 0 0 
0 0 0.744784 0.255216 0 
0 0 0 0 1 
0 1 0 0 0 
0 0 0 0 1 
1 0 0 0 0 
0 0 0 1 0 
1 0 0 0 0 
1 0 0 0 0 
0 0 1 0 0 
0 0 0 1 0 
0 0 0 1 0 
0 0 0 0 1 
0 1 0 0 0 
0 0 1 0 0 
0 0 0 0 1 
0 0 0 1 0 
0 0 1 0 0 
0 0 0 0.539698 0.460301 
0 1 0 0 0 
0 0.325333 0 0 0.674667 
0 0 0.275974 0.724026 0 
0 1 0 0 0 
0 1 0 0 0 
1 0 0 0 0 
0 0 0 1 0 
0 0 1 0 0 
0 0.310933 0 0 0.689067 
0 0 0 0 1 
0 0 0 0 1 
0 0 0 0 1 
1 0 0 0 0 
0 0.420187 0.579813 0 0 
0 1 0 0 0 
0 0 1 0 0 
0 0 0 1 0 
1 0 0 0 0 
0 0 0 0.755928 0.244072 
1 0 0 0 0 
0 0 1 0 0 
0.522615 0.477385 0 0 0 
