10 150
0.257537
0.580555
0.451787
0.544745
0.616441
0.3536
0.258554
0.631982
0.530664
0.329002
11.1147 0.383412
10.9011 0.151141
10.3478 0.421339
10.1435 1.14338
9.93132 0.953555
9.89757 0.742115
9.77866 0.261273
9.74642 0.885169
9.34322 0.963837
8.61926 0.152436
8.50792 0.630065
8.32586 0.990502
7.83401 0.414132
7.76393 0.949538
7.50098 0.580198
7.47471 1.69534
7.44954 1.97202
7.34338 0.440991
7.32451 0.421597
7.26511 2.0443
7.14855 0.69099
7.0398 2.09354
6.86747 1.40667
6.80384 0.979831
6.79258 2.96727
6.48055 1.54465
6.40399 0.849918
6.36964 2.33242
6.32207 2.92134
6.21646 1.15938
6.20584 1.11982
5.97632 1.38848
5.89137 2.23865
5.84798 3.01373
5.72287 1.4863
5.64401 2.27469
5.44535 2.84286
5.42869 3.38652
5.0971 4.06273
5.05378 1.5989
4.93652 2.59027
4.8462 4.14324
4.84602 2.32288
4.82034 2.97075
4.73461 2.00627
4.48359 3.00258
4.4781 4.47276
4.46638 4.48293
4.46051 2.03625
4.42934 3.23342
4.4079 2.29904
4.39022 3.96497
4.37901 2.20451
4.23477 2.34303
3.9984 4.1917
3.64008 3.46882
3.55343 4.03924
3.46773 3.91323
3.37549 4.20344
3.28809 4.73122
3.23572 3.29206
3.21446 5.35445
3.17059 4.38566
3.09594 3.12735
3.05911 3.97929
2.98298 4.39407
2.85082 4.76371
2.84904 3.97338
2.81719 3.75669
2.80964 3.91373
2.78994 5.28986
2.7688 4.20671
2.6704 5.89722
2.65985 4.00663
2.65718 6.49856
2.65621 3.72211
2.63646 4.20448
2.56353 3.46459
2.53352 3.79494
2.47342 5.61328
2.40417 4.32314
2.24483 5.52111
2.23504 4.99172
2.21873 6.1704
2.16378 5.15434
2.16136 4.51169
2.10718 4.09275
2.08262 5.74756
2.01542 4.28594
2.00765 6.15291
1.90169 4.87295
1.75117 5.00785
1.67797 5.17626
1.6631 6.99449
1.5115 6.32989
1.50737 5.99711
1.48405 7.9382
1.46519 7.59866
1.41962 6.68231
1.41763 5.98667
1.31219 7.39341
1.26894 6.38797
1.20343 7.91804
1.19359 6.05176
1.1606 8.04197
1.14007 4.72945
1.06456 7.32685
1.00902 6.45552
1.00746 6.83267
0.981716 6.88379
0.944843 8.17166
0.928529 6.2484
0.926121 8.02804
0.913828 5.87929
0.90599 8.27323
0.854674 7.2389
0.845753 7.5392
0.829649 6.14105
0.761955 7.95917
0.747571 6.12805
0.665967 8.64989
0.638774 8.60892
0.595739 6.42766
0.540247 6.43496
0.50953 7.28296
0.48989 9.44552
0.486633 7.46563
0.411893 7.24135
0.410182 6.81659
0.34343 8.29481
0.342229 10.2852
0.336413 10.1427
0.318592 7.40721
0.286308 6.53689
0.241845 10.032
0.224934 8.89082
0.156593 9.98705
0.124579 7.51583
0.115293 8.89374
0.0979138 10.2145
0.0976403 9.88737
0.0946953 6.91949
0.0793656 9.5101
0.0498393 10.1896
0.0284616 10.7732
0.0206944 7.16016
0.0096365 9.65418
0.00199764 11.4647
0.00173469 7.67885
0.0011874 10.1684
0 0 0 0 0 0 0 1 0 0 
0 0 0 0 0 0 1 0 0 0 
0 0 0 0 0 0 0 1 0 0 
0 0 0 0 0 1 0 0 0 0 
1 0 0 0 0 0 0 0 0 0 
0 0 1 0 0 0 0 0 0 0 
0 0 1 0 0 0 0 0 0 0 
0 0 0 1 0 0 0 0 0 0 
1 0 0 0 0 0 0 0 0 0 
0 0 0 0 0 0 0 1 0 0 
0 0 0 0 0 1 0 0 0 0 
0 0 0 0 0 0 1 0 0 0 
0 0 0 0 0 0 0 1 0 0 
0 1 0 0 0 0 0 0 0 0 
0 0 0 0 0 0 0 0 0 1 
0 0 0 0 1 0 0 0 0 0 
1 0 0 0 0 0 0 0 0 0 
0 0 0 0 0 0 0.563201 0 0 0.436799 
0 0 0 0 0 1 0 0 0 0 
1 0 0 0 0 0 0 0 0 0 
0 0 0 0 0 0 0 0 1 0 
0 0 0 0 0 0 0.423514 0 0.576486 0 
0 0 0 0 0 0 0 1 0 0 
0 0 1 0 0 0 0 0 0 0 
0 0 0 0 0 0 1 0 0 0 
0 0 0 0 0 1 0 0 0 0 
0 0 0 0 0 0 1 0 0 0 
0 0 0 0 0 0 1 0 0 0 
0 1 0 0 0 0 0 0 0 0 
0 0 0 0 0 0 0 0 1 0 
1 0 0 0 0 0 0 0 0 0 
0 0 0 0 0 0 0 1 0 0 
0 0 1 0 0 0 0 0 0 0 
0 0 0 0 0 0 0 0 0 1 
0 0 0 0 1 0 0 0 0 0 
0 0 0 1 0 0 0 0 0 0 
0 0 1 0 0 0 0 0 0 0 
0 0 0 0 1 0 0 0 0 0 
0 0 0 0 0 0 0 0 0 1 
0 0 0 0 0 0 0 1 0 0 
0 0 0 0 0 0 0 0.437609 0 0.562391 
0 0 0 0 0 0 0 1 0 0 
0 0 0 0 0 1 0 0 0 0 
0.428494 0 0 0 0 0 0 0 0.571506 0 
0 0.374675 0 0.260524 0.364801 0 0 0 0 0 
0 0 0 0 0 0 0 1 0 0 
0 0 0 0 0 0 0 0 0 1 
0 0 0 1 0 0 0 0 0 0 
0 0 0 0 0 0 0 1 0 0 
1 0 0 0 0 0 0 0 0 0 
0 0 1 0 0 0 0 0 0 0 
0 0 0 0 1 0 0 0 0 0 
0 0 0 0 1 0 0 0 0 0 
0 0.487645 0 0 0 0.372558 0 0.139797 0 0 
0 0 0 0 0 0 1 0 0 0 
0 0 0.348115 0 0 0 0 0 0 0.651885 
0 0 0 0 0 0 1 0 0 0 
0 0 0 0 0 0 0 0 0.213119 0.786882 
1 0 0 0 0 0 0 0 0 0 
0 0 0 0 0 0 0 0 1 0 
0 0 0 1 0 0 0 0 0 0 
0 0 0 0 0 1 0 0 0 0 
0 0 0 0 0 0 0 0 0 1 
0 0 0 0 0 1 0 0 0 0 
0 0.585852 0 0.414148 0 0 0 0 0 0 
0 0 0 0 0 0 0 0 1 0 
0 0.62175 0 0 0 0.37825 0 0 0 0 
0 0 0 0 0 0 0 0 0 1 
0 0 1 0 0 0 0 0 0 0 
0 0 0.355294 0 0 0 0 0 0 0.644706 
0 0 0 0 0 0.456871 0 0.543129 0 0 
0 0 1 0 0 0 0 0 0 0 
0.741121 0 0 0 0 0.258879 0 0 0 0 
0 0 0 0 0 1 0 0 0 0 
0 0 0 0 0 0.646958 0 0.353042 0 0 
0 0 0 0 0 0 0 0 0 1 
0 0 0 0 0 0 0 0 0 1 
0 0 0 0 1 0 0 0 0 0 
0 0 0 1 0 0 0 0 0 0 
0 0 0 0 0 0 1 0 0 0 
0 0 0 0 0 0 0 1 0 0 
0 0 0 0 0 0 0 0 0 1 
0 0 0 0 0 0 0 1 0 0 
0 0 0 1 0 0 0 0 0 0 
0 0 0 1 0 0 0 0 0 0 
0 0 0 0 0 0 0 0 1 0 
0 1 0 0 0 0 0 0 0 0 
0 0 0 0 0 1 0 0 0 0 
0 0 0.355412 0 0 0.644588 0 0 0 0 
0 0 0 1 0 0 0 0 0 0 
0 0 0 0 0 0.320039 0 0 0.679961 0 
0 1 0 0 0 0 0 0 0 0 
0 0 0 0.367649 0 0 0 0.632351 0 0 
0 0 0 0.833982 0.166018 0 0 0 0 0 
0 0 0 0 0 0 1 0 0 0 
0 0 0 0 0 1 0 0 0 0 
0 0.612206 0 0 0 0.387794 0 0 0 0 
0 1 0 0 0 0 0 0 0 0 
0 0 0 1 0 0 0 0 0 0 
0 0 0 1 0 0 0 0 0 0 
0 0.578248 0 0 0 0 0 0.421752 0 0 
0 0 0 0 0 0 0 0 0 1 
0 0 1 0 0 0 0 0 0 0 
0 0 0 0 0 1 0 0 0 0 
0 0 0 0 0.175751 0 0.824249 0 0 0 
0 0 0 0 0 1 0 0 0 0 
0 1 0 0 0 0 0 0 0 0 
0 0 0 0.449327 0 0 0 0 0.550673 0 
0 0 0 1 0 0 0 0 0 0 
0 0 0 0 0 0 0 0 0 1 
0 0 0 1 0 0 0 0 0 0 
0 0 0 1 0 0 0 0 0 0 
1 0 0 0 0 0 0 0 0 0 
0 0 1 0 0 0 0 0 0 0 
1 0 0 0 0 0 0 0 0 0 
0 0 1 0 0 0 0 0 0 0 
0 0 0 0 0 0 0 0.223512 0.776489 0 
0 0 0 0 0 0 0 1 0 0 
0 0 0 0 0 0 1 0 0 0 
0 0 0 0 1 0 0 0 0 0 
0 0 1 0 0 0 0 0 0 0 
0.212718 0 0 0 0 0 0.344831 0.442451 0 0 
0 0 0 0 0 0 0 0.462418 0 0.537582 
0 0 0 1 0 0 0 0 0 0 
0 0 0 0 0 0 1 0 0 0 
1 0 0 0 0 0 0 0 0 0 
0 0 0 0 0 0 0 0 1 0 
1 0 0 0 0 0 0 0 0 0 
0 0 0 0 0 0 0 0 1 0 
0 0 1 0 0 0 0 0 0 0 
0 0 0 0 0 0 0 0 1 0 
0 0 0 0 0 0 0 1 0 0 
0 0 0 0 0 0 1 0 0 0 
0 0 0 0 0 0.547303 0 0 0 0.452697 
0 0 0 0 0 0 0 0 1 0 
0 0 0 0 0 0 1 0 0 0 
1 0 0 0 0 0 0 0 0 0 
0 0 0 0 1 0 0 0 0 0 
0 0 0 0 0 0 1 0 0 0 
0 0 0 0 0 0 0 0 1 0 
0 1 0 0 0 0 0 0 0 0 
0 0 0 0 1 0 0 0 0 0 
0 1 0 0 0 0 0 0 0 0 
0 0 0 0 0 0 0 0 1 0 
0 0 0 0 0 0 0 0.184482 0.815518 0 
1 0 0 0 0 0 0 0 0 0 
0 0 0 0 0 1 0 0 0 0 
0 1 0 0 0 0 0 0 0 0 
0 0 0 1 0 0 0 0 0 0 
0 0 0 0 1 0 0 0 0 0 
