5 200
0.31963
0.712248
0.577528
0.422437
0.549182
11.5223 0.418463
11.1482 0.15215
10.9462 0.150002
10.3331 0.50438
9.91224 0.52622
9.87125 0.335805
9.61915 1.30117
9.06754 0.27921
8.86542 0.59249
8.81312 0.151704
8.51779 0.743317
8.50366 1.01277
8.48993 0.890708
8.02458 0.511336
7.90216 1.62021
7.88916 0.584199
7.87849 0.94442
7.85803 0.583017
7.73636 1.20664
7.54505 1.12925
7.53786 1.70974
7.53654 0.624654
7.2566 1.50463
6.98324 2.18911
6.93764 1.43999
6.90382 1.91067
6.85437 3.01423
6.68687 1.5391
6.67075 3.03595
6.4481 0.959416
6.25582 1.21771
6.2378 3.01072
6.2261 2.99279
6.19164 2.13174
6.12955 2.63751
6.01452 2.38122
5.90932 1.94968
5.80031 2.95549
5.74816 1.54445
5.64517 2.25413
5.51787 2.80839
5.32763 4.24195
5.27685 2.43649
5.26424 2.40896
5.21014 4.01082
5.11301 1.88815
5.07352 2.94542
5.07029 2.37979
4.95074 3.76362
4.87248 1.89685
4.85112 2.65817
4.82005 2.17418
4.65087 2.7897
4.56602 2.92404
4.53534 3.67493
4.53212 4.25864
4.49537 4.50006
4.327 2.54354
4.31991 2.63072
4.17307 3.37794
4.13792 3.41286
4.13735 4.19212
4.12615 2.60886
4.12525 2.9511
4.01378 4.86266
3.93674 3.38159
3.91626 3.50949
3.89656 3.022
3.8864 5.05142
3.85544 3.53035
3.81825 3.84713
3.80864 2.72178
3.80207 4.06844
3.78177 4.49529
3.76834 2.69141
3.68348 3.73864
3.53663 3.74453
3.52859 3.58106
3.50706 5.14296
3.44624 3.73729
3.43805 3.31208
3.4343 3.46428
3.33542 5.63341
3.22814 4.29885
3.1607 4.03901
3.16034 4.13565
2.98948 2.90982
2.90208 4.63666
2.71979 4.63316
2.68779 4.31107
2.56457 5.32063
2.55759 4.45012
2.51246 4.34045
2.50982 4.44636
2.37163 4.33363
2.36517 4.7849
2.2877 4.17221
2.25622 6.35994
2.22692 6.41463
2.19412 5.63344
2.17275 6.31813
2.16348 5.87677
2.16088 4.53033
2.10203 6.84545
1.97818 6.45625
1.91648 5.31291
1.87812 5.1764
1.86633 4.98904
1.82068 5.39365
1.80069 4.61799
1.79415 4.82427
1.79341 5.18911
1.79276 6.30798
1.75772 5.46973
1.7524 5.55683
1.7265 5.59498
1.57135 5.56218
1.49742 5.23304
1.47552 7.01504
1.46846 5.4596
1.46571 5.32234
1.42811 5.45551
1.37717 5.96036
1.34958 7.59847
1.33531 6.75506
1.32705 6.57878
1.31223 8.31031
1.29988 6.11874
1.21816 7.08487
1.19085 6.77271
1.14357 7.15781
1.11135 7.66855
1.09076 7.11578
1.08418 6.47173
1.07673 7.26709
1.05701 6.52755
1.02722 6.16385
0.961004 6.28132
0.88423 5.74945
0.855207 8.62391
0.822602 7.16648
0.81716 8.34285
0.794452 7.27934
0.792829 8.77454
0.771201 6.65444
0.758419 6.14639
0.726342 8.41985
0.697242 6.78311
0.689899 7.609
0.66805 8.03124
0.653594 5.76314
0.652305 6.38197
0.61838 6.80732
0.56374 7.8935
0.548648 9.24858
0.511066 8.34386
0.478771 9.37377
0.431969 8.84887
0.423932 7.68633
0.413063 7.68475
0.406101 6.44956
0.373868 7.98482
0.28472 6.41775
0.284291 10.2505
0.276531 8.91938
0.271001 10.0567
0.235284 7.93492
0.228511 9.70487
0.22297 6.84035
0.203167 9.15976
0.186042 8.90762
0.17545 8.3869
0.167373 8.20399
0.130342 6.81563
0.105054 8.462
0.0984383 8.50488
0.0651537 9.64132
0.0638626 10.1925
0.0578539 9.95138
0.0551167 10.7862
0.0503162 8.92336
0.0469396 7.78605
0.0403402 8.74674
0.0400281 7.97581
0.0262068 11.1364
0.0231922 10.655
0.0211233 8.40107
0.0199253 11.7787
0.0188194 8.25147
0.0163995 9.81583
0.0124886 11.6395
0.0111547 8.37901
0.010908 9.96237
0.00786664 8.64928
0.00232054 9.94664
0.00203702 11.2657
0.0018643 11.3299
0.00176027 8.6489
0.00167499 9.05509
0.00158262 10.1593
1 0 0 0 0 
0 1 0 0 0 
0 0 0.682143 0 0.317857 
0 0 0 1 0 
1 0 0 0 0 
0.540049 0 0.459951 0 0 
0 0 1 0 0 
1 0 0 0 0 
0 0 1 0 0 
0 0 1 0 0 
0.406924 0.593076 0 0 0 
0 0 0 0 1 
0 0 1 0 0 
0 0 0 1 0 
1 0 0 0 0 
0.395702 0 0 0.387588 0.21671 
0.711225 0 0 0.288775 0 
0 1 0 0 0 
0 0 1 0 0 
0 1 0 0 0 
0 0 0 0 1 
1 0 0 0 0 
0 0 0 0.283608 0.716392 
1 0 0 0 0 
0 0 0 1 0 
0 1 0 0 0 
0 1 0 0 0 
0 0 1 0 0 
0 0 0 1 0 
0 0.585815 0.414185 0 0 
0 0.397561 0.602439 0 0 
1 0 0 0 0 
0 0.464664 0 0.535336 0 
0 0 1 0 0 
0 0 1 0 0 
0 1 0 0 0 
0 0.739543 0 0 0.260457 
0 0 0 1 0 
0 0 0 0 1 
0 0 0 1 0 
0 1 0 0 0 
0 1 0 0 0 
0 1 0 0 0 
0 0 1 0 0 
0 0 0 0 1 
0 0 0 1 0 
0 0 0 0 1 
1 0 0 0 0 
0 0.332207 0.667793 0 0 
0 0 0 0 1 
0 0 0.713991 0.286009 0 
0 1 0 0 0 
0 0 0 0 1 
0 1 0 0 0 
0 0 0 0 1 
1 0 0 0 0 
0.363579 0 0 0.636421 0 
0 0 0 0.613924 0.386076 
0.493955 0.506045 0 0 0 
0 1 0 0 0 
0 0 0 0 1 
0 0 1 0 0 
1 0 0 0 0 
0 0 0 0 1 
0 0.553147 0.446853 0 0 
0 0 1 0 0 
0 1 0 0 0 
0 0 0 0 1 
1 0 0 0 0 
0 0 0 0 1 
0 1 0 0 0 
1 0 0 0 0 
0 0 0.472172 0 0.527828 
0 0 0 1 0 
0.134179 0.365385 0 0.500436 0 
1 0 0 0 0 
1 0 0 0 0 
0 0 0 1 0 
0.809723 0 0.190277 0 0 
0 0 0 1 0 
0 0 0 1 0 
0 1 0 0 0 
0 1 0 0 0 
1 0 0 0 0 
0 1 0 0 0 
0 0.571041 0.428959 0 0 
0 0 0 0 1 
0 0 0 0 1 
0.324476 0 0.373103 0 0.302421 
0 1 0 0 0 
0 0 0.366589 0.633411 0 
1 0 0 0 0 
0 0 0 0 1 
1 0 0 0 0 
0.359039 0 0.640961 0 0 
0 0 1 0 0 
0 1 0 0 0 
1 0 0 0 0 
0 0 0 0 1 
0 0 0 1 0 
1 0 0 0 0 
0 0 0 1 0 
0 1 0 0 0 
0 1 0 0 0 
0 1 0 0 0 
0 0 1 0 0 
0 0 0 0 1 
1 0 0 0 0 
0 1 0 0 0 
0 0 0 1 0 
1 0 0 0 0 
1 0 0 0 0 
0 0 0 0 1 
0 0 0.390364 0 0.609636 
0 1 0 0 0 
0 0 0 0 1 
0 0 0 1 0 
0 1 0 0 0 
0 0 1 0 0 
0 0 1 0 0 
1 0 0 0 0 
0 0 0 0 1 
0 0 1 0 0 
0 0 0 1 0 
1 0 0 0 0 
0 0 0 1 0 
0 1 0 0 0 
0 0 1 0 0 
0 0 0 0 1 
0 0.556155 0 0 0.443845 
1 0 0 0 0 
0 0.440741 0.559259 0 0 
0 0 0 1 0 
0 0.56408 0 0 0.43592 
0 1 0 0 0 
0 0 0 0 1 
1 0 0 0 0 
0 0 1 0 0 
0 0 0 1 0 
0 0 1 0 0 
0 0 1 0 0 
0.228486 0 0 0 0.771514 
1 0 0 0 0 
1 0 0 0 0 
1 0 0 0 0 
0.623735 0.376265 0 0 0 
0 0 0.105402 0 0.894598 
0 0 0 0 1 
0 0 0 1 0 
0 0 0 1 0 
1 0 0 0 0 
0 0 1 0 0 
0 1 0 0 0 
0 0 0 0 1 
1 0 0 0 0 
0 0 0 0 1 
0 0 0 0 1 
0 0 0.501974 0.498026 0 
0 1 0 0 0 
1 0 0 0 0 
0 0 1 0 0 
0 0 1 0 0 
1 0 0 0 0 
0.5861 0 0.4139 0 0 
0 1 0 0 0 
0 0 0 0 1 
0 0 1 0 0 
0 0 0 1 0 
0 0 1 0 0 
0 0 0 0 1 
0 1 0 0 0 
0 1 0 0 0 
0 0 1 0 0 
1 0 0 0 0 
0.310382 0 0.689618 0 0 
0 1 0 0 0 
0 0 1 0 0 
1 0 0 0 0 
0.730415 0.269585 0 0 0 
0 0 0.21994 0.78006 0 
0 0 0 0 1 
1 0 0 0 0 
0 0 0 0 1 
0 1 0 0 0 
0 0 0 1 0 
0 0 0 0 1 
0 0 0 0 1 
1 0 0 0 0 
0 0 0 0 1 
0 0 1 0 0 
0.13433 0 0.86567 0 0 
0 0 0 1 0 
0 0 1 0 0 
0.243087 0 0 0 0.756913 
0 0 0 0 1 
0 0 0 1 0 
1 0 0 0 0 
0 1 0 0 0 
0 0 0 1 0 
0 1 0 0 0 
