10 500
0.5808
0.460078
0.324539
0.664732
0.269313
0.531013
0.423321
0.72026
0.401248
0.330959
11.8493 0.14785
11.7428 0.136541
11.4009 0.268546
11.3851 0.368202
11.0765 0.30726
10.9196 0.749257
10.8618 0.551619
10.7514 0.588001
10.373 0.605143
10.2926 0.888093
10.2395 0.282588
10.215 0.206609
10.1907 0.523312
10.1224 0.6058
10.112 0.576869
10.1047 0.3223
10.0755 0.196923
10.0071 0.384256
9.99434 1.05715
9.97594 0.58087
9.92963 1.03739
9.87947 0.35091
9.8423 0.508641
9.62263 0.338589
9.52292 0.50699
9.50189 1.07057
9.34148 1.27495
9.24153 0.698986
9.08197 1.29293
9.02394 0.60247
8.91924 0.894542
8.85276 1.48118
8.82326 1.74277
8.80165 1.08275
8.68442 0.943652
8.63358 0.943207
8.52781 1.80079
8.48722 1.34228
8.47413 0.392232
8.45558 0.970379
8.44329 0.241972
8.38384 1.29136
8.36596 1.32603
8.2012 1.72868
8.08743 0.693739
8.08587 1.24235
8.04611 0.611074
8.01857 1.47338
8.00789 0.24758
7.92944 0.148381
7.92731 1.92529
7.87042 0.818352
7.75815 1.69791
7.73304 1.23218
7.69248 1.3861
7.65702 1.15559
7.65325 0.97368
7.61085 0.896739
7.49157 2.30831
7.48419 0.500169
7.47159 1.36524
7.4466 1.41195
7.42978 1.76624
7.40264 1.15621
7.34951 1.18659
7.31549 1.79277
7.23364 1.48023
7.2335 1.6894
7.20197 1.13664
7.1839 0.369513
7.16972 2.19556
7.11884 0.262169
7.10932 1.86709
7.09472 0.976162
7.03937 1.1295
6.98767 2.00077
6.95474 0.490793
6.94923 1.12642
6.80835 1.65289
6.79914 1.98278
6.77594 2.72571
6.76057 1.67385
6.73623 2.98992
6.73477 0.708298
6.71785 3.05425
6.68364 0.741957
6.6356 2.25783
6.59237 2.33076
6.5914 2.337
6.54807 1.58508
6.50403 1.7712
6.49162 3.31425
6.4541 0.850747
6.41911 2.46256
6.38363 2.46826
6.3561 2.42585
6.31738 2.14134
6.31658 2.11188
6.2656 0.944535
6.25029 1.20608
6.24666 2.84529
6.2369 3.07557
6.22998 2.62823
6.15191 2.53932
6.14655 2.32973
6.14075 1.71307
6.1385 3.24919
6.13435 1.16299
6.12572 1.96554
6.09634 1.95992
6.04477 1.59842
6.01084 2.78956
5.93963 2.59999
5.92001 2.74183
5.8956 0.928325
5.8341 1.35749
5.82554 2.969
5.81478 1.8092
5.78053 1.89761
5.77052 2.29449
5.75318 3.00119
5.70217 2.26828
5.62179 3.5139
5.58275 2.94218
5.55675 1.81079
5.41531 2.76339
5.39662 2.06183
5.39094 2.42435
5.37149 2.48303
5.25037 2.43046
5.23995 2.58331
5.23269 2.72429
5.2029 3.18094
5.18803 2.47596
5.16161 1.70922
5.12046 3.3215
5.08507 2.26094
5.04638 2.73696
5.04002 2.01821
5.01677 2.34848
5.00423 3.17641
4.9885 2.23841
4.94513 2.56507
4.92515 3.41163
4.92292 1.69393
4.91255 2.44512
4.89978 3.28224
4.8621 3.32409
4.85486 2.5542
4.83645 1.99461
4.83445 3.0077
4.81217 4.11994
4.80724 2.70199
4.79136 4.4646
4.76378 2.02216
4.70464 3.85914
4.68219 2.31767
4.65957 4.00447
4.60944 2.48689
4.58016 2.98326
4.56989 2.35041
4.53924 3.52653
4.52441 2.78709
4.51464 2.76338
4.51267 3.01586
4.48666 2.66904
4.4745 3.68008
4.47367 4.34641
4.45673 3.82219
4.44707 3.6442
4.4262 3.51587
4.41215 4.90656
4.39054 2.72855
4.3702 3.92643
4.36597 2.51891
4.30483 1.99489
4.30434 4.0319
4.29938 3.3099
4.25816 3.76858
4.25331 2.49977
4.22914 4.88939
4.20038 2.89071
4.16772 3.08431
4.12926 3.48252
4.12657 3.05384
4.12605 3.98168
4.11632 3.98377
4.0891 3.28986
4.0726 4.31979
4.02982 3.72632
3.94713 3.3199
3.94435 4.75822
3.91394 2.95977
3.82649 3.70719
3.7738 2.62824
3.76674 3.70002
3.75585 5.01707
3.75303 3.22824
3.72202 5.00726
3.70039 3.36235
3.66103 4.23848
3.6595 2.5061
3.65869 3.86395
3.64388 4.39684
3.61799 4.50269
3.61471 4.01046
3.56606 4.00655
3.53961 4.67035
3.53397 2.78072
3.5314 5.09436
3.51537 4.25202
3.51498 3.83916
3.49787 4.85824
3.47003 3.95374
3.45825 3.81271
3.40231 4.86014
3.35837 3.76672
3.25829 3.50201
3.21702 3.09262
3.16977 4.2311
3.15564 4.23659
3.14975 3.57639
3.14491 5.45101
3.1443 3.17892
3.12906 3.14525
3.12382 4.09684
3.11614 3.56614
3.11182 4.41481
3.07336 3.76359
3.06773 4.50152
3.05221 4.2478
3.00493 5.70543
3.00359 4.55947
3.00278 4.99665
2.97887 3.72698
2.97401 3.15654
2.93778 3.31015
2.914 5.51081
2.86378 4.90528
2.83133 4.51251
2.8039 5.30641
2.78838 5.82537
2.75862 3.61549
2.74331 6.07069
2.74083 5.4975
2.7196 5.04749
2.66992 5.68561
2.65402 3.65194
2.63973 4.43268
2.62256 5.19518
2.50141 4.64914
2.48884 4.77411
2.48145 3.89856
2.43395 4.57664
2.26664 4.27724
2.25688 4.21454
2.24309 4.23705
2.24254 5.91341
2.1946 6.81203
2.19189 5.91431
2.18646 5.8156
2.14906 4.22679
2.14646 5.55099
2.13864 5.28242
2.10546 4.5572
2.10117 4.86401
2.09641 6.90749
2.05557 4.4258
2.04914 4.55468
2.01549 4.81233
1.99499 5.24184
1.98954 4.57794
1.90329 4.46475
1.87297 5.87481
1.85785 4.4386
1.85313 4.34555
1.84719 4.95721
1.83722 6.14267
1.83256 4.87984
1.83177 5.12925
1.82915 6.45823
1.78488 4.81748
1.78222 4.73166
1.77631 5.54065
1.73323 6.38106
1.71172 7.44408
1.68454 4.65832
1.66697 6.18523
1.6322 4.28557
1.61168 4.33602
1.60376 5.798
1.58498 7.22226
1.54697 6.04703
1.54468 4.95307
1.5379 7.54936
1.52878 6.63107
1.52075 5.91593
1.51515 7.48704
1.51061 5.09454
1.5026 5.90519
1.49732 5.74705
1.49087 6.5349
1.44886 5.13414
1.44231 5.68078
1.4305 6.70579
1.41292 5.42657
1.40667 5.1041
1.40552 7.0991
1.37275 6.33465
1.35565 5.25266
1.3138 4.9778
1.28694 6.86674
1.26649 7.6729
1.26031 7.58411
1.25989 6.6959
1.24258 5.50137
1.19167 5.39604
1.16792 6.67253
1.15357 4.80657
1.13374 5.65893
1.11227 5.84157
1.1081 6.59252
1.08971 6.54587
1.0781 5.5378
1.0689 6.42637
1.06837 8.57257
1.04168 7.14066
1.01189 8.27883
0.97161 7.34649
0.971228 6.31537
0.950382 7.73296
0.934721 8.70301
0.932416 6.6921
0.928747 5.33692
0.914915 5.71472
0.903082 7.00425
0.891907 5.93262
0.881194 7.44727
0.869072 7.93872
0.854142 6.58942
0.836942 7.33266
0.836525 5.95957
0.830299 5.23301
0.826551 7.79875
0.816 6.98711
0.807336 5.28959
0.795853 7.82317
0.790517 6.68458
0.78797 8.44177
0.78515 8.99084
0.742669 8.58914
0.742394 8.53771
0.717382 8.32392
0.716699 6.63582
0.70745 6.13353
0.687385 5.94691
0.684622 8.98087
0.677243 6.33418
0.654355 5.69893
0.650068 5.77908
0.64655 9.4178
0.638128 7.39146
0.624965 8.32614
0.615779 7.27746
0.614952 5.95789
0.614508 7.05054
0.609817 6.49229
0.604825 7.97386
0.590095 8.08986
0.584518 6.27644
0.567987 8.59845
0.542427 7.62836
0.542081 6.25652
0.540366 7.99762
0.538537 7.52179
0.534388 8.36427
0.532063 5.67541
0.520485 5.83813
0.511628 9.06311
0.508308 6.29678
0.501565 7.78995
0.500001 5.68902
0.492597 7.18086
0.480637 6.36797
0.479974 5.89045
0.468995 7.58956
0.465962 7.87883
0.448593 6.03348
0.444412 7.82074
0.421815 7.34256
0.414578 8.37368
0.411008 8.58221
0.40204 6.84247
0.398498 6.58111
0.38975 9.11952
0.377683 8.41722
0.375283 7.50577
0.372992 7.63781
0.36953 9.4024
0.364661 7.34605
0.359394 7.74888
0.347097 8.85762
0.340091 6.5511
0.333304 7.56179
0.328611 10.3034
0.328488 6.75582
0.3191 6.35456
0.307423 9.89179
0.303016 6.21694
0.302816 7.76794
0.298591 6.64206
0.297384 9.96968
0.284678 6.29265
0.277818 6.64388
0.270165 7.89984
0.26724 9.10636
0.25961 9.02812
0.256713 7.93221
0.254208 9.62359
0.254013 6.60467
0.253031 6.65752
0.246011 8.06918
0.236854 8.67067
0.233987 6.84038
0.232198 9.51629
0.228281 8.26667
0.221322 7.82259
0.210181 9.02395
0.203797 10.293
0.199411 7.41238
0.195302 9.63802
0.182358 8.22567
0.173696 7.50333
0.170146 10.6719
0.150957 10.2797
0.149146 8.65426
0.14794 7.61875
0.141756 8.63915
0.137959 7.80894
0.135379 6.79644
0.135068 10.1892
0.132916 10.148
0.132623 8.1249
0.131192 8.99704
0.128538 7.63638
0.122111 10.233
0.121044 10.4858
0.118115 8.71491
0.111633 7.93114
0.111149 9.46934
0.108362 10.4932
0.107226 10.5172
0.104569 9.07855
0.101833 9.88645
0.100158 8.96353
0.0949442 7.17271
0.0918115 7.83394
0.0910643 9.45265
0.0896941 9.37973
0.0857944 9.30908
0.0842433 11.0976
0.074178 11.0849
0.0732994 11.0784
0.0702623 8.76912
0.069077 7.08836
0.0611514 9.46366
0.0594136 9.82315
0.0566298 7.20365
0.0563532 7.35452
0.055058 7.62948
0.0545817 9.03031
0.0543383 10.9023
0.0519305 7.17654
0.0507173 10.4421
0.0489059 10.7161
0.0486344 8.99684
0.0450986 10.5593
0.0443851 8.72752
0.0431849 9.43695
0.0362163 8.49664
0.0358959 11.1725
0.0333737 8.35061
0.0315453 11.1471
0.0236623 11.1596
0.0179228 9.96214
0.0167346 11.8133
0.0159193 9.2977
0.0152352 8.50134
0.0132553 10.9182
0.013098 7.23064
0.0113695 10.3395
0.00767203 11.5541
0.0073302 9.58361
0.00689039 9.61783
0.00584303 10.3376
0.0058102 7.67036
0.00434023 10.9301
0.00391825 9.98069
0.0036831 12.2303
0.00126996 10.3591
0 0 0 0 0 1 0 0 0 0 
0 0 0 1 0 0 0 0 0 0 
0 0 1 0 0 0 0 0 0 0 
0 0 0 0 0 0 0 1 0 0 
0 0 0 0 0 1 0 0 0 0 
0 0 0 0 1 0 0 0 0 0 
1 0 0 0 0 0 0 0 0 0 
0 0 0 0 0 0 0 0 1 0 
0 0 0 0 0 1 0 0 0 0 
0 0 0 0 0 0 0 0 0 1 
0 0 0 0 0 0 0 1 0 0 
0 0 0 0 0 0 0 0 1 0 
0 0 0 0 0 1 0 0 0 0 
0 0 1 0 0 0 0 0 0 0 
0 0 0 1 0 0 0 0 0 0 
0 0 0 0 0 0 0 1 0 0 
1 0 0 0 0 0 0 0 0 0 
0 0.732559 0 0 0 0 0 0.267441 0 0 
0 0 0 1 0 0 0 0 0 0 
0.48743 0.51257 0 0 0 0 0 0 0 0 
0 0 0 0 0 1 0 0 0 0 
1 0 0 0 0 0 0 0 0 0 
0 0 1 0 0 0 0 0 0 0 
0 0 0 0 0 0 1 0 0 0 
0 0 0 0 0 0 1 0 0 0 
0 0 0 1 0 0 0 0 0 0 
0 0 0 0 1 0 0 0 0 0 
0 0 1 0 0 0 0 0 0 0 
0 1 0 0 0 0 0 0 0 0 
0 0.560656 0 0 0 0 0.439344 0 0 0 
0 0 0.486798 0 0 0 0 0.513202 0 0 
0 0 1 0 0 0 0 0 0 0 
0 0 0 1 0 0 0 0 0 0 
1 0 0 0 0 0 0 0 0 0 
0 0 0 1 0 0 0 0 0 0 
0 0 0 0 0 1 0 0 0 0 
0 0 0 0 0 0.409774 0 0.590226 0 0 
0 0 0 0 0 1 0 0 0 0 
0 0 0 0 1 0 0 0 0 0 
0 0 0 0 0 0 0 0 1 0 
0 0 0 0 0 0 0 1 0 0 
0 0 0 0 0.308804 0 0 0 0 0.691196 
0 0 0.421091 0 0 0 0 0 0 0.578909 
0 1 0 0 0 0 0 0 0 0 
0 1 0 0 0 0 0 0 0 0 
0 0 0 0 0 0 0 0 1 0 
0.639289 0 0 0 0 0 0 0 0.360711 0 
0 0 0 0 0 0 0 1 0 0 
0 0 0 0 0 1 0 0 0 0 
0 0.543269 0 0.456731 0 0 0 0 0 0 
1 0 0 0 0 0 0 0 0 0 
0 0 0 0 0 0 0 0 1 0 
0 0 1 0 0 0 0 0 0 0 
0 0 0 0 0 0 0.257704 0.742297 0 0 
0 0 0 0 0 1 0 0 0 0 
0 0 0 0 0 0 0 0 1 0 
0 0 0 0 0 0 1 0 0 0 
0 0 0 0 1 0 0 0 0 0 
0 0 0 0 0 0 0 0 0 1 
0 0 0 1 0 0 0 0 0 0 
0 0 0 1 0 0 0 0 0 0 
0 1 0 0 0 0 0 0 0 0 
0 0 0.809151 0 0 0 0.190849 0 0 0 
0 0 0 0 0 0 0 0 1 0 
0 0 0 0 0 0 0 1 0 0 
0 0 0 0 0 0 0 0.138898 0.861102 0 
0 0 0 0 0 0 1 0 0 0 
0 0 0 0 0 1 0 0 0 0 
0 1 0 0 0 0 0 0 0 0 
0 0 0 0 0.538228 0 0.461772 0 0 0 
0 0 0 0 0 0 0 1 0 0 
0 0.342124 0 0 0 0 0 0 0 0.657876 
0 0 0 0 0 0 0 1 0 0 
0 0 0 0.441527 0 0.558473 0 0 0 0 
1 0 0 0 0 0 0 0 0 0 
0 0 0 0 0 0 0 0 0 1 
0 0 0 0 0 0 0 0 1 0 
0 0 0 0 0 0 0.776333 0 0.223667 0 
0 0 0 0 0 0 0 0 0 1 
1 0 0 0 0 0 0 0 0 0 
0 0 0 0 0 0 0 1 0 0 
0 0 0 0 0 1 0 0 0 0 
0 0 0 0 0 1 0 0 0 0 
0 0 1 0 0 0 0 0 0 0 
0 0 0 0.882711 0 0 0.117289 0 0 0 
0 0 0 1 0 0 0 0 0 0 
0 0 0 1 0 0 0 0 0 0 
0 0.754275 0 0 0 0.245725 0 0 0 0 
0 0 0 0 0 0 0 1 0 0 
0 0 0 0 0 0 0 0 0 1 
0 0 0 0 0 0 0 1 0 0 
0 0 1 0 0 0 0 0 0 0 
0 0 0 0 0 0 0 0 0 1 
0 0 0.322179 0 0.346518 0 0 0.331302 0 0 
0 0 0 0 0 0 0 1 0 0 
0.646287 0 0 0 0 0 0.353713 0 0 0 
0 0 0 0 0 0 1 0 0 0 
0 0 0 0 0 0 0 0 1 0 
0 0 0 1 0 0 0 0 0 0 
0 0 0 0 0 0 0 0 1 0 
1 0 0 0 0 0 0 0 0 0 
0 0 0 0 0 0 0 0 1 0 
0 0 0 0 0 1 0 0 0 0 
0 0 0 0.141052 0 0 0.246418 0 0 0.61253 
0 0 0 0 1 0 0 0 0 0 
0 1 0 0 0 0 0 0 0 0 
0 0 0 0 1 0 0 0 0 0 
0 0 0 0 0 0 0 1 0 0 
0 0 0 0 1 0 0 0 0 0 
0 1 0 0 0 0 0 0 0 0 
0 0 0 1 0 0 0 0 0 0 
0 0 0 0 0 0 1 0 0 0 
1 0 0 0 0 0 0 0 0 0 
0 0 1 0 0 0 0 0 0 0 
0 0 0 0 0 0 1 0 0 0 
1 0 0 0 0 0 0 0 0 0 
0 0 0 1 0 0 0 0 0 0 
0 1 0 0 0 0 0 0 0 0 
0 0 0 1 0 0 0 0 0 0 
0 1 0 0 0 0 0 0 0 0 
0 0 0 1 0 0 0 0 0 0 
0 0 0 0 0 0 0 0 1 0 
0 0 0 0 0 0 1 0 0 0 
1 0 0 0 0 0 0 0 0 0 
1 0 0 0 0 0 0 0 0 0 
0 0 1 0 0 0 0 0 0 0 
0 0.836051 0 0 0 0 0 0.163949 0 0 
0 0 0 1 0 0 0 0 0 0 
0 0 0 0 1 0 0 0 0 0 
0 0 0 0 0 1 0 0 0 0 
0 0 0 0 0 0 1 0 0 0 
0 0 0 0 0 0 0 0 1 0 
0 0 0 0 0 0.419259 0 0 0.580741 0 
0 0 0 0 0 0 0 0 1 0 
0 0 0 0 0 0 0 0 1 0 
0 0 0 0 0 0 1 0 0 0 
0 0 1 0 0 0 0 0 0 0 
0 0.237052 0 0 0 0 0.369631 0 0 0.393317 
1 0 0 0 0 0 0 0 0 0 
0 0 0 0 0 0 0 0 1 0 
0 0 0 1 0 0 0 0 0 0 
0 0 0 0 1 0 0 0 0 0 
0.64035 0 0 0 0.35965 0 0 0 0 0 
0 0 0 0 0 0 1 0 0 0 
0 0 0 1 0 0 0 0 0 0 
0 0 0 0 0 1 0 0 0 0 
0 0 0 0 0 0 0 1 0 0 
0 0 0 0 0 0 0 0 0 1 
0 0 0 0 1 0 0 0 0 0 
0 1 0 0 0 0 0 0 0 0 
0 0 0 0 0 0 0 1 0 0 
0.430282 0 0 0 0.569718 0 0 0 0 0 
0 0 1 0 0 0 0 0 0 0 
0 0 0 0 0 0 0 0 1 0 
0 0 0 0 0 0.454031 0 0 0 0.545969 
0 0 0 1 0 0 0 0 0 0 
0 0 0 0 0 0 0 0 1 0 
0 0 0 0.593558 0 0 0 0.406442 0 0 
0 0 0 0 0 0 1 0 0 0 
0 0 0 1 0 0 0 0 0 0 
0 1 0 0 0 0 0 0 0 0 
0 0 0 0 0 0 0 0 1 0 
0 0 1 0 0 0 0 0 0 0 
0 0 1 0 0 0 0 0 0 0 
0 0 0 0 0 1 0 0 0 0 
0 0 0 0 0 0 0 0 0 1 
0 0 1 0 0 0 0 0 0 0 
0 0 1 0 0 0 0 0 0 0 
0 0 0 0 0 0 0 0 0 1 
0 0 0 0 0 0 0 0 1 0 
0 0 0 0 0 0 0 0 1 0 
0 0 0 0.485663 0 0 0 0 0 0.514337 
1 0 0 0 0 0 0 0 0 0 
0 0 0 0 0 1 0 0 0 0 
0 0 0 0 0 0.530828 0.469172 0 0 0 
0 0 0 0 0 1 0 0 0 0 
0 0 0 0 0 0 0 1 0 0 
0 0 0 0 0 0 1 0 0 0 
0 0 1 0 0 0 0 0 0 0 
0 0 0 0 0 0 1 0 0 0 
0 0 0 1 0 0 0 0 0 0 
0 1 0 0 0 0 0 0 0 0 
1 0 0 0 0 0 0 0 0 0 
1 0 0 0 0 0 0 0 0 0 
0 0 0 0 0 1 0 0 0 0 
0 0 0 0 1 0 0 0 0 0 
0.580118 0.419882 0 0 0 0 0 0 0 0 
0 1 0 0 0 0 0 0 0 0 
0 0 0 0 1 0 0 0 0 0 
0 0 0 0 0 0 0 1 0 0 
0 0 0 0 0 1 0 0 0 0 
0 0 0 0 0 0 0 0 0 1 
0 0 0 0 0 0.306248 0 0.298894 0 0.394858 
0 0 0.127476 0 0 0 0 0.657517 0.215007 0 
0 0 0 0 0 1 0 0 0 0 
0 0 0 0 0 0 0 0 0 1 
0 0 0 0 0 1 0 0 0 0 
0 0 0 0 1 0 0 0 0 0 
0 0 0 0 0 1 0 0 0 0 
0 0 0 0 0 0.299135 0.700865 0 0 0 
0 0 0.190495 0 0 0 0 0 0 0.809505 
0 0 0 0 0 0 0.543727 0.456273 0 0 
0 0 0 0 0 0 0 0 1 0 
0 0 0 1 0 0 0 0 0 0 
0 0 0 0 1 0 0 0 0 0 
0 0 0 0 1 0 0 0 0 0 
0 0 0 0 0.536793 0 0.330779 0.132428 0 0 
0 0 1 0 0 0 0 0 0 0 
0 0 0 0 0 0 0 0 0 1 
0 0 0.641953 0 0 0 0 0.358047 0 0 
0 0 0 1 0 0 0 0 0 0 
0 0 0 1 0 0 0 0 0 0 
0 0 1 0 0 0 0 0 0 0 
0 0 0 0 0.584935 0 0 0 0.415065 0 
0 0 1 0 0 0 0 0 0 0 
1 0 0 0 0 0 0 0 0 0 
1 0 0 0 0 0 0 0 0 0 
0 0 0 0.492451 0 0 0 0 0.507549 0 
0 0 0 1 0 0 0 0 0 0 
0 1 0 0 0 0 0 0 0 0 
0 0 0 1 0 0 0 0 0 0 
0 0 0 0 0 0 0 0 1 0 
0 0 0 0 0 0.875531 0 0 0 0.124469 
0 0 0 0 0 0 0 0 0 1 
0 0 0 0 1 0 0 0 0 0 
0 0 0 0 1 0 0 0 0 0 
0 0 0 1 0 0 0 0 0 0 
0 0 0 0 0 0 1 0 0 0 
0 0 0 0 0 1 0 0 0 0 
0 0 0 0 0 1 0 0 0 0 
1 0 0 0 0 0 0 0 0 0 
0 0 1 0 0 0 0 0 0 0 
0 1 0 0 0 0 0 0 0 0 
1 0 0 0 0 0 0 0 0 0 
0 0 0 0.259416 0 0 0.740584 0 0 0 
0 0 0 0 1 0 0 0 0 0 
0 0 0 0 0 0 0 0 1 0 
0 0 0 0 1 0 0 0 0 0 
0 0 1 0 0 0 0 0 0 0 
0 0 0 0 0 0 0.302681 0 0.697319 0 
0 0 0 0 0 0.308099 0.691902 0 0 0 
0 0 0 0 0 1 0 0 0 0 
1 0 0 0 0 0 0 0 0 0 
0 0 0 0 0 0 1 0 0 0 
0.707035 0 0.292965 0 0 0 0 0 0 0 
0 0 0 0 1 0 0 0 0 0 
0 0 0 0 0 0 1 0 0 0 
0 0 0 0.440591 0.559409 0 0 0 0 0 
0 0 0 0 0 0 0 0 1 0 
0 0 0 0 1 0 0 0 0 0 
0 0 0 0.508589 0 0 0.491411 0 0 0 
0 0 0 0 0 0 0 0 1 0 
1 0 0 0 0 0 0 0 0 0 
0 0 0 1 0 0 0 0 0 0 
0 0 0 0 0 0 1 0 0 0 
1 0 0 0 0 0 0 0 0 0 
0 0 0 0 1 0 0 0 0 0 
0 1 0 0 0 0 0 0 0 0 
0 0 0 0 0 0 1 0 0 0 
0 0 1 0 0 0 0 0 0 0 
0 0 0 0 0 0 0 0 0 1 
0 0 1 0 0 0 0 0 0 0 
0 0 0 0 0 1 0 0 0 0 
0 0 0 0 1 0 0 0 0 0 
0 1 0 0 0 0 0 0 0 0 
0 0 0 0 0 0.495897 0.504103 0 0 0 
0 0 0 0.573617 0 0 0 0.426383 0 0 
0 0 0 1 0 0 0 0 0 0 
0 0 0 0 0 0 0 1 0 0 
0 1 0 0 0 0 0 0 0 0 
0 0 0 0 0 0 0 0 0 1 
0 0 0 0 0 0 1 0 0 0 
0 0 0 0 0 0 0 1 0 0 
1 0 0 0 0 0 0 0 0 0 
0 0 0 0 0 1 0 0 0 0 
0 0 1 0 0 0 0 0 0 0 
1 0 0 0 0 0 0 0 0 0 
0 0.502225 0.497775 0 0 0 0 0 0 0 
0 1 0 0 0 0 0 0 0 0 
0 0 0 0 0 0 0 0 0 1 
0 0 0 0 0 1 0 0 0 0 
0 1 0 0 0 0 0 0 0 0 
1 0 0 0 0 0 0 0 0 0 
0 0 1 0 0 0 0 0 0 0 
0 0 0 1 0 0 0 0 0 0 
0 0 1 0 0 0 0 0 0 0 
0 0 0 0 0 1 0 0 0 0 
0 0 0 0 0 0 0 0 0.414704 0.585296 
0 0 0 0 0 0 1 0 0 0 
0 0 0 0 0 0 1 0 0 0 
0 1 0 0 0 0 0 0 0 0 
0 0 0 0 0 0 0 1 0 0 
0 0 0 0 1 0 0 0 0 0 
0 0 0 0 0 0 0 1 0 0 
0 0 0 0 1 0 0 0 0 0 
0 0 0 0 0 0 0 0 0 1 
0 0.249293 0 0 0 0 0 0.750707 0 0 
0 0 0 0 1 0 0 0 0 0 
0 0 0 0 0 0 1 0 0 0 
0.732268 0 0 0 0 0 0 0 0 0.267732 
0 0 0 0 0 0 0 0 0 1 
0 0 1 0 0 0 0 0 0 0 
0 1 0 0 0 0 0 0 0 0 
0 0 0 0 0 0 0 0 1 0 
0 0 0 0 0 0 0 0 0 1 
1 0 0 0 0 0 0 0 0 0 
0 0 0 0 1 0 0 0 0 0 
0 0 1 0 0 0 0 0 0 0 
0 0 0 0 0 0 1 0 0 0 
0 0 0 0 0 1 0 0 0 0 
0 0 0 0 0 0 1 0 0 0 
0 1 0 0 0 0 0 0 0 0 
0 0 0 0 0 1 0 0 0 0 
0.429494 0 0 0.570506 0 0 0 0 0 0 
0 0 1 0 0 0 0 0 0 0 
0 1 0 0 0 0 0 0 0 0 
0 0 1 0 0 0 0 0 0 0 
0 0 0 0 0 0 0 1 0 0 
0 0 0 0 0 1 0 0 0 0 
0 1 0 0 0 0 0 0 0 0 
0 1 0 0 0 0 0 0 0 0 
0 0 0.569805 0 0 0.430195 0 0 0 0 
0.64286 0 0 0 0 0 0 0.35714 0 0 
0 0 0 0 1 0 0 0 0 0 
0 0 0 0 0 0 0 0 1 0 
0 0 0 0 0 0 0 0 1 0 
0 0 0 0 1 0 0 0 0 0 
0 0 1 0 0 0 0 0 0 0 
0 0 0 0 0 0 1 0 0 0 
0 1 0 0 0 0 0 0 0 0 
0.154084 0 0.591904 0.254012 0 0 0 0 0 0 
1 0 0 0 0 0 0 0 0 0 
0 0 0 0 0 0 0 1 0 0 
1 0 0 0 0 0 0 0 0 0 
0 0 0 1 0 0 0 0 0 0 
0 0 0 0 0 0 1 0 0 0 
0 0 0 0 0 1 0 0 0 0 
1 0 0 0 0 0 0 0 0 0 
1 0 0 0 0 0 0 0 0 0 
0 0 1 0 0 0 0 0 0 0 
0 0 0 0 0.750433 0.249567 0 0 0 0 
0 0 1 0 0 0 0 0 0 0 
1 0 0 0 0 0 0 0 0 0 
0 0 0 0 0 0.510139 0 0 0 0.489861 
0 0 0 0 0 0 0 0 1 0 
0 0 0 0.460694 0 0.539306 0 0 0 0 
0 0 0 0 1 0 0 0 0 0 
0 0 0 0 0 0 0.706423 0 0 0.293577 
0 0 0 1 0 0 0 0 0 0 
0 0 0 0 1 0 0 0 0 0 
0 0 0 1 0 0 0 0 0 0 
0 0 1 0 0 0 0 0 0 0 
0 0 0 1 0 0 0 0 0 0 
0 0 0 1 0 0 0 0 0 0 
0 0.42554 0 0 0 0 0 0 0.57446 0 
0 0.357746 0 0 0 0 0.287593 0 0.354661 0 
0 0 0 0 0 0 1 0 0 0 
0 0.168833 0 0.831167 0 0 0 0 0 0 
1 0 0 0 0 0 0 0 0 0 
0 0 0 0 1 0 0 0 0 0 
0 0 0 0 1 0 0 0 0 0 
0 0.129655 0.870345 0 0 0 0 0 0 0 
0 0 0 0 0 0 1 0 0 0 
0 1 0 0 0 0 0 0 0 0 
0 0 0.729637 0 0 0 0 0.270363 0 0 
0 0 0 0 0 0 0 1 0 0 
0 0 0 0 0 0 1 0 0 0 
0 0 0 1 0 0 0 0 0 0 
0 0 0 1 0 0 0 0 0 0 
0 0 0 0.676363 0.323637 0 0 0 0 0 
0 0 1 0 0 0 0 0 0 0 
0 0 0 0 0 1 0 0 0 0 
0.652361 0 0 0 0 0 0 0 0 0.347639 
0 0 0 0 0 0 1 0 0 0 
0 0 1 0 0 0 0 0 0 0 
1 0 0 0 0 0 0 0 0 0 
0 1 0 0 0 0 0 0 0 0 
0 0 0 0 0 0 0 1 0 0 
0 0 0 0 1 0 0 0 0 0 
0 0 0 0 0 0 0 1 0 0 
0 0 0 0 1 0 0 0 0 0 
0 1 0 0 0 0 0 0 0 0 
0 0 0 0 0 1 0 0 0 0 
0 0.831416 0 0 0 0 0 0 0 0.168584 
0 0.507938 0 0 0 0.492062 0 0 0 0 
1 0 0 0 0 0 0 0 0 0 
0 0 1 0 0 0 0 0 0 0 
0 0 0 0.324241 0 0 0 0 0.675759 0 
0 0 0 0 0 0 1 0 0 0 
0 0 0 1 0 0 0 0 0 0 
0 1 0 0 0 0 0 0 0 0 
0 0 0 0 0 0 1 0 0 0 
0 0 0 0 0 0 1 0 0 0 
0 1 0 0 0 0 0 0 0 0 
0 0 1 0 0 0 0 0 0 0 
0 0 0 0 0 0 0 1 0 0 
0 0 0 1 0 0 0 0 0 0 
0 0 0 0 0 0 0 0 0 1 
0 0 0 1 0 0 0 0 0 0 
0 0 0 0 0 0 0 1 0 0 
0 0 0 0 0 0 1 0 0 0 
0 0 0 0 0 0 0 0 0 1 
0 0 0 0 0 1 0 0 0 0 
0 1 0 0 0 0 0 0 0 0 
0 0 0 1 0 0 0 0 0 0 
1 0 0 0 0 0 0 0 0 0 
1 0 0 0 0 0 0 0 0 0 
0 0 0 0 0 0 0 0 0 1 
0 1 0 0 0 0 0 0 0 0 
0 0 0 0 0 0 0 0 1 0 
0 0 0 0 0 0 0 0 1 0 
0 0 1 0 0 0 0 0 0 0 
0 0 0 0 1 0 0 0 0 0 
0 1 0 0 0 0 0 0 0 0 
0 0 1 0 0 0 0 0 0 0 
0 0 0 1 0 0 0 0 0 0 
0 0 0 0 0 0 0 1 0 0 
0 0 0 0 0 0 0 0 1 0 
0 0 0 0 0 0 1 0 0 0 
0 0 0 0 1 0 0 0 0 0 
0 0 0.602467 0 0 0.397534 0 0 0 0 
0 0 0 0 0 0 1 0 0 0 
0 0 1 0 0 0 0 0 0 0 
0 0 0.742055 0 0 0.257944 0 0 0 0 
0 0 0 0 0 1 0 0 0 0 
0 0 0 0 0 0 0 0 1 0 
0 0 0 0 0 0 0.470079 0.529921 0 0 
0 0 0 0 0 0 1 0 0 0 
0 0 0.527682 0 0.472318 0 0 0 0 0 
0 0 0 0.649864 0 0 0 0 0 0.350136 
0 0 0 0 0.379458 0 0.19434 0 0 0.426203 
0 0 0 1 0 0 0 0 0 0 
0 0 0 0 0 0 1 0 0 0 
0 0 0 0 0 0 1 0 0 0 
0 1 0 0 0 0 0 0 0 0 
0 0 0 0.634466 0 0 0 0 0 0.365534 
0 0 0 0 0 1 0 0 0 0 
0 0 0.455363 0.544637 0 0 0 0 0 0 
0 0 0 0 0 1 0 0 0 0 
0 0 1 0 0 0 0 0 0 0 
0.70941 0 0 0 0 0 0.29059 0 0 0 
0 0 0 0 0 1 0 0 0 0 
0 1 0 0 0 0 0 0 0 0 
0 0 0 0 1 0 0 0 0 0 
0 1 0 0 0 0 0 0 0 0 
0 0 0 0 0 0 0 0 1 0 
0 0 0 0 0 0 0.457166 0 0.542834 0 
0 1 0 0 0 0 0 0 0 0 
0 0 1 0 0 0 0 0 0 0 
0 0 0 0 0 1 0 0 0 0 
0 0 0 0 0 0 0 0 1 0 
1 0 0 0 0 0 0 0 0 0 
0 0 0 0 0 0 0 0 1 0 
0 0 1 0 0 0 0 0 0 0 
0 0 0 0 0 0 0 0 0 1 
0 0 0 0 0 1 0 0 0 0 
0 0 0 0 0 1 0 0 0 0 
0 0 0 0 0 0 0 0 0 1 
0 0 0 0 1 0 0 0 0 0 
0 1 0 0 0 0 0 0 0 0 
0 0 0 0 0 0 1 0 0 0 
0 0 0 1 0 0 0 0 0 0 
1 0 0 0 0 0 0 0 0 0 
0 0 0 0.689473 0 0.310527 0 0 0 0 
0 0 0 1 0 0 0 0 0 0 
0 0 0 0 0 0 0 1 0 0 
0 0 0 0 0 0 0 0 0 1 
0 0 0 0 0 0 1 0 0 0 
0 0 0.514663 0 0 0 0.10482 0 0 0.380517 
0 0 0.39603 0.221983 0 0 0 0 0.381987 0 
0 0 0 0 1 0 0 0 0 0 
0 0 0 0 0 0 0 1 0 0 
0 0 0 0 0 0 0 0 0 1 
0 0 0.66085 0 0 0 0 0.33915 0 0 
1 0 0 0 0 0 0 0 0 0 
0 0 0 0 0 0 0 0 0 1 
0 0 0 0 0 0 0 0 0.362558 0.637442 
1 0 0 0 0 0 0 0 0 0 
0 0 0 0 0 0 0 0 1 0 
0 0 0 1 0 0 0 0 0 0 
0 0 0 0 0 1 0 0 0 0 
0 0 0 0 1 0 0 0 0 0 
0 0 0 0 0 0 0 0 1 0 
0 0 1 0 0 0 0 0 0 0 
1 0 0 0 0 0 0 0 0 0 
0 0 1 0 0 0 0 0 0 0 
0 0 0 1 0 0 0 0 0 0 
0 0 0 0 1 0 0 0 0 0 
0 0 0 0 0 0 0 1 0 0 
0 0 0 0.269159 0 0 0 0 0.730841 0 
0 1 0 0 0 0 0 0 0 0 
0 0 0 0 0 1 0 0 0 0 
0 0.446032 0.553968 0 0 0 0 0 0 0 
0 0 0 0 0 0 0 0 0 1 
0 1 0 0 0 0 0 0 0 0 
0 1 0 0 0 0 0 0 0 0 
0 0 0 1 0 0 0 0 0 0 
0 1 0 0 0 0 0 0 0 0 
0 0 0 0 0 0 1 0 0 0 
0 0 0 0.471886 0 0 0 0.528114 0 0 
