10 150
0.646708
0.42262
0.493243
0.349769
0.475013
0.353206
0.263736
0.727736
0.304278
0.406885
10.9624 0.472182
10.6564 0.550783
10.5699 0.387498
10.3232 0.284092
9.63029 0.969079
9.42648 0.829341
9.38912 1.15073
9.34893 0.171438
9.34247 0.910089
8.97747 1.15095
8.94698 1.23711
8.81996 0.95614
8.66904 0.546837
8.59365 0.153153
8.53681 1.05146
8.46864 0.172554
8.42752 0.573608
8.42656 0.257976
8.35409 1.60759
8.08887 1.74219
7.94644 1.02471
7.92257 0.456292
7.73877 0.659908
7.5112 1.57324
7.34912 1.80444
7.34722 2.1489
7.25933 0.186276
7.15086 1.04567
7.12439 2.80619
7.11536 2.34212
6.93026 1.64249
6.91381 1.75482
6.65915 2.04919
6.52688 1.75965
6.46751 1.95937
6.26969 1.45666
6.23687 1.83339
6.09457 2.5663
6.04688 1.40447
5.86348 1.39662
5.68503 1.42713
5.42219 2.30843
5.30815 3.35711
5.0326 2.78333
4.98493 4.23185
4.90822 2.71344
4.86849 3.12444
4.83172 2.27712
4.82423 2.05536
4.75646 3.06771
4.69378 2.91367
4.59203 2.6356
4.52045 4.26723
4.46038 3.65502
4.42535 3.30053
4.37834 3.33475
4.28723 2.57667
4.24249 3.45936
4.19202 3.25414
4.18694 4.68402
4.18348 4.11886
4.11147 2.61667
4.02573 3.57212
3.89263 4.87043
3.84893 4.39016
3.84213 3.76978
3.81887 4.96913
3.65727 5.20025
3.55939 3.7925
3.50434 3.92323
3.50098 3.8396
3.46449 3.02952
3.45963 4.03013
3.20687 3.47635
3.01722 4.29621
2.96137 4.01169
2.76476 3.78369
2.71595 4.41833
2.64405 3.7249
2.52196 3.45246
2.49344 5.37359
2.40442 5.47221
2.21717 6.88758
2.08156 3.59938
2.05544 5.07376
1.8285 6.7615
1.70042 4.11672
1.65121 5.29784
1.62772 7.43755
1.59904 6.22844
1.5965 5.05345
1.50001 6.20219
1.48302 5.15967
1.47442 4.84478
1.27507 5.24364
1.18865 5.33495
1.18522 7.5792
1.18093 7.29922
1.12924 7.76177
1.09887 5.93505
0.987071 7.67493
0.911461 5.45883
0.898858 5.79927
0.898314 6.47827
0.888758 6.70354
0.836459 8.61461
0.80151 5.92433
0.766194 6.41407
0.757878 7.32661
0.726959 7.51407
0.711203 7.45425
0.666094 6.32001
0.621756 8.85476
0.614928 6.70015
0.608616 8.58853
0.607216 8.50597
0.552999 8.84715
0.525914 8.20131
0.52516 6.30385
0.512841 8.07191
0.458457 7.40748
0.452006 9.68135
0.362452 6.22655
0.332242 8.17043
0.249907 6.66414
0.240586 8.31271
0.212213 9.3366
0.184425 6.65274
0.179593 7.39514
0.174196 8.40971
0.146852 9.47785
0.136156 7.22115
0.130143 7.67684
0.117913 7.29566
0.117184 8.19293
0.115683 10.9402
0.11513 9.12934
0.105964 7.64215
0.0769541 10.4763
0.061221 8.08558
0.0564607 8.60928
0.0420869 7.8521
0.0333987 9.50107
0.0308987 9.71385
0.029212 10.006
0.0236629 7.3891
0.0161114 7.25324
0.0156913 11.2841
0.00281991 9.21378
0.000954572 11.9717
0 0 0 0 0 0 0 0 1 0 
0.593633 0 0 0 0 0 0 0 0.406367 0 
0 0 0 0.322708 0 0 0 0 0.677292 0 
0 0 0 0 0 1 0 0 0 0 
0 0 0 0 0 0 0 0 0 1 
0 0 0 0 0 0 1 0 0 0 
0 0 1 0 0 0 0 0 0 0 
0 0 1 0 0 0 0 0 0 0 
1 0 0 0 0 0 0 0 0 0 
0 0 0 0 0 0 0 1 0 0 
0 0 0 0 0 0 0 0.627672 0 0.372328 
0 0 1 0 0 0 0 0 0 0 
0 0 0 0 1 0 0 0 0 0 
0 0 0 0 0 0 0 0 0 1 
0 0.603211 0 0 0 0.137484 0 0.259305 0 0 
0 0 0 0 0 0 0 0 0 1 
0 0 0 0 0 0 0 0 1 0 
0 0 0 1 0 0 0 0 0 0 
0 0.56828 0.43172 0 0 0 0 0 0 0 
0 0 0 0 0 0 1 0 0 0 
0 0 0 0 0 0 0 0 1 0 
0 0.614435 0 0 0.385565 0 0 0 0 0 
0 0 0 0 0 0 1 0 0 0 
0 0 0 0 0 1 0 0 0 0 
0 0 0 0 0 0 1 0 0 0 
0 0 0 1 0 0 0 0 0 0 
0 0 1 0 0 0 0 0 0 0 
0 0 0 0 0 1 0 0 0 0 
0.753233 0 0 0 0 0 0 0 0.246767 0 
0 1 0 0 0 0 0 0 0 0 
0 0 0 0 0 0 0 0 1 0 
0 1 0 0 0 0 0 0 0 0 
0 0 0 0 0 0 0 0 1 0 
0 0 0 0 0 0 0 0 1 0 
0 0 0 0 1 0 0 0 0 0 
0 1 0 0 0 0 0 0 0 0 
0.435571 0 0 0 0 0 0 0.564429 0 0 
0 0 0 0 1 0 0 0 0 0 
0 0 0.635072 0 0 0 0 0 0 0.364928 
0.529891 0.470109 0 0 0 0 0 0 0 0 
0 0 1 0 0 0 0 0 0 0 
0 1 0 0 0 0 0 0 0 0 
1 0 0 0 0 0 0 0 0 0 
0 1 0 0 0 0 0 0 0 0 
0 1 0 0 0 0 0 0 0 0 
0 0 0 1 0 0 0 0 0 0 
0 0 0 0 1 0 0 0 0 0 
0 0 0 0 0 0 0 0.52967 0.47033 0 
0 0 0 0 0.550028 0 0 0 0 0.449972 
0 0 0 1 0 0 0 0 0 0 
0 1 0 0 0 0 0 0 0 0 
0 0 0 0 0 0 0 1 0 0 
1 0 0 0 0 0 0 0 0 0 
0 0 0 1 0 0 0 0 0 0 
0 1 0 0 0 0 0 0 0 0 
1 0 0 0 0 0 0 0 0 0 
1 0 0 0 0 0 0 0 0 0 
0 0 0 0 0 0 0 0 1 0 
0 0 0 0 0 0 0 0 0 1 
0 0 1 0 0 0 0 0 0 0 
0 0 0 1 0 0 0 0 0 0 
0 0 0.611937 0 0 0.388063 0 0 0 0 
0 1 0 0 0 0 0 0 0 0 
1 0 0 0 0 0 0 0 0 0 
0 0 0 0 0 0 0 1 0 0 
0 0 0 0 0 1 0 0 0 0 
0 0 0 0 0 0 0 0 0 1 
0 0 0 0 0 0 0 0 1 0 
0 0 0 0 1 0 0 0 0 0 
0 0 1 0 0 0 0 0 0 0 
0 0 0 0 0 0 1 0 0 0 
0 0 0 0 0 0 0 0 1 0 
0 0 0 0 0 0 0.499145 0 0.500855 0 
0 0 0.336108 0 0 0 0 0.663892 0 0 
0 0 0 0.734879 0 0 0 0.265121 0 0 
0 0 0 0 0 0 0 1 0 0 
0 0 0 0 0 0 1 0 0 0 
0 0 0 0 0 0 0 0 0.448238 0.551762 
1 0 0 0 0 0 0 0 0 0 
0 0 0 0 0 0 0 0 1 0 
0 0 0 0 1 0 0 0 0 0 
0 0 0 0 0 0 1 0 0 0 
0 0 0 0 0 0 1 0 0 0 
0 0 0 0 0.175763 0 0 0 0 0.824237 
0 0 0 0 0 0 0.485028 0.514972 0 0 
0 0 0 0 0 1 0 0 0 0 
1 0 0 0 0 0 0 0 0 0 
0 0 0 0 0 0 0 0 0 1 
0 1 0 0 0 0 0 0 0 0 
0 0 1 0 0 0 0 0 0 0 
0 0 0 0 0 0 0 0 1 0 
0 1 0 0 0 0 0 0 0 0 
0 0 0 0 0 0 0 0 0 1 
0 0 1 0 0 0 0 0 0 0 
1 0 0 0 0 0 0 0 0 0 
0 0 0 0 0 0 0.37696 0.62304 0 0 
0 0 0 0 0 1 0 0 0 0 
0 0 0 0 0 0 0 0 0 1 
0 0 0 0 0 0 0 0 1 0 
0 0 1 0 0 0 0 0 0 0 
0 1 0 0 0 0 0 0 0 0 
0 0 0 0 0 0 0 0 1 0 
0 0 1 0 0 0 0 0 0 0 
0 0 0 0 0 0 0 0 1 0 
0 0 0 0 0 0 1 0 0 0 
0 0 0 1 0 0 0 0 0 0 
0 0.653022 0 0 0 0 0 0.346978 0 0 
0 0 0 0 0 0 0 0 0 1 
0 0 0 0 0 1 0 0 0 0 
0.653931 0 0 0 0.346069 0 0 0 0 0 
0 0 0 1 0 0 0 0 0 0 
0 1 0 0 0 0 0 0 0 0 
0 1 0 0 0 0 0 0 0 0 
0 1 0 0 0 0 0 0 0 0 
0 0 0 0 0 1 0 0 0 0 
0 0 0 0 0 1 0 0 0 0 
0 0 1 0 0 0 0 0 0 0 
0 0 0 0 0 0 0 0 1 0 
0 1 0 0 0 0 0 0 0 0 
0 0 0 0 0 0 0 0 0 1 
0 0 0 0 0 0 0 0 0 1 
0 0 1 0 0 0 0 0 0 0 
0 0 0 0 0 0 0 0 1 0 
0 1 0 0 0 0 0 0 0 0 
0 0 0 0.23463 0.154685 0 0 0.610686 0 0 
0 0 0 0 0 0 0 0 0 1 
0.193263 0 0 0 0 0.806737 0 0 0 0 
0 0 0 0 0 0 0 1 0 0 
0 0 1 0 0 0 0 0 0 0 
0 1 0 0 0 0 0 0 0 0 
0 0 0 1 0 0 0 0 0 0 
0 0 0 0 0.483766 0 0.516234 0 0 0 
1 0 0 0 0 0 0 0 0 0 
0 1 0 0 0 0 0 0 0 0 
0 1 0 0 0 0 0 0 0 0 
1 0 0 0 0 0 0 0 0 0 
0 0 0 0 0.335905 0 0.664095 0 0 0 
1 0 0 0 0 0 0 0 0 0 
0 0 0 1 0 0 0 0 0 0 
0 0 0 0 0 0 1 0 0 0 
0 0 0 0 1 0 0 0 0 0 
0 0 0 0 0 1 0 0 0 0 
0 0 0 0 0 0 1 0 0 0 
0 0 0 0 0 0 1 0 0 0 
0 1 0 0 0 0 0 0 0 0 
0 0 0 0 0 0 1 0 0 0 
0 0 0.60538 0 0 0.39462 0 0 0 0 
0 0.586989 0 0 0 0 0 0 0.413011 0 
0 0 0 0 0 1 0 0 0 0 
0 0 0 0 0 0 0 0 1 0 
