10 25
0.549638
0.692133
0.663816
0.691964
0.533458
0.429771
0.599487
0.25215
0.405592
0.717848
8.85488 1.54762
7.90416 0.953039
7.68163 1.19416
6.26074 1.95721
6.23036 1.99993
5.79169 3.59261
5.29001 1.42255
5.27891 3.38132
4.71968 3.4609
4.06175 4.74061
3.89349 4.27755
3.56014 4.99502
3.47508 3.79823
3.15014 4.58186
2.63865 3.4756
2.39543 4.64665
2.34396 4.31937
2.27545 3.68496
2.2088 6.04449
1.91529 6.81339
1.64831 4.18802
1.41191 6.78506
1.14316 6.40189
0.136837 7.10344
0.0176368 8.20674
0 0 0 1 0 0 0 0 0 0 
0 0 0 0 0 1 0 0 0 0 
0 0.782127 0 0 0 0 0.217873 0 0 0 
0 0 0 0 1 0 0 0 0 0 
0 0 1 0 0 0 0 0 0 0 
0 0 0 0 0 0 0 1 0 0 
0 0 0 0 1 0 0 0 0 0 
0 0 1 0 0 0 0 0 0 0 
1 0 0 0 0 0 0 0 0 0 
0 0 0 1 0 0 0 0 0 0 
0 0 0 1 0 0 0 0 0 0 
0 0 0 0 0.485133 0 0 0 0 0.514867 
0 0 0 0 0 0 0 0 1 0 
0 0 0.589092 0 0 0 0 0.410908 0 0 
0 0 0 0 1 0 0 0 0 0 
0 0 0 0 0 0 0 0 0.131329 0.868672 
0 0 0 1 0 0 0 0 0 0 
0 0 0 0 0 0 0 0 0 1 
0 0 0 0 0 0 1 0 0 0 
0 0 0 0 0 0 0 0 0 1 
0 0 0 0 1 0 0 0 0 0 
0 0 0 0 0 1 0 0 0 0 
0 0.591243 0 0 0.408757 0 0 0 0 0 
0 0 0 0 0 0 1 0 0 0 
0 0 0 0 0 0 0 1 0 0 
