10 100
0.304609
0.742553
0.643032
0.743576
0.481422
0.606298
0.267795
0.330008
0.382176
0.318766
10.8972 0.130224
10.716 0.330037
9.79968 0.485141
9.57026 0.214353
9.07383 0.698942
8.80213 0.548373
8.70171 1.31167
7.96199 0.43093
7.67146 0.612178
7.65742 0.70532
7.45426 0.130156
7.44959 0.895573
7.09999 2.38055
6.98777 2.21817
6.84443 1.58481
6.71711 1.96277
6.60651 1.89009
6.39759 1.40033
6.24669 2.75991
6.21185 0.857105
6.09366 2.00248
6.06814 1.02716
5.89696 2.01046
5.85841 1.35826
5.80153 2.22432
5.74834 2.11821
5.73116 2.9041
5.62814 2.90907
5.6264 2.02778
5.53464 2.67615
5.42866 1.45286
5.33585 1.67494
5.07291 3.28872
4.75917 4.55021
4.68444 3.37699
4.36889 3.55866
4.32522 4.47602
4.07401 4.03969
3.72371 3.8026
3.70488 3.25371
3.60559 3.81511
3.49057 3.599
3.425 2.93977
3.38365 3.84643
3.35566 2.98008
3.28675 4.11954
3.26337 3.02989
3.22907 4.32734
3.16566 3.60725
3.14675 4.42167
2.97521 4.38357
2.96252 4.14424
2.8933 4.9238
2.88811 4.90788
2.75838 3.18147
2.68628 3.97473
2.63287 4.83602
2.51982 4.932
2.51343 4.66348
2.40316 6.11201
2.3945 4.28234
2.39333 6.20713
2.39037 5.66255
2.2547 3.78061
2.25333 5.67528
2.21881 5.39001
2.12388 5.09587
2.03606 4.73584
2.01819 6.1515
1.94361 4.92908
1.84414 5.09144
1.54873 7.89321
1.34552 5.38203
1.26253 7.21135
1.21209 7.37059
1.21034 5.28276
1.13057 5.44187
1.05918 6.45998
1.03133 6.15968
0.755989 7.94838
0.742187 7.66302
0.720237 7.26966
0.715383 7.95352
0.69228 7.34425
0.688654 5.94726
0.627817 7.85761
0.595835 7.33214
0.588074 6.87673
0.202056 10.5179
0.193911 7.02142
0.162699 9.94055
0.161078 9.65969
0.158559 7.84943
0.147615 10.6336
0.0990803 8.17962
0.086102 9.25165
0.0497709 6.99125
0.0381316 9.86772
0.0122208 10.4707
0.00290112 8.43213
1 0 0 0 0 0 0 0 0 0 
0 0 0 0 0 0 1 0 0 0 
0 0 0 0 1 0 0 0 0 0 
1 0 0 0 0 0 0 0 0 0 
0 0 0 0 0 0 0 0 0 1 
0.458002 0 0 0 0 0 0 0 0 0.541998 
0 0 0.611511 0 0.388489 0 0 0 0 0 
0 0 0 0 0.742895 0 0.257105 0 0 0 
0 0 1 0 0 0 0 0 0 0 
0 0 0 0 0 0 0 1 0 0 
1 0 0 0 0 0 0 0 0 0 
0 0 0 0 0 0 0 0 1 0 
0 0 0 0 1 0 0 0 0 0 
1 0 0 0 0 0 0 0 0 0 
0 0 0 0 0 0 0 0 0 1 
0 0 0 0 0 0 1 0 0 0 
0 0 0 0 0 0 1 0 0 0 
0 1 0 0 0 0 0 0 0 0 
0 0 0 0 0 0 0 0 0 1 
0 0 0 0 0.779067 0.220933 0 0 0 0 
0 0 0 0 0 0 0 0 0 1 
0 0 0 0 1 0 0 0 0 0 
0 0.110492 0 0 0 0 0 0 0 0.889508 
0 0 0 0.580752 0 0 0 0 0 0.419248 
0 0 0.437714 0 0 0 0 0.562286 0 0 
0 0 1 0 0 0 0 0 0 0 
0 0 0 0 0 0 0 0 0 1 
0 0 1 0 0 0 0 0 0 0 
0 0 0 0 0 1 0 0 0 0 
0 0 1 0 0 0 0 0 0 0 
0 0 0 0 1 0 0 0 0 0 
0 0 0 0 1 0 0 0 0 0 
0 1 0 0 0 0 0 0 0 0 
0 0 1 0 0 0 0 0 0 0 
0 0 0 0 0 0 0 1 0 0 
1 0 0 0 0 0 0 0 0 0 
0 1 0 0 0 0 0 0 0 0 
0 0 0 0 0 0 0 0 1 0 
0 0 0 0 1 0 0 0 0 0 
0 0 0 0 0 0.77036 0 0.22964 0 0 
0 0 0.0971973 0 0.902803 0 0 0 0 0 
0 0 0 0 0 0 0 0 1 0 
0 1 0 0 0 0 0 0 0 0 
0 0 0 0 0 0.67517 0 0 0 0.32483 
0 0 0 0 1 0 0 0 0 0 
0 1 0 0 0 0 0 0 0 0 
0 0 0 0 0 0 0 0.662551 0 0.337449 
1 0 0 0 0 0 0 0 0 0 
0 0.331293 0 0 0 0 0 0 0.668707 0 
0.500349 0 0 0 0 0 0 0 0 0.499651 
0 0 0 0 0 0 0 0 0 1 
0 0 0 0 0 0 1 0 0 0 
0 0 0 0 1 0 0 0 0 0 
0 0 0 1 0 0 0 0 0 0 
0 0 0 0 0 0 1 0 0 0 
1 0 0 0 0 0 0 0 0 0 
1 0 0 0 0 0 0 0 0 0 
1 0 0 0 0 0 0 0 0 0 
0.6161 0 0 0 0 0.3839 0 0 0 0 
0 0 0 0 0 0 0 0 1 0 
0 0 0 0 1 0 0 0 0 0 
0 0 0 0 0 1 0 0 0 0 
0 0 0 0 0 1 0 0 0 0 
1 0 0 0 0 0 0 0 0 0 
0 0 0 0 0 0 0 1 0 0 
0 0 0 0 0 0 1 0 0 0 
0 0 0 0 0 0 0 0 0 1 
0 0 0 0 0 0 0 1 0 0 
0 0 0 0 0 0 0 1 0 0 
0 0 1 0 0 0 0 0 0 0 
0 1 0 0 0 0 0 0 0 0 
0 0 0.613938 0 0 0.386062 0 0 0 0 
0 0 0.355653 0 0.644347 0 0 0 0 0 
0 0 0 0 0.495214 0 0 0 0 0.504786 
0 0 0 0 0 0 0 0 0 1 
0 0 0 0 0 0 0 0 1 0 
0 0 1 0 0 0 0 0 0 0 
0 0 0 0 0 0 1 0 0 0 
0 0 0 0 0 0 0 0 0 1 
0 0 0 0 1 0 0 0 0 0 
0 0 0 0 0 0 1 0 0 0 
0 0 0 0 1 0 0 0 0 0 
0 0 0 0 1 0 0 0 0 0 
1 0 0 0 0 0 0 0 0 0 
0 0 1 0 0 0 0 0 0 0 
0 0 0 0 0 1 0 0 0 0 
0 0.28477 0 0 0 0 0.71523 0 0 0 
0 0 0 0 0 0 0 1 0 0 
1 0 0 0 0 0 0 0 0 0 
0 0 1 0 0 0 0 0 0 0 
0 0 0 0 1 0 0 0 0 0 
0 0 0 0 1 0 0 0 0 0 
0 0 0 0 0 1 0 0 0 0 
0 0 0 0 1 0 0 0 0 0 
0 0 0 0 0 0 1 0 0 0 
0 1 0 0 0 0 0 0 0 0 
1 0 0 0 0 0 0 0 0 0 
0 0 0 0 0.34386 0 0 0 0.265972 0.390168 
0 0 0 0 0 0 0 1 0 0 
0 0 0 0 0 0 1 0 0 0 
