10 50
0.700408
0.431967
0.583557
0.702036
0.4269
0.329256
0.497194
0.599713
0.417447
0.440835
10.5025 0.169373
10.4539 0.428625
10.3317 0.529364
9.73807 0.245876
6.84377 1.64857
6.54459 2.6319
6.50662 1.45291
6.33397 2.10876
6.32179 3.20191
6.11054 2.31127
5.96919 2.49786
5.73841 1.62996
5.65607 1.7606
5.58027 1.6418
5.45299 1.70898
5.42617 3.24516
4.80073 1.7913
3.96859 4.3508
3.78808 3.23953
3.71435 3.18743
3.60799 3.61419
3.41949 3.69097
3.22888 3.75276
2.58427 5.32266
2.13626 5.62179
2.07309 5.60512
1.96196 6.1404
1.65319 6.2025
1.58395 5.26577
1.49441 5.97676
1.21532 5.92037
1.07227 6.45812
1.01629 6.24661
1.00305 5.11171
0.991613 7.49545
0.990082 5.58704
0.789404 7.45577
0.708764 5.94096
0.591948 9.07112
0.558895 8.16733
0.430634 9.36539
0.371726 9.40242
0.348946 8.09676
0.333525 8.47046
0.256387 9.94061
0.221602 6.53978
0.185222 7.59935
0.168999 6.81554
0.147772 10.235
0.0428108 9.96258
0 0 0 0 0 0 1 0 0 0 
0 0 0 0 0 0 1 0 0 0 
0 0 0 1 0 0 0 0 0 0 
0.160071 0 0 0 0 0.839929 0 0 0 0 
0 0 0 0 0 0 0 0 1 0 
0 0 1 0 0 0 0 0 0 0 
0 0 0 0 0 0 0 0 1 0 
0 0 0 1 0 0 0 0 0 0 
0 0 0 0 1 0 0 0 0 0 
0 0 0 0 0 1 0 0 0 0 
0 0.589238 0 0.410762 0 0 0 0 0 0 
0 0 0 0 0 0 0 1 0 0 
0 0 0 1 0 0 0 0 0 0 
0 0 0 0 0 1 0 0 0 0 
0 0 0 0 0 0 1 0 0 0 
0 0 0 0 0 0 1 0 0 0 
0 0 0 0 0 0 0 0 0 1 
0 0 0 0 0 0 0 0 0 1 
0 0 1 0 0 0 0 0 0 0 
0 0 0 1 0 0 0 0 0 0 
0 0 0 0 0 0 0 1 0 0 
1 0 0 0 0 0 0 0 0 0 
0 0 0 0 0 0 1 0 0 0 
0 0 0 0 0 0 1 0 0 0 
0 0 0.519766 0 0 0 0 0 0 0.480234 
1 0 0 0 0 0 0 0 0 0 
0 0 0 1 0 0 0 0 0 0 
0 0.496021 0 0.503979 0 0 0 0 0 0 
0 0 1 0 0 0 0 0 0 0 
0 1 0 0 0 0 0 0 0 0 
0 0 0 0 0 0 1 0 0 0 
0 0 1 0 0 0 0 0 0 0 
1 0 0 0 0 0 0 0 0 0 
0 0 0 0 0 0 0 0 1 0 
1 0 0 0 0 0 0 0 0 0 
0 0 0 1 0 0 0 0 0 0 
0 0 0 0.471065 0 0 0 0 0.528935 0 
0 0 0 0 1 0 0 0 0 0 
0 0 0 0 0 0 0 0 1 0 
0 0 0 0 0 0 1 0 0 0 
0 1 0 0 0 0 0 0 0 0 
0 0 0.519283 0 0 0 0.480717 0 0 0 
0 0 0 0 1 0 0 0 0 0 
0 0 0.421517 0 0 0 0 0 0.578483 0 
0.513687 0 0 0.18121 0 0.305104 0 0 0 0 
0 0 0 0 0 0.43439 0 0.56561 0 0 
0 0 1 0 0 0 0 0 0 0 
0 0 0 0 0 0 0 1 0 0 
0 0 0 0 0 0 0 0 0 1 
0 0 0 0 0 1 0 0 0 0 
