10 500
0.47752
0.504627
0.699296
0.283559
0.535883
0.593464
0.43676
0.345244
0.371208
0.522459
11.5955 0.205263
10.9123 0.429566
10.7178 0.187188
10.5246 0.121623
10.4935 0.708383
10.4831 0.697691
10.2449 0.932419
10.2435 0.339493
10.1169 0.570831
10.1155 0.360765
9.82342 0.246755
9.74987 0.942436
9.66139 1.00692
9.6238 1.05169
9.51497 0.64763
9.46826 1.37413
9.23656 0.507284
9.23098 0.455395
9.21853 1.03908
9.19737 1.42781
9.18477 1.13391
9.06627 1.36028
9.05683 1.48624
9.01483 1.06433
8.99825 0.637653
8.98889 0.961281
8.98046 0.991608
8.83866 1.33828
8.80407 0.240328
8.7533 1.49013
8.66947 1.15871
8.66164 0.95539
8.60689 0.983001
8.57012 0.258237
8.56249 0.144203
8.55137 1.47873
8.53064 0.746338
8.51203 0.329217
8.49847 0.248794
8.43984 0.772204
8.41051 1.89169
8.4042 0.810182
8.37919 0.233123
8.34321 0.191181
8.26572 0.625241
8.26027 0.620094
8.06567 1.76376
8.01981 1.25695
7.97464 1.74345
7.97389 1.65513
7.96952 1.18575
7.94945 1.62359
7.80289 1.0891
7.7994 0.616793
7.72914 1.51906
7.71323 0.0862527
7.66953 1.90776
7.6504 1.67371
7.55688 0.406522
7.52501 1.50009
7.47481 1.14601
7.43092 2.47182
7.42887 1.19977
7.26074 1.43073
7.24567 0.770432
7.24112 1.32479
7.22124 0.453939
7.22117 0.804297
7.17566 0.25064
7.15789 2.43507
7.15708 2.57146
7.14912 2.30642
7.14113 1.9999
7.1197 1.41269
7.08422 1.74433
7.05985 1.99146
7.05358 1.82895
7.04525 0.565078
7.02303 2.57737
7.00779 1.26926
6.99868 1.025
6.90801 0.635929
6.90315 0.853561
6.89788 2.81968
6.83488 1.94948
6.81938 1.94856
6.81804 2.7194
6.81243 2.43901
6.76959 0.670168
6.75389 2.08916
6.67475 2.67279
6.65084 2.43464
6.65083 3.2053
6.59706 1.14332
6.50392 2.59853
6.49165 1.32205
6.46741 1.94236
6.44603 3.01119
6.42215 1.69121
6.41982 1.72153
6.34379 1.19957
6.3062 1.88901
6.30537 2.63694
6.25275 2.45118
6.24471 1.53505
6.19298 0.787135
6.12026 1.78825
6.11323 2.65871
6.10447 2.61613
6.09341 1.95799
6.08973 1.80955
6.06679 2.06748
6.05557 2.27871
6.05124 1.68875
6.04856 2.16511
6.02415 2.15543
6.00195 2.48782
5.99686 2.66013
5.97605 2.32683
5.97136 2.08189
5.89265 2.42819
5.65947 3.19428
5.64647 1.24718
5.60313 2.61759
5.53551 3.80692
5.5291 1.92478
5.49792 3.12684
5.40354 4.09206
5.39492 3.74519
5.38841 2.11616
5.3562 1.7776
5.35299 2.93768
5.31961 1.80065
5.29209 2.24072
5.26758 1.98669
5.24864 2.70048
5.21056 3.02566
5.19131 2.82564
5.1507 3.48831
5.11564 1.73837
5.09032 3.35608
5.08378 1.47276
5.05725 2.67375
5.01878 1.92348
5.0041 2.29951
4.99667 2.58588
4.98136 1.99315
4.93037 3.45761
4.91869 2.00543
4.91069 3.97137
4.90571 2.84764
4.9039 2.64626
4.88789 2.79968
4.88708 2.20323
4.87972 3.7006
4.86951 2.79119
4.82912 4.12306
4.82794 2.18962
4.80083 3.25554
4.70131 4.16676
4.69826 3.40251
4.68521 2.92563
4.64334 4.22878
4.61798 3.9643
4.6155 2.30672
4.60747 3.40424
4.60124 3.28993
4.59905 3.70228
4.59867 4.15768
4.56459 3.29834
4.56442 4.38226
4.56393 2.63032
4.54256 2.81126
4.52083 3.67555
4.49225 3.00008
4.47395 3.55731
4.4566 3.64148
4.33542 3.83993
4.32805 4.21069
4.2814 4.1328
4.25151 2.65516
4.218 2.77449
4.19921 2.32293
4.19831 3.49616
4.18942 4.11535
4.16457 2.9632
4.12911 3.32338
4.11467 4.85973
4.10948 3.46577
4.09477 2.99944
4.09022 3.06703
4.09018 4.10514
4.07351 3.1509
4.01956 2.94754
3.99647 4.2838
3.94515 5.38216
3.93087 3.99514
3.91661 2.79572
3.89964 4.3941
3.85857 3.63583
3.78 3.43656
3.77826 4.83157
3.76991 4.32423
3.76402 3.31151
3.75868 3.60684
3.74798 3.44923
3.70683 3.51466
3.68166 3.23113
3.66311 3.18367
3.63122 3.50772
3.61052 3.49861
3.60233 3.89667
3.5774 4.05974
3.52165 4.41674
3.47007 4.37548
3.45583 4.58532
3.44941 3.68884
3.42749 4.11364
3.42231 3.43479
3.4196 5.28381
3.39743 4.34342
3.37357 4.57953
3.32137 4.49149
3.29377 4.5989
3.28994 3.55194
3.26665 3.20601
3.26202 5.20055
3.2503 4.94238
3.1868 5.53869
3.1811 4.44844
3.15012 5.31621
3.14304 4.84949
3.1293 3.84324
3.10935 4.62191
3.10803 5.4398
3.10537 4.16572
3.02651 3.5114
3.02134 4.76375
2.99098 5.42541
2.98592 4.73303
2.96821 4.78402
2.96255 4.89851
2.95525 4.68915
2.95011 4.75782
2.91221 3.3893
2.91143 4.36892
2.91029 5.8882
2.90672 3.94592
2.90207 5.39133
2.89615 4.60763
2.88422 4.30808
2.86922 4.18331
2.79117 4.08651
2.77369 4.45805
2.74487 3.70108
2.70704 4.38922
2.69147 3.87121
2.68681 5.46818
2.65514 5.67115
2.65098 4.57072
2.62672 4.18594
2.62412 5.00825
2.60894 4.11976
2.60674 6.07839
2.59589 4.38662
2.52512 5.15801
2.49606 6.11276
2.42734 5.64431
2.42625 6.3674
2.40817 4.85038
2.3639 4.09047
2.34974 4.96494
2.31351 4.37415
2.31215 4.74429
2.31042 6.61793
2.30929 5.07925
2.30406 3.98934
2.29773 4.55257
2.28854 3.82681
2.27501 5.74685
2.25607 5.63625
2.22982 5.08785
2.22208 5.12314
2.18276 3.93694
2.17684 4.26647
2.13697 4.79776
2.11965 5.48024
2.10962 6.77467
2.07443 5.24102
2.06773 4.45477
2.06434 6.2839
2.06427 4.03256
2.0485 4.0257
2.04601 3.88604
2.03595 6.72852
2.01493 7.23254
2.00808 5.91015
2.00797 6.42821
1.99439 6.32974
1.97822 4.9469
1.95349 6.07203
1.90831 6.62822
1.87762 5.79024
1.84808 6.19758
1.84429 5.65343
1.80646 4.59332
1.77807 6.65497
1.77227 4.59699
1.75541 6.12783
1.74482 5.66711
1.74031 5.68692
1.73281 5.91675
1.71514 4.63294
1.68618 7.16412
1.68042 5.9347
1.65824 5.7364
1.65802 4.10832
1.61168 6.39359
1.60895 5.55634
1.6021 7.30985
1.59031 4.95131
1.56239 5.20343
1.55859 7.06702
1.54678 5.22758
1.54288 7.20588
1.52021 6.0037
1.51287 4.72072
1.50527 4.59912
1.49553 5.20427
1.48776 7.37975
1.47909 4.99243
1.47811 5.04094
1.45388 6.53895
1.44942 4.53481
1.41935 7.07236
1.41555 7.73307
1.4068 5.82711
1.40653 4.42355
1.37852 4.7384
1.33206 5.72908
1.31458 8.33322
1.30663 7.9866
1.29765 6.12556
1.29201 7.43752
1.27569 5.42541
1.27504 7.82681
1.25311 5.5502
1.22716 7.1921
1.21191 5.71284
1.19417 5.61577
1.18533 5.84015
1.08805 6.45845
1.07373 7.93189
1.06989 7.24561
1.05417 5.01869
1.04694 7.54082
1.02169 5.91126
0.994883 6.98577
0.989554 7.39137
0.988403 7.11538
0.987646 8.49553
0.986548 6.64781
0.968191 6.34549
0.955699 7.07051
0.950823 7.29422
0.916439 7.60957
0.900273 5.2437
0.89771 7.3479
0.878793 8.34014
0.872081 8.55905
0.870456 8.06933
0.848301 6.57115
0.821826 5.68877
0.790834 6.50183
0.784086 8.36226
0.775969 6.34821
0.772968 8.60765
0.759322 9.10778
0.74394 6.53594
0.732422 6.73588
0.730374 6.12228
0.711035 6.05236
0.707068 6.26606
0.702088 7.89666
0.687889 5.69978
0.672916 8.20721
0.66172 5.584
0.658274 8.68825
0.651915 9.46558
0.632098 6.98584
0.626323 7.43457
0.624751 8.65717
0.570145 9.13429
0.566168 7.2143
0.538843 6.06312
0.536773 9.06925
0.536678 6.19609
0.532993 5.80422
0.524014 7.74163
0.521831 6.65134
0.515842 9.11314
0.507361 8.86181
0.502871 7.92016
0.502616 7.76264
0.499969 7.69748
0.492661 6.74466
0.486915 6.61352
0.485053 8.11935
0.477352 8.15956
0.473508 6.23367
0.467689 9.09584
0.460152 8.59356
0.459721 8.5638
0.454186 8.61883
0.438048 9.47415
0.428051 9.9783
0.427307 8.2421
0.422578 5.95705
0.420274 9.63994
0.407428 6.21659
0.406847 9.49139
0.400866 6.521
0.398961 6.81325
0.398791 9.27354
0.38588 8.02934
0.372874 9.17912
0.36142 7.75252
0.345395 7.93961
0.338236 7.35081
0.331584 6.5894
0.327015 9.28366
0.325961 9.32935
0.321488 10.0449
0.300783 7.4352
0.28936 8.75779
0.26514 9.70711
0.265033 9.36437
0.26286 8.29597
0.262769 8.39601
0.25601 9.05698
0.247754 10.1272
0.246048 7.71986
0.244226 6.47464
0.241612 6.73638
0.241449 6.68682
0.24109 6.44759
0.222815 7.69829
0.217192 8.56418
0.202498 10.6
0.193495 10.8244
0.192561 6.91844
0.184205 6.60185
0.156537 7.16458
0.156093 7.0978
0.155906 7.45834
0.154506 10.1123
0.150048 7.01743
0.148729 10.2089
0.141477 10.5986
0.138071 10.6695
0.129236 8.0925
0.127938 9.94237
0.126993 9.60262
0.116641 7.31349
0.111985 10.6105
0.0952963 8.41304
0.0940786 9.5348
0.0886294 10.8254
0.0880416 9.59073
0.0853733 9.72243
0.0760798 10.1249
0.0726692 11.4313
0.0650865 8.42158
0.0646918 7.04206
0.0642697 9.88723
0.06035 9.62189
0.0536682 9.73666
0.0521576 10.4376
0.0472652 9.20371
0.0470352 8.82049
0.0463881 7.85125
0.0454972 8.82254
0.0417718 8.71198
0.0392841 10.8074
0.0382469 9.74016
0.0330258 10.2016
0.0327721 10.0985
0.0228633 9.05913
0.0185386 7.67064
0.0184511 9.00054
0.0175447 8.01227
0.0167905 9.29145
0.012929 9.18218
0.0118458 11.7832
0.00837516 7.48607
0.00718533 8.16666
0.00718288 8.97381
0.00637077 10.9235
0.0059154 11.6201
0.00571875 9.38256
0 0 1 0 0 0 0 0 0 0 
0 0 0 0 0 0 0 1 0 0 
0 0 0 0 0 0 0 0 1 0 
0 0 0 0 0 0 0 0 1 0 
0 1 0 0 0 0 0 0 0 0 
0 0 0 1 0 0 0 0 0 0 
0 0 0 0 0 0 1 0 0 0 
0 1 0 0 0 0 0 0 0 0 
0 1 0 0 0 0 0 0 0 0 
0 0 0 0 0 0 0 1 0 0 
0 0 0 0 0 0.626776 0 0.373224 0 0 
0 0 0 0 0 0.714643 0 0 0 0.285357 
0 0 1 0 0 0 0 0 0 0 
0 0 1 0 0 0 0 0 0 0 
0 0 0 0 0 0 0 0 0 1 
0 0 0 0 0 0 1 0 0 0 
1 0 0 0 0 0 0 0 0 0 
0 0 0 0 0 0 0 0 1 0 
0 0 0 0 0 0 0 1 0 0 
0 1 0 0 0 0 0 0 0 0 
0 1 0 0 0 0 0 0 0 0 
0 0 0 1 0 0 0 0 0 0 
0 0 0 0 0 1 0 0 0 0 
0 0 0 0 0 1 0 0 0 0 
0 0 0 0 0 0 1 0 0 0 
0 0 0 0 0 0 1 0 0 0 
0 0 0 0 0 0 0 0 0 1 
0 1 0 0 0 0 0 0 0 0 
0 0 1 0 0 0 0 0 0 0 
0 0 0 0 0 0 1 0 0 0 
0 0 1 0 0 0 0 0 0 0 
0 0 1 0 0 0 0 0 0 0 
0 0 0 0 0 0 0 0 1 0 
0 0 1 0 0 0 0 0 0 0 
0 0 0 0 0 0 0 1 0 0 
0 0 0 0 0 1 0 0 0 0 
0 0 0 0 0 0 0 0 1 0 
0 0 0 0 0 0 0 0.485259 0 0.514741 
0 0 1 0 0 0 0 0 0 0 
0 1 0 0 0 0 0 0 0 0 
0 0 0 0.0934618 0.374587 0 0.531952 0 0 0 
1 0 0 0 0 0 0 0 0 0 
1 0 0 0 0 0 0 0 0 0 
0 0 0 0 0 0 0 1 0 0 
0 0 0 0 0 1 0 0 0 0 
0 0 0 1 0 0 0 0 0 0 
0 0 0 0 0 0 0 0 1 0 
1 0 0 0 0 0 0 0 0 0 
0 0 0 0 0 0 1 0 0 0 
0 0 1 0 0 0 0 0 0 0 
0 0 0 0 0 1 0 0 0 0 
0 0 1 0 0 0 0 0 0 0 
0 0 0 0 0 1 0 0 0 0 
0 0 0 0 0 0 0 0.787285 0 0.212715 
0 0 0 1 0 0 0 0 0 0 
0 0 0 0 0 0 0 1 0 0 
0 0 0 0 0 0 1 0 0 0 
0 0 0 0 0 0 1 0 0 0 
0 0 0 0 0 0 0 0 0 1 
1 0 0 0 0 0 0 0 0 0 
0 0 0 0 0 0 0 0 0 1 
0 1 0 0 0 0 0 0 0 0 
1 0 0 0 0 0 0 0 0 0 
0 0 0 1 0 0 0 0 0 0 
0 0 0 1 0 0 0 0 0 0 
1 0 0 0 0 0 0 0 0 0 
0.123951 0 0 0.17794 0 0 0 0 0.342562 0.355547 
0 0 0 0.889023 0 0 0 0 0.110977 0 
0 0 0 0 1 0 0 0 0 0 
0 0 0 0 0 0 1 0 0 0 
0 0 0 0 0 0 0 0 0 1 
0 0 0 0 0 0 0 0 1 0 
0 1 0 0 0 0 0 0 0 0 
0 0 0 0.264 0 0 0.736 0 0 0 
0 0 0 0 0 0 0 0 0 1 
0 0 0 0 0 1 0 0 0 0 
0 0 0 0 0 0 0 1 0 0 
0 0 0 0 0 0 1 0 0 0 
0 0 0 0 0 0 0 0 1 0 
0 0 0 0 1 0 0 0 0 0 
0 0 0 0 0 0 1 0 0 0 
0 0 1 0 0 0 0 0 0 0 
0 0 0 0 0 0 0 0 0 1 
0 0 0 0 0 0 0 0 1 0 
0 0 0 0 0 0 1 0 0 0 
0 1 0 0 0 0 0 0 0 0 
0 0 0 0 0 0 0 0 0 1 
0 0 0.260327 0 0 0 0 0 0 0.739673 
0 0 0 0 0 1 0 0 0 0 
0 0 1 0 0 0 0 0 0 0 
0.525239 0.474761 0 0 0 0 0 0 0 0 
0 0 0.437322 0 0.562678 0 0 0 0 0 
0 0 0 0 1 0 0 0 0 0 
0 0 0 0 0.430833 0.569167 0 0 0 0 
0 1 0 0 0 0 0 0 0 0 
0 0 0 0 0 0.452342 0.547658 0 0 0 
0 0.507572 0 0 0 0 0.492428 0 0 0 
0 0 0 0 0 0 0 0 0 1 
0 0 0 1 0 0 0 0 0 0 
0 0 0 0 0 0 0 0 0 1 
0 0 0 1 0 0 0 0 0 0 
0 0 0 0 0 1 0 0 0 0 
0.716359 0 0 0 0 0 0 0.283641 0 0 
0 0 0 0 1 0 0 0 0 0 
0 0 0 0 1 0 0 0 0 0 
1 0 0 0 0 0 0 0 0 0 
0 0 0 0 1 0 0 0 0 0 
0 0 0.83489 0.16511 0 0 0 0 0 0 
0 0 0 0 0 0 1 0 0 0 
0 0 1 0 0 0 0 0 0 0 
0 0 0 0 0 0.361877 0 0 0.638123 0 
0 0 0 0 0 0 0.472679 0 0 0.527321 
0 0 0 0 0 0 0 0.40939 0.59061 0 
1 0 0 0 0 0 0 0 0 0 
0 0 0 0.14973 0 0 0.85027 0 0 0 
0 1 0 0 0 0 0 0 0 0 
1 0 0 0 0 0 0 0 0 0 
1 0 0 0 0 0 0 0 0 0 
0 0 0 0 1 0 0 0 0 0 
0 0 0 0 0 0 0 1 0 0 
0 0 0.536806 0.463194 0 0 0 0 0 0 
0 0 0 1 0 0 0 0 0 0 
0 0 0 1 0 0 0 0 0 0 
0 0 0 0 0.246903 0.753097 0 0 0 0 
0 0 0 1 0 0 0 0 0 0 
0 0 0 0 0 0 0 1 0 0 
0 0 0 0 0 0 0 1 0 0 
0 0 0 0 0 0 0 1 0 0 
1 0 0 0 0 0 0 0 0 0 
0 0 0.468867 0 0 0 0.531133 0 0 0 
0 0 0 0 0 0 0 0 1 0 
0 1 0 0 0 0 0 0 0 0 
0 0 0 0 1 0 0 0 0 0 
1 0 0 0 0 0 0 0 0 0 
0 0 0 0 0 0 0 1 0 0 
0 0 0 0 0 0 0 0 1 0 
0 0 0.617824 0 0 0 0.382175 0 0 0 
0 0 0 0 0 1 0 0 0 0 
0 0 0 0 0 0 0 0 1 0 
0 0 0 0 0 0 0 0 1 0 
1 0 0 0 0 0 0 0 0 0 
0 0 0 0 1 0 0 0 0 0 
1 0 0 0 0 0 0 0 0 0 
0 0 1 0 0 0 0 0 0 0 
0 0 0 0 0 0 0 0.149462 0 0.850538 
0 0 0 0 0 1 0 0 0 0 
0 0 0 0 0 0 1 0 0 0 
0 0 0 0 0 0 0.23087 0 0.76913 0 
0 0 0 0.44763 0 0 0 0 0 0.55237 
0 0.60029 0 0 0 0 0 0 0.39971 0 
0 0 0 0 0 1 0 0 0 0 
0 0 0 0 0 1 0 0 0 0 
0 0 1 0 0 0 0 0 0 0 
0 1 0 0 0 0 0 0 0 0 
0 0 1 0 0 0 0 0 0 0 
0 0 0.74931 0 0 0 0.25069 0 0 0 
0 0 0 0 0 0 1 0 0 0 
1 0 0 0 0 0 0 0 0 0 
0 0 0 0 0 0 0 0 1 0 
0 0 0 0 0 0 0 0 1 0 
0 0 1 0 0 0 0 0 0 0 
0 0 0 0 0 0 1 0 0 0 
0 1 0 0 0 0 0 0 0 0 
1 0 0 0 0 0 0 0 0 0 
0.297822 0 0 0 0 0 0.702178 0 0 0 
0 0 0 0 0 0 1 0 0 0 
0 1 0 0 0 0 0 0 0 0 
0 0 0 0 0 0 1 0 0 0 
0 0 0 1 0 0 0 0 0 0 
0 0 0 0 0 1 0 0 0 0 
0 0 0 0 0 0 0 0 1 0 
0.503903 0 0 0.206115 0 0 0 0 0.289982 0 
0 0 0 0 0 1 0 0 0 0 
0 0 1 0 0 0 0 0 0 0 
0 0.238975 0 0 0 0 0 0 0 0.761025 
0 0 0 1 0 0 0 0 0 0 
0 0 0 0 0 1 0 0 0 0 
0 0 1 0 0 0 0 0 0 0 
0 0 1 0 0 0 0 0 0 0 
0.415238 0 0 0 0 0 0 0.584762 0 0 
0 0 0 0 1 0 0 0 0 0 
0 0 0 0 0 0 0 1 0 0 
0.414132 0 0 0 0 0 0.585868 0 0 0 
0 1 0 0 0 0 0 0 0 0 
0 0 1 0 0 0 0 0 0 0 
0 0 0 0 0 0 1 0 0 0 
0 0 0 0 0 1 0 0 0 0 
0 0 0 0 0.177413 0 0.329079 0.493508 0 0 
0 0 0 1 0 0 0 0 0 0 
0 0 0 0.253834 0 0.746166 0 0 0 0 
0 0 0 0 0 0.257136 0 0 0 0.742864 
0 0 0 0 0 0 0 0 1 0 
0 0 0.572195 0 0 0 0 0 0.427805 0 
0 1 0 0 0 0 0 0 0 0 
0 0 0 0 1 0 0 0 0 0 
0 0 0 1 0 0 0 0 0 0 
0 0 0 0 1 0 0 0 0 0 
0 0 0 0 0 0 1 0 0 0 
0 0 0 0 0.209717 0.378569 0 0.411714 0 0 
0 0.392861 0 0 0 0.308998 0.298141 0 0 0 
0 0 0 0 1 0 0 0 0 0 
0 0 0 0 0 0 0 0 0 1 
0 0 1 0 0 0 0 0 0 0 
0 1 0 0 0 0 0 0 0 0 
0 0 0 0 1 0 0 0 0 0 
0.598005 0 0 0 0 0 0 0 0.401995 0 
0 0 0 0 0 0 1 0 0 0 
0 0 0 0.622773 0 0 0 0 0 0.377227 
1 0 0 0 0 0 0 0 0 0 
0 0 0 0 0 0 0.537783 0.462217 0 0 
1 0 0 0 0 0 0 0 0 0 
0 0 0 0 1 0 0 0 0 0 
0 1 0 0 0 0 0 0 0 0 
0 0 0 0 0 0 1 0 0 0 
0 0 0 0 0 0 0 1 0 0 
0 0 0 0 0 1 0 0 0 0 
0 0 0 0 0 1 0 0 0 0 
0 0 1 0 0 0 0 0 0 0 
0.662537 0 0.337463 0 0 0 0 0 0 0 
0 0 1 0 0 0 0 0 0 0 
1 0 0 0 0 0 0 0 0 0 
0 1 0 0 0 0 0 0 0 0 
0 0 1 0 0 0 0 0 0 0 
0 0 1 0 0 0 0 0 0 0 
0 0.747435 0.252565 0 0 0 0 0 0 0 
0 0.553861 0 0 0 0 0 0.446139 0 0 
0 0 0 0 0 0 0 0.514415 0 0.485585 
0 0 0 0 0 0 0 1 0 0 
0 0 1 0 0 0 0 0 0 0 
0 0 0 0 0 0 0 1 0 0 
0 0 1 0 0 0 0 0 0 0 
0 0 1 0 0 0 0 0 0 0 
0 0 0 0 0 0 0 0 0 1 
0 0 0 0 1 0 0 0 0 0 
0 0 0 0 0 0 0 0 1 0 
0 0 0 0 0 0 0 0 1 0 
1 0 0 0 0 0 0 0 0 0 
0 0 0 0 0 1 0 0 0 0 
0 0 0 0 0 0 0 0 0 1 
0 0 0 0 0 0 1 0 0 0 
0 0 0 0 0 0 0 1 0 0 
0 0.143492 0 0.856508 0 0 0 0 0 0 
0 0 0 0 0 0 1 0 0 0 
0 0 0 0 0 0 0 0 1 0 
0 0 0 0 0 1 0 0 0 0 
0 0 0 0 0 0 0 0 1 0 
0 0 0 0 0 0 0 0 0 1 
0 0 0 0 0 1 0 0 0 0 
0 0 0 0 0 1 0 0 0 0 
0 1 0 0 0 0 0 0 0 0 
0 0 0 0 0 0 0 1 0 0 
0 1 0 0 0 0 0 0 0 0 
0 0 0 0 0 0 0 0 0 1 
0 0.758199 0 0 0 0 0 0 0 0.241801 
0 0 0 0 0 0 1 0 0 0 
0 0.311288 0 0 0 0 0 0 0.205676 0.483036 
0 1 0 0 0 0 0 0 0 0 
0 1 0 0 0 0 0 0 0 0 
0 0 0 0 0 0 1 0 0 0 
0 0 0 0 0 1 0 0 0 0 
0 0 0 0 0 1 0 0 0 0 
1 0 0 0 0 0 0 0 0 0 
0 0 0 0 1 0 0 0 0 0 
0 0 0 0 0 1 0 0 0 0 
0 0 0 0 0 0 1 0 0 0 
0 0.626146 0 0.373854 0 0 0 0 0 0 
0 0 0 0 0 0 0 1 0 0 
0 0 1 0 0 0 0 0 0 0 
0 0 1 0 0 0 0 0 0 0 
0 0 0 0 0 0 1 0 0 0 
0 1 0 0 0 0 0 0 0 0 
0 0 0 1 0 0 0 0 0 0 
0 0 1 0 0 0 0 0 0 0 
1 0 0 0 0 0 0 0 0 0 
0 0 0 0 1 0 0 0 0 0 
0 1 0 0 0 0 0 0 0 0 
0 1 0 0 0 0 0 0 0 0 
0 0 0 0 0 0 1 0 0 0 
0 0 0 0 0 0 0 1 0 0 
0 0 0 0 0 0.589022 0.240327 0 0.170651 0 
0.329609 0 0 0 0 0 0 0 0.670391 0 
0 0 0 0 0 0 0 1 0 0 
0 0 0 0 1 0 0 0 0 0 
0 0 0.582883 0.417117 0 0 0 0 0 0 
0 0 0 1 0 0 0 0 0 0 
0 0 0 0 0 0 0.403864 0 0 0.596136 
0 0 0 0 0 0 1 0 0 0 
0 0 0 0 0 0 0 0 1 0 
0 0 0 0 0 0.512878 0 0.487122 0 0 
0 0 0 0 0 0 0 1 0 0 
0 0 0 0.260234 0 0 0.739766 0 0 0 
0.542956 0.457044 0 0 0 0 0 0 0 0 
0 0 0 0 0 0 0 0 0 1 
0 0 0 1 0 0 0 0 0 0 
1 0 0 0 0 0 0 0 0 0 
1 0 0 0 0 0 0 0 0 0 
0 0 0 0 0 0 0 0.227693 0.772307 0 
0 0 0 0 0 1 0 0 0 0 
0 0 0 0 0 0 1 0 0 0 
1 0 0 0 0 0 0 0 0 0 
0 0 0 0 0 0 1 0 0 0 
0 0.654697 0 0 0 0.345303 0 0 0 0 
0 0 0 0 0 0 0 1 0 0 
0 0 1 0 0 0 0 0 0 0 
0 0 0 1 0 0 0 0 0 0 
0 0 0 0 1 0 0 0 0 0 
0 0 0 0 0 0 0 0 1 0 
0 0 0 0 0 0 0 1 0 0 
0 0 0 1 0 0 0 0 0 0 
0 0 0 0 1 0 0 0 0 0 
1 0 0 0 0 0 0 0 0 0 
0 0 1 0 0 0 0 0 0 0 
0 0 1 0 0 0 0 0 0 0 
0 0 0 1 0 0 0 0 0 0 
0 0 0 0 0 1 0 0 0 0 
0 0 0 0 0 0 0 0 1 0 
0 1 0 0 0 0 0 0 0 0 
0 0 0 0 0 0 1 0 0 0 
0 0 0 0 0 0 0 0 1 0 
0 0 1 0 0 0 0 0 0 0 
0 0 0 0 0.334677 0 0 0.362667 0.302656 0 
0 1 0 0 0 0 0 0 0 0 
0 0 1 0 0 0 0 0 0 0 
0 0 0 0 1 0 0 0 0 0 
0.510678 0 0 0.489322 0 0 0 0 0 0 
1 0 0 0 0 0 0 0 0 0 
0 0.372028 0 0.627972 0 0 0 0 0 0 
0 1 0 0 0 0 0 0 0 0 
0 1 0 0 0 0 0 0 0 0 
0 0 0 0 1 0 0 0 0 0 
0.458212 0 0 0 0 0 0 0 0.541788 0 
0 0 0 0 0 0 0 0 0 1 
0 0 0 0 0 0 0 1 0 0 
0 0 0 0 0 0 0 0 1 0 
0 0 0 0 1 0 0 0 0 0 
0 0 0 0 0 0 0 1 0 0 
0 0 0 0 0 0 0 0 0 1 
0 0 0 0 0 0 0 0 1 0 
0 0 0 0 0 0 0 0 0 1 
0 0 0 0 0 0 0 0 1 0 
0 1 0 0 0 0 0 0 0 0 
0 1 0 0 0 0 0 0 0 0 
0 0 1 0 0 0 0 0 0 0 
0 1 0 0 0 0 0 0 0 0 
0 0 0 0 0 0 0 1 0 0 
1 0 0 0 0 0 0 0 0 0 
0 0 0 0 0 0 0 0 0 1 
0 0 0 0 0 1 0 0 0 0 
0 0 0 0 0 0 1 0 0 0 
0 0 0 0.478747 0 0 0.521253 0 0 0 
0 0 0 0 0 1 0 0 0 0 
0 0 0.370256 0.629744 0 0 0 0 0 0 
1 0 0 0 0 0 0 0 0 0 
0 0 0 0 0 0 1 0 0 0 
0 0 0 0 1 0 0 0 0 0 
0 0 0 0 0 0 0 0 0 1 
0 0 0 0 1 0 0 0 0 0 
0 1 0 0 0 0 0 0 0 0 
0 0 0 0 0.290619 0 0 0 0.709381 0 
1 0 0 0 0 0 0 0 0 0 
0 0 0 0 0 0 0 0 0 1 
0 0 0 0 0 0 0 1 0 0 
0 1 0 0 0 0 0 0 0 0 
0 0 0 0 0 0 1 0 0 0 
0 0 0 0 0 0 1 0 0 0 
0 0 0 0 0 0 0 1 0 0 
1 0 0 0 0 0 0 0 0 0 
0 0.779773 0 0 0 0 0 0.220227 0 0 
0 1 0 0 0 0 0 0 0 0 
1 0 0 0 0 0 0 0 0 0 
0 0 0 0 0 0 0 0 0 1 
0 1 0 0 0 0 0 0 0 0 
0 0 0.491631 0 0.508369 0 0 0 0 0 
0 1 0 0 0 0 0 0 0 0 
0 0 0 0 0 0 1 0 0 0 
0 0 0 0 0 0 0 0 1 0 
0 0 0 1 0 0 0 0 0 0 
0 0 0 0 1 0 0 0 0 0 
0 0 0 0 0 0 0 0.398342 0.601658 0 
0 0 0 1 0 0 0 0 0 0 
1 0 0 0 0 0 0 0 0 0 
0 0 0 0 0 1 0 0 0 0 
0 1 0 0 0 0 0 0 0 0 
0 1 0 0 0 0 0 0 0 0 
0 0 0 0 0 0 0 1 0 0 
0 0 0 0 0 0 0 0 0 1 
0 0 0 1 0 0 0 0 0 0 
0 1 0 0 0 0 0 0 0 0 
0 0 0 0 1 0 0 0 0 0 
0 0 1 0 0 0 0 0 0 0 
0 0.715609 0 0 0 0 0.284391 0 0 0 
0 0 0 0 0 0 1 0 0 0 
0 0 0 0 0 0 1 0 0 0 
0 0 0 0 0 1 0 0 0 0 
0.357538 0.642462 0 0 0 0 0 0 0 0 
0 0 0 0 0 0 0 1 0 0 
0 0 0 0 0 0 0 0 0 1 
0 0 1 0 0 0 0 0 0 0 
0 0 0 0 0 0 1 0 0 0 
0 0 0 0 1 0 0 0 0 0 
0 0 0 0 0 0 0 1 0 0 
1 0 0 0 0 0 0 0 0 0 
0 0 0 0 1 0 0 0 0 0 
0 0 0 0 0 0 1 0 0 0 
0 0 0 0 0 0 1 0 0 0 
0 0 0 0 0 0 0 0 0 1 
1 0 0 0 0 0 0 0 0 0 
0 0 1 0 0 0 0 0 0 0 
0 0 0 0 0.503264 0 0.496736 0 0 0 
0 0 0 0 0 0 0 0 0 1 
0 0 0 0 0 0 1 0 0 0 
0.796008 0 0 0 0 0 0.203992 0 0 0 
0 0 0 0 0 0 0 0 0 1 
0 0 0 0 0 0 0 1 0 0 
0 0 0 0 0 0 0 0 1 0 
0 0 0 0 0 0 0 0 0 1 
0 0 0 0 0 0 1 0 0 0 
0 0 0 0 0 0 1 0 0 0 
0 0 0 1 0 0 0 0 0 0 
0 0 0 0 0 0 0 0 0 1 
0 0 1 0 0 0 0 0 0 0 
0 1 0 0 0 0 0 0 0 0 
0 0 0 0 1 0 0 0 0 0 
0 0.806929 0 0 0 0 0 0 0.193071 0 
0 0 1 0 0 0 0 0 0 0 
0 0 0 0 0 0 0 0 0 1 
0 0 0 0 1 0 0 0 0 0 
0 0 0 0 0 1 0 0 0 0 
0 0 0 1 0 0 0 0 0 0 
0 1 0 0 0 0 0 0 0 0 
0 0 0 0 0.22095 0 0.77905 0 0 0 
0 0 0 0 0 0 0 1 0 0 
0 1 0 0 0 0 0 0 0 0 
0 0 1 0 0 0 0 0 0 0 
0 0 0 0 0 0 0 1 0 0 
0 0 0 0 1 0 0 0 0 0 
0 1 0 0 0 0 0 0 0 0 
0 0 1 0 0 0 0 0 0 0 
1 0 0 0 0 0 0 0 0 0 
0 0 0 0 0 0 1 0 0 0 
0 0 0 0 0 0 0 0 1 0 
0 1 0 0 0 0 0 0 0 0 
0 0 0 0 0 0 0.496359 0 0.503641 0 
0 0 0 0 0 0 0 0 1 0 
0 0 0 0 0 0 0 0 1 0 
0 1 0 0 0 0 0 0 0 0 
1 0 0 0 0 0 0 0 0 0 
0 0 0 0 1 0 0 0 0 0 
0 0 1 0 0 0 0 0 0 0 
0 0 0 0 0 0 1 0 0 0 
0 0 0 0 0 0 0 0 1 0 
0 0 0 0.268628 0 0 0 0 0 0.731372 
0 0 0 0 0 0 1 0 0 0 
0 0 0 0 0 1 0 0 0 0 
0 0 1 0 0 0 0 0 0 0 
0 0.766009 0 0 0 0 0 0 0 0.233991 
0 0 0 0 0 0 0 0 0 1 
0 0 0 0 1 0 0 0 0 0 
0.112155 0 0.423427 0 0 0.294713 0 0.169705 0 0 
0 0 0 0 0 1 0 0 0 0 
0 0 1 0 0 0 0 0 0 0 
0 0 0 0 0 0 0.262286 0.46919 0 0.268524 
0 0 0 0 0 1 0 0 0 0 
0 0 0 0 0 1 0 0 0 0 
0 1 0 0 0 0 0 0 0 0 
0 0 0 0 0 0 0 0 1 0 
0 0 1 0 0 0 0 0 0 0 
0 0 0 0 0 0 0 0 0 1 
1 0 0 0 0 0 0 0 0 0 
0 0 0 0 0 0 1 0 0 0 
0 0 0 0 0 0 0 0 1 0 
0 0 0 1 0 0 0 0 0 0 
0 0 0 0 0 0 0.547727 0 0 0.452273 
0 0 1 0 0 0 0 0 0 0 
0 1 0 0 0 0 0 0 0 0 
1 0 0 0 0 0 0 0 0 0 
0 0.801876 0 0 0 0.198124 0 0 0 0 
0 0 0 0 0 0 0 1 0 0 
0 0 0 0 0 1 0 0 0 0 
0 0 0 0 0 0 0 0 0 1 
0 0 0 0 1 0 0 0 0 0 
0 0 0 0 0 0 1 0 0 0 
0 0 0 0 0 0 0.336404 0.663596 0 0 
0 0 0 0 0 0 1 0 0 0 
0 0 1 0 0 0 0 0 0 0 
0 0 0.835884 0 0 0 0 0 0 0.164116 
0 0 0 0 0 0 0 0 1 0 
0 0 0 0 0 0 0 0 1 0 
1 0 0 0 0 0 0 0 0 0 
0 0 0 0 0.563552 0 0 0 0 0.436448 
0 0 0 0 0 0 0 0 0 1 
0 0 0 0 0 0 1 0 0 0 
1 0 0 0 0 0 0 0 0 0 
0 0 0 0 0 1 0 0 0 0 
0 0 0 0 0 0 1 0 0 0 
0 0 1 0 0 0 0 0 0 0 
0 0 0 0 1 0 0 0 0 0 
0 0 0 0 0 0 0 0 1 0 
0 0 0.378634 0 0 0.621366 0 0 0 0 
0 0 0 0 0 0 0 0 1 0 
