5 100
0.342815
0.617034
0.472086
0.299654
0.702171
10.5056 0.844122
9.59212 0.313743
9.00185 0.877275
7.91819 1.04304
7.55629 0.384715
7.41616 1.8261
7.4008 0.583282
7.232 1.1259
6.99329 2.37733
6.87737 2.25759
6.47372 2.3135
6.4006 2.64647
6.33581 2.04805
6.30265 1.5543
6.15917 1.66399
6.0354 1.89462
5.78285 3.01051
5.64082 1.87328
5.627 2.43785
5.62592 1.89993
5.49976 2.4544
5.35896 3.48133
5.26481 2.67568
5.24293 2.73396
5.17379 3.47823
5.16497 3.13401
5.16159 3.68327
4.88993 2.15245
4.84025 1.85293
4.83282 3.95671
4.69178 3.49872
4.36145 2.35113
4.31426 4.59644
4.20257 2.9394
4.17768 2.78698
4.13249 2.39321
4.03844 2.95639
3.97243 4.60367
3.89402 3.76874
3.89322 2.99949
3.6872 4.48105
3.64818 4.14903
3.6256 4.60177
3.40893 5.03087
3.40668 4.10997
3.33489 4.14139
3.17691 4.15427
3.03073 3.52014
2.98805 4.52896
2.78796 5.42995
2.77397 5.91277
2.74516 4.86278
2.53599 5.21692
2.53391 5.48965
2.51791 5.74189
2.37884 6.66363
2.29169 4.46636
2.15641 5.71736
2.11822 5.34002
1.95326 4.39502
1.94816 4.91752
1.8813 4.7384
1.78843 6.53014
1.77417 6.24339
1.69966 7.69859
1.65775 5.38504
1.65078 4.6303
1.45497 6.78491
1.36284 5.98674
1.34231 5.62415
1.27888 7.36982
1.1026 7.82987
1.02361 5.46475
0.867291 8.02083
0.787737 8.32492
0.736678 7.25205
0.623877 8.14874
0.526947 7.78556
0.516861 8.31664
0.383899 8.53397
0.312185 9.56637
0.20222 8.40398
0.19668 10.268
0.177168 8.5027
0.175257 7.88856
0.134814 7.6185
0.0690647 7.9552
0.0663383 10.3007
0.0583246 9.03791
0.0559588 10.254
0.0464835 9.91783
0.0447108 10.2097
0.0149152 8.12072
0.0134866 11.2147
0.00866736 10.5269
0.00843086 9.83988
0.00751183 7.31905
0.00266537 11.004
0.00246775 12.0092
0.00169955 11.2763
0 0.377004 0 0.622996 0 
0 0 0.430532 0.569468 0 
0 0 1 0 0 
0 0 0 0.663967 0.336033 
0 0 0 0.659076 0.340924 
0 1 0 0 0 
1 0 0 0 0 
0 1 0 0 0 
0 0 0 1 0 
0 0 0 0 1 
0 0 1 0 0 
1 0 0 0 0 
0.5847 0.4153 0 0 0 
0 0 0 1 0 
0 0 0 0 1 
0 0 0 1 0 
1 0 0 0 0 
0 1 0 0 0 
0 0 1 0 0 
1 0 0 0 0 
0 0 1 0 0 
0 0 0.414617 0.585383 0 
0 0 0 0 1 
0.415637 0 0.584363 0 0 
0 1 0 0 0 
1 0 0 0 0 
0 1 0 0 0 
0 0 0 1 0 
0 0 1 0 0 
1 0 0 0 0 
1 0 0 0 0 
0 0 1 0 0 
1 0 0 0 0 
1 0 0 0 0 
1 0 0 0 0 
1 0 0 0 0 
0 0 1 0 0 
0 0 0 0 1 
0 0.772635 0 0.227365 0 
1 0 0 0 0 
1 0 0 0 0 
0 0 0 0.445624 0.554376 
0 0 1 0 0 
0.215423 0 0 0.784577 0 
1 0 0 0 0 
1 0 0 0 0 
0 0 0 1 0 
0 0.443785 0.556215 0 0 
0 0 1 0 0 
0 0 1 0 0 
0 0 0 1 0 
1 0 0 0 0 
0.611072 0 0.388928 0 0 
0 0 0 1 0 
1 0 0 0 0 
0 0.701771 0 0.298229 0 
0 1 0 0 0 
0 1 0 0 0 
1 0 0 0 0 
0 0.740092 0 0.259908 0 
0 0 0 0 1 
0 0 1 0 0 
0 0 1 0 0 
0 0 1 0 0 
0 0 0 1 0 
0 0 0 1 0 
0 0 1 0 0 
0 0 0 1 0 
0 0 0 1 0 
0 1 0 0 0 
0.76115 0 0.23885 0 0 
0 0 0 1 0 
0 0 0 1 0 
0.165068 0 0.834932 0 0 
1 0 0 0 0 
0 0 0 0 1 
0 0 0 0 1 
0 0 0 0 1 
0 1 0 0 0 
0.780332 0 0.219668 0 0 
0 1 0 0 0 
0 0 1 0 0 
0.575553 0.424447 0 0 0 
0 1 0 0 0 
0 0 1 0 0 
0 0 1 0 0 
0 0 0 1 0 
0 0 0 1 0 
0 0 1 0 0 
1 0 0 0 0 
0 1 0 0 0 
0 0 0.723451 0 0.276549 
0 1 0 0 0 
0 0 1 0 0 
1 0 0 0 0 
0 0 0 1 0 
0 1 0 0 0 
1 0 0 0 0 
0 1 0 0 0 
0.516331 0 0 0.483669 0 
