10 25
0.668236
0.394481
0.610713
0.264319
0.684409
0.412801
0.330459
0.278741
0.442045
0.725145
8.70243 1.40295
6.22078 2.53836
5.58842 3.18574
5.57532 2.6012
5.22602 2.24687
5.19265 2.33819
3.81056 3.47258
3.68441 5.14408
3.57514 4.41448
3.04255 4.3773
2.98512 4.67726
2.6181 4.09776
2.47629 5.55484
2.273 3.56119
2.18123 5.11466
1.73251 5.8458
1.60312 7.53364
1.2343 7.5242
1.0903 6.16818
0.931637 6.86937
0.691169 7.0085
0.15235 8.15818
0.0308169 9.5902
0.0104795 8.30185
0.00255664 11.2162
0 0 0 0 0 0 0 1 0 0 
0 0 0 1 0 0 0 0 0 0 
0 0.534756 0 0.465244 0 0 0 0 0 0 
1 0 0 0 0 0 0 0 0 0 
0 0 0 0 0 0 0 0 1 0 
0 1 0 0 0 0 0 0 0 0 
0 0 0 0 0 0 0 1 0 0 
0 0 0 0 0 0 0 0 1 0 
0 0 1 0 0 0 0 0 0 0 
0 0 0 0 0.314564 0 0 0 0 0.685436 
0 0 0 0 1 0 0 0 0 0 
0 0 0 0 0 0 0 0 0 1 
0 0 0 0 0 0 0 1 0 0 
0 0 0 0 0 0 0 0 1 0 
0.635668 0 0 0 0 0.364332 0 0 0 0 
0 0.262037 0.737963 0 0 0 0 0 0 0 
0.620223 0 0 0 0 0 0 0 0.379777 0 
0 0 0 0 0 0 0 0 0 1 
0 0 1 0 0 0 0 0 0 0 
0 0 0 0 0 0 0 0 1 0 
0 1 0 0 0 0 0 0 0 0 
0 0 0 0 0 1 0 0 0 0 
0 0 0 0 0 0 0 0 0 1 
0 0 0 0 0 0 0 0 0 1 
0 0 0 0 1 0 0 0 0 0 
