5 200
0.5986
0.591153
0.330381
0.537103
0.409316
11.6615 0.293414
11.2926 0.135032
11.0239 0.494052
10.8421 0.404066
10.6366 0.450684
10.5058 0.288228
10.4035 0.61668
10.4014 0.154871
10.2314 0.901366
10.0465 0.887363
8.69088 0.22015
8.6153 1.63274
8.61114 1.09795
8.30199 0.416768
8.19282 1.60242
8.1715 1.50614
8.17077 1.12392
7.98341 0.618867
7.88771 1.04174
7.78679 0.550501
7.77123 1.07942
7.70089 1.43899
7.60175 0.288033
7.52027 1.75525
7.51284 1.73341
7.49822 2.17857
7.49676 0.942339
7.47163 1.97465
7.45707 2.15026
7.17078 0.233688
7.13685 2.59404
7.10614 1.55517
7.07215 0.506986
6.95393 1.61105
6.89354 1.7148
6.85792 1.80343
6.78084 2.94754
6.77021 1.2932
6.33943 1.64448
6.26002 1.69478
6.25857 2.28897
5.95846 2.58094
5.8213 2.16494
5.68492 2.10694
5.37584 3.10762
5.32338 3.27938
5.26271 3.1614
5.18121 2.42111
5.11794 4.07884
5.11693 3.21756
5.09284 2.27527
4.87439 4.16281
4.68836 3.64734
4.68583 2.48541
4.57566 2.1981
4.55164 2.90257
4.43705 2.53083
4.43606 4.65854
4.3313 4.16592
4.29651 4.03913
4.281 3.26635
4.26452 3.38489
4.23342 4.45374
4.2146 4.29294
4.20253 2.82625
4.12966 3.37512
4.09438 2.82665
4.08527 2.80781
4.05586 2.92835
4.01501 4.12796
3.9512 2.27478
3.91833 4.55416
3.8548 4.03727
3.82543 3.60468
3.7702 2.92899
3.67472 3.18483
3.67267 4.37036
3.52853 3.40581
3.42797 3.41522
3.40776 4.11093
3.29633 3.73649
3.17555 3.49708
3.147 4.99358
3.00511 3.43688
2.97517 3.94287
2.75288 5.51004
2.74036 4.47246
2.71562 4.82426
2.66457 5.26392
2.66356 5.75628
2.647 4.73619
2.54724 4.0191
2.49718 5.76173
2.48372 6.30136
2.44062 3.83852
2.39234 4.3631
2.26313 5.8886
2.22756 5.26141
2.2023 4.87267
2.20218 5.44482
2.185 3.65493
2.13515 3.80003
2.10551 6.13652
2.08009 5.64289
2.05699 6.47303
2.01695 4.96706
2.00407 6.61234
2.00098 4.76998
1.99239 5.72706
1.87325 5.57761
1.83113 4.10851
1.82986 6.72944
1.73932 4.16391
1.73755 7.11118
1.69532 7.24549
1.65297 4.64888
1.64484 6.02383
1.60174 7.64694
1.59082 5.00792
1.58469 7.62139
1.55795 5.71967
1.52343 6.75524
1.51265 7.31235
1.47129 4.76695
1.42673 7.31741
1.29318 7.00401
1.26846 7.2882
1.2415 5.4337
1.2391 5.10641
1.1678 5.78647
1.13412 7.87437
1.10323 8.29517
1.09319 5.53675
1.00874 7.92905
0.996272 8.1146
0.984079 8.14078
0.953948 5.33108
0.934573 6.33349
0.914878 8.17497
0.902194 5.89494
0.898492 7.9603
0.856323 7.18777
0.839188 8.06036
0.784838 5.88371
0.781067 7.92795
0.778466 7.209
0.643512 8.36979
0.612767 8.87075
0.577389 6.79153
0.57673 7.47451
0.566508 7.04289
0.483818 6.59044
0.450329 6.29671
0.430913 8.43223
0.419351 9.73842
0.418809 7.27756
0.38213 7.60522
0.376565 8.4526
0.349385 9.48079
0.34487 8.54636
0.323631 8.19285
0.318115 7.81199
0.302877 9.6147
0.302827 9.41285
0.288829 7.3617
0.282809 9.76148
0.282731 10.2612
0.262311 7.24757
0.260923 8.31869
0.259683 6.51301
0.255266 6.49928
0.241813 7.74557
0.24027 8.85276
0.204025 7.43583
0.201445 8.03187
0.182772 8.3255
0.169018 9.18957
0.161043 6.56329
0.154288 7.16669
0.143346 9.42784
0.134857 7.54781
0.120761 10.2364
0.106502 9.8223
0.104183 9.75287
0.104025 10.2296
0.0742525 8.33612
0.0693136 9.6358
0.0683439 9.25244
0.0657689 7.72402
0.0639406 9.39448
0.0560488 8.41429
0.0477794 8.99414
0.0240805 9.03612
0.0195852 8.90485
0.0120193 8.34698
0.00623785 9.1717
0.00444462 10.193
0.0041756 9.65127
0.00169801 7.65327
0.00128122 11.3765
0.348721 0 0 0 0.651279 
0 0 0 0 1 
0 0 1 0 0 
0 0 0.552303 0 0.447697 
1 0 0 0 0 
0 0 0 0 1 
0 0 1 0 0 
0.793934 0 0.206066 0 0 
0.624186 0 0 0 0.375814 
0 0 0 1 0 
0 0 0.506901 0.493099 0 
0 0.549856 0 0.450144 0 
0 0 0 0 1 
0 0 0 0.619236 0.380764 
0 0 1 0 0 
0 0 0 0 1 
0 0 1 0 0 
1 0 0 0 0 
0 0 0.443705 0 0.556295 
0 0 1 0 0 
0 0.711073 0 0.288927 0 
0 0 0.189685 0 0.810315 
0 0 0 0 1 
0 0 0 0 1 
1 0 0 0 0 
0 0 1 0 0 
1 0 0 0 0 
0 1 0 0 0 
0 0 0 0 1 
0 0 1 0 0 
0 0 0 1 0 
0 0 0 0 1 
0 1 0 0 0 
0.35088 0.64912 0 0 0 
0 0.134344 0 0.865656 0 
0 1 0 0 0 
0 0.325982 0.674018 0 0 
0 0 0 0 1 
0 0 1 0 0 
0 1 0 0 0 
0 1 0 0 0 
0 1 0 0 0 
0 0 0 1 0 
0 0 0 1 0 
0.409109 0 0 0.243578 0.347314 
0 1 0 0 0 
0 0 0 0.518333 0.481667 
0 0 0 0 1 
0 1 0 0 0 
0 0 0 0 1 
0 0 0 0 1 
1 0 0 0 0 
0 0 1 0 0 
0 0.185366 0.814634 0 0 
0 0 0 0 1 
0 0 0 0 1 
0 1 0 0 0 
0 0 0 1 0 
0 0 0 1 0 
0 0 0 1 0 
0 0 0 1 0 
1 0 0 0 0 
1 0 0 0 0 
0 0 0 1 0 
0 0 0 0 1 
0 0 1 0 0 
0 0 0 0 1 
0 0 0 0 1 
0 0 0 1 0 
0 0 1 0 0 
0 0 0 1 0 
0 0 0 1 0 
0 0 1 0 0 
0 0 0 0 1 
0 0 0 1 0 
0 0 0 1 0 
0 0 0 1 0 
0 0 0 0 1 
0 0 1 0 0 
0 1 0 0 0 
1 0 0 0 0 
0 1 0 0 0 
0 0 1 0 0 
0.837331 0 0.162669 0 0 
0 0 1 0 0 
0 0 1 0 0 
0 0.179176 0 0.820824 0 
0 1 0 0 0 
0 0 1 0 0 
1 0 0 0 0 
0 0 0 0 1 
0 0 0 1 0 
0 0 1 0 0 
0 0 1 0 0 
1 0 0 0 0 
0 0 1 0 0 
0 0 0.104571 0.895429 0 
0.581697 0 0 0 0.418303 
0 0.84561 0 0.15439 0 
1 0 0 0 0 
0 0 1 0 0 
1 0 0 0 0 
0 0 0 1 0 
0 0 0 1 0 
0 0.37802 0.62198 0 0 
0 1 0 0 0 
0 0 1 0 0 
0 0 0 0 1 
0 0 1 0 0 
1 0 0 0 0 
1 0 0 0 0 
0.277164 0 0 0.722836 0 
0 0 1 0 0 
0 0 0 1 0 
0 0 1 0 0 
0 0 0 1 0 
0 0 0.461261 0.538739 0 
1 0 0 0 0 
1 0 0 0 0 
0 1 0 0 0 
0 0 0 1 0 
0 0 0 1 0 
0 0 0 0.606605 0.393395 
0 1 0 0 0 
0 0 0 0 1 
0 0 0 1 0 
0 0 0 0 1 
0.625712 0 0 0.374288 0 
0 1 0 0 0 
0 1 0 0 0 
0 0.581147 0 0 0.418853 
1 0 0 0 0 
0 0 0 0.358609 0.641391 
0 0.300456 0 0 0.699544 
1 0 0 0 0 
1 0 0 0 0 
0 0 0 0 1 
0 0 0 0 1 
0 0 1 0 0 
0 0 1 0 0 
0 0 1 0 0 
0 0.53647 0 0 0.46353 
0 0 1 0 0 
0 0 0 0 1 
0 0 1 0 0 
0 0 0 1 0 
0 1 0 0 0 
0 0 1 0 0 
0 0 0 0 1 
0 0.721913 0.278087 0 0 
0 0 0 1 0 
0 0 0 1 0 
0 1 0 0 0 
1 0 0 0 0 
0.346404 0 0 0 0.653596 
1 0 0 0 0 
0 0 0 0 1 
0 0 0 0 1 
0 1 0 0 0 
0 1 0 0 0 
0 0.607827 0 0.392173 0 
0 0 1 0 0 
1 0 0 0 0 
0 1 0 0 0 
0 0 0 0.649649 0.350351 
0 0 0 0 1 
0 1 0 0 0 
1 0 0 0 0 
0 1 0 0 0 
0 1 0 0 0 
0 0 0 1 0 
0 0 0 1 0 
0 0 0 0 1 
1 0 0 0 0 
0 0 1 0 0 
1 0 0 0 0 
0 0 0 1 0 
1 0 0 0 0 
0.449917 0 0.192362 0 0.357722 
0 0 0 1 0 
1 0 0 0 0 
0 0 0 0 1 
0 1 0 0 0 
1 0 0 0 0 
1 0 0 0 0 
0 0 0 0 1 
0 0 0 0 1 
0 0 1 0 0 
0 0.651493 0 0 0.348507 
1 0 0 0 0 
0.698683 0 0 0 0.301317 
0 0 0 1 0 
0 0 0 0 1 
1 0 0 0 0 
0 0.476209 0.523791 0 0 
1 0 0 0 0 
0 0 1 0 0 
0 0 0 0 1 
1 0 0 0 0 
0 0 1 0 0 
