10 200
0.671837
0.33386
0.679108
0.463154
0.387488
0.271112
0.503772
0.441055
0.379662
0.728133
12.029 0.203559
11.7482 0.115663
11.646 0.359535
10.6035 0.517656
10.3767 0.451194
10.263 0.653549
9.83671 0.117567
9.40766 0.190238
9.11144 0.128736
9.10312 0.631836
9.07797 0.667528
9.06434 0.573085
9.05365 1.17437
8.85656 0.828616
8.80913 1.76416
8.75312 1.28583
8.61687 0.18939
8.40569 0.968509
8.34454 0.247384
8.25335 1.00431
8.22348 0.209164
8.18308 0.389414
8.0959 1.28752
8.08597 1.44162
7.7685 0.421284
7.75663 0.885792
7.57596 1.32824
7.506 1.97008
7.43648 2.26697
7.39733 1.71017
7.38671 0.222413
7.14059 0.394636
7.10051 1.29047
7.09244 0.829829
7.07627 1.86157
6.97455 1.81691
6.88029 2.37104
6.87103 0.754223
6.80383 2.07512
6.7952 2.09435
6.78979 1.94606
6.74637 2.12622
6.71814 0.962181
6.60636 2.00337
6.55561 1.38856
6.36219 3.06577
6.10107 2.31856
6.06268 2.38447
5.93098 2.19567
5.77062 2.71546
5.76195 2.66078
5.5887 2.26679
5.34347 2.7805
5.26838 2.5894
5.24257 1.81074
5.24071 2.86651
5.22907 1.94139
5.22308 2.10116
5.19616 2.81766
5.18992 2.51129
5.18083 2.53789
4.94206 3.06695
4.85609 3.61171
4.78263 2.47305
4.75734 4.03422
4.72788 2.86194
4.5562 2.78794
4.40599 3.05753
4.29636 2.29505
4.28007 3.81808
4.24848 4.01363
4.22602 3.12107
4.17575 2.93989
4.16426 3.25567
4.08662 3.04262
4.06969 3.07288
3.9288 2.59733
3.6892 4.44371
3.64585 3.78083
3.59179 3.31083
3.57754 3.93225
3.34607 4.67901
3.33861 4.91288
3.28213 3.75851
3.2443 4.52086
3.10432 3.33434
3.09489 5.04778
3.02061 4.69963
2.89922 3.67001
2.86933 4.0481
2.75574 6.0998
2.73783 4.43457
2.69671 5.48958
2.66657 6.04853
2.62222 4.59805
2.57572 4.33454
2.51217 3.973
2.4605 6.04991
2.36919 4.32167
2.3389 5.8283
2.33103 4.61195
2.29019 5.33341
2.21389 4.5096
2.03429 4.72971
2.02318 7.02514
2.0196 5.77705
1.98054 5.68591
1.89768 4.40318
1.88688 7.55755
1.85885 7.06428
1.83916 6.7649
1.76078 7.73451
1.59445 5.83011
1.49034 4.4974
1.43472 5.95135
1.43387 5.82546
1.40785 7.70654
1.38167 8.19681
1.36199 7.2092
1.34351 4.91339
1.32361 7.97433
1.31432 6.95062
1.27669 7.98213
1.24766 8.28814
1.24599 5.1574
1.22027 6.87397
1.21116 6.93827
1.20317 7.56866
1.16935 6.58889
1.08004 7.29784
1.05089 6.80643
0.988205 5.25537
0.955834 8.79627
0.936148 7.41394
0.892528 8.25067
0.892222 7.81516
0.843566 5.47239
0.842293 7.46973
0.831732 6.91976
0.814612 7.07587
0.805104 8.19714
0.778604 8.32238
0.754512 6.45868
0.691424 7.68403
0.679808 7.20399
0.653578 7.59776
0.603729 7.1759
0.590703 8.12813
0.563501 5.95508
0.538536 5.77265
0.534725 6.74875
0.534568 8.79005
0.501308 6.21982
0.496241 8.81682
0.484217 8.34782
0.471601 7.64436
0.439645 6.29135
0.365567 7.3077
0.348098 7.97659
0.331536 6.9916
0.325819 8.99467
0.292094 9.42531
0.267863 7.38094
0.253662 9.11571
0.246272 10.247
0.24218 6.80548
0.24013 10.2951
0.228279 6.65721
0.224367 7.27763
0.217651 9.82754
0.209224 9.58227
0.20699 8.90926
0.206514 7.21551
0.197547 7.4251
0.19264 6.58041
0.190448 9.90712
0.187317 9.59818
0.179694 10.5722
0.173342 8.0105
0.171691 10.3634
0.169285 10.4647
0.153321 6.84786
0.133403 9.95635
0.129702 10.1103
0.128413 9.84528
0.109806 8.48411
0.0909153 7.74292
0.0832733 10.6043
0.0670764 7.28801
0.0629876 7.70502
0.0427757 8.10982
0.0385069 8.38401
0.0370166 9.28139
0.0340445 9.69162
0.0335237 9.62726
0.0330366 7.72016
0.0252164 9.17039
0.0172377 9.23742
0.0138762 11.3366
0.0109388 10.5557
0 0 0 0 0 0 0 0 1 0 
0.287911 0 0 0 0.11011 0 0 0 0 0.601979 
0 1 0 0 0 0 0 0 0 0 
1 0 0 0 0 0 0 0 0 0 
0 0 0 0 0 1 0 0 0 0 
0 0 0 0 0 1 0 0 0 0 
0 0 0 0 0.500443 0 0 0.499557 0 0 
0 0 0.602885 0 0 0 0 0.397115 0 0 
0 0 0 0 0 0 0 0 1 0 
0 0 0 0 0 0.586521 0 0 0 0.413479 
0 0 0 0 0 0 0 0 0 1 
0 0 1 0 0 0 0 0 0 0 
0 0 0 0 1 0 0 0 0 0 
0 0 0 1 0 0 0 0 0 0 
0 0 0 0 1 0 0 0 0 0 
1 0 0 0 0 0 0 0 0 0 
0 0 0 0 1 0 0 0 0 0 
1 0 0 0 0 0 0 0 0 0 
0 0 1 0 0 0 0 0 0 0 
1 0 0 0 0 0 0 0 0 0 
0 0 0 0 0 0 0 1 0 0 
0 0 0 0 0 0 0 0 0 1 
0 0 0 0 0 1 0 0 0 0 
0 0 0 0 0 0 0.630953 0 0 0.369047 
0 0 0 0 0 0 0 0 0 1 
0 0 0 0 0 1 0 0 0 0 
0 0 0 0 0 0 0 0 0 1 
0 0 0 0 0 0 1 0 0 0 
0 0 0 1 0 0 0 0 0 0 
0 0 0 0 0 0 0 1 0 0 
0 0 0 0 1 0 0 0 0 0 
0 1 0 0 0 0 0 0 0 0 
0 0 0.502309 0 0 0 0 0 0.149167 0.348523 
0 0 0 0 0 0 1 0 0 0 
0 0 1 0 0 0 0 0 0 0 
0 0 0 0 0 0 0 0 0 1 
0 0 0 1 0 0 0 0 0 0 
0 0 0 0 1 0 0 0 0 0 
0 0 0 0 0 1 0 0 0 0 
0 0 0 1 0 0 0 0 0 0 
0 0 0 0.502338 0.497662 0 0 0 0 0 
0 0 0 0 0.298407 0 0 0 0 0.701593 
0 0 0 0 0 0 0 1 0 0 
0 0 0 0 0 0 0 1 0 0 
0 1 0 0 0 0 0 0 0 0 
0 0 0 0 0 0 0 0 1 0 
0 0 1 0 0 0 0 0 0 0 
0 0 0 0 0 1 0 0 0 0 
0 0 1 0 0 0 0 0 0 0 
0 0 0.396938 0 0 0 0 0 0 0.603062 
0 0 0 0 0 0 0 0 1 0 
0 0 0 0 1 0 0 0 0 0 
1 0 0 0 0 0 0 0 0 0 
1 0 0 0 0 0 0 0 0 0 
0 0 0 0 1 0 0 0 0 0 
0.268766 0 0 0 0.270649 0 0.244617 0 0.215968 0 
0 0 1 0 0 0 0 0 0 0 
0 1 0 0 0 0 0 0 0 0 
0 0 0 0 0 0 1 0 0 0 
1 0 0 0 0 0 0 0 0 0 
0 0 0 1 0 0 0 0 0 0 
0 0 0 1 0 0 0 0 0 0 
0 0 0 0 0 0 0 0 0 1 
0 0 0 0 0 0 1 0 0 0 
0.722797 0 0 0 0 0 0 0 0.277203 0 
0 0 0 0 0 1 0 0 0 0 
1 0 0 0 0 0 0 0 0 0 
0 1 0 0 0 0 0 0 0 0 
1 0 0 0 0 0 0 0 0 0 
0 0 0.189126 0 0 0.810874 0 0 0 0 
0 0 0 0 0 1 0 0 0 0 
0 0 1 0 0 0 0 0 0 0 
0 1 0 0 0 0 0 0 0 0 
0 0 0 0 0 0 0.425139 0.574861 0 0 
0 0 1 0 0 0 0 0 0 0 
0 0 0 0 0 1 0 0 0 0 
0 0 0 0 0 0.519846 0.480154 0 0 0 
0 1 0 0 0 0 0 0 0 0 
0 0 0.512807 0 0 0 0 0.487193 0 0 
0 0 0.454769 0 0 0 0.545231 0 0 0 
0 0 0 0 0 0 0 1 0 0 
0 0 0.17332 0 0 0 0 0 0.82668 0 
0 0.775636 0 0.224364 0 0 0 0 0 0 
0 0 0 0 0 0 0.372701 0 0.627299 0 
0 0 1 0 0 0 0 0 0 0 
0 0 0 0 0 0 0 0 1 0 
1 0 0 0 0 0 0 0 0 0 
0 0 0 0 0 1 0 0 0 0 
0 0 0 0 0 1 0 0 0 0 
1 0 0 0 0 0 0 0 0 0 
0 0.491569 0 0 0.508431 0 0 0 0 0 
0 0 0 1 0 0 0 0 0 0 
0 0 0 0 1 0 0 0 0 0 
0 0 0 1 0 0 0 0 0 0 
0 0 0 1 0 0 0 0 0 0 
0 1 0 0 0 0 0 0 0 0 
0 0 0 1 0 0 0 0 0 0 
0 0 0 0 0 0 0 0 0 1 
1 0 0 0 0 0 0 0 0 0 
1 0 0 0 0 0 0 0 0 0 
0 0 1 0 0 0 0 0 0 0 
1 0 0 0 0 0 0 0 0 0 
0 0.77292 0 0 0 0 0 0.22708 0 0 
0 0 0 0 0 1 0 0 0 0 
1 0 0 0 0 0 0 0 0 0 
0 0 0 0 0 1 0 0 0 0 
0 0 1 0 0 0 0 0 0 0 
0 0 0 0 0 0 0 0 0 1 
0 0 0 0 1 0 0 0 0 0 
1 0 0 0 0 0 0 0 0 0 
0 0 0 1 0 0 0 0 0 0 
0 0 0 0 0 0 0 0 0 1 
0 0 1 0 0 0 0 0 0 0 
0 0 0 0 1 0 0 0 0 0 
0 0 0 0 0 0 0 1 0 0 
0 0 0 0 0 1 0 0 0 0 
0 0 0 0 1 0 0 0 0 0 
0 0 0 1 0 0 0 0 0 0 
0 0 1 0 0 0 0 0 0 0 
0 0 1 0 0 0 0 0 0 0 
0 0 0 0 0 1 0 0 0 0 
0 0 0 0 0.539058 0 0.460942 0 0 0 
0 0 0 0 0 0 1 0 0 0 
0 0 0 0 0 1 0 0 0 0 
0 0 0 0 0 0 1 0 0 0 
0 0 0 0 0 0 0 0 0 1 
0 0 0 0 0 0 0 1 0 0 
0 0 0 0 0 0 0 1 0 0 
0 0 0 0 0 0 0 0 1 0 
0 0 0.498101 0 0 0 0 0 0 0.501899 
0 0 0 0 0 0 1 0 0 0 
0 0 0 0 0 1 0 0 0 0 
0 0 0 1 0 0 0 0 0 0 
0 0 0 0 0 0 1 0 0 0 
0 0 0 0 0 0 0 0 1 0 
0 0 0 0 0 0.512326 0 0 0 0.487674 
0 0 0 0 0 0 1 0 0 0 
0.399768 0 0.247739 0.26618 0 0 0 0 0 0.0863129 
0 0 0 0 0 0 0 0.611545 0 0.388455 
0 0 0 1 0 0 0 0 0 0 
0 0 1 0 0 0 0 0 0 0 
0 0 0 1 0 0 0 0 0 0 
0 0 1 0 0 0 0 0 0 0 
0 0 0 0 0 0 0 0 0 1 
0 0 0 1 0 0 0 0 0 0 
0 0 0 0 0 0 1 0 0 0 
0.74087 0 0 0 0 0 0 0 0.25913 0 
0 0.489297 0 0.510703 0 0 0 0 0 0 
0 1 0 0 0 0 0 0 0 0 
0 0 0 0 0 0 0 0 1 0 
0 0 0 0 0 0 0 1 0 0 
0 0 0 1 0 0 0 0 0 0 
0 1 0 0 0 0 0 0 0 0 
0 0 0 0 0 0 1 0 0 0 
0 0 0 1 0 0 0 0 0 0 
0 0.579694 0 0 0 0 0 0 0 0.420306 
0 0 0 1 0 0 0 0 0 0 
0 0 0 0 0 0.784409 0 0 0 0.215591 
0 0 0 0 0 0 0 1 0 0 
0 0 0 0 0 0 1 0 0 0 
0 0 0 0 0 1 0 0 0 0 
0.671668 0.328332 0 0 0 0 0 0 0 0 
0 0 0 0 1 0 0 0 0 0 
0 0 0 0 0 0 1 0 0 0 
0 0 0 0 0 0 0 0 0 1 
0 0 0 0 0 1 0 0 0 0 
0 0 0 1 0 0 0 0 0 0 
1 0 0 0 0 0 0 0 0 0 
0 0 0 0 1 0 0 0 0 0 
0 0.482137 0.517863 0 0 0 0 0 0 0 
0 0 0 0 0 0 0 1 0 0 
0 0 0 1 0 0 0 0 0 0 
1 0 0 0 0 0 0 0 0 0 
0 0 0 0 0 0 0 1 0 0 
0 0 0 1 0 0 0 0 0 0 
0 0 0 0 0 0 0 0 1 0 
0 0 0 0 0 0 1 0 0 0 
0 0 0 0 0.212536 0 0.787463 0 0 0 
0 0 0 0 0 0 0 0 0 1 
0 0 0 0 0 0 0 1 0 0 
0 0 0 0 0 0 1 0 0 0 
0 0 0 0 0 1 0 0 0 0 
0 1 0 0 0 0 0 0 0 0 
0 0 0 0 0.598596 0 0 0.401404 0 0 
0 0 1 0 0 0 0 0 0 0 
0 0 0 0 1 0 0 0 0 0 
0 0 1 0 0 0 0 0 0 0 
0 1 0 0 0 0 0 0 0 0 
0 0 0 0 0 0 1 0 0 0 
1 0 0 0 0 0 0 0 0 0 
0 0 0 1 0 0 0 0 0 0 
1 0 0 0 0 0 0 0 0 0 
0 0 0 0 0 0 0 1 0 0 
0 1 0 0 0 0 0 0 0 0 
0 0 0 0 0 1 0 0 0 0 
0 0 0 0 0 1 0 0 0 0 
0 0 1 0 0 0 0 0 0 0 
1 0 0 0 0 0 0 0 0 0 
0 0 0 0 0 0 1 0 0 0 
1 0 0 0 0 0 0 0 0 0 
