10 200
0.277749
0.600952
0.703906
0.437745
0.550735
0.353281
0.63384
0.422307
0.459724
0.629196
11.5094 0.150464
11.4615 0.180332
11.1276 0.439134
11.0513 0.242426
10.2164 0.453222
10.0338 0.846251
9.6872 0.453853
9.55391 0.905583
9.25662 1.34203
9.16036 0.738048
9.00985 0.132529
8.79877 0.423717
8.77094 1.26988
8.71813 0.734606
8.6351 1.71019
8.63413 0.328494
8.59685 1.54272
8.55129 0.25169
8.54634 1.65696
8.46901 0.19332
8.34139 0.113476
8.30745 0.923477
8.23162 0.72556
8.0997 1.7146
7.82664 0.934766
7.77453 0.980633
7.75198 1.81898
7.58702 2.39756
7.58531 0.840846
7.40741 1.65336
7.20407 1.46749
7.13541 0.443576
7.10623 1.79911
7.06527 0.471101
6.97209 1.64331
6.96488 1.813
6.79929 0.52163
6.70212 2.34771
6.69822 1.32273
6.68919 0.522065
6.63932 2.34225
6.28376 2.64309
6.23602 3.29572
5.96609 1.75013
5.94168 2.38878
5.82448 2.93312
5.58797 1.63681
5.56094 2.03932
5.48151 2.20875
5.47846 3.79768
5.32934 2.07659
5.29756 2.63005
5.28102 3.59081
5.25107 3.27168
5.22844 1.8794
5.2276 2.2175
5.20094 4.18337
5.14123 3.53027
5.03929 2.61397
4.99842 2.66293
4.94065 3.09561
4.92825 1.87095
4.85472 2.57166
4.69713 3.0007
4.62772 4.11252
4.61451 3.73165
4.60063 3.3381
4.48374 2.69856
4.39375 3.20828
4.37624 4.35894
4.34361 3.02839
4.2767 3.99134
4.23621 3.39197
4.15224 3.20733
4.08014 4.04554
4.02647 4.11592
3.95841 2.48007
3.9433 2.51233
3.89999 4.31914
3.89213 3.53409
3.82549 3.35955
3.81485 4.29458
3.80965 2.56238
3.80087 3.87236
3.70374 4.32467
3.58024 4.1709
3.50736 3.66956
3.50522 3.20829
3.39526 4.12031
3.3822 4.58269
3.36938 3.45704
3.29736 3.53626
3.27755 5.5699
3.27293 3.97391
3.26046 4.01763
3.10843 5.25305
3.06061 5.38284
2.93578 3.70894
2.93463 4.55012
2.87036 6.2355
2.84754 4.23605
2.71404 3.96037
2.56359 5.31093
2.5081 6.53085
2.49807 3.85444
2.48553 4.40978
2.447 4.78726
2.30181 3.96585
2.29466 6.51799
2.28331 4.39646
2.269 4.6129
2.24274 5.46389
2.14763 5.85591
2.12131 5.88114
2.004 6.01022
1.91938 6.57472
1.88099 6.82686
1.85368 5.82119
1.71339 5.78477
1.68124 4.78098
1.67057 6.42568
1.62841 5.68652
1.604 7.72037
1.5921 5.68223
1.51005 6.64904
1.42239 7.46251
1.37613 7.46491
1.34993 4.94
1.32215 6.46798
1.17524 6.61574
1.16569 7.26023
1.13112 7.79116
1.13072 5.73474
1.12335 6.76421
1.07101 7.85889
1.06 6.16437
1.02328 6.55186
1.00692 6.24581
0.955481 6.6868
0.949569 7.22416
0.91252 6.90124
0.883328 6.68129
0.848392 5.62359
0.799136 5.65192
0.784315 7.0987
0.73465 8.07831
0.678085 5.68686
0.662855 7.58496
0.657772 6.16986
0.631161 5.73922
0.597788 8.07811
0.596181 6.46877
0.568573 8.55068
0.522364 6.35918
0.517537 9.67431
0.514099 9.0461
0.479729 7.3694
0.470183 6.37421
0.446318 8.06935
0.425365 8.31881
0.403943 7.21653
0.368332 9.30267
0.357467 7.39049
0.332996 7.13465
0.295744 8.25074
0.289802 7.69359
0.281582 9.37155
0.240513 9.65991
0.223407 8.76201
0.187298 8.94057
0.160208 10.1991
0.15595 10.3777
0.153832 10.4697
0.14539 10.6068
0.142869 10.846
0.122002 8.92097
0.114719 10.194
0.113306 9.25586
0.110645 8.76386
0.107958 8.28016
0.0949721 7.93429
0.0834737 10.639
0.0808741 10.1112
0.0753947 8.73876
0.0696635 7.54694
0.067736 7.23886
0.0453204 8.93921
0.0357001 9.59541
0.0321323 9.59096
0.0312734 9.31239
0.0300622 9.16209
0.0293039 8.85653
0.0243199 7.71819
0.0165543 8.98051
0.00912835 11.0913
0.00800823 7.63089
0.00387171 7.88527
0.00207954 8.41108
0.00181288 11.4738
0.000847739 10.1099
0 0 0 1 0 0 0 0 0 0 
0 0 0 0 1 0 0 0 0 0 
0 0 1 0 0 0 0 0 0 0 
0 0 0 0 0 1 0 0 0 0 
0 0 0 0 0 0 0 1 0 0 
0 0 0 0 0 0 1 0 0 0 
0 0 0 1 0 0 0 0 0 0 
0 0 1 0 0 0 0 0 0 0 
0 0 0.527072 0 0 0 0 0 0 0.472928 
0 0 0 0 0 0.415261 0 0 0.584739 0 
0 0 0 0 0 0 0 0.455774 0 0.544226 
1 0 0 0 0 0 0 0 0 0 
1 0 0 0 0 0 0 0 0 0 
0 0 0 0 1 0 0 0 0 0 
0 0 0 0 0 0 0 0 0.792167 0.207833 
0 0 0 0 0 0 0 0 0.738915 0.261085 
0 0 0 0 0 0 0 0 0 1 
0 0 0.473655 0 0 0 0.526345 0 0 0 
0 0 1 0 0 0 0 0 0 0 
0.541758 0 0.458242 0 0 0 0 0 0 0 
0 0 0 0 1 0 0 0 0 0 
0 0 0 0 0 0 0 1 0 0 
0 0 0 1 0 0 0 0 0 0 
0 1 0 0 0 0 0 0 0 0 
0 0 0 0 0 0 1 0 0 0 
0 0 0 0 0 0 0 0 0 1 
0 0 0 0 0 0 1 0 0 0 
0 1 0 0 0 0 0 0 0 0 
0 0 0.569097 0 0.430903 0 0 0 0 0 
0 0 0 1 0 0 0 0 0 0 
0 0.336369 0 0.663631 0 0 0 0 0 0 
0 1 0 0 0 0 0 0 0 0 
0 0 0 0 0 0 0 1 0 0 
0 0 0 0 0 0 1 0 0 0 
0 0.42489 0.57511 0 0 0 0 0 0 0 
0 0 0 0 0 0 0 0 0 1 
0 0 1 0 0 0 0 0 0 0 
0 0 0 0 1 0 0 0 0 0 
0 0 0 0 0 0 1 0 0 0 
0 0 0 0 0 0 0 0 0 1 
0 0 0 0.766541 0 0 0 0 0.233459 0 
0 0 0 0 0 0 0 0 1 0 
0 0 0 0 0 0 0 0.901332 0 0.0986677 
0 0 0 0 0 0 0 1 0 0 
0 0 0 0 0 0 1 0 0 0 
1 0 0 0 0 0 0 0 0 0 
0 0 0 0 1 0 0 0 0 0 
0.459857 0 0.139704 0 0 0 0 0 0 0.400439 
0 0 0 0 0 0 1 0 0 0 
0 0 0.607731 0 0 0 0.392269 0 0 0 
0 0 0 0 0 1 0 0 0 0 
0 0 0 0 1 0 0 0 0 0 
0 0 0 0 0 0 0 0 1 0 
0 0 0 0.369268 0 0.630732 0 0 0 0 
0 0 0 0 0 1 0 0 0 0 
0 0 0 0 0 0 0 1 0 0 
0 1 0 0 0 0 0 0 0 0 
0 0 0 0 0 0 0 0 0 1 
0 0 0 0 0 1 0 0 0 0 
0 0 0 0 0 0 0 0 0 1 
0 0 0 0 0 0 0 0 1 0 
0.26883 0 0 0 0 0 0 0 0.73117 0 
0 1 0 0 0 0 0 0 0 0 
0 0 0 0.129565 0 0.870435 0 0 0 0 
0 0 1 0 0 0 0 0 0 0 
0 0 0 0 0 0 1 0 0 0 
0 0 0 0 0 0 0 0 1 0 
0 0 0 0 0 1 0 0 0 0 
0 0 0 0 0 0 0.309245 0 0 0.690755 
0 1 0 0 0 0 0 0 0 0 
0 0 1 0 0 0 0 0 0 0 
0 0 0 0 1 0 0 0 0 0 
0 0 0 1 0 0 0 0 0 0 
0 0 0 1 0 0 0 0 0 0 
0 1 0 0 0 0 0 0 0 0 
1 0 0 0 0 0 0 0 0 0 
0 0 1 0 0 0 0 0 0 0 
0 0 0 1 0 0 0 0 0 0 
0 0 0 0 0 1 0 0 0 0 
0 0 1 0 0 0 0 0 0 0 
0 0 0 0 0 1 0 0 0 0 
0 0 0 0 0 0 1 0 0 0 
0 0 0 0 0 0 0 0 0 1 
1 0 0 0 0 0 0 0 0 0 
0 0.601275 0 0 0 0 0 0.398725 0 0 
0 0 0 0 1 0 0 0 0 0 
1 0 0 0 0 0 0 0 0 0 
0 0 0 0 0 0 0 0 0 1 
0 0 0 1 0 0 0 0 0 0 
0 0 0 1 0 0 0 0 0 0 
0 0 0 0 0 0 1 0 0 0 
0 0 0 0 0 0 1 0 0 0 
0 0 0 0 1 0 0 0 0 0 
0 0 0 1 0 0 0 0 0 0 
0 0 0 0 0 0 0 1 0 0 
0 0 0 0 0.426494 0 0 0.273636 0.299869 0 
0 0 0 0 1 0 0 0 0 0 
0 0 0 0 0 0 1 0 0 0 
0 0 0 0 0 0 1 0 0 0 
0 0 1 0 0 0 0 0 0 0 
0 0 0 0 0 0 0 0 0 1 
0 0 0 1 0 0 0 0 0 0 
0 0 0 0 0 0 1 0 0 0 
0 0 0 0 1 0 0 0 0 0 
0 0 0 0 0 1 0 0 0 0 
0 0 0 0 0 0 1 0 0 0 
1 0 0 0 0 0 0 0 0 0 
1 0 0 0 0 0 0 0 0 0 
0 0 0.593116 0 0 0.406884 0 0 0 0 
0 0 0 0 0 1 0 0 0 0 
1 0 0 0 0 0 0 0 0 0 
0 0 1 0 0 0 0 0 0 0 
0 0 0 0 0 0 0 0 1 0 
0 0 0 0 0 0 0.528464 0 0 0.471536 
0 0 0 0 0 0 1 0 0 0 
0 0 0 1 0 0 0 0 0 0 
0 0 0 0 0 0 0 0 0 1 
0 0 0 0 0 0 1 0 0 0 
0 0 0 0 0 0 0 0 1 0 
0 0 0 0 0 0 1 0 0 0 
0 0 0 0 0 0 0 1 0 0 
0 0.484086 0 0 0 0.515914 0 0 0 0 
0 0 0 0 0 0 1 0 0 0 
0 0 0 0.542912 0.457088 0 0 0 0 0 
0 1 0 0 0 0 0 0 0 0 
0 0 0 0 0.718313 0 0 0 0.281687 0 
0 0 1 0 0 0 0 0 0 0 
0 0 0 0 0 0 0 1 0 0 
1 0 0 0 0 0 0 0 0 0 
0 0 0 0 1 0 0 0 0 0 
0 0 0 0 0 0 0 0 0 1 
0 0 0 1 0 0 0 0 0 0 
0 0 0 0 1 0 0 0 0 0 
0 0 0 0 0 0 1 0 0 0 
1 0 0 0 0 0 0 0 0 0 
0 0 0 0 0 0 0 1 0 0 
0 0 0 0 0 0 1 0 0 0 
0 0 0 0 0 0.44393 0 0 0.55607 0 
0 0 0 0 0 0 0 0 0 1 
0.328268 0 0 0 0 0 0.671731 0 0 0 
0 0 0 0 0 0 0 1 0 0 
0 0 0.869466 0 0 0 0 0 0 0.130534 
1 0 0 0 0 0 0 0 0 0 
0 0 0 0 0 0 0 0 0 1 
0 0 0 0 0 0 0 1 0 0 
0 0 0 0 0 0 0 0 1 0 
0 0 0.224574 0.775426 0 0 0 0 0 0 
0 0 0 0 0 0 0 1 0 0 
0 0.518669 0 0 0 0 0 0 0 0.48133 
0 0 0 0 0 0 0 0 0 1 
0.455247 0 0 0 0 0 0 0.544753 0 0 
0 0 0 0 0 0 0 0 0 1 
1 0 0 0 0 0 0 0 0 0 
0 0 0.814349 0 0 0 0.185651 0 0 0 
0 0 0.450792 0.549208 0 0 0 0 0 0 
0 1 0 0 0 0 0 0 0 0 
0 0 0 0 0 0 1 0 0 0 
0 0 0 0 0 0 0 0 0 1 
0 0 0 0 1 0 0 0 0 0 
0 0 0 0 0 0 0 1 0 0 
0 0 1 0 0 0 0 0 0 0 
0 0 0 0 0 0 0 0 0 1 
0 0 0 0 0 0 0 1 0 0 
0 1 0 0 0 0 0 0 0 0 
0 1 0 0 0 0 0 0 0 0 
0 1 0 0 0 0 0 0 0 0 
0 0 0 0 0 0 0 0 1 0 
0 0 0 1 0 0 0 0 0 0 
0 0 0 0 0.498949 0.501051 0 0 0 0 
0 0 0 0 0 0 0 0 0 1 
0 0 0 0 0 0 0 1 0 0 
0 0 0 0 0 0 0 1 0 0 
0 0 0 0 1 0 0 0 0 0 
0 1 0 0 0 0 0 0 0 0 
0 0 0 0 0 1 0 0 0 0 
0 0.863526 0 0 0 0 0.136474 0 0 0 
0 0 0 0 1 0 0 0 0 0 
0 0 0 1 0 0 0 0 0 0 
0 0 0 0 0 0 0 0 0 1 
0 1 0 0 0 0 0 0 0 0 
0 0 0 0 0 0 1 0 0 0 
0 0 0 0 0 0 0 0 0 1 
0 0 0 1 0 0 0 0 0 0 
0 0 0 0 1 0 0 0 0 0 
0 0 1 0 0 0 0 0 0 0 
0 0 0 0 0 1 0 0 0 0 
0 0 0 0 1 0 0 0 0 0 
0 0 0 0 0 1 0 0 0 0 
1 0 0 0 0 0 0 0 0 0 
0 0 0 0 0 0 0 0 0 1 
0 0 0 0 0 0 1 0 0 0 
0 0 0 1 0 0 0 0 0 0 
0 0 0.734021 0.265979 0 0 0 0 0 0 
0 0 0 0.588222 0 0.411778 0 0 0 0 
0 0 1 0 0 0 0 0 0 0 
0 0 0.692334 0 0 0 0 0 0 0.307666 
0 0 0 0 0 0 0 0 1 0 
0 0 0 0 1 0 0 0 0 0 
0 0 0 0 0 1 0 0 0 0 
0 0 0 0 0 0 0 0 0 1 
