5 500
0.715084
0.381914
0.331202
0.598312
0.61584
12.1092 0.18284
10.9828 0.749835
10.8566 0.533994
10.3225 0.218879
10.296 0.308412
10.1946 0.107274
10.1021 0.792946
10.0137 0.689315
9.79051 0.214261
9.73745 1.10881
9.71212 0.867434
9.38311 1.04102
9.3196 0.828846
9.31635 0.710535
9.30652 1.45237
9.2249 0.889886
9.16295 1.47078
9.00518 0.529901
8.94814 0.794945
8.86918 0.961755
8.65354 1.17336
8.56052 0.995876
8.55821 0.93414
8.55087 0.537534
8.51923 0.496431
8.509 1.20629
8.44349 0.723539
8.42661 1.91769
8.33012 1.29874
8.32936 0.503661
8.28669 0.808112
8.26872 1.04105
8.23172 0.409761
8.20454 0.994623
8.17665 1.18419
8.16479 1.26745
8.05011 1.04091
8.01257 0.179264
7.99689 0.339624
7.96797 2.13627
7.91302 1.31781
7.91159 1.64622
7.87544 0.811939
7.77417 0.662059
7.73048 0.699145
7.7102 1.46311
7.64731 1.0479
7.6184 0.750988
7.61343 1.65911
7.58275 1.7204
7.57605 0.824209
7.51318 0.389863
7.44708 1.06857
7.39754 1.22019
7.38354 1.5173
7.32745 1.32306
7.26541 1.32926
7.24733 1.17986
7.21777 0.225002
7.15837 1.50723
7.10892 1.45278
7.0334 0.341301
7.01558 0.801329
6.99709 0.681579
6.99562 2.11084
6.98573 1.76436
6.95015 1.90086
6.9439 1.78437
6.93584 2.35444
6.93434 0.86324
6.92399 1.95085
6.92204 1.61615
6.87543 0.932256
6.8439 1.75303
6.83838 1.68012
6.80306 2.16127
6.78916 1.57125
6.76132 1.50629
6.74771 1.47502
6.66819 0.501974
6.5574 1.28619
6.55717 1.56274
6.52639 1.41732
6.52143 0.717446
6.51466 2.44762
6.48357 3.06267
6.46038 1.44694
6.43371 3.01773
6.42812 1.38155
6.40129 1.14159
6.39966 2.40558
6.37222 2.0116
6.35739 1.01275
6.33387 1.97319
6.33335 2.05516
6.32725 2.14979
6.3058 1.27494
6.29587 3.37427
6.25967 2.54273
6.25254 1.12521
6.24514 1.65161
6.16557 1.84368
6.15531 1.37317
6.14497 1.15205
6.13775 1.48241
6.1255 1.70564
6.07048 2.39173
6.0636 1.88443
6.01492 1.33366
5.97136 1.9379
5.95693 1.86625
5.88779 2.50468
5.87814 1.87044
5.85552 2.63985
5.8418 1.22895
5.8334 3.08991
5.83158 1.02895
5.7341 1.68257
5.66588 2.58569
5.61769 1.65608
5.61551 1.15005
5.53738 3.21776
5.52659 3.07959
5.49099 3.04586
5.44272 2.63401
5.44207 4.07613
5.43926 1.82595
5.35588 3.2164
5.34631 1.92142
5.32138 1.53637
5.31979 2.6475
5.315 1.75216
5.29828 3.3324
5.27209 2.57888
5.26157 2.5669
5.25372 3.26174
5.19986 4.0312
5.17773 2.8031
5.16538 1.83706
5.15368 1.89662
5.13228 1.88589
5.13205 2.43175
5.13146 3.95988
5.11329 2.23309
5.10954 2.59484
5.10701 2.6258
5.10226 3.06178
5.09506 3.47505
5.07167 2.45236
5.05121 2.76268
5.0112 4.1289
4.99675 3.15995
4.92424 3.04206
4.91266 2.73079
4.90467 3.45201
4.90059 2.73095
4.81064 4.03524
4.78429 2.47947
4.76952 2.77765
4.76651 2.52233
4.70746 3.34222
4.6906 2.84166
4.58395 2.86155
4.56181 2.83859
4.5179 2.97033
4.51752 3.788
4.49443 3.93174
4.44188 3.49439
4.434 2.4948
4.43079 3.06152
4.37847 3.03232
4.34708 4.11878
4.342 4.06745
4.3016 2.76391
4.26455 3.57626
4.24595 3.08223
4.24083 3.72283
4.22176 3.03599
4.17076 3.57102
4.16782 4.36864
4.15306 3.65569
4.14516 2.2027
4.07766 3.45778
3.98848 3.26111
3.91361 4.3584
3.8975 4.80125
3.8714 3.28045
3.84125 2.30485
3.83794 3.19424
3.8334 4.11893
3.78332 4.38898
3.77344 4.5846
3.77077 4.45817
3.75381 3.2337
3.74578 3.68153
3.71797 3.18221
3.70861 3.89109
3.70734 3.33185
3.64655 3.56235
3.60185 3.43725
3.56422 3.0693
3.52592 4.18351
3.52006 3.73645
3.51937 3.50563
3.49967 4.10574
3.42333 3.58754
3.41552 4.51225
3.41389 4.34978
3.39853 5.49398
3.39848 3.33989
3.38466 3.97938
3.37842 3.06315
3.36642 4.44479
3.36322 4.87495
3.3219 3.85829
3.28139 2.99867
3.26699 4.64047
3.2526 4.19878
3.24567 3.96666
3.20934 3.57958
3.19225 3.94625
3.13982 4.26899
3.1358 4.21787
3.09438 3.88941
3.0814 4.47327
3.07219 3.75773
3.06982 4.34518
3.05493 5.53489
3.04679 3.51346
3.04189 4.73953
3.0186 5.802
3.01653 6.01797
3.00456 3.63703
2.9333 4.57257
2.92251 3.79369
2.92211 3.1913
2.91681 4.57583
2.90961 4.42697
2.87277 4.87836
2.87266 3.32561
2.86733 3.28735
2.83198 4.98982
2.80917 4.23517
2.78012 3.62976
2.77461 4.24505
2.72637 3.89516
2.68707 3.40785
2.65173 4.02705
2.6008 6.28245
2.59311 4.84092
2.58616 3.93091
2.53764 5.67496
2.50241 4.1403
2.4692 4.76512
2.44463 5.5759
2.44443 3.97833
2.44191 4.83284
2.43353 6.51111
2.42725 5.5294
2.40906 4.54685
2.39601 4.90992
2.39432 6.19456
2.37189 5.1271
2.34068 3.94144
2.33941 4.41108
2.30223 3.91587
2.29982 5.344
2.25472 4.23219
2.24606 6.96828
2.15947 6.85621
2.15901 5.92405
2.14941 4.38008
2.14148 5.46211
2.13359 6.75831
2.06582 5.01892
2.04003 6.29865
2.03477 5.89188
2.01702 4.6813
1.99426 6.57197
1.89383 6.52964
1.88368 4.434
1.88145 5.41392
1.87935 4.60399
1.85726 6.0113
1.84181 5.96193
1.84025 5.06943
1.83519 5.21334
1.82089 4.86456
1.81275 6.01574
1.78555 7.51519
1.76543 4.42411
1.73439 4.92059
1.72509 5.48079
1.70982 6.21596
1.70851 4.84968
1.68651 5.85589
1.67999 5.84548
1.63461 5.10461
1.61519 6.79143
1.59955 6.67244
1.51681 4.92775
1.50085 6.87583
1.46759 6.03277
1.46082 6.36767
1.43539 6.26853
1.43274 5.51946
1.3955 4.68782
1.35752 7.97817
1.33047 7.04239
1.31201 5.07342
1.31033 7.21475
1.30815 7.39106
1.29004 6.21904
1.21731 6.45357
1.21556 6.8451
1.21093 5.41976
1.18954 6.471
1.18639 5.20331
1.17801 7.20562
1.16537 7.01739
1.14435 5.91946
1.14148 6.69626
1.11126 7.89852
1.10054 5.15143
1.10005 7.43849
1.08182 7.82819
1.03702 7.83436
1.03692 4.86339
1.02599 5.63381
1.01056 6.53361
0.996755 6.23619
0.994036 6.6331
0.967509 7.55868
0.967238 6.42588
0.966938 8.1621
0.965008 7.41558
0.939252 6.91053
0.932781 5.92092
0.928639 5.93702
0.918471 8.60578
0.898491 5.82872
0.893396 7.00533
0.883184 7.10384
0.876005 7.48843
0.873145 8.48799
0.871262 8.21074
0.870605 7.51095
0.861615 8.02776
0.854541 8.39741
0.846002 6.81676
0.826702 6.3102
0.825811 7.92414
0.806525 7.66596
0.760958 8.43292
0.736444 6.94542
0.720149 8.47974
0.716134 8.19898
0.678307 9.39969
0.665197 8.00009
0.663677 8.28797
0.660115 6.45094
0.642006 5.99631
0.638413 5.98464
0.633436 6.28913
0.63029 6.50876
0.625256 7.75976
0.609275 7.48212
0.598498 7.70412
0.589834 8.33671
0.582804 5.73622
0.579147 9.75982
0.574626 7.55838
0.572244 8.64574
0.569293 7.31161
0.568761 8.99877
0.553333 8.9407
0.542159 5.65376
0.537964 8.23279
0.527131 7.40171
0.51896 7.59245
0.494989 9.80254
0.487584 7.43189
0.473139 9.20121
0.467391 7.87615
0.467056 9.52684
0.462896 7.73245
0.461623 7.29949
0.456839 8.77451
0.455437 6.02767
0.45131 7.09352
0.449013 7.69538
0.437461 6.10508
0.43568 8.64389
0.431293 9.59948
0.41596 8.92439
0.404845 9.6771
0.400981 8.04068
0.395287 9.79951
0.38832 9.6712
0.377636 8.77449
0.369282 8.44946
0.36826 7.3418
0.36284 8.49802
0.356684 9.60835
0.353014 9.82137
0.343924 7.58675
0.341298 8.57103
0.328649 9.53176
0.327939 7.84297
0.316449 7.96284
0.297957 7.9678
0.297792 7.8586
0.293627 6.41636
0.279728 7.9908
0.276427 9.32433
0.274066 6.96604
0.258604 10.1198
0.246847 6.49133
0.244149 9.20823
0.24066 9.29342
0.232724 8.55541
0.219964 7.74201
0.21492 8.61384
0.211556 10.664
0.203326 7.85678
0.197615 9.54805
0.197415 7.147
0.18432 6.54947
0.183618 10.6841
0.183373 8.90707
0.182791 10.1449
0.182266 9.03817
0.181424 7.40382
0.173613 7.42291
0.172513 8.83585
0.164576 6.81668
0.147067 8.33409
0.14052 9.49988
0.14042 7.7525
0.14035 10.9507
0.133317 10.8435
0.131756 10.4912
0.124895 7.56099
0.123608 6.70353
0.123178 9.0149
0.119537 9.55296
0.114967 8.6214
0.109042 8.41623
0.108854 7.49383
0.0959333 8.75196
0.0894477 10.4467
0.0839197 8.37686
0.0835001 9.52713
0.0820229 8.58183
0.0809253 7.95961
0.0750466 7.45786
0.073816 7.25171
0.0729618 9.05297
0.070592 8.81415
0.0703741 10.1467
0.06985 10.7048
0.0684676 10.7259
0.0665519 11.3832
0.0626039 7.89993
0.0585271 8.91275
0.0577592 11.5258
0.0539348 7.97125
0.0503358 11.5887
0.049416 9.35405
0.0489442 10.1296
0.0480945 9.85251
0.044919 7.08597
0.0445309 9.09133
0.0441505 10.3685
0.0425173 7.47665
0.0392216 7.78971
0.0371492 7.56338
0.0350981 8.68147
0.034512 7.55853
0.0317504 10.5609
0.0312546 7.96638
0.029225 11.4323
0.0286642 11.1016
0.0277715 9.08384
0.0246027 7.89707
0.0244021 7.7742
0.0198041 7.2157
0.0174442 7.99612
0.0165 7.22658
0.0153671 8.63443
0.0137847 11.3602
0.0122482 9.67512
0.00794802 8.11216
0.00743172 10.2002
0.00706233 8.80315
0.00412255 10.3705
0.00323439 10.3751
0.00145063 9.57469
0.00137994 8.28703
0.00134516 11.9546
0 0 0 0 1 
0 0 1 0 0 
0 0 1 0 0 
0.652602 0 0 0.347398 0 
0 1 0 0 0 
0 1 0 0 0 
0 0 1 0 0 
1 0 0 0 0 
0 0 0 1 0 
0 0 1 0 0 
0 0 1 0 0 
1 0 0 0 0 
1 0 0 0 0 
0 0 1 0 0 
0.347522 0.269222 0.383256 0 0 
0 0 0 0 1 
0.416753 0 0 0.583247 0 
0 1 0 0 0 
1 0 0 0 0 
1 0 0 0 0 
0 0 0 0 1 
1 0 0 0 0 
0 1 0 0 0 
0 0.104525 0 0.895475 0 
0 0 0 1 0 
0.278489 0.197112 0.524399 0 0 
0 0 0 1 0 
0 0 0.508387 0 0.491613 
0 1 0 0 0 
1 0 0 0 0 
0 1 0 0 0 
1 0 0 0 0 
0 0 1 0 0 
1 0 0 0 0 
0 1 0 0 0 
0.187322 0.812678 0 0 0 
0 0 1 0 0 
0 0 1 0 0 
0 1 0 0 0 
0.400278 0 0 0 0.599722 
0 0 0 1 0 
1 0 0 0 0 
0 0 1 0 0 
0 0 1 0 0 
0 0 1 0 0 
0 0 0 0 1 
0 0 0 0 1 
1 0 0 0 0 
0 1 0 0 0 
1 0 0 0 0 
0 1 0 0 0 
0 0 0 0 1 
1 0 0 0 0 
0 0 0 1 0 
1 0 0 0 0 
0 0.6318 0.3682 0 0 
0 0 0 0.524023 0.475977 
0 0 1 0 0 
0 0 0 1 0 
0 0 0 1 0 
0 0 0.444447 0.555553 0 
0 0 0 0 1 
0 0 0.24784 0.163251 0.588908 
0 0 0 0 1 
0 1 0 0 0 
0 0 0 1 0 
0 0 0 0 1 
0 0 0 1 0 
0 0 0 0 1 
0 0 1 0 0 
0 0 0 0 1 
1 0 0 0 0 
0 0 1 0 0 
0 0 0 1 0 
0 0 0 1 0 
0 1 0 0 0 
0 1 0 0 0 
0 0.362956 0 0.291176 0.345868 
0 0 1 0 0 
1 0 0 0 0 
0 0 1 0 0 
0 0 0 1 0 
0 0 1 0 0 
0 0.618195 0 0.381805 0 
0 0 0 1 0 
0 0 0 1 0 
1 0 0 0 0 
0 1 0 0 0 
0 0 1 0 0 
0 0 0 0 1 
0 0 1 0 0 
0 0 0.485952 0 0.514048 
0 0 1 0 0 
0 0 0 1 0 
0 0 0 0 1 
0 0 0 0 1 
0 0 1 0 0 
1 0 0 0 0 
0 0 0 1 0 
0 1 0 0 0 
0 0 0 0 1 
1 0 0 0 0 
0 0 0 1 0 
0 0 0 0 1 
0 0 1 0 0 
0 1 0 0 0 
1 0 0 0 0 
0 0 0 1 0 
0 0 0 0 1 
0 0 0 1 0 
1 0 0 0 0 
0 0.258822 0.741178 0 0 
1 0 0 0 0 
0 0 1 0 0 
0 1 0 0 0 
0 0.32815 0.67185 0 0 
0 0 0 0 1 
0 0 1 0 0 
0 0 0 1 0 
0 0 0 0 1 
0.505233 0.494767 0 0 0 
1 0 0 0 0 
0 0 0.117641 0 0.882359 
0 0 0 1 0 
0 1 0 0 0 
0 0 0 1 0 
0 0 0 0 1 
1 0 0 0 0 
0 0 0 1 0 
0 0 0 0.271927 0.728073 
0 0.552304 0 0.447696 0 
0 0.521846 0.478154 0 0 
0 0 1 0 0 
0 1 0 0 0 
1 0 0 0 0 
0 0 0.272198 0 0.727802 
0 0 1 0 0 
0 1 0 0 0 
0 0 0 1 0 
0 0 0 0 1 
0 0 0.679094 0 0.320906 
0 0 1 0 0 
0 0 0 1 0 
0 0 1 0 0 
0 0 1 0 0 
0 1 0 0 0 
0 1 0 0 0 
0 0 0 1 0 
0 0.479074 0 0.520926 0 
1 0 0 0 0 
0 0 1 0 0 
0 0 1 0 0 
0 0.628538 0.371462 0 0 
1 0 0 0 0 
1 0 0 0 0 
1 0 0 0 0 
0 0 0.211006 0.788994 0 
0.367319 0 0.632681 0 0 
0 0 1 0 0 
0 0 0 0 1 
0.477419 0 0 0.522581 0 
1 0 0 0 0 
0 0 0 0 1 
0 0 0 0 1 
1 0 0 0 0 
0 0 1 0 0 
0 0 0 1 0 
0 1 0 0 0 
1 0 0 0 0 
1 0 0 0 0 
0 0.185674 0.375331 0 0.438995 
0 0 0 0 1 
0 0 0 0 1 
0 0 1 0 0 
0 1 0 0 0 
0 1 0 0 0 
0 0 0 1 0 
1 0 0 0 0 
1 0 0 0 0 
0 0 0 1 0 
0 0 0 0 1 
0 0 0 1 0 
0 1 0 0 0 
0 0 1 0 0 
1 0 0 0 0 
0 0 1 0 0 
0 0 0 0 1 
0 0 0 1 0 
0 1 0 0 0 
0 0 0 0 1 
0 0 1 0 0 
0 0 0 1 0 
0 0.463104 0.536896 0 0 
0 0 0 1 0 
0 0 0 1 0 
0 0 0 1 0 
0 0 0.466123 0.533877 0 
0.50387 0 0 0.49613 0 
0 1 0 0 0 
0.432518 0 0.567482 0 0 
0 1 0 0 0 
1 0 0 0 0 
0 0 0 0 1 
0 0 0 0 1 
0 0 0 0 1 
0 0.503122 0 0.496878 0 
0 0 0 0 1 
0 0 0 1 0 
1 0 0 0 0 
0.678646 0 0.321354 0 0 
0.530662 0 0 0.469339 0 
0 0.257574 0 0.742426 0 
0 1 0 0 0 
1 0 0 0 0 
0 1 0 0 0 
0 0 0 0 1 
0 0 0 1 0 
0 0 0 1 0 
0 0.543559 0 0.456441 0 
0 0 0 1 0 
0 0 1 0 0 
0 0.673659 0 0 0.326341 
0 0 0 1 0 
0 0 0 0 1 
0 0 0 0 1 
0 0 0 1 0 
0 0.876368 0 0.123632 0 
0 0 0 0 1 
0 0 1 0 0 
0 1 0 0 0 
0 0 0 0 1 
0 1 0 0 0 
0 1 0 0 0 
1 0 0 0 0 
0 0 0 1 0 
0 1 0 0 0 
0 1 0 0 0 
0 0 1 0 0 
0 0 0 1 0 
0 0 0 0 1 
0 1 0 0 0 
0.61433 0 0 0.38567 0 
0.308625 0 0 0.691375 0 
0 0 0 0 1 
0 0 0 1 0 
0 0.569461 0 0 0.430539 
0 0 0 1 0 
0 1 0 0 0 
0 1 0 0 0 
0 0 0 0 1 
0 1 0 0 0 
1 0 0 0 0 
0 1 0 0 0 
0 0 0 1 0 
0 0 0 0 1 
0 0 1 0 0 
0 0 1 0 0 
0 1 0 0 0 
0 0 1 0 0 
0 0 1 0 0 
0 1 0 0 0 
0 0 0 0 1 
0 0 0 1 0 
0 0 0.281308 0 0.718692 
0 0 0 0.724563 0.275437 
0 0 0 0 1 
0 0 0 0 1 
0 0 0 1 0 
0 0 1 0 0 
0 1 0 0 0 
0 1 0 0 0 
0 0 0 1 0 
0 1 0 0 0 
1 0 0 0 0 
1 0 0 0 0 
0 0 0 0 1 
0 0 0 0 1 
0 1 0 0 0 
1 0 0 0 0 
0 1 0 0 0 
0 0 0 0 1 
0 0 0 0 1 
0 1 0 0 0 
1 0 0 0 0 
0 1 0 0 0 
0 1 0 0 0 
1 0 0 0 0 
0 0 1 0 0 
1 0 0 0 0 
0.503394 0 0.496606 0 0 
0 0 0 0.68062 0.31938 
0 0 1 0 0 
1 0 0 0 0 
1 0 0 0 0 
0 0 0 0 1 
0 0 0 0 1 
0 0 0 1 0 
0.371865 0.185594 0 0.442541 0 
0 0 1 0 0 
0 0 0 1 0 
1 0 0 0 0 
0 1 0 0 0 
0.439383 0.144215 0 0.416402 0 
0 0 0 1 0 
0 1 0 0 0 
1 0 0 0 0 
0.462708 0.313038 0 0 0.224254 
0 0 0 0 1 
0 1 0 0 0 
1 0 0 0 0 
0 0 0 1 0 
1 0 0 0 0 
0 0 0 0 1 
0 0 1 0 0 
0 0 1 0 0 
0 0 0 0 1 
0 1 0 0 0 
0 0 0 0 1 
0.38871 0 0.61129 0 0 
0 0 1 0 0 
0 0 1 0 0 
0.567144 0 0.432856 0 0 
0 1 0 0 0 
0 0 0 1 0 
0.509653 0 0.490347 0 0 
0 0 0 0 1 
0 0 0.753689 0 0.246311 
0 0 0 1 0 
0 0 0 0 1 
0 0 0 0 1 
0 0.474758 0.525242 0 0 
0 0 0 0 1 
1 0 0 0 0 
0 0 0 1 0 
0 0.180173 0.253193 0 0.566635 
0 0 1 0 0 
0 0 0 0 1 
0 1 0 0 0 
0 0 1 0 0 
0 0 0 0 1 
0 0.253888 0 0.746112 0 
0 0 1 0 0 
0 0 0 0 1 
1 0 0 0 0 
1 0 0 0 0 
1 0 0 0 0 
0 0 0 0 1 
0 0 0 0 1 
0 0.49185 0 0 0.50815 
0 1 0 0 0 
0 0.278962 0 0 0.721038 
0 0 0 0 1 
0 0 0 0 1 
1 0 0 0 0 
1 0 0 0 0 
0 0 0 1 0 
0 0 0 1 0 
0 0.582095 0 0 0.417905 
1 0 0 0 0 
0 0 0.299516 0 0.700484 
0 0 0 1 0 
0 0 0 1 0 
0 0 0 1 0 
0 0 0 1 0 
0 1 0 0 0 
0 0 0 1 0 
0 0 0 1 0 
1 0 0 0 0 
0 0 0 1 0 
0 0 0 0 1 
1 0 0 0 0 
0 0.371446 0 0.628554 0 
0.837782 0 0 0.162218 0 
0 0.29328 0.581985 0.124735 0 
0 0 0 1 0 
0.439352 0.560648 0 0 0 
0 0 0 1 0 
0 0 0 0 1 
0 0.748865 0 0.251134 0 
1 0 0 0 0 
0 0 1 0 0 
1 0 0 0 0 
0 0.40977 0.59023 0 0 
0 0 0 1 0 
0 0 1 0 0 
0 0.4703 0 0 0.5297 
0 1 0 0 0 
0 1 0 0 0 
0 0 1 0 0 
0 0 0 1 0 
0 0 0 0 1 
0 0 1 0 0 
0 0.560886 0.439114 0 0 
1 0 0 0 0 
0 0 0 0 1 
0 0 0 1 0 
0 0 0 0 1 
0 0 1 0 0 
1 0 0 0 0 
0 1 0 0 0 
1 0 0 0 0 
1 0 0 0 0 
0 0 0 1 0 
0 1 0 0 0 
0 0 1 0 0 
0 1 0 0 0 
0 0 0 1 0 
0 0 0 0 1 
1 0 0 0 0 
1 0 0 0 0 
1 0 0 0 0 
0 1 0 0 0 
0 0 1 0 0 
0 1 0 0 0 
0.441888 0 0.558112 0 0 
0.420182 0 0 0 0.579817 
0 0 0 0 1 
0.589749 0 0.410251 0 0 
0 0 0 0 1 
0 0 0 0 1 
0 0 0.606825 0 0.393175 
0 0 1 0 0 
0 0 0 0 1 
0 0 0.475014 0 0.524986 
0 1 0 0 0 
0 0 0 0 1 
0 0 0 0 1 
0 0 1 0 0 
0.566049 0 0.433951 0 0 
0 0 0 0 1 
0 0 1 0 0 
0 0 0.387508 0 0.612492 
0 1 0 0 0 
0 0 0 0 1 
1 0 0 0 0 
0 0 0 1 0 
0 0 0 0 1 
0 0 0 1 0 
0 0.536751 0 0.463249 0 
0 0 0 0 1 
0 0 0 1 0 
0 0 1 0 0 
1 0 0 0 0 
0.684529 0 0 0 0.315471 
0 0 0 1 0 
0 0 0.189685 0.810315 0 
0 0 0 0 1 
0 0 1 0 0 
0 1 0 0 0 
0 0 1 0 0 
0 0.403005 0 0 0.596995 
0 1 0 0 0 
0 0 1 0 0 
1 0 0 0 0 
0 0 0 1 0 
1 0 0 0 0 
0 0 0 1 0 
1 0 0 0 0 
0 1 0 0 0 
1 0 0 0 0 
0 0 0 0 1 
0.518463 0 0.481537 0 0 
0 0 0 1 0 
1 0 0 0 0 
0 1 0 0 0 
0 1 0 0 0 
0 0 0 1 0 
0 0 0 0 1 
0 0 0.429496 0.570504 0 
0 0.246239 0 0.753761 0 
1 0 0 0 0 
0 0 0 1 0 
0 0 0 0 1 
0 0 0 1 0 
0 0 0 1 0 
1 0 0 0 0 
0 0.45079 0.549209 0 0 
0 1 0 0 0 
0 0 0 0 1 
1 0 0 0 0 
0 0 0 0 1 
0 0 0 1 0 
0 0 0 1 0 
0 0 0 0 1 
0 0 0 0.161523 0.838477 
0 1 0 0 0 
0 0 1 0 0 
0 0 1 0 0 
0 0 0 1 0 
0.676074 0.323926 0 0 0 
0 0 0 0 1 
1 0 0 0 0 
0 0 0 1 0 
0 0 0.479775 0.520225 0 
0 0 0.201485 0.798515 0 
0 0 0 0 1 
0 0 0 0 1 
0 1 0 0 0 
1 0 0 0 0 
0 0 0 0.172435 0.827565 
