10 500
0.49353
0.495617
0.342827
0.329525
0.261761
0.441311
0.441745
0.711817
0.646247
0.443058
12.1321 0.103536
11.6184 0.263177
11.4896 0.31033
11.0134 0.482975
10.9674 0.223149
10.7518 0.414416
10.6874 0.317319
10.5832 0.0949172
10.5805 0.54676
10.5723 0.320529
10.3827 0.918616
10.3551 0.831511
10.348 0.543775
10.3373 0.821122
10.1657 0.551666
10.1596 0.748973
10.1552 0.362483
10.0961 0.79755
10.0885 0.764536
9.95495 0.551948
9.94687 0.255104
9.83456 0.929842
9.78465 0.307723
9.77964 0.941221
9.72305 0.750192
9.71024 0.360272
9.55855 0.540902
9.50287 0.171265
9.48255 1.12508
9.48005 0.455827
9.36962 0.400665
9.31733 0.648498
9.21994 0.833903
9.20896 0.152854
9.20176 1.50261
9.1608 1.61896
9.12155 0.438866
9.08453 1.46447
9.07592 0.776923
9.06691 1.12048
8.9799 0.929244
8.97472 0.331377
8.95969 0.197597
8.89565 0.201742
8.87705 0.10183
8.85604 1.1628
8.82632 0.994858
8.77298 1.32365
8.74992 1.08879
8.66403 0.258623
8.64817 0.293269
8.64612 1.58989
8.57397 1.65566
8.56741 0.556161
8.53104 1.67152
8.46895 1.2595
8.3472 1.14489
8.33161 1.53049
8.1832 2.31493
8.13477 0.641074
8.11128 1.01244
8.09501 0.759359
8.08918 1.65438
7.95001 0.312608
7.83957 0.278034
7.8367 1.45831
7.80104 1.37094
7.79317 1.90191
7.79058 1.23163
7.58201 0.183863
7.52372 1.66073
7.4916 0.796958
7.48011 0.284613
7.45506 1.93316
7.42202 1.28485
7.41664 2.35924
7.31589 2.42349
7.26307 2.43496
7.19677 0.606192
7.12099 2.0608
7.11243 1.87639
7.11232 2.79005
7.10687 0.554615
7.10518 1.67197
7.10194 1.21294
7.08588 1.70782
7.05105 2.40623
6.94177 1.40568
6.93689 0.797944
6.91529 2.15239
6.88929 1.76105
6.87212 2.95391
6.86426 2.23536
6.83949 1.21966
6.81589 1.96557
6.65786 2.04658
6.65495 1.95403
6.64211 2.75222
6.60829 2.64755
6.4763 2.06666
6.46954 1.93217
6.46119 1.25701
6.3959 1.56896
6.346 0.793068
6.34253 0.964248
6.29822 1.26148
6.27517 0.682885
6.26295 1.84381
6.25264 1.96832
6.19625 2.54944
6.13766 2.29931
6.12422 3.44008
6.09658 1.03908
6.08432 2.96675
6.06648 0.824227
6.04941 1.80874
6.00781 3.19916
6.00355 2.1029
5.96404 1.84375
5.95671 3.02898
5.93774 1.56292
5.93675 1.38418
5.9237 1.82875
5.91348 2.92992
5.84503 2.80439
5.84265 2.22711
5.82362 2.72445
5.80737 1.53647
5.79416 1.87456
5.79382 2.93303
5.6923 1.44624
5.61473 3.43471
5.59445 2.5108
5.48763 2.07153
5.38797 2.11036
5.33166 2.08298
5.32863 3.2753
5.23934 3.16565
5.12958 3.1098
5.086 2.59587
5.04124 3.28252
5.01944 2.48287
5.00987 1.65517
4.99706 3.51454
4.9177 2.08679
4.83134 2.48687
4.78264 3.13061
4.69211 2.52866
4.66898 2.00852
4.66396 3.21939
4.60629 3.88131
4.59031 2.55888
4.57451 3.93794
4.55551 2.54653
4.52949 3.7066
4.51361 3.03122
4.48879 3.85923
4.44659 3.62932
4.44159 2.93369
4.38737 2.31602
4.36862 2.67328
4.36258 2.52409
4.35932 3.29359
4.35805 3.12247
4.31997 4.49631
4.29282 3.59107
4.25264 3.31837
4.2502 2.3224
4.23503 2.54482
4.2168 3.99056
4.21661 2.92259
4.10579 2.85284
4.07102 2.50294
4.06897 4.48833
4.00416 2.84983
3.95207 3.68916
3.94699 3.86048
3.9118 3.45123
3.86471 4.85293
3.85293 4.71786
3.84735 5.04098
3.84362 4.25701
3.81034 3.73299
3.8052 3.6927
3.7861 4.25613
3.78565 2.68788
3.78324 3.42365
3.77619 4.2715
3.76496 3.14918
3.71341 5.23757
3.70252 3.63327
3.55953 2.72143
3.55402 4.96592
3.52211 5.76617
3.50295 4.18518
3.4928 4.40447
3.43152 5.64233
3.4029 4.34302
3.39807 4.03494
3.39375 3.9534
3.37533 3.64435
3.36114 5.61962
3.31484 3.7155
3.27729 5.72681
3.27674 4.12573
3.27447 4.52738
3.25082 4.42688
3.2284 4.56898
3.21344 4.3055
3.21034 3.51623
3.17867 5.18546
3.11561 5.06844
3.11502 4.97737
3.05547 3.68508
3.03263 3.70041
3.02571 4.37293
3.01809 4.40171
3.01716 5.74159
3.01031 3.35101
2.99998 3.6161
2.98211 3.78784
2.97636 4.32385
2.96842 5.50102
2.94682 5.07146
2.93378 4.75694
2.93364 5.12861
2.90767 4.15379
2.90562 4.17508
2.89976 3.28421
2.89572 5.2729
2.8602 5.4786
2.85747 4.22587
2.85401 5.44782
2.8361 4.7541
2.82508 4.57933
2.78032 5.23082
2.77311 5.05294
2.70614 5.6485
2.68012 5.37541
2.59768 3.69884
2.58443 4.5977
2.57097 5.44815
2.56218 3.8391
2.51482 3.7174
2.5113 5.87652
2.51002 5.11025
2.50667 5.17047
2.50068 4.68371
2.48727 5.268
2.45191 3.58773
2.41431 4.03192
2.40177 5.04663
2.35993 6.14216
2.31242 4.13137
2.28447 4.29216
2.2441 4.07396
2.23127 6.39931
2.22246 6.00285
2.2211 4.14606
2.20721 5.02751
2.20643 5.26664
2.18417 4.04414
2.17218 5.11229
2.16857 6.09904
2.13116 6.66932
2.12369 4.0241
2.08513 4.2068
2.04545 4.19997
2.03565 5.64284
2.03057 4.19572
2.02732 5.33682
1.98401 6.69702
1.97953 4.81906
1.94723 6.00835
1.9394 4.60257
1.91884 4.06937
1.89848 6.2619
1.87882 4.33204
1.87737 5.2557
1.8708 5.86202
1.82513 4.18092
1.8198 4.83536
1.81642 6.88667
1.80741 6.84799
1.80587 4.71962
1.78783 6.30154
1.7364 6.08813
1.73413 5.26062
1.73399 4.47196
1.72525 5.36935
1.72379 5.95284
1.72182 6.94669
1.6933 5.10911
1.68538 4.31456
1.66751 4.63819
1.66594 6.54874
1.66439 5.82772
1.65917 4.97281
1.62876 6.43006
1.62126 4.55193
1.61431 6.75194
1.59256 7.72852
1.57937 5.44579
1.53571 6.53159
1.53095 4.55658
1.48924 5.434
1.43032 7.03249
1.40888 5.78396
1.40424 6.80784
1.3727 6.3017
1.34202 5.55691
1.34049 7.07569
1.32913 6.19991
1.30677 5.67102
1.30656 6.34659
1.30301 5.1574
1.29321 5.80316
1.24504 6.51171
1.21895 7.17148
1.18932 7.32149
1.18516 5.0665
1.14576 6.35871
1.14281 8.05194
1.10761 6.64425
1.10301 5.22179
1.09961 5.74218
1.08784 7.31562
1.08649 5.95226
1.08603 5.39612
1.03951 6.69396
1.0254 6.64102
1.02305 5.24526
1.02237 8.15963
1.01932 7.4514
0.976053 7.13269
0.97551 5.84045
0.963845 8.2612
0.952203 8.68719
0.95046 6.84115
0.936754 5.31088
0.914647 8.54753
0.908112 9.01269
0.903274 6.2077
0.903113 5.86969
0.901474 5.59161
0.890572 6.94204
0.889151 7.48052
0.871421 7.66841
0.871238 5.93245
0.859517 6.82714
0.848581 5.23208
0.843926 7.88105
0.838887 8.32982
0.831768 5.95483
0.828988 6.26249
0.828343 7.7068
0.826989 7.97733
0.825838 6.79604
0.814007 7.54879
0.810729 5.68689
0.806556 8.26894
0.79653 8.14306
0.791466 7.03129
0.785212 7.56904
0.769987 5.86697
0.75198 6.36416
0.746035 7.36528
0.736584 9.18878
0.728021 7.13449
0.717548 7.53283
0.708303 6.16284
0.681358 8.32922
0.676978 8.85853
0.670649 8.28341
0.669959 7.22626
0.669714 7.90641
0.652788 7.18686
0.644844 5.76227
0.638661 6.76444
0.635444 8.65025
0.635226 6.97995
0.625842 5.96009
0.624094 9.13135
0.620406 7.53219
0.617483 9.34838
0.600625 7.10458
0.586038 7.22925
0.583182 8.63539
0.582139 7.72669
0.579878 5.87309
0.576071 8.27485
0.575251 5.74856
0.573901 8.07986
0.569822 5.74667
0.539437 5.8053
0.537217 8.3685
0.534653 7.5431
0.520772 9.34025
0.520227 6.97677
0.498161 6.86672
0.49223 6.11316
0.486898 7.16509
0.481645 7.31689
0.475932 8.34777
0.467764 9.00749
0.466694 8.26766
0.461371 7.44308
0.460826 8.88242
0.457136 9.02385
0.451929 7.23289
0.43765 6.55261
0.433809 8.11422
0.427618 5.93748
0.426733 9.30535
0.415159 7.76856
0.414736 9.63259
0.409573 6.30538
0.397716 7.53599
0.367977 6.89485
0.364478 6.45087
0.325138 7.40498
0.312288 10.0309
0.311716 7.84832
0.308213 9.65016
0.306513 9.75708
0.295838 6.62676
0.288185 8.92569
0.283615 9.08083
0.278379 8.2278
0.277356 9.51081
0.273471 8.94273
0.270395 8.68429
0.269946 8.144
0.253538 10.2966
0.250047 7.99019
0.250027 8.63981
0.246607 8.44001
0.246239 10.2414
0.227281 10.5552
0.220027 10.0779
0.217806 6.66063
0.201073 7.3312
0.198439 9.95133
0.197904 6.85951
0.195347 9.98391
0.19526 8.76193
0.184019 10.1524
0.181889 10.3442
0.180614 8.19871
0.18042 6.5754
0.178021 7.71627
0.16021 10.7082
0.150743 7.72215
0.131718 9.96395
0.125635 8.16064
0.124356 9.37838
0.12116 10.7594
0.11809 9.11149
0.107836 8.07302
0.104699 10.9464
0.0981999 6.84508
0.0950727 9.61656
0.0865639 10.472
0.0815471 8.25099
0.0776332 7.79653
0.0753666 10.2972
0.0741592 10.8166
0.0599581 7.04857
0.0587534 7.78388
0.0566591 11.4268
0.0561027 9.1214
0.055148 11.4717
0.0484976 11.0951
0.0454285 10.8169
0.0440822 11.4768
0.0367044 7.19445
0.03554 11.2484
0.0348943 10.2396
0.0339876 10.7041
0.033984 10.5473
0.0339226 9.96367
0.033403 9.51357
0.0300168 10.0741
0.0271816 9.47328
0.0237302 10.0279
0.0200925 8.03963
0.0189824 9.69255
0.0189358 8.8373
0.0189007 9.9263
0.018229 7.19508
0.0136991 11.9379
0.0127506 10.3209
0.0117101 10.2193
0.00662516 9.40823
0.00572272 9.94033
0.00533367 7.34107
0.00380384 10.2804
0.00282813 10.4543
0.00187082 7.44063
0.00135683 7.41397
0 0 0 0 0 0 1 0 0 0 
0 0 0 0 0 0 0 0 1 0 
1 0 0 0 0 0 0 0 0 0 
0 0.617549 0 0 0 0.382451 0 0 0 0 
0 0 0 0 0 0 0 0 1 0 
0 0 1 0 0 0 0 0 0 0 
0 0 1 0 0 0 0 0 0 0 
0 0 0 0 0 0 0 1 0 0 
0 0 0 0 0.591716 0 0.408284 0 0 0 
1 0 0 0 0 0 0 0 0 0 
0 0 0 0 0 0 0 0 1 0 
0.812438 0.187562 0 0 0 0 0 0 0 0 
0 0 0 1 0 0 0 0 0 0 
0 0 0 0 0 0 0 0 1 0 
0 0 0 0 1 0 0 0 0 0 
0 0 0 0 0 1 0 0 0 0 
0 0 0 0 0 0 0 1 0 0 
1 0 0 0 0 0 0 0 0 0 
0 0 0 0 0 0 0 1 0 0 
0 1 0 0 0 0 0 0 0 0 
0 0 0 0 0 0 0 0 1 0 
0 1 0 0 0 0 0 0 0 0 
0 0 0 0 0 0 1 0 0 0 
0 0 0 0 1 0 0 0 0 0 
0 0 0 0 0 0 0 0 1 0 
0 0 0 0 0 0 0 0 1 0 
0 0 0 1 0 0 0 0 0 0 
0 0 0 0 0 0 0 0 1 0 
0 0 0 0 0 0 0 0 0 1 
0 1 0 0 0 0 0 0 0 0 
0 0 0 0.340539 0 0 0 0 0 0.659461 
0 0 0 0 0.667809 0 0 0.332191 0 0 
0 1 0 0 0 0 0 0 0 0 
0 0 0 0 0 1 0 0 0 0 
1 0 0 0 0 0 0 0 0 0 
0 0 0 0 1 0 0 0 0 0 
0 1 0 0 0 0 0 0 0 0 
1 0 0 0 0 0 0 0 0 0 
0 0 0 0 0 0 1 0 0 0 
0 0 0 0 0 0 0 0 1 0 
0.704946 0 0 0 0 0 0 0 0 0.295054 
0 1 0 0 0 0 0 0 0 0 
0 0 0 0 0 0 1 0 0 0 
0.451258 0 0 0 0 0 0 0.548742 0 0 
0 0 0 0 0 0 0 1 0 0 
0 0 0 0 0 0 0 0 0 1 
0 0 0 0 0 0 0 0 0 1 
0 0 0 0 1 0 0 0 0 0 
0 0 0 0 0.438994 0 0 0 0.561006 0 
0 0 0 0 0 0 0 0 0 1 
0 0 0 0 0 0 1 0 0 0 
0 0 0 0 0 0 0 0 1 0 
0 1 0 0 0 0 0 0 0 0 
0 0 0 0 0 1 0 0 0 0 
0 0 0 1 0 0 0 0 0 0 
0 0 1 0 0 0 0 0 0 0 
1 0 0 0 0 0 0 0 0 0 
0 0 0 0 0 0 0 1 0 0 
0 0 0 0 1 0 0 0 0 0 
0 0 0 1 0 0 0 0 0 0 
0 0 0 0 0 0 0 0 0 1 
0 0 0 0 0 0 0 0 1 0 
0 0 0 0 0 0 1 0 0 0 
0 0 0 0 0.531984 0 0 0 0 0.468016 
0 0 0.629375 0 0 0 0 0 0 0.370625 
0 0 0 0 1 0 0 0 0 0 
0 0 0 0 1 0 0 0 0 0 
0 0 0 0 0 0 1 0 0 0 
0 1 0 0 0 0 0 0 0 0 
0 0 0 1 0 0 0 0 0 0 
0 0 0 0 0 1 0 0 0 0 
0 0 0.588038 0 0 0 0 0 0 0.411962 
0 1 0 0 0 0 0 0 0 0 
0 0 0 1 0 0 0 0 0 0 
0 0 0 0 1 0 0 0 0 0 
0 0 0 0 0 0 1 0 0 0 
0 0 0 0 0 0 0 0 1 0 
0 0 0 1 0 0 0 0 0 0 
0.669326 0 0 0 0 0 0 0.330674 0 0 
1 0 0 0 0 0 0 0 0 0 
0 0 1 0 0 0 0 0 0 0 
0 0 0 0 0 0 0 0 0 1 
0 0 0 0 0 0 0 1 0 0 
0 0 1 0 0 0 0 0 0 0 
0 0 0 0 0 0 0 1 0 0 
0 0 0 0 0 1 0 0 0 0 
0 0 1 0 0 0 0 0 0 0 
0 0 0 0 0 0 0 0 0 1 
0 1 0 0 0 0 0 0 0 0 
0 0 0 0 0 0 0 0 1 0 
0 0 0 0 0 0 0 0 1 0 
1 0 0 0 0 0 0 0 0 0 
1 0 0 0 0 0 0 0 0 0 
0 0 1 0 0 0 0 0 0 0 
0 0 0 0 0 0 1 0 0 0 
0 0 0 0 0 0 0 0 1 0 
0 0 0 0 0 0 0 1 0 0 
0 0 0 0 1 0 0 0 0 0 
0 0 0 1 0 0 0 0 0 0 
0 0 0 0 0 1 0 0 0 0 
0 0 1 0 0 0 0 0 0 0 
0 0 0 0 1 0 0 0 0 0 
0 0 0 0 0 1 0 0 0 0 
0 0 0 0 0 0 0 0 1 0 
0 0 0 0 0 0 1 0 0 0 
0 0 0.521006 0.478994 0 0 0 0 0 0 
0 0 0 0.511891 0 0 0 0 0 0.488109 
0 0.652422 0.347578 0 0 0 0 0 0 0 
0 0 0 0 0.181512 0 0.818488 0 0 0 
0 1 0 0 0 0 0 0 0 0 
0 0 0 0.884131 0 0 0 0 0.115869 0 
1 0 0 0 0 0 0 0 0 0 
0 0 0 0 0 0 0 1 0 0 
0 1 0 0 0 0 0 0 0 0 
1 0 0 0 0 0 0 0 0 0 
0 0 1 0 0 0 0 0 0 0 
0 0 0 0 0 0 0 0 1 0 
0 0 0 0 0 0 0 1 0 0 
0 0 0 0 0 0 0 0 0 1 
1 0 0 0 0 0 0 0 0 0 
0 0 0 0 0.372601 0 0 0.627399 0 0 
0.470964 0 0 0 0 0.529036 0 0 0 0 
0 0 0 0 0 0 1 0 0 0 
1 0 0 0 0 0 0 0 0 0 
0 0 0 0 0 0 0 0 1 0 
0 0 0 0 1 0 0 0 0 0 
0 0 1 0 0 0 0 0 0 0 
0 0 0.606788 0.393212 0 0 0 0 0 0 
0 0 0 0 0 0 0 0 0 1 
0 0.207402 0.792598 0 0 0 0 0 0 0 
0 0 0.347987 0 0 0 0.652013 0 0 0 
0 0 0 1 0 0 0 0 0 0 
1 0 0 0 0 0 0 0 0 0 
0 0 0 0 1 0 0 0 0 0 
0 0 0 0 0 0 0 0 1 0 
0 0 0 0 0 0 1 0 0 0 
0 0 0 0 0 0 0 0 1 0 
0 0 0 0 0 0 0 0 0 1 
1 0 0 0 0 0 0 0 0 0 
0 0 0 0 0 0 1 0 0 0 
0 0 0 1 0 0 0 0 0 0 
0.237583 0 0 0 0.182316 0 0.580101 0 0 0 
0 0 0.787999 0 0 0 0.212001 0 0 0 
0 0 0 0 0 0 0 1 0 0 
0 0.281583 0 0 0 0.718417 0 0 0 0 
0 0 0 0 0 0 1 0 0 0 
0 0 0.771536 0 0 0 0 0 0 0.228464 
0 0 0 0 0 0 0 0 1 0 
0 1 0 0 0 0 0 0 0 0 
0 0 0 0.679089 0 0.320911 0 0 0 0 
0 0 0 0 0 0 0 1 0 0 
0 0 0.743691 0 0 0 0 0 0 0.256309 
0 0 0 0 0 0 1 0 0 0 
1 0 0 0 0 0 0 0 0 0 
0 0 1 0 0 0 0 0 0 0 
0 0 0 0 0 0 0 1 0 0 
0 0 0 0 0 0 0 0 1 0 
0 0 1 0 0 0 0 0 0 0 
0 0 0 0 1 0 0 0 0 0 
0.26015 0 0 0 0 0 0 0 0 0.73985 
0 0 0 0 0 0 0 0 1 0 
0 0 0 0 0 0 0 1 0 0 
0 0 0 0 0 0 1 0 0 0 
0 0 0 0 1 0 0 0 0 0 
0 0 0 0 0 0 0 0 0 1 
0 0 0 0 0 0 0 1 0 0 
0 0 0 0 0 0 1 0 0 0 
0 0 0 1 0 0 0 0 0 0 
0 0 1 0 0 0 0 0 0 0 
0 1 0 0 0 0 0 0 0 0 
0 0 0 0 0 0 0 0 0 1 
1 0 0 0 0 0 0 0 0 0 
0 0 0 0.572181 0 0.427819 0 0 0 0 
0 0 0.530896 0 0 0 0 0.469104 0 0 
0 0 1 0 0 0 0 0 0 0 
0 0 0 0 0 0.29345 0 0.141476 0 0.565074 
0 0 0 0 0 0 0 0 0 1 
0 0 1 0 0 0 0 0 0 0 
0 1 0 0 0 0 0 0 0 0 
0 0 0 0 1 0 0 0 0 0 
0 0 0 1 0 0 0 0 0 0 
0 0 0 0 0 0 0 0 1 0 
0 0 1 0 0 0 0 0 0 0 
0 0 0 1 0 0 0 0 0 0 
0 0.529687 0 0 0.470313 0 0 0 0 0 
0 0 0 0 0 0 0 0 0 1 
0 0 0 1 0 0 0 0 0 0 
0 0 0.543026 0 0 0 0.456974 0 0 0 
0 0 0 1 0 0 0 0 0 0 
0 0 0 0 1 0 0 0 0 0 
0 0 0 0 0 0 0 0.55239 0.44761 0 
0 0 0 0 0 0 1 0 0 0 
0 0 0 0 0 0 0 1 0 0 
0 0 0.696113 0.303887 0 0 0 0 0 0 
0 0 0 0 1 0 0 0 0 0 
0.735368 0 0.264632 0 0 0 0 0 0 0 
0 0 0 0 0 0 0 0 0 1 
0 0 0 0 0 0 0 0 1 0 
0 0 0 0 0 0 0 0 0 1 
0 0 0 0 0 0 1 0 0 0 
0 0 0 0 0 0 0 1 0 0 
0 0 0 0 0 0 0 0 1 0 
0 0 0 0 0 1 0 0 0 0 
0 0 0 0 0 0 0 1 0 0 
0 0 0 0 0 1 0 0 0 0 
0 0 0 0 0.349 0 0 0.651 0 0 
0 0 0 0 1 0 0 0 0 0 
0 0 0 0 0 0 0 0 0 1 
1 0 0 0 0 0 0 0 0 0 
0 0.418976 0 0 0 0 0 0 0.581024 0 
0 0 0 0 0 0 0 0 0 1 
0 0 0 0.538482 0 0 0 0 0.461518 0 
1 0 0 0 0 0 0 0 0 0 
1 0 0 0 0 0 0 0 0 0 
0 0 0 1 0 0 0 0 0 0 
0 0 0 0 0 0.244024 0 0 0.755976 0 
0 0 0 0.667477 0 0 0 0 0 0.332523 
0 0 0.716914 0 0.283086 0 0 0 0 0 
0 0 0 0 1 0 0 0 0 0 
0 0 0 0 0 0 0 1 0 0 
0 0 1 0 0 0 0 0 0 0 
0 0 0 1 0 0 0 0 0 0 
0 0 0 0 0.311016 0.688984 0 0 0 0 
0 0 0 0 0 0 0 0 0 1 
0 0 0 0 1 0 0 0 0 0 
0 0 0 0 0 0 0 0 0 1 
0 0 0 0.273206 0 0 0 0 0.726794 0 
0 0 1 0 0 0 0 0 0 0 
0.675808 0 0 0.324192 0 0 0 0 0 0 
0 0 0 0 0 1 0 0 0 0 
0 1 0 0 0 0 0 0 0 0 
0 0.487256 0 0 0 0 0 0 0.259478 0.253266 
0 0 0 1 0 0 0 0 0 0 
0 0 0 1 0 0 0 0 0 0 
1 0 0 0 0 0 0 0 0 0 
0 0 0 0 0 0 0 0.413018 0.586982 0 
0 0 0 0 1 0 0 0 0 0 
1 0 0 0 0 0 0 0 0 0 
0 0.416581 0 0 0.583419 0 0 0 0 0 
0 0 1 0 0 0 0 0 0 0 
1 0 0 0 0 0 0 0 0 0 
0 0 0 1 0 0 0 0 0 0 
0 0 0 0 1 0 0 0 0 0 
0 0 0 0 0 0 0 0 1 0 
0 0 0 0 0 0 0 0 0 1 
0 0 0 0 0 1 0 0 0 0 
0 0 0 1 0 0 0 0 0 0 
0 0 0 0 0 1 0 0 0 0 
0 0 0 0 0 1 0 0 0 0 
0 0 0 0 0 1 0 0 0 0 
1 0 0 0 0 0 0 0 0 0 
0 0 0 0 0 0 0 0 0 1 
0 0.874209 0 0 0 0 0.125791 0 0 0 
0 0 1 0 0 0 0 0 0 0 
0 0 0.137404 0.515096 0 0 0 0 0 0.347501 
0.219357 0 0 0 0.780643 0 0 0 0 0 
0 0 0 0 0 0 1 0 0 0 
0 0 0 1 0 0 0 0 0 0 
1 0 0 0 0 0 0 0 0 0 
0 0 0 0.241423 0 0 0 0 0.758577 0 
0 0 0 0 0 0.363542 0.636458 0 0 0 
1 0 0 0 0 0 0 0 0 0 
0 0 0 0 0 0 0 0 1 0 
0 0 0 0 0 0 1 0 0 0 
0 0 0 0 0 1 0 0 0 0 
1 0 0 0 0 0 0 0 0 0 
0 0 0 0 0 0 1 0 0 0 
0 0 0 0 0 0 0 0 0 1 
1 0 0 0 0 0 0 0 0 0 
0 0 0 0 0 1 0 0 0 0 
0 0 0 0 0 0 0 1 0 0 
0.486005 0 0 0.513995 0 0 0 0 0 0 
0 0 0 0 0 0 0 0 0.485223 0.514777 
0 0 0 0 1 0 0 0 0 0 
0 0 0 0 0 0 1 0 0 0 
0 0 0 0 0 0 0 0 0 1 
0 0 0 0 0 0 0 1 0 0 
0.395676 0.604324 0 0 0 0 0 0 0 0 
0 0.597339 0 0 0 0 0.402661 0 0 0 
1 0 0 0 0 0 0 0 0 0 
0 0 0 0 0 0 0 0 1 0 
0 0 0 0 0 0 0 1 0 0 
0 1 0 0 0 0 0 0 0 0 
0 0 0 0 0 0 0 0 0 1 
0 0 0 0 0 0 0 0 1 0 
0 1 0 0 0 0 0 0 0 0 
0.247228 0 0 0 0 0.752772 0 0 0 0 
0 0 0 0 0 0 0 0 0 1 
0 0 0 0 0 0 1 0 0 0 
0 0 0 0 0 0 0 0 0 1 
0 0 0 0 0 0 1 0 0 0 
0 0 0.699824 0.300176 0 0 0 0 0 0 
0 0 0 0 0 0 0 0 0 1 
0 0 0 0 0 0 0 0 0 1 
1 0 0 0 0 0 0 0 0 0 
0 0 0 0 0 0 0 0 1 0 
1 0 0 0 0 0 0 0 0 0 
0 0 0 0.715212 0.284788 0 0 0 0 0 
0 0 1 0 0 0 0 0 0 0 
0 0 0 0.297201 0.702799 0 0 0 0 0 
0 0 0 0 0 0 0 0 1 0 
0 0 0 0 0 0 0 1 0 0 
0 0 0 0 0 0 0 1 0 0 
0 0 0 0 0 0 0 0 1 0 
1 0 0 0 0 0 0 0 0 0 
0 0 0 0 0 1 0 0 0 0 
0 0 0 0 0 0 0 1 0 0 
0 1 0 0 0 0 0 0 0 0 
0.835518 0 0 0.164482 0 0 0 0 0 0 
0 0 0 0 0.663032 0.336968 0 0 0 0 
1 0 0 0 0 0 0 0 0 0 
0 0 0 1 0 0 0 0 0 0 
0 0 0 0 0 0 0 0 1 0 
0 0 1 0 0 0 0 0 0 0 
0 1 0 0 0 0 0 0 0 0 
0 0 1 0 0 0 0 0 0 0 
1 0 0 0 0 0 0 0 0 0 
0 0 0.267019 0 0 0.165564 0 0.481326 0.0860909 0 
0 0 0 0 0 0 1 0 0 0 
0 1 0 0 0 0 0 0 0 0 
0 0 0.165291 0 0.834709 0 0 0 0 0 
0 0 0 0 0 1 0 0 0 0 
0 0 0 0 0 0 1 0 0 0 
0 0 0 0 0 0 0 0 1 0 
0 0 0 0 0 0 0 1 0 0 
0 0 0 0 1 0 0 0 0 0 
0 0 0 0 0 1 0 0 0 0 
0 0 0 0 0 0 0 0 0.383783 0.616217 
0 0 0 0 0 0 1 0 0 0 
0 0 0 0.435881 0.564119 0 0 0 0 0 
0 0 0.361035 0 0 0 0.638965 0 0 0 
0 0 0 0 0 0 0 1 0 0 
0 0 0 0 0 0 1 0 0 0 
0 0 0 0 1 0 0 0 0 0 
0 1 0 0 0 0 0 0 0 0 
1 0 0 0 0 0 0 0 0 0 
0 0 0 1 0 0 0 0 0 0 
0 0 0 0 0 0 0 1 0 0 
0 0 1 0 0 0 0 0 0 0 
0 0 0 0 0 0 0 0 0 1 
0 0 0 0 0 0 0 0 0 1 
0 0 0 0 0 0 0 1 0 0 
0 0 0 1 0 0 0 0 0 0 
0 0 0 0 0 0 0 0 1 0 
0 0 0 0 0 1 0 0 0 0 
0 0 0 0 0 0 1 0 0 0 
1 0 0 0 0 0 0 0 0 0 
0 0 0 0 0 0 0 0 1 0 
0 0 0 0 0 0 0 0 0 1 
1 0 0 0 0 0 0 0 0 0 
1 0 0 0 0 0 0 0 0 0 
0 0 0 0 0 0 1 0 0 0 
0 0 0 0 0 0 0 1 0 0 
0 0 1 0 0 0 0 0 0 0 
1 0 0 0 0 0 0 0 0 0 
0 0 0 0 0 0 0 0 0 1 
0 0 0 0 0 0 0 1 0 0 
0 0 0 0 1 0 0 0 0 0 
0 0 1 0 0 0 0 0 0 0 
0 0 0 0 0 0 0 0 0.509958 0.490042 
0 0 0 0 0 0 0 1 0 0 
0 0 0 0 0 0 0 0 0 1 
1 0 0 0 0 0 0 0 0 0 
0 0 0 0 0 1 0 0 0 0 
0 0 1 0 0 0 0 0 0 0 
0 1 0 0 0 0 0 0 0 0 
0 0 0 0 0 0 1 0 0 0 
0 0 0 0 0 1 0 0 0 0 
0 0 0.474459 0 0 0 0 0 0.525541 0 
0 0 0 0 1 0 0 0 0 0 
1 0 0 0 0 0 0 0 0 0 
0 0 0.459976 0 0 0 0 0 0.540024 0 
1 0 0 0 0 0 0 0 0 0 
0 0 0 0 0 0 0 0 1 0 
0 1 0 0 0 0 0 0 0 0 
0 0.388408 0 0 0 0 0 0.288931 0.32266 0 
0 0 0 0 1 0 0 0 0 0 
0 0 0 0 0 0 1 0 0 0 
0.724581 0 0 0 0 0 0 0 0 0.275419 
0 0 0 0 0 1 0 0 0 0 
0 0 0 0 0 0 0 1 0 0 
0 0 0 0 1 0 0 0 0 0 
0 0 0 0 1 0 0 0 0 0 
0 0 0 0 0 0 0 0 1 0 
0 0 0 0 0 0 0 0 1 0 
1 0 0 0 0 0 0 0 0 0 
0 0 0 0 0 0 0 1 0 0 
0 0 0 0 0 0 0 0.580893 0.419107 0 
1 0 0 0 0 0 0 0 0 0 
0 0.398206 0 0 0 0 0 0.601794 0 0 
0 0 0 1 0 0 0 0 0 0 
0.564734 0 0 0.435266 0 0 0 0 0 0 
0 0 0 1 0 0 0 0 0 0 
0 0 0 1 0 0 0 0 0 0 
0 0 0 0 0 0 0 0 0 1 
0 0.453322 0 0 0.546678 0 0 0 0 0 
0 0 0 0 0 1 0 0 0 0 
0 0 1 0 0 0 0 0 0 0 
0 0 0 0 0 0 0 0 0 1 
0 0 0 0 0 0 0 1 0 0 
0 0 0.504129 0 0.495871 0 0 0 0 0 
0 0 0 0 0 0 1 0 0 0 
0 1 0 0 0 0 0 0 0 0 
0 0 0 0 0 0 0 0 0 1 
0.231916 0 0 0 0 0 0.768084 0 0 0 
0 0 0 0 1 0 0 0 0 0 
0 0 0 1 0 0 0 0 0 0 
0 0 1 0 0 0 0 0 0 0 
0 0 1 0 0 0 0 0 0 0 
0 0 0 0 0 0 0 0 1 0 
0 0 0 0 1 0 0 0 0 0 
1 0 0 0 0 0 0 0 0 0 
0 0 1 0 0 0 0 0 0 0 
1 0 0 0 0 0 0 0 0 0 
0 0 0 1 0 0 0 0 0 0 
0 0 0 0 0 0 0 0 1 0 
0 0 0 0 0 0 1 0 0 0 
0 0 0 0 0 0 0 0 0 1 
0 0 0 0 0 0 0 0 0 1 
0 0 0 0 0 0 0 0 0 1 
0 0 0 0 0 0 0 0 0 1 
0 0 0.625518 0 0.374482 0 0 0 0 0 
0 0 0 0 0 0 0 0 1 0 
0 0 0 0 0 0 0 0 0 1 
0 0 0.478864 0 0 0 0 0.521136 0 0 
0 0 0 1 0 0 0 0 0 0 
0 1 0 0 0 0 0 0 0 0 
0 0 0 0 0 0 0 1 0 0 
0 0 0 0 0 0 1 0 0 0 
0 0 0 0 1 0 0 0 0 0 
0 0 0 0 0 0 1 0 0 0 
0 0 0 0 0 0 0 1 0 0 
0 0 0 0 0 0 0 0 0 1 
0 0 0 0 0 0 0 0 0 1 
0 0 0 0 0 1 0 0 0 0 
0 0 0 0 0 0 0 0 0 1 
0 0 1 0 0 0 0 0 0 0 
0 0 0 0 0 0 0 0 1 0 
1 0 0 0 0 0 0 0 0 0 
0 1 0 0 0 0 0 0 0 0 
0 0 0 0 0 0 1 0 0 0 
1 0 0 0 0 0 0 0 0 0 
0 0 0 0 0 0 0 0 0 1 
0 1 0 0 0 0 0 0 0 0 
0 0 0 0 0 1 0 0 0 0 
0 0 0 0 1 0 0 0 0 0 
0 0 0 0 0 0.672434 0 0 0 0.327566 
0 0 0 0 1 0 0 0 0 0 
0 0 0 0 0 0 0 0 0 1 
0 0 0 0 0 0 0 0 1 0 
0 0 0 1 0 0 0 0 0 0 
0 1 0 0 0 0 0 0 0 0 
0 1 0 0 0 0 0 0 0 0 
0 0 0 0 0 0 1 0 0 0 
0 0 0 0 0 0 0 0 1 0 
0 0 0 0 1 0 0 0 0 0 
0 0 0 1 0 0 0 0 0 0 
0 0 1 0 0 0 0 0 0 0 
0 0 1 0 0 0 0 0 0 0 
0 0 0 0 0 0 0 1 0 0 
1 0 0 0 0 0 0 0 0 0 
1 0 0 0 0 0 0 0 0 0 
0 0 0 0 1 0 0 0 0 0 
0 0 0 0 0 0.66266 0 0 0 0.33734 
0 0 0 0 0 0 0 0 0 1 
0 0 0 0 0 0 0 0 0 1 
0 0 0 0 0 1 0 0 0 0 
0 0 0 0 0 0 0 0 1 0 
1 0 0 0 0 0 0 0 0 0 
0 0 0 0 0 0 0 0 1 0 
0 0 1 0 0 0 0 0 0 0 
0 0 0 1 0 0 0 0 0 0 
0 0 0 0 0 0 0 0 1 0 
0 0 0 0.73119 0 0 0 0 0.26881 0 
1 0 0 0 0 0 0 0 0 0 
0 0 0.847595 0 0 0 0 0 0 0.152405 
0 0 0 0 0 0 0 0 1 0 
0.426205 0 0 0 0 0 0.573795 0 0 0 
0 0 0 0 0 1 0 0 0 0 
0 0 0 0 0 0 0 1 0 0 
0 0.280094 0 0 0 0 0 0.475194 0.244712 0 
0 0 0 0 0 0 0 0.588395 0 0.411605 
0 0 0 0 0 0 0 1 0 0 
0 0 0 0 0.2761 0 0 0 0 0.7239 
0 1 0 0 0 0 0 0 0 0 
0 0 0 0 0 0 1 0 0 0 
1 0 0 0 0 0 0 0 0 0 
1 0 0 0 0 0 0 0 0 0 
0 0 0 0 0 0 1 0 0 0 
0 0 0 0 0 0 0 0 0 1 
0 0 0 0 1 0 0 0 0 0 
0 0 0 0 0 0 1 0 0 0 
0 0 0 0 0 0 0 0 0.401346 0.598654 
0 0 0 0 0 0 0.404642 0 0.595358 0 
0 0 0 0 0 0 0 1 0 0 
0 0 0 0 0 0 0 0 0 1 
1 0 0 0 0 0 0 0 0 0 
0 0 0 0 0 0 0 1 0 0 
0 0 0 1 0 0 0 0 0 0 
0 0 0 0 0 1 0 0 0 0 
