10 300
0.714104
0.455519
0.365021
0.468486
0.372654
0.416359
0.298365
0.344598
0.696672
0.647492
12.0575 0.134465
10.6744 0.533782
10.3474 0.934778
10.2647 0.537777
10.2466 0.448395
10.2081 0.640454
9.94096 0.755825
9.91151 0.336194
9.8757 0.181971
9.81835 0.46448
9.72434 0.707201
9.52921 0.423821
9.34341 0.411718
9.23974 1.33003
9.18053 0.510194
9.06996 0.377673
9.04744 1.37811
9.03944 1.2529
9.03496 0.81407
9.02095 1.09676
9.00627 0.507369
8.80035 0.832971
8.69645 1.38786
8.67846 0.15004
8.60305 0.323394
8.52244 1.20048
8.33084 0.250223
8.17832 0.867076
8.14352 1.29195
8.07598 0.709925
8.01698 0.208764
7.85403 1.09838
7.80207 1.25894
7.78438 0.879368
7.61204 0.243642
7.5531 0.960366
7.49648 1.82841
7.31871 1.23011
7.26741 0.299416
7.25474 1.3575
7.11772 0.620814
7.10984 1.78468
7.02162 2.74589
7.01814 1.92789
7.00316 1.21838
7.00315 1.70748
6.93655 1.71384
6.91635 0.472814
6.90576 1.56668
6.89243 3.13506
6.78362 1.61848
6.68878 1.87018
6.65558 1.88562
6.57541 2.0275
6.56752 0.881927
6.51609 2.12785
6.45908 1.3692
6.30882 2.70436
6.18177 2.51846
6.16166 2.33159
6.13021 1.71323
6.08579 2.15268
6.04121 3.12374
6.03589 1.87075
6.02394 3.31471
6.01404 2.60327
5.98617 2.82247
5.95204 1.87214
5.90289 3.56238
5.90233 1.90756
5.89896 3.76997
5.85041 1.00743
5.71126 1.51702
5.67131 2.5751
5.66367 2.0081
5.59515 2.91129
5.51904 2.32419
5.47096 3.15947
5.40701 2.3084
5.33938 1.32263
5.29975 2.5366
5.29678 2.81644
5.25699 1.94912
5.25514 3.4163
5.25432 2.83634
5.23929 3.67211
5.22381 1.61233
5.16898 2.60822
5.0609 1.70188
4.86566 3.85846
4.76638 2.69232
4.76019 3.61336
4.74849 2.84287
4.7369 1.77132
4.70178 2.5398
4.69135 2.41531
4.67921 3.27276
4.67731 1.88201
4.6711 3.9297
4.65792 2.6005
4.61968 2.75211
4.61689 2.73837
4.59784 3.25454
4.55955 4.24151
4.54883 2.74778
4.50904 4.06806
4.50023 2.6774
4.48082 3.15002
4.45918 2.86771
4.4294 3.89804
4.32205 2.5595
4.21691 2.87282
4.21167 3.24601
4.16526 2.90158
4.14582 3.05191
4.02808 4.3744
3.91708 2.51688
3.87222 3.47518
3.83073 3.02201
3.65244 4.36099
3.55113 3.23752
3.52347 4.2274
3.49253 4.29197
3.44649 3.15046
3.25284 5.60838
3.2402 5.18773
3.23673 4.68899
3.20751 4.25636
3.19201 4.62241
3.1756 4.18626
3.13843 3.63006
3.05164 3.97791
2.99437 4.24811
2.98311 3.99662
2.96017 5.7829
2.95686 4.12951
2.87275 5.3238
2.86945 4.4468
2.86262 5.56995
2.85636 5.97983
2.85584 4.83931
2.84369 3.26439
2.84333 4.0336
2.83813 3.06526
2.83497 4.34946
2.80353 6.09125
2.78577 4.14527
2.78475 4.22075
2.70443 4.79113
2.66429 5.23546
2.63418 4.67965
2.57493 5.25495
2.53743 4.96282
2.48996 6.78397
2.43798 4.83953
2.40275 4.89202
2.32608 5.91785
2.31497 4.58375
2.27728 4.63477
2.26087 6.11604
2.18767 5.69813
2.15376 6.36361
2.14725 6.10656
2.11517 6.38348
2.0877 6.94954
2.06118 5.41107
2.04631 7.08078
2.01765 4.72045
2.01727 5.14647
2.01443 5.18201
1.96578 5.84844
1.96226 4.74554
1.92358 6.65476
1.91694 6.94331
1.89813 5.19642
1.87376 6.67979
1.85074 6.04173
1.68105 4.28309
1.67966 6.0986
1.6625 5.60885
1.65868 5.21713
1.58018 7.00306
1.5784 4.95251
1.57502 5.36163
1.53153 7.01673
1.50978 7.33207
1.50585 5.6463
1.49026 7.08856
1.48556 6.14363
1.47187 5.75198
1.45566 4.91527
1.43715 7.86026
1.42728 7.05371
1.41823 6.70314
1.4149 5.63938
1.4022 5.43781
1.38684 5.47479
1.37133 5.36182
1.34552 7.30203
1.33209 6.11427
1.31962 5.89952
1.31194 5.05015
1.29704 6.66524
1.28702 6.59976
1.28038 6.11008
1.22675 6.14305
1.21148 6.95306
1.19897 8.02072
1.15547 6.00956
1.14931 7.07084
1.14189 6.43315
1.10959 6.61779
1.1082 6.07565
1.09753 6.75632
1.09278 5.39803
1.08026 6.10661
1.06882 5.54863
1.06829 5.73601
1.04264 6.49569
1.0273 8.18131
0.990083 4.89758
0.982828 7.75198
0.930068 6.64112
0.912586 8.55597
0.900265 6.49578
0.88648 7.05712
0.877091 7.25692
0.862023 5.95405
0.857661 8.61151
0.848941 7.71552
0.845568 7.24511
0.781078 9.0022
0.741551 8.00863
0.735398 7.94378
0.721464 8.15756
0.721121 6.55347
0.662194 8.05186
0.644698 9.21449
0.635557 6.73628
0.603944 8.47019
0.601942 9.4411
0.590158 6.32796
0.568068 9.30155
0.566499 7.97322
0.541443 8.22466
0.531446 6.17902
0.500283 6.63073
0.493811 7.15889
0.4673 8.71383
0.46683 9.2947
0.459063 5.94315
0.418791 8.04616
0.392811 9.98955
0.38065 6.61485
0.368669 6.71302
0.365919 7.69803
0.360165 6.94717
0.344553 8.54869
0.339521 9.33575
0.333081 8.96671
0.324038 8.99043
0.319559 9.62655
0.309 8.94279
0.302636 9.9774
0.280493 8.6926
0.275931 9.86342
0.258187 8.82945
0.257769 9.59062
0.256466 7.13063
0.24192 7.96419
0.221813 6.38991
0.212663 6.59431
0.208446 7.45712
0.185938 10.1149
0.183837 7.87745
0.164585 8.60203
0.147887 8.79521
0.126953 8.2367
0.124357 8.89016
0.119572 9.00629
0.111994 9.14063
0.0858491 10.9419
0.0844881 9.70317
0.0843523 11.2496
0.083774 7.65354
0.062779 9.21532
0.0618481 9.32131
0.0492784 8.64636
0.0460042 10.357
0.0418169 7.68246
0.0314911 9.34821
0.0244166 9.73116
0.023082 11.5534
0.0190401 9.08823
0.0183181 7.95042
0.00842507 7.86347
0.00631116 7.37201
0.00268326 11.8938
0.00109901 10.6539
0.00107713 11.2784
0.510257 0 0 0 0 0 0 0.489743 0 0 
0 0 0 0 1 0 0 0 0 0 
0 0 0 0 0.444822 0.555178 0 0 0 0 
0 0 0 0 0 1 0 0 0 0 
0 0 0 0.580137 0 0 0 0 0 0.419863 
0 0 0 0 0 0 0 0 1 0 
0 0 0 0 0 0 0 1 0 0 
0 0 1 0 0 0 0 0 0 0 
0 1 0 0 0 0 0 0 0 0 
0 0 1 0 0 0 0 0 0 0 
0 0 1 0 0 0 0 0 0 0 
0 0 0 0 1 0 0 0 0 0 
0 0 0 0 0 0 0.198054 0.321224 0.480722 0 
0 0 0 0 0 0 1 0 0 0 
0 0 0.20419 0 0 0 0 0 0.79581 0 
1 0 0 0 0 0 0 0 0 0 
0 0 0 0 1 0 0 0 0 0 
0 0 0 0 0 0 0 1 0 0 
0 0 0.5349 0 0.4651 0 0 0 0 0 
0 0 0 0 1 0 0 0 0 0 
0 0 0 0 0 0 0 0 0 1 
0 0 0 0 1 0 0 0 0 0 
0 0 0 0 0 0 1 0 0 0 
0 0 0 0 0 0 0 0 1 0 
0 0 0 0 0 0 0 0 1 0 
0 0 0 1 0 0 0 0 0 0 
0 1 0 0 0 0 0 0 0 0 
0 0 0 1 0 0 0 0 0 0 
1 0 0 0 0 0 0 0 0 0 
0 1 0 0 0 0 0 0 0 0 
0 0 0 0 0 0 0 0 0 1 
0 0 0 0 0 0 0 1 0 0 
0.606363 0 0 0 0 0 0 0.393637 0 0 
0 0 0 1 0 0 0 0 0 0 
0.122244 0 0 0 0 0 0 0 0 0.877756 
0 0 0 0 0 1 0 0 0 0 
1 0 0 0 0 0 0 0 0 0 
0 0 0 0 0 0 0.403982 0.596018 0 0 
0 0 0 0 0 1 0 0 0 0 
0 0 0 0 1 0 0 0 0 0 
0 0 0 0 0 0 1 0 0 0 
0 0 0 0 0 0 1 0 0 0 
0 0 0 0 0 0.501851 0 0.498149 0 0 
0 0 0 0 0 0 0 1 0 0 
0 0.179628 0 0 0 0 0 0 0 0.820372 
0 0 0 0 1 0 0 0 0 0 
1 0 0 0 0 0 0 0 0 0 
0 0 1 0 0 0 0 0 0 0 
0 0 0 0 0 0 0 0 1 0 
0 0 0 0 0 0 0 0 1 0 
0 0 0 0 0 1 0 0 0 0 
0.437931 0 0 0 0 0 0.0872571 0.474812 0 0 
0 0 0 1 0 0 0 0 0 0 
0 0 0.742336 0.257664 0 0 0 0 0 0 
1 0 0 0 0 0 0 0 0 0 
0 0 0 0 0.877195 0 0.122805 0 0 0 
0 0 0 0 0 1 0 0 0 0 
0 0 0 0 0 1 0 0 0 0 
0 0 0 0 0 0 0 0 0 1 
0 0 0 0 0 0 0 1 0 0 
0 1 0 0 0 0 0 0 0 0 
0 0 0 0 0 0 0 0 1 0 
0 0 0 0 1 0 0 0 0 0 
1 0 0 0 0 0 0 0 0 0 
0 0 0 0 0 0 0 0 1 0 
1 0 0 0 0 0 0 0 0 0 
0 0 1 0 0 0 0 0 0 0 
0 0 0 0 0 0 0 0 0 1 
0 1 0 0 0 0 0 0 0 0 
0 0 0 0 0 0 0.265218 0 0.734782 0 
1 0 0 0 0 0 0 0 0 0 
0 0 0 0 0 0 0 0 0 1 
0 1 0 0 0 0 0 0 0 0 
0 0 0 0 0 0 0 1 0 0 
0 0 0.578007 0 0 0 0 0 0.421993 0 
0 1 0 0 0 0 0 0 0 0 
0 0 0 0 0 0 0.644063 0 0 0.355937 
0 1 0 0 0 0 0 0 0 0 
0 1 0 0 0 0 0 0 0 0 
0 0 0 1 0 0 0 0 0 0 
1 0 0 0 0 0 0 0 0 0 
0 0 0 1 0 0 0 0 0 0 
0.456006 0 0 0 0 0 0 0 0.543994 0 
0 0 0 0 0 0 0 0 0 1 
0 0 0 0 1 0 0 0 0 0 
0 0 0 0 1 0 0 0 0 0 
0 0 0 0 0 0 1 0 0 0 
1 0 0 0 0 0 0 0 0 0 
0 0 0 0 0 0 0 0 0 1 
0 0 0 0 0 0 0 0 1 0 
0.346075 0 0 0.370684 0.283241 0 0 0 0 0 
0 0 0 0 0 0 1 0 0 0 
0 0 0 0 0 0 0 0 0 1 
1 0 0 0 0 0 0 0 0 0 
1 0 0 0 0 0 0 0 0 0 
1 0 0 0 0 0 0 0 0 0 
0 0 0 0 0 0 0 1 0 0 
0 0.366022 0 0 0.633978 0 0 0 0 0 
0 0 0 0 0 0 1 0 0 0 
1 0 0 0 0 0 0 0 0 0 
0 0 0 0 0 0 0 0 0 1 
0 0 0 0 0 0 1 0 0 0 
0 0 0 0 0 0 0 0 0 1 
0 0 0 1 0 0 0 0 0 0 
0 0 0 0 0 1 0 0 0 0 
0 0 0 0 0 0 0.645844 0 0 0.354156 
0 0 1 0 0 0 0 0 0 0 
0 0 0 0 0 0 0 0 1 0 
0 0 1 0 0 0 0 0 0 0 
0 0 0 1 0 0 0 0 0 0 
0 0 1 0 0 0 0 0 0 0 
0 0 0 1 0 0 0 0 0 0 
0 0 0 0 0 0 0 0 1 0 
0 0 0 0 0 0 0 0 1 0 
0 1 0 0 0 0 0 0 0 0 
0 0 0 0 0 0 1 0 0 0 
0 0 0 0 1 0 0 0 0 0 
0 0 0 0 0 0 1 0 0 0 
0 0 0 0 0 0 0 0 0 1 
0 0 0 1 0 0 0 0 0 0 
0 0 0 1 0 0 0 0 0 0 
0 0 0 1 0 0 0 0 0 0 
0 0 0 0 1 0 0 0 0 0 
0 0 0 0 0 0 0 0 1 0 
1 0 0 0 0 0 0 0 0 0 
0 0 0 0 0 0 0 0 1 0 
0 0 0 0 0 0 1 0 0 0 
0 0 0 1 0 0 0 0 0 0 
1 0 0 0 0 0 0 0 0 0 
0 0 0 0 0 0 0 0 0.73944 0.26056 
0 1 0 0 0 0 0 0 0 0 
0 0 0 1 0 0 0 0 0 0 
0 0 0 0 0 0 0 0.137044 0.862956 0 
0.734621 0.265379 0 0 0 0 0 0 0 0 
0 1 0 0 0 0 0 0 0 0 
0 1 0 0 0 0 0 0 0 0 
0 0 0 0 0 1 0 0 0 0 
1 0 0 0 0 0 0 0 0 0 
0 0 0 0.443585 0 0 0 0.556415 0 0 
0 0 0 0 0 1 0 0 0 0 
1 0 0 0 0 0 0 0 0 0 
0 0 1 0 0 0 0 0 0 0 
0 0 0 0 0 0 1 0 0 0 
0.625262 0 0 0 0 0 0 0 0.374738 0 
0 0 0 0 0 0 0 0 1 0 
1 0 0 0 0 0 0 0 0 0 
0 0 0 0 1 0 0 0 0 0 
0 0 0 0 0 1 0 0 0 0 
0 0 0 0 1 0 0 0 0 0 
0 0 0 0 0 0 0 0 1 0 
0 1 0 0 0 0 0 0 0 0 
0 0 0 0 0 0 0 0 0 1 
0 0.622307 0 0 0 0 0.377693 0 0 0 
0 0 0 0 0 1 0 0 0 0 
0 0 0 0 0 0 0 0 1 0 
0 0 0 1 0 0 0 0 0 0 
0 0 0 0 0 1 0 0 0 0 
0 0.318361 0 0.513715 0 0.167924 0 0 0 0 
0 1 0 0 0 0 0 0 0 0 
1 0 0 0 0 0 0 0 0 0 
0 0 0 0.823196 0 0.176804 0 0 0 0 
0 0 0 0 0 0 0 0 0 1 
0 0 0 1 0 0 0 0 0 0 
0 1 0 0 0 0 0 0 0 0 
1 0 0 0 0 0 0 0 0 0 
0 0 0 1 0 0 0 0 0 0 
0 0.561369 0.438631 0 0 0 0 0 0 0 
0 0 0 0 0 0 0 0 1 0 
0 0 0 1 0 0 0 0 0 0 
0 0 1 0 0 0 0 0 0 0 
0 0 0 0 0 1 0 0 0 0 
0 1 0 0 0 0 0 0 0 0 
0 1 0 0 0 0 0 0 0 0 
0 0 0 1 0 0 0 0 0 0 
0 0 1 0 0 0 0 0 0 0 
0 0 1 0 0 0 0 0 0 0 
0 0 0 1 0 0 0 0 0 0 
0 0 0 0 0 0 1 0 0 0 
0 0 0 0 0 0 1 0 0 0 
0 0 0 0 0 1 0 0 0 0 
0 0 0 0 0 0 0 0 0 1 
0 0 0 0 0 0 0 0 1 0 
0 0 0 1 0 0 0 0 0 0 
0 0 0 0 0 0 0 0.471579 0.528421 0 
0 0.49214 0 0 0.50786 0 0 0 0 0 
0 0 0.323553 0 0.373251 0 0 0 0 0.303197 
0 0.603601 0 0 0 0 0 0.396399 0 0 
0 0 0 0 0 0 0 1 0 0 
0 0 0 0 0 0 0 1 0 0 
0 1 0 0 0 0 0 0 0 0 
0 0 0 0 1 0 0 0 0 0 
0 0 0 0 0 0 0.478106 0 0.385566 0.136329 
0 0 0 0 0 0 1 0 0 0 
0 0 0 0 0 1 0 0 0 0 
0 0 1 0 0 0 0 0 0 0 
0 0 0 0 0 0 0 0 0 1 
0.757392 0 0 0 0 0 0 0.242608 0 0 
0 0 1 0 0 0 0 0 0 0 
0 0 0 0 0 1 0 0 0 0 
0 0.712724 0 0 0.287276 0 0 0 0 0 
0 0 0 1 0 0 0 0 0 0 
0 0 0 1 0 0 0 0 0 0 
0 1 0 0 0 0 0 0 0 0 
0 0 0 0 0 0 0 0 1 0 
0 1 0 0 0 0 0 0 0 0 
0 0 0 0 0 0 0 0 1 0 
0 0 0.310356 0 0.689644 0 0 0 0 0 
0 0 0 1 0 0 0 0 0 0 
0 0 0 0 0 0 0.473741 0 0 0.526259 
0 0 1 0 0 0 0 0 0 0 
0 0 0 0 0 0 0 0 0 1 
0 0 0 0 1 0 0 0 0 0 
1 0 0 0 0 0 0 0 0 0 
0 0 0 0 1 0 0 0 0 0 
0 0 0 0 0 0 0 0 0.654465 0.345535 
0 0 1 0 0 0 0 0 0 0 
0 0 0 0 0 0 1 0 0 0 
0 0 1 0 0 0 0 0 0 0 
0 0 0 0 0 0 0.322285 0.677715 0 0 
0 0 0 0 0 0 0 1 0 0 
0.846154 0 0 0 0 0.153846 0 0 0 0 
0 0 0 1 0 0 0 0 0 0 
0 1 0 0 0 0 0 0 0 0 
0 0 0 0 0 0.239293 0 0 0.760707 0 
0 0 0 0 0 1 0 0 0 0 
0 0 0 1 0 0 0 0 0 0 
0 0 0 0 0 0 0.500947 0 0 0.499053 
0 0 0 0 0 0 0.496949 0 0.503051 0 
0 0 0 0 1 0 0 0 0 0 
0 0 0 0 0 1 0 0 0 0 
0 0 0 0 0 0 1 0 0 0 
0 0 0 0 0 1 0 0 0 0 
0 0 0 1 0 0 0 0 0 0 
1 0 0 0 0 0 0 0 0 0 
0 0 0 0 0 0 0 1 0 0 
0 0 0 0 0 0 0 1 0 0 
0 0 0 1 0 0 0 0 0 0 
0 0 0 1 0 0 0 0 0 0 
0 0 0 0 0 0 0 0 1 0 
0 0 0 0 0 0 1 0 0 0 
0 0 0 0 0 0 1 0 0 0 
0 0 0 0 0 0 0 0 0 1 
0 0 0 0 0 0 0 1 0 0 
0 0 0 0 0 1 0 0 0 0 
0 0 0 0 0 0 1 0 0 0 
0 0 0 0 0 1 0 0 0 0 
0 0 0 0 0 0 0 0 1 0 
0 0 0 0 1 0 0 0 0 0 
0 0 0 0 0 0 0 1 0 0 
0 1 0 0 0 0 0 0 0 0 
0 0 0.579602 0.420398 0 0 0 0 0 0 
0 0 0 0 1 0 0 0 0 0 
1 0 0 0 0 0 0 0 0 0 
0 1 0 0 0 0 0 0 0 0 
0 0 0 0 0 0 1 0 0 0 
0 0 0 1 0 0 0 0 0 0 
0 0 0 0 0 0 0 1 0 0 
0 0 0 0 0 0 0 1 0 0 
0 0 0 0 0 0 0 0 1 0 
0 0 0 0 0 0 0 1 0 0 
0 0 0 0 1 0 0 0 0 0 
0 0.740283 0 0 0 0 0 0.259717 0 0 
0 0 1 0 0 0 0 0 0 0 
0 0 0 0 1 0 0 0 0 0 
0 0 0 0 0 0 0 1 0 0 
0 0 0 0 0 0 1 0 0 0 
0 0 0 0 1 0 0 0 0 0 
0 0 0 0 0 1 0 0 0 0 
0 0 0 0 0 0 0 0 1 0 
0 0 0 1 0 0 0 0 0 0 
0 0 0 0 1 0 0 0 0 0 
0 0 0 0 0 0 0 1 0 0 
0 0 0 0 0 0 0 0 0 1 
0 0 0 0 0 0 1 0 0 0 
0 0 0 0 0 0 0 0 1 0 
0 0 0 1 0 0 0 0 0 0 
0 0 0 0 0 0 1 0 0 0 
0 0 0 0 0.222344 0.777656 0 0 0 0 
0 0 0 1 0 0 0 0 0 0 
1 0 0 0 0 0 0 0 0 0 
0 0 0 0 0 1 0 0 0 0 
1 0 0 0 0 0 0 0 0 0 
0 0 0 0 0 0 0 1 0 0 
0 0 0 0 0 0.47032 0.52968 0 0 0 
0 0 1 0 0 0 0 0 0 0 
0 0.470447 0 0.529553 0 0 0 0 0 0 
0 0 0 0 0 1 0 0 0 0 
0 0 0 0 0 0 0 0.529923 0 0.470077 
0 0 0 0 1 0 0 0 0 0 
0 0 0 1 0 0 0 0 0 0 
0 0 0 0 0 0 0 0.334118 0.665882 0 
0 0 0 0 0 1 0 0 0 0 
0 0 0 0 0 0 0.582486 0 0.417514 0 
0 0 0 0 1 0 0 0 0 0 
1 0 0 0 0 0 0 0 0 0 
0 0 0 1 0 0 0 0 0 0 
0 1 0 0 0 0 0 0 0 0 
0 0 0 0 0 0 1 0 0 0 
0 0 0.758583 0 0 0 0 0 0 0.241417 
0 0 0 0 0 0 1 0 0 0 
