10 50
0.533546
0.617329
0.50772
0.300044
0.431739
0.671647
0.515833
0.522947
0.427682
0.718143
8.09814 0.628126
7.89881 0.0999309
7.85299 0.501891
7.76239 1.80069
6.97142 0.537223
6.78305 1.40261
6.54744 1.4322
5.83387 2.31617
4.95891 2.57997
4.85497 3.19421
4.69196 3.02141
4.68572 4.05183
4.05323 3.54532
3.97587 4.81227
3.5257 3.43041
3.49445 3.88495
3.45985 4.71882
2.80657 5.51298
2.78384 5.67063
2.711 5.52049
2.40076 4.44185
2.23955 5.61954
2.22957 5.19968
2.0318 5.80483
1.63462 5.67603
1.50937 4.53371
1.4019 7.32846
1.39365 6.25214
1.36315 5.93174
1.23582 7.48504
1.08144 5.24331
0.962976 8.15186
0.662504 7.11953
0.621499 8.82984
0.450244 7.25456
0.42889 6.42122
0.245103 7.12598
0.164202 10.5075
0.0939712 7.94724
0.082433 8.38261
0.0762464 8.5425
0.0539401 8.34329
0.0376329 7.2867
0.0339924 9.066
0.0339388 11.7879
0.0278575 7.70159
0.0273425 9.49505
0.0190317 10.9334
0.00386456 10.158
0.00191456 9.24328
0 1 0 0 0 0 0 0 0 0 
0 0 0 0 1 0 0 0 0 0 
0 0 1 0 0 0 0 0 0 0 
0 0 0 0 0 0 0 0 1 0 
1 0 0 0 0 0 0 0 0 0 
0 0 0 0 0 0 0 0 0 1 
0 0 0 0 0 0 1 0 0 0 
0 0 0 0 0 0 0 0 0 1 
0 0 0 1 0 0 0 0 0 0 
0 0 0 0 1 0 0 0 0 0 
1 0 0 0 0 0 0 0 0 0 
0 0 0.651889 0 0 0 0 0 0.348111 0 
0 0 0 0 0 0 0 1 0 0 
0 0 0 0 1 0 0 0 0 0 
1 0 0 0 0 0 0 0 0 0 
0.449187 0 0 0 0 0 0 0.550813 0 0 
0 0 1 0 0 0 0 0 0 0 
0 0 0 0 0 0 0 1 0 0 
0 0 0 0 0 0 0 0 0 1 
0 1 0 0 0 0 0 0 0 0 
0 0 0 0 0 0 0 0 1 0 
0 0 0 0 0 0 0 0 0 1 
0 0 1 0 0 0 0 0 0 0 
0 0 0 0 0 1 0 0 0 0 
0 0 0 0 0.112669 0 0 0 0.887331 0 
1 0 0 0 0 0 0 0 0 0 
0 0 0 0 0 0 0 1 0 0 
0 0 0 0 0 0 0 1 0 0 
0 0 1 0 0 0 0 0 0 0 
0 0 0.514952 0 0.485048 0 0 0 0 0 
0 0 0.33898 0 0 0.66102 0 0 0 0 
0 0 0 0 1 0 0 0 0 0 
1 0 0 0 0 0 0 0 0 0 
0 0 1 0 0 0 0 0 0 0 
0 0 0 0 0 0 0 0 1 0 
0.45057 0.54943 0 0 0 0 0 0 0 0 
0 0 0 1 0 0 0 0 0 0 
0 1 0 0 0 0 0 0 0 0 
0 0 0 0 0 0 0 0 0 1 
0 0 1 0 0 0 0 0 0 0 
0 0 0 0 0 0 1 0 0 0 
0 0 0 0 0.451457 0 0 0 0.548543 0 
0 0 0 0 0 0 1 0 0 0 
1 0 0 0 0 0 0 0 0 0 
0 0 0 0 0.624778 0 0 0.375222 0 0 
0.719566 0.280434 0 0 0 0 0 0 0 0 
1 0 0 0 0 0 0 0 0 0 
0.266079 0 0 0.733921 0 0 0 0 0 0 
0 0 0 0 0 0 0 0 1 0 
0 1 0 0 0 0 0 0 0 0 
