5 500
0.267103
0.282591
0.391438
0.503826
0.540124
12.0651 0.122008
11.6336 0.386352
11.0581 0.424834
11.0004 0.357366
10.9602 0.244998
10.8122 0.341225
10.7779 0.342477
10.4819 0.332019
10.3407 0.515067
10.3153 0.354891
9.88258 0.451159
9.75783 0.121666
9.68732 0.932806
9.59246 1.18261
9.56813 0.571839
9.5359 1.00094
9.50164 0.336441
9.44022 0.472553
9.41897 0.53303
9.40116 1.17894
9.39604 0.670922
9.39206 0.543583
9.23677 0.258171
9.05497 0.646756
9.01978 0.149603
8.9206 1.51382
8.73955 0.354807
8.72778 0.430525
8.70555 1.11714
8.53224 0.259198
8.48438 1.54968
8.38862 0.901602
8.34002 0.838186
8.32887 1.91029
8.29942 1.3806
8.26544 0.496985
8.2431 2.16075
8.23452 0.472844
8.20075 0.53857
8.13748 1.90046
8.08079 1.55543
8.01466 1.67846
8.01292 1.41394
7.99632 1.20401
7.97131 1.57381
7.95797 1.02487
7.95719 2.019
7.93317 1.2362
7.89869 1.08244
7.89651 0.734532
7.86937 0.92366
7.84112 1.53812
7.81271 1.55381
7.75832 0.0983064
7.73156 1.77861
7.70216 1.73743
7.66921 0.65566
7.6199 1.20113
7.61944 0.587414
7.61449 1.50093
7.57696 0.402032
7.52865 0.231541
7.51838 0.247764
7.46412 1.47561
7.4333 0.68003
7.41117 0.661318
7.24431 1.38378
7.18114 0.774564
7.1788 0.385482
7.10985 1.10231
7.09291 0.53028
7.03909 1.54158
7.03346 0.465112
7.00616 1.0316
6.99119 2.06542
6.97482 2.48429
6.96953 1.82638
6.95133 1.99938
6.92098 0.923512
6.82133 1.49394
6.7371 1.19652
6.73703 2.32332
6.5508 1.28718
6.47556 2.24373
6.46099 1.95392
6.45933 2.64597
6.44121 1.05705
6.25881 1.22866
6.25086 1.28034
6.12759 1.58272
6.11961 2.19572
6.07572 2.14948
6.066 1.03115
6.05008 1.89548
6.0418 1.9161
6.03914 2.27087
6.02519 2.97067
5.98693 2.44822
5.93279 3.11912
5.7989 2.35272
5.78852 1.53773
5.78564 1.55494
5.75771 3.20164
5.50105 2.62868
5.49369 3.32742
5.4912 3.48733
5.47334 2.20875
5.43845 2.95563
5.41944 2.98085
5.33347 2.0831
5.32627 3.40905
5.2534 2.327
5.23537 2.11219
5.21087 2.56871
5.08265 2.30707
5.06596 3.75288
5.04753 3.47781
4.99702 2.55194
4.98754 2.27664
4.92124 1.76655
4.91746 4.31061
4.91207 2.83344
4.89057 1.74718
4.87308 2.8084
4.86641 3.22848
4.86116 2.72147
4.85052 2.14811
4.80997 3.37496
4.80546 3.46367
4.75458 2.78053
4.73285 2.42627
4.67985 2.18713
4.67185 2.73152
4.66608 3.05697
4.65761 2.31949
4.62937 4.32167
4.55169 3.27351
4.5198 3.0984
4.48717 3.29752
4.37175 2.59416
4.35023 3.71543
4.33131 2.70886
4.31667 3.39214
4.30911 3.78047
4.30858 2.54087
4.29348 3.73258
4.26009 3.69888
4.2546 3.07479
4.2397 2.61045
4.22842 3.37313
4.20894 2.80555
4.20875 3.94548
4.19377 3.57621
4.14481 3.98027
4.12994 3.3294
4.09678 3.12141
3.99399 3.2708
3.98448 3.63469
3.9658 4.51581
3.95021 3.84847
3.94971 3.02243
3.94556 5.08319
3.89932 3.00896
3.87598 3.40357
3.87081 2.5459
3.83812 3.49828
3.81553 4.27488
3.81521 4.20591
3.78514 4.13421
3.78005 3.21985
3.76941 3.34258
3.75001 3.82411
3.73288 3.71379
3.70755 3.48911
3.70511 3.22512
3.67222 3.53996
3.64737 4.74204
3.6354 4.15434
3.62881 5.11309
3.6242 4.01283
3.61512 4.12968
3.61309 3.49046
3.57025 4.38003
3.50294 3.09735
3.45822 4.78574
3.45108 3.43128
3.42337 2.96171
3.40652 3.01399
3.37643 4.14861
3.37043 5.84887
3.34493 5.48374
3.34254 3.25041
3.32468 4.08212
3.30578 5.26489
3.25988 4.23842
3.23939 5.1567
3.23228 3.77612
3.2282 4.0724
3.22254 4.15361
3.16722 3.04001
3.15177 3.67291
3.09425 4.99163
3.08664 4.09244
3.06624 3.97606
3.04464 3.57878
2.98982 5.32639
2.9422 4.69115
2.91447 3.89123
2.87874 3.60228
2.87605 4.66558
2.87399 4.48046
2.84795 5.06412
2.84062 4.10173
2.80329 5.08772
2.7872 5.89053
2.77304 4.4502
2.76387 4.78051
2.75679 4.30904
2.74119 5.3615
2.69931 4.27887
2.68874 4.12616
2.65641 3.9593
2.65466 3.43455
2.63447 4.79145
2.63078 5.1622
2.6307 3.76431
2.62822 5.3339
2.61154 4.66075
2.60122 3.81329
2.60038 5.78226
2.59725 4.70653
2.58819 4.7188
2.57862 4.11893
2.56745 4.49824
2.53894 3.72734
2.53534 4.50798
2.53473 4.12938
2.48816 4.25506
2.46839 4.19053
2.45454 4.43509
2.44878 4.1977
2.4362 4.19375
2.37571 4.88511
2.36998 5.83739
2.31627 6.71299
2.29391 4.23452
2.28865 4.59544
2.28013 6.40613
2.22727 6.64115
2.22676 5.82307
2.22641 5.11418
2.22286 5.6037
2.21021 3.79889
2.20545 3.91169
2.19859 6.50118
2.19371 4.57222
2.18364 4.74378
2.16539 6.35564
2.16002 5.60352
2.15415 5.62519
2.13572 4.48027
2.08813 4.97254
2.07049 5.97902
2.05628 5.88998
2.05097 6.73247
2.0496 3.84253
2.0454 4.46793
1.97179 6.28468
1.96885 4.30049
1.96856 4.40293
1.96187 3.96183
1.94735 6.69617
1.94581 5.88202
1.9316 5.60919
1.91766 4.90769
1.91659 5.24178
1.91459 5.30379
1.90937 5.69723
1.88272 4.76145
1.86915 7.25758
1.81965 6.32915
1.81919 5.35526
1.79718 7.03594
1.78305 7.09098
1.78031 6.6245
1.75693 4.72577
1.73239 6.20515
1.71479 6.52462
1.69383 6.5873
1.63845 5.56477
1.61252 5.52945
1.57724 4.31862
1.57219 4.86665
1.50712 5.99331
1.50592 4.85995
1.48144 5.91429
1.47612 6.2064
1.44289 5.9738
1.44128 7.06122
1.43365 5.62913
1.42937 6.71943
1.35931 5.49741
1.35593 5.3387
1.34804 6.03971
1.33426 6.45205
1.32846 7.30778
1.30031 6.65722
1.28578 6.2231
1.28454 6.63745
1.27778 7.15815
1.27569 7.07867
1.27125 5.99179
1.24915 5.69143
1.20245 6.58808
1.19568 7.67554
1.18582 4.89923
1.18201 5.92292
1.1775 4.93233
1.16793 5.36577
1.16093 7.85671
1.15544 5.38362
1.14863 7.76496
1.13908 6.22974
1.12408 4.78058
1.11907 5.18043
1.08267 5.6168
1.07212 6.39869
1.04849 5.83019
1.02471 5.71672
1.02112 8.36654
1.00463 5.02848
0.981858 5.85528
0.981738 5.68294
0.980058 7.7861
0.975977 7.88664
0.974001 6.18861
0.972012 7.10499
0.970621 7.18682
0.969319 8.04095
0.955884 7.58663
0.948805 6.57192
0.947036 8.26249
0.936695 8.98141
0.92194 8.08177
0.917129 6.47823
0.884178 6.41198
0.877882 5.91248
0.865459 8.47505
0.857496 5.15827
0.856045 5.88794
0.84238 8.53914
0.836836 5.28662
0.835948 7.21487
0.830495 5.53266
0.829781 6.53262
0.825102 5.88633
0.816842 9.00043
0.815692 8.84523
0.814716 7.63257
0.804029 6.99913
0.802794 5.70916
0.777777 6.13927
0.768494 9.01548
0.749474 6.53754
0.747205 6.64223
0.746762 7.52934
0.727155 9.07339
0.724891 7.8491
0.687537 7.22967
0.683426 8.41144
0.651575 7.88039
0.650161 8.52532
0.629418 6.38049
0.624518 8.14857
0.622092 6.99852
0.604282 8.74281
0.594768 7.5255
0.59475 9.11433
0.5833 6.37232
0.56541 6.06428
0.562211 7.46012
0.557645 5.83419
0.548567 8.93356
0.530819 7.19702
0.530708 7.16578
0.52289 8.05084
0.508156 7.98934
0.506154 6.5023
0.479392 6.67047
0.453122 6.28906
0.451096 8.1649
0.449871 7.18864
0.442244 8.30776
0.438384 9.78218
0.435051 8.06363
0.430215 7.40185
0.413886 8.18368
0.391486 10.1098
0.387968 6.06452
0.383785 7.69212
0.37877 7.38733
0.378396 6.6156
0.367018 8.62664
0.366379 7.32532
0.355252 8.32531
0.331275 7.28454
0.329648 6.29824
0.328949 9.55063
0.325427 6.56434
0.318091 6.75371
0.315708 9.15535
0.294886 9.96502
0.291595 7.30337
0.274824 9.79466
0.251757 9.2099
0.2489 8.6348
0.242144 10.1568
0.236593 7.54746
0.236425 9.59872
0.231978 10.4448
0.231472 6.62465
0.230503 7.6535
0.226125 8.82979
0.222356 9.94028
0.211808 9.88085
0.204211 8.54666
0.201695 10.7999
0.193876 6.62444
0.193051 8.19842
0.19236 6.90702
0.185426 8.75379
0.18512 8.65003
0.182603 9.31207
0.178862 9.89458
0.171328 9.90162
0.164066 7.02815
0.162249 7.93798
0.156554 8.39172
0.145563 10.733
0.135438 7.47312
0.134544 7.35342
0.130496 8.08503
0.121675 9.9862
0.119972 9.25426
0.11377 8.17675
0.110242 10.8439
0.109573 8.31858
0.109014 6.77489
0.108088 9.816
0.104251 10.3846
0.0962615 8.50736
0.0954501 8.46972
0.0942613 9.24769
0.0942562 6.8865
0.0935048 9.21848
0.0874486 9.32276
0.0870169 7.09028
0.0830313 11.2259
0.0825329 10.2637
0.0809653 8.9122
0.0770701 6.85915
0.0766765 8.9789
0.073321 9.40758
0.0683756 7.26883
0.0682351 7.37901
0.0675946 9.37249
0.0617533 9.90516
0.0608552 10.6518
0.0588176 10.0896
0.0587608 10.5091
0.0568071 9.10917
0.0556453 9.69971
0.0535084 10.923
0.043828 11.0038
0.0437497 11.1151
0.0414686 8.26289
0.0390659 7.45429
0.0378536 8.26038
0.0378417 10.6346
0.0367977 9.14253
0.0346354 10.1122
0.0317792 10.3835
0.0284603 8.99339
0.028437 9.49739
0.0266017 9.48745
0.0237925 8.45847
0.0157623 10.9493
0.0150868 9.56176
0.014453 8.33427
0.0140588 8.20204
0.0129114 8.28076
0.0125733 11.3617
0.0122363 8.63084
0.0105742 11.4815
0.00979905 11.6097
0.00655598 8.5959
0.00396242 7.627
0.00329869 11.0162
0.00228326 10.5968
0.00117485 7.81296
0 0 1 0 0 
0 0 0 0 1 
0 0 0 1 0 
0 0 0 0 1 
0 1 0 0 0 
0 0 0 0 1 
0 0 0 0.260233 0.739767 
0 0 0.374661 0 0.625339 
0 0 0 0 1 
0 1 0 0 0 
0 0 1 0 0 
0.522995 0 0.477005 0 0 
0 1 0 0 0 
0.561585 0 0.438415 0 0 
0 0 0 1 0 
0.470432 0 0 0.529568 0 
0 0.755454 0 0 0.244546 
0 0 0.451439 0 0.548561 
0 1 0 0 0 
0 1 0 0 0 
1 0 0 0 0 
0 0.517732 0.482268 0 0 
0 1 0 0 0 
0 0 0 0 1 
1 0 0 0 0 
0 0 0 1 0 
0.536887 0 0.463113 0 0 
0 0 0 1 0 
0 0.298951 0 0 0.701048 
1 0 0 0 0 
0 0 0 0 1 
1 0 0 0 0 
0 1 0 0 0 
0 0 1 0 0 
0.466534 0 0 0 0.533466 
0 0 1 0 0 
0 0 0 0 1 
0 0 0 0 1 
0 0 0 0 1 
0 0.539109 0 0.460891 0 
0 0 0 0.233952 0.766048 
0 0 1 0 0 
0 0 0 1 0 
0 1 0 0 0 
0 1 0 0 0 
0 0 0 0 1 
0 0 0 1 0 
1 0 0 0 0 
0 0 0 0 1 
0 0 0 1 0 
0 1 0 0 0 
0 0 0 1 0 
0 0 0 1 0 
1 0 0 0 0 
0 0.431434 0.568566 0 0 
0 0 1 0 0 
0 0.742582 0.257418 0 0 
0 0.704831 0 0 0.295169 
1 0 0 0 0 
1 0 0 0 0 
0 1 0 0 0 
0 0 0 1 0 
0 0 0 1 0 
1 0 0 0 0 
0 1 0 0 0 
0 1 0 0 0 
0 0 0.418962 0 0.581038 
0 0 0 1 0 
0 0 1 0 0 
0 0.189486 0 0.810514 0 
0 1 0 0 0 
0 0 1 0 0 
0.448444 0 0 0 0.551556 
0.168458 0 0 0.831542 0 
0 1 0 0 0 
0 0 1 0 0 
0.236396 0 0 0 0.763604 
0 0 0 1 0 
0 0 0 0 1 
0 0 0.278007 0 0.721993 
0 0 1 0 0 
0 0 0 0 1 
0 0 0 1 0 
0 0.217731 0.782269 0 0 
0 0 1 0 0 
1 0 0 0 0 
0 0 1 0 0 
0 0 0 0.742052 0.257948 
0 0 0 0 1 
0 0 0.714228 0 0.285772 
0 0 0 0 1 
1 0 0 0 0 
1 0 0 0 0 
0 0 0 0 1 
0 0 0 1 0 
0 1 0 0 0 
0 0 0 0 1 
0 0 0 1 0 
0 0 0 0 1 
0 0 0 1 0 
0 0 1 0 0 
0 1 0 0 0 
0 0 1 0 0 
0.493133 0.506867 0 0 0 
0 0 0 0 1 
0 0 0 0 1 
0 0 0 1 0 
0 0 0 0 1 
0 0 0 1 0 
0 0 0 1 0 
0 0 0 0 1 
0 0 1 0 0 
0 1 0 0 0 
0 0 0.344318 0.655682 0 
1 0 0 0 0 
0 0 1 0 0 
0 1 0 0 0 
0 0 0 1 0 
0 0 0 0 1 
0 0 1 0 0 
0 0 0 0.749002 0.250998 
0 0 1 0 0 
0.583718 0 0.416282 0 0 
0 1 0 0 0 
1 0 0 0 0 
0 0 0 0 1 
1 0 0 0 0 
0.657624 0 0 0 0.342375 
0 0 0 1 0 
0 0 0 1 0 
0 0 0 0 1 
0.726968 0 0 0.273032 0 
1 0 0 0 0 
1 0 0 0 0 
0 0 1 0 0 
0 0.642637 0.357363 0 0 
0 0 0 0 1 
0 0 0 0 1 
0 0 1 0 0 
0 0 0 1 0 
0 1 0 0 0 
0 0 1 0 0 
1 0 0 0 0 
0.619216 0 0 0.380784 0 
1 0 0 0 0 
0 0 0 1 0 
1 0 0 0 0 
0 1 0 0 0 
0 0 1 0 0 
0 0 0 0 1 
1 0 0 0 0 
0 0 1 0 0 
0 0 0 1 0 
0 0 0 0 1 
0 0 0 1 0 
0 0 0 0.28756 0.71244 
1 0 0 0 0 
0 0 1 0 0 
0 0 0 1 0 
0 0 0 0 1 
0 0 0.46365 0 0.53635 
0 0 0 0.636914 0.363086 
0 0 0 1 0 
0 0 1 0 0 
0 0.586201 0 0.413799 0 
0 0 1 0 0 
0 0 0 0 1 
0 0 0 1 0 
0 1 0 0 0 
0 0 0 1 0 
1 0 0 0 0 
0 0 0 0 1 
0 0 1 0 0 
0 0 1 0 0 
1 0 0 0 0 
0 0 0 0 1 
1 0 0 0 0 
0 0 0 0 1 
1 0 0 0 0 
0 1 0 0 0 
0 0 0 0 1 
0 0 0 1 0 
0 0 1 0 0 
0 0 1 0 0 
1 0 0 0 0 
0 0 0 1 0 
0.604077 0.395923 0 0 0 
0 0 0 1 0 
0 0 0 0 1 
0 0 0 0 1 
0 0 0 1 0 
0 0 0.833313 0.166687 0 
0.312739 0 0 0.293495 0.393766 
0 0 0 1 0 
0 0.177226 0 0.165909 0.656865 
0 0 0 0 1 
0 0 1 0 0 
0 0 0 1 0 
0 1 0 0 0 
0 0 0 0 1 
1 0 0 0 0 
0 0 0 0 1 
0 0 0 0 1 
0 1 0 0 0 
0 0 0 1 0 
1 0 0 0 0 
1 0 0 0 0 
1 0 0 0 0 
1 0 0 0 0 
1 0 0 0 0 
0 0 0 1 0 
0 0 0 0 1 
0 0 0 0 1 
0 0 1 0 0 
0 0 0 1 0 
0 0 0 1 0 
0 0 0 1 0 
0 1 0 0 0 
1 0 0 0 0 
0 0 0 1 0 
0 0 0 0 1 
1 0 0 0 0 
0 0 1 0 0 
1 0 0 0 0 
0 0 0 0 1 
0 0 0 1 0 
0.673409 0 0.326591 0 0 
0.108668 0.891332 0 0 0 
0 0.623212 0 0.376788 0 
1 0 0 0 0 
0 0 0 1 0 
0 0 0 0 1 
0 0 1 0 0 
0 0.555965 0.444035 0 0 
0 0 0 0 1 
0 1 0 0 0 
0 0 0 1 0 
0 0 0 0 1 
0 0 1 0 0 
0.428038 0 0 0.571962 0 
0.613964 0 0 0 0.386036 
0.17517 0 0.533024 0 0.291806 
0.518153 0 0.481847 0 0 
0.40153 0 0 0 0.59847 
0 0 0 0.531281 0.468719 
0 0.465475 0.534525 0 0 
0 1 0 0 0 
0 0 0 0 1 
0 0 0 1 0 
0 1 0 0 0 
0.359696 0 0.640304 0 0 
0 1 0 0 0 
0 0 0 0 1 
0 0 0 0 1 
0.45075 0 0 0.54925 0 
0 0 0 0 1 
1 0 0 0 0 
0.274227 0 0 0.725773 0 
0 0.40692 0 0 0.59308 
0 0 0 1 0 
0 0 0 1 0 
0 1 0 0 0 
0 0 1 0 0 
0 0 0.231368 0.768632 0 
0 0 1 0 0 
0 0 0 1 0 
0 1 0 0 0 
0 0.200705 0 0 0.799295 
0 1 0 0 0 
0 0 1 0 0 
0 0 0 0 1 
0 0.218447 0 0 0.781553 
0 1 0 0 0 
0 1 0 0 0 
0 0 0 0.82251 0.17749 
0 0 1 0 0 
1 0 0 0 0 
0 1 0 0 0 
1 0 0 0 0 
0 0 0 1 0 
0 0 0 1 0 
1 0 0 0 0 
0 0 1 0 0 
1 0 0 0 0 
0.198067 0 0 0 0.801933 
0 0 0 0 1 
0 0 0 0 1 
0 0.757772 0 0 0.242228 
0 0 0 1 0 
0 0.636134 0 0.363866 0 
0 0.766668 0 0 0.233332 
0 0 0 0 1 
1 0 0 0 0 
0 0 1 0 0 
1 0 0 0 0 
0 0 0 0 1 
0 0 0.494226 0.505774 0 
0 0 0 1 0 
0 0 1 0 0 
0 0 0 0 1 
0 0 1 0 0 
0 1 0 0 0 
0 1 0 0 0 
0 0 1 0 0 
1 0 0 0 0 
0 0 1 0 0 
0 0 1 0 0 
0.659628 0 0 0 0.340372 
0 0 1 0 0 
0 0 0.181273 0 0.818727 
1 0 0 0 0 
0 1 0 0 0 
0 0 0 1 0 
1 0 0 0 0 
0 0 0.670282 0 0.329718 
0 0 0.261875 0.738125 0 
0 0 0 0 1 
0 0 0 1 0 
0 0 0 0 1 
0 0.150465 0 0 0.849535 
0 0 1 0 0 
1 0 0 0 0 
1 0 0 0 0 
0 0 1 0 0 
1 0 0 0 0 
0.708615 0.291385 0 0 0 
0 0 0 0 1 
0 0 0 0 1 
0 0 1 0 0 
0 0 0 1 0 
0 0 0 0 1 
0 0 0 1 0 
1 0 0 0 0 
1 0 0 0 0 
0 0 1 0 0 
0 0 0.331822 0 0.668178 
1 0 0 0 0 
0 0 0 0 1 
0 0 1 0 0 
1 0 0 0 0 
0 0 0 1 0 
0 0 1 0 0 
0 0 0 0 1 
0 0 1 0 0 
0 1 0 0 0 
0 0 0 0 1 
0 0 1 0 0 
0 0 0 0 1 
0 0 0 0 1 
0 0 1 0 0 
0 0.550433 0 0 0.449567 
0 1 0 0 0 
0 0 1 0 0 
0 0.109577 0 0 0.890423 
0 0 1 0 0 
0 0 1 0 0 
0 1 0 0 0 
1 0 0 0 0 
0 0 1 0 0 
0 0 0 0 1 
0 0 0 1 0 
0 0 0 1 0 
0 1 0 0 0 
0 0 0 0 1 
0 0 1 0 0 
0 1 0 0 0 
0 0 0 0 1 
0 0 1 0 0 
0.605943 0 0 0.394057 0 
0.677272 0.322728 0 0 0 
0.324379 0.675621 0 0 0 
0 0 0 1 0 
0 0 0.191007 0.808993 0 
1 0 0 0 0 
0 0 1 0 0 
0 0 0 1 0 
0 0 0.713199 0.286801 0 
0 0 1 0 0 
0 0 0 0 1 
0 0 0 0 1 
0 0 0 0 1 
0 1 0 0 0 
0 0 0 0 1 
0.315016 0.425759 0 0.259224 0 
1 0 0 0 0 
0 0 0 0 1 
0 1 0 0 0 
0 1 0 0 0 
0 0 1 0 0 
1 0 0 0 0 
1 0 0 0 0 
1 0 0 0 0 
0 1 0 0 0 
0 0.375925 0.624075 0 0 
1 0 0 0 0 
0 0 0 0 1 
0 0 1 0 0 
0 0 0 0.416042 0.583958 
1 0 0 0 0 
1 0 0 0 0 
0 0 1 0 0 
0 0 0 0 1 
0 0 0 1 0 
0 0 0 1 0 
0 1 0 0 0 
1 0 0 0 0 
0 0 0 1 0 
0 0 0 0 1 
0 0 0 0 1 
0 0.231146 0.768854 0 0 
0 0 0 1 0 
0.602693 0 0 0 0.397307 
0 0 0 1 0 
0 0 0 1 0 
0 0 0 1 0 
0.277475 0.722525 0 0 0 
0 0 0 1 0 
0 0 0 0 1 
0 0 0 0 1 
0 0 0 1 0 
0 0.865005 0 0.134995 0 
0 0 1 0 0 
1 0 0 0 0 
0 1 0 0 0 
0 0 0 1 0 
1 0 0 0 0 
0 1 0 0 0 
0 0 0 1 0 
0 0.606992 0 0.393008 0 
0 0 0 1 0 
1 0 0 0 0 
0 0 0 1 0 
0 0 0 1 0 
0 0.473882 0 0.526118 0 
1 0 0 0 0 
0 0 0 0 1 
0 0 0 1 0 
0 0.31956 0.68044 0 0 
0 0 0 1 0 
0.669151 0 0 0 0.330849 
0 0.430507 0.569493 0 0 
0 0 0 0 1 
0 0.535133 0 0 0.464867 
0 0 0 1 0 
0 0 0 1 0 
0 1 0 0 0 
0 1 0 0 0 
0 0 1 0 0 
0 0 1 0 0 
0 0 0 0 1 
0 0 0 1 0 
0 0 0 0 1 
0 0 0 0 1 
0 1 0 0 0 
0 0 0 0 1 
0.585033 0.414967 0 0 0 
1 0 0 0 0 
0 1 0 0 0 
0 1 0 0 0 
0 0 0 0 1 
0 1 0 0 0 
0 0 0 0 1 
1 0 0 0 0 
0 0 0 1 0 
0 1 0 0 0 
0 0 0 0 1 
1 0 0 0 0 
0 0 1 0 0 
1 0 0 0 0 
0 0 0 0 1 
0 0 0 0 1 
0 0 1 0 0 
0 0 0 0 1 
1 0 0 0 0 
0 0 1 0 0 
0 1 0 0 0 
1 0 0 0 0 
0 0 1 0 0 
0 0 0 0 1 
0 0 1 0 0 
0 0 1 0 0 
0 0.849784 0 0 0.150216 
0 1 0 0 0 
0 0 0 0 1 
0 0 1 0 0 
0 0.729653 0.270347 0 0 
0 0 0 1 0 
0 0 1 0 0 
0 0.619189 0 0.380811 0 
0 0 0 1 0 
0 0 1 0 0 
0 0 0 1 0 
0 1 0 0 0 
0 0 0 1 0 
0 1 0 0 0 
0 0 1 0 0 
0 0 0 1 0 
0 0 1 0 0 
0 0 1 0 0 
1 0 0 0 0 
