10 100
0.366588
0.589223
0.407947
0.402494
0.51185
0.47609
0.665213
0.586716
0.671621
0.519652
10.3611 0.631161
10.2003 0.200072
9.70066 1.26229
9.49456 0.48714
9.28002 0.114863
9.21758 0.476646
9.18483 0.764813
9.11521 1.38329
8.84403 0.382503
8.54958 1.01648
8.31064 1.7517
8.15228 1.84324
7.99025 1.06286
7.95031 1.88462
7.94281 0.749253
7.85177 2.00706
7.73768 1.10154
7.59935 0.489603
7.50058 1.92611
7.46213 0.782954
7.2078 1.0421
7.16653 1.9104
7.16362 1.76255
6.61746 2.36776
6.55287 3.11513
6.50321 2.20379
6.10742 2.23724
5.83721 2.49763
5.5058 1.21308
5.00343 4.1047
5.00158 2.57606
4.86034 2.6929
4.85493 2.11103
4.69508 2.84651
4.67662 3.27673
4.55944 2.67012
4.42645 2.95999
4.41291 3.43655
4.05431 3.70377
4.05244 2.54482
3.92571 3.62298
3.90089 5.00848
3.8752 4.53591
3.7821 4.33296
3.62199 3.53826
3.54635 5.76984
2.92602 4.30794
2.77157 3.6162
2.73691 4.27256
2.67682 4.99008
2.50299 6.46034
2.4697 4.7097
2.45382 5.25523
2.42098 5.13012
2.21848 6.67925
2.17487 6.2624
2.17434 5.75763
2.10832 5.72581
1.92688 4.81024
1.81943 5.15767
1.56607 7.13714
1.45312 5.42448
1.43198 5.21764
1.41312 4.88728
1.39754 4.78154
1.33313 6.63659
1.32391 7.29684
1.2554 7.8877
1.16714 6.79045
1.1612 7.57435
1.11282 7.67544
1.0799 7.81025
1.07464 7.27169
1.01344 5.07511
1.00096 5.09582
0.749794 6.93999
0.507361 8.57031
0.461611 7.76132
0.439955 7.12879
0.423674 9.09296
0.417465 7.74479
0.333262 6.80445
0.331329 8.49284
0.296299 7.67178
0.290626 6.71035
0.230254 8.02922
0.213005 8.85505
0.186069 7.05987
0.145954 7.11821
0.144083 8.51758
0.109543 9.81974
0.0796529 9.40337
0.0500983 9.17941
0.0393301 7.83237
0.0345282 9.80886
0.0305691 11.3264
0.0118179 11.2038
0.010679 9.8595
0.0100308 11.3518
0.00230051 9.37075
0 0 0 0 0 0 0 0 0 1 
0 0 0 0 0 0 0 0 1 0 
0 0 0 0 0.67039 0 0 0 0 0.32961 
0 0 0 0 0 0 0 1 0 0 
0 0 0 0 0 0 0 0 1 0 
0 0 0 0 0 0 0 0 1 0 
0 0 1 0 0 0 0 0 0 0 
0 0 0 0 0 0 0 0 0 1 
0.665687 0.334313 0 0 0 0 0 0 0 0 
0 0 0 0 1 0 0 0 0 0 
0 0.180119 0 0 0 0 0 0 0 0.819881 
0 0 0 0 0 0 0 0 0 1 
0 0 1 0 0 0 0 0 0 0 
0 0 0 0 0 1 0 0 0 0 
0.401009 0 0 0.598991 0 0 0 0 0 0 
0 0 0.505628 0 0 0 0 0 0.494372 0 
1 0 0 0 0 0 0 0 0 0 
0 0 0 0 0 0 0 1 0 0 
0 0 0 0 0 0 1 0 0 0 
0 0 0 0 0 0 0 0 0 1 
0 0 0 0 0 0.300316 0 0 0 0.699684 
0 0 0 0 0 0 0 1 0 0 
0 0 0 1 0 0 0 0 0 0 
0 0 0 0 1 0 0 0 0 0 
0 0 0 0 0 0 0 0 0 1 
0 0 0 0 1 0 0 0 0 0 
0 0.294281 0 0 0.705719 0 0 0 0 0 
0 0 0 1 0 0 0 0 0 0 
0 0 0 0 0 0 0 0 0 1 
0 0 0.178843 0 0 0.821157 0 0 0 0 
0 0 0 1 0 0 0 0 0 0 
0 0 0 0 0 0 0 0 0 1 
0.390791 0 0 0 0 0 0 0 0 0.609209 
0 0 0 0 0 0 0 0 1 0 
0 1 0 0 0 0 0 0 0 0 
0 0.539201 0 0 0 0 0 0 0.460799 0 
0 0 0 0 0 1 0 0 0 0 
0 0 0 1 0 0 0 0 0 0 
0 0 0 0 0 0 0 1 0 0 
0 0 0 1 0 0 0 0 0 0 
0 0 0 0 0 0 0 1 0 0 
0 0 0 0 0 0.686513 0.313487 0 0 0 
0 1 0 0 0 0 0 0 0 0 
0 0 0 0 0 0 0 0 1 0 
0 0 0 0 0 0 0 0 1 0 
0 1 0 0 0 0 0 0 0 0 
0 1 0 0 0 0 0 0 0 0 
0 0 0 0 0 1 0 0 0 0 
0 0 0 0 0 0 0 1 0 0 
0 0 0 0 0 0 1 0 0 0 
0 1 0 0 0 0 0 0 0 0 
0.839873 0 0 0 0 0 0 0.160127 0 0 
0 0 0 0 0 0 0 1 0 0 
0 0 0 0 0 0.6414 0.3586 0 0 0 
0 0 1 0 0 0 0 0 0 0 
0 1 0 0 0 0 0 0 0 0 
0 0 0 0 0 0 1 0 0 0 
0 1 0 0 0 0 0 0 0 0 
0 0 0 0 0 0 1 0 0 0 
1 0 0 0 0 0 0 0 0 0 
0 0 0.326753 0 0 0 0.673247 0 0 0 
0 0 0 0 0 0 0 1 0 0 
0 1 0 0 0 0 0 0 0 0 
0 0 0 0 1 0 0 0 0 0 
0 0 0 0 0 0 1 0 0 0 
0 0 0 0 0 0 0 0 1 0 
0 0 0 0 0 0 0 0 0 1 
0 0 0 0 0 1 0 0 0 0 
0.830104 0 0 0.169896 0 0 0 0 0 0 
0 0 1 0 0 0 0 0 0 0 
0 0 0 0 0 0 0 0 0 1 
0 0 0 0 0 0 1 0 0 0 
1 0 0 0 0 0 0 0 0 0 
0 0 0 0 1 0 0 0 0 0 
0.53353 0 0 0 0 0 0 0.46647 0 0 
0 0 1 0 0 0 0 0 0 0 
0 0 0 0 0 1 0 0 0 0 
0 0 0 0 1 0 0 0 0 0 
0 0 1 0 0 0 0 0 0 0 
0 0 0 0 0 0 1 0 0 0 
0 1 0 0 0 0 0 0 0 0 
0 0 0 0 0 0 0 1 0 0 
0 0 0 0.432947 0.567053 0 0 0 0 0 
0 0 0 0 0 0 0 0 1 0 
0 0 0 1 0 0 0 0 0 0 
0 0 0 1 0 0 0 0 0 0 
0 0 0 1 0 0 0 0 0 0 
0 0 0 0 0 0 0 0 1 0 
0 0 0 0 0 0 0 0 1 0 
0 1 0 0 0 0 0 0 0 0 
0 0 0 0 0 0 1 0 0 0 
0 0 0 0 0 0 0 1 0 0 
0 0 0 0 0.238452 0 0.761548 0 0 0 
0 0.481715 0 0 0 0 0 0 0 0.518285 
0 1 0 0 0 0 0 0 0 0 
0 0 0 0 0 0 0 1 0 0 
1 0 0 0 0 0 0 0 0 0 
0 0 0.402208 0.597791 0 0 0 0 0 0 
0 0 0 0 0 0 0 1 0 0 
0 0 1 0 0 0 0 0 0 0 
