10 500
0.625908
0.530332
0.560003
0.497536
0.305676
0.405527
0.458171
0.45041
0.494056
0.749211
11.5754 0.263669
11.538 0.20206
11.2452 0.364219
11.1747 0.121862
11.0848 0.565161
10.9791 0.283595
10.436 0.695225
10.1558 0.64471
10.0565 0.872912
9.91257 0.163671
9.86156 0.674649
9.7449 0.990694
9.71625 0.146112
9.67054 0.232943
9.63818 0.528398
9.49804 0.485042
9.44019 1.00107
9.3975 1.00226
9.36326 0.617846
9.33497 0.790468
9.27694 0.619323
9.26675 0.473778
9.21848 0.351625
9.18478 0.682943
9.11921 0.783894
9.07965 0.853161
9.0148 0.438798
8.94662 0.56428
8.87366 1.25178
8.81557 1.10878
8.81502 1.22121
8.77838 1.32651
8.75731 0.282264
8.67474 1.21067
8.53073 0.137483
8.45722 1.51325
8.45333 0.663341
8.432 0.462544
8.39173 1.31243
8.29607 1.36556
8.21275 1.9991
8.14269 0.926021
8.13703 0.519895
8.11599 0.426121
8.10845 1.45961
8.06346 2.12466
8.05747 1.37717
8.05164 1.31914
8.0451 1.83371
8.03935 1.37678
8.03708 0.541441
7.9892 0.68319
7.98732 0.0945338
7.94781 0.28268
7.86624 0.280164
7.78601 1.5316
7.78175 1.30555
7.77817 0.784632
7.73031 0.924568
7.643 0.112644
7.62925 1.44794
7.59516 1.94589
7.57439 0.216101
7.56389 1.94602
7.53691 1.25386
7.53257 1.49498
7.4861 0.755317
7.48061 1.32361
7.48055 1.7732
7.44523 0.791692
7.4001 1.52449
7.37858 1.38221
7.33024 1.68033
7.28156 2.23602
7.25769 0.761241
7.25599 1.92271
7.14679 1.91101
7.11832 1.87229
7.0953 1.10905
7.09403 1.8434
7.06916 1.34274
7.0621 1.1519
7.00681 0.544124
7.00522 2.58734
7.00152 1.69728
6.9712 1.94987
6.95757 2.34579
6.90439 1.45059
6.89055 2.02108
6.89053 1.62753
6.83264 1.56587
6.83228 1.66348
6.82007 2.02726
6.81793 1.21416
6.78292 1.31319
6.75153 3.00763
6.7395 0.910653
6.73446 2.36824
6.68317 0.549921
6.63979 1.48923
6.5975 1.0929
6.57871 1.44856
6.56462 1.89424
6.56314 1.39872
6.50876 2.47836
6.38745 1.10802
6.37202 3.40807
6.35083 3.0163
6.33908 1.58018
6.33404 1.16444
6.30055 1.79987
6.2086 1.51106
6.18101 1.39333
6.14637 2.61301
6.05447 2.16436
6.03855 2.59687
5.99619 2.50642
5.96791 2.93273
5.96131 2.34737
5.96069 2.28407
5.86963 2.27432
5.82701 2.35877
5.80117 2.39364
5.7881 1.66865
5.78392 1.43118
5.73046 3.09877
5.65208 2.99006
5.6426 1.26303
5.59432 1.9639
5.55929 1.77554
5.53863 2.36577
5.48906 2.59621
5.41497 3.03639
5.38768 2.76466
5.33561 3.55074
5.31343 4.1232
5.28793 1.98787
5.24026 2.12336
5.23356 2.66708
5.19301 2.35437
5.1927 1.50727
5.16736 2.81789
5.14859 3.97624
5.11749 2.74113
5.10608 2.74397
5.05899 1.76167
5.0379 1.67841
5.03567 3.70776
4.97842 4.55782
4.96604 4.40813
4.9551 2.82469
4.89587 2.92268
4.85489 1.98028
4.84282 4.23212
4.79331 3.17596
4.74765 2.83189
4.67642 2.81366
4.66172 2.72357
4.65593 4.71088
4.65506 3.80747
4.64346 3.3217
4.63428 2.94884
4.57809 3.56359
4.56614 2.34912
4.56412 3.51167
4.56111 2.84069
4.51741 2.91813
4.45085 4.43811
4.44441 3.67515
4.40793 3.6404
4.32332 3.58617
4.31906 2.94117
4.2828 3.48398
4.25481 2.32653
4.19478 3.51993
4.15527 4.09691
4.1508 4.9756
4.13389 4.43294
4.11578 4.34463
4.07028 2.78792
4.00094 3.43205
3.99388 3.76304
3.93624 4.00041
3.93279 3.8781
3.80821 3.81012
3.78099 3.07178
3.77104 3.39491
3.7552 3.46967
3.75464 4.37752
3.75007 4.16374
3.71294 3.6291
3.68324 3.3579
3.67773 4.28928
3.66694 2.97035
3.64993 3.99596
3.59863 3.93371
3.54578 3.58791
3.53746 4.38644
3.49043 3.0505
3.47784 3.93667
3.47258 4.02007
3.4283 3.67456
3.42646 3.92241
3.39777 4.44111
3.36783 3.67475
3.34478 3.73887
3.31209 2.78838
3.29896 4.21366
3.25236 5.31545
3.23383 3.61638
3.19702 4.73678
3.16574 4.93819
3.16414 5.25872
3.15725 3.6282
3.12605 5.38893
3.11452 4.46732
3.10815 3.7867
3.10023 3.33488
3.08563 3.84498
3.05224 4.02343
3.04726 3.90212
3.00464 6.06725
3.00117 4.28228
2.98342 4.45039
2.96642 5.14427
2.94975 5.98205
2.94865 4.87392
2.91522 4.8046
2.89653 4.95906
2.85712 3.89935
2.84776 4.13456
2.84758 5.15503
2.8272 2.92109
2.81438 5.72517
2.8031 4.93993
2.79092 5.48661
2.77738 3.69556
2.75346 4.85352
2.75108 5.49562
2.73677 4.9638
2.73537 4.10126
2.73242 5.08098
2.72352 3.3744
2.72237 4.46784
2.72124 4.79051
2.70689 3.95419
2.70638 4.43559
2.70526 5.06747
2.69957 5.18839
2.68143 4.01925
2.68096 5.81441
2.65506 3.74039
2.58998 3.9987
2.58258 6.06163
2.54662 6.29078
2.49134 6.12732
2.48412 4.97688
2.44732 5.2216
2.44619 3.96582
2.43446 6.15846
2.42664 4.75743
2.40573 5.5822
2.39517 4.19462
2.38919 6.11574
2.3868 6.23776
2.30742 4.01832
2.29228 6.22383
2.26524 4.34232
2.25906 5.22706
2.25827 5.86299
2.22544 4.85468
2.21119 6.06472
2.19715 4.26678
2.18229 4.383
2.18062 6.01954
2.17941 6.51254
2.16571 3.90717
2.13557 3.85217
2.13138 7.06819
2.05917 4.92219
2.05879 6.33127
2.02688 7.22319
2.01579 5.19077
1.99267 5.25849
1.95286 4.50726
1.93763 5.43987
1.93198 6.2036
1.92924 4.37695
1.91721 5.49674
1.91501 5.67819
1.90873 4.86322
1.81826 5.7608
1.81681 6.12829
1.80334 5.78649
1.79457 4.62765
1.72562 6.4476
1.70264 6.42469
1.6866 4.70424
1.68136 6.19748
1.60294 6.83527
1.58692 4.55548
1.57458 7.82227
1.57058 4.88321
1.55939 6.42342
1.54674 5.16391
1.54484 7.58849
1.54026 5.60636
1.52679 6.61928
1.5249 5.59583
1.49575 5.49333
1.48033 5.79022
1.44233 5.04908
1.40817 4.64619
1.38927 4.97031
1.36001 6.42088
1.35604 6.99155
1.34702 6.00983
1.31999 5.02076
1.28474 7.22803
1.27406 6.80431
1.26142 6.848
1.25498 5.43155
1.24176 7.23514
1.20327 6.7732
1.18144 5.89993
1.16551 7.48029
1.16382 6.07549
1.14928 6.80863
1.14085 6.76158
1.13967 8.06494
1.13492 7.13389
1.10929 6.14521
1.10559 5.83612
1.08814 6.12033
1.07504 5.93741
1.07208 7.89061
1.04519 7.01536
1.03443 5.8925
1.02825 5.63654
1.02254 7.8272
0.986566 7.16803
0.983652 7.40297
0.966331 5.82335
0.95294 5.65602
0.942063 7.59443
0.937039 7.54312
0.935855 5.69849
0.92078 8.46075
0.918507 8.36843
0.909913 7.54227
0.90945 6.51875
0.905009 5.37972
0.904467 8.34964
0.903718 5.54788
0.876042 8.73193
0.853919 6.75744
0.827956 7.03544
0.810141 7.31182
0.784417 5.35094
0.782306 6.31175
0.779471 6.117
0.776018 6.48717
0.746514 7.93008
0.742563 7.11357
0.736499 6.29197
0.722368 7.42842
0.714666 9.36556
0.699518 8.6384
0.699245 5.73931
0.695695 7.97543
0.691409 8.88086
0.690486 7.97658
0.683614 7.03613
0.661854 7.90513
0.654054 7.07481
0.633678 6.08957
0.628582 8.74553
0.61985 6.61058
0.617973 6.34822
0.609118 7.00967
0.586596 7.11015
0.564808 7.87065
0.559658 6.03215
0.556505 6.51545
0.545114 7.31788
0.544676 6.92013
0.521496 8.38561
0.520652 6.62807
0.516371 8.7002
0.515961 8.38809
0.513268 7.13633
0.511483 6.48963
0.501053 6.01636
0.49689 5.81069
0.475268 8.43339
0.474361 6.73833
0.472217 8.44474
0.454877 8.40622
0.452474 5.75491
0.434271 6.43561
0.431679 9.30114
0.431352 6.88436
0.428445 8.34825
0.415682 8.74137
0.395582 9.536
0.393504 9.84311
0.388152 7.57958
0.387893 6.1537
0.384699 8.49444
0.380763 7.52279
0.373236 6.57608
0.363095 8.36831
0.360866 7.026
0.312538 9.80642
0.309402 8.40619
0.304095 8.73336
0.295829 9.15069
0.294073 6.92565
0.289205 9.50837
0.278624 7.09602
0.274816 7.25091
0.274578 8.21539
0.270477 6.45949
0.268934 8.06692
0.268644 10.2989
0.263506 7.50811
0.26078 7.67085
0.259544 10.148
0.25628 6.70488
0.253644 7.60694
0.251525 7.03305
0.244907 6.50529
0.242757 8.9703
0.230529 9.78694
0.229546 6.5754
0.227446 7.84278
0.213442 9.68768
0.209173 7.81656
0.192704 7.48871
0.184424 7.90745
0.154451 8.89665
0.148338 9.84756
0.142658 9.87312
0.140213 7.80556
0.126958 7.89744
0.113563 10.152
0.111626 11.1109
0.101767 10.3397
0.101249 8.30933
0.0986316 9.36119
0.0914329 7.68274
0.0904945 11.2234
0.0897961 7.84029
0.0876166 10.0962
0.0754058 10.517
0.0747937 8.98995
0.0728003 10.1778
0.0676628 7.93683
0.0637212 9.83192
0.0620268 8.82628
0.059534 7.9363
0.0555383 10.3242
0.0542034 7.94425
0.052299 7.04377
0.0512057 10.5291
0.0462959 10.0859
0.0413425 9.79517
0.0409925 8.87719
0.0404307 9.10878
0.039627 11.0539
0.0365051 7.59646
0.0347503 7.10899
0.0335748 11.4867
0.0331432 10.2648
0.0295515 8.4041
0.0288267 7.7087
0.0259657 9.95602
0.0227181 9.97376
0.0158471 7.63521
0.0149414 11.6347
0.0109157 8.15338
0.0106581 7.49475
0.0105169 9.89216
0.00933316 10.0762
0.0083389 9.11855
0.00690266 9.71884
0.00674726 8.52593
0.00581355 7.48253
0.00555861 7.82289
0.0051507 8.36504
0.00448792 11.5255
0.0038736 10.0768
0.00365437 8.04021
0.0027894 10.2149
0.00252598 9.95973
0.0024275 10.1564
0.00208621 11.1703
0.00145364 7.85929
0.00130909 7.46964
0.00110548 10.4368
0 0 0 0 0 0 0 0 0 1 
0 0.217496 0 0 0 0.782504 0 0 0 0 
0 0 0 0 0 1 0 0 0 0 
0 0 0 0 0 0 0 0 1 0 
0 0 0 1 0 0 0 0 0 0 
0 0 1 0 0 0 0 0 0 0 
0 0 0 1 0 0 0 0 0 0 
0.427287 0 0 0 0 0 0 0.572713 0 0 
0 0 0 0 0 0 0 0 0 1 
0 0 0 0 1 0 0 0 0 0 
0 0 0 0 0 0 0 0 0 1 
1 0 0 0 0 0 0 0 0 0 
0 0 0 0 0 0 0 0 1 0 
0 0 0.412764 0 0.587236 0 0 0 0 0 
0 0 0 0 0 0 0 0 0 1 
0 0 0 1 0 0 0 0 0 0 
0 0 0 0 0.313002 0 0.686998 0 0 0 
0 0 0 0 0 0 0 0 1 0 
0 0 0 0 0 0 1 0 0 0 
0 0 0 0 0 1 0 0 0 0 
0 0 0 1 0 0 0 0 0 0 
0 0 0 1 0 0 0 0 0 0 
0 0 1 0 0 0 0 0 0 0 
0 0 0.361899 0 0 0.638101 0 0 0 0 
0 0 0 0 0 0 0 0 1 0 
0 0 0 0 0.270526 0 0 0.517757 0 0.211718 
0 0 0 0 1 0 0 0 0 0 
0 0 0 0 0 0 0 1 0 0 
0 0 0.632237 0 0.367763 0 0 0 0 0 
0 0 0 0 0 0 0 0 0 1 
0 0 0 0.213834 0.306237 0.479929 0 0 0 0 
0 0 0 1 0 0 0 0 0 0 
0 0 0 1 0 0 0 0 0 0 
0.519549 0 0 0.274147 0 0 0.206303 0 0 0 
0 0 0 0 0.146197 0 0 0 0.853803 0 
0 0 0 0 0 0 0.253115 0 0.746885 0 
0 0 0 0 1 0 0 0 0 0 
1 0 0 0 0 0 0 0 0 0 
0 0 0 0 0 1 0 0 0 0 
0 0 0 0 0 0 0 0 1 0 
1 0 0 0 0 0 0 0 0 0 
0 1 0 0 0 0 0 0 0 0 
0 0 0 1 0 0 0 0 0 0 
0 0 0 0 0 0 0 1 0 0 
1 0 0 0 0 0 0 0 0 0 
0 0 0 1 0 0 0 0 0 0 
1 0 0 0 0 0 0 0 0 0 
0 0 0 1 0 0 0 0 0 0 
0 0 0 0 0 0 0 0 1 0 
0 0 1 0 0 0 0 0 0 0 
1 0 0 0 0 0 0 0 0 0 
0 0 0 0.479252 0 0 0 0 0 0.520748 
0 0 0 1 0 0 0 0 0 0 
1 0 0 0 0 0 0 0 0 0 
0 0 0 1 0 0 0 0 0 0 
0 0 1 0 0 0 0 0 0 0 
0 0 0 0 1 0 0 0 0 0 
0 0 0 0 0 0 0 0.407612 0 0.592388 
0 0 1 0 0 0 0 0 0 0 
0 0 0 0 0 0 0 1 0 0 
0 0 0 1 0 0 0 0 0 0 
0 0 0 0 0 0 1 0 0 0 
0 0 0 0 0 0 0.0945233 0 0.905477 0 
0 0 0 0 0 0 1 0 0 0 
0 0 0 1 0 0 0 0 0 0 
0 1 0 0 0 0 0 0 0 0 
1 0 0 0 0 0 0 0 0 0 
0.629259 0 0 0 0 0 0 0 0.370741 0 
0 1 0 0 0 0 0 0 0 0 
0 0 1 0 0 0 0 0 0 0 
0 0 0 0 0 0 0 1 0 0 
0 0 0 0 0 0 0 0 0 1 
0 0 0 0 0 0 0 0 0 1 
0 1 0 0 0 0 0 0 0 0 
0 0 0 0 0 1 0 0 0 0 
0 0 0 0 1 0 0 0 0 0 
0 0 0 0 0 0 0 0 1 0 
0 0 1 0 0 0 0 0 0 0 
0 1 0 0 0 0 0 0 0 0 
1 0 0 0 0 0 0 0 0 0 
0 0 0 0 0 0 0 0 1 0 
0 0 0 0 0 0 0 0 0 1 
0 0 0 1 0 0 0 0 0 0 
0 0.585687 0 0.414313 0 0 0 0 0 0 
0 0 0 0 0 0 1 0 0 0 
1 0 0 0 0 0 0 0 0 0 
0 1 0 0 0 0 0 0 0 0 
0 0 0 0 0 0 1 0 0 0 
0 0 0 0 0.536322 0 0 0 0 0.463678 
0 0 1 0 0 0 0 0 0 0 
0 0 0 0.356828 0 0 0.286073 0 0.357099 0 
0 0 0 1 0 0 0 0 0 0 
0 0 0 0 0 0 0 0 1 0 
1 0 0 0 0 0 0 0 0 0 
0 0 0 0 0 1 0 0 0 0 
0 0 0 0 1 0 0 0 0 0 
0 0 0.388457 0 0 0 0 0 0 0.611543 
0 0 0 1 0 0 0 0 0 0 
0 1 0 0 0 0 0 0 0 0 
0 1 0 0 0 0 0 0 0 0 
0 0 0 1 0 0 0 0 0 0 
0 0 1 0 0 0 0 0 0 0 
0 0.568905 0 0 0 0 0.431095 0 0 0 
0 0 0 0 0 0 1 0 0 0 
0 0 0 0 0 0 0 1 0 0 
0 0 0 0 0 1 0 0 0 0 
0 0 0 0 0 1 0 0 0 0 
0 0 0 0 0 0 0 0 1 0 
0 0 0 0 0 1 0 0 0 0 
0 0 0 1 0 0 0 0 0 0 
0 0 0 0 0 0 0 0 1 0 
0 0 0 0 0 1 0 0 0 0 
0 0 1 0 0 0 0 0 0 0 
0 0 0 0 0 0 0 0.349122 0 0.650878 
0 0 0 0 0 0.880419 0 0 0.119581 0 
0 0 0 1 0 0 0 0 0 0 
0 1 0 0 0 0 0 0 0 0 
0 0 0 0 0 1 0 0 0 0 
0 0 0 0 0 1 0 0 0 0 
0 0 0 0 1 0 0 0 0 0 
0 1 0 0 0 0 0 0 0 0 
0 0 0 0 0 0 0 0.521112 0 0.478888 
0 0 0 0 0 0 0 0 0 1 
0 1 0 0 0 0 0 0 0 0 
0 0 0 0 1 0 0 0 0 0 
0 0 0 0 0 0 1 0 0 0 
0 0 0 1 0 0 0 0 0 0 
0 0 0 0.237883 0.762117 0 0 0 0 0 
0 0 0 0 0 0 0 0 0 1 
0 1 0 0 0 0 0 0 0 0 
0 0 1 0 0 0 0 0 0 0 
0 0 0 0 0 1 0 0 0 0 
1 0 0 0 0 0 0 0 0 0 
0 0 0 0 0 0 1 0 0 0 
0 0 0 1 0 0 0 0 0 0 
0 0 0 0 0 0 0 0 0 1 
0.756896 0 0 0 0 0 0 0 0 0.243104 
0 0 0.382733 0 0 0 0 0 0.617267 0 
0 1 0 0 0 0 0 0 0 0 
0 0 0 0 0 1 0 0 0 0 
0 0.689875 0 0 0 0 0 0 0 0.310125 
0 0 0 0 0 0 0 0 0.357622 0.642378 
0 0 1 0 0 0 0 0 0 0 
0 0 0 0 0 0 0 0 0 1 
0 0 0 0 0 0 1 0 0 0 
0 0 0 0 0 0.507291 0 0.492709 0 0 
0 0 0 0 1 0 0 0 0 0 
0 1 0 0 0 0 0 0 0 0 
0 0 0 1 0 0 0 0 0 0 
1 0 0 0 0 0 0 0 0 0 
0 0 0 0 0.557521 0 0 0 0 0.442479 
0 1 0 0 0 0 0 0 0 0 
0 0 0 0 0 0 1 0 0 0 
0.770842 0 0.229158 0 0 0 0 0 0 0 
0 0 0 0 0 0 0 0 1 0 
0 0 0 0 1 0 0 0 0 0 
0 0 0 0 0 0 0 1 0 0 
0.153753 0 0 0 0 0 0 0.846247 0 0 
0 0 0 0 0 0 0 1 0 0 
0 0 1 0 0 0 0 0 0 0 
1 0 0 0 0 0 0 0 0 0 
0 1 0 0 0 0 0 0 0 0 
0 0 1 0 0 0 0 0 0 0 
1 0 0 0 0 0 0 0 0 0 
0 1 0 0 0 0 0 0 0 0 
0 0 0 1 0 0 0 0 0 0 
0 1 0 0 0 0 0 0 0 0 
0 1 0 0 0 0 0 0 0 0 
0 0 0 0 0 0 0 0 0 1 
0 0 0 0 0 0 1 0 0 0 
0 0 0 0 0 0 0 0 0 1 
0 0 0 0 1 0 0 0 0 0 
0 0 0 0 0 1 0 0 0 0 
0 0 0 0 0 0 0 1 0 0 
0 0 0 0 0 1 0 0 0 0 
0 0 0 0 0 1 0 0 0 0 
0 0 0 0 0 0 0 0.49432 0 0.50568 
0 0 1 0 0 0 0 0 0 0 
1 0 0 0 0 0 0 0 0 0 
0 0 0 0 0 0.720062 0 0 0.279938 0 
0 0 0 0 0 1 0 0 0 0 
0 0 0 1 0 0 0 0 0 0 
0 0 0 0 0 0 1 0 0 0 
0 0 0 0 0 1 0 0 0 0 
0 0 0 0 0 0 0 0 1 0 
0 0 0 1 0 0 0 0 0 0 
0 0 0 1 0 0 0 0 0 0 
0 0 0 0 1 0 0 0 0 0 
0 0 0 1 0 0 0 0 0 0 
0 1 0 0 0 0 0 0 0 0 
0.494423 0 0.505577 0 0 0 0 0 0 0 
0 0 0 0 0 1 0 0 0 0 
0 0 0 1 0 0 0 0 0 0 
0 1 0 0 0 0 0 0 0 0 
1 0 0 0 0 0 0 0 0 0 
0 0 0 0 0 0 1 0 0 0 
0 0 1 0 0 0 0 0 0 0 
0 0 1 0 0 0 0 0 0 0 
0 0 0 0 0 1 0 0 0 0 
0 0 0 0 0 1 0 0 0 0 
0.61459 0 0 0 0 0 0 0 0.38541 0 
0 0.383281 0 0 0.616719 0 0 0 0 0 
0 0 0 0 0 0 1 0 0 0 
0 0 0.478155 0.521845 0 0 0 0 0 0 
0.300355 0 0 0 0 0 0 0.699644 0 0 
0 0 0 0 0 0 0 0 1 0 
0 1 0 0 0 0 0 0 0 0 
0 0 0 0 0 0 0 1 0 0 
0 1 0 0 0 0 0 0 0 0 
0 0 0 0 0 0 0 0 0 1 
0.491424 0.508576 0 0 0 0 0 0 0 0 
0 0 0 0 0 0 0 1 0 0 
0 0 0 0 0 0 1 0 0 0 
0 1 0 0 0 0 0 0 0 0 
0 0 0 0 0 0 0 0 1 0 
0 0 0.301025 0.29779 0 0 0.401186 0 0 0 
0 0.111046 0 0 0 0 0.888954 0 0 0 
0 0 0 0 1 0 0 0 0 0 
0 0 0 1 0 0 0 0 0 0 
0 0 1 0 0 0 0 0 0 0 
0 0 1 0 0 0 0 0 0 0 
0 0 0 0 0 0 0.264092 0 0 0.735908 
0 0 0 0 0 1 0 0 0 0 
0 0 0 0 0 0 0 0 0 1 
0 0 0 0 0 0 0 1 0 0 
0 0 0 0 0 0 0 0 1 0 
0 0 0 0 0 1 0 0 0 0 
0 0 0 0 0 0 0 0 0.528574 0.471426 
0 0 0 0 0 0 0 1 0 0 
0 0 0 0 0.707546 0.292454 0 0 0 0 
0 0 0 0 0 0 0 0 0 1 
0 0 0 0 0 1 0 0 0 0 
0 0 0.672156 0 0 0 0 0 0.327844 0 
0.570117 0 0 0 0 0 0 0.429883 0 0 
0 0 0 0 0 0 0 0 1 0 
0 0 0 0 1 0 0 0 0 0 
0 0 1 0 0 0 0 0 0 0 
0 0 0 0 1 0 0 0 0 0 
1 0 0 0 0 0 0 0 0 0 
0 0 0 0 1 0 0 0 0 0 
0 0 1 0 0 0 0 0 0 0 
0 0 0 0 0 1 0 0 0 0 
0 0 0 0 0 0 0 0 0 1 
1 0 0 0 0 0 0 0 0 0 
0 0 0 0 0 0 0 1 0 0 
0 0 1 0 0 0 0 0 0 0 
0 0 0 0 0 1 0 0 0 0 
0 1 0 0 0 0 0 0 0 0 
0 0 0 0 0 0 0 0 1 0 
0 0 0.529402 0 0 0 0.470598 0 0 0 
1 0 0 0 0 0 0 0 0 0 
0 0 0 0 0 0 0 1 0 0 
0 0 0 1 0 0 0 0 0 0 
0 0 0 0 0 0 0 0 0 1 
0 0 0 0 0 1 0 0 0 0 
0 0 1 0 0 0 0 0 0 0 
0 0 0 0 0 0 1 0 0 0 
0 0 0 0 0 0 1 0 0 0 
0 0 0 1 0 0 0 0 0 0 
0 0 1 0 0 0 0 0 0 0 
0 1 0 0 0 0 0 0 0 0 
0 0 0 0 0.492109 0 0.507891 0 0 0 
0 0 0 1 0 0 0 0 0 0 
0.339891 0 0 0 0 0 0 0 0 0.660109 
0 0 0 0 0 0 0 1 0 0 
1 0 0 0 0 0 0 0 0 0 
0 0 0 0 0 0 0 1 0 0 
0.363028 0 0 0 0 0 0.636972 0 0 0 
0 0 0 0 0 0 0 0 0 1 
0 0 0 0 0 0 1 0 0 0 
0 0 0 1 0 0 0 0 0 0 
0 0 0 0 1 0 0 0 0 0 
0 0 0 0 0 0 1 0 0 0 
0 0 0 0 0 1 0 0 0 0 
0 0 0 0 0 0.219908 0 0 0.780092 0 
1 0 0 0 0 0 0 0 0 0 
0 0 0 0.794963 0 0 0 0 0.205037 0 
0 0 0 0 0 0 0 1 0 0 
0 0 0 0 0 1 0 0 0 0 
1 0 0 0 0 0 0 0 0 0 
0 0 0 0 1 0 0 0 0 0 
1 0 0 0 0 0 0 0 0 0 
0 0 0 0 0 0 0 1 0 0 
0 0 0 0 1 0 0 0 0 0 
1 0 0 0 0 0 0 0 0 0 
0 0 0 1 0 0 0 0 0 0 
0 0 0 0 0 0 0 0 0 1 
0 0 0 0.616661 0.383339 0 0 0 0 0 
1 0 0 0 0 0 0 0 0 0 
0 0 0 0 0 0 1 0 0 0 
0 0 0 0 0 0 0 1 0 0 
0 0 0 0 0 0 0 0 0 1 
0 0 0 0 1 0 0 0 0 0 
0 0 0 0 0 0 0 1 0 0 
0 0 0 0 1 0 0 0 0 0 
0 0 1 0 0 0 0 0 0 0 
0 0 0 0 0 0 0 1 0 0 
0 1 0 0 0 0 0 0 0 0 
0 0 0 0 1 0 0 0 0 0 
0 0 0 1 0 0 0 0 0 0 
0 0 0 0.261067 0 0 0.738933 0 0 0 
0 0 0 0 0.519066 0 0 0 0.480934 0 
0 0 0 0 0 0 0.342163 0.657837 0 0 
0 0 1 0 0 0 0 0 0 0 
0 1 0 0 0 0 0 0 0 0 
0 0 0 0 1 0 0 0 0 0 
0 0 0 0 0.495492 0.504508 0 0 0 0 
0 0 0 0 0 0 0 0 0 1 
1 0 0 0 0 0 0 0 0 0 
0 0 0 0 0 0 0 0 0 1 
0 0 0 0 1 0 0 0 0 0 
0 0 0 0 1 0 0 0 0 0 
0 0 0 0.31324 0 0.686759 0 0 0 0 
0 0 0 0 0 0 0 0 1 0 
0 0 1 0 0 0 0 0 0 0 
0 0 0 0 1 0 0 0 0 0 
0 0 0 0 0 0 0 0 0 1 
0 0 0 0 1 0 0 0 0 0 
0 0 0 0 0 0.645268 0 0 0.354732 0 
0 0 1 0 0 0 0 0 0 0 
0 0 0 0 0 0 0.494781 0 0.505219 0 
0 0 0 0 0 0 1 0 0 0 
0 1 0 0 0 0 0 0 0 0 
0 0 1 0 0 0 0 0 0 0 
0 0 1 0 0 0 0 0 0 0 
0 0.465267 0 0 0 0 0.534733 0 0 0 
0 0 0 1 0 0 0 0 0 0 
0 0 0 0 0 0 0 0 0 1 
0 0 0 0 0 0 0 1 0 0 
0 0.180642 0 0 0 0 0 0 0 0.819358 
0.580304 0 0 0 0 0 0.419696 0 0 0 
0 0 0 0 0 0 0 1 0 0 
0 0 0 0 0 0 1 0 0 0 
0 0 0 0 0 1 0 0 0 0 
1 0 0 0 0 0 0 0 0 0 
0 0 0 0 0 0 0 0 0 1 
0 0 0 0 1 0 0 0 0 0 
0 0 0 0 0 0 0 0 1 0 
0 1 0 0 0 0 0 0 0 0 
0 0 0 0 0 0 0.655713 0.344287 0 0 
0 0 1 0 0 0 0 0 0 0 
0 1 0 0 0 0 0 0 0 0 
0 0 0 0 0 1 0 0 0 0 
0 0 0 0 0 1 0 0 0 0 
0 0 0 0 0 0 0 0 1 0 
0 1 0 0 0 0 0 0 0 0 
0 0 0 0 0 0 0 1 0 0 
0 0 0 0 0 0 0 0 1 0 
0 0 1 0 0 0 0 0 0 0 
0 0 0 0 0 0 1 0 0 0 
0 0 1 0 0 0 0 0 0 0 
0 0 0 0.451851 0 0 0 0 0.548149 0 
0 0 1 0 0 0 0 0 0 0 
0 0 0 1 0 0 0 0 0 0 
0 0 0 0 0 0 0 1 0 0 
0.26916 0 0 0 0 0 0 0 0.73084 0 
0 0 0.2732 0 0 0.7268 0 0 0 0 
0 0 0 0 0 1 0 0 0 0 
1 0 0 0 0 0 0 0 0 0 
0 0 0 1 0 0 0 0 0 0 
0 0 0 0 1 0 0 0 0 0 
0 0 0 0 0 0 0 0.638498 0 0.361502 
0 0 0 0 0 1 0 0 0 0 
0 0 0 0 0 0 0 1 0 0 
0 0 0 0 0 0 0 0 0 1 
0.53476 0 0 0 0 0 0 0.46524 0 0 
1 0 0 0 0 0 0 0 0 0 
0 0 0 0 0 0 0 0 1 0 
0 0 0 0 0 1 0 0 0 0 
0 0 0 0 0 0 0 0 1 0 
0 0 1 0 0 0 0 0 0 0 
0 0 1 0 0 0 0 0 0 0 
0 0 0 0 0 0 1 0 0 0 
0 0 0 0 0 0 0 0 0 1 
0 0 0 0 0 0 0 1 0 0 
0 0 0 0 0 1 0 0 0 0 
0 0 0 0 0 0 0 0 1 0 
0 0 0 0 0 1 0 0 0 0 
0 0 0 0 0 0 0 0 1 0 
1 0 0 0 0 0 0 0 0 0 
0 0 0 0 0 0 0 1 0 0 
0 0 0 0 0 0 0 0 0 1 
0 0 0 0 0 0 0 0 0 1 
0 1 0 0 0 0 0 0 0 0 
0 0 0 0 0 0 0 0 0 1 
0 0 0 0 0 0 0 1 0 0 
0 0 0 0 0 0 0 1 0 0 
1 0 0 0 0 0 0 0 0 0 
0 0 0 0 0 0 0 1 0 0 
1 0 0 0 0 0 0 0 0 0 
0 0 0 1 0 0 0 0 0 0 
0 0 0 0 0 0 0 0 1 0 
0 0 0 0 0 0 0 0 0 1 
0 0 0 0 1 0 0 0 0 0 
0 0 0 0 0 0 1 0 0 0 
0 0 0 0 0 1 0 0 0 0 
0 0 0.579618 0 0 0 0.420382 0 0 0 
0 1 0 0 0 0 0 0 0 0 
0 0 1 0 0 0 0 0 0 0 
0 1 0 0 0 0 0 0 0 0 
0 0 0 1 0 0 0 0 0 0 
0 0 0 0 0 1 0 0 0 0 
0 0 0 0 0 0 0 0 0 1 
0 0 0 0 1 0 0 0 0 0 
0 0 0 0 0 0 1 0 0 0 
0 0 1 0 0 0 0 0 0 0 
0 1 0 0 0 0 0 0 0 0 
0 1 0 0 0 0 0 0 0 0 
0 0 0 1 0 0 0 0 0 0 
0 0 0 0 0 0 0 0.701605 0.298395 0 
0 0.301126 0.698874 0 0 0 0 0 0 0 
0 0 0 1 0 0 0 0 0 0 
0 0 0 0 0 0 0 1 0 0 
0 0 0 0 0 1 0 0 0 0 
0 0 0 0 0 0 0 0 1 0 
0 0 0 0.722029 0 0.277971 0 0 0 0 
0 0 0 0 0.370214 0 0.629786 0 0 0 
0 0 1 0 0 0 0 0 0 0 
0 0 0 0 0 1 0 0 0 0 
0 0 0.216708 0 0 0 0 0 0.783292 0 
0 0 1 0 0 0 0 0 0 0 
0 0.32031 0 0 0 0 0 0 0 0.67969 
0 0 0 0 0 1 0 0 0 0 
0 0 0 0 1 0 0 0 0 0 
0 0 0 0 0 0 0 0 1 0 
0 0 0 0 0 0 0 0 0 1 
0 0 0 0 0 1 0 0 0 0 
0 0 0 0 0 0 0 0 1 0 
0 0.263832 0 0 0 0 0 0 0.736168 0 
0 0 0 0.477642 0 0 0 0 0.522358 0 
1 0 0 0 0 0 0 0 0 0 
1 0 0 0 0 0 0 0 0 0 
0 0 0 0 0 1 0 0 0 0 
0 0 0 1 0 0 0 0 0 0 
0 0 0 0 0 0 0 0 0 1 
0 0 1 0 0 0 0 0 0 0 
0 1 0 0 0 0 0 0 0 0 
0 0 0 0 0 1 0 0 0 0 
0 0 0 0 0 1 0 0 0 0 
0 0 0 0 0 1 0 0 0 0 
0 0 1 0 0 0 0 0 0 0 
0 0 0 0 1 0 0 0 0 0 
0 0 0 0 0 0 0 0 1 0 
1 0 0 0 0 0 0 0 0 0 
0 0 0 0 0 0 0 1 0 0 
0 0 0 0 1 0 0 0 0 0 
0 0.542226 0 0.457774 0 0 0 0 0 0 
0 0 0.183352 0 0 0.816648 0 0 0 0 
0 0 0 0 0 0 0 0 0.624143 0.375857 
0 0 0 0 0 0 0 1 0 0 
0 0 0.414321 0 0.585679 0 0 0 0 0 
0 0 0 0 0 0 0 0 0 1 
0 0 0 1 0 0 0 0 0 0 
0 0 0.754176 0 0 0 0 0 0 0.245824 
0 0 0 0 0 1 0 0 0 0 
0 0 0 1 0 0 0 0 0 0 
0 0 1 0 0 0 0 0 0 0 
0 0 0 0 1 0 0 0 0 0 
0 1 0 0 0 0 0 0 0 0 
0 0 0 0 0 0 0 1 0 0 
0 0 0 0 0 0 0 0 0 1 
0 0 0 0 0 0 0 1 0 0 
0 0 0 0 0 0 0 1 0 0 
0 0 0 0 0 0 0 1 0 0 
0 1 0 0 0 0 0 0 0 0 
0 0 0.221356 0.325091 0 0 0 0.453554 0 0 
0 0 0 0 0 1 0 0 0 0 
0 1 0 0 0 0 0 0 0 0 
0 0 0 0 0 0 0 0 0 1 
0 0 0 0 0 0 0 1 0 0 
0 1 0 0 0 0 0 0 0 0 
0 0.316933 0 0.23912 0 0.443948 0 0 0 0 
0 0 0 0 0 0 0 0 0 1 
0.66114 0 0 0 0.33886 0 0 0 0 0 
0 0 1 0 0 0 0 0 0 0 
1 0 0 0 0 0 0 0 0 0 
0 0 0 0 1 0 0 0 0 0 
0 0 0 1 0 0 0 0 0 0 
0 1 0 0 0 0 0 0 0 0 
0 0 0 0.696004 0 0 0 0 0.303996 0 
0 0 0 0 0 0 1 0 0 0 
0 0 0 0 0 0 0 0 1 0 
0 0 0 0 0 0 1 0 0 0 
1 0 0 0 0 0 0 0 0 0 
0 0 0.544565 0.455435 0 0 0 0 0 0 
0 0 0 0 0 0 0 0 0 1 
0 0 0 0 0 0 0 0 0 1 
0 0 0 0 0 0 0 0 1 0 
0 0 0 0 0 0 0 0.282583 0 0.717417 
0 0 0 0 0 0 0 0 0 1 
0 0 0 0 0 1 0 0 0 0 
0 0 1 0 0 0 0 0 0 0 
0 0 0 0 0 0 0 0 1 0 
0 0 1 0 0 0 0 0 0 0 
0 0 0 0 0 0 1 0 0 0 
0 0 1 0 0 0 0 0 0 0 
0 0 0 0 1 0 0 0 0 0 
0 0 0 0 0.158688 0 0 0.841312 0 0 
0.460972 0 0 0 0 0.539028 0 0 0 0 
0 0 0 0 0.702603 0.297397 0 0 0 0 
