5 50
0.324502
0.544987
0.549749
0.439493
0.357091
11.0086 0.314479
8.45489 1.41019
8.29798 1.15165
7.16891 2.31945
7.03565 0.508478
6.74965 2.06467
6.47943 0.945299
6.15281 1.46419
5.98939 3.17201
5.87566 1.32295
5.31042 2.61123
5.25367 2.67472
4.88289 3.79168
4.23795 3.04871
4.14264 3.04248
4.08529 3.62098
4.05488 3.42459
3.64926 3.42678
3.17399 4.55931
3.14963 4.48267
2.95263 5.21125
2.78684 4.24733
2.76697 4.94347
2.57842 3.85567
2.36253 5.34058
2.34589 4.26731
2.32417 5.85562
2.19342 6.02775
2.08819 4.26461
2.00863 4.45086
1.945 4.95277
1.61244 5.80931
1.22526 6.90217
0.705749 6.92599
0.678766 7.55721
0.643597 6.59382
0.618364 7.47711
0.441464 9.00568
0.421048 7.55676
0.405716 9.5148
0.299681 9.62567
0.28927 6.45601
0.210312 8.9779
0.163091 7.0598
0.111282 8.4541
0.108319 8.09652
0.0396983 10.6413
0.0381402 8.24607
0.0365144 8.93539
0.00327041 8.91023
0 1 0 0 0 
0 0 0 0 1 
0 1 0 0 0 
1 0 0 0 0 
0 0.287432 0 0 0.712568 
0 1 0 0 0 
1 0 0 0 0 
0 0 0 1 0 
0 1 0 0 0 
1 0 0 0 0 
0.572963 0 0.427037 0 0 
0 0 1 0 0 
0 0 0 1 0 
1 0 0 0 0 
0 0.542981 0 0.457019 0 
0.507122 0 0 0 0.492878 
0 0 0 1 0 
0 1 0 0 0 
0 0 0 0 1 
0 0 0 1 0 
0 1 0 0 0 
0 0 0 1 0 
0 0 1 0 0 
0 0 1 0 0 
0 0 0 1 0 
0 1 0 0 0 
0 0 0 0 1 
0 0 0 1 0 
0 0 0.253665 0 0.746335 
0 1 0 0 0 
0 0 1 0 0 
0 0 0 1 0 
1 0 0 0 0 
0 1 0 0 0 
0 0 1 0 0 
0 0 0 0 1 
0 0 0 0 1 
1 0 0 0 0 
1 0 0 0 0 
0 1 0 0 0 
1 0 0 0 0 
1 0 0 0 0 
0 0 1 0 0 
0.67887 0 0.32113 0 0 
0 0 0.105303 0.695741 0.198956 
0 0 1 0 0 
0 0 0 0 1 
0 0 1 0 0 
0.803346 0 0 0.196654 0 
0.330707 0.669293 0 0 0 
