10 100
0.632487
0.574654
0.691338
0.713204
0.695575
0.726193
0.700476
0.741324
0.397325
0.503269
10.9221 0.56642
10.433 0.862711
10.4001 0.178223
9.3709 0.797555
8.99401 0.186674
8.61577 1.53673
8.48271 0.654419
7.79406 1.3955
7.60035 1.50172
7.57163 1.54789
6.70557 1.78104
6.58342 1.5114
6.25713 1.4156
6.07578 1.34612
5.94436 3.07106
5.89954 2.93846
5.86249 2.87156
5.81192 1.49358
5.44068 3.47124
5.26088 2.07856
5.09385 3.26825
4.93706 3.13132
4.69597 3.08345
4.63378 2.64201
4.53642 3.72543
4.27565 3.08113
4.1449 3.8069
3.94385 4.24265
3.92526 4.17303
3.88311 3.37391
3.83643 3.50704
3.77109 4.31554
3.52939 4.12491
3.39604 3.28794
3.35443 5.08375
3.22981 3.24599
3.16955 6.0644
3.11307 4.82631
3.05913 4.92356
3.03173 4.81036
2.99865 6.13755
2.99276 4.34954
2.8873 4.45503
2.66653 6.17331
2.62535 3.7574
2.60378 6.16493
2.52169 5.2858
2.5149 4.08212
2.47318 4.37053
2.01999 6.26076
1.76078 4.9241
1.70596 4.28598
1.67563 6.36295
1.48925 7.70691
1.4577 8.07753
1.44452 6.51537
1.42859 5.97535
1.29323 7.15809
1.15798 6.96789
1.15376 5.40245
1.13873 7.28054
1.07741 5.71501
1.05275 6.87317
0.933348 8.03494
0.899724 6.30015
0.815306 7.60368
0.779818 7.09054
0.757499 5.76017
0.742646 5.86836
0.668924 6.66168
0.548297 6.13901
0.542253 8.85627
0.463602 8.75491
0.434656 6.43837
0.420519 8.34851
0.395809 9.24006
0.385121 9.71271
0.345235 9.81955
0.311865 6.36161
0.260945 9.76851
0.240264 9.43977
0.228399 8.03198
0.194977 7.18518
0.191896 8.4137
0.18804 9.55746
0.147815 6.96773
0.141096 10.8905
0.129971 7.61994
0.118564 7.46017
0.117828 7.03413
0.100813 7.98675
0.0879879 8.09098
0.070927 10.748
0.0631764 8.9746
0.0514555 9.29363
0.0363597 9.72818
0.0101974 11.5166
0.00809435 7.63783
0.0079337 9.67189
0.00207361 9.9036
0 0 0 0 0 0 0 0 1 0 
0 0 0 0 0 0 0 0 1 0 
0 0 0 0 0 1 0 0 0 0 
0 0 0 0 0 0 0 1 0 0 
0 0 0 0 0 0 0 0 1 0 
0 0 0 0 0 0 0 0 1 0 
0 0 0 1 0 0 0 0 0 0 
1 0 0 0 0 0 0 0 0 0 
0 0 0 0 0 0 0 1 0 0 
0 0 0 0 1 0 0 0 0 0 
0 0 0 0 0 0 0.251881 0 0 0.748119 
0 0 0 0 0 0 1 0 0 0 
0 0 0 0 0 0 1 0 0 0 
0 0 0 0 0 1 0 0 0 0 
0 0 0.830805 0 0 0 0 0.169195 0 0 
0 0 0 0 0 0 0 0 0 1 
1 0 0 0 0 0 0 0 0 0 
0.498565 0 0 0.360879 0.140555 0 0 0 0 0 
0 0 0 0 0 0 0 0 1 0 
0 0 0 1 0 0 0 0 0 0 
0 0 1 0 0 0 0 0 0 0 
0 0 0 0 0 0 0.17414 0.82586 0 0 
1 0 0 0 0 0 0 0 0 0 
0 0 0 0 0 0 1 0 0 0 
0 0 0 0 0 0 0 1 0 0 
0 0 0 0 0 0 0 0 0 1 
0 0 0 0 0 1 0 0 0 0 
1 0 0 0 0 0 0 0 0 0 
1 0 0 0 0 0 0 0 0 0 
0 0 0 0 0 1 0 0 0 0 
0 0 0 0 0 0 1 0 0 0 
0 0 0.517178 0 0 0.482822 0 0 0 0 
0 0 0 0 1 0 0 0 0 0 
0 0 0 1 0 0 0 0 0 0 
0 0 0 0 0 0 0 0 0 1 
1 0 0 0 0 0 0 0 0 0 
1 0 0 0 0 0 0 0 0 0 
0 0 0.520476 0.371268 0 0 0 0 0 0.108256 
0 0 0 0 0 1 0 0 0 0 
0 0 0 0 0 0 0 0 1 0 
0 0 0 0 0 0 1 0 0 0 
0 0 0 0 0 0 0 0 0 1 
0 0 0 0 1 0 0 0 0 0 
0 0 0 1 0 0 0 0 0 0 
0 0 0 0 0 0 1 0 0 0 
0 0 0 0 1 0 0 0 0 0 
0 0 0 0 0 1 0 0 0 0 
1 0 0 0 0 0 0 0 0 0 
0 0 0 0 0 0 0 0 1 0 
0 0 1 0 0 0 0 0 0 0 
0.688793 0 0.311207 0 0 0 0 0 0 0 
1 0 0 0 0 0 0 0 0 0 
1 0 0 0 0 0 0 0 0 0 
0 1 0 0 0 0 0 0 0 0 
0 0 0 0 0 1 0 0 0 0 
0 0 0 0 0 0 0 0 1 0 
0 0 0 0 0 0 0 0 1 0 
0 0 0 1 0 0 0 0 0 0 
0 0 0 0 0 0 0 0 0 1 
0 0 0 0 0.561258 0 0 0 0.438742 0 
0 0 0 0 0 0 1 0 0 0 
0 0 0 0 0 0 0 0 0 1 
0 0 0.556876 0 0 0 0.443124 0 0 0 
0 0 1 0 0 0 0 0 0 0 
0 0 0 1 0 0 0 0 0 0 
0 0 0 0 0 0 0 0 0 1 
0 0 0 0 0.263759 0 0 0 0.504634 0.231607 
0 0 0 0 1 0 0 0 0 0 
0 0 0 0 0 0 0 0 0 1 
0 0 0 0 0 1 0 0 0 0 
0 0 0 0 0 1 0 0 0 0 
0 0 0 0 0 1 0 0 0 0 
0 0 1 0 0 0 0 0 0 0 
0 0.376346 0 0 0 0 0.350477 0.273177 0 0 
0 0 0 0 0 1 0 0 0 0 
0 0 0 0 0 0 0 0 1 0 
0 0 0 0 0 0 0 0 0 1 
0 0 0 0 1 0 0 0 0 0 
0 0 0 0 0 0 1 0 0 0 
0 0 0 1 0 0 0 0 0 0 
0 0 1 0 0 0 0 0 0 0 
0 0 0 1 0 0 0 0 0 0 
0 1 0 0 0 0 0 0 0 0 
1 0 0 0 0 0 0 0 0 0 
0 0 0 0.541221 0 0 0.458779 0 0 0 
0 0 0 0 1 0 0 0 0 0 
1 0 0 0 0 0 0 0 0 0 
0 0 0 0 1 0 0 0 0 0 
0 0 0 0 0 0 0 0 0 1 
0 0 0 0 0 1 0 0 0 0 
0 0 0 0 0 0 0 1 0 0 
0 0 0 0 0 0 0 1 0 0 
1 0 0 0 0 0 0 0 0 0 
0 0 0.2163 0 0 0.248086 0 0 0.535614 0 
0 0 0 0 0 0 0 0 0 1 
0 0 0 0 0 0 1 0 0 0 
0 0.825098 0 0 0.174902 0 0 0 0 0 
0 0 1 0 0 0 0 0 0 0 
0 0 0.635738 0 0 0 0 0 0.364262 0 
0 0 0 0 0 0 0 1 0 0 
