5 150
0.548618
0.615116
0.263234
0.581349
0.619341
11.8177 0.18628
11.5693 0.353563
11.11 0.369825
10.6675 0.29119
10.4665 0.219463
10.2779 0.679312
10.2501 0.468533
10.1332 0.104846
9.89755 0.485501
9.8737 0.165359
9.71902 0.999719
9.55658 1.21434
9.54259 0.673595
9.48127 1.07677
9.23335 0.660389
8.98761 0.566481
8.89734 0.99212
8.61777 1.65894
8.43817 1.17247
8.0512 0.659228
7.7393 0.191113
7.54474 1.16181
7.26607 0.597834
6.97649 2.04459
6.91026 1.64951
6.39301 2.55404
6.37213 2.31695
6.06903 2.10575
5.65839 2.78186
5.47814 3.26072
5.4063 1.67333
5.12392 3.16653
5.09033 2.91052
5.01149 3.61372
4.91464 2.53216
4.91316 3.62611
4.87321 2.23073
4.80814 2.31819
4.58832 2.75874
4.49004 2.97777
4.48942 3.96145
4.41969 2.84694
4.3943 2.4068
4.36238 4.07733
4.21935 3.71695
4.20197 3.90301
4.16591 3.39166
4.11706 3.09803
3.99575 3.10085
3.89968 2.60267
3.72742 2.88948
3.67733 3.33193
3.62651 3.86977
3.541 4.36865
3.50422 3.14858
3.46429 4.24789
3.42051 3.88341
3.40295 3.85626
3.37551 3.23661
3.33349 3.6727
3.32733 3.59248
3.22114 4.7778
3.04945 6.05603
3.04803 4.39595
3.04647 5.23584
2.80637 5.39102
2.75838 3.58986
2.75603 4.80506
2.74879 3.48625
2.74 3.34
2.45893 5.04483
2.44033 4.93396
2.43914 6.5549
2.36278 5.39531
2.26887 5.00523
2.24614 4.36578
2.23544 5.46757
2.11447 4.77275
2.09832 4.15966
2.08355 5.9651
2.07296 5.0981
2.04818 5.46269
2.03316 5.46116
2.02658 5.65596
1.92791 5.4123
1.80685 6.84671
1.691 6.25776
1.64139 4.84933
1.5169 6.85428
1.50978 5.8581
1.47308 5.71898
1.45257 4.96535
1.34904 5.81121
1.28955 6.45499
1.19241 6.29479
1.12653 5.98621
1.076 4.81201
0.997471 6.90724
0.994347 7.41215
0.993649 7.27404
0.977138 5.60124
0.947032 6.52585
0.93154 6.30123
0.903645 5.3266
0.862626 5.46531
0.854154 8.02894
0.826905 6.07402
0.82313 6.86347
0.795794 7.75108
0.681137 8.56735
0.628315 9.38524
0.53662 9.26147
0.516695 7.00378
0.502255 8.90072
0.415165 7.73101
0.413881 7.29311
0.380563 7.86941
0.374982 6.97445
0.352693 9.74179
0.298205 9.72221
0.271236 8.99706
0.232951 8.29576
0.231502 8.3096
0.198852 10.2196
0.197043 6.64144
0.195022 8.66566
0.192633 9.16074
0.177721 10.7895
0.170657 9.09912
0.153073 8.82156
0.152467 7.70328
0.152444 9.01774
0.144338 9.9822
0.144102 7.40958
0.136556 7.65368
0.134605 9.86695
0.125526 7.88139
0.114029 9.2356
0.105176 10.5693
0.08876 7.87544
0.0848204 9.15632
0.0679142 7.01525
0.0339754 8.21651
0.0316967 8.98589
0.0250772 11.2765
0.0141442 7.30095
0.0136878 11.165
0.00680546 9.08991
0.00282933 11.7381
0.00243601 8.97052
0 1 0 0 0 
0 0 0 1 0 
0 1 0 0 0 
0 0 1 0 0 
1 0 0 0 0 
0 0 1 0 0 
0 1 0 0 0 
0 0 1 0 0 
0 0 0 0 1 
1 0 0 0 0 
0 0.377843 0 0 0.622157 
0 0.319714 0 0 0.680286 
1 0 0 0 0 
0 1 0 0 0 
0 0 0 0 1 
0 0 0 0 1 
0 0 0 0 1 
0 0 1 0 0 
1 0 0 0 0 
0 0 0 0 1 
1 0 0 0 0 
0 0 0 0 1 
0 1 0 0 0 
0 1 0 0 0 
0 1 0 0 0 
0 0 0 1 0 
0 0 0 0 1 
0 0 0 0 1 
0.783201 0 0.216799 0 0 
0 0 0 1 0 
0 0 0 0 1 
0 0 1 0 0 
1 0 0 0 0 
1 0 0 0 0 
1 0 0 0 0 
0 1 0 0 0 
0 0 1 0 0 
0 0 0 1 0 
0 0 1 0 0 
0 0 0 0 1 
0 0 0 1 0 
0 1 0 0 0 
0.592922 0 0.407078 0 0 
0 0 0 1 0 
0 1 0 0 0 
0 1 0 0 0 
0 0 0 0 1 
0 0 0 0 1 
0 0 0 0 1 
0 0 0 0 1 
1 0 0 0 0 
0.787704 0.212296 0 0 0 
0 1 0 0 0 
0 0 1 0 0 
0 0 0 0 1 
0 0 0 1 0 
1 0 0 0 0 
1 0 0 0 0 
0 1 0 0 0 
0 1 0 0 0 
1 0 0 0 0 
0 0 1 0 0 
0 0 1 0 0 
0 0 0 0 1 
0 0 0 1 0 
1 0 0 0 0 
0 0 0 0 1 
0 0 1 0 0 
0 0 0 0 1 
1 0 0 0 0 
0 1 0 0 0 
0.242398 0.51964 0 0 0.237963 
0 0.705329 0 0 0.294671 
0.591444 0 0 0.408556 0 
0.21196 0 0 0.78804 0 
0 0 0 1 0 
0 0 0 0 1 
0 1 0 0 0 
0 0 0 0.177327 0.822673 
0 0 0 1 0 
0 0 0 0 1 
0 1 0 0 0 
0 0 0 0 1 
1 0 0 0 0 
0 0 0 0.350776 0.649224 
0 0 1 0 0 
0.555954 0.444046 0 0 0 
0 0.5945 0.4055 0 0 
0 0 0 0 1 
0.31066 0 0 0 0.68934 
1 0 0 0 0 
0 1 0 0 0 
0 0 0 0 1 
0 1 0 0 0 
0 0 0 1 0 
1 0 0 0 0 
0 0 0 1 0 
0 0.4058 0.5942 0 0 
1 0 0 0 0 
0 1 0 0 0 
0 0 1 0 0 
0 0 0.555356 0.444644 0 
0 0.719727 0.280273 0 0 
0 0 0 1 0 
0 0 0 0 1 
0 0 1 0 0 
0 0 1 0 0 
1 0 0 0 0 
0 0 1 0 0 
0.52842 0 0.47158 0 0 
0 0 0.348912 0.651088 0 
0 0 1 0 0 
0 0 0 1 0 
0 0.407692 0 0 0.592308 
1 0 0 0 0 
0 0 0 1 0 
0 0 0 0 1 
0 0 1 0 0 
0 1 0 0 0 
0 0 1 0 0 
0 0 0 0 1 
0 0 1 0 0 
0 0 0 0 1 
0 0 0 0 1 
0.359465 0.640535 0 0 0 
0 1 0 0 0 
0 0 1 0 0 
0 0 0 0 1 
0 0.353292 0 0.646708 0 
1 0 0 0 0 
0 0 0 0 1 
0 0 0 1 0 
0 1 0 0 0 
1 0 0 0 0 
0 0.583751 0 0 0.416249 
0 0.707801 0 0 0.292199 
0 0 0 1 0 
0 0 1 0 0 
0 0 0 1 0 
0 0 0 0 1 
0 0 0 1 0 
0 0 1 0 0 
0.364356 0 0 0 0.635644 
0 0.495829 0.504171 0 0 
0 0.377078 0 0 0.622922 
0 0.485463 0 0.514537 0 
0.674223 0.325777 0 0 0 
1 0 0 0 0 
0 0 1 0 0 
1 0 0 0 0 
