10 100
0.662589
0.417564
0.675549
0.680832
0.65958
0.647571
0.261528
0.36489
0.451493
0.265432
9.37013 1.21825
9.28537 0.873702
9.01093 1.14338
8.82225 1.58099
8.70989 0.344754
8.59008 1.34561
8.08466 1.55354
7.95108 1.52871
7.68869 1.87023
7.50943 1.20953
7.3582 0.876566
7.02984 0.728336
6.49119 2.13338
6.42922 0.60354
6.26603 2.45099
6.07868 2.11866
5.91519 1.34393
5.78371 2.75904
5.74211 3.70826
5.1446 2.85959
4.9668 2.25188
4.92974 2.09969
4.56004 3.19812
4.53951 2.95895
4.53485 2.05055
4.4044 2.63856
4.36265 3.60286
4.31055 2.77305
4.30728 4.18766
4.29378 2.95692
4.28242 2.56885
4.07889 2.47839
4.01258 2.79745
3.86211 2.89332
3.75258 2.87999
3.61783 3.02402
3.59345 4.42636
3.45922 3.35728
3.40523 5.58971
3.32899 4.28184
3.3168 4.04274
3.30005 3.49054
3.28645 4.12876
3.21413 4.03986
3.15866 4.10442
3.04645 5.40471
2.95549 5.71967
2.76166 6.11446
2.74148 4.80889
2.52351 5.25369
2.48944 3.85664
2.48734 4.94441
2.40236 3.97225
2.34174 3.80834
2.23632 3.75726
2.02216 5.17499
1.99429 5.54108
1.88894 5.60855
1.78559 4.82031
1.77165 5.47418
1.7058 4.86373
1.66152 5.19266
1.46706 6.94113
1.44724 5.52376
1.4323 6.94114
1.40287 6.76477
1.2863 5.54852
1.25625 5.7019
1.25326 7.98712
1.04938 6.84472
1.01856 7.06085
1.00676 8.07763
0.999542 5.48815
0.974312 5.93045
0.945839 6.38138
0.930188 7.04657
0.907686 8.14488
0.66339 8.66568
0.633163 6.63389
0.582668 6.9893
0.556818 7.95263
0.508546 6.39369
0.501848 7.46001
0.499506 7.22051
0.486537 6.85971
0.45859 6.20845
0.430129 7.74646
0.408214 8.64959
0.340239 6.11301
0.302361 8.13204
0.297498 7.954
0.268676 7.41648
0.176906 8.3636
0.132049 7.62546
0.0675481 7.24035
0.0617721 7.91115
0.0616326 9.45853
0.0412014 8.04714
0.0359207 9.11778
0.0054285 8.7564
0 0 1 0 0 0 0 0 0 0 
0 0 0 0 0 0 0 0 0 1 
0 0 0 0 0 0 0 0 1 0 
0 0 0 0 0 0 0 0 0 1 
0 0 0 0 1 0 0 0 0 0 
0 1 0 0 0 0 0 0 0 0 
0 0 0 0 0 1 0 0 0 0 
0 1 0 0 0 0 0 0 0 0 
0 0 0 0 0 0 0 0 0 1 
0 0 0 0 0 0 0 0 1 0 
0 0 0 0 0 1 0 0 0 0 
0 0 0 0 0 0 0 1 0 0 
0 0 0 0 0 1 0 0 0 0 
0 0 0 0 1 0 0 0 0 0 
0 0 0 0 0 0 0 0 1 0 
0 0 0 1 0 0 0 0 0 0 
0 0 0 0 0 0 0 1 0 0 
0 0 0.572121 0 0 0 0 0.427879 0 0 
0 0 1 0 0 0 0 0 0 0 
0 0 0 0 0 1 0 0 0 0 
1 0 0 0 0 0 0 0 0 0 
0 0 0 0 0 0 0 0 0 1 
0 0.877183 0 0 0 0 0 0.122817 0 0 
0 0 0 0 0 1 0 0 0 0 
0 0 0 0 1 0 0 0 0 0 
0.600257 0 0 0 0 0 0 0 0.399743 0 
0 0 0 0 0 0 1 0 0 0 
0 0 0 0 0 0 1 0 0 0 
0 0 0 0 1 0 0 0 0 0 
0 1 0 0 0 0 0 0 0 0 
0 0 0 1 0 0 0 0 0 0 
0 0 0 1 0 0 0 0 0 0 
0 0 0 0 0 0 0 1 0 0 
0 0 0 0 0 1 0 0 0 0 
0 0 0 0 0 0 0 0 1 0 
0 0 0 0 0 0 0 1 0 0 
0 0 0 0 0 0 0 0 0 1 
0 0 0 0 1 0 0 0 0 0 
0 0 0 0 0 0 0 1 0 0 
0 0 0 0 1 0 0 0 0 0 
0 0 0 0 0 1 0 0 0 0 
0 1 0 0 0 0 0 0 0 0 
0 0 1 0 0 0 0 0 0 0 
0 0 0 1 0 0 0 0 0 0 
0.384015 0 0 0 0 0 0 0 0 0.615985 
0 0 0 0 0 0 0 0 0 1 
0 0 0 0 0 0 0 0 0 1 
0 0 0 1 0 0 0 0 0 0 
0 0 0 1 0 0 0 0 0 0 
0 0 0 0 0 0 0 0 1 0 
0 0.794048 0 0 0 0 0.205952 0 0 0 
1 0 0 0 0 0 0 0 0 0 
0 0 1 0 0 0 0 0 0 0 
0 0 0 0 0 0 0 1 0 0 
0 0 0 0 0 1 0 0 0 0 
0 1 0 0 0 0 0 0 0 0 
0 0 0 0 0 0 1 0 0 0 
0 0.229176 0.400884 0 0 0 0 0 0.369941 0 
0 0 1 0 0 0 0 0 0 0 
0 0 0 0 0 1 0 0 0 0 
0.352565 0.185262 0 0 0 0 0.462174 0 0 0 
0 0 0 0 1 0 0 0 0 0 
0 0 0 0 0.113548 0 0.886452 0 0 0 
0 0 0 0 0 0 0.90219 0.0978102 0 0 
0 0 0.608571 0 0 0 0 0.391429 0 0 
0 1 0 0 0 0 0 0 0 0 
0 1 0 0 0 0 0 0 0 0 
0 0 0 0 0 0 0 0 0 1 
0 0 0 0 0 0 1 0 0 0 
0.823362 0 0 0 0.176638 0 0 0 0 0 
0 0 0 0.43886 0 0 0.195704 0 0.365435 0 
0 0.525074 0.474926 0 0 0 0 0 0 0 
1 0 0 0 0 0 0 0 0 0 
0 0 0 1 0 0 0 0 0 0 
0 0 0 0 0 0 0 0 0 1 
0 0 0 0 1 0 0 0 0 0 
0 0 0 1 0 0 0 0 0 0 
1 0 0 0 0 0 0 0 0 0 
0 0 0 0 0 0 0 1 0 0 
1 0 0 0 0 0 0 0 0 0 
0 0 0 1 0 0 0 0 0 0 
0 0 0 0 0.785821 0.214179 0 0 0 0 
0 0 0 1 0 0 0 0 0 0 
0 0 0 0 0 0 0 0 0 1 
1 0 0 0 0 0 0 0 0 0 
1 0 0 0 0 0 0 0 0 0 
1 0 0 0 0 0 0 0 0 0 
0 0 0 1 0 0 0 0 0 0 
0 0 0 0 0 1 0 0 0 0 
0 0 1 0 0 0 0 0 0 0 
0 0.470418 0 0 0 0 0.529582 0 0 0 
0.850363 0 0 0 0.149637 0 0 0 0 0 
0 0 0 0 0 0 1 0 0 0 
0 1 0 0 0 0 0 0 0 0 
0 0 1 0 0 0 0 0 0 0 
0 0 0 0 0 0 0 0 0 1 
0 0 0 0 1 0 0 0 0 0 
0 1 0 0 0 0 0 0 0 0 
0 0 0 0 0 0 0 0 1 0 
0 0 0 0.276935 0 0 0 0.723065 0 0 
