10 150
0.263079
0.304512
0.583719
0.476251
0.273923
0.522242
0.39924
0.69432
0.712674
0.473388
10.9002 0.216575
10.7437 0.208936
10.5038 0.662733
10.2135 0.325708
10.0468 0.791651
9.78371 1.16217
9.68268 0.168744
9.06935 1.14006
8.86693 0.405425
8.42096 1.59367
8.30522 1.72327
8.10884 1.09532
8.07002 0.726242
8.02019 2.25083
7.69255 0.258168
7.69055 1.35596
7.45617 1.33801
7.2143 2.67031
7.17935 0.862408
7.09129 1.53081
7.0497 0.714656
7.03585 1.75221
6.88059 1.81619
6.85605 1.11983
6.84237 2.38616
6.84206 0.922318
6.8362 1.19352
6.70207 1.89312
6.35776 3.24594
6.19365 2.75029
6.05964 2.47091
5.95804 1.96661
5.82348 3.60573
5.77162 2.52326
5.64973 2.79709
5.46974 2.54576
5.43788 1.8743
5.39117 3.27591
5.31171 2.36493
5.23945 1.81945
5.1757 2.95103
5.1413 3.64445
4.84769 4.24023
4.82834 3.04675
4.59281 3.90077
4.50203 3.38328
4.47457 2.94684
4.36075 3.31995
4.24333 4.25534
4.18362 3.49973
4.12162 3.40202
4.08191 4.17313
4.02856 2.93282
3.96965 3.52097
3.94335 3.28858
3.93531 4.04908
3.85774 3.40204
3.74807 2.87458
3.73356 3.01071
3.68262 3.33302
3.65129 2.73474
3.59879 3.92966
3.53121 5.49191
3.52338 5.54396
3.43804 4.00186
3.35539 5.87742
3.25917 4.49592
3.10015 4.47095
3.03342 4.55317
2.90844 4.11409
2.87946 3.45923
2.83173 4.25559
2.82486 4.30159
2.7449 3.91567
2.65852 4.84425
2.63672 4.32273
2.55181 5.17284
2.37298 5.78546
2.26119 4.50015
2.22176 3.94448
2.18254 5.51687
2.13976 6.05448
2.13479 4.35938
2.10123 5.24585
2.0986 5.28901
2.06283 5.98519
1.91403 6.22488
1.90769 6.19839
1.9037 5.46937
1.88868 4.58112
1.8587 5.70698
1.75427 4.2326
1.7271 5.47209
1.57655 5.74447
1.57499 7.33115
1.55704 4.86999
1.5529 7.09392
1.46792 7.89787
1.39565 5.90111
1.36711 6.73675
1.34861 7.62284
1.29573 7.43408
1.27147 5.57972
1.27103 7.73908
1.24141 6.83479
1.23892 7.31308
1.22122 5.1888
1.1893 7.16794
1.08197 7.17731
1.04858 6.08258
1.02069 7.23416
0.949045 5.25065
0.929603 7.35562
0.814934 5.68716
0.704805 7.4763
0.637461 7.72551
0.595915 6.01503
0.534621 8.64004
0.456368 6.07009
0.451144 7.7143
0.411239 6.89871
0.376235 8.48938
0.314394 7.47421
0.2599 7.65956
0.21731 7.02572
0.213507 7.23974
0.20376 7.52308
0.194536 7.39414
0.189941 8.34047
0.186246 8.23031
0.185355 9.42298
0.175536 6.68327
0.156654 7.28147
0.154859 10.1918
0.124967 8.88269
0.123283 10.1559
0.118389 8.98958
0.091007 7.51558
0.0843273 9.92509
0.0836245 10.6549
0.0736543 9.9415
0.0295489 11.0705
0.0265946 10.2353
0.0178962 7.4052
0.0144611 11.4231
0.0141932 11.1059
0.0125293 7.47703
0.00330278 8.43583
0.00262341 10.7707
0.00140588 10.4865
0 0 1 0 0 0 0 0 0 0 
0 0 0 0 1 0 0 0 0 0 
0 0 0.835575 0 0 0 0 0.164425 0 0 
0 0 0 0 0 1 0 0 0 0 
0 0 0 1 0 0 0 0 0 0 
0 1 0 0 0 0 0 0 0 0 
0 0 0 1 0 0 0 0 0 0 
0 0 0 0 0 0 1 0 0 0 
0 0 0 0 0 1 0 0 0 0 
0 0 0 0 1 0 0 0 0 0 
1 0 0 0 0 0 0 0 0 0 
0 0 0 0 0 0 0 0 0 1 
0 0 0 0 0 0 1 0 0 0 
0 0 0 0 0 1 0 0 0 0 
0 0.48122 0 0 0.51878 0 0 0 0 0 
0 0 0 0 0 1 0 0 0 0 
0 0 0 1 0 0 0 0 0 0 
0 0 1 0 0 0 0 0 0 0 
0.779551 0 0 0 0 0 0 0 0 0.220449 
0 0 0 1 0 0 0 0 0 0 
0 0 0 0 0 1 0 0 0 0 
1 0 0 0 0 0 0 0 0 0 
0 0 1 0 0 0 0 0 0 0 
0 0 0 0 0 0 0 0 1 0 
0 0 1 0 0 0 0 0 0 0 
1 0 0 0 0 0 0 0 0 0 
0 1 0 0 0 0 0 0 0 0 
0 0 0 0 0 0 0 0 1 0 
1 0 0 0 0 0 0 0 0 0 
0 0 0 1 0 0 0 0 0 0 
0 0.688971 0.311029 0 0 0 0 0 0 0 
0 0 0 0 0 1 0 0 0 0 
0 0 0 0 0 0 0 0 1 0 
0 0 0 0 0 0 1 0 0 0 
0 0 0 0 0 1 0 0 0 0 
0 0 0.454016 0.545984 0 0 0 0 0 0 
0 0 0 0 1 0 0 0 0 0 
1 0 0 0 0 0 0 0 0 0 
0.475402 0 0 0 0 0 0 0.524598 0 0 
0 0 0 0 0 1 0 0 0 0 
0 1 0 0 0 0 0 0 0 0 
0 0 0 0 0 0 0 1 0 0 
0 0 0 0 0 0 1 0 0 0 
0 1 0 0 0 0 0 0 0 0 
0.374333 0.625667 0 0 0 0 0 0 0 0 
0 0 0 0 0 0 0 0 1 0 
0 0 0 1 0 0 0 0 0 0 
0 0 0 0 0 0 1 0 0 0 
0 1 0 0 0 0 0 0 0 0 
0 1 0 0 0 0 0 0 0 0 
0 0 1 0 0 0 0 0 0 0 
0 0 0 0 0 0 0.501088 0 0.498912 0 
0 0 0 0 0 0 0.278151 0.721849 0 0 
0 0 0 0 1 0 0 0 0 0 
0 0 0 0 0 0 0 1 0 0 
0 0 1 0 0 0 0 0 0 0 
0 0 0 0 0 0 1 0 0 0 
0 0 0 1 0 0 0 0 0 0 
0 0 0 0 0 1 0 0 0 0 
0 0 0 0 0 0 0.250899 0 0 0.749101 
1 0 0 0 0 0 0 0 0 0 
0 0 0 0 0 0 0 1 0 0 
0 1 0 0 0 0 0 0 0 0 
0 0 0 0 0 0 1 0 0 0 
0 0 0 0 0 0 1 0 0 0 
0 0 0 0 0 0 0 0 0 1 
0 0 1 0 0 0 0 0 0 0 
0 0 0 0 0 0 1 0 0 0 
0 0 0 0 0 0 1 0 0 0 
0 0 0 0 0 0 0 0 1 0 
0 1 0 0 0 0 0 0 0 0 
0 0 0 0 1 0 0 0 0 0 
0.548921 0 0 0 0 0 0 0 0 0.451079 
0 0 0 0 0 0 0 0 0 1 
0 0 1 0 0 0 0 0 0 0 
0.226421 0 0 0 0.300456 0 0 0 0 0.473123 
0 0 0 0 0 0 1 0 0 0 
0 0 0 0 0 0 0 1 0 0 
0 1 0 0 0 0 0 0 0 0 
1 0 0 0 0 0 0 0 0 0 
0 0 0.888357 0 0 0 0 0.111643 0 0 
0 0 0 0 0 0 0 1 0 0 
0 0 0 0 0 0 0 1 0 0 
0 0 0 0 0 1 0 0 0 0 
0 0 0 0 1 0 0 0 0 0 
0 0 0 0 0 0 0 0 1 0 
0 0 0 0 1 0 0 0 0 0 
0 0 1 0 0 0 0 0 0 0 
1 0 0 0 0 0 0 0 0 0 
0 0 0 0 0.244696 0 0.505494 0 0 0.24981 
0 0.137931 0 0 0 0 0.862068 0 0 0 
0 0 0 0 0 0 1 0 0 0 
0 0 0 0 0 0 0 0 1 0 
0.239536 0 0 0.307813 0 0 0.452651 0 0 0 
0 0 0 0 0 0 0 0 0 1 
0 0 0.74859 0 0 0 0 0 0.25141 0 
0 0 0 0 0 1 0 0 0 0 
0 0 0 0 0 0 0 1 0 0 
0 0 0 0 0 0 0 0 1 0 
0 0 0 0 0 0 0 1 0 0 
0 0 0 0 0 0 1 0 0 0 
0 0 0 0 0 0 0 0 0.429414 0.570586 
0 0 0 0 0 0 0 0 1 0 
0 0 0 0 0 0 1 0 0 0 
0 0 0 0.748745 0 0 0 0.251255 0 0 
0 1 0 0 0 0 0 0 0 0 
0 0 0 0.509822 0 0 0.490178 0 0 0 
0 0 0 0 1 0 0 0 0 0 
0 0 0.208641 0 0 0 0 0 0.791359 0 
0 0 0 0 1 0 0 0 0 0 
0 0 0 0 0 0 1 0 0 0 
0 0 0 1 0 0 0 0 0 0 
0 0 0 0 0 0 0 0 1 0 
0 0 0 0 0 1 0 0 0 0 
0 0 0 1 0 0 0 0 0 0 
0 0 0 0 0 0 0 0 0 1 
0 0 0 0 0 0 0 0 1 0 
0 1 0 0 0 0 0 0 0 0 
0 0 0 0 0 0 0 0 1 0 
0 0 0 0 0 1 0 0 0 0 
0 0 0 0 1 0 0 0 0 0 
0 0 0 0 0 0 0 0 1 0 
0 0 0 0.123915 0.280815 0 0 0 0 0.59527 
0 0 0 0 0 1 0 0 0 0 
0 0 0 1 0 0 0 0 0 0 
0 0 0 0 0 0 0 0 0 1 
0 0 1 0 0 0 0 0 0 0 
0 0 1 0 0 0 0 0 0 0 
0 0 0 0 1 0 0 0 0 0 
0 0 0 0 0 0 0 1 0 0 
0.46199 0.39561 0 0 0 0 0 0 0 0.1424 
0 0 0 0 0 0 0 0 1 0 
0 0 0 0 1 0 0 0 0 0 
0 0 0 0 0 1 0 0 0 0 
0 0 0 0 0 0 0.246474 0.366143 0 0.387384 
0 0 0 0 0 0 1 0 0 0 
0 0 0 0 0 0 0 1 0 0 
0 0 0 0 1 0 0 0 0 0 
0 0 0 0 0 0 0 0 0 1 
0 0 0 0 0 0 0 0 0 1 
1 0 0 0 0 0 0 0 0 0 
0 0 0 1 0 0 0 0 0 0 
0 0 1 0 0 0 0 0 0 0 
0 0 0 1 0 0 0 0 0 0 
0 0 0 0 1 0 0 0 0 0 
0 0 0 0 0 1 0 0 0 0 
0 0 0 0 0 0 0 0 1 0 
0 0 0 0 1 0 0 0 0 0 
0 0 0 0 1 0 0 0 0 0 
0 0 0 0 0 0 0 1 0 0 
