10 200
0.412153
0.363554
0.360685
0.675052
0.36318
0.704405
0.345511
0.384957
0.610972
0.525453
11.7878 0.293276
11.6703 0.257245
11.3911 0.464597
10.837 0.285294
10.7095 0.638383
10.5826 0.621821
10.5194 0.655778
10.472 0.817115
10.2476 0.654431
10.2269 0.63348
10.0281 0.529343
9.81121 0.8959
9.70281 0.25996
9.6986 0.54749
9.27011 1.12273
9.0607 0.38855
9.0382 0.154992
8.91714 1.4514
8.89642 1.19422
8.7532 0.980838
8.60835 0.578083
8.43557 1.29771
8.32595 1.34417
8.01881 0.876545
7.98064 0.494226
7.97752 1.04036
7.91746 0.980006
7.90289 0.578756
7.85136 2.35722
7.85093 0.277944
7.84235 0.372891
7.80309 2.18658
7.75719 1.08416
7.62741 0.299273
7.3541 1.09674
7.34019 2.08284
7.30246 0.304628
7.18621 0.746128
7.1792 2.86426
7.13616 1.42731
7.13436 2.16425
6.89629 0.976346
6.81924 1.83075
6.7185 1.95184
6.61554 2.1613
6.56405 2.52768
6.52694 1.03993
6.52141 1.73582
6.50662 2.06237
6.4937 1.00939
6.43658 1.78168
6.41629 1.78271
6.30723 1.74955
6.25648 2.45786
6.16432 2.81835
6.05876 2.753
5.92413 2.67365
5.91485 1.419
5.80914 2.61786
5.76183 2.51995
5.61986 2.19522
5.60635 1.32973
5.60137 2.33222
5.58785 2.83388
5.46659 2.83377
5.44433 2.02564
5.42731 2.44393
5.4172 3.79436
5.41256 1.86344
5.32478 2.08988
5.22457 2.20709
5.21441 2.41302
5.15961 3.56577
5.15825 3.43152
5.05373 1.75711
5.0243 2.70654
4.97431 4.14662
4.97227 2.98725
4.84463 3.04155
4.82483 3.20781
4.77431 3.55211
4.69248 3.88714
4.65607 2.9502
4.44622 1.92044
4.37605 2.70876
4.28992 3.18624
4.12598 4.0363
3.93517 3.36059
3.89123 3.76461
3.84707 3.95909
3.82052 3.6253
3.74693 2.53455
3.70779 3.5314
3.61289 5.04701
3.58665 4.76672
3.38704 5.4917
3.36719 4.36779
3.36357 4.23239
3.30233 3.64121
3.09514 5.35539
3.02392 4.46987
2.83891 5.3213
2.6293 4.73741
2.62731 4.56895
2.61005 3.81339
2.53725 4.16513
2.5237 4.56179
2.46633 4.70686
2.45513 4.5015
2.44351 5.4123
2.43251 5.37172
2.29639 4.46375
2.28785 4.32906
2.2334 4.27699
2.22427 6.9634
2.21389 4.00104
2.20876 4.39311
2.16969 5.35876
2.15844 4.5216
2.09269 6.18703
2.02823 6.74594
2.02608 6.343
1.97536 6.23364
1.83855 5.42633
1.8097 6.41124
1.73764 7.21832
1.70089 5.36063
1.69221 5.63102
1.62277 4.9179
1.53213 5.34375
1.38975 5.37472
1.37892 5.09085
1.34006 5.95099
1.30683 8.30275
1.28458 5.69183
1.16705 7.57096
1.1531 5.81165
1.13969 5.16206
1.13097 6.62082
1.11624 6.93847
1.01276 6.99946
0.93504 6.46678
0.912817 6.96638
0.892034 5.80528
0.889244 6.56532
0.883337 6.88829
0.796916 6.91428
0.724131 8.43736
0.723516 6.10198
0.710922 6.77522
0.676328 8.76372
0.671307 7.34911
0.583294 9.33933
0.573728 9.62689
0.572344 6.36787
0.547735 6.18432
0.538503 6.88355
0.501114 7.65715
0.479595 6.1341
0.47903 6.59663
0.472679 8.19872
0.454929 6.27211
0.447348 6.59601
0.446853 7.57561
0.342738 7.60864
0.340093 8.98964
0.315024 9.82916
0.311114 8.04504
0.305224 7.86733
0.301882 8.21358
0.290402 8.69779
0.285589 7.45746
0.256506 8.52198
0.231026 7.30299
0.214986 7.13818
0.214071 9.34456
0.197514 6.39439
0.195959 9.39748
0.194771 9.92848
0.178319 7.49193
0.168387 8.06711
0.156749 10.8131
0.156297 9.00295
0.135426 7.91047
0.111303 9.40811
0.0876053 8.39395
0.0845663 8.83328
0.0468082 9.02134
0.0356774 10.6229
0.033015 7.41555
0.0308053 10.9463
0.0205831 11.6837
0.0203718 8.25161
0.0158166 9.54613
0.0103972 9.23998
0.0038308 7.37996
0.00368211 8.66391
0.00177395 11.5746
0.0012491 12.2977
0.00109334 10.662
0 0 0.444896 0.555104 0 0 0 0 0 0 
0 1 0 0 0 0 0 0 0 0 
0 0 0 0 0 0 0 0 1 0 
0 0 0 0 0.638271 0 0 0 0.361729 0 
0 0 0 0 0 0 0 1 0 0 
0.162549 0 0 0 0 0.837451 0 0 0 0 
0 0 0 1 0 0 0 0 0 0 
0 0 0 0 0 0 0 1 0 0 
0 0 0 0 0 0.510465 0 0 0 0.489535 
0 0 0 0 0 0 0 0 1 0 
0 1 0 0 0 0 0 0 0 0 
1 0 0 0 0 0 0 0 0 0 
0.382564 0 0 0 0 0 0 0.617436 0 0 
0 0 0 0 0 0 0 1 0 0 
0 0 1 0 0 0 0 0 0 0 
0 0 0 0 0 1 0 0 0 0 
1 0 0 0 0 0 0 0 0 0 
0 0 0 0 0 0 0 0 0 1 
0 1 0 0 0 0 0 0 0 0 
0 0 0 1 0 0 0 0 0 0 
0 0 1 0 0 0 0 0 0 0 
0 0 0 0 0 0 1 0 0 0 
0 0 0 0 0 0 0 1 0 0 
0 0 0 0 0 0 0 0 1 0 
0 0 0 1 0 0 0 0 0 0 
0.645067 0 0 0 0 0 0.354933 0 0 0 
0 1 0 0 0 0 0 0 0 0 
0 0 0 0 0 1 0 0 0 0 
1 0 0 0 0 0 0 0 0 0 
0 0 0 0 0 1 0 0 0 0 
0 0 0 0 0 0 0 1 0 0 
0 0 0 0 0 0 0 1 0 0 
0 0 0 0.462241 0 0 0 0 0 0.537759 
0 0 0 0 0 0 1 0 0 0 
0 0 0 0.693426 0 0.170861 0 0 0 0.135713 
1 0 0 0 0 0 0 0 0 0 
1 0 0 0 0 0 0 0 0 0 
0 0 0 0 1 0 0 0 0 0 
0 0 1 0 0 0 0 0 0 0 
0 0 0 0 0 0 0 0 0 1 
1 0 0 0 0 0 0 0 0 0 
0 0 0 0 0 0 0 0 0 1 
0 0 0 1 0 0 0 0 0 0 
0 0 0 0 0.421058 0 0.578942 0 0 0 
0 0 0 0 0 0 0 1 0 0 
0 0 0 0 0 0 1 0 0 0 
0.680025 0 0.319975 0 0 0 0 0 0 0 
0 0 0 1 0 0 0 0 0 0 
1 0 0 0 0 0 0 0 0 0 
0 0 0 0 1 0 0 0 0 0 
0.630693 0 0 0 0.369307 0 0 0 0 0 
0 0 0 1 0 0 0 0 0 0 
0 1 0 0 0 0 0 0 0 0 
0 0 0 0 0 0 0 0 1 0 
0 1 0 0 0 0 0 0 0 0 
0 0 0 0 0 0 0 0 0 1 
0 0 0 0 1 0 0 0 0 0 
0 0 0 0 1 0 0 0 0 0 
0 0 0 1 0 0 0 0 0 0 
0 0 1 0 0 0 0 0 0 0 
0 0 0 0 0 0 0 0 0 1 
0 0 0 0 0 0.330601 0 0.669399 0 0 
0 1 0 0 0 0 0 0 0 0 
0 0 0 0 1 0 0 0 0 0 
0 0 0 0 0 0 0 0 1 0 
0 0 0 0 0 0 0 0.622918 0.377082 0 
0 0 1 0 0 0 0 0 0 0 
0.653631 0 0 0 0 0 0 0 0 0.346369 
0 0 0 0 0.43361 0 0 0 0 0.56639 
0 0 0 0 0 0 0 0 1 0 
0 0 0 0 0 0 0 1 0 0 
0 0 0.246625 0 0 0 0 0 0 0.753375 
0 0 0 0 0 0 1 0 0 0 
1 0 0 0 0 0 0 0 0 0 
0 0 0 0 0 1 0 0 0 0 
0 1 0 0 0 0 0 0 0 0 
0.525743 0 0 0 0 0 0 0.474257 0 0 
0 0 0 0.634761 0 0.365239 0 0 0 0 
0 0 0 0.480674 0 0.519326 0 0 0 0 
0 0 0 1 0 0 0 0 0 0 
0 0 0 0 0 0 0 0 1 0 
0 0 0 1 0 0 0 0 0 0 
0 0.708857 0 0 0 0 0 0.291143 0 0 
0 0 0 0 0 1 0 0 0 0 
0 0 0 1 0 0 0 0 0 0 
0 1 0 0 0 0 0 0 0 0 
0 0 0.274237 0 0 0.34385 0 0.381913 0 0 
0 0 0.738689 0.261311 0 0 0 0 0 0 
1 0 0 0 0 0 0 0 0 0 
0 0 0 0 0 0 0 0 0 1 
0 0 0 0 1 0 0 0 0 0 
0 0 0 0 0 0 0.55579 0 0 0.44421 
0 0 0 0 0 0 0 0 1 0 
0 0 0 0 0 0 1 0 0 0 
0 0 0 0 0 0.858738 0 0 0 0.141262 
0 0 0 0.68176 0 0 0 0 0.31824 0 
1 0 0 0 0 0 0 0 0 0 
0 0 0 0 1 0 0 0 0 0 
0 0 0 0 0 0 1 0 0 0 
0 0 1 0 0 0 0 0 0 0 
0 0 0 1 0 0 0 0 0 0 
0 0 0 0 0 0 0 0 0 1 
0 0 0 0 0.56026 0 0 0.439741 0 0 
0 0 0 0 0 1 0 0 0 0 
0 0 0 1 0 0 0 0 0 0 
0 0 1 0 0 0 0 0 0 0 
0 0 0 0 0 0 1 0 0 0 
0 0 1 0 0 0 0 0 0 0 
0 0 0 0 0 0 0 1 0 0 
0 0 0 0 0 0 0 0.498548 0.501453 0 
0 0 0 0 0 0 0 0 1 0 
0 0 0 0 0 1 0 0 0 0 
0 0 0 0 0 0 0 0 1 0 
1 0 0 0 0 0 0 0 0 0 
0 0 0 0 0 0 0 0 0 1 
0 0 0 1 0 0 0 0 0 0 
0 0 0 0 0 0 1 0 0 0 
0 0 0 0 0 0 0 0 1 0 
0 0 0 0 1 0 0 0 0 0 
0 1 0 0 0 0 0 0 0 0 
0 0 0 0 0 0 0 0 1 0 
0 0 0 0 0 0 1 0 0 0 
0 0 0 0 0 0 1 0 0 0 
0 0 0 0 0 0 0 0 0 1 
0 0 0 0 0 0 0 0 1 0 
0 0 0 0 0 1 0 0 0 0 
0 0 0 0 1 0 0 0 0 0 
0 0 0 0 0 1 0 0 0 0 
1 0 0 0 0 0 0 0 0 0 
0 0 0 0 0 0 1 0 0 0 
0 0 0 0 0 0 0 0 0 1 
0 0 0 1 0 0 0 0 0 0 
0 0 0 1 0 0 0 0 0 0 
1 0 0 0 0 0 0 0 0 0 
0 0 0 0 0 1 0 0 0 0 
0 0 0 0 0 0 0 1 0 0 
0 0 0 0 0 0 0 1 0 0 
0 0 0 0 0 0 0 0.438038 0 0.561962 
0 0 0 1 0 0 0 0 0 0 
0 0 0 0 0 0 0 1 0 0 
0 0 0 0 0 0 1 0 0 0 
0 0 0 0 0 0 0 0 0 1 
0 0 0 0 1 0 0 0 0 0 
0 0 0 1 0 0 0 0 0 0 
0 1 0 0 0 0 0 0 0 0 
0 0 0 0 0 1 0 0 0 0 
0 0 0 0 0 0 0 0 0 1 
0 0 0.252689 0 0 0 0 0.747311 0 0 
0.490152 0 0.509848 0 0 0 0 0 0 0 
0 1 0 0 0 0 0 0 0 0 
0.807334 0 0.192666 0 0 0 0 0 0 0 
0 1 0 0 0 0 0 0 0 0 
0 0 0.257309 0 0 0 0 0 0 0.742691 
0 1 0 0 0 0 0 0 0 0 
1 0 0 0 0 0 0 0 0 0 
0 0 0 0 0 0 0 0 1 0 
0 0 1 0 0 0 0 0 0 0 
0 0 0 0 0 0 0 1 0 0 
0 0 1 0 0 0 0 0 0 0 
0 1 0 0 0 0 0 0 0 0 
1 0 0 0 0 0 0 0 0 0 
0 0 0 0 1 0 0 0 0 0 
0 0 0 0 0 0 1 0 0 0 
0 0 0 0.709501 0 0 0 0.290499 0 0 
0 0 0 0 0 0 0 0 0 1 
0 0 1 0 0 0 0 0 0 0 
0 0 0.669942 0.330058 0 0 0 0 0 0 
0 0 0 0 0 0 0 1 0 0 
0.491183 0 0 0 0 0.508817 0 0 0 0 
0 0 1 0 0 0 0 0 0 0 
0 0 0 0 0 0 0 0 1 0 
0 0 1 0 0 0 0 0 0 0 
0 0 0 0 0 0 0 0 1 0 
0 0 0 0 0 0 0 1 0 0 
1 0 0 0 0 0 0 0 0 0 
0 0 0 0 1 0 0 0 0 0 
0 0 0 0 0 0 0 1 0 0 
1 0 0 0 0 0 0 0 0 0 
0 0 0 0 0 0 0 0 0 1 
0 0 0 0 0 0 0 0 0 1 
0 0 0 0 0 0 0 0 1 0 
0 0 0 0 0 0 0 0 0 1 
0 0 0 0.446552 0 0 0.553448 0 0 0 
0 0 0 0 0 0 0 1 0 0 
0 0 0 0 0 0.821448 0.178552 0 0 0 
0 0 0 0 0 0 0 1 0 0 
0 1 0 0 0 0 0 0 0 0 
0 0 0 0 0 0 1 0 0 0 
0 0 0 0 0 0 0 0 0 1 
1 0 0 0 0 0 0 0 0 0 
0 0 0 0 1 0 0 0 0 0 
1 0 0 0 0 0 0 0 0 0 
0 0 0 0 1 0 0 0 0 0 
0 0 0 0 1 0 0 0 0 0 
0 0 0 0 1 0 0 0 0 0 
0 0 0 1 0 0 0 0 0 0 
0 0 0 0 0 0 0 1 0 0 
0 0 0 0 1 0 0 0 0 0 
0 0 0 0 0 0 0 0 0 1 
0 0 0.270439 0 0 0 0.729561 0 0 0 
