5 500
0.623877
0.394987
0.391579
0.72285
0.287614
11.2176 0.181459
10.8948 0.331491
10.872 0.477731
10.8211 0.118877
10.7864 0.26161
10.6877 0.518245
10.6325 0.198287
10.1728 0.543519
10.1652 0.840087
10.1144 0.2169
9.93898 0.992541
9.69135 0.102558
9.45501 0.970952
9.38943 0.711127
9.3386 0.409383
9.22134 0.554948
9.21967 0.555318
9.13841 0.282734
9.11722 0.842509
9.05461 0.648302
9.00487 0.482911
8.99761 1.31221
8.85522 0.167238
8.79701 0.0859096
8.79487 1.02004
8.77342 0.702424
8.44865 0.462899
8.44623 1.56988
8.44034 1.42718
8.42677 0.178841
8.39314 0.974886
8.35583 0.988127
8.25613 1.02486
8.23989 1.26561
8.20598 1.32295
8.19599 0.886361
8.1926 1.56196
8.16814 1.17636
8.12249 2.22484
8.08373 1.66123
8.07454 1.14002
8.03572 1.84782
8.00459 0.629637
8.00455 1.40521
7.9731 1.30489
7.94039 2.29915
7.92359 1.25186
7.86067 0.740283
7.82475 1.11027
7.7889 1.50456
7.77841 1.19374
7.75 0.862449
7.52206 1.12061
7.52169 1.63782
7.43698 0.552514
7.43424 1.08118
7.42411 0.567481
7.42393 0.370273
7.40241 1.35541
7.2833 1.36661
7.26675 0.791343
7.2071 2.24564
7.1483 1.84447
7.13345 2.08879
7.13109 2.2464
7.10706 2.5278
7.05272 0.614601
7.0291 1.03723
6.94799 2.31335
6.84853 2.83772
6.76207 2.0598
6.74799 1.42537
6.73539 1.50907
6.68 1.32917
6.63741 1.08686
6.61101 1.60497
6.57532 1.7339
6.53322 2.63445
6.51218 1.09833
6.46587 2.47401
6.46481 2.40897
6.4621 1.02056
6.45823 2.72634
6.42928 2.66818
6.41526 2.57521
6.36635 1.82365
6.32914 2.04361
6.20645 2.45115
6.16588 2.62678
6.14311 2.28239
6.09529 1.03071
6.09091 1.41818
6.09072 2.10988
6.07602 2.1688
6.00828 1.47113
5.99418 2.05914
5.96659 1.77731
5.96098 2.44884
5.94354 3.04849
5.9404 1.27053
5.93748 2.0162
5.90215 2.02045
5.89156 1.70092
5.86595 1.8154
5.84776 1.17025
5.84171 2.88642
5.77964 2.20983
5.76277 2.81251
5.71916 3.20276
5.70825 1.77294
5.67735 3.48259
5.67308 1.63187
5.65421 2.36429
5.65165 1.95209
5.63883 1.79091
5.62465 1.55598
5.6196 2.82562
5.60364 3.02979
5.59354 1.79693
5.58957 2.11866
5.58773 2.89175
5.58059 2.67013
5.57697 1.81915
5.56264 1.86843
5.5029 2.11505
5.45345 1.49061
5.44118 2.54785
5.43592 2.99692
5.23848 3.33093
5.19481 2.56744
5.11274 3.60423
5.10249 2.76074
5.10051 3.45695
5.07806 2.7082
5.07545 3.03888
5.06518 3.89764
5.06202 3.0694
4.97865 3.46968
4.94321 1.75594
4.87629 3.37364
4.82713 2.93041
4.82559 2.32378
4.81865 2.35498
4.75721 2.70862
4.74169 2.74422
4.72606 3.07786
4.6935 2.61028
4.64224 3.4219
4.62673 3.36974
4.62345 3.91184
4.60524 2.69477
4.59719 2.49516
4.59154 2.29006
4.56733 3.48862
4.56697 3.75542
4.53825 2.60391
4.52289 2.42049
4.49907 4.62101
4.49321 2.75106
4.49208 2.56576
4.44716 3.36133
4.39124 4.2146
4.39123 2.75443
4.39028 3.79012
4.37961 4.43405
4.31886 3.40114
4.28968 2.71754
4.24434 2.77769
4.23307 3.17079
4.18213 3.03357
4.15863 4.76347
4.14865 4.98401
4.11074 2.59458
4.10434 2.68737
4.09404 3.10613
4.07682 2.40639
4.04863 3.23971
3.98732 2.72833
3.93617 4.30392
3.93094 5.01188
3.9279 4.27811
3.91562 3.34933
3.91518 3.9009
3.91464 4.20813
3.84013 4.61619
3.83656 3.42093
3.82678 3.53073
3.81021 3.51343
3.79399 3.34997
3.75771 4.73488
3.72186 3.91151
3.7181 2.70798
3.71545 4.44267
3.67743 3.39725
3.67438 3.49929
3.67044 3.23133
3.66756 3.64333
3.65388 2.86707
3.64879 5.17062
3.59157 4.56155
3.58251 4.12107
3.55835 4.25026
3.55102 3.597
3.53887 4.10638
3.53187 3.30747
3.52753 4.65195
3.52504 3.90454
3.47814 4.29926
3.47558 3.43381
3.46507 3.44129
3.45064 4.03245
3.43586 4.30216
3.42326 4.10797
3.39165 5.67078
3.3631 4.26819
3.35506 3.17703
3.351 5.0061
3.34386 4.35276
3.3038 3.0715
3.30011 3.72093
3.29789 3.39758
3.27317 3.01484
3.269 3.39215
3.23821 4.50906
3.12371 4.25257
3.04482 4.62575
3.00107 5.4308
2.98322 3.5222
2.96652 4.32138
2.95847 5.05657
2.92434 5.12909
2.89827 4.1578
2.89121 4.05931
2.87744 5.61692
2.85452 5.60127
2.84354 5.66203
2.77617 6.02389
2.72969 5.25598
2.71469 4.85436
2.71411 5.00015
2.70344 4.96282
2.70183 4.88971
2.66346 4.60803
2.6525 5.59977
2.55522 4.06942
2.54927 6.05998
2.53611 4.12155
2.50824 4.5306
2.48509 4.60564
2.4832 4.01222
2.48182 4.81491
2.45569 4.96752
2.41903 4.01086
2.40615 5.05305
2.39732 5.02863
2.3502 6.0942
2.34943 5.65152
2.33233 4.81753
2.29872 4.26154
2.27094 3.77992
2.26529 5.29388
2.2241 4.50793
2.21602 5.15893
2.20556 4.58186
2.18055 6.74404
2.16619 3.79667
2.14054 5.84067
2.12102 5.5934
2.1083 4.93544
2.06829 7.25129
2.04606 5.70313
2.03959 4.22624
2.02111 5.95796
2.02093 5.87348
2.01746 5.43302
2.00675 5.1717
1.90895 4.19318
1.902 4.76027
1.87475 5.54432
1.87398 4.87461
1.86412 5.49148
1.84127 5.21379
1.79685 5.9834
1.79626 6.23563
1.79578 5.38225
1.79401 5.07702
1.79318 5.86126
1.75075 7.0103
1.74707 5.02826
1.72629 5.88022
1.7061 4.14982
1.70431 4.98462
1.69915 6.81444
1.69287 4.76944
1.6686 5.75348
1.64282 5.67733
1.6255 4.51286
1.6067 4.65309
1.6059 5.6729
1.60529 5.47547
1.57985 7.58933
1.57719 6.11148
1.57717 5.72105
1.5657 7.25878
1.55211 6.869
1.54286 7.05839
1.53642 5.84392
1.51385 6.53265
1.50255 4.90005
1.47206 6.51407
1.46655 6.78279
1.44 6.48634
1.41386 4.99665
1.38933 6.07387
1.37884 5.88239
1.3681 7.52581
1.36094 6.16945
1.34207 5.02817
1.3091 8.17456
1.24993 5.93105
1.23914 6.48644
1.23181 6.94459
1.22504 7.28315
1.2108 6.41862
1.21003 5.74233
1.19034 7.72843
1.17155 5.28356
1.15564 7.15745
1.15167 7.12836
1.1497 7.44203
1.12926 6.46307
1.12435 7.26332
1.11447 7.09194
1.10324 5.6562
1.08477 8.61446
1.07199 7.41682
1.05312 5.40747
1.0445 4.91446
1.03126 5.73813
1.03059 5.28898
1.02104 5.97647
1.00928 6.47858
0.993323 5.60315
0.973181 7.25447
0.970508 6.3421
0.966264 8.02287
0.965599 7.88674
0.963598 8.69144
0.939352 5.51739
0.908978 5.36078
0.894667 6.15099
0.888341 5.17336
0.877289 6.78811
0.870495 8.39488
0.869648 7.77581
0.864267 8.1554
0.859136 8.35778
0.844839 8.78056
0.838772 5.7714
0.832495 5.34839
0.832227 7.63964
0.828769 5.51822
0.798334 8.72896
0.792535 7.54346
0.787211 7.14196
0.777154 7.17419
0.766236 8.39518
0.76251 8.44596
0.760554 8.49298
0.751533 5.60562
0.728826 7.12491
0.706665 5.68144
0.682948 7.73201
0.682421 6.06228
0.670733 7.55368
0.665208 7.28751
0.665112 6.49285
0.655677 7.92858
0.631283 6.88821
0.631211 8.04837
0.62674 7.57173
0.623245 7.19285
0.612077 6.54131
0.564518 9.07324
0.561873 5.93637
0.553339 6.40236
0.550574 9.09416
0.546738 8.23151
0.511158 9.21975
0.496277 6.03109
0.493093 7.87307
0.48612 7.57835
0.472599 8.39425
0.471227 6.99041
0.465892 6.1646
0.462893 8.13964
0.457712 8.14081
0.44825 8.8353
0.446698 9.48141
0.434305 7.09726
0.417999 6.94392
0.416766 7.71783
0.413117 8.73867
0.404893 9.1438
0.395715 8.06201
0.386651 7.69374
0.380121 6.25281
0.380112 8.10375
0.367644 9.73737
0.355519 6.89266
0.348601 8.83139
0.332087 6.26981
0.327823 7.54454
0.3128 6.74521
0.297887 9.2272
0.293398 7.40832
0.282264 7.99123
0.282229 6.22106
0.281069 6.99375
0.276892 8.872
0.267405 10.2218
0.265117 7.4771
0.254794 9.60792
0.251311 9.71457
0.244537 10.2111
0.223618 6.34694
0.215049 7.78409
0.214632 6.26299
0.209578 10.1358
0.202975 6.67399
0.197531 9.46502
0.197521 8.56409
0.189977 7.10099
0.182581 10.4636
0.181152 8.50632
0.178755 7.65599
0.177944 9.3226
0.177767 8.47611
0.174721 9.50181
0.165381 7.718
0.158 9.65109
0.148868 8.17735
0.145017 8.40019
0.144387 9.88365
0.143528 9.53504
0.138767 9.33672
0.138302 9.0813
0.126345 9.66984
0.125905 10.5815
0.121581 10.9367
0.114001 8.31047
0.113094 8.68486
0.106033 9.73022
0.100446 10.1822
0.0931045 7.07505
0.0822155 8.98544
0.0793212 6.89104
0.0765659 6.96877
0.0727087 8.41892
0.0599176 8.67666
0.0565131 10.3353
0.0515744 8.95953
0.0513309 7.69003
0.0479204 7.49496
0.0477819 10.2956
0.0420999 11.442
0.0395328 10.8785
0.0392248 9.05404
0.0371047 11.5073
0.0355779 8.53744
0.0333151 9.03554
0.0312182 7.2552
0.0297144 11.6371
0.0288593 8.87898
0.0217899 7.63481
0.0197229 11.1512
0.0193013 7.46129
0.0180382 11.6505
0.0160703 8.65585
0.0146953 7.90854
0.0142753 7.45297
0.0133764 7.48763
0.0133721 11.2669
0.0126857 11.911
0.0122136 8.60286
0.0119763 9.50182
0.00959143 8.91101
0.00927061 9.36531
0.00920195 8.45867
0.00915451 8.53825
0.00854565 9.96407
0.00812686 9.31681
0.0072761 10.2775
0.00551611 10.0838
0.00539603 8.89734
0.00443104 11.7529
0.00321637 8.03823
0.0025202 9.50087
0.00247221 7.86436
0.000887968 9.01064
0 0 0 1 0 
0 1 0 0 0 
0 1 0 0 0 
0 0 0 0.630257 0.369743 
0 1 0 0 0 
0 1 0 0 0 
0 0 1 0 0 
0 0.799922 0.200078 0 0 
0 0 1 0 0 
0.426157 0 0 0.573843 0 
0 0 0 0 1 
0 1 0 0 0 
1 0 0 0 0 
0 1 0 0 0 
0 0 0 0.144598 0.855402 
0 0 1 0 0 
0 0 0 0 1 
0 0 1 0 0 
0 1 0 0 0 
1 0 0 0 0 
1 0 0 0 0 
0 0 0 0 1 
0 0 0 1 0 
0 0 0 1 0 
0 0 0 0 1 
0 0 1 0 0 
0 0 0 1 0 
0 0.561963 0 0.438037 0 
0 0 0 0 1 
1 0 0 0 0 
1 0 0 0 0 
1 0 0 0 0 
0 0 1 0 0 
0 1 0 0 0 
0 0 0 1 0 
0 0 1 0 0 
0 0.629834 0 0.370166 0 
0 1 0 0 0 
0 0 0 1 0 
0 0 0 1 0 
0 0 1 0 0 
0 0 1 0 0 
0 0 0 0 1 
0 0.450704 0 0 0.549296 
1 0 0 0 0 
0 0 1 0 0 
0 0 0 1 0 
0 1 0 0 0 
0 0 0 0 1 
1 0 0 0 0 
0.671821 0 0 0 0.328179 
0 0 1 0 0 
1 0 0 0 0 
0 0.51071 0.48929 0 0 
0 0 0 0 1 
0 0 1 0 0 
0 1 0 0 0 
0 0 1 0 0 
1 0 0 0 0 
0 0.368846 0.631154 0 0 
0 0 1 0 0 
0 0 0 1 0 
1 0 0 0 0 
0 1 0 0 0 
0 0 0 1 0 
0 0 0 0 1 
1 0 0 0 0 
0 0 0.377932 0 0.622068 
1 0 0 0 0 
1 0 0 0 0 
0.599152 0.400848 0 0 0 
0 0 0.55783 0 0.44217 
0 0 0 1 0 
0 0 0 1 0 
0 0 1 0 0 
0 1 0 0 0 
0 0 0 1 0 
1 0 0 0 0 
0 0 0 0 1 
1 0 0 0 0 
0.830972 0 0.169028 0 0 
0 1 0 0 0 
0 1 0 0 0 
0 0 0.419897 0.580103 0 
0 0 0 1 0 
0.405989 0 0.594011 0 0 
0 0 1 0 0 
0 1 0 0 0 
0 0 0 0 1 
1 0 0 0 0 
0.251739 0 0.264449 0.483813 0 
0 1 0 0 0 
0 1 0 0 0 
0 0 0.720689 0.279311 0 
0.470305 0.529695 0 0 0 
0 0 0 0 1 
0 0 0 0 1 
0 1 0 0 0 
0 0 0 0 1 
0 0 1 0 0 
0 0 1 0 0 
0 0 1 0 0 
0 0 0 0 1 
1 0 0 0 0 
0 0 0 0.592276 0.407724 
1 0 0 0 0 
0 0 0 1 0 
0 0 0 1 0 
0 0 0 0 1 
0 1 0 0 0 
0 1 0 0 0 
0 0 0 0 1 
0 1 0 0 0 
1 0 0 0 0 
1 0 0 0 0 
0 0 0 0 1 
0 0 1 0 0 
0 0 1 0 0 
0 0.593878 0 0.406122 0 
1 0 0 0 0 
0 0 0.397528 0 0.602472 
0 0 0 0 1 
0 0 1 0 0 
0 0 0 1 0 
0.208419 0 0 0 0.791581 
0 1 0 0 0 
0 1 0 0 0 
0 0 1 0 0 
0.586848 0 0.413152 0 0 
0 0 0 0 1 
0 1 0 0 0 
1 0 0 0 0 
0 1 0 0 0 
0 1 0 0 0 
0 1 0 0 0 
0 0 0 1 0 
0 0 1 0 0 
0 0 0 0 1 
0 1 0 0 0 
0 1 0 0 0 
0 0.489021 0 0.510979 0 
0 0 0 1 0 
0 0 0 0 1 
0 0 1 0 0 
0 0 0.35077 0.64923 0 
0 0 0 0 1 
0 0.169588 0 0.830412 0 
0 0 0 0 1 
0 0 0 1 0 
1 0 0 0 0 
0 0 1 0 0 
1 0 0 0 0 
0 1 0 0 0 
0 0 0 0 1 
0 0 1 0 0 
1 0 0 0 0 
0 0 0 0 1 
0 1 0 0 0 
0 0 0 1 0 
1 0 0 0 0 
0 1 0 0 0 
0 0 1 0 0 
0 0 0 0 1 
0 0 0.494916 0 0.505084 
0 0 1 0 0 
0 0 1 0 0 
0 0 0 1 0 
1 0 0 0 0 
0 0 1 0 0 
0 0 0 0 1 
0 1 0 0 0 
0 1 0 0 0 
0 0 1 0 0 
0 0 0 1 0 
0 1 0 0 0 
0 0 0.245572 0 0.754429 
0 0 0 1 0 
0 0 0 0 1 
0 0 0 1 0 
1 0 0 0 0 
0 0 0 0 1 
0 1 0 0 0 
0 0.333237 0.666763 0 0 
0 0 0 0 1 
0.523549 0.476451 0 0 0 
0 0 0 1 0 
0 0 0 1 0 
0 0 1 0 0 
0 0 0.6957 0.3043 0 
0 0 1 0 0 
1 0 0 0 0 
0 0 1 0 0 
0 0 0 1 0 
0 1 0 0 0 
0 1 0 0 0 
0 0 1 0 0 
0.322956 0.311361 0.365683 0 0 
1 0 0 0 0 
1 0 0 0 0 
1 0 0 0 0 
0 0 0 1 0 
0 0 0 0 1 
0 0 0.270987 0 0.729013 
0.245603 0 0.754397 0 0 
0 0 0 0 1 
0 1 0 0 0 
0 1 0 0 0 
0 0 0 1 0 
1 0 0 0 0 
0 1 0 0 0 
0 0 1 0 0 
0 0 0 1 0 
0 0 0 1 0 
1 0 0 0 0 
0 0 1 0 0 
0 1 0 0 0 
1 0 0 0 0 
0 0 1 0 0 
0.201374 0 0 0 0.798626 
0 1 0 0 0 
0 0 0 0 1 
0 0 0 1 0 
1 0 0 0 0 
1 0 0 0 0 
0 0.487269 0.512731 0 0 
0 0 0.108667 0 0.891333 
0 1 0 0 0 
0 0 0 1 0 
0 0 0 0 1 
0 0 0 0 1 
1 0 0 0 0 
0 0 0 1 0 
0 0 1 0 0 
1 0 0 0 0 
0 0.354671 0 0 0.645329 
0.200998 0.799002 0 0 0 
0 0 0 1 0 
0 1 0 0 0 
0 1 0 0 0 
1 0 0 0 0 
0 0 0 1 0 
0 0 0 1 0 
0 0.632496 0 0 0.367504 
1 0 0 0 0 
0 1 0 0 0 
0 1 0 0 0 
0 0.170772 0 0.829228 0 
0 0 1 0 0 
0 1 0 0 0 
0 1 0 0 0 
0 0 0 0 1 
0 0 0 1 0 
0 1 0 0 0 
0 0 1 0 0 
0 1 0 0 0 
0 1 0 0 0 
0 1 0 0 0 
1 0 0 0 0 
0 0 1 0 0 
1 0 0 0 0 
0 1 0 0 0 
1 0 0 0 0 
0 0 1 0 0 
0 0 0.749006 0 0.250994 
1 0 0 0 0 
0 0 1 0 0 
1 0 0 0 0 
0 0 1 0 0 
1 0 0 0 0 
0.652103 0.0873935 0 0 0.260503 
0 0 0 0.208223 0.791777 
0 1 0 0 0 
1 0 0 0 0 
0 1 0 0 0 
0 0.588932 0.411068 0 0 
0 1 0 0 0 
0 0 0 0 1 
0 0 1 0 0 
1 0 0 0 0 
0 0.217342 0.41704 0.365618 0 
0 0 0.501738 0 0.498262 
0 1 0 0 0 
0 0 0 0 1 
1 0 0 0 0 
0.154036 0 0 0.845964 0 
1 0 0 0 0 
0.391126 0 0 0 0.608874 
0 0 0 0 1 
0 0 0 1 0 
0 0 0 0 1 
0 0 0 0.243088 0.756912 
0 1 0 0 0 
0 0 1 0 0 
0 0 0 0 1 
0 0 1 0 0 
1 0 0 0 0 
0 0 0 0 1 
0 0 0 0 1 
0 0 1 0 0 
0 0 0 0.586075 0.413925 
0 0 0 0 1 
0 1 0 0 0 
0 1 0 0 0 
0.746838 0.253162 0 0 0 
0 0 1 0 0 
0 0 1 0 0 
0 1 0 0 0 
0 0 0 0.854674 0.145326 
0 1 0 0 0 
0 0 0 1 0 
0 0 0 1 0 
1 0 0 0 0 
0 1 0 0 0 
0 0 1 0 0 
0 0 0 0 1 
1 0 0 0 0 
0.46852 0 0 0 0.53148 
0 0 0 0 1 
0 0 0 1 0 
0 0 0 1 0 
0 0 1 0 0 
0 0 1 0 0 
0 0 0 0 1 
0 0 0 1 0 
0 0 0 0 1 
0 1 0 0 0 
0 0 0 0 1 
0 1 0 0 0 
0 1 0 0 0 
0 0 0 0 1 
0.828228 0.171772 0 0 0 
0 0 0 0 1 
0 1 0 0 0 
0 0 0 0 1 
0 1 0 0 0 
0 1 0 0 0 
0 0 0 0 1 
0 0 1 0 0 
1 0 0 0 0 
1 0 0 0 0 
0 1 0 0 0 
0 0 1 0 0 
0 0 1 0 0 
0 0 1 0 0 
0 0 0 1 0 
0 0 0 0 1 
0 0.758475 0 0 0.241525 
1 0 0 0 0 
0 0 0 1 0 
0 0 0 1 0 
0 0 1 0 0 
0 0 0 1 0 
0 0 0 0 1 
1 0 0 0 0 
0 1 0 0 0 
0 0 0 0 1 
0 1 0 0 0 
1 0 0 0 0 
0 0 1 0 0 
0 0 1 0 0 
0 0 0.460556 0 0.539444 
1 0 0 0 0 
1 0 0 0 0 
0 0 0 0 1 
0 1 0 0 0 
0 0 0 1 0 
0 0 0 1 0 
1 0 0 0 0 
0 0 0 1 0 
0 0 0 1 0 
0 0.643401 0 0.356599 0 
0 0 1 0 0 
0.599504 0 0 0.400496 0 
0 0 1 0 0 
0.186648 0 0 0 0.813352 
0 0 0 1 0 
0 0 1 0 0 
1 0 0 0 0 
0 0 0 0 1 
0 0.29419 0 0 0.70581 
0 0 0.583163 0.416837 0 
0 0 0 0 1 
0 0 0 1 0 
0.728983 0 0 0 0.271017 
0 0 1 0 0 
1 0 0 0 0 
1 0 0 0 0 
0 0 1 0 0 
0 0.428517 0.571483 0 0 
0 0 1 0 0 
1 0 0 0 0 
0 0 1 0 0 
0 0.44365 0 0 0.55635 
1 0 0 0 0 
0 0 0 1 0 
1 0 0 0 0 
0 0 1 0 0 
0 0 0 1 0 
0.469876 0 0.530124 0 0 
0 0 0.46236 0 0.53764 
0 0.455587 0 0 0.544413 
0 1 0 0 0 
0 0 1 0 0 
0.189924 0.191782 0.618295 0 0 
0.32353 0 0 0 0.67647 
0.143286 0 0 0 0.856714 
0 1 0 0 0 
0 0 1 0 0 
0 1 0 0 0 
0 1 0 0 0 
0.337566 0 0 0.662434 0 
1 0 0 0 0 
0 1 0 0 0 
0 0 0 0 1 
0 0 1 0 0 
1 0 0 0 0 
0.475671 0.524328 0 0 0 
0 1 0 0 0 
0.402467 0.597533 0 0 0 
0.352544 0.647456 0 0 0 
0 0 0 0 1 
0.607588 0.392412 0 0 0 
0 0 0 0 1 
0 0 0 0.362394 0.637606 
0 0 1 0 0 
0.671068 0 0 0.328932 0 
0 0.328444 0 0 0.671556 
0 1 0 0 0 
0.43445 0.56555 0 0 0 
0.667777 0 0 0.332223 0 
0 0 1 0 0 
0 0 1 0 0 
0 0 1 0 0 
0 0 0 0 1 
0 0 0 1 0 
0 1 0 0 0 
0 0.502099 0.497901 0 0 
0 0 0 0 1 
0 0 1 0 0 
0 0.389651 0.610349 0 0 
0 0 1 0 0 
0 0 0 1 0 
0 0 0 0 1 
0 1 0 0 0 
1 0 0 0 0 
0 0 0 1 0 
0 0 1 0 0 
0 1 0 0 0 
0 0 0 0 1 
1 0 0 0 0 
0.544753 0.455247 0 0 0 
0.589562 0 0.410438 0 0 
0 0 0.799494 0 0.200506 
0 1 0 0 0 
0 0 0 1 0 
0 0 1 0 0 
0 0 1 0 0 
0 0 0 0 1 
0 0 1 0 0 
0 1 0 0 0 
0 0 1 0 0 
0 1 0 0 0 
0.757962 0.242038 0 0 0 
0 1 0 0 0 
0 0 0 1 0 
0 0 1 0 0 
0 0 1 0 0 
0.599319 0 0.400681 0 0 
0 0 0 1 0 
0 0 0 0 1 
0 1 0 0 0 
0 0 0.565524 0 0.434476 
0 0 0 1 0 
1 0 0 0 0 
0 0 0 1 0 
0 0 0 1 0 
0.788679 0.211321 0 0 0 
0 1 0 0 0 
0 0 0 0.508278 0.491722 
0 1 0 0 0 
0 0 0 1 0 
0 0 0 1 0 
0 0 0 1 0 
0 0 0 1 0 
1 0 0 0 0 
0 0 0 1 0 
0 0 0 0 1 
1 0 0 0 0 
0 0 0 0 1 
0 0 0 0 1 
0 0 1 0 0 
0 0 0 1 0 
0 0 0.849423 0 0.150577 
1 0 0 0 0 
0 0 0.442822 0.557178 0 
0 0 0 0 1 
0 0 1 0 0 
0 0 0 1 0 
0 1 0 0 0 
0 0 0.311143 0.688857 0 
