5 300
0.528876
0.597
0.71937
0.2818
0.616389
11.9054 0.218299
11.8786 0.211037
10.962 0.284926
10.4966 0.400811
10.3029 0.350589
10.2528 0.662206
10.2527 0.496957
9.88239 0.550596
9.435 0.92901
9.27572 0.573254
9.26666 0.146289
9.26126 0.141925
9.20271 0.867549
9.0457 0.837959
8.94224 0.95326
8.91866 0.21445
8.7547 0.67494
8.56457 1.13521
8.41547 0.893651
8.32374 0.33898
8.22271 0.679957
8.20851 2.00181
8.14939 1.08837
7.96761 1.36423
7.95082 0.200675
7.88453 0.397411
7.57873 1.08864
7.31987 1.57788
7.26841 1.06228
7.24897 0.218811
7.20833 1.11266
7.11782 2.8818
7.10376 1.01377
6.94462 2.46868
6.87472 1.85622
6.82854 2.51317
6.68539 0.669213
6.60315 2.18418
6.5979 0.719876
6.59629 1.12188
6.47533 0.925496
6.41244 3.14937
6.30838 1.7421
6.30689 1.72959
6.25678 0.931656
6.2389 1.96636
6.1588 2.16128
6.15411 2.38634
6.14002 2.35513
6.13624 1.92618
6.12508 1.12849
6.02003 1.32297
5.97113 2.2456
5.94392 1.56619
5.93018 1.57219
5.87442 2.13547
5.7957 1.53062
5.76997 1.76812
5.75213 2.08033
5.71655 3.03443
5.69716 3.46925
5.68506 1.44373
5.55873 2.53251
5.52191 2.46628
5.41527 2.655
5.36772 3.34266
5.33112 2.35917
5.15856 3.68765
5.11793 2.4402
5.11234 1.93238
5.10908 3.39709
5.05418 3.48034
5.05023 2.28588
5.04638 2.56909
5.01037 2.54688
5.00523 2.56068
4.99859 2.69472
4.99291 2.15952
4.99005 3.09392
4.76894 3.81838
4.73933 2.29235
4.65324 2.46709
4.60043 2.866
4.58401 4.2791
4.57021 3.90369
4.56866 1.86318
4.51476 4.69434
4.49833 2.99558
4.39738 2.81512
4.3512 1.92917
4.34019 2.63836
4.32733 3.1033
4.21361 2.99911
4.21289 3.84083
4.14516 4.40796
3.98684 2.56544
3.95877 3.66592
3.92737 4.23603
3.87333 3.8817
3.85552 3.10085
3.80785 4.49327
3.79636 4.41776
3.76833 2.71513
3.76769 2.94948
3.73806 4.81445
3.61506 3.78098
3.60883 3.89853
3.54213 3.63419
3.36901 4.62911
3.3325 2.90828
3.31352 3.66784
3.2829 3.67597
3.25204 5.07774
3.1283 4.32182
3.10841 4.40726
3.08552 5.47268
3.07948 4.07063
3.06955 3.45208
2.99984 4.54543
2.97918 5.03344
2.97317 3.25199
2.92031 3.83073
2.91823 3.28204
2.87756 4.28477
2.8096 4.38645
2.76048 3.7184
2.74344 4.48666
2.72587 4.72079
2.7071 6.28366
2.70527 5.16392
2.70037 4.23207
2.67016 5.13938
2.64732 5.72162
2.62333 4.13644
2.61634 4.20051
2.59319 3.66795
2.55229 5.32835
2.52573 4.06877
2.52045 5.38514
2.3902 5.07553
2.34637 4.82547
2.21187 5.2248
2.20853 5.43833
2.1568 4.13744
2.13155 5.11123
2.06672 5.16806
2.05074 6.11616
2.01832 7.28069
2.015 6.02877
2.00826 3.93487
1.98262 4.29726
1.9691 4.48679
1.95219 4.8832
1.92956 6.71878
1.906 5.52061
1.86698 6.01558
1.80849 6.61894
1.77007 4.61296
1.66961 5.2459
1.66537 5.88223
1.66479 4.73914
1.64399 4.52911
1.62572 6.29589
1.60692 4.66511
1.57865 4.83079
1.46348 7.49493
1.39924 5.65115
1.3979 7.25753
1.36029 6.16276
1.338 4.58346
1.32216 4.47757
1.29872 7.94451
1.28802 6.21226
1.27655 6.37741
1.24323 7.80606
1.23901 6.52966
1.22821 6.84591
1.19788 5.96381
1.18927 5.84268
1.18656 4.76225
1.17777 5.96472
1.16579 5.38381
1.16378 6.05248
1.15686 5.40177
1.14901 7.77766
1.13349 4.83134
1.11474 7.97528
1.11253 7.6536
1.05966 5.63541
1.05461 6.28963
1.02484 7.72869
0.921493 7.67542
0.907852 8.39528
0.892756 8.66124
0.888719 6.69962
0.86703 5.69195
0.833776 8.14242
0.815842 7.50685
0.813678 6.0536
0.810975 6.66474
0.793495 6.28621
0.779037 7.09104
0.776385 8.30728
0.764769 5.79448
0.754443 6.96623
0.731486 8.17619
0.715019 5.69886
0.701267 5.821
0.69648 6.03354
0.681693 6.20714
0.643336 8.53638
0.61369 7.03829
0.584584 5.82162
0.563513 9.54252
0.546085 7.50333
0.535228 8.48125
0.532619 9.54224
0.529678 6.35588
0.517859 7.85608
0.505033 8.96418
0.502893 7.09501
0.49613 9.04623
0.485069 9.39683
0.475941 6.24078
0.455019 6.88066
0.451947 9.46084
0.451832 9.2756
0.429223 8.48514
0.424898 6.51557
0.421844 7.16942
0.401767 9.74382
0.397522 8.86402
0.370723 7.05856
0.364794 9.71771
0.355717 10.0268
0.353279 6.75962
0.32648 9.75403
0.311583 8.97198
0.2981 8.28889
0.294127 7.54916
0.289591 9.91436
0.282474 8.71865
0.275997 7.69599
0.269696 7.87624
0.257286 8.07749
0.233358 8.21462
0.224735 7.92629
0.213336 7.69755
0.207456 7.04669
0.207332 7.54495
0.1696 9.21433
0.14971 7.59932
0.149444 9.95745
0.13618 8.61459
0.134853 6.99242
0.131043 9.6062
0.124212 7.11484
0.113998 9.2559
0.109303 10.3154
0.102725 8.82521
0.100318 11.1148
0.0996936 7.22521
0.0932992 8.74465
0.0930079 9.70426
0.0851139 8.89634
0.0779431 11.0062
0.0724606 10.6592
0.0682024 8.61199
0.0654256 7.13182
0.0543821 9.41773
0.0488171 9.44088
0.0440608 10.1506
0.0432426 10.1738
0.0395981 8.20541
0.0391395 7.32542
0.0388216 8.83828
0.0379623 11.3335
0.0321323 8.02916
0.0298369 8.45391
0.0265665 7.25168
0.0239039 7.61626
0.0235223 11.7963
0.0210499 7.97032
0.0198505 11.4337
0.0186311 9.38235
0.0176737 9.55252
0.0151831 7.53609
0.0146473 7.48728
0.01417 7.62589
0.00839806 11.0896
0.00764482 11.256
0.00599216 11.7567
0.00545125 10.3631
0.00357673 11.4735
0.00341908 10.4498
0.00189927 9.27661
0.00188623 10.1999
0.00164303 9.12267
0.00138601 8.05927
0.00133875 8.84872
0 0.215021 0 0.784979 0 
0 0 1 0 0 
1 0 0 0 0 
0 0 0.727254 0 0.272746 
0.161016 0 0 0 0.838984 
0 0 1 0 0 
0 1 0 0 0 
0 0 0 1 0 
0 1 0 0 0 
0 0 0 1 0 
0.651488 0 0 0 0.348512 
0 0.153694 0 0.846306 0 
0 0 1 0 0 
0 0.567838 0 0 0.432161 
1 0 0 0 0 
0 0 0 1 0 
0 0 1 0 0 
1 0 0 0 0 
0 0 0 0 1 
0 0 0 1 0 
0 0 0 0 1 
1 0 0 0 0 
1 0 0 0 0 
0 0 0 1 0 
0 0 1 0 0 
1 0 0 0 0 
0 0 1 0 0 
0 1 0 0 0 
0 0 0 0.721016 0.278984 
0 0 0 0.478411 0.521589 
1 0 0 0 0 
0 0 0.567355 0.432645 0 
0 0 0 0 1 
0 0.56604 0 0 0.43396 
0 0 0 0 1 
0 0 1 0 0 
0 0 0 1 0 
1 0 0 0 0 
0 0.544001 0.455999 0 0 
1 0 0 0 0 
0 0.243158 0.756842 0 0 
0 0 0 1 0 
0.376327 0 0.623673 0 0 
0 0 0 0 1 
0 0 1 0 0 
0 0 1 0 0 
0 1 0 0 0 
1 0 0 0 0 
0 0 0 0 1 
0 0 0 0 1 
0 1 0 0 0 
0.809346 0 0.190654 0 0 
0.438613 0 0 0.561387 0 
0 0 0 0.667329 0.332671 
0 0 1 0 0 
0 0 0 1 0 
0 0 0 0 1 
0 1 0 0 0 
0 1 0 0 0 
0 0 0 0 1 
1 0 0 0 0 
0 0 1 0 0 
0.518938 0.139684 0.341378 0 0 
0 1 0 0 0 
0 0 1 0 0 
1 0 0 0 0 
0 0 1 0 0 
0 0 0 0.503506 0.496494 
1 0 0 0 0 
0 1 0 0 0 
0 1 0 0 0 
1 0 0 0 0 
0 1 0 0 0 
0 1 0 0 0 
0 0 0 0 1 
0 0 1 0 0 
0 0 1 0 0 
0 1 0 0 0 
0 0 1 0 0 
0 0 1 0 0 
0 0 0 1 0 
0 0 0 1 0 
0.704385 0 0 0.295615 0 
1 0 0 0 0 
1 0 0 0 0 
0 0 0 0 1 
0 1 0 0 0 
0 0 0 1 0 
0 0 0 1 0 
0 0.409623 0 0.590377 0 
1 0 0 0 0 
0 0 1 0 0 
0 0 0 0 1 
0 0 1 0 0 
0 1 0 0 0 
0.847779 0 0.152221 0 0 
0 0 0 1 0 
0 1 0 0 0 
0 0 0 1 0 
1 0 0 0 0 
0 0 0 1 0 
0 1 0 0 0 
1 0 0 0 0 
0 0 0 1 0 
1 0 0 0 0 
0 0.83895 0.16105 0 0 
0 0 0 1 0 
0 0 0 1 0 
0 0 0 1 0 
0 0 0 0 1 
0 1 0 0 0 
1 0 0 0 0 
0 0 1 0 0 
0 0 1 0 0 
0 0 0 0 1 
0 1 0 0 0 
0 0 0 1 0 
0 0 0 1 0 
0 0 0 1 0 
0 0 0 1 0 
0 1 0 0 0 
0 0 0 0 1 
0 1 0 0 0 
0 0 0 1 0 
0 0 0 1 0 
1 0 0 0 0 
1 0 0 0 0 
0 0 0 1 0 
0 0.285904 0 0.714096 0 
0 0 0 0 1 
0 0 0 0 1 
1 0 0 0 0 
0 0 0 0 1 
0 0 0 1 0 
1 0 0 0 0 
0 0 1 0 0 
0 0 0 1 0 
0 0 1 0 0 
0 0 0 0 1 
0 0 0 0 1 
0 0 0 1 0 
0 0 0.523477 0.476523 0 
0 1 0 0 0 
0 1 0 0 0 
0 0 1 0 0 
0 0 0 1 0 
0 1 0 0 0 
0 1 0 0 0 
0 0 1 0 0 
0 0 0 0 1 
0 1 0 0 0 
1 0 0 0 0 
0 0 0 1 0 
0 0 0 1 0 
0 0 1 0 0 
0 1 0 0 0 
0 0 0 0 1 
0 0 0 0 1 
1 0 0 0 0 
0.450471 0.549529 0 0 0 
0 0.740012 0 0 0.259988 
0.564106 0.435894 0 0 0 
0 0 0 1 0 
0 0 0 0 1 
0 0 1 0 0 
0 0 0 0 1 
0 1 0 0 0 
0.146412 0 0.853588 0 0 
0 0.486066 0 0 0.513934 
0 0 0 1 0 
1 0 0 0 0 
1 0 0 0 0 
0 0 0 0 1 
1 0 0 0 0 
0.463344 0.536656 0 0 0 
0 0 0 0 1 
0 0.2527 0 0.7473 0 
0.528515 0 0.471485 0 0 
0 0 0 1 0 
0.484093 0.515907 0 0 0 
0 0 0 0 1 
0 0 0 1 0 
0.624411 0 0 0 0.375589 
0.402678 0 0 0.597322 0 
0 0 1 0 0 
1 0 0 0 0 
0 0 0 1 0 
0 0 1 0 0 
0 1 0 0 0 
0 0 0 1 0 
1 0 0 0 0 
1 0 0 0 0 
0 0 0 1 0 
0 1 0 0 0 
0 1 0 0 0 
0 0 0.337807 0.662193 0 
0 0 1 0 0 
0 1 0 0 0 
0 0 1 0 0 
0 0 0.112187 0.887814 0 
1 0 0 0 0 
0 0 0 1 0 
1 0 0 0 0 
0 0 0 1 0 
0 0.391537 0 0 0.608463 
0 0 0 0 1 
0 0 0 0 1 
0 0 1 0 0 
1 0 0 0 0 
0 0 0 0 1 
0 0 0.347792 0 0.652208 
0 0 1 0 0 
0 0 1 0 0 
0 0.773832 0.226168 0 0 
1 0 0 0 0 
0 0 0 0 1 
0 1 0 0 0 
0 1 0 0 0 
0 0 0 0 1 
0 0 0 0 1 
0 1 0 0 0 
0 0 0 0 1 
0 0 0 1 0 
0 0 0 0.160261 0.839739 
0 1 0 0 0 
0 1 0 0 0 
1 0 0 0 0 
0 0 0 1 0 
0 0 1 0 0 
0 0 0 1 0 
0 0 1 0 0 
1 0 0 0 0 
0 1 0 0 0 
0 1 0 0 0 
1 0 0 0 0 
1 0 0 0 0 
0 0.258623 0.160283 0 0.581093 
0 0 0 1 0 
0 1 0 0 0 
0.282629 0 0.717372 0 0 
0 1 0 0 0 
0 0 1 0 0 
0 0.543642 0.456358 0 0 
1 0 0 0 0 
0 0 0 0 1 
0 0 0 0 1 
0 1 0 0 0 
0 0 1 0 0 
0 0.448265 0 0.551735 0 
0 0 0 0 1 
0 0 0 0 1 
0 0 0 0.396611 0.603389 
0 0 0 1 0 
0 0 0.420406 0 0.579594 
0 0 0 0 1 
0 0 0 0 1 
0 0 0 0.592117 0.407883 
0 0 0 1 0 
0 1 0 0 0 
0 0 0 1 0 
0 0 1 0 0 
0 0 0 1 0 
0 0.357326 0.642674 0 0 
0 0 0 1 0 
0 0 0 0 1 
1 0 0 0 0 
0 0.491554 0.111183 0 0.397263 
0 0 0 0 1 
0 1 0 0 0 
0 0.340364 0 0 0.659636 
0.809295 0 0.190705 0 0 
0 0 1 0 0 
0 1 0 0 0 
0 0 0 0 1 
1 0 0 0 0 
0 0 0 0 1 
1 0 0 0 0 
0 0 1 0 0 
0 0 0 0.726851 0.273149 
0.520759 0 0.479241 0 0 
0 0 0 1 0 
0 0 0 0 1 
1 0 0 0 0 
0 0 0 0 1 
1 0 0 0 0 
0 0 0 0 1 
0 1 0 0 0 
0 0.445882 0 0 0.554118 
0 0 0 1 0 
0 1 0 0 0 
0.466775 0 0.533225 0 0 
0 1 0 0 0 
1 0 0 0 0 
0 0 0 0 1 
1 0 0 0 0 
0 0 0 0 1 
0 1 0 0 0 
0 0 0.399313 0 0.600687 
0 1 0 0 0 
0 0 0 0 1 
