10 25
0.674604
0.724084
0.527315
0.614097
0.588122
0.717881
0.652883
0.625028
0.276555
0.616015
10.7307 0.685168
10.0398 0.920141
9.56196 0.283572
9.20161 0.912191
6.45499 1.49013
6.41833 1.03716
5.44741 2.82134
3.85331 3.58568
3.34046 3.43102
2.83066 5.26607
2.57059 4.78251
2.4486 4.32843
2.23618 5.12939
1.96186 5.83419
1.93737 4.3935
1.7302 6.55787
1.57991 6.06148
1.53325 4.94027
1.48645 6.50044
1.00329 7.42385
0.985551 6.08515
0.858065 8.8211
0.761228 7.05577
0.277508 8.05742
0.187972 8.70292
0.622261 0 0 0 0 0.377739 0 0 0 0 
0 0 0 0 0 1 0 0 0 0 
1 0 0 0 0 0 0 0 0 0 
0 0.586412 0 0 0 0 0 0.413588 0 0 
0 0 0 0 0 0 0 0 1 0 
0 0 0 1 0 0 0 0 0 0 
0 0 0 0 0 0 0 0 0 1 
0 0 0 0 0 0.169637 0 0 0.830363 0 
0 0 0 0 0 0 1 0 0 0 
0 0 0 0 0 0.708666 0.291334 0 0 0 
0 0 0 0 0 0 1 0 0 0 
0 0 0 0 0 0 1 0 0 0 
0 0 0 0 0 0 1 0 0 0 
0 0 0 0 0 0 0 0 0 1 
0 0 0 1 0 0 0 0 0 0 
0 0 0 0 1 0 0 0 0 0 
0 0 0 0 0 0 0 0 1 0 
0 0 0 0 0 0 0 0 1 0 
0 1 0 0 0 0 0 0 0 0 
0 0 0 0 0 0 0 0 1 0 
0 0 0 0 0 0 0 0 1 0 
0 0 1 0 0 0 0 0 0 0 
0 0 0 0 0 1 0 0 0 0 
0.541602 0 0 0 0 0 0 0 0.458398 0 
0 0 0 0 0 0 0 0 0 1 
