5 25
0.701312
0.365607
0.545763
0.678232
0.576943
9.71423 0.920233
8.55288 0.958011
7.19264 0.792671
7.00191 1.95871
6.89756 0.477815
5.63801 1.54491
5.5333 2.01917
4.17088 3.74745
3.59568 3.95728
2.90214 6.15817
2.56254 5.0882
2.54362 6.11858
1.62439 5.97018
1.33868 4.7041
0.771884 6.35218
0.358778 8.72862
0.343491 8.21538
0.281055 9.36455
0.253174 8.61837
0.225229 6.66943
0.147701 10.1635
0.129491 8.02776
0.0951897 11.0586
0.0308291 9.8095
0.00134474 10.5661
0 0 1 0 0 
1 0 0 0 0 
0 0 0 1 0 
0 0 0 0 1 
0 0 1 0 0 
0 0 0 1 0 
0 1 0 0 0 
0 1 0 0 0 
0 0 1 0 0 
0 0 1 0 0 
0 0.810351 0 0.189649 0 
0 0 0 1 0 
0 0 0 0 1 
0 0 1 0 0 
0 0 0 0.2238 0.7762 
0 0 0 1 0 
0 0 0 1 0 
0 0.660994 0.339006 0 0 
0 0 0 0 1 
0.511298 0 0.488702 0 0 
0 1 0 0 0 
0 1 0 0 0 
0 0 0 0 1 
0 0 1 0 0 
0.133309 0 0.866692 0 0 
