5 300
0.411422
0.325823
0.388826
0.263254
0.468833
11.6907 0.271662
11.4594 0.406202
11.1201 0.249527
11.0028 0.368653
10.9418 0.67505
10.8883 0.466419
10.8529 0.336995
10.7311 0.103526
10.6759 0.320319
10.5811 0.411004
10.4448 0.422797
10.3031 0.245142
10.2798 0.489237
10.2695 0.930736
10.2346 0.591258
9.55141 0.156307
9.53457 1.50943
9.47656 1.07942
9.41061 1.56226
9.3636 1.01149
9.34283 1.37287
9.31013 0.837834
9.29182 0.474647
9.18001 1.48737
9.01817 0.992937
8.63835 0.171135
8.62199 0.855835
8.58169 0.472202
8.56323 0.700812
8.4887 1.46071
8.46896 1.76191
8.17039 1.18785
8.17034 0.661931
7.97975 1.67113
7.85948 1.27602
7.81494 1.07837
7.74444 1.65887
7.71983 0.560789
7.67028 1.45436
7.59828 0.34593
7.59618 1.10673
7.54153 0.596033
7.48047 0.627412
7.44067 0.700538
7.36473 0.820558
7.29622 1.04165
7.19785 1.08534
7.19456 0.319467
7.1809 2.30372
7.16149 1.73464
7.08185 1.84822
7.01384 2.24343
6.92369 1.67122
6.90207 0.834805
6.71264 1.23296
6.64755 2.54398
6.61399 1.5759
6.55954 0.864232
6.51587 2.42168
6.32661 1.67522
6.26517 2.08406
6.2578 2.14012
6.15642 0.949431
6.07219 1.64348
6.02427 1.02946
6.01772 2.51567
5.98389 1.27622
5.91174 1.86226
5.81676 2.78096
5.76415 2.96914
5.7471 1.7623
5.69164 1.28414
5.66418 1.4286
5.62956 2.27777
5.61144 1.60587
5.51826 2.03274
5.4266 2.41224
5.38557 1.74192
5.31409 4.15311
5.2624 3.61113
5.15933 2.8036
5.14167 2.98542
4.89211 3.77074
4.88262 2.48054
4.83749 3.69564
4.82852 2.76851
4.76218 2.91777
4.58431 3.61645
4.53605 3.4135
4.51862 4.32043
4.49076 3.3146
4.35157 2.65272
4.3038 3.40819
4.27339 2.69777
4.05908 4.82198
4.04807 4.50802
4.04162 3.90683
3.97166 2.67312
3.93107 3.55523
3.87895 4.32256
3.84956 3.08449
3.81724 3.24455
3.80241 4.64173
3.79297 3.89861
3.77713 5.09523
3.76675 2.45254
3.74929 3.81516
3.63832 5.01947
3.59527 4.25631
3.53521 4.03754
3.48797 3.02434
3.46106 3.86277
3.43656 4.80739
3.37321 4.66573
3.29647 5.82003
3.26736 4.21967
3.22713 3.79842
3.09028 5.27691
3.0712 4.64095
3.02732 4.41155
3.00813 3.47237
2.9348 3.26979
2.89274 3.83533
2.88529 3.92371
2.82687 3.66128
2.82626 4.26195
2.78767 3.91386
2.77196 5.01388
2.74846 4.98648
2.748 3.89451
2.74349 4.39525
2.73587 4.56129
2.67924 6.62342
2.64896 3.28899
2.62361 4.46522
2.61753 5.94931
2.5927 6.42456
2.57845 4.45466
2.56818 6.09665
2.53544 4.12388
2.49655 3.90451
2.49255 6.1716
2.4854 4.93532
2.48175 5.22275
2.46526 3.75511
2.43843 4.82465
2.41328 6.58905
2.39248 6.60391
2.37912 5.0082
2.37453 4.29377
2.36829 5.51289
2.30163 4.34945
2.29739 4.46156
2.24504 6.77425
2.22576 4.86214
2.16713 4.26472
2.12478 5.55148
2.10701 5.37241
2.10526 6.80161
2.0875 5.4332
2.0812 4.90479
2.07296 4.71951
2.06991 6.09261
2.04355 3.84626
2.03831 5.62821
2.00958 5.06885
1.98237 4.73814
1.9794 5.30123
1.97735 4.62166
1.90948 6.20251
1.8529 6.1772
1.84818 5.25884
1.80684 5.55861
1.78106 6.39767
1.74392 6.84556
1.73346 6.32677
1.72727 5.166
1.71036 6.6428
1.64794 7.28332
1.60968 7.12801
1.57134 6.82751
1.52727 6.49955
1.52612 6.27119
1.52352 5.7982
1.4896 4.58456
1.44832 5.47913
1.40255 7.09258
1.40058 7.28739
1.38337 5.40502
1.34938 4.94068
1.30744 5.40978
1.30111 7.16714
1.28967 6.02134
1.25818 7.59863
1.25114 6.91977
1.25024 7.33259
1.24674 7.24574
1.21859 7.90433
1.21529 7.77121
1.16475 5.04637
1.14412 7.86635
1.13913 6.00325
1.13343 6.18871
1.10774 7.45042
1.09162 7.898
1.0675 5.42034
0.984926 7.97408
0.904983 5.666
0.885549 9.01863
0.841748 5.78962
0.835541 7.75054
0.803 6.86598
0.790651 8.63431
0.773605 5.63584
0.772379 5.83657
0.772234 8.5629
0.757748 8.02619
0.726351 8.2464
0.703823 6.30759
0.668908 7.23873
0.657412 8.16139
0.631602 7.60295
0.609103 7.71613
0.593324 6.22906
0.593264 8.76043
0.57701 7.69448
0.525519 8.98631
0.507918 7.99094
0.501243 6.10949
0.485575 7.8933
0.485054 6.91337
0.448163 8.54157
0.431381 9.14374
0.425885 7.62186
0.412675 8.13498
0.402143 9.45226
0.397767 9.15875
0.383223 6.39651
0.381112 9.38753
0.37092 6.29146
0.369472 9.67096
0.340469 7.56754
0.326935 9.34883
0.326065 9.3875
0.323676 8.74096
0.297776 9.24384
0.293398 7.608
0.278399 9.07338
0.258409 6.7156
0.253693 9.26706
0.250541 7.28353
0.230292 8.24594
0.229218 7.20035
0.223445 7.23367
0.220962 6.34387
0.218201 9.62833
0.202203 8.32378
0.190348 8.32233
0.189455 10.0271
0.184429 9.18317
0.175248 7.13788
0.170256 10.4431
0.162188 8.80984
0.162146 9.55426
0.122558 8.55772
0.118312 6.83746
0.114137 8.37338
0.103983 8.03322
0.0887514 7.48279
0.087783 11.2702
0.0839499 7.94384
0.0837628 10.584
0.0693567 8.37882
0.06699 10.7153
0.0625523 7.92368
0.0519152 7.81548
0.0445887 9.34435
0.0429221 10.8421
0.0427127 10.1209
0.0386412 10.7038
0.037202 7.70747
0.0335315 8.30163
0.0304219 7.11017
0.029516 7.48529
0.0282893 7.45241
0.0267377 8.45405
0.0220818 7.87637
0.0220606 11.2696
0.0176308 7.43335
0.0157762 10.2919
0.0152268 8.81139
0.0151275 11.6079
0.0135118 11.7951
0.0100679 10.2299
0.00685137 8.06707
0.0031038 10.8804
0.00209561 11.5223
0.00150356 7.67189
0.00106162 10.2376
0.00080858 7.55765
0 1 0 0 0 
0 0 0 1 0 
0 0 1 0 0 
0 0 0 0 1 
0 1 0 0 0 
0 0 1 0 0 
0 0 0 1 0 
0.269045 0 0.730955 0 0 
0 0 0 1 0 
0 1 0 0 0 
0 1 0 0 0 
0 0 0 1 0 
0 1 0 0 0 
0 0 1 0 0 
0 1 0 0 0 
0 0 1 0 0 
0 1 0 0 0 
0 0 0 1 0 
0 0 0 0 1 
0 0 1 0 0 
0 1 0 0 0 
0 0 0 0 1 
1 0 0 0 0 
0 0 0 1 0 
0 1 0 0 0 
0.741355 0 0 0 0.258645 
0 0 0 1 0 
0 0.169343 0 0.830657 0 
0 0 1 0 0 
1 0 0 0 0 
0 0 0 1 0 
0 1 0 0 0 
0 0 0 0 1 
0 0 0 0 1 
0 0 0.586258 0.413742 0 
0 1 0 0 0 
0 0.425673 0.574327 0 0 
0 0 0 0 1 
0 0 0.475657 0.207538 0.316805 
1 0 0 0 0 
0 0 1 0 0 
0 0 0 0 1 
1 0 0 0 0 
0 0.497179 0.502821 0 0 
0 0 0 0 1 
0 0 1 0 0 
0 1 0 0 0 
0 0 0 1 0 
0 0 0 1 0 
0 1 0 0 0 
1 0 0 0 0 
0 1 0 0 0 
0 0 0 1 0 
0 0 0 1 0 
0 0 0 1 0 
0 0 0 1 0 
1 0 0 0 0 
0 0 1 0 0 
0 0 0 1 0 
0 0.290894 0 0.709106 0 
0 0 1 0 0 
0 1 0 0 0 
0 0 0 0 1 
1 0 0 0 0 
0 0 0 0.564785 0.435215 
1 0 0 0 0 
0 0 0 1 0 
1 0 0 0 0 
0 0 0 1 0 
0.287579 0 0 0.712421 0 
0 0 0 0.449644 0.550356 
0 0 1 0 0 
0 1 0 0 0 
0 0 0 0 1 
0 0 0 0.216919 0.783081 
0 0 0 1 0 
0 0 0 0 1 
0.827303 0 0 0 0.172697 
1 0 0 0 0 
0 0 0 1 0 
0.245707 0 0.754293 0 0 
0 0 0 1 0 
0 1 0 0 0 
0 0 0 1 0 
0 0 0.555611 0.444389 0 
1 0 0 0 0 
0 0 1 0 0 
0.458916 0 0.541084 0 0 
0 0 0.624825 0 0.375175 
0 0 0 0 1 
0 0 0 1 0 
0 0 0 0 1 
0 0 0 1 0 
0 1 0 0 0 
0 1 0 0 0 
0 0.246499 0 0 0.753501 
0 0 0 1 0 
0 0 0 0 1 
0 1 0 0 0 
0.204347 0 0 0 0.795653 
0 1 0 0 0 
0 1 0 0 0 
0 0 0 1 0 
0 0 1 0 0 
0 1 0 0 0 
0 0 1 0 0 
1 0 0 0 0 
0 0 1 0 0 
0 0 1 0 0 
0 0 0.304529 0.695471 0 
0 0 0 1 0 
0 1 0 0 0 
1 0 0 0 0 
0 0 1 0 0 
0 0.377607 0 0 0.622393 
0 1 0 0 0 
0 0 0 1 0 
0 0 0 1 0 
0 0 0 0 1 
0 0 1 0 0 
0.818976 0 0 0.181024 0 
0 1 0 0 0 
0 0 1 0 0 
0 0 1 0 0 
0 0 1 0 0 
0 0 0.277427 0.722573 0 
0 0 0 0 1 
0 0 0 1 0 
1 0 0 0 0 
0.438927 0.073485 0 0 0.487588 
0 0 0 1 0 
1 0 0 0 0 
0 1 0 0 0 
0 0 0 0 1 
1 0 0 0 0 
0 0 1 0 0 
0 0 1 0 0 
0 0 0 1 0 
0.808511 0 0.191489 0 0 
0 0 0 0 1 
0 0.58573 0 0 0.41427 
1 0 0 0 0 
0 0.760187 0 0 0.239813 
1 0 0 0 0 
1 0 0 0 0 
0 0 1 0 0 
0 0 0 0 1 
0 1 0 0 0 
0 0 1 0 0 
0.187091 0 0.812909 0 0 
0 0 1 0 0 
0 0 0 1 0 
0.675203 0 0 0 0.324797 
0 0 0 0 1 
0 1 0 0 0 
0 0 1 0 0 
0 1 0 0 0 
0 0 0 0 1 
0 0 1 0 0 
0 1 0 0 0 
0 0 0.602014 0.397986 0 
0 1 0 0 0 
0 0 1 0 0 
0 0 0 1 0 
0 0 0 0 1 
0 0 0 0.309107 0.690893 
1 0 0 0 0 
0 1 0 0 0 
0 0 0 1 0 
0.385615 0 0.614385 0 0 
0 0 0 0 1 
0 0 0 1 0 
0 0 1 0 0 
0 0 0 0 1 
0 0.730192 0.142943 0.126864 0 
0 1 0 0 0 
0 0 0 0 1 
0 0 0 1 0 
0 0 1 0 0 
0 1 0 0 0 
0 0 1 0 0 
0 0 1 0 0 
0 0 1 0 0 
0.57811 0 0 0.42189 0 
0.679622 0 0 0 0.320378 
1 0 0 0 0 
1 0 0 0 0 
1 0 0 0 0 
0 0 1 0 0 
0 1 0 0 0 
0 0 0 0 1 
0 0 1 0 0 
0 0 1 0 0 
1 0 0 0 0 
0 0 0 1 0 
1 0 0 0 0 
0 0 1 0 0 
0 0 0 0 1 
0 0 0.771075 0 0.228925 
0 0 0 0 1 
0.819287 0 0 0 0.180713 
1 0 0 0 0 
0 0 0.576185 0.221458 0.202358 
0 0 1 0 0 
1 0 0 0 0 
0 0 1 0 0 
0 0 1 0 0 
0 0 0 0 1 
0 1 0 0 0 
0 0 0 0.783715 0.216285 
0 1 0 0 0 
0 1 0 0 0 
0 0 0.590114 0.409886 0 
0 0 0 1 0 
0 0 0 0 1 
0 0 1 0 0 
0 0 0 1 0 
0 0 0 1 0 
0 0 0 0 1 
0 0 0 0 1 
0 0 0 0 1 
1 0 0 0 0 
0 0 1 0 0 
0 0 1 0 0 
0.679044 0 0 0.320956 0 
0 0 0 0 1 
0 0.572589 0.225267 0 0.202145 
0 1 0 0 0 
0 0 1 0 0 
0 0 1 0 0 
0 0 0 1 0 
0.380214 0 0.214773 0 0.405013 
0 0 0 1 0 
0.44787 0 0 0 0.55213 
1 0 0 0 0 
0 0 0 1 0 
1 0 0 0 0 
0.41199 0 0.58801 0 0 
0 0.48007 0 0 0.51993 
0 0 1 0 0 
0 1 0 0 0 
0 0 0.523256 0.476744 0 
0 0 0 0.577113 0.422887 
0 0 0 0 1 
0 0 0 1 0 
0 0 1 0 0 
0 1 0 0 0 
0 0 0 0 1 
0 0 1 0 0 
0 0 1 0 0 
0 0.798123 0.201877 0 0 
0 0 0 0 1 
0 0 0 0 1 
0 1 0 0 0 
0 1 0 0 0 
0 0 0 0 1 
0 1 0 0 0 
0 1 0 0 0 
1 0 0 0 0 
0 0 0.427859 0 0.572141 
0 0 0 1 0 
0 1 0 0 0 
0.507278 0.492722 0 0 0 
0 0 0 0 1 
0 0 0 0 1 
0 1 0 0 0 
0 0 1 0 0 
0 0 0.426465 0 0.573535 
0 0 1 0 0 
0 1 0 0 0 
1 0 0 0 0 
0 0 1 0 0 
0 0 1 0 0 
1 0 0 0 0 
1 0 0 0 0 
0 0 1 0 0 
0 0 1 0 0 
0 0 0 0 1 
0.842852 0.157148 0 0 0 
1 0 0 0 0 
0 1 0 0 0 
0 1 0 0 0 
0 0 0 0 1 
0 1 0 0 0 
0 0 1 0 0 
0 1 0 0 0 
0 0 0 0 1 
0 0 0 1 0 
0 0 0 1 0 
0 0 0 0 1 
1 0 0 0 0 
0 0 1 0 0 
0 1 0 0 0 
1 0 0 0 0 
1 0 0 0 0 
0 1 0 0 0 
0 0 0 0 1 
1 0 0 0 0 
0 0 0 0 1 
0.787823 0 0 0.212177 0 
