10 300
0.682012
0.379222
0.559067
0.330092
0.275795
0.536155
0.339816
0.347072
0.346522
0.362935
10.942 0.342127
10.8249 0.192179
10.6885 0.249851
10.584 0.60635
10.2194 0.237599
10.0123 0.509506
9.9415 0.139309
9.75916 0.682555
9.68978 0.810166
9.555 0.76217
9.54312 1.3404
9.42929 1.40257
9.37584 0.799876
9.33084 0.622812
9.30659 0.311397
9.30521 0.588146
9.19526 0.797497
9.17959 1.33728
9.14763 0.356562
9.12413 0.229195
9.07878 0.992277
8.99454 0.248554
8.86683 0.740973
8.53469 0.198438
8.50704 1.11316
8.47159 1.2774
8.41284 0.35894
8.32617 1.93973
8.01234 0.260463
7.97649 0.733998
7.93342 1.69357
7.8498 0.2738
7.82677 1.01978
7.77416 0.174704
7.68492 1.82789
7.55535 0.703639
7.55038 0.115512
7.54128 1.59515
7.46374 0.926165
7.44684 1.43556
7.44244 1.95947
7.42444 0.68347
7.38714 0.564487
7.38197 0.962186
7.35385 2.18545
7.32612 2.14157
7.28094 0.956601
7.25751 2.10844
7.17177 1.49522
7.09463 0.458636
6.97587 1.62634
6.95905 1.25122
6.95066 0.433379
6.76149 1.11441
6.67407 1.29689
6.65242 1.83619
6.59439 1.0398
6.53929 2.51396
6.4965 1.84108
6.49438 1.56064
6.34506 2.6005
6.30523 2.48974
6.28347 2.94104
6.2767 2.36071
6.27005 2.56531
6.26382 1.58209
6.17692 2.49849
6.12678 1.75597
5.99444 2.82591
5.87423 2.15359
5.74864 1.84393
5.72622 2.6432
5.70581 2.58212
5.70272 2.54458
5.65559 2.48557
5.61239 2.34328
5.52963 2.9925
5.4718 1.88782
5.46898 3.03011
5.46859 1.84502
5.45176 2.36776
5.4464 2.30404
5.34861 2.17065
5.32791 3.54699
5.32234 1.63616
5.17143 1.87506
5.15178 2.2247
5.14366 3.01698
5.09302 1.92087
5.06626 1.71858
5.01988 2.17331
5.00178 2.26138
4.98791 3.48427
4.94868 2.37739
4.94233 2.64582
4.9167 3.83865
4.87528 3.51687
4.86154 3.27262
4.78472 4.24912
4.7194 3.24142
4.64588 1.96331
4.64014 2.8485
4.40854 3.63409
4.39081 2.75461
4.36587 3.53564
4.34483 3.16189
4.34377 3.45658
4.32908 3.12742
4.23196 2.38318
4.22774 4.53534
4.19164 3.32402
4.14449 3.06274
4.13868 3.56624
4.10825 3.53439
4.10461 3.14302
4.08245 4.1637
4.07468 3.96558
4.05251 4.24439
4.04545 3.52003
4.03872 3.05878
4.01524 3.42947
3.76097 3.44987
3.71388 3.77851
3.68001 3.01333
3.62025 3.99897
3.57707 5.00673
3.56003 3.62445
3.48966 4.12489
3.44939 4.1238
3.39523 4.90728
3.38719 5.38009
3.35701 3.09433
3.34869 4.3125
3.25851 4.38587
3.25195 4.66918
3.21973 4.73353
3.21873 5.40372
3.19978 4.42569
3.13808 4.63286
3.1105 6.11306
3.09838 5.22218
3.02329 3.17385
3.01058 4.0871
3.0078 3.99776
2.96349 5.48719
2.95401 4.60518
2.94839 4.51646
2.9374 5.5663
2.91772 5.36567
2.87275 4.82577
2.80404 5.28452
2.80214 4.21895
2.78977 4.44
2.76779 4.92499
2.76681 3.91788
2.75084 3.76574
2.75009 4.72004
2.71827 6.41807
2.65247 4.3653
2.61056 4.71598
2.60881 4.28269
2.58479 5.89153
2.53723 5.21719
2.50574 4.37125
2.47068 5.08061
2.42371 6.47528
2.42349 5.55702
2.41759 5.11901
2.39227 4.07663
2.38858 5.49381
2.38787 3.54681
2.35119 4.53756
2.31692 5.58429
2.28769 4.04438
2.28747 4.75151
2.23935 5.54369
2.16442 5.05719
2.1405 7.1024
2.12497 5.83834
2.12103 5.65485
2.10494 6.1476
2.06424 6.66937
2.04529 5.00423
2.02188 4.24581
2.01643 4.97028
1.97773 6.0017
1.93318 5.43846
1.9281 5.32047
1.9072 5.55809
1.88445 5.56251
1.87566 5.57211
1.8179 4.2385
1.80608 6.36023
1.78999 5.42785
1.76077 5.74994
1.74413 5.89613
1.51045 4.94681
1.45225 5.66527
1.4513 5.41853
1.41234 5.67513
1.37902 7.30654
1.35901 5.21112
1.32008 4.84733
1.25897 6.85617
1.2132 6.55893
1.20489 4.89901
1.20014 7.48002
1.1992 6.78501
1.1902 7.17625
1.11054 6.75993
1.08149 5.67235
1.07334 6.45216
1.05134 6.36105
1.00592 5.19354
1.00164 5.95693
0.986151 6.67129
0.966712 6.44457
0.959227 7.70581
0.911291 8.92235
0.90353 6.59894
0.898243 5.89815
0.895 6.99384
0.882271 7.97061
0.869403 6.88797
0.814754 6.91034
0.814004 5.28113
0.801779 6.56344
0.80085 5.3165
0.776591 8.52779
0.665182 7.11294
0.644735 8.77913
0.63221 8.48902
0.626333 8.21247
0.562927 7.85613
0.547748 7.53451
0.526347 7.46468
0.522444 8.64919
0.512008 6.7339
0.506385 7.37092
0.499575 7.29305
0.489279 9.03627
0.483845 8.84351
0.483098 8.16016
0.469205 7.09037
0.408774 8.54221
0.376711 8.16739
0.347574 7.90641
0.306572 7.40624
0.299261 9.01518
0.289069 8.76984
0.274082 6.52587
0.269226 7.66312
0.263421 9.98599
0.256748 7.93752
0.253786 7.12169
0.24861 8.59793
0.229665 8.55253
0.217561 7.79746
0.193279 7.30445
0.188734 6.75373
0.188385 8.17199
0.182508 9.6854
0.169434 9.08154
0.158672 6.92705
0.157618 8.54642
0.133171 7.65162
0.12241 9.4462
0.111413 7.27217
0.11118 9.65221
0.105248 10.325
0.104349 11.0578
0.0991848 7.37973
0.0986695 11.2346
0.0822488 8.81147
0.0809818 11.0421
0.0781696 7.96173
0.0738534 8.51222
0.0700369 10.6144
0.0673325 9.67049
0.0621492 9.01725
0.0556277 7.82946
0.0555065 10.8602
0.0552086 7.66372
0.0487871 7.32925
0.0477022 8.74211
0.0356583 11.5799
0.0347385 11.2954
0.0326725 9.48814
0.0253016 8.72687
0.0171433 10.024
0.0160144 11.9051
0.0126189 7.63889
0.00849022 10.0668
0.00831405 11.3578
0.00595842 8.01789
0.00447594 10.7135
0.00338483 10.2863
0.00159652 12.2342
0.00144864 7.84498
0.00102171 9.35137
0 0 0 0 0 0 1 0 0 0 
0 0 0.408433 0 0 0 0 0 0 0.591567 
0 0 0 0 0 0 0 1 0 0 
0 0 1 0 0 0 0 0 0 0 
0 0 0 1 0 0 0 0 0 0 
1 0 0 0 0 0 0 0 0 0 
0 0 0 0 0 0 0 1 0 0 
0 0 0.189748 0 0 0 0.648991 0 0.161261 0 
0 0 0 0 0 0 1 0 0 0 
0 0 0 1 0 0 0 0 0 0 
0 0 0 0 1 0 0 0 0 0 
0 1 0 0 0 0 0 0 0 0 
0 0 0 0 0 0 0 0.817854 0.182146 0 
0 0 0 0.222317 0 0 0.777683 0 0 0 
0 0 0 0 0 0 0 0 1 0 
0 0 0 0 0 0 0 0 0 1 
0 0 0 0 0 0 0 0 0.56145 0.43855 
0 0 0 0 0 0 0 0 1 0 
0 0 0 0 0 1 0 0 0 0 
1 0 0 0 0 0 0 0 0 0 
0 0 0 0 0 1 0 0 0 0 
0 0 0 0 0 0 1 0 0 0 
0 0 0.554422 0 0 0 0 0.445578 0 0 
0 1 0 0 0 0 0 0 0 0 
0 0 0 0 0 1 0 0 0 0 
1 0 0 0 0 0 0 0 0 0 
0 0 0 0 0 0 0 0 0 1 
0 0 0 0 1 0 0 0 0 0 
0 0 0 0 0 0 0 0 0 1 
0 0 0 0 0 0 0 0 1 0 
0 0 0.531275 0 0.468725 0 0 0 0 0 
0 0 1 0 0 0 0 0 0 0 
0 0 0 0 0 0 0 0 0 1 
0 0 0 0 0.330032 0 0 0 0.669968 0 
0 0.542849 0 0 0 0 0 0.21685 0.240301 0 
0 0 0 0 1 0 0 0 0 0 
1 0 0 0 0 0 0 0 0 0 
0 0 0 0 0 0.404592 0 0 0.220227 0.375181 
0 0 0 1 0 0 0 0 0 0 
0.45579 0 0.54421 0 0 0 0 0 0 0 
0 0 0 0 0 1 0 0 0 0 
0.454401 0 0 0 0 0 0 0 0 0.545599 
0 0.615934 0 0 0 0.384066 0 0 0 0 
0 0 1 0 0 0 0 0 0 0 
0 1 0 0 0 0 0 0 0 0 
0.587963 0 0.412037 0 0 0 0 0 0 0 
0 0 0 0 0 0 0 0 1 0 
0 0 0 0 0 0 0 0 1 0 
0 0 0 0 0 0 1 0 0 0 
0 0 0 1 0 0 0 0 0 0 
0 0 0 0 0 0 1 0 0 0 
0 0 0 0 1 0 0 0 0 0 
0 0 0 0 0 0 0 0 1 0 
0 0 0 0 0.698619 0.301381 0 0 0 0 
0 0.491118 0 0 0.508882 0 0 0 0 0 
1 0 0 0 0 0 0 0 0 0 
0 1 0 0 0 0 0 0 0 0 
0 0 0 0 1 0 0 0 0 0 
0 0 0 1 0 0 0 0 0 0 
0 0.58529 0 0 0 0 0.41471 0 0 0 
0 0 0 0 0 0 0 1 0 0 
1 0 0 0 0 0 0 0 0 0 
1 0 0 0 0 0 0 0 0 0 
0 0 0 0.53217 0 0 0 0 0.46783 0 
0 0 0 0 0 0 0.597088 0 0 0.402912 
0 0 0 0 1 0 0 0 0 0 
0 0 0 0 1 0 0 0 0 0 
0.408556 0.591444 0 0 0 0 0 0 0 0 
0 0 1 0 0 0 0 0 0 0 
0 0 0 0 1 0 0 0 0 0 
0 0 0 0 0 0.394317 0 0 0 0.605683 
0 0 0 0 0 0 1 0 0 0 
0 0 0.135943 0 0.169912 0.694144 0 0 0 0 
0 0 0 0.766731 0 0 0.233269 0 0 0 
0 0 0 0 0 0 0.374811 0.625189 0 0 
0 0 0 1 0 0 0 0 0 0 
0 0 0 0 0 0 0 0 0 1 
1 0 0 0 0 0 0 0 0 0 
0 0 0 1 0 0 0 0 0 0 
0 0 0 0 0 0 1 0 0 0 
0 1 0 0 0 0 0 0 0 0 
0 0 1 0 0 0 0 0 0 0 
1 0 0 0 0 0 0 0 0 0 
0 0 0 0 0 0 0 0 0 1 
1 0 0 0 0 0 0 0 0 0 
0 0 0 0 0 0 0 0 0 1 
0 0 0 0 0 0 0 0 0 1 
0 0 1 0 0 0 0 0 0 0 
0 0 0 0 0 0 1 0 0 0 
0 0 1 0 0 0 0 0 0 0 
0 1 0 0 0 0 0 0 0 0 
0 0 0 0 0 0 0.767358 0 0.232642 0 
1 0 0 0 0 0 0 0 0 0 
0 1 0 0 0 0 0 0 0 0 
0 0 0 1 0 0 0 0 0 0 
0 0 1 0 0 0 0 0 0 0 
0 0 0 0 0 0 0 0 0 1 
1 0 0 0 0 0 0 0 0 0 
0 0 0 0 0 0 0.400238 0 0 0.599762 
0 0 0 1 0 0 0 0 0 0 
0 0 0 0.328401 0.671599 0 0 0 0 0 
0 0 0 0 0 1 0 0 0 0 
0 0 0 0 0 0 0 0 1 0 
0 0 0 0 0 0 1 0 0 0 
0 0 0 1 0 0 0 0 0 0 
0 0 0 0 0 0 0 0 1 0 
0 0 0 0 0.450074 0.549926 0 0 0 0 
0 0 0 0 0 0 1 0 0 0 
0 0 0 0 0 0 1 0 0 0 
0 0 0 0 0 0 0 0 1 0 
0 0 0 0 0 1 0 0 0 0 
0 0 0 0 1 0 0 0 0 0 
0 0 0 0 0 0 1 0 0 0 
0 0 0 0 0 1 0 0 0 0 
0 0 0 0 1 0 0 0 0 0 
0 0 0 0 0 1 0 0 0 0 
1 0 0 0 0 0 0 0 0 0 
1 0 0 0 0 0 0 0 0 0 
0 0 0 0 0 0 0 0 1 0 
0 0 0 1 0 0 0 0 0 0 
0 0 0 0 0 1 0 0 0 0 
0 0 0 0 0 0 1 0 0 0 
0 0 0 0 0 0 0 0 0 1 
0 0 0 0 0 0.657877 0 0.342123 0 0 
0 0 0 0 0 0 0 0 0 1 
0 0 0 0 0 0 1 0 0 0 
0 0 0 0 0.229019 0 0 0.770981 0 0 
1 0 0 0 0 0 0 0 0 0 
0 0 0 0 0 0 1 0 0 0 
0 0 0 0 0 0 0 1 0 0 
0 0 0 1 0 0 0 0 0 0 
0 0 0 0 0 0 0 0 1 0 
0 0 0 1 0 0 0 0 0 0 
0 0 0 1 0 0 0 0 0 0 
0 0 0 0 0 1 0 0 0 0 
0 0 1 0 0 0 0 0 0 0 
1 0 0 0 0 0 0 0 0 0 
0 1 0 0 0 0 0 0 0 0 
0 1 0 0 0 0 0 0 0 0 
0 0 0 0 0 0 1 0 0 0 
1 0 0 0 0 0 0 0 0 0 
0 0 0 0 0 0 1 0 0 0 
0 0 0 0 1 0 0 0 0 0 
0 0 0 0 0 0 1 0 0 0 
0 0 1 0 0 0 0 0 0 0 
0 1 0 0 0 0 0 0 0 0 
0 0 0 0 0 0 1 0 0 0 
0 1 0 0 0 0 0 0 0 0 
0 0 0 0 0 0 0 0 0 1 
0.412942 0 0 0.115379 0.471679 0 0 0 0 0 
0 0 1 0 0 0 0 0 0 0 
0 0 0 0 0 1 0 0 0 0 
0 0 1 0 0 0 0 0 0 0 
0 0 1 0 0 0 0 0 0 0 
0 0 0 1 0 0 0 0 0 0 
0 0 0 0 1 0 0 0 0 0 
0 0 0 1 0 0 0 0 0 0 
0 0 0 0 0 0 0 0 1 0 
0 0 0 0 0 0 0 0 1 0 
0 0 0 0 0 0 0 0 0 1 
0 0 0 0 0.766965 0 0 0 0.233035 0 
0 0 0 0 0.499633 0 0.500368 0 0 0 
0 1 0 0 0 0 0 0 0 0 
0 0 0 1 0 0 0 0 0 0 
0 0 0.377032 0 0 0 0.622968 0 0 0 
0 0 0 0 1 0 0 0 0 0 
0 0 0 0 0 0 0 1 0 0 
0 0 0 0 0 0 0 0 1 0 
0 0 0 0 0.712489 0 0.287511 0 0 0 
0 0 0.851798 0.148202 0 0 0 0 0 0 
1 0 0 0 0 0 0 0 0 0 
0 0 0 1 0 0 0 0 0 0 
0 0 0 0 0 0 0 0 0.520331 0.479669 
0 0 1 0 0 0 0 0 0 0 
0 0 0 0 0 0 0 0 1 0 
0 0 0 0 0 0 0 1 0 0 
0 0 0.382793 0.617207 0 0 0 0 0 0 
0 1 0 0 0 0 0 0 0 0 
0 1 0 0 0 0 0 0 0 0 
0 0 0 0 1 0 0 0 0 0 
0 0 0 0 0 0 0 0 0 1 
1 0 0 0 0 0 0 0 0 0 
0 0 0 0 0 0 0 0 1 0 
0 0 0.327247 0 0 0.672753 0 0 0 0 
0 0 0 0 0 0 0 0 0 1 
0 0 0 0 0 0.760442 0 0 0.239558 0 
0 0 0 0 0 0 1 0 0 0 
0 0 0 1 0 0 0 0 0 0 
0 0.686081 0 0.313919 0 0 0 0 0 0 
0 0 1 0 0 0 0 0 0 0 
0 0 0 0 0 0 1 0 0 0 
0 0 0 0 0 0 1 0 0 0 
0 0 0 1 0 0 0 0 0 0 
0 0 1 0 0 0 0 0 0 0 
0 0 0 1 0 0 0 0 0 0 
1 0 0 0 0 0 0 0 0 0 
0 0 0 0 0 1 0 0 0 0 
1 0 0 0 0 0 0 0 0 0 
0 0 0 0 0 0 0 0 1 0 
0 0 0 0 0 0 0 0 0 1 
0 0 0 0 1 0 0 0 0 0 
0 0 0.371902 0 0 0 0.486207 0.14189 0 0 
0 0 0 1 0 0 0 0 0 0 
0 0 0 0 0 0 1 0 0 0 
0 0 0 0 0 0 1 0 0 0 
0 0 0 0 1 0 0 0 0 0 
0 0 0 0 0 0 0 1 0 0 
0 0 0.101293 0 0 0 0.422899 0 0 0.475808 
0 0 0 0 0 0 0.546412 0 0 0.453589 
0 0 0 0 0 0 1 0 0 0 
0 0 1 0 0 0 0 0 0 0 
0 0 0 0 0 0 0 1 0 0 
0.404713 0 0 0 0 0 0 0.595287 0 0 
0 0 1 0 0 0 0 0 0 0 
0 0 0 0 1 0 0 0 0 0 
0 0 1 0 0 0 0 0 0 0 
0 0 0 0 0 1 0 0 0 0 
1 0 0 0 0 0 0 0 0 0 
1 0 0 0 0 0 0 0 0 0 
0 0 0 0 1 0 0 0 0 0 
0 0 0 0 0.490096 0 0 0 0.509904 0 
0 0 0 0 0 0 0 0 0 1 
1 0 0 0 0 0 0 0 0 0 
0 0 0 1 0 0 0 0 0 0 
0 0 0 0 0 0 0 1 0 0 
0 0 0 0 1 0 0 0 0 0 
0 0 0 0 0 0 0 1 0 0 
0 0 0 0 0 0 0 1 0 0 
0 0 0 0 0 0 0 0 0 1 
0 0 0 0 0 0 0 0 0 1 
0 1 0 0 0 0 0 0 0 0 
0 0 0 1 0 0 0 0 0 0 
0 1 0 0 0 0 0 0 0 0 
0 0 0 0 0 0 1 0 0 0 
0 0 0 0 0 0 0 0 0 1 
0 0 0 0 0 0 0 0 1 0 
1 0 0 0 0 0 0 0 0 0 
0 0 0 0 0 0 1 0 0 0 
0 0 0 0 0 0 0 0 0 1 
0 1 0 0 0 0 0 0 0 0 
0 0 0 0 0 0 0 0 0 1 
0 0 0 0 0 0 1 0 0 0 
0 0 0 0 0 0 0 1 0 0 
0 1 0 0 0 0 0 0 0 0 
0 0 0 1 0 0 0 0 0 0 
0.411699 0.357638 0 0 0 0 0 0 0 0.230664 
0 0 1 0 0 0 0 0 0 0 
0 1 0 0 0 0 0 0 0 0 
0 0 0 0.431428 0 0 0 0.568572 0 0 
0 0 0 0 0.533378 0 0.466622 0 0 0 
0 0 0 0 0 0 0 0 0 1 
0 1 0 0 0 0 0 0 0 0 
0 0 1 0 0 0 0 0 0 0 
0 0 0 0 0 0 0 0 0 1 
0 0 0 0 0 0 0 1 0 0 
0 0 0 0 0 0 0 0 0 1 
0 0 0 0 0 0 1 0 0 0 
0 0 0 0 1 0 0 0 0 0 
1 0 0 0 0 0 0 0 0 0 
0 1 0 0 0 0 0 0 0 0 
0 0 0 0 0 0 1 0 0 0 
0 0 0 0 0 0 0 0 0 1 
0 0 0 0 0 0 0 1 0 0 
0 0 0 1 0 0 0 0 0 0 
0 0 0 0 0 0 0 0 0 1 
0 0 1 0 0 0 0 0 0 0 
0 0 0 0 1 0 0 0 0 0 
0 0 0 0 0 0 0 0 1 0 
0 0 1 0 0 0 0 0 0 0 
0 0 0 0 0 0 0 0 0 1 
0 0 0 0 0 0 0 0 0 1 
0 0 0 0 0 0 0 0 1 0 
0 0 0 0 0 0 1 0 0 0 
1 0 0 0 0 0 0 0 0 0 
0 0 0 0 0 0 0 0 1 0 
0 1 0 0 0 0 0 0 0 0 
0 0 0 0 0 0.310075 0 0.689925 0 0 
0 0 0 1 0 0 0 0 0 0 
0 0 1 0 0 0 0 0 0 0 
0 0 0 0 0 0 0 1 0 0 
0 0 0 0 0 0 1 0 0 0 
0 1 0 0 0 0 0 0 0 0 
0 0 0 0 1 0 0 0 0 0 
0 0 0 0 0 0 0 1 0 0 
0 0 0 0 0 0 0 0 1 0 
0 0 0 0 0 0 1 0 0 0 
0 0 0 0 0 0 1 0 0 0 
0 0 0 0 1 0 0 0 0 0 
0 0 0 0 0 0 0 1 0 0 
0 0 0 0 0 0 0 0 0 1 
0 0 0 0 0 0 0 1 0 0 
0 1 0 0 0 0 0 0 0 0 
0 0 1 0 0 0 0 0 0 0 
0 0 0 0 0 1 0 0 0 0 
0 0 1 0 0 0 0 0 0 0 
0 0 0 0 0 0 0 1 0 0 
0 0 0.728375 0 0 0 0 0 0 0.271625 
0 0 0 0 0 0 0 0 1 0 
0 0 0 0 0 0 0.604334 0 0.395666 0 
0 0 0 1 0 0 0 0 0 0 
