5 300
0.697118
0.459426
0.584381
0.615922
0.346178
11.5869 0.117962
11.4141 0.391742
11.1919 0.126742
10.7088 0.466665
10.6992 0.634619
10.5106 0.139982
10.2973 0.327181
10.1797 0.73184
9.79924 0.570578
9.67413 0.32915
9.63037 0.0945581
9.11254 0.123043
9.06839 0.714839
8.9672 0.75046
8.89795 0.736654
8.87827 1.74179
8.85548 0.380297
8.71933 1.74975
8.69016 0.469021
8.58306 1.50981
8.57405 1.26867
8.42511 0.456105
8.42447 1.2736
8.26982 1.33572
8.23424 0.839744
8.20964 0.687929
8.12603 1.58896
8.03915 1.55895
8.02 0.631273
7.92008 1.06065
7.82355 0.54154
7.59749 2.64784
7.59458 0.159212
7.40686 0.881984
7.38596 1.26023
7.38194 1.65308
7.37721 0.968876
7.36639 1.87189
7.34768 0.111009
7.34038 0.430124
7.30979 0.755316
7.19648 1.93102
7.17206 1.81104
7.08385 0.49233
6.95467 0.369281
6.95184 1.97197
6.94296 0.973968
6.90343 1.40028
6.85083 1.68583
6.7861 1.57359
6.73268 2.6974
6.71365 1.03896
6.51612 0.791917
6.49295 0.877682
6.49177 0.796952
6.48363 2.40997
6.47933 1.24362
6.36264 2.03726
6.34974 2.49194
6.3246 2.1674
6.31759 1.15808
6.29632 2.32402
6.2662 2.83896
6.244 1.31235
6.15617 3.28837
6.14863 2.17876
6.08709 3.06314
6.07344 3.09991
6.05355 3.24768
5.95145 1.28133
5.93788 1.55009
5.92927 2.11232
5.88936 1.58431
5.77705 2.09151
5.60108 2.73915
5.48902 3.08899
5.4716 2.39277
5.42846 2.9178
5.33442 2.25285
5.29648 1.90487
5.28131 2.54578
5.24646 3.58161
5.20272 2.04589
5.04971 3.53171
5.02812 2.22771
4.79522 2.96444
4.78492 3.11254
4.76594 2.93981
4.71593 3.83879
4.64017 3.31315
4.58531 2.22261
4.55273 2.80139
4.5479 2.95231
4.53513 3.41023
4.43476 2.53735
4.41291 3.41602
4.33639 3.51217
4.33546 2.46726
4.32175 3.18584
4.29084 3.22128
4.26701 3.5454
4.14047 5.05916
4.13545 3.41346
4.11943 4.03973
4.08139 4.30345
4.045 2.98236
4.01089 4.26018
3.98039 3.62289
3.94898 2.7348
3.94875 4.06824
3.93407 2.964
3.87948 4.16773
3.86864 3.04036
3.83628 4.05762
3.77661 2.90221
3.70685 4.46339
3.70337 3.26608
3.69266 3.03413
3.67389 5.14553
3.55321 2.77857
3.51122 5.26104
3.4997 3.68964
3.49726 3.89212
3.47876 5.36176
3.4303 3.74943
3.38767 4.95905
3.37854 4.57522
3.29863 3.5059
3.29447 3.55603
3.28003 3.39884
3.24899 4.4227
3.24101 3.78013
3.23934 5.1682
3.20817 4.91963
3.16113 3.61247
3.13037 4.70212
3.06938 3.44689
3.05988 4.39298
3.02527 4.11233
3.01974 3.95907
2.99248 3.89143
2.97838 4.21881
2.97329 3.50283
2.93128 3.8009
2.86103 3.77867
2.79352 4.51701
2.79087 3.87303
2.78491 3.43966
2.78026 4.39622
2.76514 3.22058
2.74615 4.36321
2.74064 5.293
2.67805 3.81315
2.67538 4.90841
2.61779 5.75619
2.52344 5.69724
2.46167 4.46314
2.39759 5.97539
2.32332 5.70863
2.31272 6.22238
2.17829 4.79984
2.12325 6.5662
2.11839 4.03939
2.10707 5.79558
2.08842 5.18753
2.01955 7.06836
1.9787 5.42551
1.94389 5.4049
1.91158 6.71316
1.90793 6.19788
1.89152 4.8676
1.87475 5.64058
1.87268 5.1402
1.83278 6.53526
1.79265 7.09714
1.77863 7.28371
1.73501 5.19467
1.71411 7.3394
1.71237 4.76314
1.71102 5.46374
1.70562 5.57607
1.70519 4.31879
1.67436 6.48099
1.64466 6.70685
1.63972 5.37969
1.59291 6.62669
1.53781 5.95636
1.51538 4.77258
1.5016 7.69022
1.45701 6.20802
1.43512 5.40381
1.37078 7.50692
1.32499 7.25812
1.20557 4.84923
1.18287 5.80271
1.1811 6.92852
1.17821 4.8482
1.17225 6.87323
1.15455 5.23934
1.08855 5.51775
1.07611 7.08994
1.05528 5.56965
1.03905 5.67358
1.02359 7.65221
1.02324 8.28658
0.998925 7.81018
0.992725 6.68551
0.972074 5.82549
0.94966 7.5277
0.917786 5.84075
0.914403 8.01955
0.864959 6.21545
0.858939 5.54508
0.857083 5.49284
0.853063 7.3373
0.840937 7.07569
0.838091 7.5948
0.803042 8.00791
0.800599 6.58009
0.798849 5.927
0.793067 7.94665
0.79042 5.78173
0.788192 6.37897
0.783929 8.10668
0.716252 6.75609
0.715211 8.77466
0.669893 7.41519
0.662894 8.55223
0.66023 7.32204
0.656101 6.1797
0.644317 8.22482
0.614249 7.95471
0.613049 6.61096
0.576276 8.83392
0.553405 6.43169
0.553018 7.71862
0.542851 9.54712
0.539529 8.94275
0.526864 8.80037
0.499568 7.79026
0.496288 9.27572
0.487519 8.78308
0.475172 6.81706
0.42327 9.48306
0.421334 9.23158
0.405192 9.21307
0.375575 9.02662
0.372681 9.29107
0.35763 8.15671
0.313808 7.09808
0.306168 8.68319
0.301062 9.94744
0.285395 7.46653
0.274594 9.01433
0.269431 7.73073
0.263631 8.02033
0.263229 8.34158
0.251416 10.1328
0.242593 6.50381
0.238909 7.1294
0.220034 9.73263
0.210566 7.80916
0.144093 10.6495
0.141101 9.48502
0.13722 10.0708
0.13714 9.69357
0.128842 9.0525
0.115878 6.78223
0.114864 9.61537
0.114824 8.72857
0.114361 10.1586
0.113531 8.92111
0.111658 7.48071
0.108261 10.2322
0.106885 6.81603
0.0980935 10.0045
0.0966627 8.03874
0.0946786 10.2264
0.0943327 10.3971
0.0768071 10.6757
0.0756515 6.86387
0.0670617 10.3825
0.0658348 9.80818
0.0651538 8.37442
0.051312 9.98322
0.0509462 9.42298
0.0464475 7.4305
0.0383231 10.9874
0.0375761 10.6765
0.0344777 7.77313
0.0250553 8.79681
0.0223138 11.3248
0.0209879 10.7137
0.0205872 8.84108
0.00780532 11.1458
0.00778195 7.75546
0.00675637 11.5363
0.00425143 9.29741
0.00286131 10.6542
0.00210794 12.2596
0.384841 0 0 0 0.615159 
0 0 1 0 0 
0 0 0 0 1 
1 0 0 0 0 
0 0 0 1 0 
0 0 0 1 0 
0 0.515576 0.484424 0 0 
0 0 1 0 0 
0 0 0 1 0 
0 0 0 1 0 
0 0 1 0 0 
0 0 1 0 0 
0 0 0 0 1 
0 0 0 1 0 
0 0 0 1 0 
0 0 1 0 0 
0 1 0 0 0 
1 0 0 0 0 
0 0 1 0 0 
0 0 0 0 1 
0 0 0 0 1 
0 1 0 0 0 
0 1 0 0 0 
0 0 0 1 0 
0 0 0 1 0 
1 0 0 0 0 
1 0 0 0 0 
0 0 0 0 1 
0 0 0.565261 0 0.434739 
1 0 0 0 0 
0 0 1 0 0 
0 0 1 0 0 
0 0 1 0 0 
1 0 0 0 0 
0 0.894343 0.105657 0 0 
1 0 0 0 0 
0 0.178134 0 0.579616 0.24225 
0 0 1 0 0 
0 1 0 0 0 
1 0 0 0 0 
0 0 0.678679 0.321321 0 
0 0 0 0 1 
0 0 0.270615 0 0.729385 
0 0 0 1 0 
0 0 1 0 0 
0 0 1 0 0 
0 0 1 0 0 
1 0 0 0 0 
0 0 1 0 0 
1 0 0 0 0 
1 0 0 0 0 
0.326218 0.673782 0 0 0 
0 0 0 0 1 
0.765208 0 0 0 0.234792 
0.198393 0.801607 0 0 0 
1 0 0 0 0 
0 1 0 0 0 
0 0.488625 0.511375 0 0 
0 0 0.62458 0 0.37542 
0.623455 0 0.376545 0 0 
1 0 0 0 0 
0 0.335736 0.664264 0 0 
0 0 0 1 0 
0 0 0 0 1 
0 0 0 1 0 
0.556258 0 0 0.443742 0 
0 1 0 0 0 
0.551945 0 0 0.448055 0 
0 1 0 0 0 
0 1 0 0 0 
0 0 0.203465 0.539896 0.25664 
0 1 0 0 0 
0 1 0 0 0 
0 1 0 0 0 
0 0 0 0 1 
0 0 0 1 0 
0 1 0 0 0 
0 0 0 0 1 
0 0.528722 0 0.471278 0 
0 1 0 0 0 
0 0 0 1 0 
0 0 0.521843 0 0.478157 
0 0 0 1 0 
1 0 0 0 0 
0 0 0 1 0 
0 0 0 1 0 
0 0 0 1 0 
0 0 1 0 0 
0 0 1 0 0 
1 0 0 0 0 
0 1 0 0 0 
0 0 0 1 0 
1 0 0 0 0 
0 0.456099 0 0.543901 0 
0 1 0 0 0 
0 1 0 0 0 
0 1 0 0 0 
0.26376 0 0 0 0.73624 
0 0 0 0 1 
0.642067 0 0.357933 0 0 
0.188691 0 0.521486 0.289823 0 
1 0 0 0 0 
0 0 0 1 0 
1 0 0 0 0 
0 0 1 0 0 
0 0 0 0 1 
1 0 0 0 0 
0 0 1 0 0 
0.474346 0 0 0 0.525654 
0.427675 0 0 0.572325 0 
0 0 0 0 1 
0 0 1 0 0 
0 1 0 0 0 
1 0 0 0 0 
0 1 0 0 0 
0 0 0 0 1 
0.227401 0 0.772599 0 0 
0 0 0 0 1 
0 0 0 1 0 
1 0 0 0 0 
0.371249 0.628751 0 0 0 
0 0 0 0 1 
0 0 1 0 0 
0 0 0 1 0 
0 0 1 0 0 
1 0 0 0 0 
1 0 0 0 0 
0 0 0.631496 0.368504 0 
0 0 0 0 1 
0 0 0 1 0 
1 0 0 0 0 
0 0.625143 0 0 0.374857 
0 0 0 1 0 
0 0 0 0 1 
0 0 0 1 0 
0 0 0 1 0 
0.270422 0 0.407517 0 0.322061 
0 1 0 0 0 
1 0 0 0 0 
1 0 0 0 0 
0 0 0 1 0 
0 0 0 0 1 
0 0 0 0 1 
0.422226 0.577774 0 0 0 
0 1 0 0 0 
0 0 0 0 1 
0 0 1 0 0 
0 0.458824 0 0.541176 0 
0 0 0 1 0 
0 0 0.586592 0.413408 0 
0 0 0 1 0 
0 0 1 0 0 
0.304211 0 0 0.339598 0.356192 
0.396422 0 0 0.603578 0 
0 0 0 1 0 
0 0 0.358268 0.641732 0 
0 1 0 0 0 
0 0.258628 0 0 0.741372 
0 1 0 0 0 
0 0 0 0 1 
0 0 0 1 0 
1 0 0 0 0 
0 0 0 1 0 
0 0 1 0 0 
0 0.276096 0 0 0.723904 
0 0 0 0 1 
0 0 0 1 0 
0 0 0 1 0 
0 1 0 0 0 
0.123953 0.876047 0 0 0 
0.541756 0 0 0 0.458244 
0 0 1 0 0 
0 0 1 0 0 
0 0 1 0 0 
0 0 1 0 0 
0 0 1 0 0 
0 0.59341 0 0.40659 0 
0 1 0 0 0 
1 0 0 0 0 
0 0 1 0 0 
1 0 0 0 0 
0 0 1 0 0 
0 0 0 0 1 
0 0 0 1 0 
0 0 0 0 1 
1 0 0 0 0 
0 0 1 0 0 
0 0 0 0 1 
0 0 1 0 0 
0 0 0 0 1 
0 0 0 1 0 
0 1 0 0 0 
0 0 0 1 0 
0 0 0 0 1 
0 1 0 0 0 
0 0 1 0 0 
0 0 0 1 0 
0 0.734845 0 0 0.265155 
0 1 0 0 0 
0 0 0 1 0 
0 0 0 1 0 
0 0 0 0 1 
0.274466 0 0.508236 0.217298 0 
0 1 0 0 0 
1 0 0 0 0 
0 0 0 0 1 
0 1 0 0 0 
0 0 0 1 0 
0 0 0 1 0 
0 0 0 0 1 
0 0 0 0 1 
0 0 1 0 0 
0 1 0 0 0 
0 1 0 0 0 
0 0 0 1 0 
0 0 0 1 0 
0 0 0 1 0 
0 0 1 0 0 
0.521248 0 0 0.478752 0 
1 0 0 0 0 
0 0 0 1 0 
1 0 0 0 0 
0 1 0 0 0 
1 0 0 0 0 
0 1 0 0 0 
0.328066 0 0.671934 0 0 
0 0 1 0 0 
1 0 0 0 0 
0 0 1 0 0 
0 1 0 0 0 
0 0.770785 0 0 0.229215 
0 1 0 0 0 
0 1 0 0 0 
0 1 0 0 0 
0 0 1 0 0 
0 0 0 1 0 
0 1 0 0 0 
0 1 0 0 0 
0 0 0 1 0 
0 0 0 1 0 
0 0 1 0 0 
0 1 0 0 0 
0 0 0.343724 0 0.656276 
0 0 0 1 0 
0 0 0 1 0 
1 0 0 0 0 
0 0.422498 0 0.577502 0 
0 1 0 0 0 
1 0 0 0 0 
0 0 1 0 0 
0 0 0 1 0 
0 0 0 1 0 
1 0 0 0 0 
0 0 0 1 0 
0 0 1 0 0 
0 0 0 1 0 
0 0 0 0 1 
1 0 0 0 0 
0 0 1 0 0 
0 0.557284 0.442716 0 0 
0 0 1 0 0 
0 0 1 0 0 
0 0 0 1 0 
0 1 0 0 0 
1 0 0 0 0 
0 0 1 0 0 
0.572534 0 0 0.427466 0 
0 0 0 1 0 
0 0 1 0 0 
1 0 0 0 0 
0 0 0 1 0 
1 0 0 0 0 
0 0 0 1 0 
1 0 0 0 0 
0 0 0 0 1 
0 0 1 0 0 
0 0 0 0 1 
0 0 0 1 0 
0 0 1 0 0 
0 0 0 1 0 
0 0 0.79679 0 0.20321 
0 0.329446 0 0.670554 0 
0 0 1 0 0 
0 0 1 0 0 
0 0 1 0 0 
0 0 0 1 0 
1 0 0 0 0 
0 0.4997 0 0.5003 0 
1 0 0 0 0 
0 1 0 0 0 
1 0 0 0 0 
1 0 0 0 0 
0 0 0 0.881596 0.118404 
0 0 0 0 1 
0 0 0 0 1 
0 0 0 0 1 
0 0 1 0 0 
1 0 0 0 0 
0 1 0 0 0 
0 0 0 1 0 
