5 25
0.431315
0.512271
0.361384
0.568777
0.702774
9.7943 0.662007
7.61533 0.720607
7.49753 1.59539
6.53372 1.97113
5.92538 1.99581
5.44901 2.42741
5.30628 3.88774
4.48138 2.97491
2.71226 3.4757
1.44599 5.96054
1.42857 6.10375
1.29449 5.28928
1.15775 5.42591
1.14209 7.41259
1.06586 5.35643
0.69664 8.70231
0.654123 8.2713
0.634968 6.2673
0.534828 7.53778
0.460285 7.82707
0.382747 8.43944
0.328936 6.65601
0.1516 10.034
0.00900456 9.15252
0.00724866 9.33721
0 1 0 0 0 
0 1 0 0 0 
0 0.820066 0 0 0.179934 
1 0 0 0 0 
1 0 0 0 0 
0 1 0 0 0 
0.391816 0.144924 0 0 0.46326 
0 1 0 0 0 
0 0 0 0 1 
1 0 0 0 0 
0 0 1 0 0 
0 1 0 0 0 
0 1 0 0 0 
0 0 0 1 0 
0 1 0 0 0 
0 0 1 0 0 
0 0 0 1 0 
0 0 1 0 0 
0.598001 0 0 0.401999 0 
0 1 0 0 0 
0 0 0 1 0 
0.640612 0 0.359388 0 0 
1 0 0 0 0 
0 0 0 1 0 
0 1 0 0 0 
