10 500
0.549715
0.654365
0.302237
0.658035
0.386244
0.267615
0.669721
0.478221
0.467568
0.305588
12.1804 0.106085
11.1928 0.59064
11.1905 0.240484
10.9886 0.341848
10.987 0.697664
10.3991 0.885115
10.391 0.487739
10.3482 0.409778
10.3323 0.690589
10.3094 0.266226
10.1695 0.666466
10.1079 0.51053
10.0657 0.491205
9.9245 0.263376
9.87526 0.920342
9.4623 0.473962
9.38255 0.758655
9.3788 0.370311
9.24881 0.820477
9.21157 0.761131
9.0697 1.1601
9.01101 0.658071
8.99628 1.603
8.973 1.5398
8.96744 1.43347
8.94724 0.297132
8.86937 0.32009
8.83981 0.835851
8.81087 0.949177
8.52718 1.03525
8.46951 0.816563
8.4398 0.400879
8.43318 0.72382
8.41492 0.656828
8.35343 1.39632
8.32596 2.10289
8.322 0.577473
8.23274 0.371721
8.1756 0.279154
8.02039 0.666534
7.91695 0.591131
7.87173 1.06493
7.81634 0.315862
7.75691 0.835209
7.71657 0.714528
7.70957 0.916605
7.69237 0.571424
7.65558 1.07477
7.65308 0.764434
7.60467 1.3109
7.59433 1.50405
7.58568 1.64315
7.54982 0.412236
7.47571 0.596278
7.47227 1.79641
7.3652 0.676049
7.32368 0.468769
7.28709 1.63951
7.27593 1.22183
7.25929 1.33218
7.25579 2.19549
7.1923 1.65982
7.17201 1.60466
7.07596 1.95984
7.07231 0.251923
7.06901 2.17845
7.06684 2.13301
6.99246 1.84119
6.93612 1.27893
6.88232 2.28988
6.82384 0.753163
6.80671 0.72823
6.79463 0.49271
6.76804 1.89994
6.75946 1.58874
6.72067 2.60207
6.70994 0.875132
6.70015 1.33895
6.56918 0.757722
6.55971 2.59993
6.55848 1.27302
6.51355 1.78706
6.44851 1.09136
6.44393 1.50014
6.41563 2.22671
6.35295 1.44413
6.34452 2.77813
6.33278 1.79207
6.32086 2.73573
6.28728 1.81001
6.26112 1.69291
6.24934 2.66028
6.22335 1.59306
6.10288 2.72017
6.05411 2.88367
5.99699 1.76341
5.95728 1.07713
5.93785 3.14635
5.82002 2.38274
5.81864 3.74267
5.81527 2.16451
5.77738 3.61277
5.74707 2.66921
5.69444 2.53275
5.67517 2.12963
5.66539 1.63621
5.66341 2.36281
5.65158 2.76509
5.63274 3.02401
5.6323 2.8496
5.58248 2.65628
5.5695 2.08143
5.56637 1.76226
5.54712 2.66186
5.40725 1.49964
5.38446 2.79333
5.30003 1.64791
5.29055 1.71619
5.22339 2.0555
5.20543 3.87149
5.1267 3.58655
5.02049 3.797
5.02011 2.12541
4.99483 2.75385
4.97718 2.81692
4.93624 2.32216
4.91662 2.16864
4.90587 2.5967
4.85815 2.41621
4.8499 2.34945
4.81949 3.35459
4.79264 4.05494
4.79137 3.63964
4.77213 2.43906
4.75045 3.44016
4.73944 3.00579
4.73623 3.02261
4.71994 3.5093
4.71734 3.87408
4.71661 2.73961
4.67885 2.31689
4.67639 4.28482
4.66361 3.26542
4.65506 2.63
4.64593 2.8562
4.63877 3.88645
4.61235 4.12449
4.59758 2.74261
4.54944 3.60927
4.5488 1.88578
4.53837 3.69889
4.52667 2.20231
4.50406 3.61642
4.47893 3.51068
4.46995 3.49481
4.42051 3.09894
4.4042 3.8957
4.33388 3.29399
4.33307 3.12774
4.30158 3.67181
4.28526 4.36174
4.27447 3.57015
4.26653 2.52286
4.26131 2.31219
4.24235 4.38012
4.16676 4.56251
4.12943 4.50764
4.1165 3.23053
4.10165 3.27094
4.07685 2.56293
4.03203 3.7377
3.94261 4.88449
3.93723 2.27285
3.91044 3.99195
3.8992 4.68344
3.87977 4.31647
3.87063 4.00133
3.81709 3.02133
3.80994 3.90458
3.66384 3.23625
3.65626 3.21569
3.65606 3.91245
3.60509 4.62336
3.58154 2.92048
3.49745 4.71214
3.49652 5.41875
3.48602 4.32657
3.47639 4.46323
3.44488 3.58525
3.43378 5.33481
3.42822 5.397
3.41791 5.38679
3.41507 3.96776
3.39357 4.21912
3.37952 3.96966
3.33245 4.55136
3.32541 4.77793
3.30466 3.60407
3.27896 3.71235
3.26271 4.89997
3.25718 4.664
3.23959 4.89209
3.23483 5.41837
3.19655 4.39812
3.19157 4.57372
3.18141 4.16255
3.17041 3.71804
3.16582 4.99676
3.15979 5.4586
3.15815 3.37629
3.08153 4.78705
3.06929 5.43252
3.04847 4.25618
3.04601 3.43906
3.02819 4.41443
3.02693 4.44195
3.00618 3.67227
3.00377 3.70107
2.99625 3.79574
2.90327 4.01016
2.89411 5.90987
2.88733 5.20978
2.88438 4.3106
2.87158 3.79539
2.80888 5.61547
2.76185 5.2694
2.73555 4.58713
2.72741 5.05112
2.72301 3.8716
2.70748 5.7034
2.68713 4.51223
2.65629 5.45307
2.61865 3.98372
2.60709 4.7033
2.59588 4.85445
2.58301 3.52066
2.57576 6.17833
2.55892 3.9644
2.5565 4.02866
2.5543 5.27685
2.54926 3.42174
2.54086 3.7362
2.54029 5.19871
2.5317 6.07761
2.50778 3.99704
2.50156 5.04266
2.45535 5.51402
2.44207 4.99542
2.42302 5.81049
2.37245 5.84929
2.35586 4.87777
2.31469 5.09055
2.31223 4.49254
2.29715 5.2283
2.28597 4.5546
2.27758 4.52346
2.27562 3.94906
2.26899 4.26186
2.26508 6.15273
2.24108 5.28863
2.23559 4.41888
2.2169 5.82274
2.20701 6.66053
2.19613 4.45831
2.17592 6.22162
2.16779 5.78618
2.15327 6.3775
2.13936 6.62699
2.12283 6.07173
2.11521 4.96342
2.10885 4.50294
2.10145 4.81598
2.08157 3.92722
2.05872 5.19969
2.02544 6.03614
2.02527 6.56516
2.0125 5.74466
2.00124 4.35964
1.97615 4.45795
1.91498 5.04577
1.90545 6.63085
1.89257 6.02901
1.86653 6.1196
1.85502 6.19296
1.83196 4.70966
1.78527 5.9724
1.76414 5.23137
1.75168 5.15446
1.73788 6.44143
1.7331 6.45624
1.73211 4.969
1.73004 5.38289
1.69405 5.61101
1.68768 4.98062
1.66063 7.08131
1.6463 6.08338
1.64419 6.56675
1.64392 4.71494
1.64139 5.94818
1.63253 5.64567
1.61656 5.53365
1.60016 4.33593
1.58926 5.98716
1.54594 5.42034
1.49682 4.82383
1.48341 7.51384
1.47298 7.33212
1.47192 7.35714
1.45447 4.62534
1.43337 6.42284
1.43197 7.11807
1.41165 4.6852
1.40818 7.7211
1.40731 6.89706
1.40276 5.36172
1.40223 5.72678
1.40083 7.85094
1.36813 5.13618
1.33549 6.15021
1.32783 6.25068
1.30805 5.74708
1.30615 6.54802
1.29353 6.51305
1.27142 4.77007
1.25696 7.29367
1.2477 5.63938
1.23259 7.78429
1.23244 7.57838
1.22957 6.63502
1.22113 5.58946
1.19741 6.60188
1.18428 5.41113
1.14708 7.86986
1.13472 8.00342
1.08441 7.56839
1.06466 6.2563
1.06348 8.70854
1.05748 5.4621
1.0368 7.38233
1.03664 5.20431
1.02647 8.39429
1.01198 7.77955
1.00776 5.24362
0.983049 7.35107
0.960806 7.76355
0.928192 5.67407
0.906447 8.13667
0.889606 6.61533
0.888535 6.7714
0.878998 5.31591
0.856558 5.28495
0.856165 8.60688
0.855823 6.49969
0.844158 6.25563
0.83042 6.21355
0.826736 7.36082
0.815969 7.57134
0.808477 8.6764
0.797439 6.07893
0.796213 5.63235
0.786567 6.40517
0.781292 7.31279
0.775677 7.0868
0.753932 7.45611
0.742039 7.43385
0.721561 6.33792
0.714486 7.45654
0.712796 8.13576
0.712014 7.30693
0.709328 5.64156
0.706515 6.4523
0.704535 7.25005
0.698216 5.6395
0.69766 5.74597
0.685835 7.2897
0.671635 6.01186
0.666743 8.66787
0.662909 8.32833
0.662695 6.38403
0.653938 6.09146
0.61914 6.58399
0.617735 6.22101
0.613478 6.0067
0.601115 6.76376
0.599934 5.91197
0.595275 8.87144
0.589221 7.83097
0.559076 6.33643
0.551441 8.65458
0.548654 6.12776
0.511714 9.49463
0.508598 7.08577
0.506376 7.1234
0.501335 8.78057
0.498116 8.86127
0.494861 7.48819
0.486303 9.39964
0.480276 8.0539
0.472391 9.22757
0.468078 8.44276
0.466951 9.61273
0.44867 8.00497
0.431398 7.58279
0.42597 9.54798
0.420461 8.07241
0.419128 10.0201
0.412736 8.27127
0.411631 9.75856
0.409247 9.51085
0.399506 9.30512
0.377544 6.42821
0.345684 7.30163
0.337797 7.35041
0.330175 9.33727
0.327502 6.54049
0.322722 6.99019
0.321821 6.8679
0.315468 6.33498
0.296063 8.25556
0.29045 9.4052
0.277743 6.20033
0.247967 10.5698
0.241857 6.71386
0.235562 8.89118
0.22311 9.92319
0.213086 10.1409
0.198925 10.1066
0.196685 6.71281
0.19228 8.97348
0.183649 10.5733
0.183344 10.2469
0.180298 10.7134
0.179928 8.5009
0.178598 10.7348
0.167039 7.82912
0.166492 8.21169
0.162977 8.81686
0.155589 9.79779
0.143728 8.39374
0.142561 8.72801
0.137865 9.39138
0.13516 7.10333
0.134515 9.04333
0.130068 6.68752
0.128619 9.38627
0.125083 7.93813
0.121175 9.88565
0.117963 9.44149
0.112418 8.00149
0.111089 9.55627
0.110273 8.49147
0.107133 10.0684
0.105234 8.49229
0.105108 10.4773
0.104125 8.74807
0.0989606 7.20733
0.097799 7.32487
0.0974898 8.21397
0.0903372 11.0823
0.0898265 8.86433
0.0861272 8.18705
0.0773305 10.4392
0.0729185 10.5818
0.0711583 9.5142
0.0681201 10.018
0.068042 6.88862
0.0654566 7.67673
0.063198 9.85263
0.0614471 7.28298
0.0564425 7.69253
0.0540168 10.8512
0.0509722 8.66209
0.039682 8.04555
0.0394312 10.6165
0.0393236 11.3293
0.0378588 7.46353
0.0375677 9.60617
0.0357167 8.46488
0.0310526 10.6115
0.0265442 10.5558
0.0247773 8.88163
0.024388 8.05741
0.0228401 9.44643
0.0204502 9.49681
0.0183189 8.48658
0.0177102 8.34462
0.0166641 11.2743
0.0162612 7.72125
0.0157108 7.44688
0.00989202 9.53898
0.00827306 8.6319
0.00773913 8.92096
0.00720203 10.6453
0.00390219 10.9241
0.00358077 9.04331
0.00248676 10.2356
0.00244719 10.3749
0.00154739 7.45709
0.00105284 10.5686
0.00102872 9.95815
0 0 0 0 0 0 1 0 0 0 
0 0 0 0 0 0.253726 0 0 0.746274 0 
0 0 0 0 0 1 0 0 0 0 
0 0 0 0 0.871215 0 0 0 0 0.128785 
0 1 0 0 0 0 0 0 0 0 
0 0.249193 0 0 0 0 0 0 0.750807 0 
0 0 0 0.504708 0 0.495292 0 0 0 0 
0 0 0 0 0 0 1 0 0 0 
0 1 0 0 0 0 0 0 0 0 
0 0 1 0 0 0 0 0 0 0 
0 0 0 0 0 0 0 0 1 0 
0 0 0.159477 0 0 0 0.232483 0 0 0.608039 
0 0 0 0 0 0 1 0 0 0 
0 0.535264 0.464736 0 0 0 0 0 0 0 
0 0 0 0 0 0 0 0 1 0 
1 0 0 0 0 0 0 0 0 0 
0 0 0 0 1 0 0 0 0 0 
0 0 0 0 0 0 0 1 0 0 
0 0 0 0 0 0 1 0 0 0 
0.4876 0 0 0 0.5124 0 0 0 0 0 
0 0 0 0 0 0 1 0 0 0 
0 0.357193 0 0 0 0 0 0 0.642807 0 
0 0 0 0 0 0 1 0 0 0 
0 0 0 0 0 0 1 0 0 0 
0 0 0 0 0 0 0.788183 0.211817 0 0 
0 0 0 0 0 0 0 0 1 0 
0 1 0 0 0 0 0 0 0 0 
0 0 0 0 0 0 0 1 0 0 
0 0 0 0.347204 0 0.223096 0 0.4297 0 0 
0 0 0 0 1 0 0 0 0 0 
1 0 0 0 0 0 0 0 0 0 
0 0 0 0 0 0 0 0 0 1 
0 0 0 1 0 0 0 0 0 0 
0 0 0 0 0 1 0 0 0 0 
0 0 0 0 0.269626 0.375002 0.355372 0 0 0 
0 0 0 0 0 0 0 0 1 0 
0 0 0 0 1 0 0 0 0 0 
0 0 0.328162 0 0 0 0 0.671838 0 0 
0 0 0 0 0 0 0 0 1 0 
0.484648 0 0 0 0.515352 0 0 0 0 0 
0 0 0 0 0 0 0 0 1 0 
0 0 0 0 0 0 0 0 0 1 
0 0 0 1 0 0 0 0 0 0 
0 0 0 0 0.722516 0 0 0 0.277484 0 
0 0 0 0 0 0 1 0 0 0 
0 0 0 0 0 0 0 1 0 0 
0 0 0 0 0 0 0 0 0 1 
0 0 1 0 0 0 0 0 0 0 
0 0 0 0 0.463612 0.536388 0 0 0 0 
0 0 0 1 0 0 0 0 0 0 
0 0 0 1 0 0 0 0 0 0 
1 0 0 0 0 0 0 0 0 0 
0 0 1 0 0 0 0 0 0 0 
1 0 0 0 0 0 0 0 0 0 
0 0 1 0 0 0 0 0 0 0 
0 0 0 0 0 1 0 0 0 0 
0.749686 0 0 0 0 0 0 0 0 0.250314 
0 1 0 0 0 0 0 0 0 0 
0 0 1 0 0 0 0 0 0 0 
0 0 0 0 0 0 1 0 0 0 
0 0 0 1 0 0 0 0 0 0 
0 0 0 0 0 0.453896 0.546104 0 0 0 
0 0 0.629294 0.370706 0 0 0 0 0 0 
0 0.228622 0 0 0.41661 0.354768 0 0 0 0 
0 0 0 0 0 0 1 0 0 0 
0 0 0 0 0 0 0 1 0 0 
1 0 0 0 0 0 0 0 0 0 
0 0 0 0 0 0 0 0 0 1 
0 1 0 0 0 0 0 0 0 0 
0 0 0 1 0 0 0 0 0 0 
0 0.496408 0 0 0 0 0 0 0.503592 0 
0 0 0 0 0 1 0 0 0 0 
0 0 0 0 0 1 0 0 0 0 
0 0 0 0 0 0 0 1 0 0 
0 0 0 0 0 0 1 0 0 0 
0 0 0 0 0 0 0 1 0 0 
0 0 0 0 0 0 0 0 1 0 
0 0 1 0 0 0 0 0 0 0 
0 0 1 0 0 0 0 0 0 0 
0 0 0 0 0 0 0 0 1 0 
0 0 0 0 0 0 1 0 0 0 
0 0 0 0 0 0 0 0 0 1 
0 0 0 0 0.861178 0 0 0 0.138822 0 
0 0 0 0 0 0 0 0 0 1 
0 0 0.366402 0 0 0 0 0 0 0.633598 
0 0 0 0 0 0 0 0 0 1 
0.64411 0 0.35589 0 0 0 0 0 0 0 
0 0 0 0 1 0 0 0 0 0 
1 0 0 0 0 0 0 0 0 0 
0 0 0 0 0 1 0 0 0 0 
0 0 0 0 0 1 0 0 0 0 
0 0 0 0 0 0 1 0 0 0 
0 0 0 0 0 0 1 0 0 0 
0 0 0 0 0 1 0 0 0 0 
0 0 0 0 0 0 0.542895 0 0.457105 0 
0 0 0 0 0 0 0 1 0 0 
1 0 0 0 0 0 0 0 0 0 
0 0 0 0 0 0 0 0 0 1 
0 0 0 0 0 0 0.716699 0.283301 0 0 
0 0 0 0 0 0 0 0 0 1 
0 0 0 1 0 0 0 0 0 0 
0 0 0 0 0 0 0 1 0 0 
0 0 0 1 0 0 0 0 0 0 
0 0 0 1 0 0 0 0 0 0 
0 0 0 1 0 0 0 0 0 0 
1 0 0 0 0 0 0 0 0 0 
0 0 1 0 0 0 0 0 0 0 
0 0 0 1 0 0 0 0 0 0 
0 0 0 0 0 1 0 0 0 0 
0 0 0 0 0 0 0 1 0 0 
0 0 0 1 0 0 0 0 0 0 
0 0 0 0 1 0 0 0 0 0 
0.28267 0 0.71733 0 0 0 0 0 0 0 
0 0 0 0 0 0 0 0 1 0 
0 0.168817 0 0 0.4035 0 0.427683 0 0 0 
0 0 0 0.502412 0 0 0.497588 0 0 0 
0 0 0 0 0 0 0 1 0 0 
0 0 0 1 0 0 0 0 0 0 
0 0 0 0 0 0 1 0 0 0 
0 0 0 0 0 1 0 0 0 0 
0 0 0 0 0 0 0.58834 0 0.41166 0 
0 0 0 0 0 0 0 0 1 0 
0 0 1 0 0 0 0 0 0 0 
0 0 0 0 0 0 0 0 1 0 
0 1 0 0 0 0 0 0 0 0 
0 0 0 0 0 0 0 0 0 1 
0 1 0 0 0 0 0 0 0 0 
0 0 0 0 0 0 0 0 0 1 
0 0 0 0 0 0 0 1 0 0 
0 0 0 1 0 0 0 0 0 0 
0 0 0 0 0 0 1 0 0 0 
0 0 0 0 0 0 0 0 1 0 
0 0 0 1 0 0 0 0 0 0 
0 0 0 0 0 1 0 0 0 0 
0 0 0 0 0 0 0 0 0 1 
0 0 0 0 0 0 0 0 0 1 
0 0 0 0 0 0 1 0 0 0 
0 0 0 0 0 1 0 0 0 0 
0 1 0 0 0 0 0 0 0 0 
0 0 0 0 0 0 0 1 0 0 
0 0 0 0 0 0 0 0 0 1 
0 0 0 0 0 0 0 0 1 0 
0 0 0 0 0 0 0 0 0 1 
0 0 0 0 0 1 0 0 0 0 
0 0 0 0 0 0 1 0 0 0 
0 0 0 0 0 0 0 0 1 0 
0 0 0 0 0 0 0.541615 0 0 0.458385 
0 0 0.58667 0 0 0 0 0 0.41333 0 
0 0.630225 0 0 0 0 0 0 0 0.369775 
0 0 1 0 0 0 0 0 0 0 
0 0 0 0 1 0 0 0 0 0 
0 0 0 0 0.275615 0 0 0 0 0.724385 
1 0 0 0 0 0 0 0 0 0 
1 0 0 0 0 0 0 0 0 0 
0 0 0 1 0 0 0 0 0 0 
0 0 0 0 1 0 0 0 0 0 
0 0 0 0 0.714685 0.285315 0 0 0 0 
0 0 0 0 1 0 0 0 0 0 
0 1 0 0 0 0 0 0 0 0 
0 1 0 0 0 0 0 0 0 0 
0 0 0 0 0 0 0 0 1 0 
0 0 1 0 0 0 0 0 0 0 
0 0 0 0 0 0 0 1 0 0 
1 0 0 0 0 0 0 0 0 0 
0 0 0 0 1 0 0 0 0 0 
0 0 0 0 1 0 0 0 0 0 
0 0 0 0 0 0 1 0 0 0 
1 0 0 0 0 0 0 0 0 0 
0 0 0 0 0 0 0 0 1 0 
0.477164 0 0 0 0 0 0 0 0.522836 0 
0 0 0 0 0 0 0 0 0 1 
0 0 0 0 0 1 0 0 0 0 
0 0 0 0 0 0 0 1 0 0 
0 0 0 0 0 0 0 1 0 0 
0 0 0 0.336038 0 0 0 0 0 0.663962 
0 0 0 0 0 0 0 1 0 0 
0 0.847503 0 0 0 0 0 0 0.152497 0 
0 0 0 0 0 0 1 0 0 0 
1 0 0 0 0 0 0 0 0 0 
0 0 1 0 0 0 0 0 0 0 
0 1 0 0 0 0 0 0 0 0 
0 0 0 0 1 0 0 0 0 0 
0 0 0 0 0 0 1 0 0 0 
0 0 0 1 0 0 0 0 0 0 
0 0 0 0 0 0 0 1 0 0 
0 0 0.345109 0 0 0 0 0.654891 0 0 
0 0 0 0 0 0 1 0 0 0 
1 0 0 0 0 0 0 0 0 0 
0 0 1 0 0 0 0 0 0 0 
0 0 1 0 0 0 0 0 0 0 
0 0 0 0 0 0 0 1 0 0 
0 1 0 0 0 0 0 0 0 0 
1 0 0 0 0 0 0 0 0 0 
0 1 0 0 0 0 0 0 0 0 
0 0 0 0 0 1 0 0 0 0 
0 0 0 0 0 0 0 1 0 0 
0 0.238324 0 0 0 0 0 0 0 0.761676 
0 0 0 1 0 0 0 0 0 0 
0 0 0 0 0 0 0 1 0 0 
0 0 0 1 0 0 0 0 0 0 
0 0 0 0 0 0 0 0 0 1 
0 0.55602 0 0 0.44398 0 0 0 0 0 
0 0 0 0 1 0 0 0 0 0 
0 0 0 0 0 0 0 0 0 1 
1 0 0 0 0 0 0 0 0 0 
0 0 0 0 0 0 0 0 0.260492 0.739508 
0 0 1 0 0 0 0 0 0 0 
0 0 0 0 1 0 0 0 0 0 
0 0 0 0 0 0 0 0 1 0 
0 0 0 0 1 0 0 0 0 0 
0.264844 0 0 0 0 0 0 0.735156 0 0 
1 0 0 0 0 0 0 0 0 0 
0 0 0 0.449109 0.550891 0 0 0 0 0 
0 0 0 0 0 0 0 0 0 1 
1 0 0 0 0 0 0 0 0 0 
0 0 0 0 0 1 0 0 0 0 
0 0 0 0 1 0 0 0 0 0 
0 0 0 0 0 1 0 0 0 0 
0 0 0 0 0 0 0 0 0 1 
0 0 0 0 0 1 0 0 0 0 
0 0 0 0 0 0 0.540975 0.459025 0 0 
0 0 0 0 0 0 0 0 0 1 
0 0 0 0 0 0 1 0 0 0 
0 0 1 0 0 0 0 0 0 0 
0 0 0 0 0 0 0 0 0.252054 0.747946 
0 0 0 0 0 0 0 0 0 1 
0 0 0 0 0 0 0 0 0.517791 0.482209 
0 1 0 0 0 0 0 0 0 0 
0 0 1 0 0 0 0 0 0 0 
0 0 1 0 0 0 0 0 0 0 
0 0 0 0 1 0 0 0 0 0 
0 0 1 0 0 0 0 0 0 0 
0 0 0 0 0 1 0 0 0 0 
0 0 0 0 0 0 0 0 1 0 
0 0 0 1 0 0 0 0 0 0 
0 0 0 0 0 0 1 0 0 0 
0 0 0 0 0 0 0 0 0 1 
1 0 0 0 0 0 0 0 0 0 
0 0 0 0 0 0 0 0 1 0 
0 1 0 0 0 0 0 0 0 0 
0 0 0 0 0 0 0 0 0 1 
0 0 0 0 0 0 0 0 0.555882 0.444118 
0.438979 0 0 0 0 0 0 0 0 0.561021 
0 0 0 0 0 0 0 0 0 1 
0 0.267164 0 0 0 0.732836 0 0 0 0 
0 0 0 0 0 1 0 0 0 0 
1 0 0 0 0 0 0 0 0 0 
0 0 0 0 0 0 1 0 0 0 
0 0 0 0 0 0 0 1 0 0 
0 1 0 0 0 0 0 0 0 0 
0 0 0 0 0 0 0 0 1 0 
0 1 0 0 0 0 0 0 0 0 
0 0 0 1 0 0 0 0 0 0 
0 0 0 0 0.3149 0 0 0 0 0.6851 
0 0 0 0 1 0 0 0 0 0 
0.513301 0 0 0 0 0.486699 0 0 0 0 
0 0 0 0 0 0 0 1 0 0 
0 0 1 0 0 0 0 0 0 0 
0 0 0 0 0 0 0 0 0 1 
1 0 0 0 0 0 0 0 0 0 
0 0 0 1 0 0 0 0 0 0 
0 0 0 0 0 0 0 0 1 0 
0 0 0 0 0 1 0 0 0 0 
1 0 0 0 0 0 0 0 0 0 
0 0 0 0 0 0 0 0 1 0 
0 0 0 1 0 0 0 0 0 0 
1 0 0 0 0 0 0 0 0 0 
0 0 0 0 0 1 0 0 0 0 
0.807207 0 0 0 0 0 0 0.192793 0 0 
0 0 0 0 0 0 1 0 0 0 
0 0 0 0 0 0 1 0 0 0 
0 0 0 0 0 1 0 0 0 0 
0 0 0 0 0 0 1 0 0 0 
0 1 0 0 0 0 0 0 0 0 
0 0 0 0 0.447836 0 0 0 0 0.552164 
0 0 0 0 0 0 0 1 0 0 
0 0 0 0 0 0 0 0 0 1 
0 0 0 0 0 0 0 0 1 0 
1 0 0 0 0 0 0 0 0 0 
0.342553 0 0 0 0 0 0 0.657447 0 0 
0 1 0 0 0 0 0 0 0 0 
0 0 0 0 0 0 1 0 0 0 
0 0 0 0 0 1 0 0 0 0 
0 0 0 0 0 0 1 0 0 0 
0 1 0 0 0 0 0 0 0 0 
0 0 0 0 1 0 0 0 0 0 
1 0 0 0 0 0 0 0 0 0 
0 1 0 0 0 0 0 0 0 0 
0 0 0 0 0 0 0 0 1 0 
0 0 0 1 0 0 0 0 0 0 
0 0 0.82315 0 0 0 0.17685 0 0 0 
0 1 0 0 0 0 0 0 0 0 
0 0 0 0 0 0 1 0 0 0 
1 0 0 0 0 0 0 0 0 0 
0 0 0 0 0 0 0 0 1 0 
0 0 0 0.567082 0 0.432918 0 0 0 0 
0 0 0 0 0 0 0 0 1 0 
0 0 1 0 0 0 0 0 0 0 
0 0 0 1 0 0 0 0 0 0 
0 0 0 0 0 0 0 1 0 0 
0 0 1 0 0 0 0 0 0 0 
0 0 0 1 0 0 0 0 0 0 
0 0 0 1 0 0 0 0 0 0 
0 0 0 0 0 0 0 0 0 1 
0 0 0 0 0 0 0 0 0 1 
1 0 0 0 0 0 0 0 0 0 
0 0 0 0 1 0 0 0 0 0 
0 1 0 0 0 0 0 0 0 0 
0 1 0 0 0 0 0 0 0 0 
0 0 0 0 0 0 1 0 0 0 
0 0.358156 0.132369 0 0 0 0.365808 0 0 0.143667 
1 0 0 0 0 0 0 0 0 0 
0 0 0 1 0 0 0 0 0 0 
0 0 1 0 0 0 0 0 0 0 
0 0 1 0 0 0 0 0 0 0 
0 0 0 1 0 0 0 0 0 0 
0 0 1 0 0 0 0 0 0 0 
0 0 0 0 0 0 1 0 0 0 
0 0 0.469507 0 0 0 0 0.530493 0 0 
0 0 0 0 0 0 0 1 0 0 
1 0 0 0 0 0 0 0 0 0 
0 0 0 0 0 0 0 1 0 0 
0 0 0 0 0 0 0 0 0 1 
0 0 0 0 0 1 0 0 0 0 
1 0 0 0 0 0 0 0 0 0 
0 1 0 0 0 0 0 0 0 0 
0 0 0 0 1 0 0 0 0 0 
0 0 0 0 0 0 0 0 1 0 
0 0 0 0 0 1 0 0 0 0 
0 0 0 0 0 1 0 0 0 0 
1 0 0 0 0 0 0 0 0 0 
0 1 0 0 0 0 0 0 0 0 
0 0 0 0 0 0 1 0 0 0 
0 0 0 0 0 0 0 0 1 0 
0 0 0 0 0 0.846693 0 0.153307 0 0 
0 1 0 0 0 0 0 0 0 0 
0 0 0 1 0 0 0 0 0 0 
1 0 0 0 0 0 0 0 0 0 
0 0 0 0 0 0 0 1 0 0 
0 0 0 1 0 0 0 0 0 0 
0 0 0 0 0 0 0 1 0 0 
0 0 0.228371 0 0 0.546415 0 0 0.225214 0 
0 0 0 0 0 0 0.510959 0 0.489041 0 
0 0 0 0 0 0 0 0 0 1 
0 0 0 0 0 0 0 1 0 0 
0.362879 0.637121 0 0 0 0 0 0 0 0 
0 0 0 0 1 0 0 0 0 0 
0 1 0 0 0 0 0 0 0 0 
0 1 0 0 0 0 0 0 0 0 
0 0 0 0 0 0 0 0 0 1 
0 0 0 0 0 1 0 0 0 0 
0 0 1 0 0 0 0 0 0 0 
0 0 0 0 0 0 0 0 0 1 
0 1 0 0 0 0 0 0 0 0 
0 0 0 0 0 0 0 0 1 0 
0 0 0 0 0 0 1 0 0 0 
0.526068 0 0 0 0 0 0.473932 0 0 0 
0 0 0 0 0 0 1 0 0 0 
0 0 1 0 0 0 0 0 0 0 
0 0 0.336429 0 0 0.663571 0 0 0 0 
0 0 1 0 0 0 0 0 0 0 
0 0 0 0 0 0 0 0 0 1 
0 0 0 0 0 0 1 0 0 0 
0 0 0 0 0 0 0 1 0 0 
1 0 0 0 0 0 0 0 0 0 
0 0 0 0 0 0 1 0 0 0 
0 0 0 0 0 0 0 0 1 0 
0 0 0 0 0 1 0 0 0 0 
0 0 1 0 0 0 0 0 0 0 
0 0 0 0 0 1 0 0 0 0 
0 1 0 0 0 0 0 0 0 0 
0 0 0 0 0 1 0 0 0 0 
0 0 0 0 0 0 0 1 0 0 
1 0 0 0 0 0 0 0 0 0 
0 0 0 0 0 0 0.705175 0 0.294825 0 
1 0 0 0 0 0 0 0 0 0 
0 0 0 0 0 0 1 0 0 0 
0 0 0 0 0 0 0 1 0 0 
1 0 0 0 0 0 0 0 0 0 
0 0.704625 0.295375 0 0 0 0 0 0 0 
0 0 1 0 0 0 0 0 0 0 
0 0 0 0 0 0 0 1 0 0 
0 0 0 0 0 0 0 1 0 0 
0 0 0 0 0 0 0 0 1 0 
0 0 0 0 0 0 0 0 0 1 
1 0 0 0 0 0 0 0 0 0 
0 0 0 0 0 0 0.431912 0 0.568088 0 
0 0 0 0 0.338634 0 0.661366 0 0 0 
0 0 0 0 0 0 0 1 0 0 
0 0 0 1 0 0 0 0 0 0 
0 0 0 0 0 0 0 0 1 0 
0 0 0 0 0 0 0 1 0 0 
0 0 0 1 0 0 0 0 0 0 
0 0 0 0 0 0 0 0 1 0 
0 0 0 0 0 0 0 0 0 1 
0.47724 0 0 0 0 0.52276 0 0 0 0 
0 0 0 0.742377 0 0 0 0 0 0.257623 
0 0 0 1 0 0 0 0 0 0 
0 0 0 0 0 1 0 0 0 0 
0 0 0 0 0 0.324935 0.384862 0.290203 0 0 
0 0 0 0 0 0 1 0 0 0 
0 0 0 0.33981 0 0 0.66019 0 0 0 
0 0 0 1 0 0 0 0 0 0 
0 0 0 0 0 0 0 1 0 0 
0 0 0 0 0 1 0 0 0 0 
0 0 0 0 0 0 0 1 0 0 
0 0 0 0 0 1 0 0 0 0 
0 0 0 0 0 0 0 0 0 1 
0 0 0 0 0 0 0 0 0 1 
0 0 0 1 0 0 0 0 0 0 
0 0 0 0 0 0 0 0 1 0 
0 0 1 0 0 0 0 0 0 0 
0 1 0 0 0 0 0 0 0 0 
0 0 0 0 0 0 1 0 0 0 
0 0 0 0 0 0 0 1 0 0 
0 0 1 0 0 0 0 0 0 0 
0 1 0 0 0 0 0 0 0 0 
0 0 0 0 0 0 0 1 0 0 
0 0 0 0 0 0 0 0 0 1 
0 0 0 0 0 0 1 0 0 0 
0.624461 0 0 0 0 0.375539 0 0 0 0 
0 0 0 0 0 0 0 0 0 1 
0 0 0 0 0 0 0 0 0 1 
0.380963 0 0 0 0 0 0 0 0 0.619037 
0 0 0 0 0 0 1 0 0 0 
0 0 0 0 0 0 0 0 0 1 
0 1 0 0 0 0 0 0 0 0 
0 0 0 0 1 0 0 0 0 0 
0 0 0 0 0 0 0.187307 0 0.812693 0 
0 0 0 0 0 0 0 0 0 1 
0 0 0.376238 0 0.161504 0 0 0 0 0.462258 
0 0 0 0 0 0.554865 0 0 0.445135 0 
0 1 0 0 0 0 0 0 0 0 
0 0.249835 0 0.750165 0 0 0 0 0 0 
0 0 0 0 0 0 0 0 0 1 
0 0 0 0 0 0 0 1 0 0 
0 0 0 1 0 0 0 0 0 0 
0 0 0 0 0.2806 0 0.7194 0 0 0 
0 0 0 0 0 0 1 0 0 0 
0 0 1 0 0 0 0 0 0 0 
0 0 0 0 0 0 0 1 0 0 
0 0 0 0 0 0 0 0 1 0 
0 0 1 0 0 0 0 0 0 0 
0 0 0.849608 0.150392 0 0 0 0 0 0 
0 0 0 1 0 0 0 0 0 0 
0 0 0 1 0 0 0 0 0 0 
0.731225 0 0 0 0 0.268775 0 0 0 0 
0 0 0 0 0 1 0 0 0 0 
0 0 0 0 0 0 0 1 0 0 
0 0 0 0 0 0 0 1 0 0 
0 0 0 0 0 1 0 0 0 0 
0 0.638374 0 0.361626 0 0 0 0 0 0 
0 1 0 0 0 0 0 0 0 0 
0 0 1 0 0 0 0 0 0 0 
0 1 0 0 0 0 0 0 0 0 
1 0 0 0 0 0 0 0 0 0 
0 0 0 0 0 0 1 0 0 0 
0 0 0 0 0 0 0 0 1 0 
0 1 0 0 0 0 0 0 0 0 
0 0.468033 0 0 0 0 0 0 0.531967 0 
0 0 0 0 1 0 0 0 0 0 
0 0 0 0 1 0 0 0 0 0 
0 0 0 0 1 0 0 0 0 0 
0 0 0 0 0 0 1 0 0 0 
0 0 0 0 0 0 0 1 0 0 
0 0 0 0 0 0 0 0 0 1 
0 0 0 0.764962 0 0 0 0.235038 0 0 
0 0 1 0 0 0 0 0 0 0 
0 0 0 0 0 0 0 1 0 0 
0 0 0 0 0 0 0 1 0 0 
0 0 0 0 0.374761 0 0 0 0.625239 0 
0 0 0 0 0 0 0 1 0 0 
0 0 0 0 0 0 1 0 0 0 
0 0 0 1 0 0 0 0 0 0 
0 0 0 0 0 0 0 0 1 0 
0 0 0 0.588953 0 0 0.411047 0 0 0 
0 0 0 0 1 0 0 0 0 0 
0 0 1 0 0 0 0 0 0 0 
0 0 0 0 0 0 0 1 0 0 
0 0.372412 0 0 0.627588 0 0 0 0 0 
0 0 1 0 0 0 0 0 0 0 
0 0 0 0 0 0 0 0 1 0 
0 0.304969 0 0 0.695031 0 0 0 0 0 
0 0 0 0 0 0 0 0 0 1 
0 0 0 0 0 1 0 0 0 0 
0 0 0 0 0 0 0.576996 0 0.423004 0 
0 0 0 0 1 0 0 0 0 0 
0 0 0 0 0 0 0 0 0 1 
1 0 0 0 0 0 0 0 0 0 
0 0 0 0 0 0 0 0 1 0 
0 0 0 0 0 1 0 0 0 0 
0 0 1 0 0 0 0 0 0 0 
0.493806 0 0 0 0.506194 0 0 0 0 0 
1 0 0 0 0 0 0 0 0 0 
0 0 0 0 1 0 0 0 0 0 
0 0 0 1 0 0 0 0 0 0 
0 0 1 0 0 0 0 0 0 0 
0 0 0 0 0 0 0 1 0 0 
0 0 1 0 0 0 0 0 0 0 
0 1 0 0 0 0 0 0 0 0 
