10 25
0.587268
0.427229
0.263411
0.270372
0.535083
0.321401
0.716199
0.619632
0.616632
0.335407
8.90755 0.892532
8.79224 1.34676
7.38477 0.297288
7.04266 2.8059
6.68387 1.94051
6.66208 1.77028
6.53456 2.50971
6.04007 1.63844
5.17355 2.24333
4.34583 2.854
4.06423 3.32291
4.04739 2.57109
3.44598 4.42266
3.04595 3.44082
2.88822 4.15524
2.47993 4.12155
2.32023 4.01081
2.21039 5.6481
1.10117 7.78265
0.351541 9.75477
0.342101 7.89456
0.291136 6.9905
0.199932 10.0467
0.0434222 10.0896
0.00261957 9.6996
0 0 0 0 0 0 1 0 0 0 
0 0 0 0 0 0 0 0 1 0 
0 0 0 1 0 0 0 0 0 0 
0 0 1 0 0 0 0 0 0 0 
0 1 0 0 0 0 0 0 0 0 
0 0 1 0 0 0 0 0 0 0 
0 0.502035 0 0 0 0 0 0.497965 0 0 
0 0 0 0 0 0 0 0 1 0 
0 0 0 0 0 0 0 0 0 1 
0 0 0 0 0 0 0 0 0 1 
0 1 0 0 0 0 0 0 0 0 
0 0 0 0 0 1 0 0 0 0 
0 0 0 0 0 0 0.121503 0 0 0.878497 
0 1 0 0 0 0 0 0 0 0 
0 0 0 0 1 0 0 0 0 0 
0 0 0 1 0 0 0 0 0 0 
0 0 0 1 0 0 0 0 0 0 
0 0 0 0 0 1 0 0 0 0 
0 0 0 0 0 0 0 0 1 0 
0 0 0 0 0 0 0 1 0 0 
0.523894 0 0 0 0 0.476106 0 0 0 0 
0 0 0 0 0 1 0 0 0 0 
0 0 0 0 0 0 0 0 1 0 
0 0.343214 0 0 0 0 0.420333 0 0.236453 0 
0 0 0 0 0 0 1 0 0 0 
