10 150
0.713938
0.702442
0.526877
0.367535
0.522054
0.460605
0.430121
0.319085
0.317168
0.611892
11.5825 0.21853
11.2258 0.329714
10.0787 0.732925
9.72793 0.735358
9.56285 0.873732
9.48391 1.0403
9.41675 1.20721
8.97328 0.775909
8.96327 0.405013
8.89025 0.359043
8.50559 1.91684
8.26506 1.13592
8.22255 0.830453
8.21673 0.786117
7.51562 1.99932
7.45799 0.806288
7.43027 1.11657
7.22867 1.98057
7.14849 1.54624
7.11817 1.61652
6.97391 1.61486
6.92039 2.31832
6.78977 2.26156
6.75295 1.34143
6.39886 3.08339
6.29717 2.65372
6.17139 1.50813
6.13737 2.79322
5.87817 1.16309
5.77364 1.68508
5.77351 2.09986
5.74163 2.83586
5.70679 2.51506
5.70141 1.51564
5.64245 1.85391
5.61773 1.90294
5.52125 2.89663
5.49944 2.2402
5.363 2.13236
5.27511 2.08462
5.07528 3.37089
5.07506 4.0171
4.98919 2.74276
4.67493 4.06998
4.60618 3.03199
4.56581 2.84554
4.47051 3.05555
4.37866 2.92736
4.24635 2.99202
3.91857 3.33125
3.83238 2.62807
3.76586 3.60017
3.69649 4.85077
3.6166 3.00324
3.55749 4.26617
3.49445 3.84418
3.49185 2.7877
3.32624 2.64076
3.31892 3.40753
3.12482 3.49746
3.10673 5.3071
3.07935 4.07742
2.84626 3.51389
2.83092 4.25471
2.81803 5.09677
2.81403 4.9481
2.72885 3.26493
2.72195 5.91851
2.70336 3.41386
2.69118 4.68335
2.68286 3.24386
2.1171 4.67748
2.06574 6.91832
2.04541 6.53909
2.00041 5.19033
1.79267 6.91286
1.69646 5.78196
1.59248 6.27597
1.54957 6.80279
1.51899 5.81675
1.4551 6.2154
1.41361 7.33138
1.39021 7.37439
1.38898 5.33482
1.37514 5.09871
1.36791 7.48146
1.32457 7.98523
1.20296 4.68832
1.18123 6.8596
1.17796 7.27421
1.16136 6.16161
1.16118 7.57246
1.0998 8.03216
1.07819 7.07452
1.06835 6.23945
1.01956 6.21092
0.980551 8.37449
0.922207 5.68881
0.873941 7.57056
0.81185 7.31109
0.754744 8.2881
0.707225 7.65891
0.673457 8.73096
0.636589 5.59918
0.631096 5.76963
0.603484 9.31363
0.593322 7.02043
0.58379 9.22286
0.581152 6.58867
0.517034 8.05198
0.48423 9.03064
0.474024 7.14364
0.433176 7.48076
0.415073 7.65432
0.394079 8.50801
0.349222 7.3626
0.344141 6.64317
0.300522 9.75256
0.288397 8.79378
0.266505 7.79882
0.25148 10.2136
0.240435 7.96419
0.211695 8.61202
0.195494 7.57176
0.177656 9.04936
0.169876 7.86408
0.149055 8.57685
0.142419 10.5565
0.136991 10.3468
0.103424 9.08874
0.100948 9.85875
0.0799444 8.63276
0.0729856 9.98471
0.0651512 8.65838
0.0650767 9.9929
0.0643596 10.7692
0.0398702 8.30156
0.0366559 8.66219
0.0204808 11.6317
0.0170699 8.97593
0.0144238 8.71373
0.0133054 7.90695
0.0101015 11.2856
0.00977838 7.5626
0.00828911 11.2092
0.00782859 9.24681
0.00447343 9.04209
0.00397918 7.7083
0.00344175 11.5013
0.00218121 8.81151
0 0 0 1 0 0 0 0 0 0 
0 0 0 0 0 1 0 0 0 0 
0 0 0.320154 0 0 0 0 0 0.679846 0 
0 0 0 0 1 0 0 0 0 0 
0 0 0 0 0 0 1 0 0 0 
0 0 0 0 0 0 0 0 1 0 
0 1 0 0 0 0 0 0 0 0 
0 0 0 0 0 0 0 0 0 1 
0 0.224996 0.362602 0.412402 0 0 0 0 0 0 
0 0 0 1 0 0 0 0 0 0 
1 0 0 0 0 0 0 0 0 0 
0 0 0 0 0 1 0 0 0 0 
0 0 0 0 0 0 0 0 1 0 
0 0 0 0 0 0 0 0 1 0 
0 1 0 0 0 0 0 0 0 0 
0.33915 0 0 0 0 0 0 0.40194 0.25891 0 
0 0 1 0 0 0 0 0 0 0 
1 0 0 0 0 0 0 0 0 0 
0 0 0 0 0 1 0 0 0 0 
1 0 0 0 0 0 0 0 0 0 
0 0 0 0 0 0 1 0 0 0 
0 0 0.474069 0 0 0 0.525931 0 0 0 
0 0 1 0 0 0 0 0 0 0 
0 0 0 0 0 0 0 0 1 0 
0 0 0 0 1 0 0 0 0 0 
0 0 0 0 1 0 0 0 0 0 
0 0 1 0 0 0 0 0 0 0 
0 0 1 0 0 0 0 0 0 0 
0 0 0 0 1 0 0 0 0 0 
0 0 0 1 0 0 0 0 0 0 
0 0 0.107712 0 0 0.149448 0 0 0.423876 0.318964 
1 0 0 0 0 0 0 0 0 0 
0 0 0 0 0 0.225646 0 0 0 0.774354 
1 0 0 0 0 0 0 0 0 0 
0 0 0 0 1 0 0 0 0 0 
0 0 0 0.214295 0 0.785705 0 0 0 0 
0 0 0 0 0 0 0 0 0 1 
0 0 0 0 0 0 0 0 0 1 
0 0 0 0.368685 0 0.631315 0 0 0 0 
0 0 0 0 0 0 1 0 0 0 
1 0 0 0 0 0 0 0 0 0 
0 0.709052 0 0.290948 0 0 0 0 0 0 
1 0 0 0 0 0 0 0 0 0 
0 0 0 1 0 0 0 0 0 0 
0 0 0 0 0 0 0 1 0 0 
1 0 0 0 0 0 0 0 0 0 
0 0 0 0 0 0 0 0 1 0 
0 0 0 0 0 1 0 0 0 0 
0 0 1 0 0 0 0 0 0 0 
0 0 0 0 0 0 1 0 0 0 
0 0 0 0 0 0 1 0 0 0 
0 0 0 0 0 0 0 0 1 0 
1 0 0 0 0 0 0 0 0 0 
0 0 0 0 0 0 0 1 0 0 
0 0 0 0 0 1 0 0 0 0 
0 0 0 0 1 0 0 0 0 0 
0 0 0 0 0 1 0 0 0 0 
0 0 0 0 0 0 0 0 0.5781 0.4219 
0 0 0 0 0 1 0 0 0 0 
0 1 0 0 0 0 0 0 0 0 
0 0 0 0 0 0 0 0 0 1 
0 0 0 1 0 0 0 0 0 0 
0 0 0 1 0 0 0 0 0 0 
0 0 0 1 0 0 0 0 0 0 
0 0 0 0 0 0.618875 0 0 0.381125 0 
0 0 0 1 0 0 0 0 0 0 
0 0 0 0 0 0 0 0 0 1 
0 0 0 0 0 0 0 1 0 0 
0 0 0 0 0 0 0 0 0 1 
0 0 0 0 1 0 0 0 0 0 
0 0 0 0 0 0 0 0 0 1 
0 1 0 0 0 0 0 0 0 0 
0 0 0 0 0 0 0 0 1 0 
1 0 0 0 0 0 0 0 0 0 
0 0 1 0 0 0 0 0 0 0 
0 0 0.738117 0 0 0 0 0.261883 0 0 
0 0 0 0 1 0 0 0 0 0 
0 0.581247 0 0 0 0 0 0 0 0.418753 
1 0 0 0 0 0 0 0 0 0 
0 0 0 0 1 0 0 0 0 0 
0 0 0 1 0 0 0 0 0 0 
0 0 0 0 0 0.596662 0.403338 0 0 0 
0 0 0 0 0 0 0 0 0 1 
0 0 1 0 0 0 0 0 0 0 
0 0 0 0 0 0 0 0 1 0 
0 0 0 0 1 0 0 0 0 0 
0 0 0 0 0 0 1 0 0 0 
0 0 1 0 0 0 0 0 0 0 
0 0 0 0 0 0.361461 0.638539 0 0 0 
0 0 0 0 0 0 0 0 0 1 
0 0 0 0 0 1 0 0 0 0 
0 0 0 0 0 0 0 0 0 1 
0 0 0 0 0 0 0 0 1 0 
0 0 0 0 0 0 0 1 0 0 
0 0 0 0 0 1 0 0 0 0 
0 0 0 1 0 0 0 0 0 0 
0 0 0 0 0 0 0 0 0 1 
0 1 0 0 0 0 0 0 0 0 
0 0 0 0 1 0 0 0 0 0 
0 0 0 0 0 0 0 1 0 0 
0 0.239865 0 0 0 0 0 0 0.760135 0 
0.468504 0 0 0 0 0 0 0 0 0.531496 
0 0 0 0 0 0 0 1 0 0 
0 0 0 1 0 0 0 0 0 0 
0 0 0 0 0 1 0 0 0 0 
0 0.853591 0 0 0 0 0 0 0 0.146409 
1 0 0 0 0 0 0 0 0 0 
0 0 0 0 0 0 0.232762 0 0.331295 0.435943 
0.458419 0 0.541581 0 0 0 0 0 0 0 
0 0 0 0 0 0 0 1 0 0 
0 0 0 0 0 0 0 0 0 1 
0 0 0 0 0 1 0 0 0 0 
0 1 0 0 0 0 0 0 0 0 
0 0 0 0 0 0 1 0 0 0 
0 1 0 0 0 0 0 0 0 0 
0.262031 0 0 0 0 0 0 0 0.737969 0 
0 0 0 0 0 0 1 0 0 0 
1 0 0 0 0 0 0 0 0 0 
1 0 0 0 0 0 0 0 0 0 
0 0 0 0 0 1 0 0 0 0 
0 0 0 0 0 0 0 1 0 0 
0 0 0 0 0 0 1 0 0 0 
0 0 0 0 1 0 0 0 0 0 
0 0 0 0 0 0 0 0.453577 0.546423 0 
0 0 0 0 1 0 0 0 0 0 
0 1 0 0 0 0 0 0 0 0 
0 0 0 0 0 0.444204 0 0 0.555796 0 
0 1 0 0 0 0 0 0 0 0 
0 0 0 1 0 0 0 0 0 0 
0 0 1 0 0 0 0 0 0 0 
0.792136 0 0.207864 0 0 0 0 0 0 0 
0 0 0 0 0 0 0 1 0 0 
0 0 0 0 0 0 0 0 1 0 
0 1 0 0 0 0 0 0 0 0 
0 1 0 0 0 0 0 0 0 0 
0 0 0 0 0 1 0 0 0 0 
0 0 1 0 0 0 0 0 0 0 
0 0 0 0 0 0 0 1 0 0 
0 0 0 0 0 0 0 0 1 0 
0 0 1 0 0 0 0 0 0 0 
0 0 0 0 0 0 0 0 0 1 
0 0 0 0 0 0 1 0 0 0 
0 1 0 0 0 0 0 0 0 0 
0 0 1 0 0 0 0 0 0 0 
0 0 0 0 0 0 0 1 0 0 
1 0 0 0 0 0 0 0 0 0 
0 0 0 0 0 1 0 0 0 0 
0 0 0 0 0 0 0 0 1 0 
0 0 0 0 0 1 0 0 0 0 
0 0 0 0.762408 0.237592 0 0 0 0 0 
