5 500
0.559871
0.717866
0.339096
0.495929
0.280448
11.759 0.297881
11.4125 0.447641
11.39 0.2522
11.3615 0.10882
11.3155 0.353239
11.2685 0.148044
10.7905 0.399892
10.4256 0.734314
10.3604 0.9005
10.1163 0.831791
10.1153 0.594323
9.95207 0.792974
9.89131 0.485826
9.69569 0.640321
9.66641 0.630226
9.56055 0.107739
9.5495 0.159048
9.42634 1.00873
9.31889 0.20387
9.29262 0.456779
9.27414 1.30926
9.18141 0.791828
9.11439 0.50747
9.10258 1.59047
8.99157 1.50013
8.95986 1.31288
8.89578 0.302179
8.87482 0.173664
8.79459 0.698296
8.7485 1.49999
8.67959 0.567782
8.66198 0.643914
8.636 1.48845
8.51857 1.20912
8.49644 1.45665
8.48392 0.849514
8.38015 0.824206
8.05422 1.5475
8.01655 1.37395
7.96412 1.61155
7.91241 1.78189
7.90798 1.21685
7.81843 0.267219
7.81187 0.5814
7.79862 1.10906
7.78105 0.961559
7.73766 1.27391
7.68701 0.447379
7.63265 0.696827
7.58304 1.37417
7.56046 2.15352
7.53639 1.75955
7.52886 0.57574
7.52616 1.63182
7.52428 2.14744
7.46614 0.110678
7.46383 1.27155
7.45862 2.19656
7.4093 0.166765
7.40894 0.222255
7.33865 1.1681
7.30293 0.941803
7.29939 1.98069
7.28956 0.490951
7.24963 1.24178
7.16258 2.11701
7.15964 0.454623
7.15189 2.07097
7.14385 1.46554
7.12195 1.01677
7.12029 0.5965
7.09109 2.63261
7.07377 0.587781
7.03857 2.66681
7.03235 0.978059
7.0319 2.69695
7.02641 1.02163
6.95437 1.0269
6.93248 1.94578
6.92811 1.92616
6.80243 0.794503
6.74997 1.40231
6.73594 2.36578
6.69103 2.55444
6.68703 1.29043
6.66778 0.732031
6.6581 1.6061
6.63911 1.90192
6.61052 0.679431
6.60387 0.748398
6.58493 2.57901
6.57816 1.73752
6.5596 0.934814
6.55141 1.85524
6.5341 3.11214
6.48564 2.24875
6.47474 0.998184
6.46284 2.82824
6.44873 1.16299
6.43572 1.49785
6.35225 1.26945
6.34249 2.61001
6.25792 2.8584
6.19117 1.6439
6.15224 1.56959
6.1023 2.1258
6.08571 0.949358
6.06715 2.22609
6.05113 1.6779
5.96112 2.42808
5.95877 2.6407
5.90736 2.78668
5.90538 1.85337
5.85747 1.48343
5.83229 1.83636
5.8287 2.15989
5.80257 3.45826
5.69973 2.05158
5.69456 2.9966
5.6851 1.69707
5.63894 1.37736
5.6069 3.01253
5.55312 2.96697
5.53306 2.07869
5.51596 2.56995
5.47379 2.58359
5.46789 2.45151
5.42881 1.96511
5.42214 2.14312
5.36566 3.13934
5.36492 2.86901
5.31207 2.53404
5.31142 2.37453
5.30976 1.55664
5.26887 2.5835
5.26366 2.53517
5.26055 1.71368
5.19532 1.41777
5.14299 2.00987
5.01716 2.92153
4.98729 4.18741
4.98634 2.95598
4.95907 2.43211
4.93884 2.03728
4.93308 2.16497
4.8992 3.27718
4.85783 3.29166
4.8545 4.373
4.85035 3.63986
4.83342 2.40108
4.81471 2.76102
4.71869 2.18522
4.64543 3.93263
4.62387 2.79573
4.55707 2.62545
4.54875 3.1081
4.53942 2.61744
4.52412 3.19251
4.49611 2.32162
4.49328 3.99245
4.42677 3.75225
4.42655 3.26637
4.41558 2.67739
4.38616 2.43478
4.37944 2.48278
4.35491 3.32416
4.32268 2.78036
4.28964 4.06215
4.28945 2.68575
4.27628 2.95919
4.18438 2.72907
4.1682 2.09972
4.15711 2.55804
4.13985 2.96983
4.13479 3.37068
4.08869 4.16233
4.07478 2.42178
4.05784 3.44297
4.03749 2.94022
4.02535 3.13286
4.02432 3.37735
4.01685 2.71461
4.00349 3.11448
3.93101 2.59228
3.88714 3.6586
3.87419 3.24833
3.87301 3.44251
3.86912 2.79275
3.85551 3.631
3.79801 5.47109
3.76788 4.27475
3.74675 4.85647
3.7396 3.51745
3.73939 3.762
3.73834 4.66868
3.72156 2.99735
3.69874 4.20017
3.68221 5.35663
3.65761 3.73837
3.63305 2.78531
3.60572 4.03134
3.5436 4.60727
3.51759 4.57245
3.50331 3.97316
3.47529 4.08145
3.40178 4.60232
3.39079 4.61393
3.38795 5.1878
3.36061 3.57537
3.34676 3.59891
3.28027 3.88038
3.25442 3.69948
3.25166 3.84597
3.24809 4.03494
3.24197 3.681
3.20057 3.83649
3.19212 3.46732
3.17913 4.35668
3.17538 5.81753
3.17516 4.67976
3.16954 2.94949
3.1624 4.73654
3.13118 4.58318
3.10983 4.59372
3.10908 3.49089
3.10586 5.15166
3.08179 5.73415
3.06839 3.76103
3.01538 5.19052
2.97251 4.13046
2.95158 3.64661
2.92748 3.89093
2.91123 4.69952
2.85928 3.12714
2.85472 3.19084
2.85135 3.60168
2.77786 3.81903
2.71628 4.53548
2.68518 6.32184
2.67843 3.50674
2.61991 3.73362
2.58438 5.41122
2.57624 5.55033
2.57224 3.9868
2.53518 5.04613
2.5307 5.29178
2.52075 5.11515
2.49928 5.28256
2.46403 5.1032
2.464 6.30175
2.45593 4.91378
2.45088 5.41322
2.35598 4.94858
2.33732 4.26064
2.29984 5.02576
2.28305 5.68382
2.26652 3.9446
2.21312 5.977
2.21085 5.09244
2.20048 4.52069
2.16305 5.2648
2.147 4.66243
2.11965 5.21994
2.10035 6.06826
2.08115 5.57442
2.07138 4.75555
2.06871 6.69725
2.06013 5.37019
2.00658 6.43738
2.00557 5.03492
1.9312 5.92689
1.91884 5.59652
1.88266 6.56926
1.86532 5.01704
1.86003 6.24465
1.85312 6.34456
1.84031 4.85577
1.83483 6.03422
1.79177 6.09512
1.78867 4.87229
1.76378 5.69568
1.76008 5.32036
1.75353 6.01269
1.72628 4.94777
1.72337 5.14153
1.71641 7.217
1.63843 7.67825
1.63469 5.49424
1.63257 5.19863
1.61776 4.62295
1.60807 7.21877
1.60712 5.37341
1.59947 7.04227
1.59525 6.86357
1.58168 7.17412
1.53058 6.53928
1.52552 6.86408
1.52189 4.38802
1.48788 5.80572
1.48601 4.21349
1.46186 6.84557
1.44564 5.61779
1.43114 7.08776
1.42269 6.26473
1.41025 7.24174
1.40388 6.66105
1.35642 4.88099
1.34952 6.35721
1.34475 6.59076
1.34031 5.83828
1.32195 5.19674
1.31966 8.3739
1.29367 6.02801
1.29305 4.97418
1.27537 6.5217
1.27251 6.76114
1.2656 7.9998
1.2612 6.97752
1.22972 6.66681
1.21963 5.70707
1.19697 5.46627
1.16186 5.97563
1.14233 5.80094
1.13941 7.33536
1.10491 6.63845
1.10463 5.16259
1.10158 7.41519
1.09635 5.9361
1.08909 5.9317
1.0875 5.91828
1.07665 6.46603
1.076 4.99256
1.03808 8.23396
1.02888 7.28542
1.02127 6.00685
1.01121 7.65556
1.00529 5.56579
1.00073 5.53044
0.996616 7.13487
0.98046 6.20224
0.937115 6.85673
0.935243 5.99098
0.91139 5.7898
0.891528 7.35201
0.88756 7.42587
0.881854 5.56362
0.881088 5.95759
0.880261 5.26363
0.85786 5.76644
0.840486 7.10484
0.831308 7.93208
0.827651 8.20285
0.819111 7.64434
0.809168 6.32182
0.795097 7.44327
0.794466 8.53052
0.767862 5.99809
0.748767 7.3427
0.748563 5.54354
0.74487 8.37199
0.702578 7.8319
0.698301 6.49618
0.696092 8.35447
0.69498 8.47474
0.685244 7.25699
0.679682 8.95729
0.676768 9.19809
0.653398 8.73354
0.639174 7.68315
0.633792 6.53786
0.632688 6.60982
0.627476 6.95867
0.590237 6.66453
0.563851 8.13952
0.563272 6.71062
0.55928 6.31505
0.550022 9.78317
0.549606 7.09927
0.540731 8.32424
0.537179 8.1444
0.519223 8.77148
0.510146 9.56478
0.489628 8.56038
0.48727 7.87728
0.486225 7.31363
0.484872 9.89798
0.469956 6.84209
0.459569 7.04517
0.457229 8.76215
0.443715 7.86761
0.441509 7.69917
0.438418 7.67834
0.436678 8.00844
0.421444 7.03671
0.405921 9.44801
0.39515 9.37811
0.390741 8.72721
0.389236 8.56506
0.385948 6.67802
0.364197 6.94891
0.353125 6.23275
0.346832 7.20597
0.335883 6.43801
0.335777 8.10984
0.324465 7.30924
0.318168 7.2114
0.307244 7.05569
0.296621 8.77487
0.288073 9.31465
0.284428 9.31664
0.27038 7.99336
0.267318 9.8062
0.262697 9.83391
0.257883 9.11143
0.251309 8.59049
0.245552 7.78866
0.244088 7.2136
0.243711 9.74016
0.238851 7.23959
0.231048 8.22759
0.230981 6.33491
0.22419 8.09148
0.222891 6.73818
0.218692 10.1972
0.217939 10.072
0.210392 7.61147
0.207042 10.4588
0.205903 6.80134
0.192339 9.47878
0.172881 7.36894
0.171996 8.56082
0.162984 8.58395
0.152294 10.4629
0.149843 7.27154
0.149446 8.03909
0.142485 6.70522
0.132127 10.8969
0.128936 10.5766
0.120756 10.446
0.118365 8.1059
0.115559 7.21058
0.113981 8.24246
0.107583 7.36339
0.102166 11.1533
0.10101 10.5076
0.0962922 11.2676
0.0956113 8.44537
0.0900521 7.16355
0.0891409 7.8365
0.0890725 10.3862
0.0855374 8.0352
0.0837144 8.72636
0.0802567 7.87253
0.0794233 8.0458
0.076881 9.87537
0.075978 7.03059
0.0745816 6.99197
0.0737528 10.458
0.0691128 10.2835
0.0683563 9.83154
0.0671233 11.194
0.0620002 10.1749
0.0612387 10.475
0.0549145 9.31973
0.0543131 7.23552
0.0540906 10.5289
0.0527106 11.2526
0.0509846 8.6621
0.0503427 11.6529
0.0465911 10.3692
0.0451755 11.412
0.0417606 8.78461
0.0415498 10.4091
0.0365414 9.44262
0.0350039 9.45663
0.0347202 7.16896
0.032116 10.0301
0.0274985 9.44548
0.0237625 8.59801
0.0235408 7.20007
0.0221957 8.26931
0.0194559 7.26339
0.0177237 11.1018
0.0158128 8.8269
0.0102496 7.58389
0.0100214 11.4471
0.00796485 10.9227
0.00769471 10.6137
0.00525478 11.2963
0.00523242 11.1806
0.004658 7.76092
0.00369279 10.4618
0.0036045 8.26579
0.00360096 11.7688
0.003222 9.82549
0.0031808 9.85699
0.00268853 7.79996
0.00147173 9.98923
0.0011467 9.77682
0.00106736 7.50077
0 0 1 0 0 
0 1 0 0 0 
0 1 0 0 0 
0 1 0 0 0 
0 0 0 0 1 
0 0 0 0 1 
0 0.346834 0.653166 0 0 
0 0 0.775392 0.224608 0 
0 0.731488 0 0 0.268512 
0 1 0 0 0 
0 0 0 0 1 
0 1 0 0 0 
1 0 0 0 0 
1 0 0 0 0 
0 0 0 0 1 
0 1 0 0 0 
0 1 0 0 0 
0 1 0 0 0 
0 0 0 1 0 
1 0 0 0 0 
0 0 1 0 0 
0 1 0 0 0 
0 0 0.170318 0.829682 0 
0 0 0 0 1 
1 0 0 0 0 
1 0 0 0 0 
0 0 0 0 1 
0 1 0 0 0 
0 0 0 0.660475 0.339525 
0 0 1 0 0 
1 0 0 0 0 
0 1 0 0 0 
0 0 1 0 0 
0 0 0 0 1 
1 0 0 0 0 
0 0 0 0 1 
0 0.478825 0 0.521175 0 
0.10318 0 0.89682 0 0 
0 1 0 0 0 
0 1 0 0 0 
0 0 0 1 0 
0 0.308203 0.691797 0 0 
0 0 1 0 0 
0 0 0 1 0 
1 0 0 0 0 
0 1 0 0 0 
0 1 0 0 0 
0 0 0 1 0 
1 0 0 0 0 
0 0 0 0 1 
0 0 0 0 1 
0 0 0 0.761856 0.238144 
0.692622 0 0 0 0.307378 
1 0 0 0 0 
0 0 0 0 1 
0 0 0 0 1 
0 0.664432 0 0.335568 0 
0 0.361516 0 0 0.638484 
1 0 0 0 0 
0 0 0 0 1 
0.587665 0 0.412335 0 0 
0 0 1 0 0 
0 0 0 1 0 
0 0 1 0 0 
0 0 0 0 1 
0 0 0 0 1 
0 1 0 0 0 
0 0.568977 0 0 0.431023 
0 0 1 0 0 
0 0 0 0 1 
0 1 0 0 0 
1 0 0 0 0 
1 0 0 0 0 
0 0 0.365615 0.634385 0 
0 1 0 0 0 
0 1 0 0 0 
0 0 1 0 0 
0 0 0.473793 0 0.526207 
0.5607 0 0 0 0.4393 
0 0 0 1 0 
0.57527 0 0.42473 0 0 
0 0 0 1 0 
0 0 0 1 0 
0 1 0 0 0 
0 0 0 1 0 
0 0 1 0 0 
0 0 0 0 1 
0.580958 0 0 0.419042 0 
0 0 0 1 0 
0.408826 0 0 0.591174 0 
0.434736 0.565264 0 0 0 
0 0 0 0 1 
0 1 0 0 0 
0 0 1 0 0 
0 1 0 0 0 
0 0 1 0 0 
0 0 0 0 1 
0 0 1 0 0 
0.566641 0.433359 0 0 0 
0 0 0.322948 0.677052 0 
0 0 0 0 1 
0 0 0 1 0 
0.101673 0 0 0.898327 0 
0 0 0 1 0 
0 0 0 1 0 
0 0.246778 0 0.753223 0 
0 1 0 0 0 
1 0 0 0 0 
0 0 0 0 1 
0 1 0 0 0 
0 0 0 0 1 
0.564449 0 0.435551 0 0 
0.682506 0 0 0 0.317494 
0 0 1 0 0 
0 0 1 0 0 
0 0 0 0 1 
0 0 1 0 0 
0.18828 0 0 0 0.81172 
0 0 1 0 0 
0 0 0 1 0 
0 0 0 1 0 
0 0 0.763349 0.236651 0 
0 0 0.262514 0.737486 0 
0 0 0 1 0 
0 0 0 1 0 
1 0 0 0 0 
0 0 0 0 1 
0 0 1 0 0 
0 0 0 0 1 
0 0.562251 0 0.437749 0 
0 0 1 0 0 
0 0 0 1 0 
0 0 0 1 0 
1 0 0 0 0 
0 0 0 1 0 
0 0 1 0 0 
0 0 0 0 1 
0 0 1 0 0 
0.411312 0.588688 0 0 0 
0 0.360666 0.639334 0 0 
0 0 1 0 0 
0 1 0 0 0 
0 0 0 1 0 
0 1 0 0 0 
1 0 0 0 0 
0 0 0 1 0 
0 0 0 1 0 
0 0 1 0 0 
0 1 0 0 0 
0 0 0 1 0 
1 0 0 0 0 
0 0 1 0 0 
0 0 1 0 0 
0 0 0 0 1 
0 0 1 0 0 
0 0.762756 0.237244 0 0 
0 0 0 1 0 
0 0.359621 0 0.640379 0 
0 0 0 1 0 
0 0 0 1 0 
1 0 0 0 0 
0 1 0 0 0 
0 0 0 0 1 
0 1 0 0 0 
0 1 0 0 0 
0 0.489734 0 0.510266 0 
0 1 0 0 0 
0 0 1 0 0 
0 0 0 0 1 
0 1 0 0 0 
0 0 0 1 0 
0 0 1 0 0 
0 0.778614 0 0.221386 0 
0 0 0 1 0 
0 0.475013 0 0 0.524987 
0 0 0 1 0 
0 0 0 0 1 
0 1 0 0 0 
0 0 0 1 0 
1 0 0 0 0 
0 0 0 1 0 
0 0 1 0 0 
1 0 0 0 0 
0 0 0 0 1 
0 0.527953 0 0 0.472047 
0 0 1 0 0 
0 0 0 0 1 
0 1 0 0 0 
0 0 0 1 0 
1 0 0 0 0 
0 0 1 0 0 
0 1 0 0 0 
0 0 0 1 0 
0 1 0 0 0 
0 0.333138 0 0 0.666862 
0 0.172064 0.827936 0 0 
0 0 0 1 0 
1 0 0 0 0 
0 0.360305 0 0.639695 0 
0 0 0 0 1 
1 0 0 0 0 
1 0 0 0 0 
0 1 0 0 0 
1 0 0 0 0 
0 1 0 0 0 
0 0 0 0 1 
1 0 0 0 0 
1 0 0 0 0 
0 0 0 0 1 
1 0 0 0 0 
0 0 0 0 1 
0 1 0 0 0 
1 0 0 0 0 
0 1 0 0 0 
0 1 0 0 0 
0 0 0 0 1 
0 0 1 0 0 
0 0 1 0 0 
0 0 1 0 0 
0 0 0 1 0 
0.424584 0 0 0 0.575416 
0 0 0 1 0 
0.327951 0 0 0 0.672049 
0.394929 0.0985495 0 0.506521 0 
0 1 0 0 0 
1 0 0 0 0 
1 0 0 0 0 
0 0 1 0 0 
0 0 0 1 0 
1 0 0 0 0 
0 0 0 0 1 
0 0 0.480233 0.519767 0 
1 0 0 0 0 
1 0 0 0 0 
0 0 0.1475 0 0.8525 
0 1 0 0 0 
0 0 1 0 0 
0 0 0 0 1 
0 0 0 1 0 
0 1 0 0 0 
0 0 1 0 0 
0 0 0 0 1 
0 0 0.43837 0.56163 0 
0 0 0 0 1 
0 1 0 0 0 
0 1 0 0 0 
1 0 0 0 0 
0 0 0 1 0 
0 0 0 0.798419 0.201581 
0 0 0 1 0 
0 0 0 0.375325 0.624675 
0 0 1 0 0 
0 0 0 1 0 
0.380837 0 0.377156 0 0.242007 
1 0 0 0 0 
0 0.440399 0.559601 0 0 
0 0.576918 0.423082 0 0 
0 1 0 0 0 
0 0 0 0.685417 0.314583 
0 1 0 0 0 
0 1 0 0 0 
0 0 0 1 0 
0 1 0 0 0 
0 0 0.160116 0 0.839884 
0 0.169508 0 0.830492 0 
0 0.716489 0 0.283511 0 
0 0 0 0 1 
0 0 0 1 0 
0 0 1 0 0 
0 1 0 0 0 
0 0 0 0 1 
1 0 0 0 0 
0.313576 0 0 0 0.686424 
0.143678 0 0 0.856322 0 
0.82413 0 0.17587 0 0 
0 1 0 0 0 
0 0 0 1 0 
0 1 0 0 0 
0 0.719151 0.280849 0 0 
0.489761 0 0 0.510239 0 
0 0 0 0 1 
1 0 0 0 0 
0 0 0 0 1 
0 0 0 1 0 
0 0 0.527736 0.472264 0 
0 0 0 0 1 
0.44904 0 0.55096 0 0 
1 0 0 0 0 
0.405712 0.368367 0 0.225921 0 
0 0 1 0 0 
0 0 0 0 1 
0 0 0 1 0 
0 0 0 1 0 
0 0 1 0 0 
0 0 0 1 0 
0 0 0 1 0 
1 0 0 0 0 
0 0 1 0 0 
0 0 0 1 0 
0 1 0 0 0 
0 0 0 0 1 
0 0 0 0 1 
1 0 0 0 0 
0 0 0 0 1 
0 0.648545 0 0.351455 0 
0 1 0 0 0 
1 0 0 0 0 
1 0 0 0 0 
1 0 0 0 0 
0 0 0 1 0 
1 0 0 0 0 
0 0 0 1 0 
0 1 0 0 0 
0 0.15584 0 0.84416 0 
0 1 0 0 0 
0 1 0 0 0 
0 0 0 1 0 
0 0 0 1 0 
1 0 0 0 0 
0 1 0 0 0 
0 0 0 0 1 
0 0 1 0 0 
0 0 0 0 1 
0 0 0 1 0 
0 1 0 0 0 
0.534432 0 0 0.465568 0 
0 0 0 0 1 
0 0 1 0 0 
0 0 0 0.539607 0.460393 
0 1 0 0 0 
0 0.42462 0 0 0.57538 
0 0.825334 0.174666 0 0 
0 0 0 1 0 
0 0 0 0 1 
0 0 0.223338 0.776662 0 
0 0 0 1 0 
0 0.451589 0 0 0.548411 
0 0 1 0 0 
0 0 0 0.255762 0.744238 
0 0 0 1 0 
0 0 0 1 0 
0 1 0 0 0 
0 1 0 0 0 
0 0 0 1 0 
0 0 1 0 0 
0 1 0 0 0 
0 0 0 1 0 
0 0 0 1 0 
0.526145 0 0.473855 0 0 
0 0 1 0 0 
0 0 0 1 0 
0 0 0 1 0 
0 0.219035 0 0 0.780965 
1 0 0 0 0 
0 1 0 0 0 
0 0 0 0.386584 0.613416 
0 0 1 0 0 
0 0 1 0 0 
0 0 0 0 1 
1 0 0 0 0 
0 0 1 0 0 
1 0 0 0 0 
0 0 0 0 1 
0 0 0 0 1 
0 0 1 0 0 
0 0 0 1 0 
0 0 1 0 0 
0 0 1 0 0 
0 0 1 0 0 
0 0 0 1 0 
0 0 0.530489 0 0.469511 
0 0.766887 0 0 0.233113 
0 0 0 0 1 
0 0 0 0 1 
0 0 0 1 0 
0 1 0 0 0 
0 1 0 0 0 
0.548507 0 0.285333 0.166161 0 
0 0.31734 0 0 0.68266 
0 0 0 1 0 
0 0 1 0 0 
0 0 0 0 1 
0 0 0 1 0 
0 0 0.774709 0 0.225291 
1 0 0 0 0 
1 0 0 0 0 
0 1 0 0 0 
0 0 0 0 1 
0 1 0 0 0 
0 1 0 0 0 
0 0 0 0 1 
0 0.512516 0.487484 0 0 
1 0 0 0 0 
0 0 1 0 0 
1 0 0 0 0 
0.433994 0.566006 0 0 0 
0 0 0 1 0 
0 0 0 1 0 
0 1 0 0 0 
0 0 1 0 0 
0.429647 0 0 0 0.570353 
0 1 0 0 0 
0 0 1 0 0 
0 0 0 1 0 
1 0 0 0 0 
1 0 0 0 0 
0 0 1 0 0 
1 0 0 0 0 
1 0 0 0 0 
0 0 0 1 0 
0 0 0 0 1 
0 0 0 0 1 
0 0 0 1 0 
0 0 0 0 1 
1 0 0 0 0 
0 0 0 1 0 
0 0 0 0 1 
0 0 1 0 0 
0 1 0 0 0 
0 0 1 0 0 
1 0 0 0 0 
0 1 0 0 0 
1 0 0 0 0 
0 0 0 0 1 
1 0 0 0 0 
0 0 1 0 0 
0 0 0 1 0 
0 0.645816 0.354184 0 0 
0 0 0 1 0 
0 0 1 0 0 
0 0 0 1 0 
0 0 0 0 1 
0 0 1 0 0 
0 1 0 0 0 
0 0 0 1 0 
1 0 0 0 0 
0 0 1 0 0 
0 1 0 0 0 
0 0 0 0 1 
0 0 0 1 0 
0.220737 0.779263 0 0 0 
0 0 0 0 1 
0 0 1 0 0 
1 0 0 0 0 
0 0 1 0 0 
1 0 0 0 0 
0.381015 0.618985 0 0 0 
0 0 0 0.582662 0.417338 
0 0 1 0 0 
0 1 0 0 0 
0 0 0 0 1 
0 0 0 0 1 
0 0 0 0 1 
0 0 0 0 1 
0 0 0.537208 0.462792 0 
0 0 0 1 0 
0 0 0 0 1 
0 1 0 0 0 
0 0 0 1 0 
0 0 1 0 0 
1 0 0 0 0 
0 0 0.279727 0 0.720273 
0 0 0 1 0 
0 0 0 1 0 
0 0 1 0 0 
0 1 0 0 0 
0 0 1 0 0 
0 0 0 0 1 
0 0.491515 0.508485 0 0 
1 0 0 0 0 
0 0 1 0 0 
0 0 0.369869 0.277519 0.352612 
0 1 0 0 0 
0 0 0 1 0 
0 1 0 0 0 
0 0.535572 0 0 0.464428 
0 0 0 0 1 
0 0 0 1 0 
0 1 0 0 0 
0 0 0 0 1 
0 0 1 0 0 
0 0 1 0 0 
0 1 0 0 0 
0 1 0 0 0 
1 0 0 0 0 
0 0 0 0 1 
1 0 0 0 0 
1 0 0 0 0 
0 0 1 0 0 
0 1 0 0 0 
1 0 0 0 0 
0 1 0 0 0 
0 0 0 1 0 
0 0 0 1 0 
0 0 1 0 0 
1 0 0 0 0 
0 0 0 1 0 
0 0 0 0 1 
0 0 0 0 1 
0.378138 0 0 0 0.621862 
