10 100
0.254418
0.558337
0.640654
0.665555
0.599929
0.695634
0.656696
0.663415
0.575032
0.297519
11.3125 0.197321
8.8505 1.31241
8.61278 1.09885
8.48516 0.249675
8.18264 0.744339
8.169 2.08732
7.98027 1.04086
7.89851 0.338848
7.52049 0.682322
7.33095 2.35627
7.04705 2.33989
6.84759 0.572255
6.84643 1.43963
6.63423 1.80272
6.32002 3.36484
6.11668 2.44044
6.10006 2.86406
6.09989 1.95222
6.01315 1.01245
5.7256 2.38436
5.72212 1.74284
5.71574 2.10173
5.48958 2.7843
5.04225 3.59315
5.00947 2.93527
4.94496 3.56607
4.9346 2.13456
4.9006 2.62693
4.89115 3.42201
4.84292 3.20341
4.82714 3.01766
4.81613 2.86997
4.65697 1.64787
4.28648 3.22865
4.26942 2.36223
3.78631 3.86961
3.78607 3.45701
3.67651 3.9517
3.39016 5.27655
3.29881 4.64662
3.23194 3.44954
3.20046 4.56547
2.95182 5.67356
2.92692 3.58741
2.89752 4.93543
2.79807 4.79199
2.77109 5.53109
2.72742 5.29206
2.68352 4.23178
2.65151 3.61791
2.60164 4.51251
2.59495 4.00221
2.55666 5.43912
2.51822 5.88353
2.45486 5.16768
2.39166 4.25344
1.97907 5.21768
1.88319 5.77257
1.81433 6.88653
1.78764 5.84644
1.68438 5.99761
1.65557 4.90452
1.47205 7.33633
1.41053 4.77822
1.40841 7.14166
1.39841 6.21996
1.32965 5.67417
1.08282 6.99155
1.06358 8.01511
0.976044 8.09457
0.918179 5.75523
0.852573 5.71807
0.699226 8.13532
0.684011 8.42594
0.654305 6.75568
0.629271 8.13608
0.54595 7.21066
0.519404 7.17406
0.496646 6.33482
0.44991 9.31076
0.356503 7.26429
0.310269 6.92513
0.306358 9.98837
0.252514 7.84523
0.234621 9.36689
0.221985 8.34193
0.206873 8.95967
0.119348 7.32246
0.103178 8.45181
0.0770304 7.92042
0.0557527 7.68087
0.0538236 8.16791
0.0494346 9.54288
0.0404742 10.1963
0.0292523 7.67986
0.0249513 10.8493
0.0154602 10.2026
0.0119116 10.3204
0.00643843 7.7824
0.00636533 8.37372
0 0 0 0 0 0 1 0 0 0 
0 0 0 1 0 0 0 0 0 0 
0 0 0 0 0 0 0 0 1 0 
0 0 0 0 0 0 0 0 0 1 
0 1 0 0 0 0 0 0 0 0 
0 1 0 0 0 0 0 0 0 0 
0 0 0 0 0 0 0 0.656359 0 0.343642 
0 0 0 1 0 0 0 0 0 0 
0.701568 0 0 0.298432 0 0 0 0 0 0 
0 0 0 0.626222 0 0.373778 0 0 0 0 
0 0 0 0 1 0 0 0 0 0 
0 0 0 0 0 0 0 0 0 1 
0 0 1 0 0 0 0 0 0 0 
1 0 0 0 0 0 0 0 0 0 
0 0 0 1 0 0 0 0 0 0 
0 0 0 0 0 0 0 1 0 0 
0 1 0 0 0 0 0 0 0 0 
0 0 0 0 0 0 1 0 0 0 
0 0 0 1 0 0 0 0 0 0 
0 0 0 0 0 0 1 0 0 0 
0.477871 0.522129 0 0 0 0 0 0 0 0 
0 0 0.48787 0 0.51213 0 0 0 0 0 
0 1 0 0 0 0 0 0 0 0 
0 0 0 0 0 0 0 1 0 0 
0 0 0 1 0 0 0 0 0 0 
0 0 0 0 0 0.403403 0 0.474286 0 0.122311 
0 0 0.519138 0.480862 0 0 0 0 0 0 
0 1 0 0 0 0 0 0 0 0 
0 0 0 0 0 1 0 0 0 0 
0 0 0 0 0 0 0 1 0 0 
0.381371 0 0 0 0 0 0 0 0 0.618629 
0 0 0 0 0 0 0 1 0 0 
0 0 0 0 1 0 0 0 0 0 
1 0 0 0 0 0 0 0 0 0 
0 0 0 0 0 0 0 0 0 1 
0 0 1 0 0 0 0 0 0 0 
0 0 0 0 1 0 0 0 0 0 
0 0 0 0 0 0 0 0 1 0 
1 0 0 0 0 0 0 0 0 0 
0 0 0.556988 0 0 0 0 0 0.443012 0 
0 0 0 0 0 0 0 0 1 0 
0 0 0.175797 0 0 0 0 0 0 0.824203 
0 0 0 0 1 0 0 0 0 0 
0 0 0 0 0 1 0 0 0 0 
0 0 0 0 1 0 0 0 0 0 
0 0 0 0 0 0 0 0 0 1 
0 0 0 0 0 0 0 1 0 0 
0 0 0 0 1 0 0 0 0 0 
0 1 0 0 0 0 0 0 0 0 
0 0.76696 0 0 0 0 0 0 0 0.23304 
0 0 1 0 0 0 0 0 0 0 
0 1 0 0 0 0 0 0 0 0 
0 0 0 0 0 0 1 0 0 0 
0 0 1 0 0 0 0 0 0 0 
0 0 0 0 0 1 0 0 0 0 
0 1 0 0 0 0 0 0 0 0 
0 0 0 0 0 0 0 1 0 0 
0 0 0 0.708283 0.291717 0 0 0 0 0 
0 0 0 0 0 0 1 0 0 0 
0 0.5515 0.4485 0 0 0 0 0 0 0 
0 0 0 1 0 0 0 0 0 0 
0 0 0 0 1 0 0 0 0 0 
0 0.164464 0 0 0 0 0 0 0.835536 0 
0 0.369088 0 0 0 0 0 0 0 0.630912 
0 0 0 1 0 0 0 0 0 0 
0 1 0 0 0 0 0 0 0 0 
0 0 1 0 0 0 0 0 0 0 
0 1 0 0 0 0 0 0 0 0 
0 0 1 0 0 0 0 0 0 0 
0 0 0 0 0 0 1 0 0 0 
0 0 0 0 0 1 0 0 0 0 
0 1 0 0 0 0 0 0 0 0 
1 0 0 0 0 0 0 0 0 0 
0 0 0 0 0 1 0 0 0 0 
0 0 0 0 0 0.505781 0.494219 0 0 0 
0 0 0 0 0 0 0 1 0 0 
1 0 0 0 0 0 0 0 0 0 
0 0 0 0 0 0 0 0 1 0 
1 0 0 0 0 0 0 0 0 0 
0 0 0 0 0 0 0 0 0 1 
0 1 0 0 0 0 0 0 0 0 
0 0 0 0 0 0 0 0 0 1 
0 0 0 0.226479 0 0 0 0 0.77352 0 
0 0 0 1 0 0 0 0 0 0 
0 0 0 0 0 0 1 0 0 0 
0 0 0 1 0 0 0 0 0 0 
0 0 0 0 0 0 1 0 0 0 
0 0 0 0 1 0 0 0 0 0 
1 0 0 0 0 0 0 0 0 0 
0 0 0 0 0.565743 0.434257 0 0 0 0 
0 0 0 0 0 0 0 0 0 1 
0 0 0 0 1 0 0 0 0 0 
0 0 0 0 1 0 0 0 0 0 
0 0 0 0 0 0 0 0 0 1 
0 0 0 1 0 0 0 0 0 0 
0 0 0 0 0 0 0 0 1 0 
0 0 0 0 0 0 0 0 0 1 
0 0 0 0 0 0 0 0 0 1 
1 0 0 0 0 0 0 0 0 0 
0 0 0.437119 0 0 0 0 0 0.562881 0 
