10 150
0.468708
0.598699
0.447483
0.550785
0.677261
0.466241
0.73219
0.483373
0.637901
0.591632
12.0125 0.123251
11.2173 0.152716
10.9009 0.723502
10.8313 0.427219
10.0676 0.529964
9.80641 0.27289
9.54435 0.0955691
9.40631 0.236091
8.8707 1.57436
8.65633 1.06683
8.5789 1.58533
8.49106 0.68634
8.42897 0.209135
8.40966 0.41601
8.28046 1.0497
8.24726 0.899966
7.75064 0.541187
7.42482 1.76129
7.38914 0.673431
6.94617 2.76381
6.82612 1.46571
6.65087 2.13096
6.30423 1.37279
6.25301 1.82489
6.21667 3.17694
5.62286 1.8996
5.57754 2.45807
5.57666 3.26493
5.48016 3.94894
5.46281 3.54423
5.42687 2.72682
5.2302 3.37512
5.10853 3.90748
5.08735 2.01888
4.99134 3.23898
4.8187 3.57375
4.76324 3.14978
4.65189 2.98419
4.46024 4.2455
4.45954 2.70137
4.41329 3.77364
4.35297 2.99055
4.30803 3.25075
4.1931 4.12483
4.19271 2.1529
4.1842 3.53777
4.16054 2.17806
4.02428 2.52582
3.94753 3.57614
3.90359 3.56415
3.67815 4.14147
3.57171 3.18977
3.37572 4.48301
3.23386 3.41591
3.201 3.3658
3.19697 4.0211
3.00154 5.51637
2.93898 3.1357
2.82324 5.95678
2.80478 4.58641
2.75141 5.27266
2.73791 5.33017
2.68062 4.93749
2.65079 5.56685
2.63012 3.95768
2.50413 4.75183
2.416 3.28249
2.40603 6.17684
2.40558 5.56823
2.40343 5.84408
2.18628 5.99469
2.12426 4.47585
2.06495 5.14775
1.96823 5.03314
1.94696 6.46954
1.82116 5.8065
1.79522 5.47541
1.79043 6.65261
1.76849 7.2442
1.71777 4.96498
1.58622 7.16421
1.58347 6.04683
1.56541 4.22503
1.5434 5.57682
1.53444 7.08827
1.51117 5.85916
1.42372 5.26284
1.3133 5.85726
1.29205 6.44188
1.23544 4.92388
1.19252 6.5504
1.15896 7.71698
1.14268 5.81104
1.11558 5.12311
1.02301 7.66567
1.02232 7.36438
0.857575 7.91038
0.767377 7.01644
0.742577 8.29599
0.731749 7.48451
0.730183 8.90849
0.686731 6.8247
0.671129 7.35846
0.664489 5.90695
0.65017 8.21414
0.634557 9.57667
0.621922 7.50056
0.578824 7.25911
0.555751 7.7515
0.55084 8.29727
0.544576 9.15169
0.473745 8.83732
0.437649 9.8785
0.426673 6.18114
0.423225 9.55096
0.417463 8.54069
0.385204 8.99855
0.340258 8.33735
0.330568 8.90895
0.3262 9.49688
0.323257 9.28155
0.30578 6.45732
0.238225 9.17579
0.226772 7.55184
0.222944 10.4144
0.196391 8.33557
0.193388 9.90158
0.159783 7.53119
0.154493 7.92451
0.134874 9.78938
0.133554 10.9215
0.131158 7.57029
0.105761 11.049
0.0907585 8.78521
0.0787007 11.2045
0.0757103 10.3249
0.0622701 8.73864
0.0456579 9.37078
0.0440789 11.5674
0.0366889 11.5511
0.0294528 9.70401
0.023944 11.1533
0.0195545 7.37634
0.0149852 10.1322
0.0131973 11.5693
0.0063836 11.335
0.00391049 10.4467
0.00344642 7.43859
0.00288236 12.2038
0.00284237 10.6725
0 0 0 0 1 0 0 0 0 0 
0 0 0 0 0 1 0 0 0 0 
0 0 0 0 0 0 0 0 1 0 
0 0 0 0 0 0 1 0 0 0 
0 1 0 0 0 0 0 0 0 0 
0 0 0 0 0 0 0 0 1 0 
0 0 0 1 0 0 0 0 0 0 
1 0 0 0 0 0 0 0 0 0 
0 0 0 0 0 0 0 0 1 0 
0 0 0 0 0 0 0 0 0 1 
0 0 0 0 0 0 1 0 0 0 
0.237361 0 0 0 0 0 0 0 0.762639 0 
0 0 0 0 0 0 0.622929 0.377071 0 0 
0 1 0 0 0 0 0 0 0 0 
0 1 0 0 0 0 0 0 0 0 
0 0 0 0 0 0 0 1 0 0 
0 0 0 0 0 1 0 0 0 0 
0 0 0 0 0 0 0 1 0 0 
0 0 0 1 0 0 0 0 0 0 
0 1 0 0 0 0 0 0 0 0 
0 0 0 0 0 0 0 1 0 0 
0 0 0 1 0 0 0 0 0 0 
0 0 0 0 0 0 0 0 0 1 
0 0.32141 0 0.67859 0 0 0 0 0 0 
0 1 0 0 0 0 0 0 0 0 
0 0 0 1 0 0 0 0 0 0 
0 0 0 0 0 0 0 0 1 0 
0 0 0 1 0 0 0 0 0 0 
0 0.484857 0 0 0 0 0 0.515143 0 0 
0 0 0 0 0 0 0 0 1 0 
0 0 0 0 0 1 0 0 0 0 
0 0 0 0 0 1 0 0 0 0 
0 0 0 0 0 0 0.717561 0 0 0.282439 
0 0 0 0.794685 0 0.205315 0 0 0 0 
0 0 0 0 0 0 1 0 0 0 
0 0 0 0 0 0 0 0 1 0 
0 0 0 0 0 0 1 0 0 0 
0 0 0 1 0 0 0 0 0 0 
0 0 0 0 0 1 0 0 0 0 
0 0 0 0 0 1 0 0 0 0 
0 0 0 0 0 0 0 0 0 1 
0 0 0 1 0 0 0 0 0 0 
0 0.561135 0 0 0 0 0 0 0 0.438865 
0 0 0 1 0 0 0 0 0 0 
0 1 0 0 0 0 0 0 0 0 
0 0 0 0 0 0 0 0 1 0 
0 0 0 0 0 0 0 0 1 0 
0 0 0 0 0 0 0 1 0 0 
0 0 0 0 0 0 1 0 0 0 
0 1 0 0 0 0 0 0 0 0 
0 0 0 0 0 0 1 0 0 0 
0 0 0 0 0 0 1 0 0 0 
0 1 0 0 0 0 0 0 0 0 
1 0 0 0 0 0 0 0 0 0 
0 0 0 0 0 0 0 1 0 0 
0 0 0 1 0 0 0 0 0 0 
0 0 0 0 1 0 0 0 0 0 
0 0 0 0 1 0 0 0 0 0 
0 0 0 0 1 0 0 0 0 0 
0 0 0 0 0 1 0 0 0 0 
1 0 0 0 0 0 0 0 0 0 
0 0 1 0 0 0 0 0 0 0 
0 0 0 0 0 0 0 1 0 0 
0 0 0 0 0 0 1 0 0 0 
1 0 0 0 0 0 0 0 0 0 
0 0 0 0 0 0 0 1 0 0 
0 0 0 0 0 0 0 0 1 0 
0 1 0 0 0 0 0 0 0 0 
0 0 0 0 0 1 0 0 0 0 
0 0 0 0 0 0 0 1 0 0 
0 0 0 0 0 0 1 0 0 0 
0.206045 0.793955 0 0 0 0 0 0 0 0 
0 0.589811 0 0 0 0 0 0 0.410189 0 
0 0 0 0 0 0 1 0 0 0 
0 0 1 0 0 0 0 0 0 0 
0 0 0 0 0 0 0 0 1 0 
0 0 0 0 0 1 0 0 0 0 
0 1 0 0 0 0 0 0 0 0 
0 1 0 0 0 0 0 0 0 0 
0 0 0 0 0 0 0 1 0 0 
0 0 0 0 0 0 1 0 0 0 
1 0 0 0 0 0 0 0 0 0 
0 0 0 0 0 0.772607 0 0 0 0.227393 
0 0 0 0 1 0 0 0 0 0 
0 0 0 1 0 0 0 0 0 0 
0 0 0 0 0 0 0 1 0 0 
0 0 0.470233 0 0 0 0 0 0 0.529767 
1 0 0 0 0 0 0 0 0 0 
0 0 1 0 0 0 0 0 0 0 
0 0 0 1 0 0 0 0 0 0 
0 0 0 0.105551 0 0.584395 0 0 0.310054 0 
0 0 0 0 0 0 0 0 1 0 
0 0 0 1 0 0 0 0 0 0 
0 0 0 0 0 0.212912 0 0.321655 0 0.465434 
0 0.296226 0 0 0 0 0 0.252085 0 0.451689 
0 0 0 0 0 0 0 1 0 0 
0 0 0 0 0 0 0 0 0 1 
0 0 0 0 0 0 0 0 1 0 
0 0 0 0 0 0 0 0 1 0 
0 0 0 1 0 0 0 0 0 0 
0 0 0 0 0 1 0 0 0 0 
0 0 1 0 0 0 0 0 0 0 
0 0 0 0 0.74077 0 0 0 0 0.25923 
0 0 0 0 0 0 0.678875 0 0.321125 0 
0 0 0 0 0 0 0 0.705124 0 0.294876 
0 0 0 0 0 0 1 0 0 0 
0 0 0 0 1 0 0 0 0 0 
0 0 1 0 0 0 0 0 0 0 
0.131044 0 0 0 0 0.868956 0 0 0 0 
0 0 1 0 0 0 0 0 0 0 
0 0 0 0 1 0 0 0 0 0 
0.644761 0 0 0 0 0 0 0.355239 0 0 
0 0 0 0 0 0 0 1 0 0 
0 0.419669 0 0 0.58033 0 0 0 0 0 
0 0 0 0 0 0 0 0 0 1 
0 0 0 0 0 0 0.60897 0 0.39103 0 
0 0 0 0 0 0 0 0 0 1 
0 0 1 0 0 0 0 0 0 0 
0 0 0 1 0 0 0 0 0 0 
0 0 0 0 0 0 0 0 0 1 
0 0 1 0 0 0 0 0 0 0 
0 1 0 0 0 0 0 0 0 0 
0 0 1 0 0 0 0 0 0 0 
0 0 0 0 1 0 0 0 0 0 
0 0 0 1 0 0 0 0 0 0 
1 0 0 0 0 0 0 0 0 0 
0 0 0 0 0 0 0 1 0 0 
0 0 0 1 0 0 0 0 0 0 
0 0 0 0.480274 0.519726 0 0 0 0 0 
1 0 0 0 0 0 0 0 0 0 
0 0 0 0 0 1 0 0 0 0 
0 0 0 0 0 0 0 0.447889 0.552111 0 
0 0 0 0 0 0 0 0 0.8743 0.1257 
0 0 0 0.260958 0 0 0 0 0.739042 0 
0 1 0 0 0 0 0 0 0 0 
0 0 0 0 0 1 0 0 0 0 
0 0 0 0 0 0 0 0 0 1 
1 0 0 0 0 0 0 0 0 0 
1 0 0 0 0 0 0 0 0 0 
0 0 0 0 0 0 0 0 1 0 
0 0 1 0 0 0 0 0 0 0 
0 0 0 1 0 0 0 0 0 0 
0 0 0 0 0 0 1 0 0 0 
0 0 0 0 1 0 0 0 0 0 
0 0 0 1 0 0 0 0 0 0 
0 0 0 0.478985 0 0 0.521015 0 0 0 
0 0 0 0 0.477101 0 0 0.522899 0 0 
0 0 0 1 0 0 0 0 0 0 
0 1 0 0 0 0 0 0 0 0 
0 0 0 0 0 0 1 0 0 0 
