5 300
0.583531
0.57189
0.602887
0.381446
0.405228
9.95286 0.375819
9.94616 0.396081
9.94004 0.462873
9.64128 1.28454
9.59073 0.224569
9.54312 0.379354
9.53827 0.4683
9.4574 0.841018
9.42569 1.14299
9.40743 0.379349
9.3057 1.12857
9.27437 0.735034
9.17761 0.552616
8.91296 0.571675
8.89734 0.656894
8.79666 1.16962
8.75415 0.432729
8.70639 0.699001
8.67199 1.24875
8.52473 1.38884
8.36215 1.60865
8.24337 0.0951881
8.14528 0.419952
7.98577 0.23633
7.91514 0.351952
7.89252 1.49437
7.88817 0.519765
7.80469 1.56416
7.77836 1.74137
7.7568 0.715161
7.71493 0.653484
7.53282 1.80111
7.38644 0.415106
7.31941 1.96612
7.31412 2.27465
7.27735 0.318668
7.23782 2.17206
7.23205 1.69598
7.10428 1.39007
7.10135 1.68779
7.07367 1.87047
7.05313 2.58127
7.03835 1.80716
7.03475 0.893773
7.01206 0.871556
6.83806 1.86858
6.81614 2.6697
6.78351 2.74468
6.75351 2.1435
6.61474 2.24273
6.57792 1.85924
6.4701 1.00983
6.35669 1.94887
6.3406 2.16402
6.30097 2.74657
6.22648 1.47174
6.15463 2.05081
6.15298 1.98504
6.13985 1.61316
6.13132 1.35261
6.02631 1.17861
5.96777 2.76302
5.9215 1.69723
5.85374 2.20182
5.75792 1.9175
5.75612 2.62209
5.6861 2.62227
5.6514 2.59024
5.62155 2.11926
5.49782 2.08553
5.41681 1.96542
5.37306 3.44513
5.32366 2.67118
5.31592 3.2731
5.2592 1.62366
5.19303 3.70702
5.17764 1.96554
5.12647 2.39046
5.03002 3.26461
4.95263 2.42748
4.94088 2.73529
4.73463 2.39078
4.68342 3.04089
4.6756 2.66517
4.64967 4.12796
4.59874 3.10862
4.53695 3.35824
4.49954 3.34431
4.38078 3.37132
4.3716 3.4195
4.33738 3.69482
4.17622 3.17994
4.13595 4.46184
3.99242 2.53894
3.94612 4.2774
3.82531 3.25035
3.82384 3.49349
3.82241 5.12488
3.80823 3.46272
3.78466 4.44798
3.75036 4.25741
3.72766 5.07296
3.72139 2.4572
3.69332 3.44334
3.69252 4.50468
3.58659 4.36315
3.5804 4.15037
3.56486 3.25325
3.53735 3.01233
3.4904 3.67554
3.47648 3.65928
3.42362 4.56356
3.36309 3.41866
3.31212 5.86628
3.28535 3.39776
3.28156 3.18002
3.26072 3.13753
3.22999 4.44149
3.19021 3.22948
3.14815 5.28497
3.13466 4.91984
3.13112 4.49972
3.06918 4.69931
2.9975 4.62376
2.9598 5.53446
2.9583 4.63041
2.93129 5.77704
2.92346 5.12191
2.73934 4.336
2.72371 4.48649
2.70885 4.99384
2.65773 4.32411
2.65556 4.65308
2.63869 4.5509
2.59282 4.44075
2.53163 3.58147
2.41427 5.02315
2.38031 5.7339
2.35021 5.87635
2.29871 5.27274
2.27856 6.19008
2.20749 4.55248
2.1407 5.71242
2.10521 6.47617
1.94908 5.53067
1.92184 6.30452
1.91237 5.01924
1.91155 5.44059
1.9044 4.94877
1.89603 5.68161
1.83127 5.53516
1.81881 5.08579
1.76772 5.36248
1.76631 4.85283
1.76309 6.92966
1.72025 7.29733
1.69193 5.02329
1.65823 6.46737
1.63621 5.28553
1.62365 6.1635
1.60734 5.60107
1.60691 4.38084
1.54515 6.92812
1.53241 4.53135
1.49123 7.53337
1.48232 7.36362
1.48085 4.53988
1.42117 5.68261
1.41946 7.34289
1.40551 5.08801
1.31034 5.10766
1.3048 6.94447
1.28412 6.09083
1.2339 7.61162
1.22274 5.06776
1.15577 5.074
1.1292 7.78295
1.11728 8.37306
1.09915 6.76232
1.08571 7.58733
1.07269 7.22945
1.07237 7.58971
1.05957 8.31889
1.04756 8.01995
1.01816 6.28433
1.01499 6.07229
1.00324 8.06818
0.997329 6.89391
0.990279 5.86844
0.980187 6.77625
0.966551 8.26432
0.950596 8.07552
0.928797 5.11669
0.920165 5.81171
0.911599 7.59134
0.895357 8.35144
0.892251 8.86962
0.865403 8.21087
0.848267 6.77071
0.830062 5.40773
0.825211 6.15521
0.811023 5.967
0.806714 6.34821
0.781719 6.23642
0.779297 5.89536
0.766776 7.61804
0.762155 8.45823
0.757257 5.40556
0.736103 6.0827
0.734484 6.00483
0.724608 6.58408
0.680748 8.41403
0.669136 6.84005
0.664513 6.37732
0.663163 7.23353
0.647245 8.86046
0.634036 6.37142
0.631036 6.4612
0.630261 9.03842
0.619415 8.97709
0.618536 6.26529
0.536643 6.37986
0.529185 8.59271
0.524237 9.26973
0.513833 6.94846
0.498222 8.19809
0.486618 6.09526
0.470741 9.34051
0.463064 8.22755
0.456475 9.0494
0.448422 7.98069
0.445583 8.62076
0.42173 6.57393
0.395854 7.70545
0.385289 8.04709
0.380217 7.41667
0.379458 8.44902
0.376117 6.26412
0.369765 7.25092
0.356283 7.088
0.348383 9.28952
0.347632 9.90612
0.339405 9.4593
0.338345 6.65226
0.296171 9.27059
0.28795 6.63988
0.279667 10.0255
0.265234 7.6623
0.249895 10.0919
0.216564 8.65463
0.176067 8.82525
0.16939 9.85478
0.168809 10.686
0.163626 8.0508
0.159776 10.4612
0.157503 11.0206
0.153658 9.73705
0.15256 11.0465
0.146399 9.97705
0.138202 10.2256
0.129849 9.48496
0.124693 10.7375
0.117677 10.3785
0.114256 9.20091
0.113361 10.6907
0.110955 10.7997
0.103606 10.3084
0.103285 10.185
0.0981108 8.29317
0.0907209 10.4076
0.0871647 11.2282
0.0864346 8.86722
0.076286 6.91771
0.0721186 11.4045
0.0620705 7.6776
0.0603052 11.5213
0.0584093 11.285
0.0569489 11.446
0.0476167 9.91342
0.0458376 10.4822
0.0402288 11.1222
0.0359456 7.29271
0.0256438 9.97999
0.0250967 11.5021
0.0240461 11.3174
0.0235961 9.09455
0.0223029 7.95824
0.0216034 10.8338
0.0194039 9.93979
0.0178831 8.44485
0.0161241 7.81068
0.0150888 8.17008
0.0138297 11.4004
0.00752889 7.91209
0.00431746 9.5657
0.00302079 11.7645
0.00219232 11.6556
0.0015744 8.19154
0.00144643 10.3052
0.00096681 9.28731
0 0 1 0 0 
0 0 0 0 1 
1 0 0 0 0 
0 0 1 0 0 
0 1 0 0 0 
0 0 1 0 0 
1 0 0 0 0 
0 0 0 1 0 
1 0 0 0 0 
0 0 1 0 0 
0 1 0 0 0 
0 1 0 0 0 
0 1 0 0 0 
0 0.587448 0 0.412552 0 
0 0 1 0 0 
0 0 0 1 0 
0 0 0 1 0 
0 1 0 0 0 
0 1 0 0 0 
0.475191 0 0.524809 0 0 
0 0 0 0 1 
0 0 0 0 1 
1 0 0 0 0 
0 0 0 0 1 
0 0 0 0 1 
0.559718 0 0 0 0.440282 
0 1 0 0 0 
0 0.560515 0 0.439485 0 
0 0 0 1 0 
1 0 0 0 0 
0 0 0 0 1 
0 1 0 0 0 
0.805936 0 0 0 0.194064 
0 0 1 0 0 
0 0 0 1 0 
1 0 0 0 0 
1 0 0 0 0 
0 0 1 0 0 
0 0 1 0 0 
1 0 0 0 0 
0 0 0 1 0 
0 0 0 0 1 
0 0 0 1 0 
0 0 0 1 0 
0 0 0 0 1 
0 0 0 1 0 
0 1 0 0 0 
0 0 1 0 0 
0 0 0 1 0 
0 0.505072 0 0 0.494928 
0 0 1 0 0 
0 0 0 1 0 
0 0.747658 0 0 0.252342 
0 0 0 1 0 
0 0 1 0 0 
0 0 0 0 1 
0.624479 0.375521 0 0 0 
0 1 0 0 0 
0 0.290132 0.709868 0 0 
0 0 1 0 0 
0.815727 0 0 0.184273 0 
0.14953 0.85047 0 0 0 
0 0 0 0 1 
0 0 1 0 0 
0 0 1 0 0 
0 0 0 0 1 
0 1 0 0 0 
0 0 1 0 0 
0 0.46465 0 0 0.53535 
0 0 0 1 0 
1 0 0 0 0 
0 0 0 1 0 
0 0 1 0 0 
0 0.43224 0.174319 0.393441 0 
0 0 0 0 1 
0 1 0 0 0 
0 0 0 1 0 
0 0 1 0 0 
0.123 0.114123 0.762877 0 0 
0 1 0 0 0 
0 1 0 0 0 
0 0 0 1 0 
0 0 0 1 0 
0 0.314209 0 0 0.685791 
0 0 1 0 0 
0 0 0 0 1 
1 0 0 0 0 
0 0 0 1 0 
0 1 0 0 0 
0 1 0 0 0 
0 0 0.780004 0.219996 0 
0 0 0 0.335464 0.664536 
1 0 0 0 0 
0 0 0 0 1 
0 1 0 0 0 
0 0 0 1 0 
0 1 0 0 0 
0 0 1 0 0 
0 0 1 0 0 
0 0 1 0 0 
0 0 0 0 1 
0 0 1 0 0 
0 0 0 0 1 
0 1 0 0 0 
0 1 0 0 0 
0 0 1 0 0 
0 1 0 0 0 
0.360818 0 0 0 0.639182 
0 0 1 0 0 
0 0 0.332058 0.324846 0.343096 
0 1 0 0 0 
0 0 0 1 0 
0 0 1 0 0 
0 0 1 0 0 
0 0 1 0 0 
1 0 0 0 0 
0 1 0 0 0 
1 0 0 0 0 
1 0 0 0 0 
0 0 1 0 0 
0 1 0 0 0 
1 0 0 0 0 
0 1 0 0 0 
1 0 0 0 0 
0 1 0 0 0 
0 0 0 1 0 
0 0 0 0 1 
1 0 0 0 0 
0.518434 0 0.393117 0 0.0884492 
0 0 0.414851 0.585149 0 
0 0 1 0 0 
0 1 0 0 0 
0 0 1 0 0 
1 0 0 0 0 
0 0 0 0 1 
0 0 0 0 1 
0 0 0 1 0 
0 0 0 1 0 
0 1 0 0 0 
0 0 0 0 1 
0 0 1 0 0 
0.728713 0 0 0.271287 0 
1 0 0 0 0 
1 0 0 0 0 
0 0 1 0 0 
0 0.892761 0.107239 0 0 
0 0 1 0 0 
0 0 0 0 1 
0.643348 0 0.356652 0 0 
0 0 0 1 0 
0 0 1 0 0 
1 0 0 0 0 
0 0 1 0 0 
0.614004 0.385996 0 0 0 
0 0 0 0 1 
0 1 0 0 0 
0 0 0 1 0 
0 0 0 0 1 
0 0.189119 0.810881 0 0 
0 1 0 0 0 
0 0 0.518903 0 0.481097 
0 0 0.825142 0 0.174858 
0 0 0 1 0 
0 1 0 0 0 
0 0.178956 0 0.821044 0 
0 0 0 1 0 
0 0.248317 0.751683 0 0 
0 0 1 0 0 
0 0 0 1 0 
0 0 0 0 1 
0 0 0 1 0 
0 0 0 0 1 
0 0 1 0 0 
0 0.102203 0 0 0.897797 
0 0 0 1 0 
0 0 0 0 1 
1 0 0 0 0 
0 0.538108 0 0 0.461892 
0.264004 0 0 0.735996 0 
0 1 0 0 0 
0 0 1 0 0 
0 0.309207 0 0.690793 0 
0 0 0 0 1 
0 0 0 0 1 
0 0 0 1 0 
1 0 0 0 0 
1 0 0 0 0 
0.34053 0 0 0.65947 0 
0 0 0 1 0 
0 0 0.352111 0 0.647889 
0.517932 0 0 0.482068 0 
0 0 1 0 0 
0 1 0 0 0 
0 1 0 0 0 
0 1 0 0 0 
0 0.727284 0 0 0.272716 
0.67661 0 0.243367 0.0800229 0 
0 0 0 1 0 
1 0 0 0 0 
1 0 0 0 0 
0 0 1 0 0 
0 1 0 0 0 
1 0 0 0 0 
1 0 0 0 0 
0 1 0 0 0 
1 0 0 0 0 
0.534775 0 0 0.465225 0 
0 0 0 1 0 
0 0 1 0 0 
0 0 1 0 0 
0 0 0 1 0 
0 0 1 0 0 
0 0 0 0 1 
0 0.806778 0 0 0.193222 
0 0 0 0 1 
0 0 0 0 1 
1 0 0 0 0 
0 0.77396 0 0 0.22604 
0 0 0 0 1 
0 0 0 0 1 
0 0 0 1 0 
0 0 1 0 0 
0.396482 0 0 0.603518 0 
0 1 0 0 0 
0 1 0 0 0 
0 0 0 0 1 
0 0 0 0 1 
0 0 1 0 0 
0 0.408897 0.349275 0.241827 0 
1 0 0 0 0 
0 0 1 0 0 
0.427553 0 0 0 0.572447 
0.775165 0 0.224835 0 0 
0 0 0 0.619239 0.380761 
0.123723 0 0 0 0.876277 
0.519892 0 0.480108 0 0 
0 0 0 0 1 
0 1 0 0 0 
1 0 0 0 0 
0 0 1 0 0 
0 0 0 1 0 
0 0 0 1 0 
0 0 0 1 0 
0 0 1 0 0 
0 0 0 1 0 
0 0 0.636208 0 0.363792 
0 0 1 0 0 
0 0 0 0 1 
0 0 0 0 1 
0 0 0 0 1 
0 0 1 0 0 
0 0 1 0 0 
0 1 0 0 0 
0 0.691845 0 0.308155 0 
0 0 1 0 0 
0 0 0 0 1 
0 0 1 0 0 
0 0 0 0 1 
0 0 0 0 1 
0 1 0 0 0 
0 0 0 0 1 
0 0 0 0 1 
0 1 0 0 0 
0 1 0 0 0 
0 0 1 0 0 
1 0 0 0 0 
0 1 0 0 0 
0 0 1 0 0 
0 0 1 0 0 
0 0 0 0 1 
0.503187 0 0.496813 0 0 
0 1 0 0 0 
0 0 1 0 0 
1 0 0 0 0 
0 0 1 0 0 
0 0 0.524338 0 0.475662 
0 0 0 1 0 
1 0 0 0 0 
0 0 1 0 0 
0 1 0 0 0 
0 0.402075 0 0.597925 0 
1 0 0 0 0 
0 1 0 0 0 
1 0 0 0 0 
0 0 0 0 1 
0 0 0 1 0 
0 0 0 1 0 
0 0 1 0 0 
1 0 0 0 0 
0 0 1 0 0 
0 0 0 0 1 
1 0 0 0 0 
0 0 0 0 1 
0 0 0 0 1 
0 0 1 0 0 
0 0 1 0 0 
0 0 0 0 1 
0 1 0 0 0 
0 1 0 0 0 
0 0 0 1 0 
