5 500
0.316751
0.617898
0.600176
0.401759
0.617662
11.2309 0.163907
10.9951 0.442416
10.9245 0.665769
10.7638 0.245297
10.7634 0.503152
10.7318 0.70556
10.5282 0.493201
10.4256 0.646214
10.3568 0.215203
10.3408 0.494535
9.92995 0.272214
9.87658 0.175975
9.71307 0.770565
9.67723 0.363902
9.675 1.14897
9.67251 0.366067
9.62945 0.359895
9.57398 0.841586
9.56906 0.313918
9.47992 1.25086
9.38281 0.910274
9.26226 1.13892
9.01534 0.608937
8.99603 0.978027
8.96927 0.239199
8.96697 0.667708
8.89492 0.364221
8.88931 0.618202
8.79655 0.469165
8.69494 1.07453
8.61938 1.03692
8.6001 0.513004
8.49261 1.14271
8.41462 0.212566
8.39218 1.83675
8.3895 2.05875
8.38734 1.10614
8.37869 0.267338
8.27659 0.635986
8.17842 0.587337
8.16916 0.353089
8.10417 1.96258
8.02944 0.850458
8.00949 0.654234
7.96648 0.972171
7.96374 0.13909
7.94672 0.677574
7.87883 0.846967
7.77297 1.59132
7.75465 0.464124
7.74985 0.524597
7.74098 1.70524
7.66757 0.26129
7.53806 2.09904
7.52228 1.28565
7.48548 0.779696
7.34435 0.847999
7.33842 2.13375
7.31657 1.81577
7.30687 1.15591
7.26082 1.31509
7.23378 0.924167
7.19274 1.53872
7.14259 1.29047
7.14253 2.42444
7.11181 1.73141
7.07912 2.10364
7.06126 0.972713
7.05314 0.487338
7.0074 0.496127
6.98511 0.65203
6.95918 2.10277
6.94798 0.960024
6.90694 1.41697
6.89409 2.05668
6.89386 1.23765
6.85531 2.80813
6.80834 2.4896
6.77852 2.9072
6.76544 1.92103
6.7185 2.30745
6.67428 1.96968
6.65916 2.55422
6.59083 1.14983
6.55868 2.0793
6.53196 2.44927
6.45164 2.52155
6.42677 2.43925
6.40492 1.9372
6.37798 2.07484
6.36265 2.54085
6.30974 1.16216
6.24851 1.35291
6.24795 2.32967
6.16938 0.928246
6.14905 0.908103
6.13781 1.01675
6.11508 1.57825
6.0984 2.54076
6.08528 1.60363
6.08358 3.26945
6.04848 1.28412
6.04646 1.93505
5.9814 1.56135
5.97402 3.00316
5.94557 1.87291
5.84823 3.52982
5.83395 1.94232
5.79736 3.16535
5.78499 1.91516
5.72936 2.71188
5.71906 2.53691
5.71752 1.51236
5.67205 1.75562
5.63116 2.54204
5.59167 2.29353
5.51072 2.49567
5.43621 1.81488
5.43463 1.62569
5.40185 1.31595
5.40025 2.8164
5.36248 2.78344
5.33159 2.21808
5.22221 2.38761
5.22172 3.62841
5.1725 2.46938
5.15306 2.40243
5.11915 2.45621
5.06219 1.88308
5.00263 2.77426
4.9512 2.90826
4.91866 2.4394
4.89125 3.8345
4.8712 2.20542
4.86617 2.374
4.84243 3.23217
4.80873 2.64937
4.72939 2.17087
4.69313 2.91962
4.69104 2.48089
4.63349 4.12569
4.57049 3.37728
4.553 3.10885
4.54944 3.3537
4.54844 4.09924
4.52844 2.9577
4.525 3.42789
4.45945 3.35641
4.43914 2.72334
4.41546 3.13774
4.38134 4.39171
4.35005 2.44909
4.32238 2.55639
4.31277 3.9577
4.31079 4.10228
4.29416 3.53835
4.28125 2.84578
4.19215 2.53814
4.19192 4.0877
4.11475 3.20878
4.08747 2.43767
4.07965 4.22735
4.07728 3.45927
4.04358 2.2633
4.04326 2.66925
4.0429 3.66394
3.97967 3.11777
3.97933 2.51192
3.97852 3.73765
3.93683 3.29882
3.93482 3.97278
3.92909 2.14065
3.8933 3.54562
3.84903 3.89425
3.83006 4.07642
3.75816 3.02919
3.75711 5.17353
3.73923 3.94207
3.73698 3.06025
3.72416 3.42505
3.72219 4.29584
3.71548 4.15967
3.67002 4.4946
3.57163 4.20259
3.52849 3.36959
3.52756 4.31485
3.52318 5.37409
3.50377 4.70696
3.48758 5.11378
3.46987 3.65711
3.44789 4.31358
3.35331 4.40035
3.3212 4.72136
3.25486 5.24434
3.23196 4.5222
3.22894 4.63765
3.2055 3.63129
3.18755 5.4689
3.17948 3.60834
3.1701 4.25114
3.13674 4.50016
3.0982 4.61198
3.08702 4.07675
3.0764 5.19834
3.0689 4.39661
3.04092 3.78543
3.0382 4.14942
3.02927 3.33196
3.02892 5.85704
3.00655 4.96889
3.00095 4.54607
2.967 3.63593
2.9435 4.73542
2.92684 5.01708
2.91177 4.28375
2.90536 4.94379
2.89353 5.81283
2.86418 5.50817
2.84575 5.25789
2.84211 4.66398
2.82196 4.96005
2.70057 5.4528
2.69595 4.02355
2.68956 4.3725
2.68501 5.7153
2.68374 5.16396
2.67047 5.3727
2.65747 5.72725
2.64588 4.17613
2.62489 4.73224
2.58622 5.22135
2.5744 3.63574
2.56335 4.85452
2.5585 4.7298
2.54817 4.32909
2.52969 5.55499
2.48725 4.7596
2.46455 4.33834
2.45812 3.67673
2.45681 3.57688
2.36365 4.87952
2.34098 5.37517
2.32363 4.25438
2.31028 4.6847
2.29999 4.09559
2.27809 3.91297
2.27124 3.77074
2.27002 6.31284
2.25928 4.4843
2.24563 5.78317
2.2367 6.11267
2.20034 5.76546
2.19966 4.03989
2.19377 5.53324
2.18474 4.36241
2.18443 5.80836
2.17881 4.24209
2.14296 6.08779
2.11883 4.88064
2.11235 6.44365
2.07751 4.99323
2.00568 6.43361
2.00269 5.07831
1.94843 5.65749
1.90964 4.22749
1.88666 5.43946
1.85855 5.02361
1.83455 5.03019
1.8332 7.05417
1.83174 5.33942
1.8018 6.60805
1.79003 6.28681
1.75959 5.47696
1.75923 5.89455
1.7538 4.08841
1.73419 6.55109
1.68581 5.54601
1.66661 6.12182
1.66292 7.134
1.63375 6.07737
1.62725 5.82743
1.62587 4.25386
1.62487 5.65296
1.58775 6.11926
1.57369 5.96816
1.56525 7.29209
1.56471 7.15173
1.51231 7.10099
1.47273 6.14387
1.44943 5.75831
1.44826 5.0119
1.44101 6.15079
1.42494 5.67959
1.4182 7.48659
1.41466 6.72775
1.39335 7.18699
1.38766 5.69435
1.38683 5.41394
1.36271 7.46061
1.32165 6.08155
1.31248 6.34266
1.28417 6.01005
1.2811 6.61047
1.25395 4.99972
1.24083 5.23633
1.23879 6.31221
1.21588 5.1755
1.21578 5.66798
1.21123 5.72516
1.19688 5.08081
1.17055 6.14666
1.15333 8.09117
1.14344 6.80955
1.13419 6.34971
1.12709 7.28226
1.11279 5.25382
1.11047 5.05278
1.09777 8.17863
1.07766 5.56762
1.07756 5.94587
1.04869 6.43096
1.01567 8.57306
1.01099 5.16789
1.00397 8.64412
0.990456 6.88092
0.967294 6.73149
0.953176 5.75736
0.947705 8.0105
0.945939 5.95078
0.940891 5.10451
0.933413 6.08954
0.925399 8.88303
0.917293 6.64374
0.914587 6.71404
0.910555 5.13484
0.908951 8.37322
0.898673 8.23455
0.882797 7.22992
0.873734 7.06291
0.865612 7.16082
0.859305 6.29694
0.827435 7.63215
0.826825 6.36532
0.817162 8.71338
0.813333 7.553
0.809483 7.9071
0.801434 5.89118
0.780265 8.028
0.765536 9.02256
0.761963 8.287
0.755244 8.75439
0.755147 8.1329
0.751119 7.38527
0.748003 8.07416
0.745353 5.47265
0.725538 6.2718
0.718525 8.64744
0.710739 7.22361
0.697306 7.97892
0.696154 8.25074
0.694993 6.86191
0.690471 8.20678
0.657162 8.08833
0.640706 7.78746
0.633877 8.8664
0.633636 7.28986
0.630293 7.63364
0.623854 6.8044
0.619896 7.88094
0.603947 8.71543
0.600696 6.65232
0.581056 6.68521
0.56641 7.87073
0.565973 7.1721
0.563423 7.39172
0.562045 8.66277
0.546724 7.65541
0.543566 6.03875
0.53429 8.1803
0.525442 6.86789
0.520421 7.9422
0.517951 6.44311
0.507389 8.97289
0.506574 6.66569
0.503578 9.13368
0.500061 8.44899
0.496458 9.64396
0.473502 8.16565
0.457702 8.03312
0.450535 7.17237
0.450254 8.28243
0.440542 7.29721
0.439683 6.43541
0.435843 9.79766
0.434342 6.48343
0.426711 9.92022
0.422533 7.559
0.406015 8.07344
0.398676 7.26322
0.386086 8.50182
0.380833 8.01489
0.376076 9.49878
0.372025 8.21055
0.365602 10.3291
0.352698 6.91795
0.346009 9.36177
0.339695 8.28772
0.33634 8.00791
0.335694 7.49475
0.322564 6.606
0.32241 9.50908
0.312809 9.77789
0.300408 8.11563
0.299528 7.23428
0.287508 8.44434
0.281564 9.62385
0.280883 7.7091
0.278007 10.1186
0.277994 6.8595
0.276493 8.32472
0.258973 8.71539
0.247243 8.68587
0.234787 7.5236
0.234575 8.58177
0.225659 6.84705
0.213698 7.76916
0.210777 9.01973
0.204689 10.4711
0.200134 7.51028
0.195342 7.67578
0.190372 6.51954
0.189164 10.3381
0.18569 6.44538
0.18022 8.72839
0.171485 6.411
0.166738 8.91567
0.165062 10.9338
0.161978 6.91744
0.153847 9.87141
0.152698 7.46168
0.142703 8.54885
0.141508 9.14857
0.139914 8.13249
0.133027 10.2794
0.130628 10.9114
0.12719 8.86128
0.121581 7.96356
0.121288 10.6452
0.120333 8.27623
0.119251 7.28008
0.113465 10.2274
0.109848 8.08728
0.104792 8.43517
0.10478 10.3343
0.102587 10.683
0.102243 9.00996
0.095873 10.1061
0.0893319 11.3801
0.0864226 8.98692
0.0840205 9.61491
0.0791541 6.9098
0.0790052 7.9185
0.0761201 8.06683
0.0724617 8.77023
0.0692256 10.5852
0.0655037 7.3566
0.065148 9.76549
0.0605545 9.08943
0.0559725 9.49531
0.0532838 10.2231
0.0528805 9.3721
0.050925 8.01858
0.0497824 9.36706
0.0481385 10.2554
0.0449738 9.88354
0.0411294 9.75737
0.0389699 11.2795
0.0363773 7.29339
0.0330791 11.1618
0.0308062 10.3471
0.0300313 8.71653
0.0268824 8.11928
0.0252682 11.5714
0.0241094 7.84504
0.0194456 11.7941
0.0192988 9.8164
0.0192807 10.0147
0.0161271 10.2936
0.0159645 7.3918
0.0151432 11.4224
0.0131093 11.0641
0.0108027 9.06381
0.0068056 9.03856
0.00579321 11.1763
0.00545327 9.72473
0.0028634 7.48262
0.00175125 7.71731
0.00174568 10.2617
0.00171607 11.1826
0.00122506 11.1121
1 0 0 0 0 
0 0 0 0 1 
1 0 0 0 0 
0 1 0 0 0 
0 0 1 0 0 
1 0 0 0 0 
0.687998 0 0 0.312002 0 
1 0 0 0 0 
1 0 0 0 0 
0 1 0 0 0 
0 0 1 0 0 
0 0 1 0 0 
0 0 1 0 0 
1 0 0 0 0 
0 1 0 0 0 
1 0 0 0 0 
0 1 0 0 0 
1 0 0 0 0 
0 1 0 0 0 
0 1 0 0 0 
0 1 0 0 0 
0 0 0 1 0 
0 0 0 1 0 
0 0 0 1 0 
0.158513 0 0 0.841487 0 
0 1 0 0 0 
0 0 1 0 0 
0 0 0 1 0 
0 0 0 0 1 
0 0 1 0 0 
0 0 1 0 0 
0 0 0 1 0 
0 0 1 0 0 
0 1 0 0 0 
0 1 0 0 0 
0 0 1 0 0 
1 0 0 0 0 
0 0 0 1 0 
0 0 0 0 1 
0.745377 0 0.254624 0 0 
0 0 1 0 0 
0 0 0.721532 0.278469 0 
0 0 0 0 1 
1 0 0 0 0 
1 0 0 0 0 
1 0 0 0 0 
1 0 0 0 0 
1 0 0 0 0 
0 0 0 1 0 
0 1 0 0 0 
0 0 0 0 1 
0 0 0 1 0 
0 0 0.570632 0 0.429368 
0 0 0 1 0 
0 0 0 0 1 
0 0 0 0 1 
1 0 0 0 0 
0 0 1 0 0 
0.292883 0 0 0.707117 0 
0 0 0 1 0 
0 1 0 0 0 
0 0.331147 0.668853 0 0 
0 0 0.732707 0.267293 0 
0 0 0 0 1 
0 0 0 0 1 
0 1 0 0 0 
1 0 0 0 0 
0 0 0 1 0 
0 0 1 0 0 
1 0 0 0 0 
0 0 0 1 0 
0 0 0 0 1 
0 0 1 0 0 
0.635388 0 0 0.364612 0 
0 0 0 0 1 
0 0 0 0 1 
0 1 0 0 0 
0 0 1 0 0 
0 0 1 0 0 
1 0 0 0 0 
0 0 0 1 0 
1 0 0 0 0 
0 0.53828 0 0.46172 0 
1 0 0 0 0 
0 1 0 0 0 
0 0.624454 0.375546 0 0 
1 0 0 0 0 
0.40141 0 0 0.59859 0 
0.374295 0.625705 0 0 0 
0 0 0 1 0 
0 0 0 0 1 
0 0.48529 0.51471 0 0 
0 0 0 1 0 
1 0 0 0 0 
0 0 1 0 0 
0.717948 0 0 0.282052 0 
0 0 1 0 0 
1 0 0 0 0 
0 0.704712 0 0.295288 0 
0 0 0 1 0 
1 0 0 0 0 
0 0 0 0 1 
0.495832 0 0 0 0.504168 
0 0 0 1 0 
1 0 0 0 0 
0 0 0 0.22633 0.77367 
0 0 0 0 1 
0 1 0 0 0 
1 0 0 0 0 
1 0 0 0 0 
0 0 0 1 0 
0 0 0 0.308383 0.691617 
0 0 0 1 0 
1 0 0 0 0 
0 0 0 0 1 
0 0 0 0.259869 0.740131 
0 0 1 0 0 
0 1 0 0 0 
0 1 0 0 0 
0 0 0 1 0 
1 0 0 0 0 
0 0 1 0 0 
0.371098 0 0.628902 0 0 
0 0 0 1 0 
0 0 1 0 0 
0 1 0 0 0 
0.075902 0.314499 0 0.609599 0 
0 1 0 0 0 
0 0 0 1 0 
0.346956 0.20817 0.444874 0 0 
0 0 0 0 1 
0 0 0.63193 0.36807 0 
0 1 0 0 0 
0 0 0 0 1 
0 0 0.258991 0 0.741009 
1 0 0 0 0 
0.454626 0 0 0 0.545374 
1 0 0 0 0 
0 0 0 1 0 
0.540103 0 0.459897 0 0 
0 0 0 0.505265 0.494735 
1 0 0 0 0 
0 1 0 0 0 
0 0.718262 0 0 0.281738 
0 0 0 1 0 
0 0 0 0 1 
0 0 0 1 0 
0.280602 0.719398 0 0 0 
0 0 0 1 0 
0.527256 0 0 0.472744 0 
0 0 0 1 0 
0 0 1 0 0 
0 0 0 1 0 
1 0 0 0 0 
0 0 0 1 0 
0 0.649987 0.350013 0 0 
0 0 0 1 0 
0 0 0 0 1 
1 0 0 0 0 
1 0 0 0 0 
0 0 0 0 1 
0 1 0 0 0 
0 0 0 1 0 
0 0 0 1 0 
0.537142 0.462858 0 0 0 
0 0 0 0 1 
0 1 0 0 0 
0 0 1 0 0 
1 0 0 0 0 
0 1 0 0 0 
0 0 0 0 1 
1 0 0 0 0 
0 0 1 0 0 
0 0 1 0 0 
0 0 0 1 0 
0 0.698683 0 0.301317 0 
0 0 0 1 0 
0 1 0 0 0 
0 0 0 0 1 
0 0 0 1 0 
0 0 1 0 0 
0 1 0 0 0 
0 0 0 0.312391 0.687609 
0 0 0 0.759944 0.240056 
0 0 1 0 0 
0 0 0 1 0 
0 0 0 0 1 
0 0 0 0 1 
0 0 0 0 1 
0 0 0 0 1 
0.783991 0.216009 0 0 0 
0 1 0 0 0 
0 0 0 1 0 
0.530092 0 0.469908 0 0 
0 0 1 0 0 
0 0 0 0 1 
0 0 1 0 0 
0 0 0 1 0 
0 0 0 0 1 
0 0 1 0 0 
0 0 0 1 0 
0 0 0 1 0 
1 0 0 0 0 
0 0 0 0 1 
0.844997 0.155003 0 0 0 
0 0 0.620439 0.379562 0 
0.548506 0 0 0 0.451494 
0 0 1 0 0 
0 1 0 0 0 
0 1 0 0 0 
0 0 0 0 1 
0 0 1 0 0 
0 1 0 0 0 
0 0 0 0 1 
0 0 1 0 0 
0 0 1 0 0 
0 0 0 1 0 
0 0 0.231101 0.768899 0 
0 0 0 1 0 
0 0 0 1 0 
0 0 1 0 0 
0 1 0 0 0 
0 0.300378 0 0 0.699622 
1 0 0 0 0 
0 0 0 1 0 
0 0 0 1 0 
0 0 0 1 0 
1 0 0 0 0 
0.263452 0 0 0 0.736548 
0 1 0 0 0 
0 0 1 0 0 
0 0 0 1 0 
0 0 0 0 1 
0 0 0.325337 0 0.674663 
0 0 0 0 1 
0 0 1 0 0 
0 0 0 1 0 
0 0 0 0 1 
0 0 0 1 0 
0 0 0 1 0 
0 0 0 1 0 
0 0 0 0 1 
0 0 0 1 0 
0 1 0 0 0 
0 0 0 0 1 
0 1 0 0 0 
0 1 0 0 0 
0 0 0 1 0 
0 0 1 0 0 
0 0 0 1 0 
1 0 0 0 0 
0 0.48217 0 0 0.51783 
0 1 0 0 0 
0.38046 0 0 0.619541 0 
1 0 0 0 0 
0.155472 0.844528 0 0 0 
0 0 0 0 1 
0 0 0.604093 0 0.395907 
0 0 0 0 1 
0 1 0 0 0 
0 0 0 0 1 
0 0.50929 0 0 0.49071 
0 0 0 1 0 
1 0 0 0 0 
0 0 1 0 0 
0 0 0 1 0 
0 1 0 0 0 
0 0 0 1 0 
0 0 1 0 0 
0 0 0 1 0 
0 0 0 1 0 
1 0 0 0 0 
1 0 0 0 0 
0 1 0 0 0 
0 1 0 0 0 
0 0 0.737989 0 0.262011 
1 0 0 0 0 
1 0 0 0 0 
0 1 0 0 0 
1 0 0 0 0 
0 0.367035 0.20829 0 0.424676 
0 0 0.444266 0 0.555734 
0 1 0 0 0 
0 1 0 0 0 
0 0 1 0 0 
0.296411 0.703589 0 0 0 
0 0 0 1 0 
1 0 0 0 0 
0 1 0 0 0 
0 0 0 0 1 
0 0 0 1 0 
0 0.214968 0.785032 0 0 
1 0 0 0 0 
0 0 0 0.32722 0.67278 
0 0.177716 0 0 0.822284 
0.336864 0.663136 0 0 0 
0 0 0 1 0 
0 0 0 1 0 
0 0 0 0 1 
0 0 0 1 0 
0 0 0 0 1 
0 0 0 0 1 
1 0 0 0 0 
0 0 1 0 0 
1 0 0 0 0 
0 0 0 0 1 
1 0 0 0 0 
0 0 0 0.315696 0.684304 
0 0 0 0 1 
0 0 1 0 0 
0 0 1 0 0 
1 0 0 0 0 
0 0 1 0 0 
0 1 0 0 0 
0 0 0.712403 0.287597 0 
1 0 0 0 0 
1 0 0 0 0 
1 0 0 0 0 
0 0 0 0 1 
0 0 0.368246 0.631754 0 
0 0 0 0 1 
0 0 0 0 1 
0 0 0 1 0 
1 0 0 0 0 
0 1 0 0 0 
0 0 0 1 0 
0 0 1 0 0 
1 0 0 0 0 
0 0 1 0 0 
0 0 1 0 0 
0 1 0 0 0 
0 0 0 1 0 
0 0 1 0 0 
0 0 1 0 0 
0 0 1 0 0 
0 0 1 0 0 
0 0 1 0 0 
0 0 1 0 0 
0.416157 0 0 0 0.583843 
1 0 0 0 0 
0 1 0 0 0 
0.498309 0.501691 0 0 0 
0 0 1 0 0 
1 0 0 0 0 
0 0 1 0 0 
0 0 0 0 1 
1 0 0 0 0 
0 1 0 0 0 
0 0 1 0 0 
0 0.699123 0 0 0.300877 
0 0 0 0 1 
0 0 1 0 0 
0 0 0 1 0 
0 0 0 0 1 
0 0 1 0 0 
1 0 0 0 0 
0 0.712174 0 0.287826 0 
0 0 0 0 1 
0 0 1 0 0 
0 0 0 0 1 
0 0 1 0 0 
0 0 0 0 1 
0.770953 0 0 0.229047 0 
1 0 0 0 0 
0 0 0 0 1 
0 1 0 0 0 
0 0 1 0 0 
0 1 0 0 0 
0 0 0 1 0 
0 0 0 0 1 
1 0 0 0 0 
0 1 0 0 0 
1 0 0 0 0 
0 0 0 0 1 
1 0 0 0 0 
0 0 1 0 0 
0 0 0 1 0 
0 0 0.430985 0 0.569015 
0.763109 0 0.236891 0 0 
0 0 0 1 0 
0 1 0 0 0 
0 0.6973 0.3027 0 0 
0 0 0 1 0 
0 0 0 0 1 
0 0 0 1 0 
0 0 0 1 0 
0 0 0 1 0 
0 0 1 0 0 
1 0 0 0 0 
0.667881 0 0.332119 0 0 
0.255078 0.478592 0.26633 0 0 
0 0 1 0 0 
0 0 1 0 0 
0 0 1 0 0 
0 0 0 1 0 
0 1 0 0 0 
0 0 0 0 1 
0 0 1 0 0 
1 0 0 0 0 
0 1 0 0 0 
0 0 0 0 1 
0 0 0 1 0 
0 0 0.213378 0 0.786622 
0 0 1 0 0 
0.480623 0 0 0.519377 0 
1 0 0 0 0 
0 0 0 0 1 
1 0 0 0 0 
1 0 0 0 0 
0.476709 0 0 0 0.523291 
0 0 0 1 0 
0 0 1 0 0 
1 0 0 0 0 
0 1 0 0 0 
0 1 0 0 0 
1 0 0 0 0 
0 0.343801 0.656199 0 0 
0 0 0 0 1 
0 1 0 0 0 
0 0 1 0 0 
1 0 0 0 0 
1 0 0 0 0 
0 1 0 0 0 
1 0 0 0 0 
0 0 0 1 0 
1 0 0 0 0 
0 0 0 1 0 
1 0 0 0 0 
0 0 0 1 0 
0.180817 0 0 0.819183 0 
0 0 0 0 1 
0 1 0 0 0 
1 0 0 0 0 
0 0 0 0.660832 0.339168 
0 0 0.320509 0 0.679491 
0 0 0.518526 0.481474 0 
0 0 0 0 1 
0 0 0.450837 0 0.549163 
0 0 0 1 0 
0 0 1 0 0 
0 0 0 0 1 
0 0 0 0 1 
0 0.597358 0 0.402642 0 
0 0 1 0 0 
0 1 0 0 0 
1 0 0 0 0 
0 0 0.564126 0 0.435873 
0 0 1 0 0 
0 0 0 1 0 
0 0 0.381888 0.618112 0 
0 0.5006 0 0.499399 0 
0.572911 0 0 0 0.427089 
0 1 0 0 0 
0 0 0 1 0 
0 0.641638 0 0 0.358362 
0 0 1 0 0 
0 0 0 0 1 
0 1 0 0 0 
0 1 0 0 0 
0.468289 0.531711 0 0 0 
0 1 0 0 0 
0 0 1 0 0 
1 0 0 0 0 
1 0 0 0 0 
0 0 1 0 0 
1 0 0 0 0 
0 0.772358 0 0.227642 0 
0 0 0 0 1 
0 1 0 0 0 
0 0 0 1 0 
1 0 0 0 0 
0 0 0 0 1 
0 0 0 1 0 
0 0.451637 0 0.286056 0.262307 
1 0 0 0 0 
0 1 0 0 0 
1 0 0 0 0 
0.585103 0 0.151045 0.263851 0 
0 0 0 0 1 
0 0 0 0.523876 0.476124 
1 0 0 0 0 
0 0 0 0 1 
0 0 0 1 0 
0 0.556067 0 0 0.443933 
0 0 0 1 0 
1 0 0 0 0 
0 1 0 0 0 
0 0 0 1 0 
0 1 0 0 0 
0 0 0 1 0 
0 0 0.154062 0 0.845938 
0 0 0 0 1 
0 0 0 0 1 
0 0 1 0 0 
1 0 0 0 0 
0 0 1 0 0 
0 1 0 0 0 
0 0 0.509378 0 0.490622 
1 0 0 0 0 
0 0 0 0 1 
