10 150
0.652389
0.411459
0.640608
0.525739
0.69116
0.658585
0.450731
0.719637
0.599385
0.694408
9.41311 0.604168
9.41295 0.290911
9.24768 1.40423
9.23236 0.276497
9.22334 0.695297
8.79108 0.87173
8.78072 1.19009
8.74707 0.369757
8.38527 1.51462
8.12728 1.08249
8.09159 1.01426
7.87316 1.55302
7.84906 1.52726
7.79065 1.37274
7.72772 1.59906
7.5572 0.469121
7.52389 2.30152
7.40293 0.219421
7.31717 1.59111
7.07622 2.08913
6.99734 1.53763
6.69681 1.13811
6.69666 2.34457
6.62604 1.8877
6.34873 2.22967
6.29716 3.11157
6.2702 1.9854
6.12415 1.13086
6.0114 1.50418
5.76528 1.77508
5.72038 1.95453
5.64034 1.89883
5.36574 2.93317
5.3149 2.40344
5.28616 1.33803
5.26543 2.39581
5.20985 3.46261
4.92816 3.69918
4.9009 4.18273
4.63406 2.97713
4.60868 3.87741
4.60319 2.72562
4.4923 2.70262
4.48732 2.80499
4.34678 3.13061
4.31552 3.01622
4.26925 2.67514
4.02805 4.51231
3.95102 3.06278
3.79258 4.27307
3.79135 3.83271
3.59082 3.2259
3.58586 3.80663
3.40532 2.67413
3.40376 2.9676
3.40147 3.85259
3.36089 5.08747
3.27481 4.29651
3.24829 4.3374
3.16197 4.46478
3.10718 5.04991
2.98946 4.18322
2.9688 3.91503
2.84609 4.63766
2.79401 3.62459
2.77106 4.55447
2.63926 4.52744
2.61511 4.88093
2.53947 4.3607
2.39906 6.56384
2.38407 4.42136
2.33383 4.91135
2.31431 4.67776
2.24787 5.5985
2.15419 5.36088
2.13494 5.26151
2.1026 5.18534
2.0685 5.04334
2.05679 6.63986
1.95 4.53218
1.94197 5.02303
1.93474 4.56819
1.79996 5.20181
1.77956 6.03215
1.77952 6.33638
1.71088 6.48858
1.66724 6.03999
1.5891 7.36187
1.53787 6.30851
1.50745 5.04731
1.43613 6.77126
1.38505 5.24411
1.3521 5.26886
1.2856 4.99841
1.20735 6.70581
1.09761 7.73733
1.03786 6.96264
1.02499 8.14333
1.01775 7.754
1.01214 4.91933
0.954266 5.87836
0.936454 5.4837
0.935636 7.68152
0.828452 8.68603
0.82822 6.43465
0.812908 6.79776
0.755987 8.9966
0.739858 6.15747
0.737509 8.38229
0.663536 8.49532
0.651737 8.46654
0.586923 6.41823
0.549147 6.52977
0.482698 6.158
0.478231 7.6775
0.422851 8.85314
0.41963 6.52177
0.416361 6.58141
0.401774 9.59958
0.361736 9.02353
0.357273 8.9822
0.338336 7.15578
0.295428 8.72303
0.289587 8.8137
0.268091 10.5415
0.265505 10.2695
0.248212 8.01534
0.240293 8.47877
0.21716 7.49799
0.190618 8.96896
0.18248 6.67669
0.171191 6.79562
0.157602 8.47684
0.141801 10.4823
0.107363 8.49927
0.104656 9.5186
0.0986913 9.69596
0.0811349 11.0878
0.0539505 9.36619
0.05387 11.236
0.041661 8.02675
0.0370061 10.9913
0.0352874 9.95951
0.0212743 8.52563
0.0152745 7.44208
0.0117342 7.84661
0.0109963 11.3946
0.00728834 7.67618
0.00689341 9.81455
0.00671713 10.9678
0 0 0 0.443861 0 0 0 0 0 0.556139 
0 0 0.360554 0 0 0 0.471187 0 0.168259 0 
0 0 0 0.581874 0 0 0.182648 0 0.235478 0 
0 0 0 0 1 0 0 0 0 0 
0 0 0 0 1 0 0 0 0 0 
0 0 0 0 0 0 1 0 0 0 
0 0.171443 0 0.152386 0 0 0 0 0.676171 0 
0 0 0 0 1 0 0 0 0 0 
0 0 0 0 0 0 0 0 1 0 
0 0 0 1 0 0 0 0 0 0 
0 0 0 0 1 0 0 0 0 0 
0 0 0 0 0 0 1 0 0 0 
0 0 0 0 0 0 0 0 0 1 
0 0 0 1 0 0 0 0 0 0 
0 0 0 0 0 0 0 0 0 1 
0 0 0 1 0 0 0 0 0 0 
0 0.72721 0 0 0 0 0.27279 0 0 0 
0 0 0 0 0.608223 0 0 0.391777 0 0 
0 0 0 0 0 1 0 0 0 0 
0 0 0 0 0 0 1 0 0 0 
0 0 0 0 1 0 0 0 0 0 
0 0 0 0 0 1 0 0 0 0 
0 0 0 0 1 0 0 0 0 0 
0 0 0 1 0 0 0 0 0 0 
0 0 0 0 0 0 1 0 0 0 
0 0 0 0 0 1 0 0 0 0 
0 0 0 0 0 0 1 0 0 0 
0 0 0 0 0 0 0 0 0 1 
0 0 0 0 0 0 1 0 0 0 
0 0 0 0 0 0 0 0 1 0 
0 0 0 0 0 0 0 0 1 0 
0 0 0 0 0 0 0 0 0 1 
0 0 0 0 0.48188 0 0.51812 0 0 0 
0 0 0 0 0.839017 0 0 0.160983 0 0 
0 0 0 1 0 0 0 0 0 0 
1 0 0 0 0 0 0 0 0 0 
0 0 0 1 0 0 0 0 0 0 
0 0 0 0 0 1 0 0 0 0 
0 0 0 0 0.438247 0 0.561753 0 0 0 
0 1 0 0 0 0 0 0 0 0 
0 0 0 0 0 0.461595 0.538405 0 0 0 
0 0 0 0 1 0 0 0 0 0 
0 0 0 0 0 0 0 0 0 1 
0 0 0 0 0 0 0 1 0 0 
0 0 0 0 0 0 1 0 0 0 
0.541376 0 0.458624 0 0 0 0 0 0 0 
0 0 0 0 0 0 0 1 0 0 
1 0 0 0 0 0 0 0 0 0 
0 0 0 0 0 1 0 0 0 0 
0 1 0 0 0 0 0 0 0 0 
0 0 0 0 0 1 0 0 0 0 
0 0 0 0 0 0 0 1 0 0 
0 0 0 0 0 0 0 1 0 0 
0 0 0 0 0 0 0 1 0 0 
0 0 0 1 0 0 0 0 0 0 
0 0 0 0 0 0 0 0 1 0 
0 0 0 0 0 1 0 0 0 0 
0 1 0 0 0 0 0 0 0 0 
0 0 0 0 0 0 1 0 0 0 
0 0.370707 0 0 0 0 0 0 0.629293 0 
0 0 0 0 1 0 0 0 0 0 
0 0 0 0 0 0 0 0.776835 0.223165 0 
0 0 0 0 0 1 0 0 0 0 
0.64963 0 0 0.350369 0 0 0 0 0 0 
0 0 0 1 0 0 0 0 0 0 
1 0 0 0 0 0 0 0 0 0 
0 0 0 0 0 0 1 0 0 0 
0 0 0 0 0 0 0 1 0 0 
0 0 1 0 0 0 0 0 0 0 
0 0 0 0 0 0 0 0 0 1 
0 0 0 1 0 0 0 0 0 0 
0 0 0 0 0 1 0 0 0 0 
0.50863 0 0.49137 0 0 0 0 0 0 0 
0 0 0 0 1 0 0 0 0 0 
0 0 0 0 1 0 0 0 0 0 
0 1 0 0 0 0 0 0 0 0 
1 0 0 0 0 0 0 0 0 0 
1 0 0 0 0 0 0 0 0 0 
0 0 0 0 0 0 0 0.309918 0.690082 0 
0 0 0 0 0 0 0 1 0 0 
0 0 0 0 0 0 0 0 1 0 
0.674106 0 0.325894 0 0 0 0 0 0 0 
0 0 0 0 0 0 0 1 0 0 
1 0 0 0 0 0 0 0 0 0 
0 0 0 1 0 0 0 0 0 0 
0 0 0 0 0 1 0 0 0 0 
0 0 0 0 0 0 0 1 0 0 
0 0 0 0 0 1 0 0 0 0 
0 0 0 0 0 0 0 1 0 0 
0 0 0 0 0 1 0 0 0 0 
0 0 0 0 0 0 1 0 0 0 
0 1 0 0 0 0 0 0 0 0 
0 0 0 0 0 1 0 0 0 0 
0 0 1 0 0 0 0 0 0 0 
0 0 0 0 0 0 1 0 0 0 
0 0 0 0 0 0 1 0 0 0 
0 0 0 0 0 0 0 0 1 0 
1 0 0 0 0 0 0 0 0 0 
0 0 0 0 1 0 0 0 0 0 
0 0 0 0 0 1 0 0 0 0 
1 0 0 0 0 0 0 0 0 0 
0 0 0 0 0.833382 0.166618 0 0 0 0 
0 0 1 0 0 0 0 0 0 0 
0 0 0 0 1 0 0 0 0 0 
0 0 0 0 0 0 0 0 0 1 
0 0 1 0 0 0 0 0 0 0 
0 0 0 0 0 1 0 0 0 0 
0 0 1 0 0 0 0 0 0 0 
0 0 0 0 0 1 0 0 0 0 
0 0 0 0 0 0 1 0 0 0 
0.235621 0 0 0 0.200561 0 0 0.563818 0 0 
0 0 0 0 0 0 1 0 0 0 
0 0 0 0 0 0 0 0 1 0 
0 0 0 0 0.525151 0 0 0.474849 0 0 
0 0 0 0 0 0.280934 0 0.719066 0 0 
1 0 0 0 0 0 0 0 0 0 
0 0 0 0 1 0 0 0 0 0 
0 0 0 0 0 1 0 0 0 0 
0 0 0 0 1 0 0 0 0 0 
0 0 0 0 0 0 1 0 0 0 
0 0 0 0 0 0 0 0 0 1 
0 0 0 0 0 0 0 0 0 1 
0 1 0 0 0 0 0 0 0 0 
0 0 0 0 0 0 0 1 0 0 
0 0 0.429615 0 0 0 0.570385 0 0 0 
0 0 0 0 0 0 0 0 0 1 
0 0 0 0 0.175841 0.365351 0 0 0 0.458808 
0 0 0 1 0 0 0 0 0 0 
0 0 0 1 0 0 0 0 0 0 
0 0 0 0 0 0 0 1 0 0 
0 0 0 0 1 0 0 0 0 0 
0 0 0 0 0 0 0 0 0 1 
0 0 0 1 0 0 0 0 0 0 
0 0 0 0 0 1 0 0 0 0 
0 0.676653 0 0 0.323347 0 0 0 0 0 
0 0.6079 0.3921 0 0 0 0 0 0 0 
1 0 0 0 0 0 0 0 0 0 
0 0 0 0 0 0 0 0 0 1 
0 0 0 0 1 0 0 0 0 0 
0 0 0 0 0 0 0 0 0 1 
1 0 0 0 0 0 0 0 0 0 
0 0 1 0 0 0 0 0 0 0 
0 0 0 0 0 1 0 0 0 0 
0 1 0 0 0 0 0 0 0 0 
0 0 0 0 0 0 0 1 0 0 
0 0 0 0 0 0 0 0 0 1 
0 0 0 0 0 0 0 1 0 0 
1 0 0 0 0 0 0 0 0 0 
0 0 0 1 0 0 0 0 0 0 
0 0 0 0 0 0 0 0 0 1 
