10 200
0.677077
0.440594
0.396058
0.390915
0.356549
0.586446
0.35903
0.256473
0.69255
0.743894
11.5055 0.220734
10.8686 0.451442
10.5493 0.397998
10.2039 0.203764
10.1338 0.842013
10.0457 0.85185
9.76591 0.970954
9.67963 1.00389
9.38523 0.135306
9.38395 0.627851
9.21377 0.967721
9.17253 1.22461
9.09059 0.355739
9.05609 0.39753
9.04545 0.99978
8.72267 0.832521
8.72205 1.57375
8.69403 0.461101
8.48225 1.43215
8.33825 0.157388
8.27052 1.22635
8.1065 2.00349
8.02454 1.20248
7.9384 0.687283
7.91469 0.813225
7.88736 1.29549
7.7332 1.70939
7.73231 2.08429
7.52239 1.73178
7.46459 0.681637
7.33753 1.16376
7.24813 1.10795
7.22701 1.74443
7.10829 0.769195
7.1078 0.656032
7.03593 1.33038
6.98227 0.31692
6.81145 3.1634
6.69073 0.563266
6.62112 0.825533
6.56547 2.22698
6.5448 2.50392
6.4964 1.31345
6.47479 2.23243
6.45217 1.23436
6.25783 2.76332
6.24819 2.94577
6.17439 2.87657
6.15825 2.5773
6.15714 2.34927
6.11462 1.3035
6.1056 2.24096
6.06689 1.98273
6.04573 1.47459
5.94219 1.06334
5.89545 1.62403
5.89074 2.65689
5.86852 1.45329
5.84546 1.59668
5.32648 3.51756
5.30641 2.63066
5.25993 2.80945
5.25521 2.45262
5.23156 1.88936
5.18164 2.78
5.08718 2.43392
5.01623 3.23988
4.98267 2.3289
4.8958 3.61146
4.80917 2.71009
4.80557 3.38851
4.74516 2.00355
4.70967 3.28571
4.68865 2.74352
4.66514 4.04727
4.51988 4.02093
4.46114 2.89042
4.42802 4.00345
4.37381 4.21809
4.33473 4.90607
4.21459 4.74313
4.21434 3.59359
3.88836 3.33846
3.8803 4.04571
3.7878 3.19374
3.78391 3.79586
3.75312 4.04309
3.53248 3.87113
3.51252 3.69935
3.4812 4.5212
3.37914 5.55235
3.24753 5.35309
3.22679 4.16197
3.20586 3.99794
3.0396 4.99661
2.98131 4.1462
2.91281 4.14423
2.86538 4.47138
2.82653 4.36454
2.80227 4.09962
2.70641 5.80596
2.54346 4.66113
2.52623 6.24964
2.45609 6.4937
2.44454 4.92433
2.38885 5.10516
2.38497 5.27683
2.37693 5.8366
2.34672 5.52985
2.32352 4.77805
2.304 4.67805
2.22048 4.73594
2.16046 4.70813
2.1546 4.45653
2.15361 6.16477
2.04128 5.31233
2.0195 4.27635
2.00073 3.82776
1.98756 6.47845
1.97758 5.14317
1.95766 4.61237
1.90656 4.59105
1.84462 6.9769
1.77928 4.59326
1.75248 5.18961
1.74071 6.52065
1.67684 5.19615
1.67563 5.65484
1.6487 6.36619
1.62864 5.96959
1.61227 6.3141
1.42785 6.91044
1.42724 6.07177
1.32949 5.81626
1.32431 6.57317
1.22291 5.55788
1.18048 7.47288
1.15731 7.12647
1.02159 7.4449
1.0033 7.29397
0.960785 7.95743
0.942844 6.77864
0.85487 8.60789
0.788383 6.80604
0.77016 8.32638
0.760478 7.07121
0.719765 6.41013
0.697357 8.56062
0.693997 6.06554
0.692596 7.81458
0.64002 7.35169
0.635641 7.27843
0.634722 6.48219
0.626112 6.32054
0.610717 7.74124
0.606727 9.09879
0.583296 6.82008
0.579075 7.44666
0.565539 6.95628
0.552886 7.92761
0.519206 7.10416
0.509495 7.53694
0.491599 9.14699
0.467663 8.73677
0.462182 9.36051
0.436631 8.66554
0.429439 8.01269
0.421672 8.56947
0.405129 6.86292
0.382862 8.37474
0.365208 8.27983
0.305866 9.84173
0.276741 6.47058
0.268384 9.36248
0.235723 7.77473
0.217359 8.09725
0.191982 7.69416
0.181804 8.29514
0.181228 8.10605
0.166021 7.13549
0.116415 7.10684
0.116359 8.16165
0.0931536 11.0136
0.0753504 10.6885
0.0748804 11.1976
0.0743136 7.60758
0.0730538 10.588
0.069652 10.935
0.0661396 10.1906
0.0572163 9.52881
0.050179 8.4561
0.0485858 8.02598
0.0438925 8.62424
0.0278773 7.26444
0.0256564 11.0881
0.0253626 10.7402
0.0232629 8.58596
0.00634862 11.6291
0.00523736 10.6884
0.00436727 11.4556
0 0 0 0 0 0 0 1 0 0 
0 0.540252 0 0 0 0 0 0 0.459748 0 
0 0 0 0 0 0 0 1 0 0 
0 1 0 0 0 0 0 0 0 0 
0.200227 0 0 0 0 0 0.799773 0 0 0 
1 0 0 0 0 0 0 0 0 0 
0 0 0 0 1 0 0 0 0 0 
0.809451 0 0 0 0 0 0 0.190549 0 0 
0 1 0 0 0 0 0 0 0 0 
0 1 0 0 0 0 0 0 0 0 
0 0 0 0 0 0 0 1 0 0 
0 0 0 0 0 1 0 0 0 0 
0 0 0 0 1 0 0 0 0 0 
0 0 0 0 1 0 0 0 0 0 
1 0 0 0 0 0 0 0 0 0 
0 0 0 0 0 0 0 0 1 0 
0 1 0 0 0 0 0 0 0 0 
0 0 0 0 0 0 0 0 0 1 
0 1 0 0 0 0 0 0 0 0 
0 0 0.781064 0 0 0 0 0.218936 0 0 
0 0.82587 0 0.17413 0 0 0 0 0 0 
0 0 0 0 0 1 0 0 0 0 
0 0 0 0 0 0 0 1 0 0 
0 0 1 0 0 0 0 0 0 0 
1 0 0 0 0 0 0 0 0 0 
0 0 0 0 0 0 0 0 1 0 
0 0 0 0 0 1 0 0 0 0 
0 0 0 0 1 0 0 0 0 0 
0 0 0 0 1 0 0 0 0 0 
0 0 0 0 0 0 1 0 0 0 
0 0 0 1 0 0 0 0 0 0 
0 0 0 0.641278 0 0.358722 0 0 0 0 
0 1 0 0 0 0 0 0 0 0 
0 0 0 0 1 0 0 0 0 0 
0 0 0 0 1 0 0 0 0 0 
0 0 0 0 1 0 0 0 0 0 
1 0 0 0 0 0 0 0 0 0 
0 0 1 0 0 0 0 0 0 0 
0.181544 0 0 0 0 0 0.818456 0 0 0 
0 0 0 0 0 0 0 1 0 0 
0 0 0 0 0 0 0 0 1 0 
0 0 0 0 1 0 0 0 0 0 
1 0 0 0 0 0 0 0 0 0 
0 0 0 0 0.797056 0 0.202944 0 0 0 
0 0 0 0 0 0 0 0 0 1 
1 0 0 0 0 0 0 0 0 0 
0 0 0 0 0 0 1 0 0 0 
0 0 0 0 0 0 0 0 1 0 
0 0 0 0 0 0 0 1 0 0 
1 0 0 0 0 0 0 0 0 0 
0 0 0 0 0 0.625795 0.374205 0 0 0 
0 0 0 0 0 0 0 1 0 0 
0 0 0 0 1 0 0 0 0 0 
0 0 0 1 0 0 0 0 0 0 
0 0 0 0 1 0 0 0 0 0 
0 0 0 0 0 0 0 1 0 0 
0 0 0 0 0 0 0 1 0 0 
0 0 0 0.521384 0 0 0 0.478616 0 0 
0 1 0 0 0 0 0 0 0 0 
0 0 1 0 0 0 0 0 0 0 
0 0 1 0 0 0 0 0 0 0 
0 0 0 1 0 0 0 0 0 0 
0 0 0 0 0 0 0 1 0 0 
0 0 0 0 0 0.338251 0.661749 0 0 0 
0 0 0 0 1 0 0 0 0 0 
0 0 0 0.837806 0 0 0.162194 0 0 0 
1 0 0 0 0 0 0 0 0 0 
0 0 0 0 0 1 0 0 0 0 
0 0 0 1 0 0 0 0 0 0 
0 0 0 0 0 0 0.605864 0 0.394136 0 
0 1 0 0 0 0 0 0 0 0 
0 1 0 0 0 0 0 0 0 0 
0 0 0 0 0 1 0 0 0 0 
0 0 0.429375 0 0 0.570625 0 0 0 0 
0.560879 0 0 0 0 0 0 0 0 0.439121 
0 0 0 0 0 0 0 1 0 0 
0 0 1 0 0 0 0 0 0 0 
0 0.789374 0 0.210626 0 0 0 0 0 0 
0 0 0 1 0 0 0 0 0 0 
0 0 0 0 1 0 0 0 0 0 
0 0 0 0 1 0 0 0 0 0 
0 0 0 0 0 0 0 0 1 0 
0 0 0 0 0 1 0 0 0 0 
0 1 0 0 0 0 0 0 0 0 
0 0 0.499692 0 0.500308 0 0 0 0 0 
0 0 0 0 0 0 0 1 0 0 
1 0 0 0 0 0 0 0 0 0 
0 0 0 1 0 0 0 0 0 0 
0 0 0 0 0 0 0 1 0 0 
0 0 0 1 0 0 0 0 0 0 
0 0 0 0 0 0 0 0 1 0 
0 0.195878 0.804122 0 0 0 0 0 0 0 
0 0 1 0 0 0 0 0 0 0 
1 0 0 0 0 0 0 0 0 0 
0 1 0 0 0 0 0 0 0 0 
0 0 0 0 0 1 0 0 0 0 
0 0 0 0 0 0 1 0 0 0 
0.686555 0 0.313445 0 0 0 0 0 0 0 
0 0.298999 0 0 0 0 0.371206 0 0 0.329794 
1 0 0 0 0 0 0 0 0 0 
1 0 0 0 0 0 0 0 0 0 
0 0 0.715154 0 0 0 0 0 0 0.284846 
0 0 0 0.713625 0 0 0.286375 0 0 0 
0 0 0 0 0 0 1 0 0 0 
0 0 1 0 0 0 0 0 0 0 
0 0 1 0 0 0 0 0 0 0 
0 1 0 0 0 0 0 0 0 0 
0 1 0 0 0 0 0 0 0 0 
0 0 0 0 0 0 0 0 1 0 
1 0 0 0 0 0 0 0 0 0 
0 0 0 0 0 0 0 1 0 0 
0 0 0 0 0 0 0.699718 0 0 0.300282 
0 1 0 0 0 0 0 0 0 0 
0 0 0 0 1 0 0 0 0 0 
0 1 0 0 0 0 0 0 0 0 
0 0 0 0 0.533298 0 0 0 0.466702 0 
0 0 1 0 0 0 0 0 0 0 
0 0 1 0 0 0 0 0 0 0 
0 0 0 0 0 0 1 0 0 0 
0 0 0 1 0 0 0 0 0 0 
0 0 0 0 0 0 0 0 0 1 
1 0 0 0 0 0 0 0 0 0 
0 1 0 0 0 0 0 0 0 0 
0 0 0 0 1 0 0 0 0 0 
0 0 0 0 1 0 0 0 0 0 
0 0 0 0 0 0 0 0 0 1 
0 0 1 0 0 0 0 0 0 0 
0 0 0 0 1 0 0 0 0 0 
0.353172 0 0 0.646828 0 0 0 0 0 0 
0 0 0 0 1 0 0 0 0 0 
0 0 0 0 1 0 0 0 0 0 
0 0 0 0 0 0 0 1 0 0 
0 0 1 0 0 0 0 0 0 0 
0 0 0 0 0 0 0.515592 0.111535 0 0.372873 
1 0 0 0 0 0 0 0 0 0 
0 0 0.190686 0 0.683765 0 0 0 0.125548 0 
0 0 0 0 0 0 1 0 0 0 
1 0 0 0 0 0 0 0 0 0 
0 1 0 0 0 0 0 0 0 0 
0 0 0 0 0 0 0 1 0 0 
0 1 0 0 0 0 0 0 0 0 
0 0 0 0 0 0 1 0 0 0 
0 0 1 0 0 0 0 0 0 0 
0 0 0 0 0 0 0 0 1 0 
1 0 0 0 0 0 0 0 0 0 
0 1 0 0 0 0 0 0 0 0 
1 0 0 0 0 0 0 0 0 0 
1 0 0 0 0 0 0 0 0 0 
0 0 0 0 0 0 0 0 0 1 
0 1 0 0 0 0 0 0 0 0 
0 0 0 0 0 0 0 1 0 0 
1 0 0 0 0 0 0 0 0 0 
0 0 0 0 0 0 0 0 1 0 
0 1 0 0 0 0 0 0 0 0 
0.444903 0 0 0 0 0 0 0.555097 0 0 
0 0 0 0 0 1 0 0 0 0 
0 0 0 0 0 1 0 0 0 0 
0 0 0 1 0 0 0 0 0 0 
0 0 1 0 0 0 0 0 0 0 
0 0 0 1 0 0 0 0 0 0 
0 0 0 1 0 0 0 0 0 0 
0 0 0 0 0 0 1 0 0 0 
0 0 0 0 0.569786 0 0 0 0 0.430214 
0 0 0 0 0 0 0 1 0 0 
0 0 0 0 1 0 0 0 0 0 
0 0 0 0 1 0 0 0 0 0 
0 0 0 0 0 0 0 0 0 1 
0 0 0 0 0 1 0 0 0 0 
0 0 0 0 0 0 0.597999 0.402001 0 0 
0.366668 0 0 0 0 0 0 0 0.633332 0 
0.446758 0 0 0 0 0 0.553242 0 0 0 
0 0 1 0 0 0 0 0 0 0 
0 0 0 0 0.373013 0 0 0 0 0.626987 
0 0 0 0 0 0 0 0 0 1 
0 0 0 0 0 0 1 0 0 0 
0 0 0 0 0 0 0 0 0 1 
0 0 0 0 0 0 0 1 0 0 
0 0 0 0 1 0 0 0 0 0 
0 0 0 0 1 0 0 0 0 0 
0 0 0 0 0 0 0 1 0 0 
0 1 0 0 0 0 0 0 0 0 
0 1 0 0 0 0 0 0 0 0 
0 0 0 0 0 0.459802 0 0.540198 0 0 
0 0 0 0 0 0 0 0 1 0 
0 0 0 1 0 0 0 0 0 0 
0 0 0 0 0 0 1 0 0 0 
1 0 0 0 0 0 0 0 0 0 
0.58783 0.41217 0 0 0 0 0 0 0 0 
0 0 0 0 1 0 0 0 0 0 
0 0 1 0 0 0 0 0 0 0 
0 0 0 1 0 0 0 0 0 0 
0 1 0 0 0 0 0 0 0 0 
0 0 0 0 0 0 0 0 0 1 
0 0 0 1 0 0 0 0 0 0 
0 0 0 0 0 0 0 0 1 0 
0 0 0 1 0 0 0 0 0 0 
0 0 0 1 0 0 0 0 0 0 
1 0 0 0 0 0 0 0 0 0 
0.498255 0 0 0 0.501745 0 0 0 0 0 
0 0 0 0.709784 0 0 0.290216 0 0 0 
