10 200
0.374101
0.611144
0.411428
0.367127
0.674784
0.27871
0.253293
0.722904
0.447586
0.537629
11.6469 0.276364
10.8195 0.504056
9.50869 0.150833
9.35153 0.57418
9.16324 0.963361
9.09691 0.220608
8.98867 1.02274
8.92031 0.851747
8.77423 0.606237
8.75754 0.468986
8.75549 1.05483
8.64176 0.628458
8.5976 1.08814
8.56844 1.45483
8.55735 1.14924
8.52785 0.577075
8.51642 0.216202
8.48937 0.290232
8.45244 1.7742
8.37958 1.77446
8.14497 0.927546
8.13711 0.362021
8.04461 1.21552
7.91806 0.883561
7.83546 0.441454
7.79134 1.21192
7.74336 1.86873
7.74001 0.799424
7.71458 2.06295
7.38593 0.724332
7.31914 1.85658
7.18483 2.27787
6.87781 1.05688
6.75818 1.28098
6.50965 2.018
6.50092 2.06726
6.48984 1.57093
6.46853 2.5432
6.29756 2.26817
6.21423 2.9964
6.2035 2.69773
6.05126 3.352
6.00962 1.58577
5.81161 2.38599
5.77718 1.46785
5.75997 1.93991
5.72076 1.74586
5.549 2.53781
5.47382 2.44426
5.45356 3.07057
5.42805 3.73335
5.33078 2.11808
5.32537 1.86356
5.32255 3.00205
5.26337 2.81508
5.17803 1.93943
5.1607 2.09912
5.03957 2.846
5.03602 3.20908
4.8489 2.63427
4.79808 2.80532
4.77407 2.61384
4.70158 2.16282
4.65453 1.99352
4.62725 1.68405
4.53559 3.41042
4.52952 2.54107
4.44465 2.45088
4.36443 3.92268
4.31991 2.87186
4.17638 2.98978
4.13839 3.36047
4.09613 3.49218
3.98202 3.82816
3.97644 3.80691
3.85011 4.06895
3.84672 3.91051
3.83177 4.1082
3.83011 3.74797
3.7848 2.49285
3.76814 3.85528
3.74932 3.98039
3.72627 3.70951
3.62207 4.12112
3.60015 2.78173
3.38746 5.18558
3.3847 5.26271
3.34444 3.92346
3.322 4.6704
3.27182 3.81255
3.20452 5.20632
3.07815 4.15917
3.00613 4.5732
2.87788 5.14606
2.8486 3.85931
2.84759 4.03704
2.73139 3.50045
2.71996 4.05518
2.71438 3.76702
2.70939 3.42712
2.70173 3.95453
2.53933 5.2103
2.46359 6.77924
2.46139 6.29725
2.37839 6.73744
2.3119 5.62351
2.15868 5.21711
2.12223 3.86999
1.99161 5.4996
1.97954 6.91583
1.96872 4.84221
1.9515 7.04474
1.88205 5.29602
1.76554 6.38637
1.71354 5.43748
1.6284 5.32431
1.62602 7.26377
1.61962 6.74205
1.58241 5.04106
1.55732 7.55077
1.47091 5.30284
1.41236 6.29078
1.40628 5.6049
1.33245 4.78726
1.29679 8.2118
1.28954 6.41537
1.2569 7.63367
1.25136 5.93916
1.24442 5.78434
1.23644 4.83569
1.22716 7.28
1.11853 7.42073
1.08532 6.7123
1.05737 4.83892
1.01911 5.52016
0.966085 7.87379
0.930266 8.28271
0.840372 8.41549
0.791967 8.31261
0.770327 7.63005
0.753191 7.16448
0.75097 7.71647
0.744079 7.83423
0.710621 5.68547
0.696925 6.83531
0.696173 5.80655
0.64318 7.65562
0.604456 8.09778
0.5693 5.69
0.551902 6.76441
0.503584 7.88216
0.477308 7.70823
0.457175 9.17563
0.456361 6.96863
0.450573 8.78044
0.448396 9.52402
0.433841 7.23766
0.424419 9.12062
0.424166 9.26295
0.423957 8.92125
0.422273 6.43977
0.416842 8.11213
0.34121 8.72506
0.317538 7.15604
0.299859 8.35312
0.233995 6.71969
0.227124 9.79736
0.216013 8.20503
0.213097 7.21449
0.21088 7.1578
0.18283 9.4359
0.179629 9.87863
0.171752 7.87951
0.170789 8.54727
0.156687 10.5129
0.15287 7.63567
0.119306 6.76817
0.117953 8.62983
0.104154 7.24507
0.0964 7.9901
0.0895372 10.7004
0.0863945 11.4203
0.0790506 7.5123
0.0616077 7.55574
0.0577584 10.262
0.0518549 9.81725
0.0502441 11.1335
0.043471 7.99435
0.0326306 10.2985
0.0303221 7.51834
0.0202808 10.9944
0.0129551 8.28277
0.0123874 10.7578
0.0115113 11.387
0.00864927 7.99967
0.00498459 9.9932
0.00345458 11.0689
0.00292547 11.2531
0.00220478 10.1989
0.00171864 9.55104
0 0 0 0 1 0 0 0 0 0 
0 1 0 0 0 0 0 0 0 0 
0 0 0 0 0 0 0 1 0 0 
0 0.381738 0 0 0 0 0 0.618262 0 0 
0 0 0 0 0 0 1 0 0 0 
0 0 0 0 0 0 1 0 0 0 
0 0 1 0 0 0 0 0 0 0 
0 0 0 0 0 0 0 1 0 0 
0 0 0 1 0 0 0 0 0 0 
0 0 0 0 0 1 0 0 0 0 
0 0 0 0 0 0 1 0 0 0 
0 0 1 0 0 0 0 0 0 0 
0 0 1 0 0 0 0 0 0 0 
0 0 0 0 0 0 0 0 0.602797 0.397203 
0 0 0 0 0 0 0 0 0 1 
0 1 0 0 0 0 0 0 0 0 
0 0 0 0 0 0 0 0 1 0 
0 0 0 0 0 0 0 0.138258 0.861742 0 
0 0 0.372743 0 0 0 0.627257 0 0 0 
0.324669 0 0 0 0 0.675331 0 0 0 0 
0 0 0 0 0 0 0 0 1 0 
0 0 0 0 1 0 0 0 0 0 
0 0 1 0 0 0 0 0 0 0 
0 0 0.645568 0 0 0.354432 0 0 0 0 
0 0 0 0 1 0 0 0 0 0 
0 0 0 0 0 1 0 0 0 0 
0 1 0 0 0 0 0 0 0 0 
1 0 0 0 0 0 0 0 0 0 
0 1 0 0 0 0 0 0 0 0 
0 0 0 0 1 0 0 0 0 0 
0 0 0 0 0 0 0 0 0 1 
0 0 0 0 1 0 0 0 0 0 
0 0 0 0 0 0 0 0 0 1 
0 0 0 0 1 0 0 0 0 0 
0 0 1 0 0 0 0 0 0 0 
0 0 0 0 0 0 0 0 0 1 
0 0 0 1 0 0 0 0 0 0 
0 1 0 0 0 0 0 0 0 0 
0 0 0.503248 0 0 0 0.496752 0 0 0 
0 1 0 0 0 0 0 0 0 0 
0 1 0 0 0 0 0 0 0 0 
0 1 0 0 0 0 0 0 0 0 
0 0 0 0 0 1 0 0 0 0 
0 0.43903 0 0 0 0.56097 0 0 0 0 
1 0 0 0 0 0 0 0 0 0 
0 0 0 0 0 0 0.222128 0.777872 0 0 
0 0 0 0 0 0 1 0 0 0 
0 0 0 0 0 0 0 0 1 0 
0 0 0 0 1 0 0 0 0 0 
0 1 0 0 0 0 0 0 0 0 
0 0 0 0 0 0 0.369842 0 0.630158 0 
0 0 0 0 0 0 0 1 0 0 
0 0 0 0 0 1 0 0 0 0 
0 0 0 0 0.723769 0 0 0 0.276231 0 
0 0 1 0 0 0 0 0 0 0 
0 0 1 0 0 0 0 0 0 0 
0.23667 0 0 0 0 0 0 0.76333 0 0 
0 0 0 0 0 0.574397 0.425603 0 0 0 
0 0 0 0 0 0 0.639656 0.360344 0 0 
0 0 0 0 0 0 0 0.12184 0 0.87816 
0 0 0 1 0 0 0 0 0 0 
0 0 0 0 0 0 1 0 0 0 
0 0 0 0 0 0 0 0 1 0 
0 0 0 0 0 1 0 0 0 0 
0 0 0 0 0 0 0 0 1 0 
0 0 0 0 0 0 0 0 0 1 
0 0 0 0 0 0 0 0 0 1 
0 0 0 0 0 0 0 0 0 1 
0 0 0 0 0 1 0 0 0 0 
0 0 0 0 0 1 0 0 0 0 
0 0 0 0.412845 0 0 0.167779 0.419376 0 0 
0 1 0 0 0 0 0 0 0 0 
0 0 0 1 0 0 0 0 0 0 
0 0 0 0 0 0 1 0 0 0 
1 0 0 0 0 0 0 0 0 0 
0 0 0 0 0 0 1 0 0 0 
0 0 1 0 0 0 0 0 0 0 
0 0 0 0 1 0 0 0 0 0 
0 0 0 0 0 0 0 0 0 1 
0 0 0 0 1 0 0 0 0 0 
0 0.424118 0 0 0 0 0 0 0.575882 0 
0 0 0 0 1 0 0 0 0 0 
0 1 0 0 0 0 0 0 0 0 
0 1 0 0 0 0 0 0 0 0 
0 1 0 0 0 0 0 0 0 0 
0 0 0 0 1 0 0 0 0 0 
0 0 0 0 0 0 1 0 0 0 
0 0 1 0 0 0 0 0 0 0 
0 0 0 0 0 1 0 0 0 0 
0 0 0 0 0 0 0 0 0 1 
0 0 0 0 0 1 0 0 0 0 
1 0 0 0 0 0 0 0 0 0 
1 0 0 0 0 0 0 0 0 0 
0 0 0 0 0 0 0 0 0 1 
0 0 0 0 1 0 0 0 0 0 
0 0 0 0 0 0 1 0 0 0 
0 0 0 0 0 0 0 0 0 1 
1 0 0 0 0 0 0 0 0 0 
0 0 0 0 0 1 0 0 0 0 
0 0 0 0 0 0 0 1 0 0 
1 0 0 0 0 0 0 0 0 0 
0 0 0 0 1 0 0 0 0 0 
0 0 0 0 0 0 0 0 1 0 
0 0 0 0 0 1 0 0 0 0 
0 0 0 0 0 0.398085 0.601915 0 0 0 
1 0 0 0 0 0 0 0 0 0 
0 1 0 0 0 0 0 0 0 0 
0 0.720331 0 0 0 0 0 0 0 0.279669 
0 0 0 0 0 1 0 0 0 0 
0 1 0 0 0 0 0 0 0 0 
0 0 0 1 0 0 0 0 0 0 
0 0 0 0.488847 0 0 0 0.511153 0 0 
0 0 0 0 0 0 0 0 0 1 
0 0 1 0 0 0 0 0 0 0 
0 0 0.272506 0 0 0.727494 0 0 0 0 
1 0 0 0 0 0 0 0 0 0 
0 1 0 0 0 0 0 0 0 0 
0.281794 0 0.122107 0 0.265949 0 0 0.33015 0 0 
0 1 0 0 0 0 0 0 0 0 
0 0 0 0 1 0 0 0 0 0 
0.323177 0 0 0.676823 0 0 0 0 0 0 
0 0 0 0 0 0 0 0 0 1 
0 0 0 0 0 0 1 0 0 0 
0 0 0 0 0 0 0 1 0 0 
0.198771 0 0 0 0 0 0 0.801229 0 0 
0 0 1 0 0 0 0 0 0 0 
0 0 0 0 0 0 0 1 0 0 
0 0 1 0 0 0 0 0 0 0 
0 0 0 0 0 0 0 0 0 1 
0 1 0 0 0 0 0 0 0 0 
0 0 0 0 0 1 0 0 0 0 
1 0 0 0 0 0 0 0 0 0 
0 0 0 0 0 0 1 0 0 0 
0 0 0 0 0 0 0 1 0 0 
0 1 0 0 0 0 0 0 0 0 
0 0 0 0 0 0 1 0 0 0 
0 0 0 0 0 0 0 0.417542 0 0.582458 
1 0 0 0 0 0 0 0 0 0 
0 0 0 0 1 0 0 0 0 0 
0 0 0.379655 0 0 0.620345 0 0 0 0 
0 0 0 0 0 0 0 1 0 0 
0 0.678459 0 0 0 0 0 0 0.321541 0 
0 0 0 1 0 0 0 0 0 0 
0 1 0 0 0 0 0 0 0 0 
1 0 0 0 0 0 0 0 0 0 
0 0 0 0 0 0 0 1 0 0 
0 0 0 0 1 0 0 0 0 0 
0 0 1 0 0 0 0 0 0 0 
0 1 0 0 0 0 0 0 0 0 
0 0 0 0 0 0 0 0 0 1 
0 0 1 0 0 0 0 0 0 0 
0 0 0 0 0 0 0 1 0 0 
0 0 1 0 0 0 0 0 0 0 
0 0 0 0 0.772705 0 0 0 0 0.227296 
0 0 0 0 0 0 1 0 0 0 
0 0 0 0 0 0 0 0 1 0 
0 0 0 0 0 0 0 1 0 0 
0 0 0 0 0 0 0 0 1 0 
0 0 0 0 0.489665 0.510335 0 0 0 0 
0 0 1 0 0 0 0 0 0 0 
0 1 0 0 0 0 0 0 0 0 
1 0 0 0 0 0 0 0 0 0 
0 0 0 0 0.477706 0 0 0.522294 0 0 
0 0 0 0 0 0 1 0 0 0 
0 0 0 1 0 0 0 0 0 0 
0 1 0 0 0 0 0 0 0 0 
0 0 1 0 0 0 0 0 0 0 
0 0 0 0 0 0 1 0 0 0 
0 0 0.713159 0 0.120043 0 0 0.166798 0 0 
0 1 0 0 0 0 0 0 0 0 
1 0 0 0 0 0 0 0 0 0 
0 0 0 0 0 0 0 1 0 0 
0 0 0 0 0 0 0 0 0 1 
0 0 0 0 0 0 0 0 1 0 
0 0 0 0 0.242344 0 0 0 0 0.757656 
0 0 0 0 0 0 0 0 0 1 
1 0 0 0 0 0 0 0 0 0 
0 0 1 0 0 0 0 0 0 0 
0 0 0.717602 0 0 0.282398 0 0 0 0 
0 0 0 0 0 0 0 1 0 0 
0 0 0 0 0 1 0 0 0 0 
0 0 1 0 0 0 0 0 0 0 
0 0 0 0 0 0 0 1 0 0 
0 0 0 1 0 0 0 0 0 0 
1 0 0 0 0 0 0 0 0 0 
0 0 0 0 0 0 0 0 1 0 
0 0 0 0 0.740469 0.259531 0 0 0 0 
1 0 0 0 0 0 0 0 0 0 
0 1 0 0 0 0 0 0 0 0 
0 0 0 0 0 0 0 0 1 0 
1 0 0 0 0 0 0 0 0 0 
0 0 0 0.432654 0 0 0 0 0.567346 0 
0 0 0 0 0 0 0 1 0 0 
0 0 0 0 0 0 0 0 0 1 
0 0 0 0 0 0.427979 0.572021 0 0 0 
0 0 0 0 0 0 0 1 0 0 
0 0 0 0 0 1 0 0 0 0 
1 0 0 0 0 0 0 0 0 0 
1 0 0 0 0 0 0 0 0 0 
0 0 0 0 0 0 0 0 1 0 
