5 500
0.74447
0.476145
0.286136
0.465983
0.673892
11.8003 0.229773
11.1513 0.1308
10.9535 0.130582
10.8091 0.304188
10.7702 0.265719
10.6311 0.204128
10.5705 0.471266
10.0382 0.191457
9.94794 0.749157
9.93727 0.421083
9.89415 0.131754
9.80581 0.229179
9.74148 0.338139
9.72879 0.884529
9.55034 1.15149
9.53234 0.668537
9.53137 1.25394
9.50885 1.20945
9.28692 1.25393
9.21195 1.30063
9.06198 1.03764
9.03579 0.692848
8.84801 0.418346
8.78133 1.07813
8.65351 0.543147
8.63554 1.67686
8.62242 0.456968
8.57527 0.421012
8.44851 0.133785
8.44038 1.36645
8.42979 1.34816
8.40298 0.356781
8.39754 1.29435
8.37382 1.2307
8.37017 0.559124
8.34971 0.209433
8.29326 0.321009
8.25622 1.43857
8.22798 1.20261
8.20588 0.903352
8.11605 1.58001
8.0931 1.55692
8.04683 0.559806
8.04378 1.31087
8.03094 0.895104
7.97084 1.20009
7.86625 0.569319
7.86211 1.62842
7.76367 2.31628
7.75006 1.82695
7.71992 0.195132
7.65757 1.01468
7.64626 1.40813
7.57001 0.791677
7.55543 1.68957
7.51716 1.80261
7.47251 1.3166
7.41069 1.57859
7.38591 1.64201
7.31704 1.92097
7.30644 1.82832
7.29599 1.59068
7.26241 0.937874
7.22879 0.785082
7.17468 2.81158
7.14628 2.25436
7.08149 1.2173
7.07616 1.06766
7.07166 2.32975
7.05895 1.86835
7.05248 1.31237
7.05075 1.34362
7.04989 1.62784
7.0462 2.61031
7.04503 1.51001
7.01471 2.08644
6.98812 1.12257
6.96607 0.762134
6.91808 1.49029
6.80064 1.08109
6.78056 2.03788
6.73888 1.85517
6.70942 2.16393
6.63899 2.26881
6.62619 1.6192
6.60745 1.88339
6.39371 1.24879
6.38483 1.43374
6.32156 1.91209
6.30778 1.85873
6.29068 1.59469
6.20366 2.03494
6.18791 1.28979
6.15872 2.68342
6.12889 3.54208
6.11886 2.00346
6.08832 3.59729
6.00085 1.11869
5.9069 2.52047
5.90464 1.55864
5.89332 1.0691
5.85852 1.01857
5.85739 2.6681
5.8562 2.2683
5.74454 1.24585
5.74072 1.931
5.72267 1.77561
5.65729 2.84833
5.63609 2.86462
5.58393 2.74716
5.55198 1.2437
5.54355 2.03616
5.52234 2.73514
5.43858 3.66259
5.32977 2.65796
5.31646 4.0854
5.30223 2.04701
5.23381 2.18809
5.21828 3.19969
5.20969 2.98181
5.18463 2.45688
5.15973 2.62964
5.15565 2.8506
5.15541 2.36423
5.13985 3.20646
5.10226 4.044
5.09244 1.85891
5.07719 2.43855
5.0666 2.6045
5.04402 3.40711
4.99323 2.40607
4.96141 3.44268
4.94735 2.11229
4.94179 2.79996
4.91692 2.72065
4.90598 2.62444
4.89709 3.32985
4.87549 3.08221
4.87159 3.29
4.86786 2.88348
4.82855 2.43781
4.80345 3.20393
4.79344 3.18658
4.74494 3.02012
4.73531 4.00688
4.70925 4.17075
4.69143 2.35317
4.66413 3.09912
4.65782 3.89627
4.58506 4.17081
4.56002 3.66131
4.53821 3.30573
4.52531 2.98096
4.52257 2.96785
4.49725 3.19818
4.49402 3.53869
4.46397 4.03685
4.3984 2.85855
4.36086 2.65601
4.35616 2.25855
4.33742 3.41629
4.31702 2.90338
4.29787 2.19698
4.28819 1.96504
4.24518 2.09932
4.23398 4.09421
4.22471 3.34225
4.1906 3.12802
4.18642 2.9136
4.17912 4.39403
4.1632 4.45972
4.15244 3.66343
4.14319 3.5399
4.12988 3.89317
4.12269 3.89142
4.08354 2.26866
4.04416 3.24091
4.00985 4.07914
3.94745 4.68176
3.9215 3.30402
3.8936 3.14826
3.86709 4.79575
3.86307 2.8489
3.84514 2.92239
3.79116 5.43101
3.76224 4.49597
3.74561 3.16976
3.73836 4.82261
3.73506 3.42489
3.71853 3.47742
3.71843 2.55549
3.71685 3.69632
3.6559 3.86453
3.61162 4.3788
3.59984 3.95737
3.56734 4.51068
3.51992 4.44106
3.50964 3.56809
3.49634 4.18023
3.4873 3.43997
3.43989 3.84764
3.4194 3.84665
3.41624 2.87823
3.41202 4.09007
3.40757 4.20518
3.40312 4.5522
3.37924 4.17137
3.36773 3.6852
3.34378 3.48964
3.31218 4.96172
3.29716 4.92801
3.28913 4.66276
3.2624 4.08566
3.25328 3.14369
3.25287 3.60274
3.23346 4.9182
3.20018 4.41129
3.19314 3.80569
3.18119 5.33356
3.17288 3.34175
3.14671 3.75232
3.14435 4.52722
3.1372 4.19101
3.13051 4.43425
3.12111 5.39922
3.1014 3.77546
3.09141 3.51372
3.08538 4.21784
3.07449 6.03592
3.06878 4.75929
3.05845 3.55532
3.05803 4.01033
3.04884 4.48954
3.02237 3.77957
3.02059 3.84282
3.00153 6.09124
2.97756 3.31694
2.94933 5.16221
2.86651 5.10949
2.78687 5.07346
2.76214 4.42947
2.76102 4.45831
2.74706 4.93328
2.73861 4.06598
2.73728 6.0665
2.71484 5.11503
2.69361 3.92294
2.68574 5.18423
2.68503 4.93101
2.6685 5.04957
2.60522 3.96376
2.60344 4.92433
2.5713 5.68252
2.55402 4.43738
2.52578 4.32453
2.51416 3.66124
2.48577 5.58855
2.46877 4.0462
2.39541 6.33172
2.38842 5.26052
2.36262 5.59812
2.3609 6.34593
2.35426 5.14456
2.34669 6.51615
2.33293 4.58845
2.33033 5.68726
2.32136 6.26508
2.30204 4.02654
2.26074 4.72781
2.2536 4.76203
2.2441 5.78387
2.24306 6.25838
2.20556 7.0189
2.15764 5.416
2.1557 4.50338
2.14712 5.35888
2.11865 5.2761
2.11431 5.55373
2.11029 4.27826
2.07913 4.34198
2.06917 5.29015
2.05878 5.23014
2.0488 4.98667
2.03851 5.17787
2.02994 6.32915
1.99033 5.97897
1.97713 6.30288
1.95537 5.62046
1.9444 6.61993
1.93066 4.34605
1.89138 5.54522
1.8643 5.72792
1.84881 5.0147
1.80135 5.19447
1.77863 5.21461
1.77524 5.34781
1.76026 4.81078
1.75714 5.03434
1.72289 6.11151
1.71347 6.20907
1.69156 7.20516
1.66731 5.62866
1.64802 7.06655
1.6418 7.00184
1.62408 5.88408
1.61229 5.23529
1.56572 4.51408
1.55625 5.766
1.54285 7.10772
1.53743 6.65756
1.50594 5.53371
1.47121 6.66123
1.45586 6.66446
1.4475 4.84793
1.42565 6.8384
1.41251 5.37686
1.38319 7.69131
1.37892 6.11348
1.36478 6.95026
1.36087 6.84331
1.35765 5.70768
1.34964 6.41802
1.32798 6.31895
1.29269 5.48598
1.28831 8.38271
1.28782 6.6613
1.28649 5.89415
1.27965 5.31301
1.27063 5.96024
1.26755 8.06797
1.22911 6.49942
1.22433 6.44091
1.22221 7.11719
1.20687 7.27901
1.19926 5.27352
1.17449 6.95534
1.16199 6.30825
1.15238 6.71284
1.15083 7.1929
1.11969 6.81565
1.11796 6.8612
1.11129 7.65447
1.10994 7.09856
1.10646 7.3276
1.10635 7.73259
1.10307 6.93999
1.08056 7.13481
1.0711 7.55554
1.06918 5.28189
1.06679 7.18893
1.06236 5.67472
1.0567 6.94309
1.03802 5.45343
1.00044 7.07654
0.998483 7.35927
0.98872 7.61617
0.972871 8.07412
0.960983 5.78369
0.927428 5.21607
0.921462 7.07594
0.906565 7.92366
0.903857 8.32822
0.873834 8.53218
0.873275 8.71937
0.854597 5.82145
0.845876 6.44666
0.832301 5.53302
0.829373 6.52249
0.828071 8.63653
0.773047 7.88551
0.770983 9.06628
0.767301 6.22734
0.754107 6.83375
0.741006 8.43011
0.736502 8.50496
0.730119 8.35588
0.728771 7.00584
0.701421 7.15634
0.689922 8.37978
0.686986 8.5039
0.685335 8.29025
0.65717 8.23105
0.654259 5.84162
0.652525 7.50436
0.650053 9.12683
0.604092 7.10106
0.603684 7.43709
0.603525 8.62457
0.602793 6.74933
0.575177 9.14986
0.561125 7.68464
0.557041 7.90445
0.551575 7.94246
0.549975 7.4539
0.542163 5.9077
0.54037 5.85055
0.518378 6.41722
0.505105 6.38882
0.486562 6.01751
0.482312 6.45428
0.473336 7.64618
0.472935 6.92359
0.451135 8.39429
0.409393 7.45288
0.409023 8.0387
0.403105 8.8234
0.395892 8.43156
0.374332 6.50832
0.371802 6.888
0.360225 6.24185
0.35564 8.17538
0.328999 6.40119
0.314417 9.2825
0.294148 10.0467
0.289277 7.08542
0.277599 9.07422
0.274715 6.859
0.273041 8.9905
0.268073 6.59116
0.242134 9.1247
0.24157 8.33488
0.231911 6.58885
0.231016 7.97662
0.218491 8.49232
0.217986 8.23991
0.210401 10.7435
0.208851 6.65223
0.197153 7.69519
0.192546 9.67873
0.180534 7.33131
0.168688 10.3502
0.168228 9.11478
0.167997 9.65736
0.164298 10.1174
0.16227 7.62869
0.16223 6.85333
0.159847 10.6541
0.157377 7.44314
0.157087 10.6149
0.147685 10.7117
0.147648 7.39012
0.146579 10.5298
0.146232 10.359
0.145849 7.03065
0.14474 10.4161
0.144538 8.82118
0.143707 6.64286
0.143236 7.65435
0.131753 6.99882
0.128344 10.3985
0.12681 7.65458
0.122091 10.3752
0.120733 8.92135
0.116945 10.8192
0.116034 7.81503
0.111315 8.69954
0.102056 10.8974
0.0984502 8.37477
0.0954836 9.86214
0.0921225 9.08214
0.0909253 9.80792
0.0901574 9.57723
0.0894138 9.17413
0.0859864 10.8269
0.0804526 7.99182
0.0638541 9.69282
0.0630801 9.86595
0.059356 10.7572
0.0587726 9.6402
0.0496464 9.9771
0.048471 8.70442
0.0469369 8.72775
0.0451 8.15675
0.0448362 10.0767
0.0421713 9.46223
0.0317464 10.439
0.0225777 11.1496
0.0217081 7.64279
0.0207158 11.3811
0.0186837 7.80965
0.0174543 9.82353
0.016259 10.0985
0.0150638 7.48971
0.0142223 10.9536
0.0138903 10.9779
0.0138077 11.1774
0.0121545 10.9958
0.0108823 10.8385
0.0105138 9.08055
0.00849833 10.0569
0.00716841 8.60697
0.00687476 8.90078
0.00680266 11.3054
0.00583789 10.5587
0.00539875 11.2829
0.00491159 10.8124
0.00489245 7.40873
0.00407463 9.07599
0.0033701 10.3569
0.00254243 7.77749
0 1 0 0 0 
0 0 1 0 0 
1 0 0 0 0 
1 0 0 0 0 
0 0 1 0 0 
0 0 0 1 0 
0 0 1 0 0 
0 0 0 1 0 
1 0 0 0 0 
0 0 1 0 0 
0 0 0 0 1 
0 0.539873 0 0.460127 0 
1 0 0 0 0 
0 0 1 0 0 
0 0 0 0 1 
0 0 0 1 0 
0 0 0 1 0 
0 1 0 0 0 
0 0 0 0 1 
1 0 0 0 0 
0 0 0 0 1 
0 0 1 0 0 
1 0 0 0 0 
1 0 0 0 0 
0 0 1 0 0 
0 0 1 0 0 
0 0.247314 0.752686 0 0 
1 0 0 0 0 
0 1 0 0 0 
0 0 0 0 1 
1 0 0 0 0 
0 0 1 0 0 
0 0 0.488677 0.511323 0 
0 0 0.533976 0.466024 0 
0 1 0 0 0 
0 1 0 0 0 
0 0 0.248737 0.751263 0 
0 0 0 1 0 
0.628429 0 0 0.371571 0 
0 0 0 0 1 
0 0 1 0 0 
0 0 0 0 1 
0 0 1 0 0 
0 1 0 0 0 
0 0 1 0 0 
0.582846 0.417154 0 0 0 
0 0 0 0 1 
0 0 0 1 0 
0 1 0 0 0 
0 0 1 0 0 
0.452021 0 0 0.547979 0 
0 0 0 0 1 
0 0 0.582886 0.417114 0 
0 0 1 0 0 
0 0 1 0 0 
1 0 0 0 0 
0 0 0 1 0 
1 0 0 0 0 
0 0 0 0.350943 0.649057 
1 0 0 0 0 
0 0 0 1 0 
1 0 0 0 0 
0 0 0 1 0 
0 0 1 0 0 
0.63403 0 0 0 0.36597 
0 0 1 0 0 
0 0 0 1 0 
0 0.442778 0.43963 0.117592 0 
1 0 0 0 0 
0 0 0 1 0 
0 0 1 0 0 
0 0 0 1 0 
0 0 0 1 0 
0 0 1 0 0 
1 0 0 0 0 
0 0 0 0 1 
0 0 0 0 1 
0 0 1 0 0 
0 0 0 1 0 
0 0 0.839938 0.160062 0 
0 0 0 1 0 
0 0 0 1 0 
0 0 1 0 0 
0 0 1 0 0 
0 0.340785 0 0 0.659215 
1 0 0 0 0 
1 0 0 0 0 
0 0 0 1 0 
0 0.457023 0.542977 0 0 
1 0 0 0 0 
1 0 0 0 0 
0 0.733142 0.266858 0 0 
0 0 0 0 1 
0 0 1 0 0 
0 0 1 0 0 
0 0 0.323804 0 0.676196 
0 1 0 0 0 
0 0 0 1 0 
0 0 0 1 0 
0 1 0 0 0 
0 0 1 0 0 
1 0 0 0 0 
1 0 0 0 0 
0 1 0 0 0 
1 0 0 0 0 
1 0 0 0 0 
0 0 1 0 0 
1 0 0 0 0 
1 0 0 0 0 
0 1 0 0 0 
0 0 0 1 0 
0 0 0 0 1 
0 0 0 0 1 
0 0 1 0 0 
0 0 0 1 0 
0 1 0 0 0 
1 0 0 0 0 
0 0 0 0 1 
1 0 0 0 0 
0 0 0 1 0 
0 0 0 1 0 
1 0 0 0 0 
0 1 0 0 0 
0 0 0 1 0 
0 0 0 1 0 
1 0 0 0 0 
0 0 0 1 0 
0 1 0 0 0 
0 0 0 1 0 
1 0 0 0 0 
0 0 0 1 0 
0 0 0 1 0 
0 0 0 1 0 
0 0 0 0 1 
0 0 0 0 1 
0 0 0 0 1 
0 0 1 0 0 
0 0 0 1 0 
0 0.78596 0 0.21404 0 
0.148926 0 0.0946574 0.756417 0 
0 0 1 0 0 
0 0 1 0 0 
0 0 0 0.887471 0.112529 
0 0 0 1 0 
0 0 0 1 0 
0 0 0 0 1 
0 0.600825 0 0 0.399175 
1 0 0 0 0 
0.270867 0 0 0 0.729133 
0 0 0 0 1 
0 0.510272 0 0.489728 0 
0 0 1 0 0 
0 0 0 0 1 
0 1 0 0 0 
0 0 0 0 1 
0 1 0 0 0 
0 1 0 0 0 
0 0 1 0 0 
0 0.432969 0.567031 0 0 
0 1 0 0 0 
1 0 0 0 0 
0 0 1 0 0 
0 0 1 0 0 
0 1 0 0 0 
0 0.624572 0 0.375428 0 
0 0 0 1 0 
1 0 0 0 0 
0 0 0 1 0 
0 0 1 0 0 
0 1 0 0 0 
0 0 0 1 0 
0 0 0 1 0 
0 1 0 0 0 
0 0 0 1 0 
0 1 0 0 0 
0 0 0 0 1 
0 0 0 0 1 
0 0 0 1 0 
0 0 0 0 1 
0 1 0 0 0 
0 1 0 0 0 
0 0 0 0 1 
0 1 0 0 0 
0 0 1 0 0 
0 0 0 1 0 
0 1 0 0 0 
0 1 0 0 0 
1 0 0 0 0 
1 0 0 0 0 
0 1 0 0 0 
0 0 0.735046 0 0.264954 
0 0 0 0 1 
0 0 1 0 0 
0 1 0 0 0 
0 0 1 0 0 
0 0 0 0 1 
0.54142 0 0.45858 0 0 
0.315317 0.190269 0.494414 0 0 
0 1 0 0 0 
0 0 0 0.586748 0.413252 
0 0.743812 0 0 0.256188 
0 1 0 0 0 
0 0 0 0 1 
0 0 0 1 0 
0 0.114698 0.570533 0 0.314769 
0 0 1 0 0 
0.710006 0 0 0.289994 0 
0 0 0 0 1 
0 0 0 0 1 
0 0 0 0 1 
0 0 0 1 0 
0 1 0 0 0 
0 0.867993 0 0.132007 0 
0.450015 0.549985 0 0 0 
0 0 0 1 0 
0 0.532877 0 0.467123 0 
0 0 0 0 1 
0 0 0 0.568743 0.431257 
0 1 0 0 0 
0 0 0 0 1 
0 0 0 1 0 
0 0 0 1 0 
0 0 0 0 1 
0 1 0 0 0 
0 0 0 1 0 
1 0 0 0 0 
0 0 0 0 1 
0 0 1 0 0 
0 1 0 0 0 
1 0 0 0 0 
0 0 0 1 0 
0 0 1 0 0 
0 0 0 1 0 
0 0 1 0 0 
0 0 0 1 0 
0 0 1 0 0 
0 0 0 0 1 
1 0 0 0 0 
0 0 0 1 0 
0 0 1 0 0 
0 0 0 1 0 
0 0 0 1 0 
1 0 0 0 0 
0 0 0 0 1 
1 0 0 0 0 
0 1 0 0 0 
0 0 0 1 0 
0 1 0 0 0 
1 0 0 0 0 
0 0.589622 0.410378 0 0 
1 0 0 0 0 
0 1 0 0 0 
1 0 0 0 0 
0 0 0 0 1 
0 0 0 0 1 
0 1 0 0 0 
0.129673 0 0 0.870328 0 
0 0.523259 0.476741 0 0 
0 1 0 0 0 
0 0 1 0 0 
0 0.609947 0 0.390053 0 
1 0 0 0 0 
0 0 0 1 0 
0 1 0 0 0 
1 0 0 0 0 
0 0 0.61547 0.38453 0 
0 0 1 0 0 
0 1 0 0 0 
0 1 0 0 0 
0 1 0 0 0 
0 0 1 0 0 
0 0 0 1 0 
0 0 0 1 0 
0 0 0.153732 0 0.846268 
0.475731 0.166274 0 0.357995 0 
0 0 1 0 0 
1 0 0 0 0 
0 0 0.579707 0.420293 0 
0 0 0 1 0 
0 0 0 1 0 
0 1 0 0 0 
1 0 0 0 0 
0 1 0 0 0 
0.40948 0 0.59052 0 0 
0 1 0 0 0 
0 0 0.122637 0.877363 0 
0.4999 0.5001 0 0 0 
0 1 0 0 0 
0 0 1 0 0 
0 0 0 0 1 
0 0 0 0 1 
0 1 0 0 0 
0 0 0 0 1 
0 0 0 0 1 
0 0 1 0 0 
0 0 1 0 0 
0 0 0.608051 0 0.391949 
0.430711 0 0.569289 0 0 
0 0 0 1 0 
0 0 0 0 1 
1 0 0 0 0 
0 0 0 0 1 
1 0 0 0 0 
0 1 0 0 0 
0 0 0 0 1 
0 0 0.464992 0 0.535008 
0 0 1 0 0 
0 0 0.646394 0 0.353606 
0 0 0 1 0 
1 0 0 0 0 
0 1 0 0 0 
0 0 0 0 1 
0 0 0 0 1 
0 0 0 1 0 
0 0 0 0 1 
0 0 0 1 0 
0 1 0 0 0 
0 0 1 0 0 
0 0 1 0 0 
0.272545 0 0 0.259652 0.467803 
0.413071 0 0 0.586929 0 
0 1 0 0 0 
0 1 0 0 0 
1 0 0 0 0 
0 0 0 0 1 
0 1 0 0 0 
0 0 1 0 0 
0 0 1 0 0 
0 0 1 0 0 
1 0 0 0 0 
0.27362 0 0 0.301115 0.425265 
0 0 0 1 0 
0.232042 0 0 0.767958 0 
0 0.439976 0.560024 0 0 
1 0 0 0 0 
1 0 0 0 0 
0 0 0 0 1 
0 0 0 0 1 
0 1 0 0 0 
0 1 0 0 0 
0.468557 0 0.531443 0 0 
0 0 1 0 0 
0 0.698474 0 0.301526 0 
1 0 0 0 0 
0 1 0 0 0 
0 0 0 0.567753 0.432247 
0 0 0 0 1 
1 0 0 0 0 
0 0 1 0 0 
0 0 0 1 0 
0 0 0 0 1 
0 0.285853 0 0.714147 0 
1 0 0 0 0 
0.294922 0.705078 0 0 0 
0 0.27348 0.72652 0 0 
0 0 0 1 0 
1 0 0 0 0 
1 0 0 0 0 
1 0 0 0 0 
1 0 0 0 0 
0 0 1 0 0 
0 0 1 0 0 
0 0.459845 0.540155 0 0 
0 0 0.603505 0 0.396495 
0 1 0 0 0 
0 1 0 0 0 
0 0 0 0 1 
0 1 0 0 0 
0 0 1 0 0 
0 1 0 0 0 
1 0 0 0 0 
0 0 1 0 0 
0.502039 0 0 0 0.497961 
0.270043 0 0.729957 0 0 
0 0 0 0 1 
0 0 0 1 0 
0 1 0 0 0 
0 0 0 1 0 
0 0 0 0 1 
0 1 0 0 0 
0 1 0 0 0 
0 0.442498 0.145274 0.412228 0 
0.547568 0 0 0 0.452432 
1 0 0 0 0 
1 0 0 0 0 
0 0 1 0 0 
0 1 0 0 0 
0 0 0.388178 0 0.611822 
0 0.433319 0.566681 0 0 
0 0 0 1 0 
0 0 0 0 1 
0 0 0 1 0 
0 0 1 0 0 
0 0 0 1 0 
0 0 1 0 0 
0 0 0 1 0 
0 0 0 1 0 
1 0 0 0 0 
0 0 0 0 1 
0 0 0 0 1 
0 0.623041 0 0.376959 0 
1 0 0 0 0 
0 1 0 0 0 
0 0 1 0 0 
1 0 0 0 0 
0 1 0 0 0 
0 1 0 0 0 
0.546644 0 0.453356 0 0 
0 1 0 0 0 
0 1 0 0 0 
0 0 0 1 0 
0 0 0 0.417524 0.582476 
0 0 0 0 1 
0 0 0 0 1 
0 0 0 0 1 
0 0 0 1 0 
1 0 0 0 0 
0 0 0.473288 0.526712 0 
0 0.537501 0.462499 0 0 
0.517284 0.482716 0 0 0 
1 0 0 0 0 
0 0 0 0.805302 0.194698 
0 0.591638 0 0.408362 0 
0 0.531435 0 0.468565 0 
0 0 1 0 0 
0 0.728833 0.271167 0 0 
0 1 0 0 0 
0 0 1 0 0 
0 0 0 1 0 
1 0 0 0 0 
1 0 0 0 0 
1 0 0 0 0 
0 0 0.260175 0.739825 0 
0 0 0 0.337533 0.662467 
0 0 0 1 0 
1 0 0 0 0 
1 0 0 0 0 
0 0 1 0 0 
0 0.465326 0 0.534674 0 
1 0 0 0 0 
0 1 0 0 0 
0 1 0 0 0 
0 0 1 0 0 
0.537767 0 0 0.462233 0 
1 0 0 0 0 
0 0 0 0 1 
0 0 0 0 1 
0 0 1 0 0 
0 0 0 1 0 
0.360093 0 0.639907 0 0 
0 0 0 0 1 
0 1 0 0 0 
0 0.120007 0 0 0.879993 
0 0 1 0 0 
0 0 0 1 0 
0 0 0 1 0 
0 0 0 0 1 
0 0 0 1 0 
0 0 0 1 0 
0 0.202014 0 0.797986 0 
0 0 0 0 1 
1 0 0 0 0 
0 0 0 1 0 
0 0 1 0 0 
0 0 0 1 0 
0 0 0 0 1 
0 0 0 1 0 
0 0 0.54728 0.45272 0 
1 0 0 0 0 
0 1 0 0 0 
0 0 1 0 0 
0 0 0 1 0 
0 0 0 0.699521 0.300479 
1 0 0 0 0 
1 0 0 0 0 
0 0 1 0 0 
0 0 1 0 0 
0 0 0 1 0 
0 1 0 0 0 
0 0 1 0 0 
0 0 0 0 1 
0 0 1 0 0 
0 0 1 0 0 
0 1 0 0 0 
0 0.370352 0 0 0.629648 
0 1 0 0 0 
0 0 0 1 0 
0 0 0 0 1 
0 1 0 0 0 
0 1 0 0 0 
0 0 0 1 0 
0 0.442235 0 0 0.557764 
0 0 0 1 0 
0 1 0 0 0 
0 0.512966 0 0.487034 0 
0 0 0 0 1 
1 0 0 0 0 
0 0 0 0 1 
0 1 0 0 0 
0 1 0 0 0 
