5 200
0.434346
0.70316
0.612477
0.460147
0.297529
11.0533 0.118588
10.9097 0.523503
10.3693 0.216354
9.99945 0.48494
9.8868 0.832576
9.85931 0.598554
9.85293 0.413509
9.48215 0.241144
9.47425 0.253267
9.40247 0.380438
8.89199 0.49371
8.17447 0.813955
7.89735 0.809988
7.89128 0.922665
7.85445 0.451199
7.75943 0.884028
7.67337 1.65041
7.63205 1.17313
7.4802 1.70166
7.22121 1.32103
7.21929 0.868635
7.03142 1.7257
6.9776 1.72331
6.95769 1.16017
6.89829 2.44581
6.85234 0.65607
6.74946 1.3232
6.65028 1.09834
6.6065 2.29729
6.35951 2.63167
6.34763 2.9605
6.31409 3.04005
6.03459 2.12336
5.99478 2.52517
5.98588 2.4883
5.96145 1.70487
5.87018 2.63693
5.83061 2.43608
5.73545 2.88046
5.68029 3.4819
5.65658 1.97823
5.60221 1.20145
5.5581 2.92591
5.45576 2.357
5.45151 2.70991
5.35448 2.57775
5.2732 3.2698
5.21896 3.40847
5.18326 2.47649
5.16858 2.54678
5.02755 2.27943
4.99022 2.72532
4.97747 1.66717
4.96159 2.17419
4.95784 1.80684
4.9081 3.48889
4.85851 3.02623
4.85767 3.9287
4.83974 3.03196
4.7613 3.78462
4.62634 2.55217
4.36235 3.16537
4.31681 3.81971
4.22887 3.22785
4.1574 3.11046
4.14202 3.75137
4.12825 2.65958
4.09061 2.62287
3.91781 3.05918
3.86505 2.2311
3.85724 3.89569
3.76895 3.3988
3.72864 3.57908
3.7071 2.94219
3.64291 3.64125
3.5294 5.60003
3.52896 3.0273
3.52811 4.42664
3.48195 4.18126
3.47221 4.91874
3.4589 3.21286
3.40763 4.47687
3.39062 4.05168
3.38375 3.51316
3.2064 4.84663
3.1863 4.75346
3.14806 4.46498
3.09971 4.34553
3.02398 4.95006
2.97283 5.63051
2.95984 5.83256
2.90609 4.50895
2.89858 4.03616
2.88523 3.31607
2.86983 4.83254
2.73732 4.94884
2.59701 3.53968
2.53635 5.26918
2.46342 4.43363
2.34554 4.16834
2.32727 5.0337
2.21601 3.97699
2.16949 3.60598
2.16102 4.95343
2.1141 4.65124
2.03964 5.12592
2.02045 4.01341
2.00318 5.93747
1.99208 6.26899
1.97004 6.34203
1.83646 5.71356
1.76494 5.52573
1.75456 5.17631
1.75429 5.81623
1.73392 5.28357
1.68194 6.22992
1.61873 5.66585
1.55818 5.14134
1.55623 6.7438
1.5307 6.48904
1.34856 5.78787
1.34257 5.22387
1.30895 7.67471
1.25592 6.29593
1.21114 6.02759
1.1858 6.88429
1.17254 7.53649
1.05793 6.71675
1.03802 7.71961
1.03625 4.98885
0.971427 7.66649
0.962243 7.82697
0.950627 6.46628
0.880954 8.68304
0.851182 5.94216
0.841246 7.09204
0.787618 8.86495
0.784528 7.63351
0.738294 6.55714
0.720835 6.06879
0.684593 5.80843
0.668457 8.31988
0.667702 6.30293
0.651845 6.25079
0.632033 5.70356
0.602284 7.79063
0.600185 5.75312
0.593042 7.84771
0.581062 8.21528
0.555736 7.09544
0.550294 9.14971
0.549661 9.06291
0.538049 8.28404
0.536878 7.35314
0.53677 6.01285
0.526842 7.91958
0.50172 8.58953
0.500601 8.7439
0.499368 7.91606
0.485153 6.49052
0.479441 9.69709
0.452115 8.12218
0.441428 8.88526
0.43992 7.65489
0.434427 6.41828
0.390928 7.10863
0.327125 9.26188
0.320489 8.58855
0.273351 8.20942
0.270063 9.53202
0.25197 7.75882
0.250193 8.61801
0.238103 8.19166
0.220029 9.61155
0.217541 7.36357
0.209864 8.76264
0.186685 7.95624
0.168269 10.013
0.167299 10.6354
0.137323 7.65194
0.128568 7.41297
0.123335 10.222
0.121971 9.37337
0.10216 7.40068
0.0992385 8.15358
0.0968774 10.3809
0.051457 10.7598
0.0479763 8.19092
0.047752 9.86779
0.036042 11.2175
0.0329277 11.1406
0.0290359 8.21557
0.0274408 9.55892
0.0193698 11.0559
0.00997142 11.0457
0.00827657 8.03956
0.00639958 9.07728
0.00438462 9.10846
0.00375711 11.8906
0.00315072 10.1667
0 0 1 0 0 
0 0 1 0 0 
0 0 0 1 0 
0 0.528597 0.471403 0 0 
0 0 0 0.772195 0.227805 
0 0 1 0 0 
0 0 1 0 0 
0 0 0 1 0 
0 0 0 1 0 
0.561456 0 0.438544 0 0 
1 0 0 0 0 
0 1 0 0 0 
0 0 1 0 0 
0 0 1 0 0 
0 1 0 0 0 
0.548733 0 0 0 0.451267 
1 0 0 0 0 
0 0 1 0 0 
0 1 0 0 0 
0 1 0 0 0 
0 0 1 0 0 
0 0 0 1 0 
0 0 0 0 1 
1 0 0 0 0 
0.520387 0 0.479613 0 0 
1 0 0 0 0 
0 1 0 0 0 
0.360446 0 0.639554 0 0 
0 0 0 1 0 
0.214633 0 0 0.785367 0 
0 0 0 0 1 
0 0 0 0 1 
0 0.465905 0 0.534095 0 
0 0 0 0 1 
0 1 0 0 0 
0 0 0 0 1 
0 0 0 0 1 
0 0 0 1 0 
0 0 0 0 1 
0 1 0 0 0 
0 0 0 0 1 
0 0.240438 0 0.759562 0 
0 0 0 1 0 
0 0 0 0 1 
0 0 0 0 1 
0 0 1 0 0 
0.326425 0.673575 0 0 0 
1 0 0 0 0 
0 0 1 0 0 
0.561129 0 0.438871 0 0 
1 0 0 0 0 
0 0 1 0 0 
0 0 1 0 0 
0 0 0 0 1 
1 0 0 0 0 
0 0 1 0 0 
0 0 0 1 0 
0 1 0 0 0 
0 0 0 1 0 
0 0 0 1 0 
0 1 0 0 0 
0 0 0.570845 0 0.429154 
0 1 0 0 0 
0 0 0 0 1 
0 1 0 0 0 
0 0 0 1 0 
0 0 0 0 1 
0 0 0.516199 0.483801 0 
0 0 1 0 0 
0 0 0 0 1 
0 0 0 0 1 
0 0 1 0 0 
1 0 0 0 0 
0 0 0 0 1 
0 0.534298 0 0 0.465702 
0.368149 0 0 0.631851 0 
0 0 0 1 0 
0 0 1 0 0 
1 0 0 0 0 
1 0 0 0 0 
0 0.650474 0 0.349526 0 
1 0 0 0 0 
1 0 0 0 0 
0 0 0 0 1 
0 1 0 0 0 
1 0 0 0 0 
0 0 0 0 1 
0 0 1 0 0 
0 1 0 0 0 
0 0 0 1 0 
0 0 0 0 1 
0.454023 0.545977 0 0 0 
0 0.358723 0.641277 0 0 
0 0 0 1 0 
0 1 0 0 0 
1 0 0 0 0 
0 0 1 0 0 
1 0 0 0 0 
0.12545 0.292907 0.2696 0.312043 0 
1 0 0 0 0 
0 0 1 0 0 
0 0 0 0 1 
0 0 0 0 1 
0 0 0.281732 0 0.718268 
0 0 0 0 1 
0 1 0 0 0 
0 0 0 0 1 
0 0 1 0 0 
0 0 0 1 0 
0 0 0 0 1 
0 0 0 1 0 
0.735679 0 0 0.264321 0 
0 0 0 0 1 
0 0 0 0 1 
0.416571 0 0 0.583429 0 
0 0 1 0 0 
0.380661 0 0.619339 0 0 
0 0 0 0 1 
0 0 0 1 0 
1 0 0 0 0 
0 0.63292 0.36708 0 0 
0 0 1 0 0 
1 0 0 0 0 
0 0 0 0 1 
0.118243 0 0 0 0.881757 
0 0 0 0 1 
0 0 0 1 0 
0 0 0 0 1 
0 0.363431 0.636569 0 0 
1 0 0 0 0 
0 0 0 1 0 
0 0 1 0 0 
0 0 0 0 1 
0 0 0 0 1 
0 0 1 0 0 
0 1 0 0 0 
0 0 0.726581 0.273419 0 
0 0 0 1 0 
0 0 0.761786 0.238214 0 
0 0 1 0 0 
0 1 0 0 0 
0 1 0 0 0 
1 0 0 0 0 
0 0 0 1 0 
1 0 0 0 0 
0 0 0 1 0 
0 0 1 0 0 
0 0 0 1 0 
0 1 0 0 0 
0 0.161941 0 0 0.838059 
0 0 0 0 1 
1 0 0 0 0 
1 0 0 0 0 
0 1 0 0 0 
0 0.535041 0 0 0.464959 
1 0 0 0 0 
0 1 0 0 0 
0 0 0 1 0 
0 0 0 1 0 
0.870672 0 0 0.129328 0 
0 1 0 0 0 
0 0 1 0 0 
0 0 0 0 1 
0.426225 0 0.573775 0 0 
1 0 0 0 0 
0 1 0 0 0 
0 1 0 0 0 
0 0 1 0 0 
0 1 0 0 0 
0 0 0 0 1 
0 0 0.325084 0 0.674916 
0 1 0 0 0 
0 0 1 0 0 
1 0 0 0 0 
0 0 0 1 0 
0 0 0 0 1 
0 0 0 0 1 
0 0 0.514931 0.485068 0 
0 0 0 1 0 
0 1 0 0 0 
0 0 0 0 1 
0.451448 0.286364 0 0.262188 0 
1 0 0 0 0 
0 0 0 1 0 
0 0 0 1 0 
0 0.698331 0 0 0.301669 
0 0 0 1 0 
0 0 0 0 1 
0 1 0 0 0 
0 1 0 0 0 
1 0 0 0 0 
0 0 0 0 1 
0 0 1 0 0 
0 0.620632 0 0 0.379368 
0 0 1 0 0 
0 0 0 0 1 
0 0 0 1 0 
0 0 1 0 0 
0 0 0 0 1 
0 0 0 0 1 
