10 25
0.67218
0.467118
0.695883
0.558632
0.413774
0.471278
0.488908
0.275658
0.316785
0.709327
9.5098 0.270533
8.80254 1.61162
8.5105 1.30135
8.11463 0.441117
7.96094 2.06488
7.41327 2.13895
6.65454 0.748194
5.91779 2.21899
5.88771 1.97643
5.5693 2.53703
3.68095 2.80757
3.17114 5.54472
3.16047 4.18579
2.80514 4.00437
2.71175 3.71914
2.14713 6.02501
1.77003 6.46243
1.72224 6.10467
1.52716 5.9936
1.27898 7.05151
0.340596 7.93904
0.325481 7.64009
0.0977733 10.2022
0.041577 11.0912
0.00865208 8.45982
0 1 0 0 0 0 0 0 0 0 
0 0 0 0 1 0 0 0 0 0 
0 0 0 0 0 0 1 0 0 0 
0 0 0 0 0 0 0 0 0 1 
0 0 0 0 0 1 0 0 0 0 
0 0 0 0 1 0 0 0 0 0 
0 0 0 0 0 0 0 1 0 0 
0 0 0 0 0 0 0.780357 0 0 0.219643 
0 0 1 0 0 0 0 0 0 0 
0 0 0 0 0 0 1 0 0 0 
0 0 1 0 0 0 0 0 0 0 
0 0 0.154081 0 0 0 0 0 0.533789 0.312129 
0 1 0 0 0 0 0 0 0 0 
1 0 0 0 0 0 0 0 0 0 
0 0 0 0 0 0 0 0 0.791007 0.208993 
0 0 0 0 0 0 1 0 0 0 
0 0 1 0 0 0 0 0 0 0 
1 0 0 0 0 0 0 0 0 0 
0 0 0 0 0 0 0 1 0 0 
0 0 0 1 0 0 0 0 0 0 
0 0 0 0 0.546349 0 0 0 0.453651 0 
1 0 0 0 0 0 0 0 0 0 
0 0 0 0 0 0 0 1 0 0 
0 0 1 0 0 0 0 0 0 0 
0 0 0 0 0 0 0 0 0 1 
