5 25
0.642297
0.677248
0.29847
0.647303
0.686014
9.35807 0.353559
6.93288 2.16694
6.59173 2.29798
5.90111 1.83797
5.27424 2.33358
4.5993 2.19725
3.60751 4.00422
3.41172 3.56662
3.40005 3.44158
3.37929 4.15062
2.73236 4.76964
2.04482 6.37916
1.83016 5.85241
1.78389 7.4555
1.78058 4.30269
1.27145 4.67931
1.06088 7.43831
0.989808 5.97217
0.806258 6.09515
0.518918 8.88515
0.50214 8.20226
0.23832 9.44614
0.0721892 7.81482
0.0621591 7.25099
0.0153682 10.8953
0 1 0 0 0 
0 0 1 0 0 
0 1 0 0 0 
0 0 0 1 0 
0 0 0 1 0 
0 0 1 0 0 
0 0 0 1 0 
1 0 0 0 0 
0 1 0 0 0 
0 0 0 1 0 
0 0 0 1 0 
0 0 0.38926 0.61074 0 
0.449293 0.334637 0.21607 0 0 
1 0 0 0 0 
1 0 0 0 0 
0 1 0 0 0 
1 0 0 0 0 
0 0 0 0 1 
1 0 0 0 0 
0 0 0 1 0 
0 0 0 1 0 
0 0 1 0 0 
0 0 0.796184 0.203816 0 
0 0.47026 0 0.52974 0 
0 1 0 0 0 
