5 100
0.633591
0.668791
0.298806
0.480833
0.344725
11.2051 0.349359
10.9421 0.523564
9.89882 0.426421
9.77557 1.21005
9.32107 1.08032
9.06872 0.321553
8.95025 0.746104
8.93145 1.28615
8.50626 1.6317
8.15563 0.915689
8.14749 1.02129
7.77322 0.916594
7.72583 1.42909
7.46915 0.124279
7.40555 1.4269
7.33412 0.180222
7.31361 0.870105
7.18513 2.42232
7.02073 0.952495
6.93419 1.41072
6.87409 2.07797
6.85329 2.04367
6.74294 1.23411
6.71709 0.605808
6.61165 1.36468
6.49304 2.46118
6.35592 2.39512
5.69927 3.56767
5.66305 1.68139
5.53702 2.29523
5.43331 3.68393
5.4066 1.56307
5.25543 2.39908
5.12803 2.19377
4.87939 1.95658
4.68604 3.37611
4.66394 2.23724
4.17852 4.7262
4.10198 3.77856
3.83416 4.75667
3.61293 2.79711
3.58585 3.19983
3.49119 4.65585
3.38639 4.40508
3.35323 5.42441
3.11621 3.39465
3.05579 3.62805
3.0117 2.9967
2.98103 4.9828
2.81608 4.10973
2.75809 3.54546
2.73985 4.27727
2.68663 4.29559
2.60771 3.86054
2.52445 4.49804
2.35528 5.48431
2.17313 4.68847
1.96232 7.29487
1.95331 6.27326
1.94529 6.99113
1.8738 4.61317
1.83125 5.20975
1.77804 6.28983
1.61084 6.95742
1.6045 5.00401
1.55389 5.71869
1.47915 6.29051
1.27064 6.9185
1.20895 6.99352
1.1159 7.88048
1.04749 5.30205
0.894416 8.3244
0.886455 7.49199
0.869941 8.56106
0.842058 6.55884
0.756681 6.59163
0.717858 8.41213
0.702577 6.24321
0.551359 5.72047
0.439498 6.87791
0.427863 9.40494
0.414038 8.27838
0.318817 7.91083
0.310688 8.74091
0.260023 7.56409
0.197539 9.04503
0.174363 7.70886
0.158552 10.3035
0.147159 8.89436
0.112945 9.24592
0.0531571 7.16547
0.0516723 9.11132
0.0505257 8.43971
0.0471885 7.43111
0.0458013 9.24938
0.0404516 9.78077
0.0301279 11.7758
0.0245704 11.5052
0.0194509 9.07138
0.00885561 7.9798
0 1 0 0 0 
0 0 0 1 0 
0 0 0 1 0 
0 0 0 1 0 
0 0 0 1 0 
0 0 0 1 0 
0.892139 0.107861 0 0 0 
0 0 0 0 1 
0 1 0 0 0 
1 0 0 0 0 
0 1 0 0 0 
0 0 0 0.523942 0.476058 
0 1 0 0 0 
0 0 1 0 0 
0 0.296376 0 0.703624 0 
0 0.881381 0 0.118619 0 
0 0 0 1 0 
0 0 0 1 0 
1 0 0 0 0 
0 0 0 0.583297 0.416703 
1 0 0 0 0 
0 0 0 0 1 
0 0.575961 0.424039 0 0 
0 0 0 0 1 
0 0 1 0 0 
0 1 0 0 0 
0 1 0 0 0 
0 1 0 0 0 
0 0 0 0 1 
0 1 0 0 0 
0 0.16342 0 0.83658 0 
0 0 1 0 0 
0 0 0 1 0 
0 0 0.793364 0 0.206636 
0 0 1 0 0 
0.396833 0 0.603167 0 0 
0 0 1 0 0 
0 0 0 0 1 
0 1 0 0 0 
0 0.309098 0 0.352627 0.338275 
0 0 0 0 1 
0 0 1 0 0 
0 0 0 1 0 
0 0 0 0 1 
0 0 1 0 0 
0 1 0 0 0 
0 1 0 0 0 
0 0 0 0 1 
1 0 0 0 0 
0 0 0 1 0 
0 0 1 0 0 
0 0 1 0 0 
0 0 0 1 0 
0 0 0 1 0 
0.789782 0 0 0 0.210218 
0 0 0.503582 0.496418 0 
0 0 0 1 0 
1 0 0 0 0 
1 0 0 0 0 
0 1 0 0 0 
0 1 0 0 0 
0 0 1 0 0 
0 0 1 0 0 
0 0 1 0 0 
0 0 0 1 0 
0 1 0 0 0 
0 0 1 0 0 
1 0 0 0 0 
0.791381 0 0 0.208619 0 
1 0 0 0 0 
0 0 0 1 0 
1 0 0 0 0 
1 0 0 0 0 
0 0 0 0.241157 0.758843 
1 0 0 0 0 
0 0 0 0.452162 0.547838 
0 0 0.210444 0.789556 0 
1 0 0 0 0 
0 0 1 0 0 
0 0 0 1 0 
0 0 0 0 1 
0 0 1 0 0 
0 0 0 1 0 
0 0 1 0 0 
1 0 0 0 0 
0 0 0 0 1 
0 0 0 1 0 
0.519917 0 0 0.480083 0 
0.540765 0 0.459235 0 0 
0 0.657863 0 0 0.342137 
0 0 0 0 1 
0 0 0 1 0 
0 0 0 0 1 
0 0 1 0 0 
0 1 0 0 0 
0 0 0 1 0 
1 0 0 0 0 
0 0 1 0 0 
0 0 0 1 0 
0 0 0 1 0 
