10 150
0.631311
0.355318
0.441031
0.581431
0.661409
0.255352
0.252685
0.39051
0.54309
0.299691
10.0719 0.625919
9.69247 0.683695
9.16363 1.271
8.78197 0.307848
8.74443 0.928833
8.39265 0.805064
8.11901 1.23698
7.9947 0.612666
7.70885 0.0922745
7.55424 0.688852
7.51048 2.39967
7.47127 1.73734
7.41772 1.26955
7.27394 0.238673
7.27012 2.60245
7.17808 0.986547
7.17601 1.01421
7.08947 1.38201
6.99767 1.34054
6.9277 1.96938
6.78482 1.16646
6.7629 2.33479
6.58305 2.21158
6.41564 1.49858
6.27873 1.56561
6.08946 1.2038
6.03458 1.3856
5.97722 2.98037
5.84904 1.22341
5.79215 2.18921
5.71405 1.39822
5.53063 2.59729
5.46316 2.04735
5.41812 2.19191
5.40477 2.30445
5.40375 1.71672
5.29706 1.31482
5.12135 1.75212
4.80098 1.8589
4.54207 2.40602
4.52281 2.32878
4.51375 3.4701
4.50531 2.88968
4.49773 3.40836
4.33977 3.6166
4.33342 2.25851
4.32915 3.37458
4.31739 2.29407
4.21847 4.30044
4.18868 2.84246
4.13706 3.72285
4.09472 2.05817
4.04239 3.63447
4.02887 3.95644
3.93745 2.73775
3.89991 3.58568
3.74301 2.70697
3.68308 4.6275
3.55726 4.8631
3.51573 3.9091
3.44372 3.35489
3.41779 4.73925
3.36849 4.56744
3.24031 5.72219
3.18561 3.61802
3.1571 3.49437
3.04858 4.39772
3.01154 4.15156
2.90555 5.52522
2.6558 5.115
2.64812 3.88472
2.60644 4.71102
2.42287 5.10824
2.18608 4.15317
2.15434 4.69939
2.11328 4.32222
2.02542 5.71556
2.00935 5.3659
1.8872 4.81238
1.81007 5.13152
1.79989 5.10345
1.79609 4.87716
1.75081 7.09337
1.74595 4.77495
1.66698 5.363
1.6323 5.95406
1.58779 6.1782
1.54483 5.50116
1.34192 6.33278
1.34028 8.14951
1.33619 5.74342
1.18724 7.1403
1.14035 5.62024
1.08399 5.61857
1.07622 7.8149
1.0409 7.7848
1.03336 6.245
0.971512 7.18158
0.959863 7.07103
0.902968 6.42519
0.83916 8.04689
0.803122 8.04187
0.786244 6.25061
0.710812 8.77765
0.680329 7.78131
0.671676 6.53218
0.652678 8.98033
0.646754 9.03393
0.61257 8.47787
0.609964 8.70655
0.577795 7.18267
0.556491 8.1014
0.551441 7.37729
0.540537 6.96506
0.512251 6.53292
0.4858 7.35166
0.47348 8.15833
0.468147 8.12908
0.45043 9.89508
0.33528 9.09245
0.292502 9.10625
0.280847 7.33403
0.262147 8.76678
0.250122 6.40919
0.230232 8.21299
0.228663 7.90388
0.206843 6.30468
0.190669 8.32812
0.143982 9.11959
0.139502 7.27544
0.13103 7.57986
0.122439 8.00962
0.109439 10.4636
0.103558 7.33367
0.10015 9.9189
0.0894314 7.64289
0.0785232 9.81766
0.0603109 9.10296
0.0511593 10.7951
0.0500582 9.97793
0.0450351 9.23896
0.0434506 8.41618
0.0313158 7.30514
0.030961 10.1079
0.0244473 7.70236
0.0222526 9.94038
0.0163494 8.46611
0.00740844 11.3801
0.00280619 10.2606
0.00246126 8.38111
0 0 0 0 0 0 1 0 0 0 
0 1 0 0 0 0 0 0 0 0 
0 0 0 0.370216 0.629784 0 0 0 0 0 
0 1 0 0 0 0 0 0 0 0 
0 1 0 0 0 0 0 0 0 0 
0 0 0 0.504672 0 0 0 0.495328 0 0 
0 0 0.291026 0 0 0 0.708974 0 0 0 
0 0 0 0 0 0 0 1 0 0 
0 0 0 0 0 0 0 0 1 0 
0 0 0 1 0 0 0 0 0 0 
0 1 0 0 0 0 0 0 0 0 
0 0 0 0 1 0 0 0 0 0 
0 0 0 0 0 0 0 0 0 1 
0 0 1 0 0 0 0 0 0 0 
0.261766 0 0.738234 0 0 0 0 0 0 0 
0.490745 0 0 0 0 0 0 0.509255 0 0 
0 0 0 0 0 1 0 0 0 0 
0 0 0 0 0 0 0 0 1 0 
0 0 0 0 1 0 0 0 0 0 
1 0 0 0 0 0 0 0 0 0 
1 0 0 0 0 0 0 0 0 0 
0 0 0 0 0 0 0 0 0 1 
0 0 0 0 1 0 0 0 0 0 
0 0 1 0 0 0 0 0 0 0 
1 0 0 0 0 0 0 0 0 0 
0.279489 0 0 0 0 0 0 0 0 0.720511 
0 0 0 0 0 0 0 0.548178 0 0.451822 
0 0 0 0 0.575107 0 0 0 0.424893 0 
0 0 0 1 0 0 0 0 0 0 
0 0 0 0 0.550122 0 0 0.449878 0 0 
0 0 0 0 0 0 1 0 0 0 
0 0 0 0 1 0 0 0 0 0 
0 0 0.700963 0 0 0 0 0 0 0.299037 
0 1 0 0 0 0 0 0 0 0 
0 0 0 1 0 0 0 0 0 0 
0.288049 0 0 0 0 0 0 0.711951 0 0 
1 0 0 0 0 0 0 0 0 0 
1 0 0 0 0 0 0 0 0 0 
0 0 0 0 0 0 1 0 0 0 
0 0 0 0 0 0 0 0 1 0 
0 0 0 0 0 0 0 0 1 0 
0 0 0 0 0 0 0 0 1 0 
0 0 0 0 1 0 0 0 0 0 
0 0 0 0 0 0 1 0 0 0 
1 0 0 0 0 0 0 0 0 0 
0 0 0 0 1 0 0 0 0 0 
1 0 0 0 0 0 0 0 0 0 
0 0 0 0 0 0 0 0 1 0 
0 0 1 0 0 0 0 0 0 0 
0 0 0 1 0 0 0 0 0 0 
0 0.637064 0 0 0 0 0 0 0.362936 0 
0 0 0 0 0 0 0 0 0 1 
0 0 0 0 0.443758 0.337556 0 0 0 0.218685 
0 0 0 0 0 0 0 1 0 0 
0 1 0 0 0 0 0 0 0 0 
0 0 0 0 0.770695 0 0 0.229305 0 0 
0 0 0 0 1 0 0 0 0 0 
0 0 0 0 0 0 0 1 0 0 
1 0 0 0 0 0 0 0 0 0 
0 0 0 0 0 0 0 1 0 0 
0 0 0 0 0 0 1 0 0 0 
0 0 0 0 0 0 0 1 0 0 
0 1 0 0 0 0 0 0 0 0 
0 0 0 0 0 0 0 1 0 0 
0 0 0 0 0 0 1 0 0 0 
0.811267 0 0 0 0 0 0.188732 0 0 0 
0 0 0 0 0 1 0 0 0 0 
0 0 0 0 0 0 0 0 0 1 
0 0 0 0 0 0 0 0 1 0 
1 0 0 0 0 0 0 0 0 0 
0 0 1 0 0 0 0 0 0 0 
0.811639 0 0 0 0 0 0 0.188361 0 0 
0 0 0 0 0 1 0 0 0 0 
0 0 0 0 1 0 0 0 0 0 
0 0 1 0 0 0 0 0 0 0 
0 0 0 0 0 0 1 0 0 0 
0 0 0 0.780531 0 0.219469 0 0 0 0 
0 0 0 0 0 0 1 0 0 0 
0 1 0 0 0 0 0 0 0 0 
0 0 0 0 0 0 0 0 0 1 
0 0 0 0 1 0 0 0 0 0 
0 0 0 0 0 1 0 0 0 0 
0 0 0 0 0 0.646123 0 0 0 0.353877 
0 0 0 0 0 0 0 0 1 0 
0 1 0 0 0 0 0 0 0 0 
0 0 0 0 0 0 0 0 1 0 
0 0 0 0 0 0 0 1 0 0 
0 0 0 0 0 0 0 0 0.495869 0.504131 
0 0 0 0 0 0 0 1 0 0 
0 0 0 0 0 0 0 0 1 0 
0 0 0 0 0 0 0.670568 0.329432 0 0 
0 0 0 0 0 0 0 0 1 0 
0 0 0 0 0 0 0 0 0 1 
0 0 0 0 0 0 1 0 0 0 
0 0 0 0 0 0 0 0 1 0 
0 0 0 0 0 0 0 1 0 0 
0 0 0 0 0 1 0 0 0 0 
0 0 1 0 0 0 0 0 0 0 
0 0 0 0 0 0 0 1 0 0 
0 0 1 0 0 0 0 0 0 0 
1 0 0 0 0 0 0 0 0 0 
0 0 0 1 0 0 0 0 0 0 
1 0 0 0 0 0 0 0 0 0 
1 0 0 0 0 0 0 0 0 0 
0 0 0 0 0 0 0 1 0 0 
0 0 0 0 0 0 0 1 0 0 
0 0 0 1 0 0 0 0 0 0 
0 0 0 0 0 1 0 0 0 0 
0 0.212427 0 0.787573 0 0 0 0 0 0 
0 0 0 1 0 0 0 0 0 0 
0 0 0 0 0 0 0 1 0 0 
0 0 1 0 0 0 0 0 0 0 
0 0 0 1 0 0 0 0 0 0 
0 0 0 0 0 0 0 1 0 0 
0 0 0 0 0 1 0 0 0 0 
0.536978 0 0 0 0 0 0.463022 0 0 0 
1 0 0 0 0 0 0 0 0 0 
0 0 1 0 0 0 0 0 0 0 
0 0 0 0 0 0 0 1 0 0 
0 0 0 0 0 0 0 0 1 0 
0 1 0 0 0 0 0 0 0 0 
0.565732 0 0 0 0 0 0 0 0 0.434268 
0 1 0 0 0 0 0 0 0 0 
0 0.263381 0 0 0 0 0 0.736619 0 0 
0 0 0 0 0 0 1 0 0 0 
0 0 1 0 0 0 0 0 0 0 
0 1 0 0 0 0 0 0 0 0 
0 0 0 0 0 0 1 0 0 0 
0 0 0 0 0 0 0 0 1 0 
0 0 0 0 0 0 1 0 0 0 
0 0 0 0.536795 0 0.377157 0.086048 0 0 0 
0 0 0 0.655327 0 0 0 0 0.344673 0 
0 1 0 0 0 0 0 0 0 0 
0 0 0 0 1 0 0 0 0 0 
0 0 0 0 0 1 0 0 0 0 
0 0 0 1 0 0 0 0 0 0 
0 0 0 0 0 0 0 0 1 0 
0 1 0 0 0 0 0 0 0 0 
0 0 0 0 0 0 0 0 1 0 
0 0 1 0 0 0 0 0 0 0 
0 0 0 0 0 0 0 0 1 0 
0 0 0 0 0 0 0 0 1 0 
0 0 0 0 0 0 0 0 0 1 
0 0 0 0 1 0 0 0 0 0 
0 0 0 0 0 0 0 1 0 0 
0 1 0 0 0 0 0 0 0 0 
0 0 0 0 0 0 0 0 1 0 
0 0 0 0 0 0.540314 0 0 0 0.459686 
0 0 1 0 0 0 0 0 0 0 
0 0.546635 0 0 0 0 0 0 0.453365 0 
