5 50
0.406542
0.279326
0.564714
0.464264
0.565913
11.155 0.556027
10.9223 0.11098
9.94591 0.32364
9.6872 1.03146
9.04438 0.18559
7.80822 0.636603
7.72749 1.97725
7.57714 1.7779
7.19355 1.75988
6.81716 2.24087
6.39737 1.53398
5.38453 2.07857
4.87716 3.24659
4.5964 3.76438
4.19709 3.70326
3.83319 4.07186
3.82068 5.00695
3.6906 3.01225
3.4995 4.19925
3.30404 3.96294
3.18183 4.86602
3.00316 4.72341
2.87928 2.87873
2.85682 5.24702
2.82009 4.66673
2.80114 4.61554
2.66939 6.20535
2.51821 6.71584
2.09416 6.11068
2.07536 6.00508
2.05415 5.70391
1.96565 6.0462
1.53748 6.92701
1.45304 7.32254
1.36856 5.551
1.19654 4.88146
1.18596 8.07502
1.18136 6.61231
0.854907 8.42404
0.79262 5.50953
0.627829 5.83087
0.559427 9.42341
0.509168 6.54313
0.244391 8.36352
0.220319 8.22999
0.205081 8.03991
0.188953 7.07953
0.06633 9.07654
0.0176819 7.34576
0.00721861 11.6479
0 0 0 1 0 
0 0 1 0 0 
0.486412 0 0 0.513588 0 
0 1 0 0 0 
0 1 0 0 0 
0 0 0 1 0 
0 0 0 1 0 
0 0.457158 0.542842 0 0 
1 0 0 0 0 
0 1 0 0 0 
0 0 0 0 1 
0 0 0 0 1 
0 0.406923 0 0.593077 0 
0 0 1 0 0 
0 1 0 0 0 
0 0 0.762556 0 0.237444 
0 0 0 1 0 
0 1 0 0 0 
0 1 0 0 0 
0 0 0 0 1 
0 0 0 1 0 
0 1 0 0 0 
1 0 0 0 0 
0 0 0 0 1 
0 0 0 0 1 
0 0.231561 0.768439 0 0 
0 1 0 0 0 
0 0 1 0 0 
0 1 0 0 0 
0 1 0 0 0 
0.535302 0 0.464698 0 0 
0 0 0 1 0 
0 0 0 1 0 
0 0 0 0 1 
0 0 0 0 1 
0 0 0 0.430807 0.569193 
0 0 1 0 0 
0 0 0 0 1 
0 0 0 0 1 
0 0.433335 0 0.566665 0 
0 0 0 0 1 
0 0 0 1 0 
0 0 1 0 0 
0.764221 0 0.235778 0 0 
0 0.528436 0.471564 0 0 
0 0 1 0 0 
0 0 0 1 0 
1 0 0 0 0 
0 1 0 0 0 
0 0 0 1 0 
