5 25
0.252724
0.607985
0.46644
0.557783
0.645891
7.76551 0.441459
7.40999 0.399487
7.28864 2.10679
7.20947 1.18613
5.55699 2.51812
5.15589 2.55667
4.40717 3.35149
4.29855 4.61635
3.94966 3.88773
3.64662 5.3022
3.63334 3.7605
3.31277 3.75672
3.26236 5.84949
3.21198 4.64383
2.62688 5.83301
1.44177 6.05876
1.17967 7.14949
1.07623 5.2504
0.889319 8.85495
0.314337 7.25907
0.25068 8.00182
0.150831 8.08693
0.0766973 8.80926
0.0574949 9.08574
0.0275631 8.01264
0 1 0 0 0 
0 1 0 0 0 
0 1 0 0 0 
0.575898 0.424102 0 0 0 
1 0 0 0 0 
0 0 0 1 0 
0 1 0 0 0 
0 0 1 0 0 
0 0 0 1 0 
0 0 1 0 0 
0 0 1 0 0 
0 1 0 0 0 
0 0 0.402834 0 0.597166 
1 0 0 0 0 
0 0 0 1 0 
0 0 0 1 0 
0.501641 0 0.498359 0 0 
0 0.476697 0 0.523303 0 
0 0 0 0 1 
0 0 0 0 1 
0 1 0 0 0 
0 0 0 0 1 
0 0 0 0 1 
0.428503 0 0 0 0.571497 
0 0 1 0 0 
