5 500
0.653403
0.39924
0.411587
0.708896
0.429586
11.9532 0.158016
11.1803 0.348562
11.1096 0.162061
11.0408 0.314352
10.8895 0.570115
10.8695 0.508127
10.8411 0.329621
10.8034 0.23721
10.7707 0.154761
10.7034 0.166418
10.3092 0.684924
10.2706 0.170532
10.2565 0.245297
10.2483 0.364002
10.1099 0.327671
10.0151 0.303735
9.90959 0.622353
9.78576 0.663515
9.68311 0.466242
9.4563 1.33743
9.33603 0.455856
9.20929 0.666249
9.19151 1.01081
9.16623 1.0713
9.12586 0.859004
9.11494 1.78799
9.02156 1.12464
8.9439 1.17658
8.93478 0.590881
8.91822 1.4007
8.83237 1.37834
8.81364 1.08486
8.79515 1.41239
8.74702 0.909422
8.74421 0.978976
8.62909 1.36071
8.60851 1.38047
8.53929 1.33243
8.49993 0.522207
8.46694 0.69658
8.45923 1.95467
8.45502 1.32872
8.3802 1.29462
8.37344 0.474934
8.37116 1.33538
8.2556 1.24576
8.24884 2.01111
8.23383 0.597045
8.0431 2.01681
8.00399 1.5772
7.90679 1.63423
7.88222 2.00196
7.813 1.1489
7.78053 1.17472
7.77644 1.6154
7.74232 2.2956
7.72871 1.6684
7.70879 1.57842
7.61298 2.00468
7.58004 1.45617
7.55302 0.304696
7.54609 0.831282
7.50473 0.436499
7.4452 1.5273
7.44376 0.113409
7.36529 1.46995
7.31414 1.66976
7.30513 0.584777
7.21967 1.50352
7.21552 0.84455
7.20832 0.633816
7.20242 2.57777
7.17026 2.78939
7.16437 1.52267
7.07406 1.02597
7.03113 0.422022
6.99594 2.00623
6.98123 1.73929
6.97697 2.3717
6.95808 1.78289
6.94451 0.882601
6.92582 1.78621
6.887 1.12817
6.83712 1.16149
6.83348 0.445295
6.82096 1.93745
6.81529 1.09303
6.81296 1.94296
6.80089 2.20474
6.77505 2.00341
6.77459 0.74959
6.7562 2.59927
6.73385 1.70679
6.68671 2.00394
6.49579 1.82853
6.46892 1.65594
6.44382 2.72455
6.42268 2.0815
6.4102 2.2863
6.29137 1.59631
6.28597 2.2322
6.20959 1.95346
6.19532 2.3705
6.13603 2.3424
6.11816 1.46723
6.1097 2.40156
6.0958 2.11422
6.0866 1.41948
6.07185 1.3875
6.06537 1.27771
6.02209 2.35751
5.98903 1.80156
5.96263 1.88811
5.92504 3.33863
5.88179 2.5879
5.86304 2.64108
5.85447 3.21641
5.82385 1.43315
5.82263 1.64546
5.80327 2.10569
5.76702 2.57306
5.75385 3.16185
5.73103 3.08773
5.62514 2.66037
5.62446 2.51319
5.60056 1.13702
5.58587 2.98586
5.55488 2.2282
5.54051 2.85132
5.5265 3.50174
5.47205 2.65004
5.46159 2.11628
5.44581 1.45159
5.40462 3.47185
5.37491 2.07245
5.36878 2.79472
5.34512 1.63131
5.32111 1.52459
5.28545 1.75703
5.23105 1.98529
5.1827 1.72967
5.12064 3.86176
5.12048 2.7796
5.089 2.25623
5.06416 2.59474
5.06332 2.5405
5.06154 3.64592
5.01964 1.87994
4.98625 2.14831
4.96271 2.42573
4.9595 2.98825
4.9274 2.16216
4.89903 2.89918
4.8493 3.29843
4.83782 2.67416
4.81565 3.93216
4.81341 4.089
4.79468 3.55783
4.79025 2.9352
4.78454 3.08749
4.78068 2.71304
4.76904 2.41929
4.74923 3.19444
4.74526 2.57274
4.71754 2.38934
4.70656 3.50654
4.62817 2.5057
4.60243 1.97577
4.59789 2.60532
4.58995 3.31759
4.5611 3.13435
4.55602 2.46029
4.53772 3.65248
4.47955 3.04172
4.4078 3.85813
4.37003 2.92204
4.35725 2.22752
4.3034 3.29724
4.29182 4.12405
4.28447 2.5818
4.27316 3.34348
4.20132 2.6178
4.14188 3.55714
4.12796 3.37829
4.10305 4.11971
4.08816 3.50406
4.05511 3.28106
3.9928 3.86303
3.97141 4.01103
3.96002 3.58802
3.91892 3.19786
3.86775 2.82753
3.8174 4.20425
3.77834 3.69401
3.73838 3.98188
3.73354 4.33762
3.72806 2.7669
3.71412 2.4676
3.70905 3.75592
3.69667 3.78728
3.67517 5.10855
3.66215 4.73344
3.65792 3.62673
3.6552 5.13685
3.65008 3.42734
3.61599 2.39683
3.60694 3.87804
3.60383 4.79902
3.60138 4.86644
3.58821 3.197
3.54367 5.32573
3.50299 4.35235
3.48954 5.31086
3.42108 5.02089
3.41441 3.14514
3.41351 3.36412
3.39194 4.06274
3.38174 3.42392
3.38042 4.84235
3.37913 4.09274
3.37602 3.45023
3.37572 5.44243
3.35488 4.6582
3.27414 3.76902
3.26601 3.89512
3.20326 5.46747
3.20183 5.2747
3.1969 4.51782
3.19452 2.92922
3.13899 3.83366
3.10175 5.7731
3.10079 3.37218
3.09868 4.69693
3.07689 3.97621
3.07202 4.83641
3.0598 5.1038
3.03422 4.96279
3.01339 3.75778
3.01252 4.52406
2.99874 4.25674
2.99562 4.05465
2.95353 4.35485
2.9119 3.62696
2.90558 5.68624
2.87004 4.75884
2.8574 4.4429
2.85471 5.41287
2.83663 5.85391
2.83652 4.36908
2.81943 5.64773
2.81532 4.83253
2.76674 5.9691
2.70111 4.24314
2.69309 4.96712
2.61711 4.62623
2.61569 4.3263
2.60973 5.10215
2.60909 4.57387
2.5839 5.05145
2.58024 5.66634
2.57094 5.75226
2.52809 5.68026
2.44524 5.6118
2.43014 6.10349
2.4275 3.67137
2.41622 5.51366
2.37594 4.07454
2.32368 5.90571
2.28919 4.57056
2.28909 4.97515
2.25615 5.30168
2.25366 6.38148
2.22365 6.73313
2.22211 4.96387
2.21348 4.95254
2.18379 3.9474
2.18012 4.16679
2.1793 4.17345
2.16359 4.26007
2.12871 5.94217
2.09107 4.70574
2.05845 4.96917
2.05779 6.32501
2.02176 5.63427
2.00653 5.10523
2.00191 4.4877
1.99343 5.11624
1.99236 6.04775
1.96865 5.1974
1.9647 5.88363
1.89369 4.0739
1.88893 5.29095
1.86255 5.88416
1.84472 4.49088
1.80742 4.48634
1.76762 6.72684
1.68596 5.81116
1.67584 5.83583
1.67583 6.05154
1.67414 5.21031
1.65057 5.60408
1.64141 4.60348
1.62231 7.93427
1.59248 7.13824
1.57971 5.54311
1.57654 6.0298
1.56171 6.87765
1.55007 6.24956
1.54409 7.47081
1.53737 5.63323
1.52648 6.59491
1.52042 6.55842
1.51818 7.52088
1.51524 6.25084
1.50109 5.44971
1.49923 6.8024
1.49045 4.8445
1.46492 6.06267
1.46308 5.7473
1.45502 5.57368
1.43992 4.69198
1.41934 5.49524
1.41148 4.89825
1.41015 6.31718
1.40833 5.03171
1.38358 5.90799
1.375 6.25179
1.37324 6.93069
1.36029 7.14797
1.33267 5.79559
1.31964 8.07829
1.31707 4.90243
1.3022 7.77378
1.29401 6.14481
1.29197 6.23764
1.2848 8.06243
1.27997 5.31897
1.23977 5.38714
1.20345 4.83098
1.19452 7.26745
1.16066 6.94486
1.12803 6.91323
1.11559 6.31471
1.11509 7.8998
1.10762 5.07834
1.10457 7.50907
1.07259 6.54059
1.04395 5.44324
1.0367 5.30689
1.01596 6.68798
1.01257 5.52678
0.998115 6.43265
0.946531 6.64651
0.934922 8.41511
0.932296 8.06842
0.926781 7.19464
0.912407 5.07304
0.912006 7.68459
0.89431 7.02985
0.893886 5.0286
0.866513 6.18922
0.846876 8.60049
0.828404 5.87926
0.827861 6.19761
0.798278 6.56573
0.78616 5.60984
0.780962 7.97384
0.780859 5.79865
0.751389 7.10844
0.747737 7.94524
0.733771 7.24841
0.715788 7.58705
0.685231 7.759
0.667262 6.23533
0.664 6.47071
0.661329 8.32367
0.658483 7.35084
0.652668 7.2102
0.646134 8.69698
0.632247 6.97518
0.613242 7.77184
0.612251 7.91649
0.595103 7.23345
0.594346 5.83148
0.587649 7.02484
0.560371 8.72113
0.556722 9.002
0.549101 7.06348
0.514862 6.17062
0.514499 8.93051
0.506577 8.28085
0.504961 6.05649
0.48512 6.20024
0.479796 6.97418
0.469661 8.47612
0.468512 8.39924
0.460879 9.24078
0.460547 9.48814
0.422835 9.80328
0.420433 9.74531
0.420034 8.37953
0.411605 7.52122
0.393016 8.81026
0.371868 9.57372
0.364035 7.22139
0.359074 7.51358
0.351213 6.7471
0.344098 7.38269
0.341383 9.24274
0.336859 6.17819
0.329163 9.17231
0.32111 6.30963
0.318738 8.79012
0.314371 6.85735
0.31417 9.24049
0.312208 6.6235
0.303456 9.90446
0.292463 6.62888
0.290851 7.2998
0.278891 7.78807
0.278298 8.32425
0.275682 8.45955
0.266406 9.79989
0.261901 9.00117
0.257394 8.24245
0.253415 7.17175
0.251301 7.04509
0.250502 6.78044
0.236491 9.07956
0.228305 9.90964
0.214906 9.36231
0.214319 8.16686
0.210412 7.95619
0.198414 7.98739
0.194354 6.75114
0.192327 7.76469
0.176146 9.73568
0.169423 10.3971
0.165744 10.6174
0.148303 7.22574
0.147988 9.89076
0.145905 10.2456
0.143217 9.85859
0.140399 7.50184
0.137891 10.536
0.135291 8.80281
0.133433 11.0403
0.131041 11.1381
0.130915 7.1265
0.119239 8.92068
0.117442 7.99997
0.107824 8.4527
0.107433 9.33287
0.106695 7.48275
0.102959 10.5349
0.102527 10.907
0.0973965 7.9562
0.0927346 9.20183
0.0919591 7.15455
0.0873738 8.25369
0.0779241 10.5593
0.0764915 8.91791
0.0751995 10.1279
0.0714468 7.55124
0.0709964 8.98028
0.0696822 9.23634
0.0690874 7.78543
0.0687139 9.59826
0.0591847 10.7678
0.055588 10.7755
0.052962 7.79015
0.0500405 8.45807
0.0428732 10.7853
0.0421984 8.61722
0.0409065 10.2756
0.0401991 7.72558
0.0376953 11.5056
0.0366289 8.76139
0.0363889 8.83238
0.0357715 8.94937
0.0347661 7.58677
0.0332228 7.41286
0.0330576 7.11058
0.0220359 9.26026
0.0204241 7.17098
0.0196057 7.3695
0.0177126 11.3199
0.0166499 10.6762
0.0155954 8.7644
0.0153369 9.87732
0.0125081 9.38839
0.0123597 9.22325
0.0095271 7.46377
0.00663559 10.3689
0.0031975 10.9221
0.00314644 7.60941
0.00269502 10.8556
0.00260842 9.4868
0.00231902 10.1717
0.00205085 7.50688
0.688664 0 0 0 0.311336 
0 0 0 1 0 
0 0 0 1 0 
0 0 1 0 0 
1 0 0 0 0 
0 0 0.551939 0 0.448061 
0 0 1 0 0 
0 0 0 0.783519 0.216481 
0 0 0 0 1 
0 1 0 0 0 
0 0 0 1 0 
0 0 0 1 0 
0 0 0 0 1 
0 0.371607 0 0.628393 0 
0 0 1 0 0 
1 0 0 0 0 
0 0 0 1 0 
0 0 0 1 0 
0 0 0 1 0 
0 0 0 0 1 
1 0 0 0 0 
0 1 0 0 0 
0 0.664277 0 0 0.335723 
0 0 0 0 1 
0 0 0 0 1 
0 0 0 0 1 
0 0 0 0 1 
1 0 0 0 0 
0.607919 0 0 0.392081 0 
0 1 0 0 0 
0 0 0 0 1 
0 0 1 0 0 
0 0 0 0 1 
0 0 0 0 1 
0 0.15606 0.447982 0.395958 0 
0 0 0.398131 0 0.601869 
0 0 0.592753 0.407247 0 
0.401088 0.598912 0 0 0 
0 0 0 0 1 
0.718834 0 0.281166 0 0 
0 0 1 0 0 
0 1 0 0 0 
0 0 0 1 0 
1 0 0 0 0 
1 0 0 0 0 
0 0.578943 0.421057 0 0 
0 0 0.286455 0.713545 0 
0 0 1 0 0 
0 1 0 0 0 
1 0 0 0 0 
0 0.424807 0 0.575193 0 
0 1 0 0 0 
0.427713 0.572287 0 0 0 
1 0 0 0 0 
0.782228 0 0 0 0.217772 
0 0 0 0 1 
1 0 0 0 0 
0 0 0 0 1 
0 0 0 0 1 
0 1 0 0 0 
0 1 0 0 0 
0.361667 0 0.126972 0 0.511361 
0.699287 0 0.300713 0 0 
0 0 1 0 0 
0.660913 0 0 0 0.339087 
0 0 0 0 1 
0.291519 0 0 0 0.708481 
1 0 0 0 0 
0 0 0 0 1 
0 0 0 1 0 
0 1 0 0 0 
1 0 0 0 0 
0 0 0 0 1 
0 1 0 0 0 
0 0.5723 0 0 0.4277 
0 0 0 1 0 
0.403495 0 0.596505 0 0 
1 0 0 0 0 
0 1 0 0 0 
0 0.736102 0 0 0.263898 
1 0 0 0 0 
0 0 0 1 0 
0 0 0 0 1 
0 0 0.698345 0.301655 0 
0 0 0 0 1 
0 0 1 0 0 
0 0 0 0 1 
0 0 1 0 0 
0 0 1 0 0 
0 0 1 0 0 
0 1 0 0 0 
0 0 0 1 0 
0 0 0 1 0 
0 0 1 0 0 
0 1 0 0 0 
0 1 0 0 0 
1 0 0 0 0 
0 1 0 0 0 
0 0 0 1 0 
0 0 0 1 0 
0.408463 0 0.591537 0 0 
0 0 1 0 0 
0 0 0 1 0 
0 0 0 1 0 
0 0 0 1 0 
0 0 0 1 0 
0 1 0 0 0 
0 0 0 0 1 
1 0 0 0 0 
0 0 0 0 1 
0 0 0 1 0 
0 0 1 0 0 
1 0 0 0 0 
0 0 0 1 0 
0 0 0 0 1 
0.813484 0.186516 0 0 0 
0 0 1 0 0 
1 0 0 0 0 
0 0 0 0 1 
0 1 0 0 0 
0 0 0 0 1 
0 0 1 0 0 
1 0 0 0 0 
1 0 0 0 0 
0 0 0.792011 0 0.207989 
0 0 1 0 0 
0 1 0 0 0 
0 0 1 0 0 
0 0 0 0 1 
0 1 0 0 0 
0 0 1 0 0 
0 0 0 1 0 
0 0 1 0 0 
1 0 0 0 0 
0 0 1 0 0 
0 0 0 1 0 
1 0 0 0 0 
0 0 1 0 0 
0 0 0 1 0 
0 0 1 0 0 
0 0 0 0 1 
0.393548 0.606452 0 0 0 
1 0 0 0 0 
0 0 0 1 0 
0 0 0 0 1 
0 0 0 1 0 
0 0 0 1 0 
0 1 0 0 0 
0 0.347313 0 0 0.652687 
0 1 0 0 0 
0 0 0.67921 0.32079 0 
0 0.568681 0 0 0.431319 
0 1 0 0 0 
1 0 0 0 0 
0 1 0 0 0 
0 0 0 1 0 
0 0 0 0 1 
0 1 0 0 0 
0 0 1 0 0 
0 0 0 0 1 
1 0 0 0 0 
0.51007 0 0 0.48993 0 
1 0 0 0 0 
0 0 0 0 1 
0 0 1 0 0 
0 1 0 0 0 
0 0 1 0 0 
1 0 0 0 0 
0.253949 0 0 0.746051 0 
0 0 0 0 1 
0 0 0 0 1 
0 0 0 1 0 
0 1 0 0 0 
0 0 0 0 1 
0 1 0 0 0 
1 0 0 0 0 
0 0 1 0 0 
0 1 0 0 0 
0 0 0 0 1 
1 0 0 0 0 
0 0 1 0 0 
0 0 0 1 0 
0 0 0 0 1 
0 0 0 1 0 
0 0 0 0 1 
0 0 0 1 0 
0 0 0 0 1 
0 0 0 1 0 
0 0 1 0 0 
0 0 0 0 1 
0 0 1 0 0 
0.104406 0.895594 0 0 0 
0 0 0 0 1 
0 0 0 1 0 
0 0 0 1 0 
0.204345 0 0 0.795655 0 
0.615417 0 0 0 0.384583 
0 0 0 0 1 
0 0 1 0 0 
0.356359 0 0 0.643641 0 
1 0 0 0 0 
1 0 0 0 0 
0.599816 0.400184 0 0 0 
0 1 0 0 0 
0 1 0 0 0 
0 0 1 0 0 
0.50058 0.49942 0 0 0 
0 0.290018 0 0.709982 0 
0.666538 0.333462 0 0 0 
0 0 0 0 1 
1 0 0 0 0 
0 0 0 0 1 
0 0 0 1 0 
0 0 0.260611 0 0.739389 
0 1 0 0 0 
0 0 1 0 0 
0 1 0 0 0 
0 0 1 0 0 
0 1 0 0 0 
1 0 0 0 0 
0 0 0 0 1 
0 0 1 0 0 
0 0 1 0 0 
0 0 1 0 0 
0 0 0 1 0 
0 0.521876 0 0.478124 0 
0 0 1 0 0 
0 0.717957 0 0 0.282043 
0 0 0.558593 0 0.441407 
0 0 1 0 0 
1 0 0 0 0 
0 0.482848 0.517152 0 0 
0 0 1 0 0 
0 0 0 0 1 
0 1 0 0 0 
0 0 1 0 0 
0 0 0 1 0 
0 0 0 1 0 
0 0 1 0 0 
0 1 0 0 0 
0 0 1 0 0 
0.601422 0 0 0 0.398578 
0 0 0 1 0 
0 1 0 0 0 
0 0.507911 0 0 0.492089 
0.136381 0 0.863619 0 0 
0 0 1 0 0 
0 0 1 0 0 
0 0 0 0 1 
0 0 0 1 0 
0 1 0 0 0 
0 0 1 0 0 
0 0 1 0 0 
0 0 1 0 0 
0 1 0 0 0 
0 0.819774 0 0 0.180226 
0.634811 0 0 0 0.365189 
0 0 0 0 1 
0 0 1 0 0 
0 0 0 1 0 
0 0 0 1 0 
0 0 1 0 0 
1 0 0 0 0 
0 1 0 0 0 
0 1 0 0 0 
1 0 0 0 0 
0.447245 0 0.386315 0 0.16644 
0 0 0 0 1 
0 0 0 0.501249 0.498751 
0 0 0 0 1 
0 0.200469 0.206675 0.277504 0.315353 
1 0 0 0 0 
0 0 1 0 0 
0 0 0 1 0 
0 1 0 0 0 
0 0 1 0 0 
0 1 0 0 0 
0 1 0 0 0 
1 0 0 0 0 
0.41267 0 0.183855 0.403475 0 
0 0 0 1 0 
0 1 0 0 0 
0 0 0 0 1 
0.597636 0 0 0.402365 0 
0 0 0 0.304962 0.695038 
0 0 0 0 1 
0 1 0 0 0 
0 1 0 0 0 
0.580295 0.419705 0 0 0 
0 0 0 0 1 
0 1 0 0 0 
0 1 0 0 0 
0 0 1 0 0 
0.236856 0 0 0 0.763144 
0 1 0 0 0 
0.601211 0.398789 0 0 0 
1 0 0 0 0 
0 0.426156 0 0 0.573844 
0 0 0 1 0 
0 0 0 1 0 
0 0 0 0 1 
0 0 1 0 0 
0 0 1 0 0 
0 0 0 0 1 
0 0 0 1 0 
1 0 0 0 0 
0 1 0 0 0 
0 0 0 1 0 
1 0 0 0 0 
0 0 1 0 0 
0 0.518532 0 0.481468 0 
0 1 0 0 0 
1 0 0 0 0 
0 0 1 0 0 
0 0.150697 0.849303 0 0 
1 0 0 0 0 
0 0 1 0 0 
0 0 1 0 0 
0 1 0 0 0 
0 0 0 0 1 
0 0.472172 0 0.0950907 0.432737 
1 0 0 0 0 
0 1 0 0 0 
0 0 1 0 0 
1 0 0 0 0 
0 0 0 0 1 
0 0 0 1 0 
1 0 0 0 0 
0 0 1 0 0 
0 0 1 0 0 
0 0 1 0 0 
0 0 0 0 1 
0 1 0 0 0 
0 1 0 0 0 
0 0 0 0 1 
0 0 0.562101 0.437899 0 
1 0 0 0 0 
0 0 0 0 1 
0 0 1 0 0 
0 0 0 0 1 
0 1 0 0 0 
0 1 0 0 0 
0 0 0 1 0 
0 0 0 1 0 
0 0 0 0 1 
0 0 0 0 1 
0 0 0 0 1 
0 0 1 0 0 
0 1 0 0 0 
0 0 0 0 1 
0.588817 0.411183 0 0 0 
0 0 1 0 0 
0 0 1 0 0 
0 0 0.117893 0 0.882107 
0 0 0 1 0 
0 0 0 1 0 
0 0 0 0 1 
0 0 0 1 0 
0 0 0.395039 0 0.604961 
0 0 0 0 1 
0 0 1 0 0 
0 0 0 1 0 
0 0 0 1 0 
0 0.199868 0 0 0.800133 
0 1 0 0 0 
0 0 1 0 0 
0 0 0 0 1 
0 1 0 0 0 
0 1 0 0 0 
0 1 0 0 0 
1 0 0 0 0 
0 0 0 1 0 
1 0 0 0 0 
0 0 0 0 1 
0.393426 0 0 0.606574 0 
1 0 0 0 0 
0 0.432986 0 0.567014 0 
0 0 0.533816 0.466184 0 
1 0 0 0 0 
0 0.656766 0 0.343234 0 
0.20679 0 0 0.79321 0 
0 0 0 1 0 
1 0 0 0 0 
1 0 0 0 0 
0 0 0 0 1 
0 1 0 0 0 
0 1 0 0 0 
0.781549 0 0 0.218451 0 
0 0 1 0 0 
0 1 0 0 0 
0 0 0 0 1 
0 1 0 0 0 
1 0 0 0 0 
0 1 0 0 0 
0 0 1 0 0 
0 0 0 1 0 
0.325153 0.674847 0 0 0 
0 0 1 0 0 
0 1 0 0 0 
0 0 0.225464 0.774537 0 
0 0 0 0 1 
1 0 0 0 0 
0 0.381435 0 0.618565 0 
0 0 0 0 1 
0 0.407915 0 0.592085 0 
0 1 0 0 0 
0 1 0 0 0 
1 0 0 0 0 
0 0 1 0 0 
0 0 1 0 0 
0.710187 0 0.289813 0 0 
0 0 0 1 0 
0 0 1 0 0 
0 0 0 1 0 
0 0 0 1 0 
0 0 0 0 1 
0 0 0 1 0 
0 0 0 0 1 
0 0 1 0 0 
0 0 1 0 0 
0 0 0 1 0 
1 0 0 0 0 
0 0 1 0 0 
0 1 0 0 0 
0 0 0 1 0 
1 0 0 0 0 
1 0 0 0 0 
0 0 1 0 0 
0 0 0 0 1 
0 0 1 0 0 
0 1 0 0 0 
1 0 0 0 0 
0 0 0 1 0 
0 0 1 0 0 
0 0 0 1 0 
0 0 0 0 1 
0.475204 0 0 0.524796 0 
0 1 0 0 0 
1 0 0 0 0 
0 1 0 0 0 
0 0 1 0 0 
0 0 0 1 0 
0 0 0 0 1 
0 1 0 0 0 
0 0 1 0 0 
0 1 0 0 0 
0.620736 0 0.379264 0 0 
0 0 0 0.696602 0.303398 
0 0 1 0 0 
1 0 0 0 0 
1 0 0 0 0 
0 0 1 0 0 
0 0 0 0 1 
1 0 0 0 0 
0.543284 0 0.456716 0 0 
0 0 0 1 0 
0 0 0 1 0 
0 0 0.412467 0.587533 0 
0 0 0 0 1 
0 0 1 0 0 
1 0 0 0 0 
0 1 0 0 0 
0 0.595106 0 0 0.404894 
0 0 1 0 0 
0 0 1 0 0 
0 0 0 0 1 
0 0 0 0.370542 0.629458 
0 0 0 1 0 
0 1 0 0 0 
0 0 1 0 0 
0 0.334958 0 0.665042 0 
1 0 0 0 0 
0 0 0 0 1 
0 0.336443 0 0.318158 0.345399 
0 0 0 0 1 
0 0 1 0 0 
0 0 0 0 1 
0 1 0 0 0 
1 0 0 0 0 
0 0 0 1 0 
0 0 1 0 0 
0 1 0 0 0 
0.872234 0 0 0 0.127766 
0 0 0 0.255145 0.744855 
0 0 0 0 1 
1 0 0 0 0 
0 0 1 0 0 
1 0 0 0 0 
1 0 0 0 0 
0 0 1 0 0 
0 0 0 0.625379 0.374621 
0 0 0 0 1 
0 0 0 1 0 
0 0 1 0 0 
1 0 0 0 0 
0 1 0 0 0 
0 0 0 1 0 
0 0 0 1 0 
0 0 1 0 0 
0 0 0 0 1 
