10 300
0.390535
0.722959
0.431938
0.710837
0.395366
0.562951
0.427255
0.669689
0.477669
0.741165
11.3996 0.241208
11.1864 0.363864
11.1364 0.447404
10.8409 0.156133
10.5663 0.254615
9.78839 0.905797
9.30394 0.763427
9.24744 1.4153
9.04088 0.953949
9.01433 1.00454
8.8284 0.226751
8.75174 1.31625
8.57498 0.269936
8.43494 1.09837
8.41134 1.2026
8.36811 0.675642
8.33362 0.736742
8.29776 1.70986
8.27358 1.19719
8.2228 0.318993
8.09913 0.998605
8.09552 0.29856
8.00841 0.219515
7.94691 1.23399
7.88602 1.45617
7.67626 0.717163
7.63647 1.07023
7.59364 1.39971
7.41744 2.20566
7.04927 0.795315
6.98258 1.3286
6.96986 0.941513
6.96649 1.82391
6.92667 1.42066
6.89883 1.46933
6.84204 1.89513
6.82592 2.26967
6.7624 1.17832
6.74101 0.932049
6.73998 3.17626
6.70328 1.9146
6.70158 2.42242
6.62548 1.65901
6.61383 1.91941
6.6128 1.57632
6.57022 1.12303
6.55453 1.26447
6.51096 1.68097
6.45989 1.15206
6.23792 1.09779
6.17385 2.56474
6.15337 2.6639
6.10583 1.15934
6.1051 2.86417
6.08587 1.55346
6.08467 2.50235
5.97751 2.94933
5.94009 1.79985
5.87713 1.75697
5.85011 3.59421
5.77856 2.03189
5.75858 1.18808
5.74434 1.56984
5.72467 3.38334
5.64126 2.51468
5.49247 2.96053
5.48298 2.62715
5.45876 2.10628
5.39096 2.8272
5.34698 3.92361
5.33783 3.87114
5.32451 2.48102
5.29864 2.00251
5.28935 3.12093
5.2237 2.56871
5.22243 2.67149
5.17662 2.06598
5.07288 3.34028
5.01419 4.05046
5.00442 2.92226
5.00398 3.70238
4.94118 2.38186
4.89218 2.60842
4.88518 2.88599
4.88487 2.87637
4.86627 2.85602
4.79547 2.79562
4.78776 2.91542
4.7009 3.95607
4.68415 3.85418
4.64673 2.50534
4.61867 3.27925
4.58989 4.008
4.55521 3.31443
4.39546 4.22153
4.36163 3.93779
4.27261 2.94859
4.21475 4.75806
4.2135 4.3016
4.17891 3.27473
4.15959 2.17388
4.10691 2.59401
4.09745 3.2324
4.06752 2.78094
4.00624 4.43958
4.00318 2.97845
3.94094 3.3563
3.89287 3.38793
3.85656 3.29598
3.81578 3.727
3.68739 3.86371
3.63137 3.60337
3.61939 4.39572
3.59053 5.02493
3.55262 3.55414
3.51148 4.27634
3.49812 3.96396
3.49123 4.8362
3.45764 4.65497
3.45374 3.03268
3.37088 4.34717
3.304 4.26736
3.28536 4.90216
3.2158 4.28857
3.15601 4.27498
3.14226 4.21122
3.03987 4.04053
2.96942 3.26169
2.88397 3.84648
2.71668 5.74683
2.65753 4.47952
2.62133 4.01453
2.61354 5.68965
2.60597 5.82068
2.52776 4.42182
2.47877 5.15974
2.467 4.99395
2.44912 4.36529
2.44782 5.26268
2.41555 4.17613
2.40897 4.12273
2.40854 5.02761
2.38632 3.75628
2.34695 4.86807
2.29615 5.29769
2.23233 6.22934
2.19037 4.4904
2.18396 6.62482
2.1832 5.9635
2.16946 4.50228
2.14523 6.87121
2.11849 5.22316
2.10482 4.9876
2.08499 5.02478
2.06257 5.30664
2.03456 6.00744
2.02647 6.9861
2.01377 4.78855
1.98463 4.73595
1.98109 6.64727
1.92466 4.94126
1.88551 3.89385
1.83606 4.59919
1.83405 6.06383
1.81864 4.48539
1.81291 5.7151
1.77913 5.54904
1.74677 5.84977
1.72324 7.23756
1.71212 4.47033
1.69091 6.71604
1.64417 5.93429
1.6171 4.86624
1.56372 7.1548
1.55307 4.66951
1.51134 5.95749
1.50888 5.35276
1.50109 4.74959
1.45796 7.99402
1.41064 4.415
1.38255 6.68111
1.38107 6.84891
1.32174 5.6212
1.24282 6.8981
1.18904 7.63028
1.18864 6.56695
1.16579 8.39091
1.08955 5.62446
1.07586 7.99561
1.06893 6.27731
1.05399 6.58312
1.02874 7.52483
1.01824 8.24951
0.998049 5.68156
0.954691 5.40967
0.952875 5.79501
0.947692 6.43782
0.939134 6.43661
0.937911 6.70152
0.935261 6.37024
0.88497 8.17713
0.879943 5.80851
0.879741 8.70674
0.871622 7.00154
0.851685 5.60537
0.843246 8.17096
0.818651 7.50114
0.804018 7.21249
0.792575 6.71767
0.742532 6.00476
0.720287 8.74067
0.708979 7.6004
0.702896 7.24251
0.693811 8.26221
0.67694 8.71328
0.674366 6.04577
0.66852 7.0059
0.667978 7.47149
0.66565 7.17916
0.645835 8.83908
0.638331 5.95376
0.615386 8.26824
0.599818 6.43979
0.599456 7.14108
0.596046 6.08718
0.538005 9.42818
0.535335 9.71089
0.52604 8.18381
0.524692 9.20608
0.521134 7.59266
0.502696 6.44074
0.501324 7.10258
0.488288 6.49525
0.452118 9.38057
0.412601 8.86547
0.395804 5.92671
0.391334 7.71401
0.382676 8.0327
0.348872 10.1788
0.346084 7.93317
0.326395 9.38113
0.313491 6.75597
0.307045 10.041
0.306179 7.36783
0.294181 9.18625
0.282241 8.33825
0.276625 9.85024
0.275379 9.94507
0.261609 9.22282
0.255711 8.7335
0.252703 9.18101
0.252617 8.17539
0.245747 6.56923
0.2408 6.50884
0.234995 8.88805
0.234459 8.74369
0.230594 6.87262
0.229026 7.23595
0.213429 7.47551
0.209616 9.0775
0.207806 7.72329
0.200603 9.43886
0.193371 8.47195
0.189254 7.10788
0.156486 7.19665
0.150549 7.18762
0.150422 10.1792
0.148124 8.64977
0.13884 9.54708
0.123291 10.9271
0.120623 9.16533
0.114309 9.68758
0.108835 8.02511
0.108198 7.67357
0.0970698 7.47356
0.0639008 8.66592
0.0581495 7.63025
0.0557172 7.74586
0.049792 11.0841
0.0491893 7.03179
0.0402466 7.68351
0.0393388 8.27773
0.0393071 8.97451
0.0388192 11.2286
0.0358068 7.14847
0.0293424 9.5416
0.0261696 10.8832
0.0261272 10.9852
0.0255556 7.12465
0.0178576 10.5059
0.0166978 8.44626
0.013144 7.26362
0.00824832 8.80278
0.00727902 10.8381
0.00634881 11.1769
0.00530857 7.63877
0.00439351 7.52678
0.00389243 11.3455
0.00309959 11.018
0.00251154 11.4675
0 0 0 0 0 0 0 0 0 1 
0 0 0 0.257466 0 0 0 0 0.742534 0 
0 0 0 0 0 0 0.333374 0 0.666626 0 
0 0 0 0 0 0 0 1 0 0 
1 0 0 0 0 0 0 0 0 0 
0 0 0 1 0 0 0 0 0 0 
0 0 0 0 0 1 0 0 0 0 
0 0 0 0 1 0 0 0 0 0 
0 0 1 0 0 0 0 0 0 0 
0 0 0 0 0 0 0 0 1 0 
0 0 0 0 0 0 0 0 1 0 
0 0 0 0 0 1 0 0 0 0 
0 0 0 0 0 0 0.814788 0.185212 0 0 
0 0 0 0.573863 0 0.426137 0 0 0 0 
0 0 0 0 0 0 0 0 1 0 
0 0 0 0 0 0 0 1 0 0 
0 0 0 0 0 0 1 0 0 0 
0 1 0 0 0 0 0 0 0 0 
0 0 0 0 0 0 0 1 0 0 
0 0 0 0 0 0 0 0 0 1 
0 0.441491 0 0 0 0 0 0.558509 0 0 
0 0 1 0 0 0 0 0 0 0 
0 0 0 0 0 0 0 0 1 0 
0 1 0 0 0 0 0 0 0 0 
0 0 0 0 0 0 0 1 0 0 
0 0 0 0 1 0 0 0 0 0 
0 1 0 0 0 0 0 0 0 0 
0 0 0 0 0.619572 0 0 0.380428 0 0 
0 0 0 0 1 0 0 0 0 0 
0 0 0 0 0 1 0 0 0 0 
0 0 0 0 0 0 0 0 1 0 
0 1 0 0 0 0 0 0 0 0 
0 0 0 0 0 0 0 0 1 0 
0 0 0 0 0 0 0 0 1 0 
0 0 1 0 0 0 0 0 0 0 
0 0 0 1 0 0 0 0 0 0 
0 1 0 0 0 0 0 0 0 0 
0.639509 0.360491 0 0 0 0 0 0 0 0 
0 0 0.531339 0.468661 0 0 0 0 0 0 
1 0 0 0 0 0 0 0 0 0 
0 0 1 0 0 0 0 0 0 0 
0 0 0 0 0 1 0 0 0 0 
0 0 0 0 1 0 0 0 0 0 
1 0 0 0 0 0 0 0 0 0 
0 0 0 0 0 0 0 1 0 0 
0 0.491478 0.508522 0 0 0 0 0 0 0 
0 0 0 0 0 0 0 0 0 1 
0 1 0 0 0 0 0 0 0 0 
0 0 0 0 0 0 1 0 0 0 
0 0 0 1 0 0 0 0 0 0 
0 0 0 0 0 0 0 0 0.438096 0.561904 
0 0 1 0 0 0 0 0 0 0 
0 0 0 1 0 0 0 0 0 0 
0 0 0.338993 0 0 0 0 0 0 0.661007 
0 0 0 0 0 1 0 0 0 0 
0 0 0 0 0 0 1 0 0 0 
0 0 0 0 0 0.550774 0 0.449226 0 0 
0 1 0 0 0 0 0 0 0 0 
0 0 0.241349 0 0 0 0 0.758651 0 0 
0 0 0 0 0 0 0 0 1 0 
0 0 0 0 0 0 0 0 1 0 
0 0 0 0 0 0 1 0 0 0 
0 0 0 0 1 0 0 0 0 0 
0 0 0 0 0 1 0 0 0 0 
0 0 0 0 0 0 0 1 0 0 
0.697307 0.302693 0 0 0 0 0 0 0 0 
0 0 0 0 0 0 1 0 0 0 
0 0 0 0 0 0 1 0 0 0 
0 0 0 0 0 0 1 0 0 0 
0 0 0 0 0 0 1 0 0 0 
0 0 0 0 0 0 0.371953 0.628047 0 0 
1 0 0 0 0 0 0 0 0 0 
0 0 0 0 0 0 1 0 0 0 
0 1 0 0 0 0 0 0 0 0 
0 0 0 0 1 0 0 0 0 0 
0 0.618208 0 0 0 0 0 0 0 0.381792 
0 1 0 0 0 0 0 0 0 0 
0 1 0 0 0 0 0 0 0 0 
0 0 0 1 0 0 0 0 0 0 
0 0 0 0 0 0 0 1 0 0 
0 0 0 0 0 1 0 0 0 0 
0 0 0 0 0 0 0 1 0 0 
1 0 0 0 0 0 0 0 0 0 
0 0 1 0 0 0 0 0 0 0 
1 0 0 0 0 0 0 0 0 0 
0 0 0 0 0 0 0 0 0 1 
0 0 1 0 0 0 0 0 0 0 
0 0 0 0 0 0 0 0 1 0 
0 0 1 0 0 0 0 0 0 0 
0 0 0 0 0 0 0 1 0 0 
1 0 0 0 0 0 0 0 0 0 
1 0 0 0 0 0 0 0 0 0 
0 0 1 0 0 0 0 0 0 0 
0 0 0 0 0 0 0 0 1 0 
0 0 0 0 0 0 0 0 1 0 
0 0 0 0 0 0 1 0 0 0 
0 0 0 1 0 0 0 0 0 0 
0 0 0 0 0 0 1 0 0 0 
0 0 0 0 0 0 0 1 0 0 
0 1 0 0 0 0 0 0 0 0 
0 0 0 0 0 0 0.658835 0.341165 0 0 
0 0 0 0 1 0 0 0 0 0 
0 1 0 0 0 0 0 0 0 0 
0 0 0 0 0 0 0 0 0 1 
0 0.441873 0.558127 0 0 0 0 0 0 0 
0 0.279546 0 0 0 0.363732 0.356722 0 0 0 
0 0 0.756881 0.243119 0 0 0 0 0 0 
0 0 0 0 1 0 0 0 0 0 
0 0 0 1 0 0 0 0 0 0 
0 1 0 0 0 0 0 0 0 0 
0 0 0 0 0 0 0 0 1 0 
0 0.690909 0 0 0 0 0.309091 0 0 0 
0 1 0 0 0 0 0 0 0 0 
0 0 0 0 0 1 0 0 0 0 
0 1 0 0 0 0 0 0 0 0 
0 0 0 0 0 0 0.72306 0.27694 0 0 
0 0 0 0 0 0 0 1 0 0 
0.501012 0 0 0 0 0 0 0 0 0.498988 
0 0 0 1 0 0 0 0 0 0 
0 0 0 1 0 0 0 0 0 0 
0 0 0 0 0 0 1 0 0 0 
0 0 0 0 0 0 0 1 0 0 
0 0 0 0 0 0 0 1 0 0 
0 0 0 0 0 0 1 0 0 0 
0 0 0 0 1 0 0 0 0 0 
0 0 0 1 0 0 0 0 0 0 
0 0 0 0 0 1 0 0 0 0 
0 0 0 0 1 0 0 0 0 0 
0 0 1 0 0 0 0 0 0 0 
0 0 0 0 0 0 1 0 0 0 
0 0 0 0 0 1 0 0 0 0 
0 0 0 1 0 0 0 0 0 0 
0 0 0 1 0 0 0 0 0 0 
0 0 1 0 0 0 0 0 0 0 
0 0 0.690333 0.309667 0 0 0 0 0 0 
0 0.794841 0 0 0 0 0 0.205159 0 0 
0 1 0 0 0 0 0 0 0 0 
0 0 0 0 0 0 0 0 0 1 
0 1 0 0 0 0 0 0 0 0 
0 0 0 0 0 0 0 0 0 1 
0 0 0 1 0 0 0 0 0 0 
0 0 0 0 0 0 0 0 0 1 
0 0 1 0 0 0 0 0 0 0 
0 0 0 0 0 1 0 0 0 0 
0 0 0 1 0 0 0 0 0 0 
1 0 0 0 0 0 0 0 0 0 
0 0 0 0 0 1 0 0 0 0 
0 0 1 0 0 0 0 0 0 0 
0 0 0 0 0 0 0 1 0 0 
0 0 0 0 0 1 0 0 0 0 
0 0.519557 0 0 0.480443 0 0 0 0 0 
0 0 0 0 0 0 0 0 0 1 
0 0 0 0 0 0 0 1 0 0 
0 1 0 0 0 0 0 0 0 0 
0 0 0 1 0 0 0 0 0 0 
0 0 0 0 0 1 0 0 0 0 
0 0 0 0 1 0 0 0 0 0 
0 0 0 0.445158 0 0.554842 0 0 0 0 
0 0 0 0 0 0 0 0 0 1 
0 0 0 1 0 0 0 0 0 0 
0 0 0 1 0 0 0 0 0 0 
0 0 1 0 0 0 0 0 0 0 
0 0 0 0 0 0 0 1 0 0 
0 0 0 0 0 0 0 1 0 0 
1 0 0 0 0 0 0 0 0 0 
0 0 0 0 0 1 0 0 0 0 
1 0 0 0 0 0 0 0 0 0 
0 0 0 0 0 1 0 0 0 0 
0 0 0 1 0 0 0 0 0 0 
0 0 0 0 0 0 0 1 0 0 
0 0 0 0 0 0 0 0 1 0 
0 0 0 0 1 0 0 0 0 0 
0 0 0 0 0 0 0 0 1 0 
0.704992 0 0 0 0 0 0 0.295008 0 0 
1 0 0 0 0 0 0 0 0 0 
1 0 0 0 0 0 0 0 0 0 
0 0 0 0 0 0 1 0 0 0 
0 0 1 0 0 0 0 0 0 0 
0 0 0 0 0 0 0 1 0 0 
0 0 0 0 0 0 0 0 1 0 
0 0 0 1 0 0 0 0 0 0 
1 0 0 0 0 0 0 0 0 0 
0 0 0 0.264765 0 0 0 0.312965 0.422271 0 
0 1 0 0 0 0 0 0 0 0 
0 0 0 1 0 0 0 0 0 0 
0 0 0 0 0 0 0 0 1 0 
0 0 1 0 0 0 0 0 0 0 
0 0 0 0 0 1 0 0 0 0 
0 1 0 0 0 0 0 0 0 0 
0 0 0 0 0 0 0 0 0 1 
0 0 0 0 0 0 0 0 1 0 
0 0 0 0 0 0 1 0 0 0 
0 0 1 0 0 0 0 0 0 0 
0 0 0 0 0 0 0 0 1 0 
0 0 0 0 0 0 0 0 0 1 
0 0 0 0 0 0 0 0 0 1 
1 0 0 0 0 0 0 0 0 0 
0 0 0 0 0 0 0.459186 0 0 0.540814 
0 0 0 0 0 0 1 0 0 0 
0 0 0 0 0 0 0 0 1 0 
0 0 0 0 0 0 0 1 0 0 
0 0 1 0 0 0 0 0 0 0 
0 0 0 0 0 0 0 0 0 1 
0 1 0 0 0 0 0 0 0 0 
0 0 0 1 0 0 0 0 0 0 
0 0 0 1 0 0 0 0 0 0 
1 0 0 0 0 0 0 0 0 0 
0 0 0 0 0 0 0 1 0 0 
0 0 0 0 0 0 0 0 0 1 
0 0 0 0 1 0 0 0 0 0 
0 0.64556 0.35444 0 0 0 0 0 0 0 
0 1 0 0 0 0 0 0 0 0 
0 0 0 1 0 0 0 0 0 0 
1 0 0 0 0 0 0 0 0 0 
0 0 0.373415 0 0 0 0.626585 0 0 0 
0 0 0 0 0 0 0 0 0 1 
0 0 0 0 0 0 1 0 0 0 
0 0 0 1 0 0 0 0 0 0 
0 0 0 0 0 0 0 0 1 0 
0 0 0 0 0 1 0 0 0 0 
0 0 0 0 0 1 0 0 0 0 
0 0 0 1 0 0 0 0 0 0 
0 0 0 0 0 0 0 0 0 1 
1 0 0 0 0 0 0 0 0 0 
0 0 0 0 0 0 0.452223 0 0.547777 0 
0 0 0 0 0 0 0 0 1 0 
0 0 0.424207 0 0 0.477579 0 0 0.098214 0 
0 0 1 0 0 0 0 0 0 0 
0 0 0 0 0 0 0 0 1 0 
1 0 0 0 0 0 0 0 0 0 
0 0.0697014 0 0 0 0.59282 0 0 0 0.337478 
0 0 0 0.258298 0 0 0 0.741702 0 0 
0 1 0 0 0 0 0 0 0 0 
0 0 0 0.126964 0 0 0 0 0 0.873036 
0 0 0 0 0 0 1 0 0 0 
0 0 1 0 0 0 0 0 0 0 
0 0 0 0 0 0.331182 0 0 0.668818 0 
0 0 0 0.405663 0 0 0 0 0.594337 0 
0 0 0 0 0 0 0 1 0 0 
0 0 0 0 0 0 0 1 0 0 
0 0 1 0 0 0 0 0 0 0 
0 0 0 1 0 0 0 0 0 0 
0 0 0 0 0 1 0 0 0 0 
0 0.503762 0.249769 0 0 0 0 0 0 0.246469 
0 0 0 0 0 0 0 0 1 0 
0 0 0 0 0 0 0 0.395592 0 0.604408 
0 0 0 1 0 0 0 0 0 0 
0 0 0 0 0 0 0 0 1 0 
0 0 0 0 0 0 0 1 0 0 
0 0 0.578157 0 0 0.421843 0 0 0 0 
1 0 0 0 0 0 0 0 0 0 
0 0 0 0 0 1 0 0 0 0 
0 0 0 1 0 0 0 0 0 0 
0 0 0 0 0 0 0 1 0 0 
0 0 1 0 0 0 0 0 0 0 
0 0 0 0 1 0 0 0 0 0 
0.691116 0 0 0 0.308884 0 0 0 0 0 
0 0 0 0 0 1 0 0 0 0 
0 0 0 1 0 0 0 0 0 0 
0 0 0 0 0.317978 0.487994 0 0 0 0.194028 
0 1 0 0 0 0 0 0 0 0 
0 0 1 0 0 0 0 0 0 0 
0 0 0 1 0 0 0 0 0 0 
0 0 0 0 0 0 0 0 0 1 
0 0 1 0 0 0 0 0 0 0 
0 0 0 1 0 0 0 0 0 0 
0 0 1 0 0 0 0 0 0 0 
0 0 0.695368 0 0 0.304632 0 0 0 0 
0 0 0 1 0 0 0 0 0 0 
0 0 0 0 0 0 0 1 0 0 
0 0 0 0 1 0 0 0 0 0 
0.41258 0 0 0.58742 0 0 0 0 0 0 
1 0 0 0 0 0 0 0 0 0 
1 0 0 0 0 0 0 0 0 0 
0 0 0 0 1 0 0 0 0 0 
0 0 0 0.485432 0 0.514568 0 0 0 0 
0 0 0 0 0 0 0 1 0 0 
0.351194 0 0 0 0 0.648806 0 0 0 0 
0 0 0 0 0 0 0 0 1 0 
0 1 0 0 0 0 0 0 0 0 
0 0 0 0 0 1 0 0 0 0 
0 0 0 1 0 0 0 0 0 0 
0 0 0 0 1 0 0 0 0 0 
0 0 0 0 1 0 0 0 0 0 
0 0 0 0 0 1 0 0 0 0 
0 0 0 0.140174 0 0 0.859826 0 0 0 
0 0 0 1 0 0 0 0 0 0 
0 0 0 0 0.485285 0.514715 0 0 0 0 
1 0 0 0 0 0 0 0 0 0 
0 0 0 0 0 0 0 1 0 0 
0 0 0 0 0 0 0.432067 0 0 0.567933 
1 0 0 0 0 0 0 0 0 0 
1 0 0 0 0 0 0 0 0 0 
0 0 0 0 0 1 0 0 0 0 
0 0.49963 0.50037 0 0 0 0 0 0 0 
0 0 0 0 0 0 0 0 0 1 
0 0.555784 0 0 0 0 0 0 0 0.444216 
0 0 0 0 1 0 0 0 0 0 
0 0 0.257644 0 0 0 0 0.742356 0 0 
0 0 0 0 1 0 0 0 0 0 
