5 25
0.317654
0.595495
0.381966
0.609354
0.431364
10.9893 0.628004
8.31753 1.24464
8.24508 1.98003
7.99887 2.00268
5.84911 1.52104
5.64677 1.27353
5.36024 3.03754
4.43185 2.30251
4.13611 3.47491
3.24449 4.42374
2.79398 4.10908
2.76911 4.1271
2.70001 4.415
2.69707 4.63518
2.43881 5.10951
1.92051 6.67791
1.86093 5.60804
1.80491 6.78066
1.21432 7.21116
0.69288 5.93345
0.585104 7.32958
0.452196 9.87512
0.221039 7.21995
0.180457 9.54008
0.140735 9.98343
0 1 0 0 0 
1 0 0 0 0 
0 0 1 0 0 
0 0.679781 0.320219 0 0 
0 0 0 0.592521 0.407479 
0 0 1 0 0 
0 0 0 1 0 
0 0 1 0 0 
0 0 0 1 0 
0 0 0 0 1 
0 0 1 0 0 
0 0 1 0 0 
0 0 1 0 0 
0 0 1 0 0 
0.202768 0 0 0 0.797232 
0 0 1 0 0 
0 0 0 1 0 
0 1 0 0 0 
0 0 0 1 0 
0 0 1 0 0 
0 0 0 1 0 
0 0.717941 0.282059 0 0 
0 0 0 0.242748 0.757252 
0 1 0 0 0 
0 1 0 0 0 
