10 150
0.613861
0.307112
0.333269
0.273357
0.529316
0.508167
0.515566
0.558232
0.726042
0.609688
11.031 0.579186
10.5901 0.823114
9.8584 0.389716
9.64708 0.510747
9.44589 0.94386
9.4059 0.746827
9.3027 0.35453
9.22404 0.794184
9.19811 1.31516
9.13078 0.851115
8.91638 1.25905
8.72722 0.290995
8.56934 0.184773
8.49952 0.371711
8.37676 0.213131
8.15885 1.84264
8.08685 1.31411
8.03246 1.74297
8.01023 1.48178
7.82434 0.590686
7.72608 0.509939
7.66807 1.53036
7.4765 1.42037
7.42719 0.997123
7.35605 1.93624
7.28436 1.41373
7.25262 1.62998
6.83326 1.47132
6.80428 2.14241
6.68028 2.81616
6.58269 1.94288
6.47452 0.739733
6.44444 1.01046
6.39848 0.953682
6.37272 2.18933
6.21116 1.37129
6.17244 1.24144
5.9248 1.17002
5.83878 1.68332
5.47901 3.00861
5.39701 1.88633
5.34506 3.84436
5.08975 2.13641
5.02061 3.28212
5.01328 2.38957
4.58525 3.13652
4.50406 1.99374
4.35882 2.90138
4.26668 2.7324
4.22998 2.82688
3.95643 4.48108
3.68557 2.64908
3.67521 3.78311
3.66807 2.58845
3.61292 4.73877
3.60671 3.92455
3.42368 3.0701
3.36273 3.951
3.21041 4.79556
3.16407 3.7814
3.1459 3.22976
3.05557 3.86598
2.968 4.95955
2.92886 3.96214
2.92825 4.3974
2.91565 3.6525
2.80533 3.71576
2.79562 4.08575
2.79443 6.46062
2.69898 4.90201
2.64822 6.1052
2.64397 4.58212
2.57814 4.84016
2.52317 4.49527
2.31457 4.78885
2.24165 4.2796
2.22537 4.12549
2.16983 4.94751
2.12921 6.70256
2.11577 4.61573
2.09409 4.54283
2.08004 4.74444
1.94817 5.79242
1.91452 4.75322
1.90882 5.81929
1.772 6.5131
1.67736 4.92697
1.49596 7.9218
1.48052 4.7365
1.46678 6.04583
1.39043 5.21035
1.3668 7.32572
1.35729 6.57699
1.31323 7.31085
1.28063 8.07947
1.15559 8.17285
1.10415 7.39825
1.01024 5.89739
0.991986 5.88293
0.982876 7.40465
0.946513 6.06544
0.930659 6.11723
0.909481 6.06189
0.867321 8.05427
0.855159 5.54688
0.839654 5.43628
0.838772 9.12027
0.75011 5.25419
0.661613 6.64474
0.658561 7.54843
0.655152 8.52217
0.612981 8.85426
0.59387 8.07188
0.583588 7.27611
0.565607 6.97817
0.546191 7.18306
0.544789 7.90761
0.535768 9.02731
0.520115 8.94161
0.518784 7.19144
0.497901 7.84389
0.481687 7.11509
0.413392 6.60439
0.389205 6.52023
0.351845 8.64318
0.3094 8.52878
0.281372 9.61162
0.278371 6.47252
0.271145 9.5268
0.248613 8.73031
0.219747 9.55765
0.20983 9.29681
0.181797 8.26623
0.17551 7.02677
0.168255 10.5881
0.152947 8.95185
0.111028 10.3172
0.0938176 10.4507
0.0874606 7.62991
0.0826349 9.8559
0.0639581 8.40077
0.0481835 10.1876
0.0460386 8.85293
0.0422321 11.3224
0.0145225 9.23708
0.00916862 11.3549
0.00584073 9.53156
0.00535153 8.75414
0.00109275 11.494
0.000983982 10.5225
0 0 0 0 0 0.171655 0 0 0 0.828345 
0 0 0 1 0 0 0 0 0 0 
0 0 0 0 1 0 0 0 0 0 
0 0 0 0 0 0.559861 0 0 0 0.440139 
0 0 0 0 0 0 1 0 0 0 
0 0 0 0 0 0 1 0 0 0 
0 0 0 0 0 0 0 0 0 1 
0 0 0 0 0 1 0 0 0 0 
0 0 0 0 0 0 0 0 1 0 
0 0 0 0 0 0 0 1 0 0 
0 0 0 0 0 0 0 1 0 0 
0 0 0.687973 0 0 0 0.312027 0 0 0 
0 0 0 0 0 0 1 0 0 0 
0 0 0 0 0 0 0 1 0 0 
0.220079 0 0 0.454509 0 0 0 0 0 0.325412 
0.433944 0 0 0 0.566056 0 0 0 0 0 
0 0 0 0.316467 0 0 0.683533 0 0 0 
0 0 0 0 0 0 1 0 0 0 
0 0 0 0 0 0 0 1 0 0 
0 0 0 0 1 0 0 0 0 0 
0 0 0 0 0 0 1 0 0 0 
0 0 0 0 0 1 0 0 0 0 
1 0 0 0 0 0 0 0 0 0 
0 0 0 0 0 0 1 0 0 0 
0 0 1 0 0 0 0 0 0 0 
0 0 1 0 0 0 0 0 0 0 
0 0 0 1 0 0 0 0 0 0 
0 0 0.248883 0 0 0 0.751117 0 0 0 
0 0 0 0 0 0 0 0.321844 0 0.678155 
0 0 0 1 0 0 0 0 0 0 
0 0 0 0 0 1 0 0 0 0 
0 0 0 0 1 0 0 0 0 0 
0 0 0 0 0 0 0 1 0 0 
0 0 0 0 0 0 0 0.419577 0 0.580423 
0 0 0 0 0 0 0.804158 0.195842 0 0 
0 0 0 0 0 0 0 0 0 1 
0 1 0 0 0 0 0 0 0 0 
1 0 0 0 0 0 0 0 0 0 
0 0 0 0 0 0 1 0 0 0 
0 1 0 0 0 0 0 0 0 0 
0 1 0 0 0 0 0 0 0 0 
0 0 0 0 0 0 0 0 1 0 
0 0 0 0 0 0 0 0 0 1 
0 0 0 1 0 0 0 0 0 0 
0 0 0 0 0 0 0 0 1 0 
0 0 0 0 1 0 0 0 0 0 
0.497463 0 0 0 0 0 0.502537 0 0 0 
0 0 0 1 0 0 0 0 0 0 
0 0 0 0 0 0 0 0 0 1 
0 0 0 1 0 0 0 0 0 0 
0 1 0 0 0 0 0 0 0 0 
0.401204 0 0 0 0.598796 0 0 0 0 0 
0 0 0 0 0 0 0 1 0 0 
0 0 0 0 0 0 1 0 0 0 
0 0 0 0 0 0 0 1 0 0 
0 0 0 1 0 0 0 0 0 0 
0 1 0 0 0 0 0 0 0 0 
0 0 0 1 0 0 0 0 0 0 
0 0 0 0 0 1 0 0 0 0 
0 0 0 0 0 0 0 1 0 0 
0 0 0 0 1 0 0 0 0 0 
0 0 0 0 0 0 0 1 0 0 
1 0 0 0 0 0 0 0 0 0 
0 0 0 1 0 0 0 0 0 0 
0 1 0 0 0 0 0 0 0 0 
0 0 0 0 0 1 0 0 0 0 
0 0 0 0 0 0 0 0 0 1 
0 0 0 0 0 0 1 0 0 0 
0 0 0 0 0 0 1 0 0 0 
0 1 0 0 0 0 0 0 0 0 
1 0 0 0 0 0 0 0 0 0 
0 0 1 0 0 0 0 0 0 0 
0 0 0 0 0 0 1 0 0 0 
0 0 1 0 0 0 0 0 0 0 
0 0 0 0 1 0 0 0 0 0 
0 0 0 0 0 1 0 0 0 0 
0 0 1 0 0 0 0 0 0 0 
0 0 0 0 1 0 0 0 0 0 
0 0 0 0 1 0 0 0 0 0 
0 0 1 0 0 0 0 0 0 0 
0 0 0 0 0 1 0 0 0 0 
0 0.60548 0 0 0 0 0 0 0 0.39452 
0 0 0 0.607257 0 0 0 0.392743 0 0 
0 0 1 0 0 0 0 0 0 0 
0 0 0 0 0 0 0 0 1 0 
0 0 0 1 0 0 0 0 0 0 
0 0 0 0 0 0 0.554275 0 0 0.445725 
1 0 0 0 0 0 0 0 0 0 
0 0 0 1 0 0 0 0 0 0 
0 0 0 0 0 0 0 1 0 0 
0 0 0 1 0 0 0 0 0 0 
0 0 0 0 0 1 0 0 0 0 
0 0 0 0 0 0 0 1 0 0 
0 0 0 0 0 0 0 0 1 0 
0 0 0 0 0 0 0 0 1 0 
0 0 0 0 0 0 0 0 1 0 
0 0 0 0 0 0 0 0 1 0 
0 0 0 0 0 0 0.684065 0 0 0.315935 
0 0 0 0 1 0 0 0 0 0 
0.384024 0 0.615976 0 0 0 0 0 0 0 
0 0 0 0 0 1 0 0 0 0 
0 1 0 0 0 0 0 0 0 0 
0 0 1 0 0 0 0 0 0 0 
1 0 0 0 0 0 0 0 0 0 
0 0 0 0 1 0 0 0 0 0 
0 0 0.437914 0 0 0 0 0 0.562086 0 
0 0 1 0 0 0 0 0 0 0 
0 0 1 0 0 0 0 0 0 0 
0 0 0 0 0 0 0 0 0 1 
0.202834 0.433011 0.364156 0 0 0 0 0 0 0 
0 1 0 0 0 0 0 0 0 0 
0 1 0 0 0 0 0 0 0 0 
0 0 0 0 0 0 0 0 0 1 
0 1 0 0 0 0 0 0 0 0 
0 0 0.351451 0.648549 0 0 0 0 0 0 
0 0 0 0 0 0 1 0 0 0 
1 0 0 0 0 0 0 0 0 0 
0 0 1 0 0 0 0 0 0 0 
0 0 0 0 0 0 0 0 1 0 
0 0 0 0 0 0 0 0 1 0 
0 0 0.223552 0 0.776448 0 0 0 0 0 
1 0 0 0 0 0 0 0 0 0 
0 0 0 0 0 0 0 0 0 1 
0 0 0 0 1 0 0 0 0 0 
0 0 0 1 0 0 0 0 0 0 
0 0 0 0 0 0 1 0 0 0 
0 0 0 0 0 0.420628 0 0.579372 0 0 
0 0 0 0.574623 0.425377 0 0 0 0 0 
0 0 0 0 0 0 0 0 1 0 
1 0 0 0 0 0 0 0 0 0 
1 0 0 0 0 0 0 0 0 0 
0 0 0 0 0 0 0 0 1 0 
0 0 0 1 0 0 0 0 0 0 
0 0 0 1 0 0 0 0 0 0 
0 0 0 0 0 1 0 0 0 0 
0 0 0 0 0 0.527079 0.472921 0 0 0 
0 0 1 0 0 0 0 0 0 0 
0 1 0 0 0 0 0 0 0 0 
0 0 0 0.427259 0 0 0 0.213748 0 0.358993 
0 1 0 0 0 0 0 0 0 0 
0 0 1 0 0 0 0 0 0 0 
0 0 0 0 0 0 0 0 1 0 
0 0 0 0 0 0 0.40866 0.59134 0 0 
0 0 0 0 0 0 0 1 0 0 
0 0 0 0 0 0 0 0 0 1 
0 0 0 0 0 1 0 0 0 0 
0 0 0 0 1 0 0 0 0 0 
1 0 0 0 0 0 0 0 0 0 
0 0 0 0 0 0 1 0 0 0 
0.274225 0 0 0 0 0 0 0 0.725775 0 
