5 25
0.653858
0.269406
0.316819
0.434802
0.595745
9.90818 0.797864
9.08093 0.868661
8.67916 1.32961
6.64388 2.1722
6.5799 0.729077
5.9235 2.0206
5.79687 1.67644
4.99313 2.73359
2.59242 4.90151
2.49759 4.33161
2.40019 5.70501
2.28209 5.06639
2.10117 5.25447
2.04388 5.82844
1.66575 5.59538
0.977557 7.91579
0.677014 6.79404
0.335717 8.83096
0.322673 6.57863
0.169282 9.48714
0.145342 10.8067
0.141942 9.22345
0.0592814 7.91235
0.0125824 11.1246
0.00306987 12.2029
0 0 0 1 0 
0.832947 0 0 0 0.167053 
0 1 0 0 0 
0 0 0.615435 0 0.384565 
0 0 0 0 1 
0 0 0 1 0 
0 0 0 0 1 
0 1 0 0 0 
0 0 1 0 0 
0 0.180479 0 0 0.819521 
1 0 0 0 0 
1 0 0 0 0 
0.146716 0 0 0 0.853284 
0 0 0 0 1 
0 1 0 0 0 
1 0 0 0 0 
0 0 1 0 0 
0 0 1 0 0 
0 0 1 0 0 
0 0 0 1 0 
1 0 0 0 0 
0 0 0 0 1 
0.81615 0 0.18385 0 0 
0 0 0 1 0 
1 0 0 0 0 
