5 300
0.678851
0.580226
0.691006
0.360841
0.470936
11.201 0.109672
10.927 0.758833
10.6901 0.191367
10.0469 0.731486
9.9208 0.931169
9.91215 0.808645
9.76185 0.667147
9.75679 0.791323
9.48848 0.664853
9.35517 0.591408
9.30144 0.287314
9.29571 0.188554
9.24533 0.574594
8.87908 1.47335
8.80083 0.978269
8.78455 1.70927
8.66453 0.98658
8.32024 0.830976
8.30192 1.59102
8.21323 1.69973
8.19293 0.3035
8.18796 0.623829
8.05673 1.44468
8.05508 0.789456
8.01383 0.110515
8.00586 1.46247
7.89559 1.94713
7.81642 1.57003
7.81609 1.75949
7.78683 0.623856
7.74628 2.45963
7.71814 1.70043
7.68426 1.24164
7.55334 0.833448
7.5361 1.92649
7.52144 2.1572
7.42774 0.52272
7.36746 0.115199
7.33516 1.21181
7.26837 1.78435
7.1507 0.918263
7.08775 1.29717
7.04318 2.18402
7.03812 0.403987
7.03085 1.40218
6.98423 2.10584
6.97126 0.780725
6.94159 1.48467
6.85656 0.689626
6.85183 0.522831
6.84039 1.32452
6.7963 0.975069
6.77371 1.92393
6.75827 0.804993
6.6789 1.55493
6.63759 1.54452
6.63003 0.748005
6.62696 0.531405
6.58771 0.770927
6.53101 2.14377
6.40157 2.25644
6.37393 2.21928
6.37258 1.67881
6.36594 1.66012
6.31071 2.109
6.28625 1.00427
6.16759 1.03591
6.06505 1.32984
6.05861 2.77056
6.0392 1.30243
6.03861 3.20303
5.85286 1.24584
5.8376 2.17135
5.80134 2.77411
5.80036 2.32268
5.76508 2.15073
5.62929 3.39395
5.60372 3.55647
5.57016 2.51501
5.48567 2.25837
5.44632 1.93437
5.40978 2.3043
5.40453 1.97607
5.39661 2.45142
5.38422 3.35238
5.27412 2.61908
5.2556 2.70174
5.22998 3.83556
5.19583 2.52757
5.19083 3.20194
5.13611 2.77965
5.13469 4.02016
5.004 1.64084
4.9647 3.54966
4.90954 2.94334
4.81639 3.27452
4.78286 3.00999
4.76321 2.62867
4.67817 3.15584
4.65599 3.30904
4.6495 2.51555
4.63532 2.28238
4.60257 2.65985
4.59516 3.22917
4.53368 3.16661
4.29822 4.20713
4.27418 4.09265
4.21436 2.36034
4.20652 4.23352
4.19717 4.6907
4.19651 3.15022
4.18176 4.49482
4.01722 4.40605
3.98595 4.48044
3.98028 3.52687
3.88506 2.99369
3.85359 4.86171
3.72522 4.24172
3.68532 4.83509
3.67382 4.74576
3.63355 2.76256
3.61502 3.69322
3.52457 3.17239
3.5233 3.3418
3.47251 4.25422
3.44418 3.85899
3.39258 2.8436
3.36245 4.7963
3.32703 3.91848
3.29633 4.58377
3.27362 3.00126
3.26819 4.00236
3.23256 4.09376
3.06426 3.72981
2.99112 4.07078
2.98532 4.31006
2.92951 3.11876
2.80825 4.0074
2.80048 5.98186
2.74611 3.73358
2.69938 3.99609
2.68668 4.80928
2.66993 4.39469
2.6533 3.97895
2.64594 5.07907
2.64034 4.25574
2.61276 4.53234
2.60959 4.33151
2.57384 5.62507
2.57254 3.32808
2.55119 3.91525
2.53373 5.08169
2.49565 5.71881
2.46603 4.74923
2.45927 5.34674
2.43447 5.71527
2.427 6.12256
2.40887 4.33262
2.32075 5.65316
2.26959 4.40045
2.26753 6.53645
2.25609 5.60897
2.23247 6.813
2.23028 5.58558
2.22469 4.16915
2.22107 5.05698
2.20108 5.81382
2.11236 4.01953
2.01781 4.57294
2.01255 4.46113
1.99679 4.93952
1.98774 4.46963
1.98621 4.83429
1.98245 5.78851
1.96394 4.83201
1.91539 5.91692
1.90091 4.45507
1.88216 5.86801
1.8713 5.23029
1.85864 4.35987
1.84113 5.72667
1.82738 4.95666
1.73655 5.45801
1.73087 7.46204
1.73068 5.36555
1.71237 5.24746
1.70205 6.19412
1.6878 6.18166
1.63597 6.94126
1.6227 6.30555
1.57277 4.26626
1.55527 6.01897
1.51755 5.04183
1.48564 5.64868
1.44711 7.55179
1.43437 5.89501
1.26135 6.95053
1.25503 5.02745
1.20218 7.03692
1.19725 7.3177
1.17041 6.80746
1.16089 7.20365
1.15325 4.95128
1.1064 7.95842
1.09909 5.78476
1.09725 8.07572
1.09056 7.00268
1.05346 6.93116
1.04678 5.6345
1.03245 5.97979
1.03063 6.5006
1.02611 6.12286
1.00037 7.08563
0.987023 5.39114
0.975249 7.4212
0.951036 6.71396
0.928578 5.88306
0.920615 7.23676
0.900584 5.78359
0.879613 6.94041
0.875737 8.19534
0.861885 9.01637
0.840526 6.01641
0.802538 6.00705
0.772809 5.75035
0.745996 5.65897
0.712637 6.77247
0.706529 6.09931
0.693756 6.7793
0.660849 7.46149
0.64834 6.23704
0.646264 8.08515
0.634321 6.14229
0.621381 6.36897
0.605112 9.23583
0.594262 5.86818
0.590626 9.61444
0.561496 8.44678
0.521538 6.74496
0.459515 7.93675
0.459127 6.25476
0.45605 6.30078
0.452815 7.74444
0.445034 6.69722
0.434456 9.79687
0.398514 6.61484
0.392393 6.524
0.381886 9.92126
0.351642 8.59813
0.346046 10.1927
0.331653 7.21486
0.301645 7.31428
0.297771 9.36849
0.289585 6.92236
0.277057 10.2754
0.266686 8.61782
0.266254 8.48239
0.266019 6.46564
0.242285 9.64931
0.24216 9.40433
0.224662 9.53282
0.205615 7.34988
0.20444 9.35854
0.196054 7.14084
0.177339 7.31736
0.175714 8.68235
0.170345 7.86368
0.156747 9.01253
0.150628 6.8001
0.139786 10.3369
0.11848 10.3937
0.114461 7.97065
0.110098 10.7816
0.0972509 7.76799
0.0932243 8.45264
0.0884522 11.1561
0.0819876 10.1251
0.0787944 9.13855
0.0638288 7.27629
0.0628597 8.93706
0.060302 10.6888
0.0576813 9.0609
0.0513324 9.56118
0.0499746 10.7265
0.042131 7.83662
0.0282433 8.62719
0.0230021 11.6416
0.0211478 9.46616
0.021141 10.6672
0.0206662 8.44064
0.0185868 11.6404
0.0165786 7.64277
0.0119413 11.0199
0.00988658 8.10683
0.0087024 9.21304
0.00789316 11.8717
0.00462514 11.3451
0.00215368 8.2056
0.00212328 8.90287
0.0015961 8.74949
0 0 0 0 1 
0 0 0.636711 0 0.363289 
0 0.415848 0.584152 0 0 
0 1 0 0 0 
0 0 1 0 0 
0 0 0 0 1 
0 0 1 0 0 
0 0 1 0 0 
0 0 0 1 0 
0 1 0 0 0 
0.373452 0 0 0.626548 0 
0 0.493837 0 0.506163 0 
0 0 0 1 0 
0 0 0 0 1 
0 0 1 0 0 
1 0 0 0 0 
0 1 0 0 0 
1 0 0 0 0 
0 0 0 0 1 
0 0 0 1 0 
0 0 0 0 1 
0 0 0 1 0 
1 0 0 0 0 
1 0 0 0 0 
0 0 0 1 0 
0 1 0 0 0 
0 0 0 1 0 
1 0 0 0 0 
0.695909 0.304091 0 0 0 
0 1 0 0 0 
1 0 0 0 0 
0.384855 0 0 0.615145 0 
0 0 0 0 1 
1 0 0 0 0 
0 0 0 0.524186 0.475814 
0 0 0 0 1 
0 0 1 0 0 
0 0 0 0 1 
0 0 0 0 1 
0 1 0 0 0 
0.386062 0 0.613938 0 0 
0 0 1 0 0 
1 0 0 0 0 
0 0 1 0 0 
0 0 0 1 0 
0 1 0 0 0 
0 1 0 0 0 
1 0 0 0 0 
0 0 0 0.257151 0.742849 
0 0 0 1 0 
1 0 0 0 0 
0 0 0 0 1 
0 0.378835 0.621165 0 0 
1 0 0 0 0 
1 0 0 0 0 
1 0 0 0 0 
0 0 0 0 1 
0 0 1 0 0 
1 0 0 0 0 
0 0 1 0 0 
0 0 0 0 1 
0 0 1 0 0 
0 1 0 0 0 
0 1 0 0 0 
0 0 0.297678 0 0.702322 
0 1 0 0 0 
0 0 0 1 0 
0 0 0.290894 0 0.709106 
0 1 0 0 0 
0 0 0 1 0 
1 0 0 0 0 
0 0.792649 0 0.207351 0 
0 1 0 0 0 
0 1 0 0 0 
0 1 0 0 0 
1 0 0 0 0 
0 0 0 1 0 
0 0 1 0 0 
0 0 0 0 1 
0 0 0 0 1 
0 0 0.789 0.211 0 
0 0 0 1 0 
0 0 1 0 0 
0.392016 0 0.607984 0 0 
0 0 0.720042 0 0.279958 
0.21135 0 0 0 0.78865 
1 0 0 0 0 
0 1 0 0 0 
1 0 0 0 0 
0 0 0 1 0 
0 1 0 0 0 
0 0 0 1 0 
1 0 0 0 0 
0 0 0.518378 0.213461 0.26816 
0 0 0 0 1 
0 0 0 0 1 
0 0 0 1 0 
0 0 0 1 0 
0 0 0 1 0 
0 0 0 0 1 
0 0 1 0 0 
0.224729 0 0 0.775271 0 
0 0 0 0 1 
0 0 0 0 1 
0 0 1 0 0 
0 1 0 0 0 
0 0 1 0 0 
0 0 1 0 0 
0 1 0 0 0 
0 0 0 1 0 
0 0 0.275532 0 0.724468 
0.383115 0 0.616885 0 0 
0 1 0 0 0 
0 0 0 0 1 
0 0 1 0 0 
0 0 0 1 0 
0.641079 0 0 0.358921 0 
0 0 1 0 0 
0 1 0 0 0 
0 0 1 0 0 
0.503013 0.496987 0 0 0 
0 0 1 0 0 
0 0 0 0 1 
0.239986 0 0.760014 0 0 
0 0 1 0 0 
1 0 0 0 0 
0 0 1 0 0 
0 0 0 0 1 
0 0 0 1 0 
0 0 0 1 0 
0 0 1 0 0 
1 0 0 0 0 
0 0 0 0 1 
0 0 0 0 1 
0.710022 0 0 0 0.289978 
0.574115 0.425885 0 0 0 
1 0 0 0 0 
0 1 0 0 0 
0 0 0 1 0 
0 0 0 0 1 
1 0 0 0 0 
0 0.447904 0.552096 0 0 
0 0 1 0 0 
0 0.219253 0.502039 0 0.278708 
0 1 0 0 0 
0 1 0 0 0 
0 0 1 0 0 
1 0 0 0 0 
0 0 0 0 1 
0 0 0 0 1 
0 0.720847 0 0.279153 0 
0 0 0 1 0 
0 0 0 1 0 
0 1 0 0 0 
0 0.277402 0.16825 0.325272 0.229076 
0 0 1 0 0 
0 1 0 0 0 
0 1 0 0 0 
0 0 0 1 0 
1 0 0 0 0 
0 0 0 1 0 
0 0 0 0 1 
0 0 0 0 1 
0 0 0 1 0 
1 0 0 0 0 
0 0 1 0 0 
0 0 1 0 0 
0 0 0.707839 0.292161 0 
0 1 0 0 0 
0 0 0 0.526491 0.473509 
0 1 0 0 0 
0 1 0 0 0 
0 1 0 0 0 
0 0 1 0 0 
0.463973 0.536027 0 0 0 
1 0 0 0 0 
0 1 0 0 0 
1 0 0 0 0 
1 0 0 0 0 
1 0 0 0 0 
0 0.413456 0.586544 0 0 
0 0 1 0 0 
0 0 0 0 1 
0 0.202666 0 0 0.797334 
0 1 0 0 0 
0 0 0 0 1 
0.267574 0 0.732426 0 0 
1 0 0 0 0 
0 0 0 1 0 
0 0 1 0 0 
0 0 1 0 0 
0 0 0 1 0 
0 0 1 0 0 
1 0 0 0 0 
0 0 1 0 0 
0 0 0 1 0 
0 0 0 1 0 
0 0 0 1 0 
0 0 1 0 0 
0 0 1 0 0 
0 0 0 0 1 
0 0.835817 0 0 0.164183 
0 0 0.444656 0.555344 0 
0 0.363902 0 0.636098 0 
0 1 0 0 0 
1 0 0 0 0 
0 0 1 0 0 
0 0 1 0 0 
0 0.550486 0 0 0.449514 
0 0 0 1 0 
0 0 0.237908 0.762092 0 
0 0 1 0 0 
0 0 0 1 0 
0 0 0 1 0 
0 1 0 0 0 
0 0 0 0 1 
0 0 0 1 0 
0 0 0 0 1 
0 0 0 1 0 
0 0 1 0 0 
1 0 0 0 0 
0 0.569337 0 0.430663 0 
0 1 0 0 0 
0 0 0 1 0 
0.413811 0 0.269371 0 0.316818 
0 0 1 0 0 
0 0 0 0 1 
0 0 0 1 0 
0 1 0 0 0 
0 0 0 0 1 
0 0 0 0 1 
0 0 1 0 0 
1 0 0 0 0 
0 0 0.207993 0.792007 0 
0 0 0 1 0 
0 0 0 1 0 
0 0 0 0 1 
0 0.696937 0.303063 0 0 
0.492404 0 0 0.507596 0 
0 0 0 0 1 
0 0 0 1 0 
1 0 0 0 0 
0 1 0 0 0 
1 0 0 0 0 
0 0.154582 0 0 0.845418 
0 0 0 0 1 
0 0 0 0 1 
0 0 0 1 0 
0 0 0 0 1 
0 0 0 1 0 
0 0 0 1 0 
0 1 0 0 0 
0 0 0 0 1 
0 0 0 1 0 
1 0 0 0 0 
0 1 0 0 0 
0.607466 0 0 0 0.392534 
0 0.478585 0 0.521415 0 
0 1 0 0 0 
0 0 0.846291 0 0.153709 
0 0 1 0 0 
0 0 0 0.660865 0.339135 
0 0 0 0 1 
0 1 0 0 0 
1 0 0 0 0 
1 0 0 0 0 
0 0 1 0 0 
0 1 0 0 0 
0 0 1 0 0 
0 0.393013 0 0.606987 0 
0 0 0.48534 0.51466 0 
0 1 0 0 0 
0 0 0 0 1 
0 0 0 1 0 
1 0 0 0 0 
0 0 0 1 0 
0 0.342846 0 0 0.657154 
0 0 0 0 1 
1 0 0 0 0 
0 0 1 0 0 
0 1 0 0 0 
0 0 0 0 1 
1 0 0 0 0 
0 1 0 0 0 
0 0 1 0 0 
0.318373 0.681627 0 0 0 
1 0 0 0 0 
0 0 0 0 1 
0 0 0 0 1 
0 1 0 0 0 
1 0 0 0 0 
0 0 0 1 0 
0 0 0 1 0 
0 0 1 0 0 
0 0 0 1 0 
0 0 0 0 1 
0 0 0 1 0 
0 0 0 1 0 
0 1 0 0 0 
0 1 0 0 0 
