10 25
0.421325
0.685869
0.365408
0.55447
0.411943
0.257603
0.593824
0.537782
0.639311
0.616511
8.65316 1.53026
7.25407 1.48828
7.18619 2.21182
7.05681 0.841584
5.85926 2.63791
5.83826 2.04963
5.52396 2.12197
5.45285 2.67663
5.16834 1.49603
4.32869 4.82242
3.97265 2.74195
3.59026 5.25322
2.94996 4.73519
2.20514 5.37357
1.93487 4.78669
1.76252 6.50257
1.70429 5.93529
1.58387 6.10231
1.38137 7.07999
0.258831 9.67118
0.143733 8.23723
0.0762471 7.96607
0.0760118 9.07804
0.00347538 8.59757
0.0019354 11.9834
0 0 0 0 0 0 0.272213 0 0 0.727787 
0 0 0 0 0 0 0 0 0 1 
1 0 0 0 0 0 0 0 0 0 
0 0 0 1 0 0 0 0 0 0 
0 1 0 0 0 0 0 0 0 0 
0 0 0 0 0 0 0 0 0 1 
0 0 0 1 0 0 0 0 0 0 
0 0 0 0 0 0 0 0 0 1 
0 0 0 0 0.42661 0 0 0 0 0.57339 
0 0 0 0 1 0 0 0 0 0 
0 0 0 0 0 0 0 0 0 1 
0 0 0 0 0 0 0 0 0 1 
0 0 1 0 0 0 0 0 0 0 
0 1 0 0 0 0 0 0 0 0 
0 0 0 0 0 0 1 0 0 0 
0 0 0 0 0 0 0 0 0.844564 0.155436 
0 0 0 0.552511 0 0 0 0 0.447489 0 
1 0 0 0 0 0 0 0 0 0 
0.473051 0 0 0 0 0 0.526949 0 0 0 
0 0 1 0 0 0 0 0 0 0 
0 0 0 0 0 0 0 0 1 0 
0 0 0 0 0 1 0 0 0 0 
0 0 0 0 0 0 0 1 0 0 
0 0 0 0 0 0 1 0 0 0 
0 0 0 0 0 0 0 1 0 0 
