5 50
0.399383
0.259851
0.6957
0.541857
0.616128
10.8698 0.601903
10.3448 0.534286
9.65192 0.912205
7.96542 0.28245
7.6375 2.24659
6.76541 1.16674
6.6968 2.50943
6.05041 2.87097
5.39941 2.53156
5.27245 3.26736
4.31903 4.21454
4.23723 3.07996
3.8031 4.21769
3.77547 3.26575
3.36437 3.5331
3.12944 3.79249
2.9942 4.03643
2.97656 3.93039
2.68128 4.0125
2.60949 3.87335
2.56141 5.61002
2.48665 5.54267
2.18591 4.08593
2.1536 5.01168
1.82917 5.11853
1.78704 5.62854
1.54008 5.36379
1.50769 6.63641
1.36942 6.0121
1.31908 5.35782
1.16415 6.57596
1.0437 6.59271
1.00562 6.20892
1.00146 7.64128
0.86494 6.03529
0.599479 6.72654
0.571265 6.88303
0.475831 9.17188
0.433642 9.67251
0.370954 6.56547
0.304405 9.74597
0.184173 10.1989
0.137123 10.4116
0.136075 7.82284
0.122473 9.6333
0.0735497 10.2133
0.0399193 7.84073
0.0364975 11.044
0.0103556 11.8254
0.00366229 9.27135
0 0 0 1 0 
0 0 1 0 0 
1 0 0 0 0 
0 0 0 1 0 
1 0 0 0 0 
0 0 0 1 0 
0 0 0 0 1 
0 0 1 0 0 
1 0 0 0 0 
0.648596 0 0.171897 0 0.179507 
0 0 0 0 1 
0.462613 0 0 0.537387 0 
0 0 0 0 1 
0.478186 0 0 0.521814 0 
1 0 0 0 0 
0 0 0 1 0 
0 1 0 0 0 
1 0 0 0 0 
0 0 0 0 1 
0 0 0 1 0 
0.326224 0 0.673776 0 0 
0 0 1 0 0 
0 0 1 0 0 
0 0 0 1 0 
1 0 0 0 0 
0 0 0 1 0 
0 0 0.207288 0.792712 0 
1 0 0 0 0 
0 1 0 0 0 
0 0 1 0 0 
0 0 1 0 0 
0 0 0 0 1 
1 0 0 0 0 
1 0 0 0 0 
0.451771 0 0 0.548229 0 
0 0.449099 0 0 0.550901 
1 0 0 0 0 
0 0 0 0 1 
0 1 0 0 0 
0 0 1 0 0 
0 0 0 0.228713 0.771287 
0 0.46178 0 0.53822 0 
0 0 1 0 0 
0 0 0 0 1 
0 0 1 0 0 
0 0 0 0 1 
0 0 1 0 0 
0 0 0 1 0 
1 0 0 0 0 
0 0 0 1 0 
