5 50
0.557103
0.4431
0.453446
0.376855
0.420401
10.0184 0.388505
9.07064 0.813602
8.96052 1.55145
8.34262 0.129837
8.08421 0.945312
7.85665 1.58281
7.17663 1.55182
6.75815 2.53297
5.44649 1.83418
5.14585 2.29934
4.57111 4.53716
4.34668 2.42664
4.03431 3.67867
4.03411 4.54726
3.84687 4.73134
3.65274 3.33881
3.28692 4.61005
3.27346 3.63525
3.20568 4.76872
3.06313 5.34229
2.87243 3.69103
2.51942 5.68574
2.39 4.81898
2.36188 4.13779
2.13183 5.45213
1.9959 5.96259
1.85709 4.86683
1.70461 6.66876
1.54344 6.93748
1.50809 6.27949
1.49297 6.62256
1.47767 7.08978
1.37392 7.88118
1.16515 8.02981
0.906211 6.76573
0.779842 8.60308
0.662918 5.82623
0.630696 7.9485
0.581429 7.40845
0.441936 6.66476
0.416494 6.1118
0.379494 8.41456
0.177586 9.97202
0.146535 8.46094
0.0932674 11.1775
0.0752709 8.01673
0.0583344 9.34567
0.0361275 7.14711
0.0361063 7.62471
0.0227734 7.84667
0 0 0 1 0 
1 0 0 0 0 
1 0 0 0 0 
0 0 0 1 0 
0 0 0 1 0 
0 0 0 1 0 
0.670602 0.329398 0 0 0 
0.275327 0 0 0.724673 0 
0 0 1 0 0 
0.622519 0.377481 0 0 0 
0 0 0 0 1 
0 0.82203 0.17797 0 0 
1 0 0 0 0 
0 0 1 0 0 
0 1 0 0 0 
1 0 0 0 0 
0 0 0 0 1 
0 1 0 0 0 
1 0 0 0 0 
0 0 1 0 0 
0 0.468051 0 0.531949 0 
0 1 0 0 0 
0 0 0 1 0 
1 0 0 0 0 
0 0 0 0 1 
0 0 1 0 0 
0 0 1 0 0 
0 0 0 0.788322 0.211678 
0.666618 0 0.333382 0 0 
0.178648 0 0 0.484899 0.336453 
0 1 0 0 0 
0 0 0 1 0 
1 0 0 0 0 
1 0 0 0 0 
0 1 0 0 0 
0 0 0 0 1 
0 0 0 0 1 
0 0 0 0 1 
0 0 0 1 0 
0 0 1 0 0 
0 0 1 0 0 
0 0 0.114849 0 0.885151 
0 0 0 1 0 
0 0 0 1 0 
0 1 0 0 0 
0 0 0 0 1 
0 1 0 0 0 
0 0 0 1 0 
0 0 0 0 1 
0 1 0 0 0 
