10 200
0.689841
0.447424
0.311822
0.683648
0.297099
0.481337
0.441027
0.60282
0.672813
0.687757
11.3407 0.486861
11.1529 0.402197
10.6372 0.432578
9.91112 1.09291
9.86774 0.816925
9.75378 0.420666
9.65822 0.487663
9.45228 0.914059
9.24891 0.559389
9.11741 1.52658
9.08368 0.714593
8.97523 0.807586
8.96146 1.11314
8.81994 1.7939
8.65411 0.482711
8.43114 1.44448
8.42877 1.11124
8.42674 0.467238
8.3908 1.23452
8.30473 0.255256
8.20674 1.25726
8.06684 1.56079
8.05311 1.33731
7.99297 1.37489
7.95722 0.256343
7.68605 1.42632
7.41621 1.20548
7.30152 1.69556
7.2693 1.48622
7.18942 1.56123
7.11312 1.0766
7.01951 0.529666
6.95666 0.544618
6.88615 1.56123
6.86618 1.23702
6.86376 1.88962
6.81029 1.50312
6.73949 2.03572
6.55518 1.85238
6.50979 3.30159
6.46253 2.10794
6.44665 1.04981
6.41337 1.61049
6.40768 1.30021
6.39015 1.7531
6.35076 1.7531
6.29154 1.10317
6.27406 2.06468
6.27303 1.6325
6.2559 1.72467
6.1938 2.28565
6.1581 1.63801
6.10286 2.72061
6.08171 2.49501
6.07221 1.50857
6.00987 2.47894
5.93752 2.47866
5.87793 3.70654
5.73379 3.93455
5.59477 2.19642
5.58017 2.0005
5.43278 2.41497
5.19287 2.61704
4.93246 2.37274
4.69169 1.95245
4.68769 2.76339
4.67177 2.00107
4.66995 2.68142
4.54798 3.35469
4.39576 2.59529
4.36285 4.16699
4.36193 3.71299
4.25974 2.88848
4.24034 4.37292
4.23517 3.69918
4.22361 4.4714
4.15418 3.56859
4.12037 3.06535
4.11783 3.61938
4.09897 3.64194
4.01658 3.50137
3.95034 4.92947
3.8653 3.93968
3.84182 2.86286
3.73306 4.81676
3.67722 4.13789
3.66193 3.95602
3.63489 4.54963
3.62654 5.14912
3.62154 3.70144
3.54173 5.6144
3.51735 3.53831
3.2701 4.51337
3.0897 3.56973
3.0097 4.30643
2.98158 5.8025
2.9258 4.82912
2.82153 4.21719
2.79656 4.03082
2.74845 5.32665
2.6676 5.50829
2.65141 4.90462
2.60991 4.00767
2.4463 5.42254
2.44374 6.35842
2.30846 4.47929
2.23346 5.98275
2.18567 4.4776
2.11916 6.15792
2.09855 6.59159
2.09819 4.41934
2.09696 4.62339
1.99234 6.07808
1.8422 5.0344
1.83397 7.03926
1.82956 4.86363
1.82523 5.62574
1.76301 4.84933
1.74936 6.32297
1.73812 6.0756
1.73199 5.9463
1.62923 7.78017
1.59799 6.7576
1.57352 5.38544
1.49078 5.90281
1.33811 6.04868
1.2337 6.96221
1.21262 7.86988
1.18418 6.65615
1.17853 8.29169
1.09695 7.90723
1.09006 5.4278
1.01399 7.20879
0.974871 6.69307
0.96789 5.53939
0.962981 7.66292
0.946331 5.79717
0.939866 6.35524
0.936497 5.53625
0.920316 6.12004
0.73754 8.95147
0.711394 8.4625
0.705009 7.85331
0.691228 6.80485
0.653351 9.12973
0.644771 6.33453
0.63658 6.38636
0.630404 7.06041
0.625507 6.12161
0.611461 8.89021
0.594534 8.5651
0.518161 6.32666
0.497586 9.46126
0.489883 7.82888
0.472023 9.32064
0.454179 8.96985
0.423458 10.0848
0.366858 7.29091
0.334747 9.03203
0.326409 8.28152
0.322021 9.44697
0.309567 9.49361
0.305723 9.30012
0.302679 8.36705
0.300948 10.1016
0.264788 8.671
0.233406 8.92063
0.225178 8.02122
0.22207 10.4283
0.196577 8.67786
0.195194 8.1792
0.192824 10.2955
0.181925 9.45445
0.18077 10.4701
0.165762 6.59154
0.15326 9.2935
0.151707 9.48435
0.146762 8.87721
0.144393 8.94529
0.13812 7.08325
0.135024 8.34234
0.120684 10.5721
0.118753 9.35322
0.113026 11.0676
0.104718 9.79175
0.0750672 7.49253
0.0737245 8.36755
0.0689828 9.41564
0.060718 8.99342
0.0469988 9.40257
0.0447133 10.5167
0.0386264 7.24369
0.0321219 7.2175
0.023058 7.59241
0.020993 11.1009
0.0191016 9.03291
0.0183312 7.52859
0.00883919 9.87567
0.00648421 10.6949
0.00212326 8.7203
0 0 0 0 0 0 1 0 0 0 
0 0 0 0 0 1 0 0 0 0 
0 0 0 0 0 0 0 0 1 0 
0 0 0 0.56893 0 0 0 0 0.43107 0 
0 0 0 0 0 0 0 0 1 0 
0 1 0 0 0 0 0 0 0 0 
0 0 0 0 0 0 0 0 0.600138 0.399862 
0 0 0 0 0 0 0 0 1 0 
0 0 0 1 0 0 0 0 0 0 
0 0 0 0 0 0 0 0 0 1 
0 0 0 0 0 0 0 1 0 0 
0.433962 0 0 0 0 0 0 0 0.566038 0 
0 0.278191 0 0 0 0 0.721809 0 0 0 
0 0 0 0 0 1 0 0 0 0 
0 0 0 0 1 0 0 0 0 0 
0 0 0 0 0 0 1 0 0 0 
0 0 0 0 0 0 1 0 0 0 
0 0 0 0 0 0 0 0 0 1 
0 0 0 0 0 0 0 0 0 1 
0 0.2424 0 0 0 0 0 0 0 0.7576 
0 1 0 0 0 0 0 0 0 0 
0 0 0 0 0 0 1 0 0 0 
0 0 0 0 0 1 0 0 0 0 
0 0 0 1 0 0 0 0 0 0 
0 0 0 0 0 1 0 0 0 0 
0 0 0 0 1 0 0 0 0 0 
0 0 0 0 0 0.419271 0 0.580729 0 0 
0 0 0 0 0 0 0 0 0 1 
0 0 0 0 0 0 0.465822 0 0.534178 0 
0 0 0 0 0 0 0 0 1 0 
0 1 0 0 0 0 0 0 0 0 
0 0 0 1 0 0 0 0 0 0 
0 0 0 0 0 0 1 0 0 0 
0 0 1 0 0 0 0 0 0 0 
0 1 0 0 0 0 0 0 0 0 
0 0 0 1 0 0 0 0 0 0 
0 1 0 0 0 0 0 0 0 0 
0 0.465495 0 0.534505 0 0 0 0 0 0 
0 0.446319 0 0.395033 0.158647 0 0 0 0 0 
0 0 0 0 0 1 0 0 0 0 
1 0 0 0 0 0 0 0 0 0 
0 0 1 0 0 0 0 0 0 0 
0 0 0 0 1 0 0 0 0 0 
0 0 0 0 0 0 0 0 1 0 
0 0 0 0 0 0 1 0 0 0 
0 0 0 0 0 1 0 0 0 0 
0 1 0 0 0 0 0 0 0 0 
0 0 0 0 0 1 0 0 0 0 
0 0 1 0 0 0 0 0 0 0 
0 0 0 0.340153 0 0 0 0 0 0.659847 
0 0 0 0 0 0 0 0 1 0 
0 0 0 0.501954 0 0 0.498046 0 0 0 
0 0 0 0 0 0 1 0 0 0 
0 0 0 0 0 0 0 1 0 0 
0 0 0 0 0 0 0 0 1 0 
0 0 0 0 0 0 0 0 0 1 
0 0 0 1 0 0 0 0 0 0 
0 0 0 0 0 0 1 0 0 0 
0 0 0 0 1 0 0 0 0 0 
1 0 0 0 0 0 0 0 0 0 
0 1 0 0 0 0 0 0 0 0 
0 0 0 0 0 0 0 0 0 1 
0 0 0 0 1 0 0 0 0 0 
0 0.343213 0 0 0.421798 0 0.234989 0 0 0 
0 0 1 0 0 0 0 0 0 0 
0.407631 0 0 0 0.592369 0 0 0 0 0 
0 0 0.485651 0 0 0 0.514349 0 0 0 
0.242145 0 0.757855 0 0 0 0 0 0 0 
0 0 0 0 0 0 0 0 1 0 
0 0 0 0 0 0 0 0 0 1 
0 0 0 1 0 0 0 0 0 0 
0 0 0 0 0 0 1 0 0 0 
0 0.67707 0 0 0.32293 0 0 0 0 0 
0 0 0 0 1 0 0 0 0 0 
0 0 0 0 0 0 0 1 0 0 
0 0 0 0 0 0 0 1 0 0 
0 1 0 0 0 0 0 0 0 0 
0 0 1 0 0 0 0 0 0 0 
0 0.683131 0.316869 0 0 0 0 0 0 0 
0 0 0 1 0 0 0 0 0 0 
0 0 0 0 0 0 0 0 0 1 
0 0 0 0 0 0 1 0 0 0 
0 1 0 0 0 0 0 0 0 0 
1 0 0 0 0 0 0 0 0 0 
0 0 0 0 0 0 0.179864 0 0.820136 0 
0 0 0 0 0 0 0.36855 0.63145 0 0 
0 0 0.670966 0 0 0 0 0 0.329034 0 
0 0.430204 0 0 0 0 0 0 0.569796 0 
0 0 0 0 0 1 0 0 0 0 
0 0 0 0 0 1 0 0 0 0 
0 0 0 0 0 0 0 1 0 0 
0 1 0 0 0 0 0 0 0 0 
1 0 0 0 0 0 0 0 0 0 
0 0 0 0 0 1 0 0 0 0 
0 0 0 0 0 0 0 0 1 0 
0 0 0 0 0 0 0 0 1 0 
0 0 1 0 0 0 0 0 0 0 
0 0 0 0 0 0 0 0 0 1 
0 0 0 1 0 0 0 0 0 0 
0 0 0 1 0 0 0 0 0 0 
0 0 0 0 0 0 0 0 0 1 
0 0 0 0 1 0 0 0 0 0 
0 0 0 0 1 0 0 0 0 0 
0 0 0 0 0 0 0 1 0 0 
0 0 0 0 0 0 1 0 0 0 
0 0 1 0 0 0 0 0 0 0 
0 0 0 0 0 0 0 1 0 0 
0 0 1 0 0 0 0 0 0 0 
0 0 0 0 0 0 0 0 1 0 
1 0 0 0 0 0 0 0 0 0 
0 0 0 0 0 0 1 0 0 0 
0 0 0 0 1 0 0 0 0 0 
0 0 0 0.443632 0 0.556368 0 0 0 0 
0 1 0 0 0 0 0 0 0 0 
0 0 0 1 0 0 0 0 0 0 
0.397797 0 0 0 0 0 0.602203 0 0 0 
0 0 0 0 0 0 1 0 0 0 
1 0 0 0 0 0 0 0 0 0 
0 0 0 0 0 0 0 0 1 0 
0 0 0 0 0 0 0.210058 0 0 0.789942 
0 0 1 0 0 0 0 0 0 0 
0 0 0 0 0 0 0 0 1 0 
0 0 0 0 0 0 1 0 0 0 
0 0 0 0 0 0 1 0 0 0 
0 0 0 0 0 0 0 0 0 1 
0 1 0 0 0 0 0 0 0 0 
0 0 0 0 0 0 1 0 0 0 
0 0 0 1 0 0 0 0 0 0 
1 0 0 0 0 0 0 0 0 0 
0.199635 0 0 0 0 0 0 0 0.800365 0 
0 0.737705 0 0 0 0.262295 0 0 0 0 
0 0 0 0 0 0 0 1 0 0 
0 0 0 0 1 0 0 0 0 0 
0 0 0 0 0 0 0 1 0 0 
0 0 0 0 0 0 1 0 0 0 
0 0 0 0 0 0 0 0 1 0 
0 0 0 0 0 0 0 0 0 1 
0 0 0 0 0 0 0 0 1 0 
0 0 0 0 0 0 0 0 1 0 
1 0 0 0 0 0 0 0 0 0 
0 0 1 0 0 0 0 0 0 0 
0 0 0 1 0 0 0 0 0 0 
0 0 0 0 0 0 0 0 1 0 
1 0 0 0 0 0 0 0 0 0 
0 0 1 0 0 0 0 0 0 0 
0 0 0 0 1 0 0 0 0 0 
0 0 0 0 0 0 0 0 1 0 
0 1 0 0 0 0 0 0 0 0 
0 0 0 0.132044 0 0 0 0 0 0.867956 
0 0 0 0 0 0 1 0 0 0 
0 0 0 0 0 0 1 0 0 0 
0 0 0 0 0 1 0 0 0 0 
0 1 0 0 0 0 0 0 0 0 
0 0 1 0 0 0 0 0 0 0 
0 0 0 0 0 0.533791 0 0 0 0.466209 
0 0 0 0 0 0 0 1 0 0 
0 0 0 0 0 1 0 0 0 0 
0 0 1 0 0 0 0 0 0 0 
0 0 0 0 0 0 0 0 1 0 
0 0 0 1 0 0 0 0 0 0 
0 0 0.883432 0 0 0 0 0 0.116568 0 
0 0 0 0 1 0 0 0 0 0 
0 0 0 0 0 0 0 0 0 1 
0.256008 0 0 0 0.548765 0 0 0 0 0.195228 
0 0 0 0 0 1 0 0 0 0 
0 0 0 0 0 0.637021 0.362979 0 0 0 
0 0 0 0 0 1 0 0 0 0 
0 0 0 0 0 0 0 0 1 0 
0 0 0 0 0 0 1 0 0 0 
0 0 0 0 0 1 0 0 0 0 
0 0 0 1 0 0 0 0 0 0 
0 0 0 0 0 0 0 1 0 0 
0 0 0 0 0.102745 0 0 0 0 0.897255 
0 0 1 0 0 0 0 0 0 0 
0 0 0 0.403592 0 0 0 0.596408 0 0 
0 0 0 1 0 0 0 0 0 0 
0 0 0 1 0 0 0 0 0 0 
0 0 0 0 0 0.327133 0.672867 0 0 0 
0 0 0 0 1 0 0 0 0 0 
0 0 1 0 0 0 0 0 0 0 
0 1 0 0 0 0 0 0 0 0 
0 1 0 0 0 0 0 0 0 0 
1 0 0 0 0 0 0 0 0 0 
0 0 1 0 0 0 0 0 0 0 
0.497755 0 0 0.502245 0 0 0 0 0 0 
0 0 1 0 0 0 0 0 0 0 
0 1 0 0 0 0 0 0 0 0 
0.321489 0 0 0.678511 0 0 0 0 0 0 
1 0 0 0 0 0 0 0 0 0 
0 0 0 0 0 0 0 0 1 0 
0 0 1 0 0 0 0 0 0 0 
0 0 0 0 0 0 0 0 0 1 
0 0 0 0 0 0 0 0 0 1 
0 0 0 0 0 0 0 0 0 1 
0 0 0 0 0 0 1 0 0 0 
0 0 1 0 0 0 0 0 0 0 
1 0 0 0 0 0 0 0 0 0 
0 0 0 0 0 1 0 0 0 0 
0 0 0 0 0.547589 0 0 0 0.452411 0 
0 0 0 0 0 0 0 1 0 0 
