5 200
0.435555
0.37824
0.69275
0.640831
0.433106
11.4529 0.157619
10.1901 0.964755
10.1347 0.416272
9.89772 0.464484
9.36002 1.26048
8.93582 0.249496
8.85369 0.830481
8.68267 0.490652
8.58615 0.68917
8.50293 0.450102
8.45148 1.25342
8.4024 0.275914
8.31914 1.59128
8.25916 1.75954
8.10214 1.35385
7.97067 1.66254
7.75942 2.02264
7.74807 1.26325
7.71586 0.608538
7.64654 0.918684
7.61126 2.41201
7.52061 1.65592
7.50247 2.53342
7.49942 1.8006
7.45788 2.22903
7.39654 0.296644
7.36566 2.12971
7.35981 1.54491
7.24319 0.876389
7.20998 0.525957
7.02075 1.50683
6.87669 1.25564
6.86219 2.69475
6.62986 1.30332
6.18846 1.26881
6.15499 1.44119
6.02967 3.05764
5.96537 2.33134
5.94105 1.57335
5.77502 1.83814
5.62655 2.46154
5.43546 1.67364
5.3012 2.02062
5.28732 1.8324
5.26608 2.96807
5.22988 2.82548
5.16951 2.83792
4.91652 2.66704
4.90595 2.00183
4.88935 3.70036
4.85369 2.52593
4.70909 3.06388
4.65725 3.5952
4.63359 2.27776
4.56827 3.0176
4.50605 4.22343
4.48634 3.09804
4.43179 3.44703
4.29716 3.39587
4.26829 3.40071
4.11357 4.02645
4.04962 3.87794
3.93119 3.6012
3.72975 4.16911
3.66959 3.33159
3.66866 2.51468
3.57456 2.67231
3.54508 3.02107
3.53298 3.08551
3.51303 3.83087
3.40645 4.16098
3.31043 4.52581
3.26166 4.82069
3.19725 2.83932
3.19686 4.64257
3.17082 5.22404
3.0187 3.34665
3.01714 4.94657
3.00711 3.8409
2.97951 3.65599
2.94418 3.22474
2.90417 4.7855
2.88412 5.30312
2.87002 4.12347
2.84419 5.78101
2.74696 5.33861
2.73802 4.05679
2.73346 5.23281
2.72258 5.23334
2.70525 4.09393
2.55924 6.2701
2.51789 5.19108
2.51097 6.70442
2.47441 6.28033
2.46723 5.97308
2.40186 4.50774
2.20204 3.79691
2.17183 5.9275
2.14949 5.67734
2.05773 6.44063
2.02128 4.0581
2.00492 4.68701
1.97892 4.8351
1.9588 4.73533
1.92142 5.52478
1.92091 4.91477
1.78298 4.5121
1.72992 5.09261
1.55673 5.21287
1.54793 5.26408
1.53521 7.02815
1.53203 5.24975
1.46872 4.75928
1.45004 5.64768
1.43674 5.20784
1.41298 7.05152
1.39916 5.65863
1.37025 5.84016
1.35453 5.00218
1.3484 6.53258
1.347 5.42112
1.33882 7.65505
1.32596 6.11638
1.2874 8.06537
1.25618 7.42951
1.25333 5.9905
1.25164 7.66256
1.25084 6.92892
1.15838 5.94145
1.14617 6.42297
1.10211 6.45146
1.1001 5.6272
1.07214 6.47992
1.059 6.88314
1.01901 8.68642
1.01173 8.42038
1.00772 6.68781
0.937092 7.44182
0.936655 7.3657
0.904928 6.27567
0.893417 8.38495
0.855629 6.49781
0.837653 7.89229
0.758442 6.83375
0.751128 6.92939
0.708088 5.29365
0.69337 6.76117
0.687285 5.97667
0.657312 8.39337
0.616842 6.21716
0.576881 6.24023
0.558111 6.57892
0.503135 7.52946
0.479315 9.1486
0.385443 8.20519
0.38446 6.43664
0.3844 8.34176
0.383873 6.61353
0.354293 9.36564
0.347679 7.61465
0.341462 7.36509
0.337927 6.41678
0.334313 7.75358
0.333117 8.58162
0.325477 7.36819
0.301377 8.68294
0.258562 8.94206
0.256272 7.02773
0.254863 9.62327
0.245241 8.94259
0.244257 8.50099
0.199131 8.02412
0.196715 6.87672
0.193663 6.89646
0.190237 9.87104
0.17438 7.81844
0.151639 7.22926
0.140136 8.77386
0.135626 8.21902
0.0944068 9.66674
0.0897572 8.25609
0.0783411 9.07349
0.0748064 9.41127
0.0629085 7.49875
0.0495898 6.9417
0.0473393 10.9335
0.0328513 8.15514
0.025508 9.87153
0.0235771 9.32232
0.0221187 9.9067
0.0182615 10.6636
0.0109556 8.11826
0.0104507 10.5653
0.0102466 7.55936
0.00908216 11.8984
0.00905506 10.9073
0.00562544 10.5411
0.00381244 7.86882
0.0012642 7.99101
0.00102551 10.8742
0.422475 0.577525 0 0 0 
0 0 0 1 0 
0 0 0 0 1 
0 0 0 0 1 
0 0 0 0.782073 0.217927 
0 0 0 1 0 
1 0 0 0 0 
0 1 0 0 0 
0 1 0 0 0 
0 1 0 0 0 
0 0 0 1 0 
1 0 0 0 0 
0 0 0 0 1 
0.417349 0 0 0 0.582651 
1 0 0 0 0 
0 0 0 1 0 
0.491856 0.508144 0 0 0 
1 0 0 0 0 
0 0 1 0 0 
0 0 1 0 0 
0 0 0 1 0 
0 1 0 0 0 
0 0 0 0 1 
0 1 0 0 0 
0 0 0 1 0 
0 0 0 1 0 
1 0 0 0 0 
0 0 1 0 0 
0 0 0 0.655574 0.344426 
0 0.352006 0.443051 0.204942 0 
0 1 0 0 0 
0 1 0 0 0 
0 0 1 0 0 
0 0 0 1 0 
1 0 0 0 0 
1 0 0 0 0 
0 0.176191 0 0.823809 0 
0 0 0 1 0 
1 0 0 0 0 
0 0 0 1 0 
0 0 0 1 0 
0 1 0 0 0 
0.476544 0 0 0 0.523457 
0 0 0 0 1 
0 1 0 0 0 
0 0 0.44976 0.55024 0 
0 0 0 1 0 
0 0 0 0 1 
0 0 0 0 1 
1 0 0 0 0 
1 0 0 0 0 
0 0 0 0 1 
0 0 0 1 0 
1 0 0 0 0 
0 0 0 1 0 
0 0 1 0 0 
1 0 0 0 0 
0 0 1 0 0 
0 0 0 1 0 
0 0 0 0 1 
0 0 0 0 1 
0 1 0 0 0 
0 1 0 0 0 
0 0 0 0 1 
1 0 0 0 0 
0 1 0 0 0 
0 1 0 0 0 
0 0 0 0 1 
0 0 0 0 1 
0 0 0 1 0 
0 0.751845 0 0 0.248155 
1 0 0 0 0 
1 0 0 0 0 
0 0.448528 0.551472 0 0 
0 0 0 0 1 
0 0 1 0 0 
0 0 0 1 0 
0 0 0 1 0 
0 1 0 0 0 
1 0 0 0 0 
0 0 0 1 0 
0 0 1 0 0 
0 0 1 0 0 
0 0 0 0 1 
0 0 1 0 0 
0 0 0 0 1 
0 0 0 1 0 
0 1 0 0 0 
0 1 0 0 0 
0 0 0.582058 0.417942 0 
1 0 0 0 0 
1 0 0 0 0 
0 0 0 0 1 
0 0 0 0 1 
0 1 0 0 0 
0 0 1 0 0 
0 1 0 0 0 
0 0.469926 0 0 0.530074 
0 1 0 0 0 
0 1 0 0 0 
1 0 0 0 0 
0.463419 0.335581 0.201 0 0 
1 0 0 0 0 
0.660185 0 0 0.339815 0 
1 0 0 0 0 
0 0 0 1 0 
0 0.513936 0 0.486064 0 
0 0 0 0 1 
0 0 0 1 0 
0 0.15188 0.84812 0 0 
0 0 0 1 0 
0 0 0 0 1 
0 0 0 0 1 
1 0 0 0 0 
0 1 0 0 0 
0 0 0 0 1 
0 0 1 0 0 
0 1 0 0 0 
0 0.35896 0.64104 0 0 
1 0 0 0 0 
0 1 0 0 0 
0 0.565487 0.434513 0 0 
0 0 0 1 0 
1 0 0 0 0 
0 1 0 0 0 
0.425227 0.574773 0 0 0 
0 0 1 0 0 
1 0 0 0 0 
0 0 0 0.733851 0.266148 
0 0 0 1 0 
0 0 1 0 0 
0 0 0 1 0 
0 0 0 1 0 
0 0 0 1 0 
1 0 0 0 0 
0 0 1 0 0 
0 0 1 0 0 
0 0.297187 0 0.702813 0 
0 0 1 0 0 
0 0 1 0 0 
0 0 0 1 0 
0 0 0 0.415582 0.584418 
0 0 0 0 1 
0.299747 0 0.17231 0.527943 0 
1 0 0 0 0 
0.606209 0 0 0 0.393791 
0.519813 0 0 0 0.480187 
0 0 1 0 0 
0 0 0 1 0 
0 0 1 0 0 
1 0 0 0 0 
0 0 0.531938 0.468062 0 
1 0 0 0 0 
0 0 0 0 1 
0 0 0 0 1 
0 0.432492 0.567508 0 0 
1 0 0 0 0 
1 0 0 0 0 
0 1 0 0 0 
0 0 0 0 1 
0 0 0 0 1 
0 0 0 1 0 
0 0 0 1 0 
0 0 1 0 0 
0 0 0 1 0 
0 0 0.609315 0 0.390685 
1 0 0 0 0 
0 1 0 0 0 
0 0 1 0 0 
0 0 0 0 1 
0 0 1 0 0 
0 1 0 0 0 
0 0 0 0 1 
0 0 0 1 0 
0 0 0 0 1 
0 1 0 0 0 
0 0 0 0 1 
0 0.49453 0 0.50547 0 
0 0 1 0 0 
1 0 0 0 0 
0.646475 0 0 0 0.353525 
0 0 0 1 0 
0 1 0 0 0 
0 0 0.810875 0.189125 0 
0 0.555578 0 0.444422 0 
0 1 0 0 0 
0.81274 0 0.18726 0 0 
0 0 1 0 0 
0 0 0.326506 0 0.673494 
0 0 0 0 1 
0 0 0 0 1 
0 0 1 0 0 
0 1 0 0 0 
0 1 0 0 0 
0 0 1 0 0 
0 0 0 0 1 
0 0 0 0 1 
0 0 0.430303 0 0.569697 
0 0 0 1 0 
0.615221 0 0 0.384779 0 
