5 300
0.702422
0.519874
0.406208
0.449834
0.696821
11.8644 0.0854642
11.8129 0.272522
11.3917 0.117608
11.099 0.140292
10.9502 0.365582
10.9494 0.360375
10.7567 0.625376
10.3376 0.5082
10.284 1.09508
10.2711 0.805442
10.1315 0.374302
9.99813 0.180626
9.77161 0.774945
9.73284 0.19926
9.34561 1.41726
9.22325 0.507064
9.20441 1.24239
9.02051 0.617224
8.9265 0.414456
8.92607 1.06795
8.80591 0.550632
8.8036 1.13689
8.79349 0.779527
8.69424 0.846275
8.21121 1.44864
8.15812 0.38536
8.0565 0.586296
8.01418 1.51668
7.94342 0.616698
7.87488 1.37117
7.87119 1.40258
7.82691 1.50861
7.79514 1.45369
7.72587 1.61403
7.70742 1.32257
7.64821 1.07147
7.58708 0.0879313
7.54112 0.68608
7.474 1.75546
7.46466 2.18673
7.27458 0.354161
6.98581 1.90848
6.97766 2.12928
6.94981 1.33073
6.90638 0.456201
6.84801 0.873846
6.72337 1.79187
6.66197 1.70218
6.63326 0.654733
6.62349 1.13434
6.53344 1.30528
6.5037 1.99453
6.47399 1.55883
6.46115 1.33826
6.44878 1.87979
6.44095 2.11757
6.42888 1.43003
6.40425 3.24725
6.37108 0.96667
6.32039 0.917638
6.27587 2.19987
6.26668 1.83446
6.2131 1.06898
6.16626 1.21899
6.15737 2.17515
6.10374 1.48181
5.96946 1.54816
5.96875 1.65379
5.9653 2.31736
5.9411 1.90243
5.88441 3.18795
5.88332 1.36671
5.8496 2.38863
5.83918 2.57267
5.79193 3.46749
5.56717 1.26303
5.56661 3.37485
5.55203 1.94321
5.43621 1.36035
5.3957 3.02163
5.35805 2.32215
5.34197 1.96852
5.29779 3.02709
5.247 3.40917
5.12431 2.04449
5.1192 1.8903
5.07717 2.73323
5.01222 2.33849
4.99783 2.42693
4.97962 2.61295
4.95777 2.94125
4.95641 2.619
4.93124 2.48781
4.86679 3.34116
4.65715 2.31464
4.65271 2.65436
4.62975 3.32029
4.62808 1.82373
4.62292 2.40245
4.52553 4.55562
4.5232 3.44427
4.52012 3.20107
4.47042 2.44729
4.36509 4.62874
4.35532 3.86963
4.34119 3.13271
4.26189 3.77987
4.24287 2.99046
4.15816 2.81848
4.12003 3.79915
4.11245 3.04543
4.04801 3.07202
3.98377 3.64275
3.96617 4.00466
3.9549 2.57015
3.88546 3.50291
3.87511 3.46948
3.84174 3.79162
3.81817 3.865
3.8108 4.52141
3.78682 3.13989
3.78681 2.81147
3.7634 3.88534
3.70382 3.99136
3.70013 4.00869
3.68828 4.38479
3.6822 3.98397
3.5967 3.57911
3.56884 4.41674
3.56857 5.15368
3.56041 4.86705
3.53601 3.4262
3.50701 4.49025
3.50105 3.65822
3.49296 4.02536
3.38596 4.19499
3.3617 4.42992
3.35484 3.49923
3.33112 3.01191
3.10463 3.6328
3.10246 4.60161
3.0883 4.93412
2.94534 5.14389
2.9306 4.68295
2.85168 4.97331
2.80417 3.40282
2.70136 5.3376
2.69192 5.24918
2.68704 4.994
2.67229 4.47324
2.66953 4.67696
2.62432 4.76545
2.60883 5.36977
2.53635 5.64392
2.53261 4.19161
2.48677 4.99149
2.47567 6.25954
2.45261 3.70891
2.44614 5.35701
2.44081 5.5639
2.3992 4.83604
2.39293 4.84788
2.35916 5.52727
2.35055 3.77342
2.28454 6.67733
2.24864 5.72874
2.17078 5.69748
2.12572 5.93696
2.12134 4.85367
2.10402 4.21309
2.00608 6.66408
1.98483 6.65563
1.9082 7.33019
1.89224 6.2486
1.85529 5.70794
1.84164 3.98537
1.82752 6.68921
1.79198 5.0142
1.72739 4.67556
1.69607 4.94412
1.6836 5.0798
1.64538 4.94332
1.60142 6.54377
1.59598 6.53346
1.56435 4.57379
1.54487 7.61573
1.50971 6.23453
1.49835 7.61558
1.41156 6.48835
1.38915 7.17432
1.38268 5.98891
1.35974 7.8017
1.33161 6.77363
1.28364 7.38824
1.25455 7.65402
1.24756 7.41421
1.22249 6.30729
1.19111 5.33504
1.18608 7.59424
1.16617 5.02734
1.15517 6.61944
1.13563 7.93354
1.13088 7.6949
1.1307 5.01397
1.11093 5.79023
1.08442 7.06762
1.08124 7.61377
1.05909 6.34988
1.00583 7.49215
1.00279 6.1191
0.975056 5.81511
0.96526 5.62856
0.965136 6.6286
0.910145 5.57452
0.894831 5.35951
0.889912 7.86409
0.867653 6.87234
0.82966 7.49823
0.814078 5.58001
0.80863 7.00227
0.80715 6.43496
0.80314 6.7966
0.801922 6.80218
0.796221 7.36806
0.790437 7.51283
0.789737 7.63362
0.779728 8.20749
0.746133 5.68023
0.721737 8.59409
0.71492 5.58744
0.713839 5.66378
0.684296 9.0772
0.669459 7.96465
0.658644 7.18733
0.658418 9.11706
0.633024 6.80611
0.61228 8.8559
0.606726 6.08651
0.59571 7.4443
0.551503 9.71118
0.543415 6.33115
0.531008 9.17367
0.521081 8.39184
0.519123 7.89947
0.515135 8.78667
0.506681 6.90773
0.493116 7.53556
0.470153 8.36824
0.430314 8.86489
0.427327 8.62324
0.415666 9.14321
0.413493 9.65415
0.34713 7.39604
0.340352 6.51631
0.325471 8.57803
0.32435 9.859
0.307374 6.58538
0.302692 8.57246
0.263871 9.62652
0.254422 7.65044
0.250404 7.92524
0.245689 6.64492
0.244019 6.51406
0.214775 7.73936
0.195025 7.35121
0.172834 7.51477
0.165388 10.6892
0.14584 6.94082
0.139575 8.54278
0.124404 7.76789
0.121447 9.07691
0.118016 8.5923
0.11645 9.24397
0.114446 9.66035
0.102505 9.72489
0.0987057 8.16908
0.0896242 8.72445
0.0730933 9.50119
0.0730098 8.74736
0.0655385 11.4989
0.0533086 8.00854
0.0525162 10.8292
0.048419 8.98654
0.0429259 11.3738
0.0426092 10.904
0.0366249 10.1658
0.0345545 7.92667
0.0332706 9.99143
0.0315906 10.8476
0.0297451 8.004
0.0289408 7.86779
0.0192427 9.59241
0.0181203 8.4811
0.0177074 8.00288
0.0126987 7.77008
0.00919097 7.44346
0.00253712 11.6896
0.00253257 11.1681
0.00176821 7.44121
0.00163354 8.31955
0 0.708059 0 0 0.291941 
0 1 0 0 0 
0.592683 0 0 0.407317 0 
0.541163 0 0 0.458837 0 
0 0 0 0 1 
0 0 0.729949 0.270051 0 
0.496195 0 0.503805 0 0 
0 0 0.431931 0.568069 0 
1 0 0 0 0 
0 0 0 0 1 
0 0 0.492669 0.507331 0 
0 0.832745 0 0.167255 0 
1 0 0 0 0 
0 0 1 0 0 
0 0 0 0 1 
0 1 0 0 0 
0 0 1 0 0 
0 0.192599 0 0.807401 0 
0 0 0 1 0 
0 0 0 0 1 
0 0.65777 0.34223 0 0 
0 1 0 0 0 
0 0 0 1 0 
0 1 0 0 0 
0 0 0 0 1 
0 0 0 1 0 
0 0 0 0 1 
0 0 1 0 0 
0 1 0 0 0 
0 0 0.380797 0 0.619203 
1 0 0 0 0 
1 0 0 0 0 
0 1 0 0 0 
0 0 0 1 0 
0 0 1 0 0 
0 0 0 0 1 
0 0 0 0 1 
1 0 0 0 0 
0.249002 0 0 0.750998 0 
0 0 1 0 0 
0 0.741444 0 0.258556 0 
0 1 0 0 0 
0 0 0 0 1 
0 0.228844 0.771156 0 0 
0 0 0 1 0 
0 0 1 0 0 
0 0 0.428192 0.571808 0 
0 1 0 0 0 
0 0 0 0 1 
1 0 0 0 0 
0 0 1 0 0 
0 0 1 0 0 
1 0 0 0 0 
1 0 0 0 0 
0 0 0 0 1 
0 1 0 0 0 
0.460043 0 0.539957 0 0 
0 1 0 0 0 
0 1 0 0 0 
1 0 0 0 0 
0 1 0 0 0 
0 0 0 1 0 
1 0 0 0 0 
0 0 0 0 1 
1 0 0 0 0 
0 0 1 0 0 
0.744767 0 0 0.255233 0 
1 0 0 0 0 
0 0 0 1 0 
1 0 0 0 0 
0 0 0 0 1 
0.425544 0 0 0.574456 0 
0 0 0 0 1 
0 0 0.617537 0 0.382463 
0 0 0 1 0 
1 0 0 0 0 
0 0 1 0 0 
0 0 0 0 1 
1 0 0 0 0 
0 0 1 0 0 
0 0 0 1 0 
0 0 0 1 0 
0 1 0 0 0 
0 1 0 0 0 
1 0 0 0 0 
0.755613 0 0.244387 0 0 
0.743387 0 0 0 0.256613 
0 0 0 0 1 
0.485485 0 0.514515 0 0 
0 0 0 0 1 
0 0 0 1 0 
0 0 0 0 1 
1 0 0 0 0 
0 0 1 0 0 
0 0 0 1 0 
0.417707 0.329631 0.252662 0 0 
0 1 0 0 0 
0 0 0 0 1 
0 0 0 0.737257 0.262743 
0 1 0 0 0 
0 0 0 1 0 
0 0 0 0 1 
0 0 0 0 1 
0 1 0 0 0 
0 0 0 1 0 
0 0 0.650705 0 0.349295 
0 1 0 0 0 
0.517881 0 0.482119 0 0 
0 0 0 1 0 
0 0 1 0 0 
0 1 0 0 0 
0 0 0 1 0 
0 0 0 0 1 
0 0 0 0 1 
0 0 0 1 0 
0 0 0 1 0 
1 0 0 0 0 
0 0 0 0 1 
0 0 0 1 0 
0 0 0 0 1 
0 1 0 0 0 
0 0 0 0 1 
0 0 1 0 0 
1 0 0 0 0 
0 0 1 0 0 
0 1 0 0 0 
0 0 0 1 0 
0 0.485657 0 0.514343 0 
0 0 1 0 0 
0 0.580163 0 0.419837 0 
0 0 1 0 0 
0 0 0 1 0 
0 0 0 0 1 
0 0 1 0 0 
0 0 0 1 0 
0 0 0 0 1 
1 0 0 0 0 
0 0 0 0.732582 0.267418 
1 0 0 0 0 
0 0 0.770675 0.229325 0 
0 0 0 1 0 
0 1 0 0 0 
0 0 0 0 1 
0 0 0 0 1 
0 0.570725 0 0 0.429275 
0 0 0.410101 0.589899 0 
0 0.312409 0 0.687591 0 
0 0 0 0 1 
0 0 0 1 0 
0 0 1 0 0 
0 0 0 0 1 
0.346416 0.19527 0.458314 0 0 
0 1 0 0 0 
0 0 1 0 0 
0 1 0 0 0 
0 0 0 0 1 
0 0 0 0 1 
0 0.803944 0 0.196056 0 
1 0 0 0 0 
0.613547 0 0.386453 0 0 
0 1 0 0 0 
0 1 0 0 0 
0 0 0 0 1 
0 0 0.432057 0.567943 0 
0 0 0 1 0 
1 0 0 0 0 
0 0 0 1 0 
0 0 0 1 0 
0 0 0 1 0 
0 1 0 0 0 
1 0 0 0 0 
0 0 0 0 1 
0 0 0 1 0 
0 0 1 0 0 
0 1 0 0 0 
0 0 1 0 0 
0 1 0 0 0 
0 0 0 0 1 
1 0 0 0 0 
0 0 0 0 1 
0 0 0 0 1 
0 0 1 0 0 
0 1 0 0 0 
0 0 1 0 0 
0 1 0 0 0 
0 0 0 0 1 
1 0 0 0 0 
1 0 0 0 0 
0 0 0 0 1 
0 1 0 0 0 
1 0 0 0 0 
0 0 0 1 0 
0 0 0 1 0 
0 0 0 0.660953 0.339047 
0.169175 0.830825 0 0 0 
0 0 0 1 0 
0 0.652713 0.347287 0 0 
0 0 0.729369 0 0.270631 
0 1 0 0 0 
0 0 0 1 0 
0 0 0 1 0 
0 0 0 1 0 
0 0 1 0 0 
0 0 1 0 0 
0 0 1 0 0 
0 0.41327 0 0.58673 0 
0 0 0 1 0 
1 0 0 0 0 
0 0 0 0 1 
1 0 0 0 0 
0 1 0 0 0 
1 0 0 0 0 
0 0 0 0.402191 0.597809 
0 0 1 0 0 
0 0 0 1 0 
0 0 0 0 1 
0 0 0 0 1 
1 0 0 0 0 
0.26473 0 0.73527 0 0 
1 0 0 0 0 
0 1 0 0 0 
0 0 0 1 0 
0.503464 0 0 0.496536 0 
1 0 0 0 0 
0 0 0 0.249605 0.750395 
0 1 0 0 0 
0 0.689165 0 0 0.310835 
0 0 0 0 1 
0.377379 0 0.622621 0 0 
0 1 0 0 0 
0 0 1 0 0 
0 0 0 0 1 
0 0 0 1 0 
1 0 0 0 0 
0 0 0 1 0 
0 1 0 0 0 
0 0 0 0 1 
0 0 0 1 0 
0 0 0.351288 0 0.648712 
1 0 0 0 0 
1 0 0 0 0 
0 0 0 1 0 
0 0 0 1 0 
1 0 0 0 0 
0 0 0 0 1 
0 0 0.369765 0 0.630235 
0 0 0.505984 0 0.494016 
0 0.764104 0 0.235896 0 
0 0 0.554699 0 0.445301 
0 0.701268 0.298732 0 0 
0 0 0 0 1 
1 0 0 0 0 
0 0 0 0 1 
1 0 0 0 0 
0 0 0 1 0 
0 1 0 0 0 
0 0 0 1 0 
1 0 0 0 0 
0 0 0 1 0 
0 1 0 0 0 
0 1 0 0 0 
0 0 0 0.509107 0.490893 
1 0 0 0 0 
0 0 0 0.473563 0.526437 
0 1 0 0 0 
0 0 0 1 0 
1 0 0 0 0 
0 1 0 0 0 
0 0 0 1 0 
0 0 0 1 0 
0 0 0 1 0 
0 1 0 0 0 
0 0.285071 0 0 0.714929 
0 0 0 0 1 
0 1 0 0 0 
0 1 0 0 0 
0.825645 0 0 0.174355 0 
0 0 1 0 0 
0 0 1 0 0 
0 0 1 0 0 
0 0 0 0 1 
0 1 0 0 0 
0 0 0 0 1 
1 0 0 0 0 
0 0 0 0 1 
0 0 0 0 1 
0 0 0 0 1 
0 0 0 0 1 
0 1 0 0 0 
1 0 0 0 0 
0 0 0 1 0 
0 0 1 0 0 
0 0 1 0 0 
0 1 0 0 0 
0 0 1 0 0 
1 0 0 0 0 
0 0 0 0 1 
0 0 1 0 0 
0 0 0 1 0 
0 1 0 0 0 
