10 200
0.264128
0.741016
0.552827
0.419445
0.280853
0.455056
0.714468
0.262717
0.629225
0.306994
10.4134 0.346825
9.97629 0.379613
9.92661 0.282993
9.38595 0.999525
9.31566 0.610034
9.22181 1.10208
9.0198 0.524454
8.83582 0.623493
8.83508 1.33365
8.56967 1.0742
8.55919 0.893833
8.55574 0.206463
8.35469 1.38059
8.34051 0.267386
8.33733 0.564334
8.2576 0.612542
8.21231 1.88835
8.16235 1.07004
7.71722 1.07897
7.51457 2.34331
7.43245 0.900466
7.3081 0.212564
6.92163 2.05492
6.71413 1.05215
6.68249 1.30515
6.4885 1.87707
6.38402 1.49789
6.35986 2.83974
6.30932 1.45051
6.25979 1.5426
6.23723 2.16873
6.11885 1.48241
6.08686 3.57775
6.01366 2.04193
5.97529 2.97252
5.85081 1.77891
5.8164 2.50641
5.76313 2.70416
5.50584 2.29519
5.43813 1.89581
5.31273 2.59012
5.00083 3.25075
4.91005 2.58669
4.71153 2.53026
4.67664 2.62194
4.6446 2.59604
4.63058 3.01599
4.49361 4.45663
4.39922 4.20478
4.3652 3.47287
4.30104 2.16572
4.27527 3.84552
4.23587 2.44477
4.20061 2.70913
4.16676 4.16201
4.14965 4.14494
4.07097 3.59818
4.06903 4.187
4.05556 4.0329
3.99338 2.64903
3.91844 4.53775
3.84921 2.57392
3.83432 3.08848
3.81498 3.81657
3.76816 3.06337
3.74727 3.81455
3.74596 5.00142
3.69892 2.73946
3.63576 3.27116
3.5234 3.5702
3.51127 2.96218
3.33808 3.31203
3.30467 4.62849
3.19863 3.49858
3.17391 3.13573
3.08694 3.27002
3.06572 5.28857
3.0334 5.0652
2.87819 3.89831
2.79572 2.99715
2.78392 3.38365
2.76712 4.87524
2.62362 4.32847
2.62226 3.85621
2.62204 4.65479
2.52832 5.10747
2.48259 5.19872
2.36297 4.27646
2.2783 4.70117
2.26855 4.35624
2.25304 4.07004
2.21477 4.00696
2.20418 5.31495
2.1199 4.24808
2.111 5.13072
2.10442 4.47227
1.95266 6.62605
1.92816 4.20383
1.92607 6.72312
1.86275 6.00068
1.84755 5.51733
1.82696 6.06253
1.82324 6.66374
1.81009 4.34921
1.76509 6.10659
1.76271 4.4555
1.64524 6.62115
1.61615 6.50233
1.56417 6.81651
1.54561 5.90081
1.43006 7.37567
1.41351 7.51816
1.33715 7.52155
1.33409 7.3153
1.29224 6.88344
1.27663 6.31702
1.18846 5.00178
1.14199 5.03493
1.12025 5.15171
1.11853 6.37101
1.11338 6.48921
1.10064 4.93749
1.05868 7.35381
1.05416 7.41952
1.04271 8.46413
1.0425 5.62543
0.989597 6.22148
0.983656 6.42158
0.959885 6.47045
0.957024 4.94398
0.932002 5.70376
0.860699 8.58548
0.834715 5.56734
0.821403 6.48906
0.797764 7.75045
0.770115 8.94794
0.72775 5.63345
0.702919 5.67724
0.701769 8.35808
0.684379 5.85079
0.573291 6.14074
0.566599 7.47772
0.560996 9.24651
0.521374 6.01152
0.459713 8.06005
0.414875 7.12467
0.408908 7.1382
0.399558 6.55785
0.373602 8.51166
0.362158 9.49022
0.361916 8.26079
0.360573 8.44235
0.3574 9.71781
0.345444 6.87891
0.327644 7.33459
0.3132 9.80267
0.298125 8.7049
0.288307 8.63959
0.281449 8.15749
0.25994 6.52328
0.257909 7.91156
0.222939 10.6223
0.209117 8.5473
0.202909 6.88842
0.192227 6.76939
0.180265 9.71562
0.174518 6.54775
0.170014 9.80077
0.167325 7.41004
0.162181 7.97823
0.149966 9.90263
0.143405 10.4162
0.114802 7.48771
0.114758 8.88443
0.102875 10.1917
0.0940154 8.10352
0.0875555 7.00154
0.0737796 8.74995
0.0552847 10.4517
0.0439719 8.40816
0.0415567 9.91191
0.0339866 7.60517
0.0337356 10.3684
0.0312964 7.50283
0.0267211 10.6087
0.0224036 11.8055
0.0198309 9.35534
0.0193657 10.5878
0.0191972 9.27647
0.0171173 11.6181
0.0159471 7.43731
0.0119349 7.70273
0.0108127 11.2894
0.00957118 8.48357
0.00944378 8.73128
0.00886542 11.9509
0.00688482 11.0271
0.00418694 9.20419
0.00324459 9.54183
0.00158313 11.506
0 1 0 0 0 0 0 0 0 0 
0 0 0 0 1 0 0 0 0 0 
0 0 0 0 0 0 0 1 0 0 
0 0 0 0 0 0 0 0 1 0 
0 0 0 0 0.142906 0 0 0 0.857094 0 
1 0 0 0 0 0 0 0 0 0 
1 0 0 0 0 0 0 0 0 0 
1 0 0 0 0 0 0 0 0 0 
0 0 0 0 0 0 1 0 0 0 
0 1 0 0 0 0 0 0 0 0 
0 0 0 0 0 0 0.552172 0 0 0.447829 
0 0 0 0 0 0 1 0 0 0 
0 0 0 0 0 0 0 0 0 1 
0 0 0 0 0 0 0 0 0 1 
0 0 0 0 0 0 0 1 0 0 
1 0 0 0 0 0 0 0 0 0 
0 0 1 0 0 0 0 0 0 0 
0 0 0 1 0 0 0 0 0 0 
0.77129 0 0 0.22871 0 0 0 0 0 0 
0 0 0 0 0 0 1 0 0 0 
0 0 1 0 0 0 0 0 0 0 
0 0 0 0 0 0 0 0 1 0 
0.440357 0 0 0 0 0 0 0.559643 0 0 
0.385649 0 0 0 0.614351 0 0 0 0 0 
0 0 0 0 0 0 0 1 0 0 
0 0 0 0 0 0 0 1 0 0 
0 0 1 0 0 0 0 0 0 0 
0 0 0 0 0 0 0 0 1 0 
1 0 0 0 0 0 0 0 0 0 
0 1 0 0 0 0 0 0 0 0 
0 0 0 0 1 0 0 0 0 0 
0 0 0 0 0 0 1 0 0 0 
0 0 0 0 0 0 0 1 0 0 
0 0 0 0 0 0 1 0 0 0 
0 0 1 0 0 0 0 0 0 0 
0 0 0 0 0 0 0 0 0 1 
1 0 0 0 0 0 0 0 0 0 
0 0 0 0 0 0 0 0 1 0 
0 0 0 0 0 0 1 0 0 0 
0 1 0 0 0 0 0 0 0 0 
0 0 0.570132 0 0 0.429868 0 0 0 0 
0 0 0 0.380019 0 0 0 0.619981 0 0 
0 0 1 0 0 0 0 0 0 0 
0 0 0 0 0 0 0.367506 0 0.632494 0 
0 0 0 0 0 1 0 0 0 0 
0 1 0 0 0 0 0 0 0 0 
1 0 0 0 0 0 0 0 0 0 
0 0 0 0 0 0 1 0 0 0 
0 0 0 0 0 0 0 0 0 1 
0 0 0 0 0 0 0 0.629837 0 0.370163 
0 0 0 0 0 0.45285 0 0.54715 0 0 
0 0.129868 0 0 0 0 0 0.870132 0 0 
0 0 0 0 0 0 1 0 0 0 
0 0 0 0 0 1 0 0 0 0 
0 0 0 0 0 0 1 0 0 0 
0 0 0 0 0 0 0 0.498338 0 0.501662 
0 0 0 0 1 0 0 0 0 0 
0 0 0 1 0 0 0 0 0 0 
0 1 0 0 0 0 0 0 0 0 
0.735718 0 0 0 0.264282 0 0 0 0 0 
0 0 0 0 0 0 0 1 0 0 
0 0 0 0 0 0 1 0 0 0 
1 0 0 0 0 0 0 0 0 0 
0 0 0 0 0 1 0 0 0 0 
0 0 0 0 0.586478 0 0 0.413522 0 0 
0 1 0 0 0 0 0 0 0 0 
0 0 0 1 0 0 0 0 0 0 
0 0 1 0 0 0 0 0 0 0 
0 0 0 0 0 1 0 0 0 0 
0 0 0 1 0 0 0 0 0 0 
0 0 0 1 0 0 0 0 0 0 
1 0 0 0 0 0 0 0 0 0 
0 0 0 0 0 0 1 0 0 0 
0.511749 0 0 0 0 0.488251 0 0 0 0 
0 0 0 1 0 0 0 0 0 0 
0 0 0 0 0 1 0 0 0 0 
0 0 0.588413 0 0 0 0 0.411587 0 0 
0 0 0 0 0 0 0 1 0 0 
0 0 0.252607 0 0 0.369408 0 0.377985 0 0 
0 0 0 0 0 0 0 1 0 0 
0 0 0 0 0 0 0 1 0 0 
0 0 0 0 0 0 0 1 0 0 
0 0 0 0 0 0 0 1 0 0 
0 1 0 0 0 0 0 0 0 0 
0 0 0 0 0 0 0 1 0 0 
0 0 0 0 0 1 0 0 0 0 
0 0 0 0 0 0 1 0 0 0 
0 0 0 0 0 0 0 0 0 1 
1 0 0 0 0 0 0 0 0 0 
0 1 0 0 0 0 0 0 0 0 
1 0 0 0 0 0 0 0 0 0 
0 0 0 1 0 0 0 0 0 0 
0 0 0 0 0 0 0 0.718131 0.281869 0 
0 0 0 0 0 1 0 0 0 0 
0 0 0 0.447304 0.552696 0 0 0 0 0 
0 0 0 0 0 0 0 1 0 0 
0 0.446957 0 0 0 0 0.553043 0 0 0 
0 0 0 1 0 0 0 0 0 0 
0 0 0 0 1 0 0 0 0 0 
0 0 0 1 0 0 0 0 0 0 
1 0 0 0 0 0 0 0 0 0 
0 0 0 0.464806 0 0 0 0 0 0.535194 
0 0 0 0 1 0 0 0 0 0 
1 0 0 0 0 0 0 0 0 0 
0 0.714236 0 0 0 0 0.285764 0 0 0 
0 0 0 0 0 0 0 0 1 0 
0 0 0 0 0 0 0 0 1 0 
0 0 0 0 1 0 0 0 0 0 
0 0 1 0 0 0 0 0 0 0 
0 0 1 0 0 0 0 0 0 0 
0 0 0 1 0 0 0 0 0 0 
0 0 0 0 0 0 0 0 1 0 
0 0 0 0 1 0 0 0 0 0 
0.113354 0 0 0 0.886646 0 0 0 0 0 
0 0 0 0 0 0 1 0 0 0 
0 1 0 0 0 0 0 0 0 0 
0 0 0 0 0 0 1 0 0 0 
0 0 0 1 0 0 0 0 0 0 
0 0 0 0 0 0 0.465963 0.534037 0 0 
0 0 0 0 0 0 1 0 0 0 
0 0 0 0 0 0 1 0 0 0 
0 0 0 0 0 0 0 0.360856 0 0.639144 
0 0 0 0 0 0 1 0 0 0 
0 0 0 1 0 0 0 0 0 0 
0 0 0 0 1 0 0 0 0 0 
0 0.426113 0 0 0 0.573887 0 0 0 0 
0 0 0 0 1 0 0 0 0 0 
0 0 1 0 0 0 0 0 0 0 
0 0 0 0 0 0 1 0 0 0 
0 0 0 0 0 0 0 1 0 0 
0 0 0 0 1 0 0 0 0 0 
0 0 0 0 0 0 0 0 0 1 
0 0 1 0 0 0 0 0 0 0 
0 0 1 0 0 0 0 0 0 0 
0 0 0 0 0 0 0 0 1 0 
0 0 1 0 0 0 0 0 0 0 
0 0 0 0.271954 0 0 0 0 0 0.728046 
0 0 0 0 0 0 0 0 0 1 
0 0 0 0 0 0 1 0 0 0 
0.754298 0 0 0 0 0 0 0 0.245702 0 
0 0 0 0 0 0 0 1 0 0 
0 0 0 0 0 0 0 0 1 0 
0 0 0 0 0 0 0 0 1 0 
0.502005 0 0 0.497995 0 0 0 0 0 0 
0 0 0 0 0 0 0 1 0 0 
0 0 0 0 0 0 0 0 1 0 
0 0 0 0 0 0 1 0 0 0 
0 0 0 0.643396 0 0 0 0 0 0.356604 
0 1 0 0 0 0 0 0 0 0 
0 0 0 0 0 0 0 0.440809 0 0.559191 
0 0 0 0 1 0 0 0 0 0 
0 0 0 0 1 0 0 0 0 0 
0 0.562543 0 0 0.437457 0 0 0 0 0 
0 0 0 0 0 0 0 0.554241 0.445759 0 
0 0 0 0 0 0 0 1 0 0 
0 0 1 0 0 0 0 0 0 0 
0 0 0 0 0 0 0 0 0 1 
0 0 0 0 0 0 0 1 0 0 
0 1 0 0 0 0 0 0 0 0 
0 0 1 0 0 0 0 0 0 0 
0 0 0 0 0 0 1 0 0 0 
0 0 1 0 0 0 0 0 0 0 
0 0.362761 0 0 0 0 0 0 0 0.637239 
0 0 1 0 0 0 0 0 0 0 
0 0 1 0 0 0 0 0 0 0 
0 1 0 0 0 0 0 0 0 0 
0.365753 0 0 0.38793 0.246317 0 0 0 0 0 
0 0 0 0 0 1 0 0 0 0 
0 0 0 0 0 0 0 0 0 1 
1 0 0 0 0 0 0 0 0 0 
0 0 0 0 0 0 0 1 0 0 
0 0.632219 0 0 0 0 0 0 0.367781 0 
0 0 0 1 0 0 0 0 0 0 
0 0 0 0 1 0 0 0 0 0 
0 0 0 0 0 0 1 0 0 0 
0 0 0 0 1 0 0 0 0 0 
0 0 0 0 0 0 0 0 1 0 
0 0 0 0 0 0 1 0 0 0 
0 0 0 1 0 0 0 0 0 0 
0 0 0 0 0 0 0 0 1 0 
0 1 0 0 0 0 0 0 0 0 
0 0 0 1 0 0 0 0 0 0 
0 0 0 0 0.489204 0.510796 0 0 0 0 
0 0 0 0 1 0 0 0 0 0 
0 1 0 0 0 0 0 0 0 0 
0 1 0 0 0 0 0 0 0 0 
0 0 0 0 0 0 0 1 0 0 
0 0 0 0 0 0 1 0 0 0 
0 0 1 0 0 0 0 0 0 0 
0 0 0 0 0 1 0 0 0 0 
0 0 0 0 0 0 0 0 1 0 
0 0 0.460606 0 0 0 0 0.539394 0 0 
0 0 0 0 0 0 0 0 1 0 
0 0 0 0 1 0 0 0 0 0 
0 0 0 0 0 0 0 1 0 0 
0 0 0 0 0 0 0 1 0 0 
0 0 1 0 0 0 0 0 0 0 
0 0 0 0 1 0 0 0 0 0 
1 0 0 0 0 0 0 0 0 0 
0 0 1 0 0 0 0 0 0 0 
