10 50
0.38527
0.605494
0.519682
0.346389
0.474918
0.392276
0.317694
0.258892
0.668699
0.717092
11.3871 0.256943
11.1067 0.365454
10.6707 0.439864
10.28 0.383204
8.87214 0.685483
7.08448 0.790572
6.15099 1.25626
5.58175 1.96809
5.4498 2.8314
4.60682 2.07741
4.39696 2.32546
4.02968 2.87559
3.91877 3.53411
3.43815 4.88798
3.03719 3.67037
2.96124 4.73911
2.64325 6.16843
2.56971 4.37993
2.47984 6.37749
2.43752 5.86307
2.36713 5.55842
2.36282 5.34391
2.29121 4.19515
2.18384 4.52673
2.16257 5.95103
1.81011 6.35019
1.59186 5.48074
1.53861 6.04822
1.34401 7.21642
1.30062 5.24709
1.29475 5.02664
1.16551 7.58941
1.16453 6.21281
0.738119 6.65894
0.705668 6.4999
0.625239 5.60374
0.48832 8.054
0.308852 9.09227
0.298541 9.49778
0.272192 7.43385
0.201623 8.51276
0.18738 9.08928
0.149976 8.73425
0.110852 7.03541
0.108794 9.81514
0.086443 8.19067
0.0791548 8.91782
0.0563398 11.4741
0.0236938 10.5848
0.00586294 11.9293
0 0 0 0 0 0 0 0 0 1 
0 0 0 0 0 0 0 0 0 1 
1 0 0 0 0 0 0 0 0 0 
0 0.270696 0 0 0 0 0.729304 0 0 0 
0 0 0 0 0 0 1 0 0 0 
0 0 0 0 0 0 1 0 0 0 
0 0 0 0 0 0 1 0 0 0 
0 0 0 0 1 0 0 0 0 0 
0 0 0 0 0 0 0 0 1 0 
0 0 0 1 0 0 0 0 0 0 
0 0 0 0 0 0 0 1 0 0 
0 0 0 0 0 0 0 1 0 0 
0 0 0 0 0 0 0 0 1 0 
0 1 0 0 0 0 0 0 0 0 
0 0 0 0.160533 0 0 0 0 0.839467 0 
0 1 0 0 0 0 0 0 0 0 
0 0 0 1 0 0 0 0 0 0 
0 0 0 0 1 0 0 0 0 0 
0 0.48604 0.51396 0 0 0 0 0 0 0 
0 0 0 0 0 1 0 0 0 0 
0 0 0 0 0 1 0 0 0 0 
0 0 0 0 0 0 0 0 0 1 
0 0 0 0 0 0 0 1 0 0 
1 0 0 0 0 0 0 0 0 0 
0 0 0 0 0 0 0 1 0 0 
0 0 0 0.358964 0 0 0 0 0 0.641036 
0 1 0 0 0 0 0 0 0 0 
1 0 0 0 0 0 0 0 0 0 
0 0.483152 0 0 0 0.516848 0 0 0 0 
0 0 1 0 0 0 0 0 0 0 
0 0 0 0 0 0 0 0 0 1 
0 0 0 1 0 0 0 0 0 0 
0 0.176126 0 0 0 0.823874 0 0 0 0 
0 0 0 0 0 0 0.539801 0.460199 0 0 
0 0 0 0 1 0 0 0 0 0 
0 0 0 0 0 0 0 1 0 0 
0 0 0 0 0 1 0 0 0 0 
0 0 1 0 0 0 0 0 0 0 
0.398125 0 0 0.601875 0 0 0 0 0 0 
0 0 0 0 0 0 0 0 1 0 
0 0 0 0 0 0 0 1 0 0 
0 0 0.539934 0 0 0.460066 0 0 0 0 
0 0 0 1 0 0 0 0 0 0 
0 0 0 0 0 0 0 0 1 0 
0 0 0 0 1 0 0 0 0 0 
0 0 0 0 1 0 0 0 0 0 
0 0 0 0 0 0.442955 0.557045 0 0 0 
0 0 0 0 0 0 0 0 1 0 
0 0 0 0 0 1 0 0 0 0 
0 0 0 0 0 0 0 0 1 0 
