10 500
0.346781
0.549567
0.450803
0.34808
0.512863
0.25502
0.737356
0.703903
0.735841
0.46556
11.9425 0.0993152
11.1519 0.210658
11.1275 0.59261
11.0407 0.471477
10.949 0.500383
10.8269 0.119355
10.7301 0.65863
10.5383 0.745253
10.517 0.286336
10.3948 0.611154
10.3936 0.526469
10.2367 0.529765
10.1838 0.442532
9.92484 0.929061
9.86547 0.521694
9.78929 0.94055
9.74123 0.847575
9.571 0.268968
9.40636 0.84499
9.35427 0.962714
9.30629 1.20872
9.29991 1.08478
9.20544 0.614671
9.18729 0.904698
9.16296 0.46265
9.13871 0.665504
9.12093 0.356608
9.09045 0.715023
9.05019 0.886702
8.93934 1.18064
8.888 1.50663
8.87858 1.6055
8.81442 0.991493
8.79885 0.25543
8.75189 1.21284
8.66955 1.4302
8.62845 1.65794
8.61182 1.00899
8.54416 1.74
8.36494 1.42123
8.36172 1.6586
8.36024 1.16623
8.34848 2.08122
8.0969 0.794385
7.99322 0.263941
7.99055 0.46139
7.94682 1.77221
7.9398 1.94911
7.9031 1.27834
7.89335 1.22521
7.8834 0.965023
7.88334 1.05288
7.86996 0.854043
7.82188 2.10952
7.81952 1.29944
7.77558 0.560588
7.74699 2.39948
7.74189 1.64633
7.64518 0.266453
7.63159 1.80029
7.60842 0.397508
7.5971 1.18145
7.59016 1.38285
7.52558 0.941151
7.47127 2.30608
7.42238 0.518289
7.37821 0.840866
7.3597 2.52381
7.32726 0.438666
7.29987 1.87231
7.29325 1.78476
7.28867 1.87279
7.27849 2.68621
7.20959 2.36057
7.2095 1.2108
7.13437 1.78706
7.07759 1.21883
6.99006 2.01755
6.88094 1.55342
6.86804 2.04624
6.84169 1.26806
6.81439 0.7785
6.77438 2.16291
6.71606 2.14186
6.69653 0.841204
6.67375 1.62518
6.67233 1.86943
6.65717 2.71883
6.54796 2.66856
6.54364 1.14796
6.51902 2.97521
6.48288 2.24768
6.47087 3.23861
6.47009 0.916825
6.46972 0.766727
6.43876 1.90094
6.43676 2.94918
6.373 2.15278
6.37157 2.15807
6.35807 2.88694
6.34333 1.59274
6.32988 1.7844
6.28027 2.68963
6.23506 2.22231
6.16616 1.45579
6.11966 2.03842
6.08911 2.77617
6.0858 2.61874
6.05988 1.59062
6.02864 2.84538
6.01979 2.84397
5.92553 2.0472
5.91611 2.93121
5.8907 2.23241
5.81581 2.35343
5.81332 3.1288
5.765 1.71106
5.58634 2.19333
5.48361 1.16035
5.46062 1.28749
5.42511 2.18759
5.38245 3.32246
5.38023 2.78427
5.31213 2.41194
5.31211 2.48008
5.30592 2.02241
5.29694 1.72218
5.29583 2.62311
5.29202 3.67182
5.28381 2.62053
5.27908 3.24462
5.20163 2.82156
5.19229 3.16838
5.1604 2.18004
5.15782 2.44949
5.14542 1.61146
5.1168 4.00053
5.08839 1.6297
5.04892 2.87086
5.00943 2.61259
4.96097 3.7284
4.93534 3.30374
4.88357 2.34236
4.8264 3.09485
4.8242 2.85063
4.80753 3.45248
4.79742 3.09296
4.78441 3.12305
4.77358 2.01153
4.76227 2.68283
4.73977 2.02065
4.69585 2.74443
4.66875 2.17757
4.66742 2.36498
4.59123 2.90363
4.59111 2.66799
4.55199 3.43111
4.52942 3.05625
4.52463 2.15105
4.52277 2.78476
4.51103 4.75085
4.50283 3.27056
4.46331 3.31702
4.44748 3.04416
4.4324 3.20549
4.41865 4.40062
4.37815 3.02078
4.32593 3.03775
4.29965 3.67299
4.29118 3.98209
4.29 2.30574
4.14463 3.94391
4.11997 3.51691
4.09373 2.4238
4.08562 3.77008
4.05667 3.32336
4.05599 4.25601
4.04632 2.98394
4.04258 3.56614
4.04002 2.85134
3.87231 4.00257
3.86979 5.07722
3.8586 3.59944
3.82478 3.75328
3.80699 3.47071
3.74565 3.0049
3.71356 4.12575
3.69884 3.0756
3.69277 3.92147
3.6603 3.67407
3.65965 3.88384
3.65685 4.94279
3.64076 3.98493
3.63988 2.7835
3.57428 4.67039
3.53761 4.65598
3.49268 3.53476
3.48092 5.01924
3.46623 4.31442
3.45939 5.04112
3.45042 3.64238
3.45034 2.85082
3.42981 4.07511
3.41156 4.04834
3.38313 4.95988
3.36702 2.80068
3.33919 3.10947
3.29795 4.54485
3.29709 4.78428
3.26862 5.25656
3.25426 4.76565
3.24763 3.82887
3.22732 3.99366
3.21195 3.344
3.2045 5.18271
3.17128 3.29323
3.16047 4.52406
3.12157 4.54166
3.1126 5.03837
3.1094 4.97419
3.06787 3.43661
3.06421 4.28618
3.06111 3.69226
3.05367 4.06915
3.04782 4.62023
3.02619 4.49012
2.97367 3.76756
2.96895 4.14158
2.96016 3.8135
2.93341 5.55934
2.88175 4.13901
2.86737 4.62225
2.85892 4.50264
2.83026 5.12582
2.82803 4.91747
2.82274 4.33565
2.81521 5.56921
2.80164 4.86752
2.71773 3.86407
2.68683 5.41399
2.67414 4.07248
2.62053 4.51724
2.6171 4.1056
2.60904 4.86844
2.59534 5.9835
2.59052 5.1487
2.58259 5.9363
2.56125 5.1513
2.54874 6.63649
2.53518 4.95499
2.52807 3.41644
2.52498 5.01038
2.52003 4.33537
2.49351 6.6518
2.49132 4.79754
2.38513 5.97087
2.38495 4.12973
2.37991 4.76609
2.3281 4.88536
2.29423 5.28233
2.27727 6.03231
2.23887 5.38723
2.19022 6.68069
2.18952 6.07763
2.17866 5.32772
2.16904 3.85155
2.15708 4.49051
2.14364 6.39603
2.13031 3.73893
2.10632 4.37737
2.09606 5.32588
2.08361 4.87137
2.05686 5.82965
2.04444 5.40708
2.01784 5.59656
2.01696 5.68585
1.98015 6.99612
1.95825 6.35053
1.94441 7.33916
1.91626 4.82891
1.8659 6.52165
1.83468 4.552
1.82977 5.43801
1.82115 5.27562
1.79441 6.83377
1.77932 5.61153
1.73813 7.18809
1.68811 5.03634
1.64959 7.20146
1.64444 7.41683
1.62345 7.50596
1.61744 5.58077
1.61079 6.56917
1.60894 5.74955
1.59378 5.94378
1.51512 7.5973
1.4942 6.70328
1.48945 6.08177
1.46829 5.10109
1.46327 7.49396
1.46173 5.33933
1.44843 5.77742
1.44042 4.6142
1.42469 5.6367
1.41376 4.37738
1.4092 5.56526
1.3975 7.71238
1.39213 5.1404
1.36399 4.81279
1.31904 7.4853
1.3155 7.18947
1.30977 7.35651
1.2938 7.17498
1.28739 7.16124
1.28538 5.60594
1.28299 6.71446
1.2787 5.8797
1.27795 7.89549
1.27498 5.31793
1.26779 7.08706
1.25004 5.59933
1.24123 4.67907
1.23429 5.80156
1.19901 6.17175
1.18934 7.57712
1.18586 5.54782
1.18273 6.2975
1.17286 6.22464
1.17146 5.92435
1.16819 6.88706
1.16806 7.77761
1.15905 5.59393
1.15735 5.36784
1.15027 6.12844
1.14016 7.80152
1.131 7.62964
1.12669 7.99363
1.11417 5.93382
1.09713 5.93053
1.06946 6.86508
1.03795 6.03804
1.03126 7.29544
1.02947 6.06603
1.02548 8.22217
1.02514 5.8379
1.01555 6.14565
1.00336 7.01036
0.999734 5.06793
0.985055 6.72293
0.952703 6.36248
0.935724 7.29737
0.93434 7.31629
0.93128 8.02378
0.929773 7.51303
0.890526 6.75799
0.848793 7.35726
0.83812 7.39047
0.817328 6.11785
0.817185 6.28051
0.802946 6.69508
0.799804 7.55016
0.790343 8.69878
0.780713 7.15564
0.770236 7.30935
0.717651 7.5564
0.712813 9.30263
0.696096 6.03304
0.69399 8.05758
0.688737 7.01192
0.676929 5.58016
0.670045 8.44659
0.638834 8.12951
0.638617 8.54651
0.635194 7.46007
0.634387 7.51037
0.62057 6.16287
0.617546 6.82746
0.590441 7.24082
0.561028 8.38692
0.554817 6.25503
0.554449 9.03893
0.548629 8.0597
0.5451 7.12734
0.538921 5.73545
0.527937 8.35055
0.524154 6.765
0.50872 6.95825
0.493728 7.59327
0.478438 7.014
0.47635 8.48728
0.473612 7.69948
0.470106 8.20976
0.458494 6.71535
0.44655 9.71011
0.420317 8.48621
0.412736 7.03268
0.409304 7.9283
0.405099 7.94326
0.391854 8.2065
0.391747 7.2012
0.387292 6.83262
0.372 9.68449
0.365775 9.81462
0.355041 8.40147
0.35503 7.94548
0.343571 7.58647
0.343093 7.81594
0.340695 10.3205
0.33793 6.19413
0.316102 8.76051
0.308518 8.40898
0.296659 6.35106
0.278564 9.82219
0.271723 7.73543
0.270134 9.38101
0.247987 7.97224
0.247768 8.14563
0.240053 8.80686
0.23444 10.1381
0.230993 10.413
0.22417 8.2455
0.222967 10.5139
0.220499 9.77203
0.21648 8.28377
0.215811 7.21121
0.200996 7.56318
0.199127 6.63992
0.19283 8.19821
0.192066 7.65226
0.188852 9.96695
0.1819 7.16348
0.161028 9.52404
0.159648 9.3757
0.154725 7.51546
0.150775 9.1813
0.143221 8.21757
0.140178 9.26947
0.13875 10.6952
0.137025 10.4154
0.12923 10.085
0.125707 7.97693
0.123902 6.8292
0.116864 7.89355
0.116269 10.7546
0.116186 7.99433
0.112318 8.43014
0.109018 6.89963
0.108557 9.44496
0.108411 9.28654
0.108099 10.8797
0.105699 10.1714
0.0953399 8.84076
0.0872731 11.0435
0.0821533 10.9005
0.081976 9.56107
0.0802067 11.0534
0.0783895 7.86578
0.0769702 9.65561
0.074469 9.21935
0.0742195 7.69859
0.0733794 9.77632
0.0733391 10.8553
0.0730997 6.8214
0.0682418 8.95577
0.0593521 8.58739
0.0544543 7.64405
0.0479368 7.30144
0.0467584 11.1183
0.0461623 10.2116
0.0449556 10.2098
0.0415569 10.1716
0.0395785 7.7703
0.0361636 9.7351
0.0341402 8.41385
0.0335803 11.6602
0.025145 8.20015
0.023044 11.5097
0.0189679 10.0837
0.0181926 8.96415
0.0159369 8.79727
0.0137706 10.6599
0.0123502 11.7106
0.0121147 10.9198
0.00964881 10.7404
0.00954051 11.8813
0.00741684 8.4185
0.00713714 9.25802
0.00701407 10.297
0.0063091 8.012
0.00573884 11.6723
0.00558997 11.7811
0.0053666 9.08182
0.00525034 8.12745
0.00411988 8.09254
0.00330702 10.9438
0.00289509 9.59433
0.00266167 7.56992
0.00242891 11.0743
0.00170465 10.5032
0.00152479 12.2189
0 0 0 0 0 0 0 0 1 0 
0 0 0 0 0 0 0.473393 0.526607 0 0 
0 1 0 0 0 0 0 0 0 0 
0 0 0 0 0 0 1 0 0 0 
0 0.362472 0 0 0 0 0 0 0 0.637528 
0 0 0 0 0 0 1 0 0 0 
0 0 0 0 0 0 0 0 0 1 
0 0 0 0 0.47728 0 0 0 0 0.52272 
0 1 0 0 0 0 0 0 0 0 
0 0 0 0 0 0 0 1 0 0 
0 0 0.353125 0 0 0 0 0 0 0.646875 
0 0 0 0 0 0 1 0 0 0 
0 0 1 0 0 0 0 0 0 0 
1 0 0 0 0 0 0 0 0 0 
0 0 1 0 0 0 0 0 0 0 
0 0 0 0 0 0 1 0 0 0 
0 0 0 0 0 0.461469 0 0 0.538531 0 
0 0 1 0 0 0 0 0 0 0 
0 0 0 0 0 1 0 0 0 0 
0 1 0 0 0 0 0 0 0 0 
0 0 0 1 0 0 0 0 0 0 
0 0 1 0 0 0 0 0 0 0 
0 0 0 0 1 0 0 0 0 0 
0 0 0 0 0 0 0 1 0 0 
0 0 0 0 0 0 0 0.586151 0.413849 0 
1 0 0 0 0 0 0 0 0 0 
0 0 0 0 0 0 0 0 0 1 
0 0.570254 0.429746 0 0 0 0 0 0 0 
0 0 0 0 0 0 1 0 0 0 
0 0 0 0 0 0 0 1 0 0 
0 0 1 0 0 0 0 0 0 0 
1 0 0 0 0 0 0 0 0 0 
0 0 0 0 0 0 0 1 0 0 
0 1 0 0 0 0 0 0 0 0 
0 0 0.315484 0 0.684516 0 0 0 0 0 
0 1 0 0 0 0 0 0 0 0 
0 1 0 0 0 0 0 0 0 0 
0 0 0 0 0 0 0 1 0 0 
0 1 0 0 0 0 0 0 0 0 
0 0 1 0 0 0 0 0 0 0 
0.304182 0 0 0 0 0 0.695818 0 0 0 
0 1 0 0 0 0 0 0 0 0 
0 0 0 0 0 0 0 0 0 1 
0 0 1 0 0 0 0 0 0 0 
0 0 0.252969 0 0.747031 0 0 0 0 0 
0 0 0 0 0 1 0 0 0 0 
0 0 0 1 0 0 0 0 0 0 
0 0 0 0 0 0 0 0 1 0 
0 0 0 0 0 0 0 0 1 0 
0 0 0 0 0 1 0 0 0 0 
0 0 0 1 0 0 0 0 0 0 
0 0 0 0 0 1 0 0 0 0 
1 0 0 0 0 0 0 0 0 0 
1 0 0 0 0 0 0 0 0 0 
0 0 0 0 0 0 0 0 0 1 
0 1 0 0 0 0 0 0 0 0 
0 0 0 0 0 1 0 0 0 0 
1 0 0 0 0 0 0 0 0 0 
0 0 0 0 0 1 0 0 0 0 
1 0 0 0 0 0 0 0 0 0 
0 0 1 0 0 0 0 0 0 0 
0 0 0 0 0 0 0 0.761704 0.238296 0 
1 0 0 0 0 0 0 0 0 0 
0 0 0 0 0 0 0 1 0 0 
0 0 0.699815 0 0 0 0.300185 0 0 0 
0 0 0 0 0 0 0 0 0 1 
0.546052 0 0 0 0 0 0 0 0 0.453948 
0 0 0 1 0 0 0 0 0 0 
0 0 0 0 0 0 0 0 0 1 
0 1 0 0 0 0 0 0 0 0 
0 0 0 0 0 0 0 1 0 0 
0 0 0.328441 0 0 0 0 0 0.671559 0 
0 0 0 0 0 1 0 0 0 0 
0 0 0 0 0 0 1 0 0 0 
1 0 0 0 0 0 0 0 0 0 
1 0 0 0 0 0 0 0 0 0 
0 1 0 0 0 0 0 0 0 0 
0 0 0 0 0 0 0 0 0 1 
0 0 0 0 0.512721 0.487279 0 0 0 0 
0 0 1 0 0 0 0 0 0 0 
0 0 0 0 0 0 0 0 0 1 
1 0 0 0 0 0 0 0 0 0 
0 0 0 0 0 0 0 1 0 0 
0 0 0 0 0 0.489825 0 0 0.510175 0 
0 0 0 0 0 0 0 0 1 0 
0 0 0 0 0 0 0.753751 0 0.246249 0 
0 0 0.449103 0 0 0.550897 0 0 0 0 
0 0 0 0.495553 0 0 0 0.504447 0 0 
0 0 1 0 0 0 0 0 0 0 
0 0 0 0 0 0 0 0 1 0 
0.742931 0 0.257069 0 0 0 0 0 0 0 
0 0 0 0 0 0 1 0 0 0 
0 0 0 0 0 0 0 1 0 0 
0 0 0 0 0 1 0 0 0 0 
0 0 1 0 0 0 0 0 0 0 
0 0 1 0 0 0 0 0 0 0 
0 0 0 0 0 0 0 0 0 1 
0 1 0 0 0 0 0 0 0 0 
0 0 0 0 0 0 0 1 0 0 
0 0 0 0 0 1 0 0 0 0 
0.293262 0 0 0 0 0 0 0 0 0.706738 
0 1 0 0 0 0 0 0 0 0 
0 0 0 0 0 1 0 0 0 0 
0 1 0 0 0 0 0 0 0 0 
0 0 0 1 0 0 0 0 0 0 
0 0 1 0 0 0 0 0 0 0 
0 0 0 0 0 0 0 0 0 1 
0 0 0 0.377141 0 0 0.622859 0 0 0 
0 0 0 0 0 1 0 0 0 0 
0 0 0 0 0 0 0 0 0 1 
0 0 0 0 0 0 0 0 0 1 
1 0 0 0 0 0 0 0 0 0 
0 0 0 0 0 1 0 0 0 0 
0 0 0 0 0 0 0 1 0 0 
0 1 0 0 0 0 0 0 0 0 
0 0 0 0 0 0 0 0 1 0 
0 0 0 0 1 0 0 0 0 0 
0 0 0 0 0 1 0 0 0 0 
0 0 0 0 0 0.41734 0 0 0.58266 0 
0 0 0 0 0 0 0 0 0 1 
0 0 0 0 0 0 0.311552 0 0 0.688448 
0 0 0.42741 0 0 0.57259 0 0 0 0 
0 1 0 0 0 0 0 0 0 0 
0 0 0 1 0 0 0 0 0 0 
0 0 0 0 1 0 0 0 0 0 
0 0 0.586853 0 0 0.413147 0 0 0 0 
0 0 0 0 1 0 0 0 0 0 
0 0 0 0 1 0 0 0 0 0 
0 0 0 0 0 0 1 0 0 0 
0 0 1 0 0 0 0 0 0 0 
0 0 0 0 0 1 0 0 0 0 
1 0 0 0 0 0 0 0 0 0 
1 0 0 0 0 0 0 0 0 0 
0 1 0 0 0 0 0 0 0 0 
0 1 0 0 0 0 0 0 0 0 
1 0 0 0 0 0 0 0 0 0 
0.551021 0 0.448979 0 0 0 0 0 0 0 
0 0 0 0 1 0 0 0 0 0 
0 0 0 0 0 0 0 0 0 1 
0 1 0 0 0 0 0 0 0 0 
1 0 0 0 0 0 0 0 0 0 
0 0 0 0 0 0 0 0 1 0 
0 0 0.297496 0 0 0.702504 0 0 0 0 
0 0 0 0 0 1 0 0 0 0 
0 0.429614 0 0 0 0.570386 0 0 0 0 
0 0 0 0 0 0 0 1 0 0 
0 0 0 0 0 0 0 0 1 0 
0 1 0 0 0 0 0 0 0 0 
0 0 0 1 0 0 0 0 0 0 
0 0 0 0 0 0 0 1 0 0 
0 0 0 1 0 0 0 0 0 0 
0 0 0 0 1 0 0 0 0 0 
0 0 0 0 1 0 0 0 0 0 
1 0 0 0 0 0 0 0 0 0 
0 0 0 0 0 0 1 0 0 0 
0 0 0 0 0 0 0 1 0 0 
0 0 0 0 0 0 0 0 0.476233 0.523767 
0 0 0 1 0 0 0 0 0 0 
0 0 0 0 0 0 0 0 0 1 
0 1 0 0 0 0 0 0 0 0 
0 0 0 0 0 0 0.492936 0 0.507064 0 
0 0 0 0 0 0 1 0 0 0 
0 0 0 0 0 0 0 1 0 0 
0 0 0 0 1 0 0 0 0 0 
0 1 0 0 0 0 0 0 0 0 
0 0 0 0 0 0 0 1 0 0 
1 0 0 0 0 0 0 0 0 0 
1 0 0 0 0 0 0 0 0 0 
1 0 0 0 0 0 0 0 0 0 
0 0 0 0 0 0 0 0 1 0 
0 0 0 0 1 0 0 0 0 0 
0 0 0 0 1 0 0 0 0 0 
0 1 0 0 0 0 0 0 0 0 
0 0 0 0 0 0 1 0 0 0 
0 0 0 0 0 0 1 0 0 0 
0 0 0 0 0 1 0 0 0 0 
0 0 0 0 0 0 1 0 0 0 
0 0 0 0 0 0 0 0 1 0 
1 0 0 0 0 0 0 0 0 0 
0 0 0 0 0 0.548706 0.451294 0 0 0 
0 0 0 0 0 1 0 0 0 0 
0 0 0 0 0 0 0.311175 0.42307 0.265755 0 
0 0 0 0 0 0.867475 0.132525 0 0 0 
1 0 0 0 0 0 0 0 0 0 
0 0 0 0 0 0 0 0 1 0 
0 0 1 0 0 0 0 0 0 0 
0 0 0 0 1 0 0 0 0 0 
0 0 0 0 0 0 1 0 0 0 
0 0 0.571127 0.428873 0 0 0 0 0 0 
0 0 0 0.84053 0 0 0.15947 0 0 0 
1 0 0 0 0 0 0 0 0 0 
0 0 0 0.796404 0 0 0 0 0 0.203596 
0 0 0 0 1 0 0 0 0 0 
0 0 1 0 0 0 0 0 0 0 
0 0 0 0 0 1 0 0 0 0 
0 0 0 0 0 0 1 0 0 0 
0 0 1 0 0 0 0 0 0 0 
0 0 0 0 0 0 1 0 0 0 
0 0 0 0 0 0 0 0 0 1 
0 0 1 0 0 0 0 0 0 0 
0 0 0 0 0 1 0 0 0 0 
0 1 0 0 0 0 0 0 0 0 
1 0 0 0 0 0 0 0 0 0 
0 0 0 0 0 1 0 0 0 0 
0 1 0 0 0 0 0 0 0 0 
0 0 0 0 0.338199 0 0 0 0 0.661801 
0 0 0 0 1 0 0 0 0 0 
0 0 0 0 0 0 0 0 1 0 
0 1 0 0 0 0 0 0 0 0 
0 0 0 0 1 0 0 0 0 0 
0 0 0 0 0 0 0 0 0 1 
0 0 0 0 0 0 0 0 1 0 
0 0 0 1 0 0 0 0 0 0 
0 0 0 0 0 0 0 0 1 0 
0 1 0 0 0 0 0 0 0 0 
0 1 0 0 0 0 0 0 0 0 
0 0.717361 0 0 0 0 0.282639 0 0 0 
0 0 0 0 0 0 1 0 0 0 
0.202869 0 0 0 0 0 0 0.797131 0 0 
0 0.284492 0 0 0 0 0 0 0 0.715508 
0 0 0 1 0 0 0 0 0 0 
0 0 0 1 0 0 0 0 0 0 
0 0 0 0 0 1 0 0 0 0 
0 0 0 0 0 0 1 0 0 0 
0 0 0 1 0 0 0 0 0 0 
0 0 0 1 0 0 0 0 0 0 
0 0.197912 0 0 0 0 0 0.802088 0 0 
0 0 0 0 1 0 0 0 0 0 
0 0 0 0 0 0 1 0 0 0 
0 0 0.31673 0 0 0 0 0 0.68327 0 
0 0 0 0 1 0 0 0 0 0 
0 0 0 0 0 1 0 0 0 0 
0 1 0 0 0 0 0 0 0 0 
0 0 0 0 0 0 0 1 0 0 
0 0 0 0 1 0 0 0 0 0 
0 0.537011 0 0 0.462989 0 0 0 0 0 
0 0 0 0 0 0 1 0 0 0 
0 0 0 0.792676 0 0.207324 0 0 0 0 
0 0 0 0 0 0 0 0 0 1 
0 0 0 0 0 0 0 1 0 0 
0.482276 0 0.517724 0 0 0 0 0 0 0 
0 0 0 0.291977 0 0.708023 0 0 0 0 
0 0 1 0 0 0 0 0 0 0 
0 0 0 0 0 0 0 0 0 1 
0 0 0 1 0 0 0 0 0 0 
0 0 0 0.445274 0 0 0 0.554726 0 0 
0 0 0 0 0 0 0 1 0 0 
0 0 0 0 0 0 0 0 1 0 
0 0 0 0 0 0 1 0 0 0 
0 0 1 0 0 0 0 0 0 0 
0 0 0 0 0 0 1 0 0 0 
0 0 0 0 0 0 0 1 0 0 
0 0 0 1 0 0 0 0 0 0 
0 0 0 1 0 0 0 0 0 0 
0 0 0 0 1 0 0 0 0 0 
0 0 0 0 0 0 1 0 0 0 
0 1 0 0 0 0 0 0 0 0 
0 1 0 0 0 0 0 0 0 0 
0 1 0 0 0 0 0 0 0 0 
0 0 1 0 0 0 0 0 0 0 
0 0 0 0 0 0 0 0 0 1 
0 0 1 0 0 0 0 0 0 0 
0 0 0 0 0.235166 0 0.764834 0 0 0 
0 0 0 0 0 0 0.10924 0 0 0.89076 
0 0 0 0 0 0 0 1 0 0 
1 0 0 0 0 0 0 0 0 0 
0 0 0 0 0.764724 0 0 0.235276 0 0 
0 0 0 0 0 1 0 0 0 0 
0.576594 0 0 0 0 0 0.423406 0 0 0 
0 0 1 0 0 0 0 0 0 0 
0 0 0 0 0 0 0 0 0 1 
0 0 1 0 0 0 0 0 0 0 
0 0 0 0 0 0 0 0 0 1 
0 0.844585 0 0 0 0.155415 0 0 0 0 
0 0 0 0 0 1 0 0 0 0 
0 0 0.390338 0 0.23469 0 0.374972 0 0 0 
0 0 0 0 0 0 0 0 1 0 
0 0 0.272228 0 0 0 0.727772 0 0 0 
0 0 0 0 0 0 0 1 0 0 
0 0 1 0 0 0 0 0 0 0 
0 0 0 0 0 0 0 0.722588 0.277412 0 
0 0 0 0 0 0 0 0 1 0 
0.346327 0.653673 0 0 0 0 0 0 0 0 
0 1 0 0 0 0 0 0 0 0 
0 0 0 1 0 0 0 0 0 0 
0 0 0 0 0 0 1 0 0 0 
0 1 0 0 0 0 0 0 0 0 
0 0 0 0 1 0 0 0 0 0 
0 0 0 1 0 0 0 0 0 0 
0 1 0 0 0 0 0 0 0 0 
0 0 0 0 0 0 0.588075 0.411925 0 0 
0 0 0 0 1 0 0 0 0 0 
0 0 0 0.550459 0 0 0 0 0 0.449541 
0 0 0 0 0 0 0 1 0 0 
0 0 0 0 0 0 1 0 0 0 
0 0 0 0 0 1 0 0 0 0 
0 0 0 1 0 0 0 0 0 0 
0 0 0 0 0 1 0 0 0 0 
0 0 0 0 0 0 0 0 1 0 
0 0 0 0 0 1 0 0 0 0 
0 0 0 0 0 0 0 0 0.259541 0.740459 
0 0 0 0 0 1 0 0 0 0 
0 1 0 0 0 0 0 0 0 0 
0 1 0 0 0 0 0 0 0 0 
0 0 0 0 0 0 0 0 0 1 
0 0 0 0 1 0 0 0 0 0 
0 0 0 0 0 0 0 0 0 1 
0 1 0 0 0 0 0 0 0 0 
0 0 0 0 0 0 1 0 0 0 
0 0 1 0 0 0 0 0 0 0 
0 0 0 0 0 0 0 0 0 1 
0 0 0 0 0 0 1 0 0 0 
0 0 0 1 0 0 0 0 0 0 
0 0 0 0 0 0 0.385541 0 0.614458 0 
0 0 0 0 0 0 0 0 1 0 
0 0 0 1 0 0 0 0 0 0 
0 0 0 0 1 0 0 0 0 0 
0 0 0 0.499166 0 0 0 0 0.145672 0.355162 
0 0 0 0 0 0 0 0 1 0 
1 0 0 0 0 0 0 0 0 0 
0 0 0 0 1 0 0 0 0 0 
0 0 0 0 1 0 0 0 0 0 
0 0 0 0 1 0 0 0 0 0 
0 0 0 0 0 1 0 0 0 0 
0 0 0 0 0 1 0 0 0 0 
0 0 0 0 1 0 0 0 0 0 
0 0 0 0 0 0 0 1 0 0 
0 0 0 0 0.758495 0 0 0.241505 0 0 
0 0 1 0 0 0 0 0 0 0 
0 0 1 0 0 0 0 0 0 0 
0.494181 0 0 0 0 0 0.505819 0 0 0 
0 0 0 0 0 0 0 0 0 1 
0 0 0 0.331808 0 0.668192 0 0 0 0 
0 0 0.624116 0 0 0 0.375884 0 0 0 
0.571061 0 0 0.428939 0 0 0 0 0 0 
0 0.596537 0 0 0 0 0 0 0 0.403463 
0 0 1 0 0 0 0 0 0 0 
0 0 0 0 0 0 0 0 1 0 
0 1 0 0 0 0 0 0 0 0 
0 0 0 0 0 0.470562 0 0 0 0.529438 
0 0 1 0 0 0 0 0 0 0 
0 0 1 0 0 0 0 0 0 0 
0 0 0.217812 0.782188 0 0 0 0 0 0 
1 0 0 0 0 0 0 0 0 0 
0 0 0 1 0 0 0 0 0 0 
0 0 0 0 0 0 1 0 0 0 
0 0 0 0 0 0 0 0 1 0 
0.342698 0 0 0 0 0 0.657302 0 0 0 
0 0 0 0 0 1 0 0 0 0 
0 0 0 0 0 0 0 0 1 0 
0 0 0 1 0 0 0 0 0 0 
0 1 0 0 0 0 0 0 0 0 
0 0 0 0 0 1 0 0 0 0 
0 0 0 0 1 0 0 0 0 0 
0 0 0 0 1 0 0 0 0 0 
0 0 0 0 1 0 0 0 0 0 
0 0 0 0 0 0 0 1 0 0 
0 0 0 0 0 0 0 1 0 0 
0 0 0 0 0 0 1 0 0 0 
0 0 0 0 0 0 1 0 0 0 
1 0 0 0 0 0 0 0 0 0 
1 0 0 0 0 0 0 0 0 0 
0 0 0 0 0 0 0 0 1 0 
0 0 0 1 0 0 0 0 0 0 
0 0 0 0 0 0 0 1 0 0 
1 0 0 0 0 0 0 0 0 0 
0 1 0 0 0 0 0 0 0 0 
0 0 0 0 0 0 0 0 1 0 
0 0.281326 0 0 0 0.718674 0 0 0 0 
0 0 0 0 0.74684 0 0 0 0.25316 0 
0 0 0 0 0 0 1 0 0 0 
0 0 0 1 0 0 0 0 0 0 
0 0 0 0 0 0 1 0 0 0 
0 0 0 0 1 0 0 0 0 0 
0 0 0 0 0 0 0 0 1 0 
0 0 0 0.879411 0.120589 0 0 0 0 0 
0 0 0 0.353623 0 0 0 0.646377 0 0 
0 0 0 0 0 0 0 1 0 0 
0 0 0 0 0.223259 0 0.776741 0 0 0 
0 0 0 0 0 1 0 0 0 0 
0 1 0 0 0 0 0 0 0 0 
0 0 1 0 0 0 0 0 0 0 
0 0 0 0 0 0 0 1 0 0 
0 0 0 0 0 0 0 0 0 1 
0 0 0 1 0 0 0 0 0 0 
0 0 0 0 0 1 0 0 0 0 
0 0 0 0 1 0 0 0 0 0 
0 0 0 0 1 0 0 0 0 0 
0 0 0 0 0 0 0 0 0 1 
0 0.510638 0 0.489362 0 0 0 0 0 0 
0 0 0 0.582506 0 0 0 0 0 0.417494 
0 0 0 0 0 1 0 0 0 0 
0 0 0 0 0 0 0 0 0 1 
0 0 0 0 1 0 0 0 0 0 
0 0 1 0 0 0 0 0 0 0 
0 0 0 0 1 0 0 0 0 0 
0 0 0 0 0 1 0 0 0 0 
0 0.446889 0 0 0 0 0.553111 0 0 0 
0 0 0 0 0 0 0 0 0 1 
0 0 0.363551 0 0 0 0.636449 0 0 0 
1 0 0 0 0 0 0 0 0 0 
0 0 0 1 0 0 0 0 0 0 
0 0 0 0 0 0 1 0 0 0 
0 0 0 0 0 1 0 0 0 0 
0 0 0 0 0 0 0.571253 0 0 0.428747 
0 0 0 1 0 0 0 0 0 0 
0 0 0 0 1 0 0 0 0 0 
0 0 0 0 0 0 0 0 1 0 
0 1 0 0 0 0 0 0 0 0 
0 0 0 0 0 0 0 1 0 0 
0 0 0 1 0 0 0 0 0 0 
0 0 0 0 0 0 0 0 1 0 
0.255613 0 0.347739 0.396648 0 0 0 0 0 0 
0 0 1 0 0 0 0 0 0 0 
0 1 0 0 0 0 0 0 0 0 
0 0 1 0 0 0 0 0 0 0 
0 0 0 1 0 0 0 0 0 0 
0 0 0 0 0 0 0 1 0 0 
0 0 0 1 0 0 0 0 0 0 
0 0 0 0 0 1 0 0 0 0 
1 0 0 0 0 0 0 0 0 0 
0 0 0 0 0 0 1 0 0 0 
0 0 0 0 0 0 0 0 1 0 
0 0 0 0 0 0 0 0 0 1 
0 0 0 0 0 0 0 0 1 0 
0 0 0 0 0 1 0 0 0 0 
0 0 0 0 0 0 0 0 1 0 
0 1 0 0 0 0 0 0 0 0 
1 0 0 0 0 0 0 0 0 0 
0 0 0 0 0 0 0 0 1 0 
0 0 0 0 0 0 0 0 1 0 
0 0 0 0 1 0 0 0 0 0 
0 0 0 0 0 1 0 0 0 0 
0 1 0 0 0 0 0 0 0 0 
0 0 0 0 1 0 0 0 0 0 
0 0 0 0 0 0 0 0 0 1 
0 0 0 0 0 0 0 1 0 0 
0.742939 0 0 0 0 0 0 0 0.257061 0 
0 1 0 0 0 0 0 0 0 0 
0 0 0 0 0 0 1 0 0 0 
0 0 0 0 0 0 1 0 0 0 
0 0 1 0 0 0 0 0 0 0 
0 0 0 0 0.365722 0 0 0.634278 0 0 
0 0 0 1 0 0 0 0 0 0 
0 0 0 0 0 0 0 1 0 0 
0 0 0 0 0 0 0 0 0 1 
0 0 1 0 0 0 0 0 0 0 
0 0 0 0 0 0 0 0 1 0 
0 0 0 0 0 1 0 0 0 0 
0 0 0 0 0 0 0 1 0 0 
0 0 0 0 0 0 0 1 0 0 
0 0.496903 0 0 0 0 0.503097 0 0 0 
0 0 0 0.435935 0.564065 0 0 0 0 0 
0 1 0 0 0 0 0 0 0 0 
0 0 0 0 0 0 0 1 0 0 
0 0 0 0 0 1 0 0 0 0 
1 0 0 0 0 0 0 0 0 0 
0 0 0 0 0 0 0 0 1 0 
0 0 1 0 0 0 0 0 0 0 
0 0 0 0 0 1 0 0 0 0 
0 0 0 0 1 0 0 0 0 0 
0 0 0 0 0 0 1 0 0 0 
0 0 0 0 0 0 0 1 0 0 
0 0 0 0 1 0 0 0 0 0 
0 0 0 0 1 0 0 0 0 0 
0 0 0 1 0 0 0 0 0 0 
0 0 0 0 0 0 0 0 1 0 
0 0 0 0 0 0 0 1 0 0 
0 0 0 0 0 0 0 1 0 0 
0 0 0 0.612591 0 0 0.387409 0 0 0 
0 0 0 0 0 0.525998 0.474003 0 0 0 
0 0 0 0 0 0 0 1 0 0 
1 0 0 0 0 0 0 0 0 0 
0 0 0 0 0 1 0 0 0 0 
0 0 0 0 0 0 0 0 1 0 
0 0 0.327794 0 0.672206 0 0 0 0 0 
0.304844 0 0 0 0.695156 0 0 0 0 0 
0 0 0 0 0 0 0 0 0 1 
0 0 0 0 1 0 0 0 0 0 
0 0 0 0.402579 0 0.597421 0 0 0 0 
0 0 0 0 0 1 0 0 0 0 
0 1 0 0 0 0 0 0 0 0 
0 0 0 0 0 0 0 0 0 1 
0 0 0 0 0 1 0 0 0 0 
0 0 0 0 0 0 0 1 0 0 
0 0.522176 0 0 0 0 0 0.477824 0 0 
0 0 0 1 0 0 0 0 0 0 
0 1 0 0 0 0 0 0 0 0 
0 0 0 0 0 1 0 0 0 0 
0 0 0 0.386079 0 0 0 0.613921 0 0 
0 0 0 0 0 0 1 0 0 0 
0 0 0 0 0 0 0 1 0 0 
0 0 0 0 0 0 0 0 0 1 
0 0 0 1 0 0 0 0 0 0 
0.402671 0.250449 0 0 0.346881 0 0 0 0 0 
0 0 0.442822 0 0.557178 0 0 0 0 0 
0 0 0 0 0 0 0 0 1 0 
0 0 0 0 0 0 0 0 0 1 
0 0 0 1 0 0 0 0 0 0 
0 0 0 0 1 0 0 0 0 0 
