5 300
0.251549
0.383608
0.410951
0.476688
0.38606
11.6139 0.212118
11.4236 0.22952
10.202 0.311049
10.1519 0.672113
9.90541 0.839209
9.79457 0.437948
9.5722 0.724107
9.52796 0.666669
9.45738 0.750495
9.08702 1.23701
9.01997 0.545832
8.85246 0.330822
8.82702 0.467851
8.67131 1.50465
8.63392 1.01611
8.56234 0.308376
8.53887 1.47845
8.39965 1.54251
8.08746 0.856398
8.0589 0.828086
8.00592 1.87312
7.96647 0.135208
7.75665 0.209814
7.68577 0.378445
7.67674 0.972514
7.66089 1.05348
7.62605 0.60004
7.60792 0.237609
7.55206 2.36927
7.49196 1.95978
7.4527 1.82272
7.26913 1.90511
7.26739 1.42254
7.20725 0.448848
7.13879 2.28502
7.0628 2.55767
7.04456 2.67635
6.95839 2.05065
6.93768 0.793737
6.89247 2.49777
6.80523 1.44749
6.75746 0.67497
6.74565 1.39117
6.73649 0.988481
6.70711 1.58464
6.69467 1.95931
6.6392 1.12064
6.62609 1.74413
6.59941 1.53757
6.58113 2.10515
6.53547 1.71321
6.37673 3.2129
6.3331 2.962
6.21787 2.38387
6.15739 1.73075
6.11873 1.18803
6.02281 2.847
5.99825 2.70936
5.97571 2.08419
5.92704 2.32741
5.92512 2.43725
5.89249 2.57485
5.89125 1.92648
5.87195 2.83251
5.86752 1.23151
5.84425 3.06083
5.84174 2.05565
5.77329 3.34778
5.74997 2.98964
5.733 2.72802
5.71885 3.24216
5.71882 1.98324
5.65461 2.7871
5.63234 1.41525
5.59044 2.85038
5.50048 3.93488
5.38377 2.81654
5.3358 3.74929
5.28046 3.37134
5.27638 2.42611
5.26245 3.19736
5.24962 2.6062
5.20468 2.65467
5.19508 1.97896
5.18177 2.93666
5.13343 2.36853
5.07045 2.77175
5.07035 2.7278
5.04334 2.86586
5.00796 3.44829
4.89685 3.44609
4.80595 3.35539
4.7538 4.52488
4.62282 2.49906
4.51577 4.8096
4.39354 3.15733
4.34285 3.54208
4.31428 4.09885
4.30424 4.26286
4.28478 3.31018
4.25864 2.7409
4.23789 4.88311
4.21631 2.77126
4.15686 4.26028
4.0061 3.43302
4.00047 2.97048
3.99228 2.87067
3.92872 3.07176
3.92255 4.05335
3.91388 2.3152
3.86424 3.60761
3.84396 5.42713
3.77553 3.50574
3.76678 3.81513
3.73818 4.66921
3.71853 4.38799
3.69701 2.87593
3.63363 3.01659
3.61158 3.07186
3.53349 2.84118
3.52733 4.09585
3.50503 4.5933
3.41155 2.75604
3.35822 3.65338
3.33015 3.98398
3.19142 5.14889
3.17906 4.39548
3.15405 3.19919
3.14348 4.73486
3.14024 5.24702
3.12662 5.15008
3.06974 5.73325
3.0668 5.48032
3.05667 4.36926
3.03771 3.33777
3.00732 5.77721
3.00084 4.53049
2.96098 3.39289
2.90904 3.84936
2.90588 5.43742
2.89738 5.2512
2.8517 5.31962
2.82517 4.68253
2.81645 5.13153
2.81406 4.69458
2.81274 4.47273
2.74373 4.91714
2.7375 3.32491
2.70598 5.08505
2.64546 5.14519
2.58218 4.85515
2.56497 4.27968
2.55429 4.19325
2.54653 4.21892
2.52451 6.27806
2.51965 5.30669
2.47803 5.79077
2.39487 4.41192
2.32713 6.35306
2.3266 4.04432
2.31224 6.78453
2.27967 4.76089
2.25355 4.87729
2.25197 4.02108
2.24543 5.86455
2.2398 4.39778
2.23281 5.58871
2.18634 5.83768
2.11691 4.53433
2.11386 5.54445
2.03358 6.43721
2.00557 6.6768
1.98025 6.77522
1.95228 6.13506
1.94159 7.49613
1.93199 5.20991
1.90221 5.81592
1.86128 6.75341
1.77209 6.38053
1.72684 6.09085
1.71567 5.84079
1.70317 5.67163
1.69481 6.44274
1.6891 5.91681
1.66183 6.83486
1.60744 6.14586
1.58995 6.07622
1.56906 4.5464
1.56011 4.79701
1.51865 5.94578
1.48467 7.35678
1.46742 6.35742
1.42823 6.9189
1.42075 5.84419
1.38576 5.83276
1.35612 4.65963
1.32668 6.80812
1.31728 4.72648
1.29998 6.60438
1.29472 6.04946
1.27225 6.05014
1.27205 5.97445
1.24396 6.94373
1.23337 8.0605
1.21446 7.0269
1.20766 5.79606
1.20658 7.06441
1.19674 6.80626
1.15452 7.10954
1.14565 6.93879
1.12533 7.0831
1.08775 5.52894
1.07465 6.51682
0.984057 5.54067
0.979557 5.62987
0.971709 5.15474
0.94669 6.69798
0.945046 6.67527
0.943006 8.02254
0.927529 8.34705
0.904702 6.17808
0.854914 7.27291
0.801292 6.69067
0.787386 8.16693
0.773174 6.09935
0.731188 7.96218
0.714745 7.53489
0.712281 7.03119
0.704443 8.19593
0.6892 5.8262
0.688022 8.96251
0.680888 8.24712
0.645454 8.15243
0.610762 8.51411
0.50989 6.7407
0.502481 8.82575
0.50104 8.68163
0.495757 6.40768
0.469183 9.7352
0.462099 7.85818
0.414554 6.13818
0.392024 8.84537
0.390945 7.71557
0.342244 6.19544
0.320342 9.80674
0.303039 9.97561
0.30246 9.07073
0.297516 7.72828
0.269869 8.66262
0.249759 7.13178
0.236647 8.94402
0.203928 8.05
0.20145 10.5499
0.199639 9.82418
0.197412 7.68168
0.184448 7.13212
0.176953 7.77273
0.166803 8.26789
0.16366 7.30911
0.146106 8.94233
0.132948 10.7309
0.126184 7.62268
0.124381 10.0964
0.121101 7.25083
0.120878 9.30189
0.110631 9.4001
0.108572 11.1522
0.105314 10.5955
0.098409 9.49022
0.097607 7.3917
0.0932914 11.0064
0.0869298 9.05561
0.0758008 10.839
0.0756607 10.802
0.0504611 8.55246
0.0473028 7.24604
0.0467425 9.90081
0.03961 10.3001
0.0346307 7.47114
0.0314349 7.23935
0.0248145 8.77795
0.0242724 9.83243
0.0196736 7.29798
0.0179752 11.8453
0.0166004 9.46525
0.0142163 10.9619
0.0122138 10.3685
0.00997331 9.99939
0.00870587 8.79745
0.00766925 12.1076
0.00716498 11.5592
0.00678766 9.78393
0.0057748 7.67162
0.00529026 7.35378
0.0046475 7.66731
0.00429687 7.96962
0.00302376 8.70361
0.00187121 10.7375
0.00163258 11.0419
0.00110817 9.40355
0 0 0 0 1 
1 0 0 0 0 
0 1 0 0 0 
1 0 0 0 0 
1 0 0 0 0 
0 0 0 1 0 
0 0 0 1 0 
0 0 1 0 0 
0 0 1 0 0 
0.643775 0.356225 0 0 0 
0 0 0 1 0 
0 0 0 1 0 
0 0 1 0 0 
0 0.535242 0 0 0.464758 
1 0 0 0 0 
0 1 0 0 0 
0 0 0 1 0 
0.792486 0 0 0.207514 0 
0 0 0 0 1 
0 0 0 1 0 
0 0 0 0 1 
1 0 0 0 0 
0 0 1 0 0 
1 0 0 0 0 
0 0 0 1 0 
0 1 0 0 0 
0 1 0 0 0 
0 1 0 0 0 
0 0 0.700877 0.299123 0 
0 0 0 1 0 
0 0 1 0 0 
0 0 0 1 0 
0 1 0 0 0 
0 1 0 0 0 
1 0 0 0 0 
0 1 0 0 0 
0 1 0 0 0 
0 0 0.566395 0 0.433605 
1 0 0 0 0 
0 0 0 1 0 
0 0 0 0 1 
0 0 0 0 1 
0 0 0 0 1 
0 0 0 0 1 
1 0 0 0 0 
1 0 0 0 0 
0 0 1 0 0 
0 0 0 0 1 
1 0 0 0 0 
0 0 0 0 1 
0.295355 0.704645 0 0 0 
0 0 0.217251 0 0.782749 
0 0 0 1 0 
1 0 0 0 0 
0 0 0 0 1 
0 1 0 0 0 
0 0 0 0 1 
0 0 0 0 1 
0 0 0 1 0 
0 1 0 0 0 
0 1 0 0 0 
0.198335 0.801665 0 0 0 
0 1 0 0 0 
0 0 1 0 0 
0 1 0 0 0 
0 0 1 0 0 
0 0 0 1 0 
0 0 0 1 0 
0 0 0.482792 0.517208 0 
1 0 0 0 0 
0 0 0.663331 0 0.336669 
0 1 0 0 0 
0 0 0 1 0 
0 1 0 0 0 
0 0 0 0 1 
0 1 0 0 0 
0.546374 0.453626 0 0 0 
1 0 0 0 0 
0 0 0 1 0 
0 0 0 1 0 
1 0 0 0 0 
0 1 0 0 0 
0 0 0.651406 0 0.348594 
1 0 0 0 0 
0 0 0 0.243765 0.756235 
0 0 0 0 1 
0 0 0 1 0 
0 0 0 1 0 
1 0 0 0 0 
0.595925 0 0 0 0.404075 
0 0 1 0 0 
0 0.663017 0 0 0.336983 
0 0 0 1 0 
0 0 0 1 0 
1 0 0 0 0 
0 0 1 0 0 
0 0 1 0 0 
0 0 0 0 1 
0 0 0.671221 0.328779 0 
0.786962 0.213038 0 0 0 
0 1 0 0 0 
0 0 0 1 0 
1 0 0 0 0 
0 0 0.334396 0.665604 0 
0 0 1 0 0 
0 1 0 0 0 
0.316652 0 0.37552 0.307828 0 
0 0 1 0 0 
1 0 0 0 0 
0.145492 0.854508 0 0 0 
0 0 1 0 0 
0.58403 0.41597 0 0 0 
0 0.29326 0 0.70674 0 
0 0 0 0.355677 0.644323 
0 1 0 0 0 
0 1 0 0 0 
0 0 0 0 1 
0 0 0 1 0 
0.701526 0 0.298474 0 0 
1 0 0 0 0 
0 0 0 1 0 
0 0 0 0.450381 0.549619 
1 0 0 0 0 
0 0 0 0 1 
0 0 1 0 0 
1 0 0 0 0 
0 0 1 0 0 
1 0 0 0 0 
0 1 0 0 0 
0 0 1 0 0 
0 0 0 0 1 
1 0 0 0 0 
1 0 0 0 0 
0 0 0 1 0 
0 0 0 0 1 
0 0 0 1 0 
0 1 0 0 0 
0 0 0 0 1 
0 0 0 0 1 
0 0 1 0 0 
0 0 0 1 0 
0 0 0 1 0 
0 0.293489 0.399622 0.306889 0 
0 0 0 1 0 
0 0 0 1 0 
0.264116 0 0.735884 0 0 
0 1 0 0 0 
0 0 1 0 0 
1 0 0 0 0 
1 0 0 0 0 
1 0 0 0 0 
0 0 1 0 0 
0 1 0 0 0 
0 0 0.643738 0 0.356262 
1 0 0 0 0 
0 0 0 0 1 
0 0 0 1 0 
0 0 0 0 1 
0 1 0 0 0 
0 1 0 0 0 
1 0 0 0 0 
0 0.607145 0.392855 0 0 
0.257658 0.112705 0 0.629637 0 
0.439473 0 0 0 0.560527 
0 1 0 0 0 
0 1 0 0 0 
0 0 0 0 1 
0.250933 0 0.749067 0 0 
1 0 0 0 0 
0 0 1 0 0 
0 1 0 0 0 
0.144 0 0.856 0 0 
0 0 0 0 1 
0 0 1 0 0 
0 0 0 0 1 
1 0 0 0 0 
0 0 1 0 0 
0 0 1 0 0 
0 0 0 1 0 
0 1 0 0 0 
0 0 0 1 0 
0 0 0.525357 0.474643 0 
0 0 1 0 0 
0 0 0 1 0 
0 0 0 1 0 
0 0 0 0 1 
0 0 1 0 0 
0 0 0 0 1 
0 0.700671 0.299329 0 0 
0 0 1 0 0 
1 0 0 0 0 
1 0 0 0 0 
0 0.680084 0 0.319916 0 
0 0 1 0 0 
0 1 0 0 0 
0.487655 0.0559998 0.456345 0 0 
0 0 0.660531 0 0.339469 
0 1 0 0 0 
0 1 0 0 0 
0 0 0 1 0 
1 0 0 0 0 
0 0 0 0 1 
0 0 0 1 0 
1 0 0 0 0 
1 0 0 0 0 
1 0 0 0 0 
0 1 0 0 0 
0.433861 0 0 0.566139 0 
0 0 0 0 1 
0 0 0 1 0 
1 0 0 0 0 
1 0 0 0 0 
0 0 0.371785 0.628215 0 
0 0 1 0 0 
0 0 1 0 0 
0 0 0 0 1 
0 0 0 0 1 
0 1 0 0 0 
0 0 1 0 0 
0 0 1 0 0 
0 0 0 0 1 
0 0 0.362868 0.637132 0 
0 0 0 1 0 
1 0 0 0 0 
0 0 1 0 0 
1 0 0 0 0 
0 0 1 0 0 
1 0 0 0 0 
0 0 0.441774 0.558226 0 
0 0 0 0 1 
0 0 0.359179 0.349695 0.291126 
0 0 0 1 0 
0 0 0.820334 0 0.179666 
1 0 0 0 0 
0 1 0 0 0 
0 1 0 0 0 
0 0.678024 0 0.321976 0 
0 0 0 1 0 
0.66651 0 0 0.33349 0 
0 0 0 0 1 
0 1 0 0 0 
1 0 0 0 0 
1 0 0 0 0 
0 0 0 0 1 
0 0 0 0 1 
1 0 0 0 0 
0.306711 0 0.693289 0 0 
0 0.101663 0.898337 0 0 
0 0 0.176829 0.517833 0.305339 
0 0 0 0 1 
0 1 0 0 0 
0 0 1 0 0 
0 0 0 0 1 
0 0 1 0 0 
0 0 0 1 0 
0 0 1 0 0 
0 1 0 0 0 
0 0 0 0 1 
0 0 0 0 1 
1 0 0 0 0 
0 0 0.686423 0.313577 0 
0 0 1 0 0 
0.528616 0.471384 0 0 0 
1 0 0 0 0 
0 1 0 0 0 
0 0 0 0 1 
1 0 0 0 0 
0.216429 0 0 0.783571 0 
0 0 1 0 0 
0 0 0 0 1 
0 0 0 0 1 
1 0 0 0 0 
1 0 0 0 0 
0 0 0 1 0 
0 0 0 0 1 
0 0 0 1 0 
1 0 0 0 0 
0 0 0 1 0 
1 0 0 0 0 
0 0 0 0 1 
0 0 0 0 1 
0 0 0 0 1 
0 1 0 0 0 
1 0 0 0 0 
0 0 1 0 0 
0 0 0 1 0 
0 0 1 0 0 
0 0 0 1 0 
1 0 0 0 0 
0 0 1 0 0 
1 0 0 0 0 
0 0 1 0 0 
0 0 1 0 0 
0 1 0 0 0 
0 1 0 0 0 
0 0 0 0 1 
0 0 0 0 1 
0 1 0 0 0 
0 0.502835 0.497165 0 0 
0.412005 0 0 0 0.587995 
