10 200
0.394029
0.505607
0.407509
0.501146
0.287093
0.698294
0.271832
0.315918
0.628497
0.700243
11.8202 0.323631
11.7712 0.262427
11.3113 0.39308
10.06 0.856386
9.81258 1.04027
9.66419 1.09282
9.45979 0.730714
9.20456 0.859681
9.18795 0.636841
9.16317 1.24896
8.69909 0.402881
8.65982 0.191791
8.65874 1.07048
8.54529 1.63856
8.4688 0.706726
8.32499 1.60163
8.32453 1.12242
8.2083 1.49808
8.01524 1.73935
7.97368 1.14566
7.95822 1.54418
7.94367 0.554651
7.71694 0.476758
7.6033 0.557084
7.52426 1.38198
7.51639 1.08474
7.50898 1.78979
7.29503 1.33432
7.23304 1.5693
7.11362 1.91566
7.0113 0.781557
7.00731 1.20079
6.81642 1.66256
6.76362 0.959417
6.67631 1.96405
6.63903 3.18789
6.63523 2.18267
6.6297 1.61504
6.59273 0.909552
6.59054 1.94203
6.58938 0.832755
6.50685 1.97761
6.40982 1.93222
6.29383 1.79093
5.90189 3.37058
5.86221 1.62997
5.62593 2.13842
5.59719 3.07956
5.57596 2.45476
5.56791 1.70766
5.55185 2.50749
5.44095 2.14819
5.37276 2.20518
5.12452 2.34254
5.0962 3.14724
5.093 2.49479
5.08579 2.97032
4.86852 2.04555
4.75778 2.51778
4.69737 2.92529
4.67076 3.09551
4.63997 2.82773
4.59854 2.89257
4.52408 3.17272
4.50946 2.28247
4.33508 3.89923
4.29958 4.09851
4.18135 4.76011
4.17556 3.2323
4.175 2.69704
4.04049 3.07346
4.03602 2.85478
4.01022 3.45865
3.99846 4.72174
3.76159 3.11791
3.75743 3.89624
3.62443 3.25364
3.58201 3.17971
3.55244 3.79938
3.4827 2.57052
3.44222 3.43102
3.43954 2.60643
3.2705 4.86575
3.19093 3.65777
3.17488 3.55202
3.00159 4.3659
2.9213 4.13935
2.72263 5.12838
2.67302 4.19331
2.6704 4.12073
2.65809 5.81567
2.65375 4.72537
2.59434 5.34619
2.59196 4.45348
2.5913 4.14445
2.4555 4.81551
2.44005 6.09938
2.38418 4.2001
2.3809 5.85745
2.35778 4.40136
2.3467 4.93042
2.3077 4.20635
1.9613 7.05562
1.88838 5.84261
1.8747 6.99275
1.82829 6.93058
1.79493 4.9132
1.7622 5.46907
1.70435 6.45949
1.68092 4.52101
1.63992 4.55355
1.61758 6.55969
1.47968 7.03727
1.47824 5.43167
1.45638 7.32807
1.45586 6.33855
1.45255 6.95893
1.43727 5.06596
1.42857 6.77437
1.38386 5.58335
1.35558 5.39646
1.3496 6.79674
1.29009 6.1743
1.26718 7.98558
1.25107 7.28315
1.24795 8.2325
1.21162 6.31854
1.03265 6.99369
1.0016 6.18167
0.95664 5.62798
0.938426 8.80397
0.93534 7.89396
0.919619 7.8818
0.913261 6.92604
0.888798 6.57072
0.798307 5.8902
0.722413 7.4422
0.719115 7.42746
0.705056 6.35768
0.704274 6.07707
0.698831 7.74321
0.66172 5.37046
0.642083 8.83998
0.599111 8.84566
0.595404 9.09806
0.583538 7.1307
0.580772 8.32422
0.57004 7.75848
0.554331 6.15512
0.548303 6.34827
0.538219 8.72563
0.496772 7.88723
0.494182 9.73299
0.423093 7.74423
0.416487 8.27463
0.367422 7.42688
0.353412 9.77818
0.336941 8.8477
0.305676 9.03798
0.291331 9.67231
0.290954 7.51305
0.251355 6.70471
0.249784 10.2064
0.222894 7.78994
0.218879 6.93647
0.207695 7.03582
0.205717 9.69787
0.163814 6.90125
0.163325 10.5149
0.1406 7.89123
0.135355 10.527
0.126048 7.78303
0.125654 10.1185
0.113068 9.45437
0.107485 10.3962
0.104852 8.10079
0.0976235 7.62832
0.0801179 7.5683
0.0626362 7.17911
0.0625612 11.0898
0.0616621 8.56509
0.0614773 7.69095
0.0528538 10.2844
0.0419034 10.3527
0.0392488 9.23505
0.0390418 9.09984
0.0256786 7.62413
0.0254518 10.4865
0.0237019 8.74651
0.0190793 8.81112
0.0156778 7.69607
0.0153432 11.3332
0.0107881 11.8371
0.00841387 9.73305
0.00630238 10.8803
0.00614316 12.0132
0.00555231 8.76647
0.00493991 10.7485
0.00362564 9.23698
0.00325814 11.8119
0 0 0 1 0 0 0 0 0 0 
0 0 0 0 0 0 1 0 0 0 
1 0 0 0 0 0 0 0 0 0 
1 0 0 0 0 0 0 0 0 0 
0 0 0 0 0 1 0 0 0 0 
0 1 0 0 0 0 0 0 0 0 
0 0 0 0 0 0 0 0 0 1 
0 0 0 0 0 0 0 0 1 0 
0 1 0 0 0 0 0 0 0 0 
0.109338 0.890662 0 0 0 0 0 0 0 0 
0 0 0 0 0 0 1 0 0 0 
0 0 0 0 0 0 0 0 1 0 
0 0 1 0 0 0 0 0 0 0 
0 0.515997 0 0 0.484003 0 0 0 0 0 
0 0 0.384753 0 0 0 0 0 0.615247 0 
0 0 0 0 0 1 0 0 0 0 
0 0 1 0 0 0 0 0 0 0 
0 0 0 0 0 0 1 0 0 0 
0 0 0 0 0 0 1 0 0 0 
0.422599 0 0 0 0 0 0 0 0.577401 0 
0 0 0 0 0 0 0 0 0 1 
0 0 0 0 1 0 0 0 0 0 
0 1 0 0 0 0 0 0 0 0 
0 0 0.482229 0 0 0 0.517771 0 0 0 
0 1 0 0 0 0 0 0 0 0 
0 0 1 0 0 0 0 0 0 0 
0 0 0 0 0 0 0 0 1 0 
0 0 0 0 1 0 0 0 0 0 
0 1 0 0 0 0 0 0 0 0 
1 0 0 0 0 0 0 0 0 0 
0 1 0 0 0 0 0 0 0 0 
0 0 0 0 0 0 0 0 0 1 
0 0 0.387899 0 0 0.219172 0 0 0.392929 0 
0 0 0.481324 0 0 0 0.518676 0 0 0 
0 0 1 0 0 0 0 0 0 0 
0 0 0 0 0 0 0 1 0 0 
0 0 0 0 0 0 0 0 0 1 
0 0 1 0 0 0 0 0 0 0 
0 0 0 0 0 0 1 0 0 0 
0 0 0 1 0 0 0 0 0 0 
0 0 0 0 0 0 1 0 0 0 
0 0 0 0 0 0 1 0 0 0 
0 0 0 0 0 0 1 0 0 0 
0 0 0 0 0 0 1 0 0 0 
0 0 0 0 0 0 0 1 0 0 
0 1 0 0 0 0 0 0 0 0 
0 0 0 0.247329 0 0 0 0.752671 0 0 
0 0 1 0 0 0 0 0 0 0 
0 0 0 0 0 0 0 0.865466 0 0.134534 
0 0 0 0 0 0 1 0 0 0 
0 0 0 0 0 0 0 1 0 0 
0 0 0 1 0 0 0 0 0 0 
0 0 0 0 0 0 1 0 0 0 
0 0 0 0 0 0 0 0 1 0 
0 0 0 0 0 0 0 0 0 1 
0 1 0 0 0 0 0 0 0 0 
0 0 0 0 0 0 1 0 0 0 
0 1 0 0 0 0 0 0 0 0 
0 0 0 0 0 0 0 0 0 1 
0 1 0 0 0 0 0 0 0 0 
0 0 0 0 0 0.285685 0 0 0.714315 0 
0 0 0 0 0 0.896881 0 0.103119 0 0 
0 0 0 0 0 1 0 0 0 0 
0 1 0 0 0 0 0 0 0 0 
0 0 0 0 0 0 0 0 1 0 
0 0 0 1 0 0 0 0 0 0 
0 1 0 0 0 0 0 0 0 0 
0 0 0.474414 0.525586 0 0 0 0 0 0 
0 1 0 0 0 0 0 0 0 0 
0 0.327655 0 0.672345 0 0 0 0 0 0 
0 0 1 0 0 0 0 0 0 0 
0 0 0 0 0 0 0 1 0 0 
1 0 0 0 0 0 0 0 0 0 
0 0 0 1 0 0 0 0 0 0 
0 0 0 0 0 0 0 1 0 0 
0 0 0 0 0 0 1 0 0 0 
0 0 0 0 0 0 0 1 0 0 
0 0 1 0 0 0 0 0 0 0 
1 0 0 0 0 0 0 0 0 0 
0 0 0 0 0.237222 0.762778 0 0 0 0 
0.341686 0 0.658314 0 0 0 0 0 0 0 
0 0 0 0.567384 0.432616 0 0 0 0 0 
0 0 0 0 0 1 0 0 0 0 
0 0 1 0 0 0 0 0 0 0 
0 0 0 0 0 0 0 0 0 1 
0 0 0 0 0 0 0 0 1 0 
0 0 0 0 0 0 0 1 0 0 
0 0 1 0 0 0 0 0 0 0 
0 0 0 0 0 1 0 0 0 0 
0 0 0 0 0 0 0 0.277072 0 0.722928 
0 0 0.388437 0 0 0 0 0 0 0.611563 
0 0 0 0 0 0 1 0 0 0 
0 0 0 0 0 0 1 0 0 0 
1 0 0 0 0 0 0 0 0 0 
0 0 0 1 0 0 0 0 0 0 
0 0 0 0 0 0 1 0 0 0 
0 0 0 0 0 1 0 0 0 0 
0 0 0 0 0 0 0 0 0 1 
0 0 0 0 0 0 0 0 0 1 
0 0 0 0 0 0 0 0 1 0 
0 0 0 0 0 0 1 0 0 0 
0 1 0 0 0 0 0 0 0 0 
0 0 0 1 0 0 0 0 0 0 
0 0.676686 0 0 0 0.323314 0 0 0 0 
0 0 0 0 0 0 0 0 0 1 
0 1 0 0 0 0 0 0 0 0 
0 0 0 1 0 0 0 0 0 0 
0 0 0 0 0 0 0 1 0 0 
0 0 0 0 0 0 0 1 0 0 
0 0 0 0 0 0 1 0 0 0 
0 0 0 1 0 0 0 0 0 0 
0 0 0 0 0 0 1 0 0 0 
0 0 0 1 0 0 0 0 0 0 
0.537356 0 0 0 0 0.462644 0 0 0 0 
0 0 0 0 0 0 0 0 1 0 
0 0 1 0 0 0 0 0 0 0 
0 0 0 0 0 1 0 0 0 0 
0 0 0 0 0 0 0 0 1 0 
0 0 0 0 0 0 0 1 0 0 
0 0.514244 0 0 0 0 0 0 0.485756 0 
0 0 0 0 0 0 0 0 0.368791 0.631209 
0 0 0 0.736799 0 0 0.263201 0 0 0 
0 0 0 0 0 0 0 0 1 0 
0 1 0 0 0 0 0 0 0 0 
0 1 0 0 0 0 0 0 0 0 
0 0 0 0 0 0 0 1 0 0 
0 1 0 0 0 0 0 0 0 0 
0 0 0 0 1 0 0 0 0 0 
1 0 0 0 0 0 0 0 0 0 
0 0 0 0 0 0 0 0 1 0 
0 0 0 0.293784 0 0 0 0 0 0.706216 
0 0 0 1 0 0 0 0 0 0 
0 0 0 0 1 0 0 0 0 0 
0 0 0 0 0 0 0 0 1 0 
0 1 0 0 0 0 0 0 0 0 
0 0 0 0 0 0 0 0 0 1 
0 0 0 0 0 0 0 1 0 0 
0 0.682229 0 0.317771 0 0 0 0 0 0 
1 0 0 0 0 0 0 0 0 0 
0 1 0 0 0 0 0 0 0 0 
0 1 0 0 0 0 0 0 0 0 
0 0 0 0 0 0 0 1 0 0 
0 0.581565 0 0.418435 0 0 0 0 0 0 
0 0 0 0 0 0 0 0 1 0 
0 0 0 0 0 0 0 1 0 0 
0 0 1 0 0 0 0 0 0 0 
0 0 0 0 0 0 0 1 0 0 
1 0 0 0 0 0 0 0 0 0 
0 0 0.501641 0 0 0 0 0 0.498359 0 
0 0 0 0 1 0 0 0 0 0 
0 0 0 0 0 0 0.542444 0 0 0.457556 
0 0 0 0.523277 0 0 0 0 0 0.476723 
1 0 0 0 0 0 0 0 0 0 
0 0 0 0 0 0 0 0 0 1 
0 0 0 0 1 0 0 0 0 0 
0 0 1 0 0 0 0 0 0 0 
0.519145 0 0 0 0 0 0 0 0 0.480855 
0 0 0 0 0 0 0 0.505219 0 0.494781 
0 1 0 0 0 0 0 0 0 0 
0 0 0 0 0 0 0 1 0 0 
0 0 0 0 0 1 0 0 0 0 
1 0 0 0 0 0 0 0 0 0 
0 0 0 0 0 0 0.404344 0 0.595656 0 
0 0 0 0 0 1 0 0 0 0 
1 0 0 0 0 0 0 0 0 0 
0 0 0 0 1 0 0 0 0 0 
0 0 0 1 0 0 0 0 0 0 
0 0 1 0 0 0 0 0 0 0 
0 0 0 0.455708 0 0 0.544292 0 0 0 
0 0 0 0 0.551766 0 0 0 0 0.448234 
0 0 0 1 0 0 0 0 0 0 
0 0 0 0 0 0 0 1 0 0 
0 0 0 0 0.350389 0.649611 0 0 0 0 
0 0 0 0 0 0 0 0 1 0 
0 0 0 0 0 1 0 0 0 0 
0 0 0 0 0 0 1 0 0 0 
0 0 0 0 0 0 1 0 0 0 
0 0 0 0 1 0 0 0 0 0 
0 0 0 0 0 0 0 1 0 0 
0 0 0.335605 0 0 0 0 0.664395 0 0 
0 0 0 0 0 0 0 0 0 1 
0 0 0 0 0 0 1 0 0 0 
0 0 0 0 0 0 1 0 0 0 
0 0 0 0 0 0 1 0 0 0 
0 0.366851 0.633149 0 0 0 0 0 0 0 
0 0 0 1 0 0 0 0 0 0 
0 0 0 0 0 0 0 0.276263 0.723737 0 
0 0 0 0 0 0 0 0 0 1 
0.287278 0 0 0 0 0 0 0 0.712722 0 
0 1 0 0 0 0 0 0 0 0 
0 0 0 1 0 0 0 0 0 0 
0 0 0 0 0 1 0 0 0 0 
0 0 0 0 1 0 0 0 0 0 
0 1 0 0 0 0 0 0 0 0 
0 0 0 0 0 0 0 0 0 1 
0 1 0 0 0 0 0 0 0 0 
1 0 0 0 0 0 0 0 0 0 
0 1 0 0 0 0 0 0 0 0 
0 0 0 0 0 0 0 1 0 0 
0 0 0 0 0 0 0 0 0 1 
