10 50
0.607665
0.526048
0.676401
0.464655
0.469559
0.627813
0.703967
0.618136
0.603434
0.575639
8.66026 1.71533
8.39668 1.61844
7.90725 0.359534
7.83355 2.36456
7.83119 0.836628
6.3397 1.19022
6.17699 1.39085
6.107 1.1468
6.00761 3.01674
5.77969 0.990205
5.74889 1.28055
5.09877 2.64035
5.08241 2.60147
4.98222 2.74086
4.50666 4.35812
4.1955 4.53337
4.1419 2.90953
4.05891 3.26628
3.75525 2.86008
3.70091 3.17538
3.35078 3.39338
3.20581 3.79125
3.02438 5.09513
2.90033 6.16401
2.69914 5.19397
2.54522 6.37664
2.45574 4.8931
2.38579 4.70791
2.13736 5.01282
1.63888 7.21866
1.48168 7.73738
1.08552 5.96333
0.893016 8.12695
0.887736 6.32873
0.633167 9.26598
0.575539 7.73046
0.366398 9.49667
0.365643 7.96741
0.323887 10.1253
0.223858 7.12287
0.193218 7.43857
0.191608 7.71433
0.14992 7.934
0.137011 8.76908
0.13543 7.69142
0.0924345 9.52948
0.0533883 11.5382
0.0387898 11.5482
0.00234678 7.48091
0.00220405 9.17484
0 0 0 0 0 1 0 0 0 0 
0 0 1 0 0 0 0 0 0 0 
0 0 0 0 0 0 0 1 0 0 
0 0.719047 0 0.280953 0 0 0 0 0 0 
0 0 0 0 1 0 0 0 0 0 
0 1 0 0 0 0 0 0 0 0 
0 0 0 0 0 0 1 0 0 0 
0 0 0 0 0 1 0 0 0 0 
0 0 0 1 0 0 0 0 0 0 
0 0 0 0 0 1 0 0 0 0 
0 1 0 0 0 0 0 0 0 0 
0 0 0 0 0 1 0 0 0 0 
0 0 0 0 0 0 0 0 1 0 
0 0 0 0 0 0 0 1 0 0 
0 0 1 0 0 0 0 0 0 0 
0 0.47567 0 0 0 0 0 0 0.52433 0 
0 0 0 0 0 0 0 1 0 0 
0 1 0 0 0 0 0 0 0 0 
0 0 0 0 0 0 0 0 0 1 
0 0 0 0 0 0 1 0 0 0 
0 0 0 0 0 0 0.296747 0.703253 0 0 
0 0 0 0 0 0 1 0 0 0 
0 0 0 0 0 0 0 1 0 0 
0 0 0 1 0 0 0 0 0 0 
0 0 0 0 0 0 0 0 0.492459 0.507541 
0 0 0 0 0.274867 0.725133 0 0 0 0 
0 0 0 0 0 0 0 1 0 0 
0 1 0 0 0 0 0 0 0 0 
0 0 0 0 0 0 0 0 1 0 
0 0 0 0 0 0 0 0 1 0 
0 0 0 1 0 0 0 0 0 0 
0 0 0 0 0 0 0 0 1 0 
0 0 0 0 0.604051 0 0 0 0.395949 0 
0 0 0 0 0.149352 0 0.850648 0 0 0 
0 0 0 0 0 1 0 0 0 0 
0 0.733014 0.266986 0 0 0 0 0 0 0 
0 0 1 0 0 0 0 0 0 0 
0 0 0 0 0 0 0 1 0 0 
0 0 0 0 0 0 0 0 0 1 
1 0 0 0 0 0 0 0 0 0 
0 0 0 0 0 0 0 0 0 1 
0 0 0 0 0 0 0 0 1 0 
0 0 0 0 0 0 1 0 0 0 
0 1 0 0 0 0 0 0 0 0 
0 0 0 0 0 0 0 0 1 0 
0 0 0 0 0 1 0 0 0 0 
0 0 0 0 0 0 0 1 0 0 
0 0 0 1 0 0 0 0 0 0 
0.86553 0 0 0 0.13447 0 0 0 0 0 
0 0 0 0 0.120608 0.879392 0 0 0 0 
