5 500
0.378679
0.733555
0.301618
0.429751
0.549621
11.6605 0.304437
11.1382 0.136332
11.0222 0.518392
10.8865 0.0995103
10.7968 0.493584
10.699 0.48564
10.545 0.467755
10.5298 0.477813
10.4823 0.267053
10.4048 0.655435
10.3739 0.796783
10.3389 0.611369
10.2669 0.371265
10.2588 0.893718
10.1551 0.316737
10.1478 0.260645
10.1045 0.865121
10.0611 0.604368
9.83342 0.142106
9.81135 1.10548
9.79479 0.180927
9.60973 1.18481
9.53844 0.908498
9.12387 1.41585
9.03487 0.879323
8.9464 1.26159
8.73728 0.510172
8.72632 0.295273
8.62234 0.108214
8.62057 0.868287
8.37749 0.739547
8.36234 0.234513
8.30539 0.187249
8.28843 1.3421
8.25097 1.37239
8.17936 0.462094
8.1566 0.444824
8.12959 1.63574
7.95868 0.19589
7.95503 0.813663
7.83825 1.08903
7.81198 0.636234
7.80775 1.91507
7.7568 1.12672
7.74644 0.805287
7.72808 1.1224
7.71577 1.7455
7.68641 1.49934
7.59033 1.8548
7.58559 0.177122
7.51786 1.52727
7.50374 1.68887
7.4904 1.28894
7.48042 0.28952
7.47211 1.79016
7.46325 2.69026
7.44 1.21065
7.39346 0.748288
7.33968 1.0182
7.30231 1.97405
7.24887 1.04286
7.24605 1.17729
7.24121 0.284172
7.17457 0.756846
7.16195 1.08249
7.06836 0.961583
6.95942 1.27908
6.87728 2.11659
6.87673 0.663223
6.87575 1.94806
6.77547 1.17393
6.75667 0.732758
6.73864 1.82083
6.73402 2.07095
6.72331 0.606131
6.68275 1.88361
6.60623 2.80136
6.59553 1.93926
6.5772 1.44036
6.54974 2.19523
6.52757 1.13472
6.49508 1.66062
6.46959 0.640029
6.44832 2.11213
6.42969 1.67739
6.37936 3.0668
6.36979 2.07364
6.33145 1.62455
6.31654 2.52024
6.31545 2.09404
6.31478 2.18194
6.21478 1.03703
6.14031 1.23661
6.12465 2.9736
6.09608 2.17564
6.06132 1.63551
6.03293 1.29615
6.01302 1.73363
5.99995 2.35233
5.96346 1.54575
5.96023 2.28346
5.94945 3.29221
5.94695 1.3382
5.93409 2.52874
5.91425 2.10565
5.90618 2.87033
5.87809 1.59098
5.84838 1.80563
5.82064 1.89102
5.73099 1.41469
5.72903 3.41734
5.72688 2.26887
5.69758 1.98458
5.66894 3.31141
5.66884 2.31466
5.66477 2.12465
5.6396 2.82563
5.61441 1.58253
5.55346 1.72152
5.54959 2.40839
5.47744 1.9326
5.44559 3.50475
5.31577 3.20447
5.31028 1.8278
5.21968 2.91462
5.14798 2.34487
5.08644 3.17038
5.04031 3.0803
5.00502 3.25257
5.00323 4.01694
4.99217 1.67097
4.9483 1.94644
4.9338 2.64519
4.89002 3.66027
4.87469 2.63221
4.85934 2.382
4.83121 3.61077
4.8196 1.80355
4.76705 1.75321
4.74634 3.22354
4.71475 3.41776
4.69718 2.54642
4.68554 2.60344
4.67453 3.13706
4.67117 2.58529
4.64352 1.67794
4.60032 2.20458
4.56741 2.10871
4.52943 3.4675
4.50485 2.67428
4.451 2.91154
4.44535 4.17074
4.42419 3.35545
4.40859 2.85968
4.40124 4.63078
4.35702 2.93358
4.3419 3.81514
4.29381 2.90665
4.2708 3.9056
4.26957 3.48281
4.24019 3.22114
4.23328 2.49348
4.16873 2.68662
4.16175 4.57152
4.09056 3.919
4.08056 2.22468
4.07982 3.40882
4.05555 3.28713
4.03038 4.08745
4.01529 2.15745
3.95199 3.48655
3.94747 3.96753
3.8923 3.86968
3.87167 5.02427
3.86263 3.94134
3.85166 3.19196
3.77085 4.35406
3.73653 4.1531
3.73161 3.06161
3.65708 2.48258
3.65162 4.16108
3.63988 3.75059
3.62437 5.23418
3.61963 5.21642
3.61735 3.51835
3.61646 2.91565
3.60263 3.89168
3.57725 4.73571
3.51652 4.18692
3.49368 3.96749
3.46163 3.59972
3.4551 4.1552
3.3838 3.75957
3.38006 5.09602
3.36701 5.30123
3.35953 2.66129
3.35679 5.01863
3.35209 3.69355
3.33561 4.97461
3.31517 4.18325
3.31362 5.05817
3.27899 3.56949
3.27708 4.46547
3.26719 4.57005
3.25915 4.3523
3.22048 4.75225
3.21889 4.1958
3.19907 4.89372
3.11092 2.88979
3.08215 3.74354
3.06609 5.18841
3.04809 4.6336
3.0446 5.26993
3.00622 3.51552
2.94542 4.46608
2.92287 5.91142
2.92085 5.17909
2.88953 4.42363
2.84886 5.56428
2.81781 4.72009
2.80695 3.87319
2.78554 4.99931
2.78257 5.48969
2.77549 4.8848
2.72027 5.31963
2.70945 5.60761
2.6972 4.80055
2.67233 5.88867
2.67171 5.36632
2.65743 5.3717
2.6505 4.90915
2.64425 5.65037
2.62685 5.06435
2.56659 6.16846
2.54754 4.76811
2.52214 5.10079
2.48076 4.09125
2.43077 5.41912
2.41016 6.41985
2.39122 3.96691
2.39025 4.93076
2.362 6.00977
2.34788 5.95069
2.32553 4.65053
2.27237 5.31488
2.26563 5.9395
2.26511 5.66031
2.2621 3.54175
2.25877 5.1762
2.23031 4.46776
2.20296 5.55899
2.1976 5.93684
2.17954 5.73635
2.15891 5.52537
2.14955 5.14674
2.14458 4.2624
2.14073 5.18242
2.1389 6.54727
2.13752 6.22078
2.12915 6.2589
2.12382 6.47288
2.12293 6.10248
2.11221 4.37565
2.11111 4.25798
2.09945 5.02494
2.09635 6.25754
2.09018 6.99097
2.06325 7.30066
2.06099 6.60756
2.01099 4.95211
1.98082 5.33921
1.97967 4.57339
1.95253 6.50947
1.94026 4.72014
1.92075 6.06541
1.91562 5.58775
1.91127 5.94304
1.9006 6.87286
1.89064 6.71249
1.8793 6.06136
1.85667 5.41395
1.84797 4.91538
1.84551 4.39767
1.78739 4.7376
1.73271 6.33474
1.72699 7.00544
1.68048 5.78451
1.6755 5.10571
1.65665 7.25567
1.63214 6.45024
1.62974 7.14588
1.62113 6.61375
1.61216 5.30621
1.60438 6.67691
1.57885 7.69213
1.57623 5.06265
1.54111 5.49573
1.51768 5.78631
1.51353 7.54095
1.51161 5.19113
1.48869 5.49162
1.44237 4.74712
1.43995 5.881
1.42168 6.70049
1.39701 6.9593
1.39117 5.42812
1.35797 7.13384
1.33905 6.774
1.32635 5.23282
1.32235 6.21037
1.32132 5.05935
1.27768 5.97843
1.27661 6.86675
1.26356 6.88191
1.25848 6.16105
1.24224 6.94423
1.2251 5.61035
1.18065 7.98185
1.15404 7.01393
1.1489 7.52585
1.1391 6.4089
1.13787 6.07341
1.13488 6.20349
1.10409 6.25281
1.09816 5.81396
1.07833 7.09135
1.07682 7.97171
1.04465 6.13698
1.03673 6.94399
1.03585 6.06781
1.0217 6.76036
1.01679 5.78021
1.01667 8.34625
1.00188 7.1722
1.00051 5.60631
0.986994 5.98089
0.984291 6.62383
0.980901 6.57288
0.976444 8.01861
0.961215 6.0712
0.950019 5.38114
0.94706 5.38855
0.933118 6.36821
0.923297 6.9536
0.912394 5.95071
0.889701 6.77933
0.877244 8.01417
0.863419 7.44384
0.850666 6.70503
0.834318 6.8342
0.833488 7.87892
0.815328 6.4091
0.789117 5.82008
0.768804 8.48686
0.761124 7.69848
0.751085 5.68715
0.742803 9.31806
0.740064 5.48816
0.736101 6.75862
0.729781 7.16132
0.6878 5.68898
0.681898 5.66901
0.680814 8.92785
0.669521 6.08706
0.664651 6.01541
0.658901 7.41333
0.647106 7.12937
0.644029 8.18718
0.634954 9.51886
0.613533 8.5529
0.603428 9.11013
0.595052 6.8511
0.59017 8.78339
0.588805 7.86538
0.587967 5.77172
0.578286 8.70683
0.56534 7.84039
0.559926 7.76501
0.559152 6.89535
0.558666 7.77212
0.557968 7.50665
0.555803 7.48628
0.551586 6.52557
0.550552 6.0765
0.54984 6.77089
0.547347 5.95106
0.532094 8.64615
0.520158 6.05127
0.505811 9.33851
0.495632 8.18576
0.49305 7.79131
0.475525 6.66335
0.472102 6.14198
0.466983 9.65415
0.450263 8.76096
0.446089 8.90958
0.441616 6.95874
0.441253 6.79772
0.438647 7.08676
0.427564 6.78527
0.425703 8.09496
0.425476 9.57197
0.425258 6.55392
0.414596 7.9084
0.413309 7.35101
0.410128 7.83668
0.407368 7.15642
0.402076 9.16947
0.401765 6.86885
0.400091 9.65551
0.386505 6.28952
0.378751 8.96151
0.367227 9.67721
0.353147 8.3398
0.337248 7.5566
0.333607 7.53934
0.318221 9.96285
0.29733 6.36514
0.293032 9.40833
0.28974 9.36056
0.28535 6.5302
0.260085 6.90685
0.256921 7.32939
0.256821 6.83914
0.254154 7.91389
0.24904 9.67407
0.248478 7.99314
0.242156 7.62013
0.237071 6.66225
0.235657 8.76924
0.232617 9.3255
0.220107 7.67398
0.207219 7.87838
0.207145 9.16152
0.199654 9.82558
0.18958 9.68175
0.184555 8.60518
0.184166 8.45696
0.180382 9.58062
0.176767 8.40074
0.174755 8.08443
0.172176 9.85656
0.170536 8.66908
0.160405 10.0861
0.16032 9.64957
0.159113 8.15945
0.154052 7.12295
0.146344 10.4122
0.143495 7.60491
0.140602 7.19307
0.118685 7.78137
0.104819 8.93249
0.104611 9.42437
0.103143 7.28895
0.096109 7.32658
0.0944553 6.9852
0.093209 9.13636
0.0915629 7.83186
0.0879087 7.91481
0.0826256 9.23302
0.0759284 8.70342
0.0750821 7.29082
0.0729866 7.70708
0.0696095 9.97618
0.0636947 11.1866
0.062439 7.85976
0.0571934 7.67692
0.0498946 10.8959
0.0470494 7.75236
0.0422537 8.02732
0.0404024 7.50979
0.0388492 8.7709
0.0371189 10.5623
0.0285231 10.1129
0.0247981 8.21294
0.0242489 9.86729
0.02192 7.47371
0.0218296 9.42863
0.0205972 7.57201
0.0188461 7.86185
0.01809 9.98062
0.0166727 9.2753
0.0145587 10.2978
0.0143472 10.6393
0.0131595 9.25773
0.0131572 11.6867
0.0118101 8.75416
0.01092 8.25454
0.00891482 10.8411
0.00839467 10.1373
0.00811522 11.0812
0.00781982 10.404
0.00698091 10.4148
0.00524294 10.6021
0.0047074 11.3929
0.00251728 7.64525
0.0019294 8.42229
0.0019174 12.1959
0.00133272 10.2853
0.00117704 10.3548
0 0 0 0 1 
0 0 0 1 0 
1 0 0 0 0 
0 0 1 0 0 
0 0 1 0 0 
0 1 0 0 0 
0 0 0.387534 0 0.612466 
0 0 1 0 0 
1 0 0 0 0 
0 0 1 0 0 
0 0 0 0 1 
0.576661 0 0.423339 0 0 
1 0 0 0 0 
0 0 0.577795 0.422205 0 
0 0 0 0 1 
1 0 0 0 0 
0 1 0 0 0 
0 0 0 1 0 
0 0.599116 0 0 0.400884 
0 1 0 0 0 
1 0 0 0 0 
1 0 0 0 0 
0 0 0 1 0 
0 0 1 0 0 
0 1 0 0 0 
0 0.404752 0 0.595247 0 
0 0 0 0 1 
0 0 0 0.454356 0.545644 
0 0.381444 0 0.1836 0.434955 
0 1 0 0 0 
0 0 1 0 0 
0 0 1 0 0 
1 0 0 0 0 
0 1 0 0 0 
0 0 1 0 0 
0 0 1 0 0 
0 1 0 0 0 
0 1 0 0 0 
1 0 0 0 0 
1 0 0 0 0 
0 0 0 1 0 
0 0 0.547001 0.452999 0 
0 1 0 0 0 
0 0 1 0 0 
0 0 0 0 1 
0 0 0 1 0 
1 0 0 0 0 
0 1 0 0 0 
0 0 0 1 0 
0 0 0 1 0 
0 1 0 0 0 
0 0 0.358986 0 0.641014 
0 0 0 1 0 
0 0 0 0 1 
0 0 0 0 1 
0 0 0 0 1 
0 1 0 0 0 
0 1 0 0 0 
1 0 0 0 0 
0 0 1 0 0 
0 0.607905 0.392095 0 0 
0 0 1 0 0 
0 0 0 1 0 
0 0 0 0 1 
0 0 1 0 0 
0 0 1 0 0 
0 0 0 1 0 
0 0 1 0 0 
0 0 1 0 0 
1 0 0 0 0 
1 0 0 0 0 
1 0 0 0 0 
0.726018 0 0.273982 0 0 
0 0 0 0 1 
1 0 0 0 0 
0 0 1 0 0 
0.876402 0 0 0 0.123598 
0.45425 0 0.54575 0 0 
0 0 0 1 0 
0 0 0 1 0 
0 0 1 0 0 
0 0 0.755874 0 0.244126 
0 1 0 0 0 
0 0 1 0 0 
0 0 0 1 0 
1 0 0 0 0 
0 0 1 0 0 
0 1 0 0 0 
0 0 1 0 0 
0 0 0 1 0 
0 0 0 0 1 
0.790232 0 0.209768 0 0 
0 1 0 0 0 
0 1 0 0 0 
1 0 0 0 0 
0 1 0 0 0 
0 1 0 0 0 
0 0 0 0 1 
0 0.608362 0 0.391638 0 
0 1 0 0 0 
0 0 0 0 1 
0 1 0 0 0 
0 0 0 1 0 
0 0 0 1 0 
1 0 0 0 0 
0 0 0 0 1 
0.86693 0 0 0.13307 0 
0 0 0 1 0 
0 1 0 0 0 
0 0 0 0 1 
1 0 0 0 0 
1 0 0 0 0 
0 1 0 0 0 
0 0 0 0 1 
0 0.728949 0.271051 0 0 
0 1 0 0 0 
0 0 0 1 0 
0 0 0 0.56562 0.43438 
0 1 0 0 0 
0 0 0 0 1 
0.452651 0 0 0.547349 0 
0 1 0 0 0 
0 0 0 1 0 
0 0 1 0 0 
0 0 0 0 1 
0 0 1 0 0 
0 0 0 1 0 
0 1 0 0 0 
0 0 1 0 0 
0 0 0 0 1 
0 0 1 0 0 
0 1 0 0 0 
0 0 0 0 1 
0 0 0 1 0 
0 0 0 0 1 
0 0 1 0 0 
0 1 0 0 0 
0 0 0 1 0 
0 0 0 1 0 
0 0 0 0 1 
0 0 0.413968 0 0.586032 
0.515586 0 0 0.484414 0 
0 0 0 0 1 
1 0 0 0 0 
0.214404 0.785596 0 0 0 
0 1 0 0 0 
0 0 1 0 0 
0 0 0 1 0 
1 0 0 0 0 
0 0 0 1 0 
0 0 0 0 1 
0 0 0 0 1 
0 0 0 0 1 
0.472616 0 0.527383 0 0 
0 0 0 1 0 
0 0.525713 0 0 0.474287 
0.171718 0.828282 0 0 0 
0 0 1 0 0 
0 0 0.536333 0 0.463667 
0 0 0 1 0 
0 0 0 0 1 
0 0 1 0 0 
0 0 0 1 0 
0 0 0 1 0 
0 0 1 0 0 
0 0 0 0 1 
0 0 0 1 0 
0 1 0 0 0 
0 1 0 0 0 
0 1 0 0 0 
0 1 0 0 0 
0 0 1 0 0 
0 0 1 0 0 
0 0 0 0 1 
0 0.473879 0 0.388866 0.137255 
1 0 0 0 0 
0 0 1 0 0 
0 0 0 1 0 
0 0 0 1 0 
0 1 0 0 0 
0.671515 0 0 0.328485 0 
0 1 0 0 0 
0 0 0 0 1 
1 0 0 0 0 
1 0 0 0 0 
0 1 0 0 0 
0 0 0 0 1 
1 0 0 0 0 
0 0 0 1 0 
0 0 1 0 0 
0 0 1 0 0 
0 0 0 0 1 
0 1 0 0 0 
0 0 1 0 0 
0 0 0 0 1 
1 0 0 0 0 
0 0 0 0 1 
1 0 0 0 0 
0 1 0 0 0 
0 0 0 0 1 
0 0 1 0 0 
0 0 0 0 1 
0.541834 0 0.458166 0 0 
0 0 0 1 0 
1 0 0 0 0 
0 1 0 0 0 
1 0 0 0 0 
0 0.440722 0 0 0.559278 
0 0 0 1 0 
0 1 0 0 0 
0 1 0 0 0 
0 0.851446 0.148554 0 0 
0 0 0.507553 0 0.492447 
0 0 0 1 0 
0 0 0 0 1 
0 0 0 1 0 
0 0 0 0 1 
0 0 0.458134 0.541866 0 
0 0 0 1 0 
0 0 0 1 0 
0 0 0 1 0 
0 0 0 1 0 
1 0 0 0 0 
0.459601 0.540399 0 0 0 
1 0 0 0 0 
0 0 1 0 0 
0 0 0.463145 0 0.536855 
0 0 1 0 0 
0 0 0 1 0 
1 0 0 0 0 
0 0 0 1 0 
0 0 0 0 1 
0 0 1 0 0 
0 0 1 0 0 
0 0 0 0 1 
0.595815 0 0 0 0.404185 
0.542999 0 0.457001 0 0 
0 1 0 0 0 
0 0 1 0 0 
1 0 0 0 0 
0 0 0 1 0 
0 0 0 0 1 
0 0 1 0 0 
0 0 1 0 0 
0 0 1 0 0 
0 0 1 0 0 
0.441479 0.558521 0 0 0 
0.532549 0 0 0 0.467451 
0 0 0 0 1 
0.482515 0 0 0 0.517485 
0 0 0 0.567574 0.432426 
0 0 1 0 0 
1 0 0 0 0 
0 1 0 0 0 
0 0.341474 0 0 0.658526 
0 1 0 0 0 
0 0 0 1 0 
1 0 0 0 0 
0 0 1 0 0 
0.754651 0.245349 0 0 0 
1 0 0 0 0 
0 0 1 0 0 
1 0 0 0 0 
1 0 0 0 0 
0 0 0 0 1 
1 0 0 0 0 
0 1 0 0 0 
0 0 0 1 0 
1 0 0 0 0 
0.876079 0 0 0 0.123921 
1 0 0 0 0 
0 0.261315 0 0.738685 0 
0 1 0 0 0 
1 0 0 0 0 
0 1 0 0 0 
0.356391 0.643609 0 0 0 
1 0 0 0 0 
0 0 0 0 1 
0 0 0 0 1 
0 0 1 0 0 
0 1 0 0 0 
0 0 0 1 0 
1 0 0 0 0 
0 0 0 0 1 
0 0.862575 0 0 0.137425 
0 1 0 0 0 
1 0 0 0 0 
0 0 1 0 0 
0 0 1 0 0 
0 1 0 0 0 
0 0 0 0 1 
0 0.225124 0 0.774876 0 
0 0 0 0 1 
0.4423 0 0.5577 0 0 
0 1 0 0 0 
0.277287 0 0 0 0.722713 
0.319483 0 0.411388 0.269129 0 
1 0 0 0 0 
0 0 0 0 1 
0 0.442987 0 0 0.557012 
0 0 0 0 1 
0 0 0 0 1 
0 0 0 0 1 
0 1 0 0 0 
0 0 0 0 1 
0 1 0 0 0 
0.79464 0 0.20536 0 0 
0.409333 0 0.590667 0 0 
0 0 0 0.544346 0.455654 
0 0 0 0 1 
0 0 0 0 1 
0 0 0 1 0 
0 0.431467 0.568533 0 0 
1 0 0 0 0 
0 0 0 1 0 
0 0 1 0 0 
0 0 0 0 1 
0 0.471644 0.528356 0 0 
0 0.223483 0 0 0.776517 
0.891915 0 0 0.108085 0 
0 0 0.39254 0.24568 0.36178 
0 0 0 0 1 
0.376184 0 0 0 0.623816 
0 0 0 0 1 
0 0 0 1 0 
1 0 0 0 0 
0 0 1 0 0 
1 0 0 0 0 
0 0 1 0 0 
0.663093 0 0 0 0.336907 
1 0 0 0 0 
0 0 0 1 0 
0 0 0 0 1 
0 0 0 1 0 
0.90143 0.0985701 0 0 0 
0 0 1 0 0 
0 0 1 0 0 
0 0 0 0.363572 0.636428 
0 1 0 0 0 
0 0 1 0 0 
0 1 0 0 0 
0 0 0 1 0 
0 1 0 0 0 
0 1 0 0 0 
0 0 0 0 1 
0.554132 0 0 0.445868 0 
0 0 0 1 0 
0 0 0 1 0 
1 0 0 0 0 
0 0 0.635473 0 0.364527 
0 0 0.409911 0.590089 0 
1 0 0 0 0 
0.47267 0 0.52733 0 0 
0 1 0 0 0 
0 1 0 0 0 
0 0 0 0 1 
0 0 1 0 0 
0.546506 0 0 0.453494 0 
0 1 0 0 0 
0 0 0 1 0 
0 0 0 0 1 
0 0 0 0 1 
0 0 1 0 0 
0.367871 0.632129 0 0 0 
0 1 0 0 0 
0 0.417694 0.127984 0 0.454322 
0 0 0 1 0 
0 0 0 1 0 
0 0 0 1 0 
1 0 0 0 0 
0 0 0 0 1 
0 0 1 0 0 
0 0 1 0 0 
1 0 0 0 0 
1 0 0 0 0 
1 0 0 0 0 
0 0 1 0 0 
0 0 1 0 0 
0 0 0 0 1 
0 0.723849 0 0.276151 0 
0 0 0 1 0 
0 0 0 0 1 
0 0 1 0 0 
0 0 0 1 0 
0 0 1 0 0 
1 0 0 0 0 
0 0 0 1 0 
0 0 0 1 0 
1 0 0 0 0 
1 0 0 0 0 
0 0 0 1 0 
1 0 0 0 0 
0 1 0 0 0 
0 1 0 0 0 
0 0 1 0 0 
0.665565 0.334435 0 0 0 
0 0 1 0 0 
0 0 0 1 0 
0 0 0 1 0 
0.7192 0 0 0.2808 0 
1 0 0 0 0 
0 0 0 1 0 
0 0 0 0 1 
0 0 0 0 1 
0 0 1 0 0 
0 1 0 0 0 
0 1 0 0 0 
0 0 1 0 0 
0 0 0 0 1 
0 0 0.439297 0 0.560703 
0 0 0.533513 0.466487 0 
0 0 0 1 0 
0 0 0 0.499414 0.500586 
0.411038 0 0 0.588962 0 
0.577256 0 0 0.422744 0 
0 0 0 1 0 
0 0 0 1 0 
0 1 0 0 0 
0 0 0 0 1 
0 0 1 0 0 
0 1 0 0 0 
0 0 1 0 0 
1 0 0 0 0 
1 0 0 0 0 
0 0 0 0.723946 0.276054 
0 0 1 0 0 
0 1 0 0 0 
0 0 0 1 0 
0 0 0.600532 0.399468 0 
0 0 0 1 0 
0.602893 0 0 0 0.397107 
0 0 0 0 1 
0 0 0 1 0 
0 0.771868 0 0 0.228132 
0 0 1 0 0 
0 0 0 0 1 
0 0 0 1 0 
0 1 0 0 0 
0 1 0 0 0 
0 0 0 1 0 
0 0 0 0 1 
0 0 0 1 0 
0 1 0 0 0 
0 1 0 0 0 
0 0 1 0 0 
0 0.433051 0 0 0.566949 
0 1 0 0 0 
0 1 0 0 0 
0 0 0.441292 0 0.558708 
0.654442 0 0 0.345558 0 
0 0 1 0 0 
0 1 0 0 0 
1 0 0 0 0 
0 0 0 0 1 
0 0 0 0 1 
0 0 1 0 0 
0 0 0 1 0 
0.524895 0 0 0 0.475105 
0 0 0 0 1 
0 0 0 0 1 
0 1 0 0 0 
0 0 0 0 1 
0 0.597088 0 0 0.402912 
0 0 0 0 1 
0 0.244357 0 0 0.755643 
0 0 0 1 0 
0 1 0 0 0 
0 0 0 1 0 
0 0 1 0 0 
0 0 0 0 1 
1 0 0 0 0 
0 1 0 0 0 
0 0 0 1 0 
0 0 0 0 1 
0 0.41317 0 0.58683 0 
0 0 0 1 0 
0 0 1 0 0 
0 0 0 1 0 
0 0 0 0 1 
1 0 0 0 0 
0 1 0 0 0 
0 1 0 0 0 
0 0 0 0 1 
0 0 0 0 1 
0 0 0.343188 0.432562 0.22425 
0 0 0 1 0 
0.459628 0 0 0.540372 0 
0 0 0.474719 0.525281 0 
0 1 0 0 0 
0 1 0 0 0 
0 0 1 0 0 
1 0 0 0 0 
0 0 0 1 0 
0 0 0 1 0 
0 1 0 0 0 
0 1 0 0 0 
0 0 0 0 1 
1 0 0 0 0 
0 0 0 1 0 
1 0 0 0 0 
