5 300
0.513495
0.648795
0.406292
0.291842
0.680422
10.9856 0.185165
10.5081 0.685374
10.1847 0.750374
10.062 0.268387
9.96881 0.564572
9.87401 0.403835
9.76045 1.24984
9.55423 1.25278
9.45781 0.403345
9.20412 1.2739
9.15216 0.280922
9.14324 0.704396
9.06893 1.45652
9.03248 0.182857
8.98382 1.18233
8.80018 1.63626
8.59931 1.30465
8.57476 0.975071
8.50286 0.828395
8.44764 1.01835
8.44073 1.28187
8.40873 0.854829
8.36157 0.626273
8.23195 0.732313
8.12036 1.67637
8.08699 0.148726
7.98243 1.59843
7.86643 1.5835
7.86253 1.44037
7.81751 1.34697
7.79659 0.372699
7.77934 0.144179
7.77623 2.31848
7.75909 2.17443
7.70893 0.125908
7.68763 2.46694
7.6324 0.747461
7.61585 1.60207
7.52092 1.44507
7.46742 1.34836
7.44265 0.816041
7.42677 1.37125
7.41898 0.550104
7.41784 0.89936
7.3759 0.961869
7.26116 0.641416
7.24044 2.68186
7.15213 0.315434
7.12745 0.731445
7.10709 2.72326
7.01425 0.936189
6.94113 2.68521
6.9227 2.7012
6.87887 0.81446
6.84074 3.05509
6.82179 1.81001
6.73517 1.50743
6.65493 1.17538
6.54216 0.89795
6.24675 1.52928
6.20098 1.90269
6.1628 3.70658
6.08288 1.01362
6.03351 2.22066
5.98712 0.989727
5.95362 3.13458
5.94544 2.66654
5.93757 2.14894
5.92311 2.6083
5.86468 1.52929
5.80968 3.17818
5.80327 1.49411
5.7061 2.74275
5.66271 3.39309
5.62754 1.30552
5.5344 2.95176
5.44394 3.25201
5.42277 3.04138
5.39375 1.68394
5.27597 3.0985
5.21761 3.44978
5.1884 1.7691
5.17515 3.41759
5.09739 2.57026
4.98204 3.56188
4.95107 3.74572
4.88251 3.20968
4.87804 3.6277
4.80578 2.271
4.78686 4.67386
4.77408 4.11186
4.63017 3.04858
4.629 4.14419
4.56729 2.62616
4.51197 4.02685
4.45968 2.39306
4.42944 2.75395
4.37878 3.09216
4.30487 3.14483
4.27154 3.5435
4.21726 2.57554
4.2164 3.3491
4.17202 3.01938
4.1701 4.06563
4.14203 3.67595
4.05773 4.04287
3.96658 5.32717
3.95507 3.59558
3.89674 2.78782
3.86306 3.73513
3.84886 4.3686
3.83471 2.88062
3.82051 3.06464
3.76923 3.28941
3.76391 4.70173
3.75257 2.64789
3.7434 4.64917
3.55043 3.34885
3.5017 3.25434
3.4079 3.87603
3.39693 4.00784
3.30134 4.64931
3.23281 5.11786
3.23139 4.16444
3.1948 4.4463
3.17791 4.21047
3.14408 3.48863
3.11431 4.67917
3.11362 5.31673
3.10955 4.34326
3.07142 4.55063
3.05772 4.09715
3.02247 5.11046
3.02092 5.00267
3.01901 3.74366
2.93591 4.37588
2.91397 3.55947
2.88826 3.92981
2.88773 5.17127
2.88645 5.9338
2.85583 3.4617
2.84397 5.3372
2.83979 4.32564
2.81163 4.46081
2.79328 4.04719
2.7373 5.17257
2.7224 3.77411
2.72147 5.92516
2.70805 4.7884
2.60786 4.62902
2.57368 5.50544
2.52484 4.21503
2.52128 4.43926
2.50026 5.155
2.46672 4.3667
2.46668 4.39421
2.45837 5.37285
2.4306 4.52328
2.40654 5.42407
2.39128 4.41207
2.37464 6.15075
2.35875 5.60434
2.25283 6.20872
2.1588 5.28164
2.15356 4.39024
2.07282 6.87816
2.04235 5.83376
1.99284 5.17248
1.98432 6.20021
1.93208 6.54395
1.91348 4.43693
1.88516 6.16492
1.88222 5.18049
1.87865 4.75963
1.86335 5.34397
1.81222 6.68383
1.773 5.818
1.76267 6.72129
1.74487 5.72417
1.71199 4.84557
1.67947 6.59515
1.67712 6.96537
1.64972 5.34773
1.56973 5.49818
1.4817 4.76279
1.46601 5.67189
1.44754 5.78406
1.43836 7.23307
1.43212 5.4345
1.39634 6.32422
1.38237 6.98212
1.35443 7.58884
1.35023 5.17545
1.34952 7.47609
1.33182 4.98675
1.32616 6.15176
1.31812 5.19976
1.2974 5.35094
1.29109 5.85526
1.28918 7.42712
1.23587 8.05834
1.20067 6.88782
1.16544 7.40955
1.13652 7.23852
1.11745 7.40539
1.11302 7.39649
1.10152 7.99344
1.00548 8.7689
0.992065 8.3908
0.974719 7.08078
0.948969 6.77061
0.90741 7.11042
0.877977 5.77256
0.847158 7.88645
0.843324 6.99177
0.760611 7.11033
0.748384 7.85055
0.69077 6.41831
0.680425 8.02706
0.674838 9.36071
0.665671 9.04678
0.66165 8.39563
0.654638 6.59359
0.649135 6.99804
0.643055 8.01068
0.641746 7.53642
0.625712 6.65814
0.616122 5.93629
0.583317 6.69585
0.563211 8.74224
0.543075 6.13665
0.533234 7.42942
0.532979 5.96241
0.519375 6.08529
0.510605 5.66226
0.504389 9.51454
0.486503 6.46032
0.467082 9.72398
0.446544 8.22839
0.444527 8.33367
0.442897 9.03996
0.423202 9.31648
0.406616 8.42114
0.399879 8.2841
0.399669 9.81195
0.398283 7.6044
0.390513 10.0539
0.376744 9.46211
0.362298 8.12893
0.321095 7.40186
0.258693 9.56982
0.231525 6.30267
0.198898 10.3311
0.184934 9.26423
0.180281 9.60314
0.177503 10.0828
0.177233 9.75756
0.176219 10.5861
0.15407 10.7608
0.148104 10.3108
0.133452 7.47136
0.129774 8.1617
0.126617 7.54855
0.112511 8.24965
0.111938 7.90868
0.110778 10.7324
0.102805 8.88657
0.102652 7.29914
0.0980269 9.48454
0.0939984 8.68295
0.0920208 9.80397
0.0912746 10.9921
0.0870328 10.9475
0.0702046 10.7839
0.0664391 11.1899
0.0599163 10.9163
0.0554535 10.9761
0.0550744 11.4787
0.0446876 11.1738
0.041599 9.45374
0.0369381 9.08065
0.0276691 11.4595
0.0270057 7.14796
0.0262916 9.55669
0.0205487 7.54924
0.0163978 9.18852
0.0130022 7.63227
0.0129397 11.5543
0.0121525 10.4577
0.0116778 7.43084
0.0115595 11.2081
0.0105866 7.60474
0.0102759 7.42583
0.0078527 8.08051
0.0048347 9.5032
0.00433656 10.4355
0.0037657 8.10872
0.00294648 12.1772
0.00265232 11.7712
0.00218563 11.1197
0 1 0 0 0 
0 1 0 0 0 
0.262079 0 0 0 0.737921 
0.692908 0 0 0 0.307092 
0 0.276319 0 0 0.723681 
0 1 0 0 0 
0 0 0 0 1 
0.326212 0.673788 0 0 0 
0 0 0.335507 0 0.664493 
0 1 0 0 0 
0 0.316664 0 0 0.683336 
0 0 1 0 0 
0 0.512631 0.487369 0 0 
0 1 0 0 0 
0 0 0.319253 0 0.680747 
0 0 0 1 0 
0 0.233508 0 0.766492 0 
0 0 1 0 0 
1 0 0 0 0 
0 0 1 0 0 
0 1 0 0 0 
0 0 0.291014 0.708986 0 
0 1 0 0 0 
0.275157 0 0.724843 0 0 
0 0 0 1 0 
0 0 1 0 0 
1 0 0 0 0 
0 0 0 0 1 
0 0 0.211439 0.788561 0 
1 0 0 0 0 
0 0 0.21274 0 0.78726 
0 1 0 0 0 
0 0 0 0 1 
0 0.819636 0.180364 0 0 
1 0 0 0 0 
0 0 1 0 0 
0 0 0 0 1 
0 0 1 0 0 
0.666871 0 0.333129 0 0 
0 0 0 0 1 
1 0 0 0 0 
0.344454 0 0 0.655546 0 
0 0 1 0 0 
0.479969 0 0 0.520031 0 
0.620985 0 0.379015 0 0 
1 0 0 0 0 
0 0 0 1 0 
1 0 0 0 0 
0 1 0 0 0 
0 0 0 1 0 
0 0 0 1 0 
0 0 0 1 0 
0 1 0 0 0 
0 0.575388 0 0.424612 0 
0 1 0 0 0 
0 0 0 1 0 
1 0 0 0 0 
0 0.594161 0 0.405839 0 
0 0 0 0 1 
0 0.252421 0.747579 0 0 
1 0 0 0 0 
0 0 0 0 1 
0 0 0 1 0 
0 1 0 0 0 
0 0 0 0.508149 0.491851 
0 1 0 0 0 
0 1 0 0 0 
0 0 0 0 1 
0 1 0 0 0 
0 1 0 0 0 
0 1 0 0 0 
1 0 0 0 0 
0 0 0.270713 0 0.729287 
0 0 0 0 1 
0 0 0 0 1 
0 0 0 1 0 
0 0 1 0 0 
0 0 1 0 0 
0 0 0 0.195335 0.804665 
0 1 0 0 0 
1 0 0 0 0 
1 0 0 0 0 
0 0 0.459543 0.540457 0 
0 0 0.399732 0 0.600268 
0 0 0 1 0 
0 0 1 0 0 
0 1 0 0 0 
0 1 0 0 0 
1 0 0 0 0 
0 0 0 0.173425 0.826575 
0 1 0 0 0 
0 0 0 0 1 
0 0 1 0 0 
0 0 0 0 1 
0 1 0 0 0 
0 0 0 0 1 
0 0 0 0 1 
0 0 0 1 0 
0.489673 0 0 0 0.510327 
0 0 1 0 0 
0.364669 0 0 0.635331 0 
0 0 1 0 0 
0 0 1 0 0 
1 0 0 0 0 
0 0 0 0 1 
0 0 0 1 0 
0 0 0 1 0 
0 0 0 0 1 
0 0 0 0 1 
0 0 1 0 0 
0 1 0 0 0 
0 0 1 0 0 
0 1 0 0 0 
0 0 1 0 0 
0 0 0 0 1 
0 0 0 0 1 
0 0 0 0 1 
0 0 0 1 0 
0 1 0 0 0 
0 0 0 0 1 
0 0 0 1 0 
0 0 1 0 0 
0.391249 0 0 0 0.608751 
0.199691 0 0.800309 0 0 
0 1 0 0 0 
1 0 0 0 0 
0 0 1 0 0 
0.166306 0 0 0.833694 0 
0 0 0 0 1 
1 0 0 0 0 
0 1 0 0 0 
0 0 1 0 0 
0 0 1 0 0 
0 0 1 0 0 
0 0 0 0 1 
0 0 0 1 0 
1 0 0 0 0 
1 0 0 0 0 
0 0 1 0 0 
1 0 0 0 0 
0 0 0 1 0 
0 0 1 0 0 
0 0 0 0 1 
1 0 0 0 0 
0 0 1 0 0 
0 0 0 0 1 
0 1 0 0 0 
0 0 0 0 1 
0 0.637334 0.362666 0 0 
0 1 0 0 0 
0 0 0 0 1 
1 0 0 0 0 
0 1 0 0 0 
1 0 0 0 0 
0 0 0 0 1 
0 0 0 0 1 
0 0 1 0 0 
0 0 0 1 0 
0 0 1 0 0 
0 1 0 0 0 
0 0 0 0 1 
0 0 1 0 0 
0 0 1 0 0 
0 0 0 1 0 
0 0 0 1 0 
0 0 1 0 0 
1 0 0 0 0 
0 0 1 0 0 
0 0 0 1 0 
0 1 0 0 0 
0 0 0 1 0 
0.1754 0 0 0 0.8246 
0 1 0 0 0 
0 0 1 0 0 
0 0 1 0 0 
0 0.403259 0 0 0.596741 
1 0 0 0 0 
0 0 0.600946 0 0.399054 
0 0 0 0 1 
0 0 0 1 0 
0 0 1 0 0 
1 0 0 0 0 
0 0 0 1 0 
0 0 0 0 1 
1 0 0 0 0 
0.639583 0.360417 0 0 0 
0 1 0 0 0 
0 0 0 0 1 
0 0.614171 0 0 0.385829 
0 0 1 0 0 
0 1 0 0 0 
0 0 0 0 1 
0 0 0 0.471709 0.528291 
0 0 0 0.468742 0.531258 
0.226969 0 0 0 0.773031 
1 0 0 0 0 
0 0 0 1 0 
0 0 0 0 1 
0 0 0 0 1 
0 0 0.504861 0 0.495138 
1 0 0 0 0 
0 0 0 1 0 
0 0 0 0 1 
0 0 0 0 1 
1 0 0 0 0 
0 1 0 0 0 
0 0 0.844484 0 0.155516 
0 0 1 0 0 
0 0 1 0 0 
0 1 0 0 0 
0 0 0 0 1 
0 0 1 0 0 
0 0 0 0 1 
0 0 0 1 0 
1 0 0 0 0 
0 0 1 0 0 
0 0 1 0 0 
0.64966 0 0.35034 0 0 
0 0 0 0 1 
0 1 0 0 0 
0 0 0 0 1 
0 1 0 0 0 
0 0 1 0 0 
0 0 0.787758 0 0.212243 
0.446975 0.0571308 0 0.495894 0 
1 0 0 0 0 
0 1 0 0 0 
0 0.24725 0.75275 0 0 
1 0 0 0 0 
0 0 0 0.628624 0.371376 
0 0 0 1 0 
0 0 1 0 0 
0 0 0 1 0 
0 0 1 0 0 
1 0 0 0 0 
0 0 1 0 0 
0.787353 0 0 0 0.212647 
0 0 0 1 0 
0 0 1 0 0 
0 0 1 0 0 
0 0 0 0 1 
0 0 1 0 0 
0 0.468778 0 0 0.531222 
0 0 1 0 0 
0 0 0 0 1 
0 0 0 0.761846 0.238154 
0.686864 0 0 0.313136 0 
0 0 0 1 0 
0 0 0 0 1 
0 0 0 0 1 
0 0 0 0 1 
1 0 0 0 0 
0 0 0 0 1 
0 0 0 1 0 
0 0 0 0 1 
0 0 0 0 1 
0 0.547216 0 0.452784 0 
0 1 0 0 0 
0.508572 0 0.491428 0 0 
0 0.541806 0 0.458194 0 
1 0 0 0 0 
0 0 1 0 0 
0.329841 0 0 0.670159 0 
1 0 0 0 0 
0 1 0 0 0 
0 0 0 0 1 
1 0 0 0 0 
0 0.260949 0 0.739051 0 
0 0 0 0 1 
0.358057 0 0.641943 0 0 
1 0 0 0 0 
0 0 0 1 0 
0 0 0 0 1 
0 0 0 1 0 
0 0 0 1 0 
1 0 0 0 0 
1 0 0 0 0 
0 1 0 0 0 
0 0 0 1 0 
1 0 0 0 0 
0 1 0 0 0 
0 0 1 0 0 
0 0 0 0 1 
0 0 1 0 0 
0 0 0 1 0 
0 0 1 0 0 
0 0 0 1 0 
0 0.431696 0.568304 0 0 
1 0 0 0 0 
0 0 0 1 0 
0 1 0 0 0 
0 1 0 0 0 
0 1 0 0 0 
0 0 1 0 0 
1 0 0 0 0 
0 1 0 0 0 
0 0 1 0 0 
0 0 0 1 0 
0 0 1 0 0 
1 0 0 0 0 
