10 50
0.446194
0.615585
0.502831
0.455519
0.357016
0.344626
0.659329
0.458899
0.426797
0.477006
10.1547 0.514065
10.0991 0.220584
9.75748 0.417243
9.67721 0.363995
8.36973 0.653364
7.90231 0.119371
7.88507 1.00544
7.09534 1.57908
7.08501 1.06987
6.63322 1.89717
6.48932 1.06714
5.96593 2.32169
4.88133 3.33048
3.95901 3.39122
3.53525 4.94063
3.32714 3.44572
3.23814 3.22892
3.13313 3.96108
3.06149 4.85889
2.90206 5.21142
2.87684 4.33039
2.78931 4.93223
2.688 5.13722
2.62373 6.06648
2.51788 3.88536
2.02188 6.03728
1.92491 6.06341
1.72812 7.07564
1.68861 6.6565
1.43909 7.50297
1.29922 6.8747
1.26522 6.144
1.11309 6.18525
1.00138 5.91581
0.60989 8.54446
0.588115 7.30326
0.512863 9.64729
0.500558 8.5632
0.500367 6.28798
0.379435 6.5816
0.311705 7.07363
0.215605 8.67951
0.17445 9.59607
0.13897 8.59704
0.137671 10.9168
0.0944767 11.0296
0.0881624 8.89597
0.0803968 7.06255
0.00588324 8.51771
0.00204918 9.05087
0 0 0 0 1 0 0 0 0 0 
0 0 0 0 0 0 0.666635 0 0 0.333365 
1 0 0 0 0 0 0 0 0 0 
0 0 0 0 1 0 0 0 0 0 
0 0 1 0 0 0 0 0 0 0 
0 0 0 0 0 0 0 0 1 0 
0 0 0 1 0 0 0 0 0 0 
0 0 0 1 0 0 0 0 0 0 
0 0 0 1 0 0 0 0 0 0 
1 0 0 0 0 0 0 0 0 0 
0 0 0 0 0 0 0 1 0 0 
0 0 0 0 0 0 0 1 0 0 
0 0 0 0 0 1 0 0 0 0 
0 0 1 0 0 0 0 0 0 0 
1 0 0 0 0 0 0 0 0 0 
0 0.394929 0.179967 0 0 0 0 0.425104 0 0 
0 0 1 0 0 0 0 0 0 0 
0 0 0 0 0 0 0 1 0 0 
0 0 0 0.492234 0 0 0 0 0.507766 0 
0 0 0 0 0 0 0 0 0 1 
0 0 1 0 0 0 0 0 0 0 
0 0 0 0 0 0 0 0 1 0 
0 0 0 0 0 0 0 0 1 0 
0 0 0 0 0 1 0 0 0 0 
0 0 1 0 0 0 0 0 0 0 
0 0 0 0 0 0 0 0.626816 0.373184 0 
0 0 0 0 0 0 1 0 0 0 
1 0 0 0 0 0 0 0 0 0 
0 0 1 0 0 0 0 0 0 0 
0 0 0 0 0 0 1 0 0 0 
0 0 0 1 0 0 0 0 0 0 
0 0 0 0 0 0 0 0.59099 0.40901 0 
0 1 0 0 0 0 0 0 0 0 
1 0 0 0 0 0 0 0 0 0 
0 0 0 0 0 0 0 0 1 0 
0 1 0 0 0 0 0 0 0 0 
0 0 0 0 0 0 0 0 1 0 
0 0 0 0 0 0 0 1 0 0 
0 1 0 0 0 0 0 0 0 0 
0.581206 0 0 0 0 0 0 0 0 0.418794 
0 0 0 0 0 0 0.122172 0.26003 0.617798 0 
0 0 0 1 0 0 0 0 0 0 
0 0 1 0 0 0 0 0 0 0 
0 0 0 0 0 0 0 1 0 0 
0 0 0 0 0 0 0 0.343211 0 0.656789 
0 0 0 0 0 0 0 0 0 1 
0 0 0 0 0 0 0 1 0 0 
0 0 0 0 0 0 0 1 0 0 
0 0 0 1 0 0 0 0 0 0 
0 0 0 0 0 1 0 0 0 0 
