10 50
0.675051
0.708482
0.563068
0.371429
0.523363
0.601605
0.55662
0.344593
0.434396
0.473154
11.15 0.118175
8.62508 0.266312
8.3081 0.116273
8.18021 0.575884
7.20189 1.21878
6.86148 1.63274
6.57719 1.27441
6.28532 1.63018
5.64836 3.27823
5.58316 1.64652
5.34258 2.36435
5.297 1.88686
5.03799 3.984
5.02098 2.24281
4.61972 2.59433
4.36262 2.61898
4.32011 4.6331
4.1153 2.11949
4.06169 3.5939
3.65131 3.14188
2.91069 3.39113
2.28423 3.57015
1.75831 6.3514
1.55902 7.19628
1.47593 4.84763
1.34382 5.07087
1.19672 8.33242
0.984284 5.1495
0.944453 6.44611
0.899186 7.84399
0.752145 7.05541
0.672954 5.60832
0.585994 8.44694
0.525446 9.09407
0.414389 8.12074
0.368368 8.81834
0.18935 9.55046
0.152579 7.49706
0.144155 8.06778
0.0939029 10.6421
0.036756 10.999
0.0345963 7.48196
0.0315538 11.832
0.029623 7.7916
0.0217584 8.65488
0.01776 10.9693
0.0119291 8.95812
0.00481608 7.89704
0.00476625 11.3253
0.00475618 10.4218
0 0 0 0 0 0 1 0 0 0 
0 0 0 0 1 0 0 0 0 0 
0.709273 0 0 0 0 0 0 0 0.290727 0 
0.534729 0 0 0 0 0 0 0 0.465271 0 
0 0 0 0 0 0 1 0 0 0 
0 0 1 0 0 0 0 0 0 0 
1 0 0 0 0 0 0 0 0 0 
0 0 0 0 1 0 0 0 0 0 
0 0 0 0 0.544856 0 0 0 0.455144 0 
0 0 0 1 0 0 0 0 0 0 
0 0 0 0 0 0 0 0 0 1 
0 0 0 0 0 0 0 0 1 0 
0 0 0 0 0 0 0 0 1 0 
1 0 0 0 0 0 0 0 0 0 
0 1 0 0 0 0 0 0 0 0 
0 0 0 0 0 0 0 1 0 0 
0 0 1 0 0 0 0 0 0 0 
0 0 0 0 0 0 1 0 0 0 
0 0.27367 0 0 0 0 0.72633 0 0 0 
0 1 0 0 0 0 0 0 0 0 
0 0 0 0 1 0 0 0 0 0 
0 0 0 0 1 0 0 0 0 0 
0 0 0 0 0 0 0 0 1 0 
0 0 0 0.481184 0 0 0.518816 0 0 0 
0 0 0 0 0 0.304749 0 0.695251 0 0 
1 0 0 0 0 0 0 0 0 0 
0 0 0 0 0 0 0 1 0 0 
0.189823 0.40267 0 0.407507 0 0 0 0 0 0 
0 0 0 0 0 0 1 0 0 0 
0 0 0 1 0 0 0 0 0 0 
0 0 0 0 0 0 1 0 0 0 
0 0 0 0 0 0 1 0 0 0 
0 0 1 0 0 0 0 0 0 0 
0 1 0 0 0 0 0 0 0 0 
0 0 0 0 0 0 0 0 1 0 
0 1 0 0 0 0 0 0 0 0 
0 0 0 0 0 0 1 0 0 0 
0 0 0 0 0 0 0 1 0 0 
0 0 0 0 0 1 0 0 0 0 
0 0 0 0 0 0 1 0 0 0 
0 0 1 0 0 0 0 0 0 0 
0 0 0 0 0 0 0 0 0 1 
0 0 0 0 0 0 1 0 0 0 
0 0 0 0 0 0.655996 0.344004 0 0 0 
0 0 0 0 0 1 0 0 0 0 
0 1 0 0 0 0 0 0 0 0 
0 0 0 0 0 0 0 0.42802 0 0.57198 
1 0 0 0 0 0 0 0 0 0 
0 1 0 0 0 0 0 0 0 0 
0 1 0 0 0 0 0 0 0 0 
