5 300
0.580442
0.269563
0.679477
0.670084
0.295922
11.3446 0.156462
11.3398 0.263905
11.1332 0.504913
10.6701 0.669439
10.5735 0.670483
10.5203 0.844323
9.9518 0.502241
9.59926 0.269923
9.46963 1.17425
9.38412 1.05954
9.31188 0.723418
9.29783 1.45409
9.28924 1.49712
9.21836 0.531816
9.18274 0.105749
8.93571 0.387528
8.72971 0.398574
8.72034 1.65362
8.59886 1.92735
8.51962 1.54791
8.37087 0.573208
8.34183 0.149007
8.24918 0.523532
8.20016 0.14768
8.13844 0.739943
7.97874 1.48001
7.8477 1.00719
7.75625 0.912309
7.68687 0.374419
7.67802 1.13282
7.60336 1.50343
7.59504 0.968791
7.38357 2.24752
7.3355 2.78243
7.27764 0.172909
7.17659 0.880786
7.12115 1.75508
7.09207 0.550836
7.07956 1.14815
7.07383 0.605691
6.99159 2.35682
6.97009 1.88365
6.96852 1.95372
6.93747 2.36503
6.9271 1.41313
6.74087 0.623012
6.63654 1.3215
6.60742 2.17901
6.55774 1.63111
6.49576 2.31416
6.47113 0.949085
6.42902 0.641096
6.3925 1.81927
6.28357 2.26267
6.20231 2.06583
6.14865 3.3503
6.06523 1.65372
6.04385 2.04824
6.00005 2.44925
5.77801 2.33428
5.7496 3.11689
5.74788 3.37564
5.73268 1.86623
5.71378 2.51151
5.65469 2.85122
5.64804 1.982
5.51065 3.30497
5.49512 3.34085
5.45733 1.86705
5.44322 3.8577
5.4147 2.62631
5.40484 2.4457
5.38829 2.90526
5.3548 2.54598
5.30705 2.26779
5.26959 1.92609
5.25285 2.56094
5.22474 3.25605
5.10476 2.09239
5.09954 2.73722
5.03282 2.16334
5.01314 2.85993
5.00576 3.27615
4.94266 2.93309
4.93702 2.6911
4.9075 3.42358
4.84301 3.62614
4.83798 3.00788
4.82987 2.86742
4.80644 3.85955
4.75423 2.64953
4.6553 3.25376
4.58128 2.67327
4.53384 2.04173
4.53079 3.09258
4.48331 4.33166
4.48201 3.06584
4.42668 2.75027
4.42187 3.57533
4.41003 3.90065
4.35766 3.64426
4.33586 3.54111
4.26097 4.69208
4.20377 3.31441
4.14046 2.02231
4.1015 3.52414
3.95429 2.37056
3.82693 3.76242
3.8065 2.5938
3.76977 3.50243
3.75865 5.50967
3.68087 2.61708
3.65611 4.36029
3.61303 3.5743
3.54226 4.75093
3.49348 4.34976
3.48542 4.01197
3.48035 5.23093
3.42527 2.90978
3.40782 2.95722
3.4051 5.54602
3.3882 4.77064
3.35228 5.60079
3.33805 4.39816
3.31896 2.87326
3.30932 4.21499
3.29745 5.03346
3.22814 4.41683
3.21198 3.8403
3.19057 4.97627
3.18078 5.90283
3.15965 4.08224
3.12726 3.90778
3.10406 3.46289
3.04295 3.32239
3.0336 3.893
3.02945 3.6203
3.00321 3.98685
2.96517 5.39084
2.91744 4.16099
2.87839 5.53972
2.69786 4.70584
2.67802 4.40304
2.67745 4.88938
2.6542 3.54571
2.63827 5.10027
2.59744 3.4678
2.54433 4.77792
2.52841 4.68365
2.52066 5.93747
2.50789 5.26763
2.50417 4.09787
2.47864 3.34772
2.44888 3.89791
2.35773 4.76642
2.3552 6.15731
2.34511 5.68655
2.33891 5.20095
2.29136 4.78449
2.28439 6.01716
2.23809 5.17731
2.226 5.38551
2.18917 4.17224
2.18835 5.57855
2.18625 4.0759
2.18418 4.41394
2.1789 4.90579
2.10371 4.57753
2.10247 3.96663
2.09874 3.67637
2.09109 4.91953
2.07223 5.6065
2.02872 4.17017
2.0202 5.87039
2.00623 5.03612
1.95947 6.22488
1.95293 6.67708
1.92469 5.36158
1.82394 6.5666
1.81837 5.66014
1.80356 4.88699
1.80189 4.47856
1.71749 4.93701
1.70926 7.33364
1.70483 5.74196
1.67509 5.56263
1.63568 6.01024
1.58566 6.86359
1.55657 7.72869
1.55078 4.64394
1.44234 5.96769
1.42823 4.55451
1.38011 4.90854
1.23922 5.51189
1.16353 5.86384
1.16037 7.86742
1.13216 7.15517
1.11017 7.98023
1.09302 5.35712
1.06695 5.67954
1.02589 6.5807
1.01255 7.48946
0.982661 7.91577
0.958229 6.63057
0.945759 6.61205
0.921615 8.12276
0.877696 5.84614
0.835323 6.00767
0.805745 7.88223
0.80481 7.10037
0.780265 8.52279
0.730108 5.90776
0.718562 8.70391
0.668557 8.13
0.660861 8.16667
0.639175 8.46751
0.627742 5.73888
0.624836 6.93272
0.620453 7.84992
0.589407 7.85722
0.588228 6.50355
0.545377 8.80363
0.540534 8.67578
0.524542 8.45647
0.507792 9.65685
0.473939 8.05071
0.46081 8.22142
0.443289 8.82695
0.4352 8.58654
0.433076 9.94386
0.433051 7.26071
0.414146 7.33417
0.404808 6.71976
0.390377 6.30131
0.377029 7.49721
0.370915 8.93919
0.362135 7.22993
0.361659 6.5823
0.359968 9.05154
0.347471 7.74024
0.342496 6.38445
0.330936 8.72994
0.317535 10.2209
0.317141 8.4789
0.306305 7.30798
0.297649 7.80323
0.286186 9.98396
0.273163 8.92887
0.269775 8.68309
0.256071 6.65104
0.251695 8.59871
0.23972 9.68608
0.238405 7.32466
0.232274 6.6599
0.23164 6.49356
0.224114 8.4825
0.21979 10.1816
0.218233 10.042
0.208037 8.86533
0.184287 8.45424
0.182396 8.0989
0.167723 10.5879
0.154182 8.62586
0.153976 8.05348
0.146941 6.96334
0.136116 9.6728
0.135244 6.97143
0.127056 10.4953
0.122959 9.33307
0.121998 7.1101
0.106332 8.92369
0.103435 7.01033
0.0989503 9.39776
0.0975608 10.1384
0.0933761 10.4707
0.087897 7.74512
0.0738797 10.4203
0.0717332 7.04134
0.0654574 7.96867
0.0645843 6.94412
0.06432 7.35939
0.0625094 7.63687
0.0607784 11.0927
0.0587078 10.0093
0.0575332 8.63653
0.0572997 11.2299
0.0433928 10.2481
0.0423238 11.2952
0.0357503 9.99708
0.0299529 9.48171
0.0239847 10.9919
0.0216115 7.23315
0.0197147 8.90861
0.0175929 11.9145
0.0158158 11.2621
0.00888383 11.2896
0.00732413 7.41958
0.00629198 11.8944
0.00432644 8.86796
0.00175203 9.82809
0 0 1 0 0 
0 1 0 0 0 
0 0 0.240233 0 0.759767 
1 0 0 0 0 
0.459802 0 0.540198 0 0 
1 0 0 0 0 
0 1 0 0 0 
0 0 0 0.588697 0.411303 
0 0 0 0 1 
0 0 0.832859 0 0.167141 
0 1 0 0 0 
0 1 0 0 0 
0 0 0.515433 0.484567 0 
0 0 0 0 1 
0 0 0 0 1 
0 0 0.386157 0 0.613843 
0 0 0 0 1 
0 0 1 0 0 
0 1 0 0 0 
1 0 0 0 0 
0 1 0 0 0 
0 0 1 0 0 
0 0 0 1 0 
0 0 0 0 1 
1 0 0 0 0 
0 0 0 1 0 
0 0 0 1 0 
0 0 0 0 1 
0.425503 0 0.574497 0 0 
1 0 0 0 0 
0 0 0 0 1 
0 0 0 0 1 
1 0 0 0 0 
1 0 0 0 0 
0 1 0 0 0 
0.432243 0 0 0 0.567757 
0 1 0 0 0 
1 0 0 0 0 
0 0 1 0 0 
0 0 0 1 0 
0.541646 0.458354 0 0 0 
0 0 0 0 1 
0 0 1 0 0 
0 1 0 0 0 
0 0 0 1 0 
0 0 1 0 0 
0 1 0 0 0 
1 0 0 0 0 
0 0 0 0 1 
0 0.801627 0 0.198373 0 
0 1 0 0 0 
0 0 0 1 0 
0 0 0 0 1 
0 0 0 1 0 
1 0 0 0 0 
1 0 0 0 0 
0 0 0 0 1 
0 0.75588 0 0 0.24412 
0 0 0 0 1 
0 1 0 0 0 
0 1 0 0 0 
0 0 0 0 1 
0 0 0 0 1 
0 0 0 0 1 
1 0 0 0 0 
0 0 0 0 1 
0 1 0 0 0 
1 0 0 0 0 
0 0 1 0 0 
0 0.587956 0.412044 0 0 
0 1 0 0 0 
0 0 0.690499 0.309501 0 
0 0 1 0 0 
0 1 0 0 0 
0.470825 0 0.529175 0 0 
0 0 0.224604 0.775396 0 
1 0 0 0 0 
0 0 1 0 0 
0 0 1 0 0 
0 0 0.50547 0 0.49453 
1 0 0 0 0 
1 0 0 0 0 
0 0 0 1 0 
0 0 1 0 0 
1 0 0 0 0 
0 0 0 1 0 
0 0 1 0 0 
0 1 0 0 0 
0 0 0 0 1 
0 1 0 0 0 
1 0 0 0 0 
0 0 1 0 0 
0.453011 0.430458 0.116531 0 0 
0.195711 0 0 0 0.804289 
0 0 1 0 0 
0 0.117928 0 0.337771 0.544301 
1 0 0 0 0 
0 0 0 0 1 
0.386088 0 0 0.613912 0 
0 0 0 0 1 
0 0.671594 0 0 0.328406 
0.408255 0 0.497597 0 0.094148 
1 0 0 0 0 
0 0 0.833805 0.166195 0 
0 1 0 0 0 
0 0 0 1 0 
0 0 0 0 1 
0 0 1 0 0 
1 0 0 0 0 
0 0 1 0 0 
0 0 0 0 1 
1 0 0 0 0 
0 0 0 0 1 
0 0 0 1 0 
0 1 0 0 0 
1 0 0 0 0 
0 1 0 0 0 
0 1 0 0 0 
0 1 0 0 0 
0 0 1 0 0 
1 0 0 0 0 
1 0 0 0 0 
1 0 0 0 0 
0 1 0 0 0 
0 0 1 0 0 
0 0 0 1 0 
0 0 0 0 1 
0 1 0 0 0 
0 0.148782 0 0.296147 0.555071 
0 0 0 0.4166 0.5834 
0 0 0 1 0 
0.822189 0 0 0.177811 0 
0.429036 0.570964 0 0 0 
0 0 1 0 0 
1 0 0 0 0 
0.848782 0 0.151218 0 0 
1 0 0 0 0 
0 0 0 0 1 
0 1 0 0 0 
0 0 1 0 0 
0 1 0 0 0 
0 1 0 0 0 
1 0 0 0 0 
0 0 0.507886 0 0.492114 
0 0 0 1 0 
0 0 0 0 1 
0 0 1 0 0 
0 0 1 0 0 
0 0 1 0 0 
0 0 1 0 0 
1 0 0 0 0 
0 0 0 1 0 
0 0 0 1 0 
0 1 0 0 0 
1 0 0 0 0 
0 0 0 0 1 
1 0 0 0 0 
0 0 1 0 0 
0 0 0 1 0 
1 0 0 0 0 
1 0 0 0 0 
0 0 0 0 1 
0.579965 0 0 0.420036 0 
0 0 1 0 0 
0 0 1 0 0 
0.558758 0 0 0 0.441242 
0 0 0 0 1 
0 0 0 1 0 
0 1 0 0 0 
0 0 0 1 0 
0 0.577024 0 0 0.422976 
0.758659 0 0 0.241341 0 
0 0 1 0 0 
0 1 0 0 0 
0 0 1 0 0 
0 0 0 1 0 
0 0 1 0 0 
0 0.322477 0 0 0.677523 
0.458705 0 0.541295 0 0 
0 0 0 1 0 
0 0 0 1 0 
0 1 0 0 0 
0 1 0 0 0 
0 1 0 0 0 
0 0 0 0 1 
0.43965 0 0 0 0.56035 
0 1 0 0 0 
0 0 0 0 1 
0 0 0 1 0 
1 0 0 0 0 
0 0 0 1 0 
0 0.745702 0 0 0.254298 
1 0 0 0 0 
0 0 1 0 0 
0 0 0 0 1 
0 0 0 1 0 
0 0 0 0 1 
0 0.273166 0.726834 0 0 
0 0 0 0 1 
0 0 1 0 0 
0 1 0 0 0 
0 0 0 1 0 
0 0 0 0.498556 0.501444 
0 0 1 0 0 
0 0 0 0 1 
0 0 0 1 0 
0.49456 0 0 0.50544 0 
0 0 0 0 1 
0 0 0 0 1 
0 0 1 0 0 
0 0 0 1 0 
0 1 0 0 0 
0 0.575419 0 0 0.424581 
0 0 1 0 0 
0 0 0 0 1 
1 0 0 0 0 
0 0 1 0 0 
0 0 0 0 1 
0 0 1 0 0 
1 0 0 0 0 
0 0 0 0 1 
1 0 0 0 0 
0 0 1 0 0 
0 1 0 0 0 
0.687107 0 0.312893 0 0 
1 0 0 0 0 
1 0 0 0 0 
0.302779 0.251727 0.445494 0 0 
0 0.120806 0 0 0.879194 
0 0 1 0 0 
0 0 0 0 1 
1 0 0 0 0 
0 1 0 0 0 
0 0 0 0 1 
0 0 1 0 0 
0 1 0 0 0 
0 0 0 0 1 
0 0 1 0 0 
1 0 0 0 0 
0 0 0 1 0 
0 0 0 1 0 
1 0 0 0 0 
0 0 0 0 1 
0 1 0 0 0 
1 0 0 0 0 
0 0 0 1 0 
0 1 0 0 0 
0 0 1 0 0 
0 0 0 0.663363 0.336637 
0 0 1 0 0 
0 0 1 0 0 
0 0 0 1 0 
0.666369 0.333631 0 0 0 
0 0 0 1 0 
0.383755 0 0 0 0.616245 
0 0 0 1 0 
0 0 0 0 1 
0 0 1 0 0 
0 1 0 0 0 
0 0 0 1 0 
0 0.462367 0 0.537633 0 
0.33402 0 0.66598 0 0 
1 0 0 0 0 
0 0 0 1 0 
0 0.561248 0 0 0.438752 
0 0 1 0 0 
1 0 0 0 0 
1 0 0 0 0 
0 0 1 0 0 
0.369925 0 0 0.630075 0 
0 0 0 0 1 
0 1 0 0 0 
0 1 0 0 0 
0 0.596614 0 0.403386 0 
0 0 0 1 0 
0 0 0 0 1 
0 0 0 1 0 
0 1 0 0 0 
1 0 0 0 0 
0 0 0 0 1 
1 0 0 0 0 
1 0 0 0 0 
0 0 0 0 1 
0 0 1 0 0 
0 0.555027 0 0.444973 0 
0 0 0 0 1 
0 0 0 1 0 
0 0 1 0 0 
1 0 0 0 0 
0 1 0 0 0 
0 1 0 0 0 
0 0 0 0 1 
0 1 0 0 0 
0 0 0 0 1 
1 0 0 0 0 
0 0 0.473143 0.526857 0 
0.192097 0.807903 0 0 0 
0 1 0 0 0 
0 0 0 0 1 
0 0 1 0 0 
