10 150
0.265438
0.369596
0.354715
0.544856
0.514758
0.341808
0.441931
0.565206
0.448812
0.268213
11.6949 0.103194
11.3603 0.189058
10.6446 0.303812
9.01127 1.36672
8.83818 1.41198
8.28261 1.91769
8.07739 0.197001
7.79537 0.72536
7.75545 0.10904
7.72903 1.25934
7.48105 0.321783
7.4132 0.978741
7.20521 0.822059
6.96319 1.98102
6.94226 0.983988
6.78328 2.60044
6.74642 0.783191
6.61208 1.25681
6.39903 1.55519
6.36097 2.15444
6.29369 2.29688
6.29268 1.29968
6.27433 1.91369
6.23763 2.03671
6.23231 2.3424
6.13906 1.58196
6.08099 1.51873
6.06111 1.33063
6.00814 1.1783
5.56934 2.27618
5.50235 2.0536
5.37234 2.04163
5.27623 3.0824
5.15673 3.2627
5.04455 1.42937
4.97669 2.52277
4.91847 3.68471
4.83623 2.65023
4.75327 2.87524
4.61795 3.49993
4.50158 3.22168
4.17875 2.96756
4.03226 3.49847
3.68242 3.44176
3.66994 3.49329
3.56866 4.06375
3.50692 3.22796
3.49071 5.62976
3.41324 5.16785
3.36177 2.82354
3.30987 2.9915
3.28066 5.4617
3.17193 5.18674
3.09578 4.22927
3.07849 4.09823
3.07361 4.38762
3.00056 4.45637
2.85039 3.87043
2.7959 5.03123
2.50275 5.12227
2.47496 5.53869
2.47033 3.84055
2.46021 5.2607
2.39047 4.06178
2.38532 5.57413
2.36283 5.022
2.32498 3.69017
2.31341 5.14398
2.18253 5.13325
2.1248 6.96784
2.07472 6.67106
2.06225 6.69441
2.01609 5.27557
1.97457 4.40439
1.95297 4.56148
1.90494 6.65836
1.8252 5.95332
1.7987 5.85202
1.69044 7.44406
1.54445 6.65416
1.53015 6.17102
1.50158 6.3208
1.48232 4.57616
1.37132 6.2521
1.33432 5.56116
1.30519 5.69686
1.29685 8.38414
1.15678 6.24844
1.13535 5.59762
1.10649 6.07985
1.06351 7.93694
1.05394 6.32698
1.03954 5.66041
1.00338 7.47466
0.979693 5.67885
0.976156 8.18207
0.94479 7.99044
0.915362 7.96517
0.889548 8.39422
0.867611 5.52486
0.830459 6.86761
0.774104 7.6342
0.765388 8.59453
0.75125 7.23124
0.745316 8.94303
0.740832 7.0179
0.732361 8.1169
0.70725 7.15117
0.664071 5.99144
0.632718 5.92336
0.536339 7.87697
0.530059 6.55803
0.506778 9.16576
0.489202 7.05027
0.458289 7.98208
0.429233 8.82149
0.420893 8.05779
0.374786 7.71613
0.338725 6.3816
0.33459 8.39268
0.306138 6.81047
0.300915 6.59338
0.278135 8.67114
0.277027 8.69751
0.246212 8.64003
0.239597 9.76921
0.238828 8.91425
0.237432 10.0789
0.173201 9.40081
0.162074 8.69334
0.148557 8.08315
0.110479 8.9564
0.0854597 9.73445
0.0813385 8.62236
0.0797466 11.2706
0.0731819 8.15165
0.0700598 8.9663
0.0652269 9.71466
0.0513024 10.1375
0.047292 8.39218
0.0464158 7.94009
0.0420885 7.99517
0.0378452 8.51231
0.0232486 9.44268
0.0225388 11.3391
0.014211 9.09336
0.0142043 11.6122
0.00415107 10.0019
0.00255281 10.2101
0.000900001 10.1735
0 0 0 0 0 1 0 0 0 0 
0 0 0 0.44545 0 0 0.55455 0 0 0 
1 0 0 0 0 0 0 0 0 0 
0 0 0 0 1 0 0 0 0 0 
0 0 0 0 0 1 0 0 0 0 
0 0 0 0 0 1 0 0 0 0 
0 0 0 0 0 0 1 0 0 0 
0 0 0 0 0 0 0 0 0 1 
0 0 0 0 1 0 0 0 0 0 
0 1 0 0 0 0 0 0 0 0 
0 1 0 0 0 0 0 0 0 0 
0 0 0 0 0 0 0.741422 0.258578 0 0 
0 0 0 0 0 0 0 0 1 0 
0 0 0 0 0 1 0 0 0 0 
0 0 0 0 0 0 0 1 0 0 
0 0 0 0 1 0 0 0 0 0 
1 0 0 0 0 0 0 0 0 0 
0 0 1 0 0 0 0 0 0 0 
1 0 0 0 0 0 0 0 0 0 
0 0 0 1 0 0 0 0 0 0 
0 0.313834 0 0.266034 0 0 0.420132 0 0 0 
0.492244 0 0 0 0 0 0.507756 0 0 0 
1 0 0 0 0 0 0 0 0 0 
0 0.291975 0 0 0 0 0 0 0.708025 0 
0 0 0 0 0 0 0 1 0 0 
0 0 0 0 0 0 0 1 0 0 
0 0 0 0 0 0 1 0 0 0 
0 0.73149 0 0 0.26851 0 0 0 0 0 
0 0 0 0 1 0 0 0 0 0 
0 0 0 0 0 0 0 0 0 1 
0 0 1 0 0 0 0 0 0 0 
0 0 0 0 1 0 0 0 0 0 
0 0 0 0 1 0 0 0 0 0 
0 0 0.427366 0 0 0 0 0 0 0.572634 
0 0 0 1 0 0 0 0 0 0 
0 1 0 0 0 0 0 0 0 0 
0 0 0 0 0 1 0 0 0 0 
0.228057 0.771943 0 0 0 0 0 0 0 0 
0 1 0 0 0 0 0 0 0 0 
0 1 0 0 0 0 0 0 0 0 
0 1 0 0 0 0 0 0 0 0 
0 0 0 0 0 0 0 0 1 0 
0 0 0 1 0 0 0 0 0 0 
0 0 1 0 0 0 0 0 0 0 
0 0 0 0 0 0 1 0 0 0 
1 0 0 0 0 0 0 0 0 0 
0 0 0 0 0.619597 0.380403 0 0 0 0 
0 1 0 0 0 0 0 0 0 0 
1 0 0 0 0 0 0 0 0 0 
0 0 0 0 0 1 0 0 0 0 
0 0 0 0 0 0 0 0 0 1 
0 0 0.734272 0 0 0 0 0.265728 0 0 
0 0 0 0 0 0 0 0 0 1 
0 1 0 0 0 0 0 0 0 0 
0 0 0 0 0 1 0 0 0 0 
0 0 0 0 0 0 0 0 0 1 
0 1 0 0 0 0 0 0 0 0 
0 0 0 0.391935 0 0 0 0 0.608065 0 
0 0 0 0 0 0 0 1 0 0 
0 0 0 1 0 0 0 0 0 0 
0 0.535872 0 0 0 0 0 0.464128 0 0 
0 0 1 0 0 0 0 0 0 0 
0 0 0 0 0 0 0 0 1 0 
0 0 0 1 0 0 0 0 0 0 
0 0 0 0 0 0 0 1 0 0 
0 1 0 0 0 0 0 0 0 0 
0 0 0 0 0 0.492242 0.507758 0 0 0 
0 0 1 0 0 0 0 0 0 0 
0 0 0 0 0 0 0 0 1 0 
0 0 0 0 0.659107 0 0.340893 0 0 0 
0 0 0 0 0 0 1 0 0 0 
1 0 0 0 0 0 0 0 0 0 
0 0 0 0 1 0 0 0 0 0 
0 0 0 1 0 0 0 0 0 0 
1 0 0 0 0 0 0 0 0 0 
0 0 0 0 0 0 1 0 0 0 
0 1 0 0 0 0 0 0 0 0 
0.819458 0 0 0.180542 0 0 0 0 0 0 
0 0 1 0 0 0 0 0 0 0 
0 0 0 0 0 0 0 1 0 0 
0 0 0 1 0 0 0 0 0 0 
0 0 0 0 0 0 0 1 0 0 
0 0 0 1 0 0 0 0 0 0 
0 0 0 0 0 1 0 0 0 0 
0 0 0 1 0 0 0 0 0 0 
0 0 0 0 0 0 1 0 0 0 
0 0 0 0 0 0 0 1 0 0 
0 0 0 0 0 0.369519 0 0.471259 0 0.159222 
0 1 0 0 0 0 0 0 0 0 
0 0 0 0 1 0 0 0 0 0 
0 0 0 0 0 0 0 0 0 1 
0 0 0 0 0 0 0 0 0 1 
0 0 0 0 0 0 0 0 0 1 
0.369336 0 0 0 0 0 0 0 0 0.630664 
0 0 0 0 1 0 0 0 0 0 
0 0 1 0 0 0 0 0 0 0 
0 0 0 0 0 0 0 1 0 0 
0 0 0 0 0 0 1 0 0 0 
0 0 0 0 0 0 0 0 0 1 
0 0 0 0 1 0 0 0 0 0 
0 0 0 1 0 0 0 0 0 0 
0 0 0 0 1 0 0 0 0 0 
0 0 0 0 0 0 0 1 0 0 
0 0 0 1 0 0 0 0 0 0 
0 0 0 0 0 1 0 0 0 0 
1 0 0 0 0 0 0 0 0 0 
0 0 0 0 0 0 0 0 1 0 
0 0 0 0 0 0.325007 0.411585 0 0.263408 0 
0 0 0 0 0 0 0 0 0 1 
1 0 0 0 0 0 0 0 0 0 
0 0 0 0 0 1 0 0 0 0 
0 1 0 0 0 0 0 0 0 0 
0 0.896291 0 0 0 0 0 0.103708 0 0 
0 0 0 0 1 0 0 0 0 0 
0.669334 0.330666 0 0 0 0 0 0 0 0 
0 0 0 0 1 0 0 0 0 0 
0 0 0 0 0 0 0 0 0 1 
0 0 0 0 0 1 0 0 0 0 
0 1 0 0 0 0 0 0 0 0 
0 0 0 0 0 0 1 0 0 0 
0 0 0 0.381759 0.275749 0 0 0.342492 0 0 
0 0 1 0 0 0 0 0 0 0 
0 0 0 0 0 0 1 0 0 0 
0 0 0 0 0 1 0 0 0 0 
0 0 0 0 0 0 0 1 0 0 
1 0 0 0 0 0 0 0 0 0 
0 0 0 0 0 0 0 0 1 0 
0 0 0 0 1 0 0 0 0 0 
1 0 0 0 0 0 0 0 0 0 
0 1 0 0 0 0 0 0 0 0 
0 0 0 0 0 0 0 1 0 0 
0 0 0 0 0 1 0 0 0 0 
0 0 0 0 1 0 0 0 0 0 
0 0 0 1 0 0 0 0 0 0 
1 0 0 0 0 0 0 0 0 0 
0 0 0.524439 0.475561 0 0 0 0 0 0 
0 0 0 0.544625 0 0.455375 0 0 0 0 
0 0 0 0 1 0 0 0 0 0 
0 0 0 0 0 0 1 0 0 0 
0 0 0 0 0 0 0 1 0 0 
0 0 0 0 0 1 0 0 0 0 
0 0 0 0 0 1 0 0 0 0 
1 0 0 0 0 0 0 0 0 0 
0 0 0 0.578445 0 0 0.421555 0 0 0 
0 0 0 0 0 0 0.532944 0 0 0.467056 
0 0 1 0 0 0 0 0 0 0 
0 1 0 0 0 0 0 0 0 0 
0 0 0 0.564156 0 0 0.435844 0 0 0 
0 0 0 0 0 0 0 0 1 0 
0 0 1 0 0 0 0 0 0 0 
