10 200
0.30343
0.348934
0.393081
0.409608
0.639656
0.685634
0.612868
0.270937
0.620903
0.567345
11.1978 0.249697
10.8808 0.459781
10.2305 0.301637
10.173 0.523486
9.57434 0.957528
9.37071 0.215504
9.13097 0.756273
8.83198 1.13865
8.76266 1.32717
8.50512 0.187478
8.32171 0.853645
8.29196 0.489516
8.23394 0.296438
8.2251 0.621259
8.01567 1.96573
7.98678 1.60143
7.94452 1.8414
7.86531 1.08421
7.78566 0.538027
7.71771 1.55082
7.63767 1.18051
7.43628 1.50198
6.90673 1.52346
6.85698 2.36491
6.78299 2.00694
6.73551 1.66121
6.56445 1.68406
6.55556 1.50884
6.55193 3.01387
6.54546 0.778479
6.41365 2.49759
6.35177 2.34098
6.31114 1.3577
6.23571 1.99002
6.12368 1.63934
6.02686 1.46459
5.96051 0.92812
5.94703 2.48032
5.88814 1.49129
5.82892 2.41291
5.79927 1.66028
5.76566 1.40472
5.69815 2.62546
5.68008 1.50794
5.5212 2.93571
5.46243 1.40029
5.34424 3.04774
5.27105 3.03444
5.13793 3.24066
5.11164 2.65443
5.11142 2.89289
5.08225 3.49076
5.03539 4.04534
5.03394 2.40399
5.02864 2.20103
5.00381 3.3589
4.98529 2.78737
4.97879 2.1355
4.97707 3.40524
4.94925 3.13194
4.82973 3.57072
4.7258 3.55899
4.71471 2.65078
4.65521 4.51161
4.57008 3.53135
4.56193 2.32265
4.22517 2.90448
4.18791 3.09775
4.17578 4.71863
4.15521 2.61021
4.14877 4.3837
4.07282 4.19761
4.01411 3.04136
3.97562 2.68872
3.74875 4.19348
3.74641 2.4135
3.7001 3.17113
3.59492 3.36432
3.59416 3.77932
3.51905 4.10442
3.33102 4.73508
3.32993 4.65026
3.27324 3.1297
3.22381 4.23877
3.21387 3.50153
3.21045 3.9603
3.1697 3.0065
3.16706 4.75461
3.16255 4.95156
3.09881 4.04357
3.08409 4.74926
3.00274 4.22111
2.96551 3.43627
2.91249 4.63974
2.88232 4.87948
2.78644 4.56583
2.67571 5.46472
2.63568 5.46073
2.61554 4.941
2.56786 5.27566
2.49498 5.69802
2.48374 4.24598
2.33322 4.59746
2.25724 4.62144
2.219 6.63082
1.96159 5.62125
1.88014 4.97853
1.81723 4.98508
1.75156 7.20345
1.7294 6.36825
1.64772 7.58373
1.60907 5.87102
1.59771 7.26798
1.59229 5.03204
1.56695 6.29211
1.5502 4.33446
1.54966 6.95594
1.45454 7.92017
1.45408 6.46903
1.42261 6.23292
1.42162 7.95433
1.41405 7.31759
1.39049 5.2833
1.34501 6.55571
1.28121 6.02727
1.24822 5.46556
1.22453 7.55667
1.19869 7.49653
1.14338 5.30895
1.13335 7.74845
1.01666 6.08888
1.00866 5.7599
0.905924 6.667
0.890334 5.34053
0.862816 5.80393
0.762956 8.14273
0.751341 7.29845
0.74856 7.52569
0.748 7.9507
0.7463 8.40753
0.712494 6.55884
0.688234 6.46361
0.685971 8.93405
0.643121 8.63768
0.616937 6.97657
0.542356 9.10592
0.529331 5.92303
0.512676 9.1848
0.488408 9.00044
0.482601 7.97106
0.47074 9.36519
0.466862 6.59049
0.466711 6.77405
0.446703 9.74487
0.383437 8.97521
0.368953 7.96537
0.356024 6.81467
0.355068 8.02561
0.353883 8.5556
0.333325 9.17184
0.327561 7.54129
0.327047 9.79532
0.276738 9.36398
0.271012 8.67971
0.177092 8.63593
0.168066 10.1155
0.155253 11.0415
0.152362 10.0119
0.147401 9.69461
0.142994 9.91283
0.140339 7.14729
0.139532 10.6016
0.10624 11.1196
0.105546 10.232
0.105374 6.74981
0.10163 8.65264
0.0952647 9.3942
0.0869109 9.12819
0.0863924 6.90592
0.0623129 8.83473
0.057527 8.59158
0.0510908 10.2697
0.0427185 9.63212
0.0375838 8.20754
0.028908 10.5865
0.0208016 7.95064
0.018965 11.5711
0.0181122 9.62097
0.0172782 7.74908
0.0163284 8.1175
0.0128824 10.4377
0.0125791 8.68893
0.0124525 9.68074
0.0060699 7.32727
0.0054335 10.3339
0.004612 9.0752
0.00313761 8.16354
0.00177758 9.82698
0.00120549 7.51353
0.00101525 10.6391
0 0 0 0 0 0 0 1 0 0 
0 1 0 0 0 0 0 0 0 0 
0 0 1 0 0 0 0 0 0 0 
0 0 0 0 0 0 0 0 1 0 
0 0 0 0 0 0 0 1 0 0 
0 0 0 0 0 0 0 0 0 1 
0 0 0 0 0 0 0 0 0 1 
0 1 0 0 0 0 0 0 0 0 
0 0 1 0 0 0 0 0 0 0 
0 1 0 0 0 0 0 0 0 0 
0 0 1 0 0 0 0 0 0 0 
0 0 0 0 1 0 0 0 0 0 
0 0 1 0 0 0 0 0 0 0 
0 0 0 0 0 0 1 0 0 0 
0 0 0 0 0 1 0 0 0 0 
0 0 0 0 0 0.299879 0 0 0 0.700121 
0 0.406239 0 0 0 0.593761 0 0 0 0 
0 0.351843 0.327388 0 0.100303 0.220466 0 0 0 0 
0 0 0 1 0 0 0 0 0 0 
0 0 0 1 0 0 0 0 0 0 
0 0 0 0 0 0 0.383698 0 0.616302 0 
1 0 0 0 0 0 0 0 0 0 
0 0 0 0 0 1 0 0 0 0 
0 0 0 0 0 0 0 1 0 0 
0 0 0 0 0 1 0 0 0 0 
0 0 0 1 0 0 0 0 0 0 
1 0 0 0 0 0 0 0 0 0 
0 0 0 0 0 0 1 0 0 0 
0 0 0 0 0 1 0 0 0 0 
0 1 0 0 0 0 0 0 0 0 
0.518843 0.481157 0 0 0 0 0 0 0 0 
0 0 0 0 1 0 0 0 0 0 
0 0 0 1 0 0 0 0 0 0 
0 0 1 0 0 0 0 0 0 0 
0 0 0 0 0 0 0 1 0 0 
0 0 0 0 0 0.454969 0.545031 0 0 0 
0 0 0 0 0 0 0 0 0 1 
0 0 0.477891 0 0 0 0 0 0.522109 0 
0 0 0 0 0 0 0 0 1 0 
0 0 0 1 0 0 0 0 0 0 
0 0 0 0 0 1 0 0 0 0 
0 0 1 0 0 0 0 0 0 0 
0 0 0 0 0 1 0 0 0 0 
0.180775 0 0 0 0 0 0 0 0.819225 0 
0 0 1 0 0 0 0 0 0 0 
0 0 1 0 0 0 0 0 0 0 
0 0 0 0 0 0 0 0 1 0 
0 0 0 0 0 0 0 1 0 0 
0 0 0 0 1 0 0 0 0 0 
0 0 0 0 0 0 0 0 1 0 
0 0 0 0 0 0 1 0 0 0 
0 0 0 0 1 0 0 0 0 0 
0 0 1 0 0 0 0 0 0 0 
0 0 1 0 0 0 0 0 0 0 
0 0 0 0 0 0 0 0 0 1 
0 0 0 0 0 1 0 0 0 0 
0 0 0 1 0 0 0 0 0 0 
0 1 0 0 0 0 0 0 0 0 
0 0 0 0 0 0 0 1 0 0 
0 1 0 0 0 0 0 0 0 0 
0 0 0 1 0 0 0 0 0 0 
0 0 1 0 0 0 0 0 0 0 
1 0 0 0 0 0 0 0 0 0 
0 0 1 0 0 0 0 0 0 0 
1 0 0 0 0 0 0 0 0 0 
0 0 0 0 0 0 1 0 0 0 
0 0.51995 0 0 0 0 0.48005 0 0 0 
0 0 0 0 1 0 0 0 0 0 
0 0 0 1 0 0 0 0 0 0 
1 0 0 0 0 0 0 0 0 0 
0 0 1 0 0 0 0 0 0 0 
0 0 0 0 0 0 0 0 1 0 
0 0 0 0 1 0 0 0 0 0 
0 0 0 0 0 0 0.259803 0 0.740197 0 
0 1 0 0 0 0 0 0 0 0 
0.200147 0 0.799853 0 0 0 0 0 0 0 
0 1 0 0 0 0 0 0 0 0 
0 0 0 0 0 0 1 0 0 0 
0 0 0 0 1 0 0 0 0 0 
0 0 0 0 0 0 1 0 0 0 
0.347018 0 0 0 0 0.652982 0 0 0 0 
0 0 1 0 0 0 0 0 0 0 
0 0 0 1 0 0 0 0 0 0 
0 0 0 0 0 1 0 0 0 0 
0 0 0 1 0 0 0 0 0 0 
1 0 0 0 0 0 0 0 0 0 
0 0.778266 0.221734 0 0 0 0 0 0 0 
0 0 0 0.823732 0 0 0 0 0.176268 0 
0 0 0 0 0 0 0 0 0 1 
0 0 0 0 0 0.421878 0 0.393859 0.184263 0 
0 0 0 0 0 0 0 1 0 0 
0 0 0 0 0 0 0.494235 0 0.505765 0 
0 0 0 0 1 0 0 0 0 0 
0 0.616412 0 0.383588 0 0 0 0 0 0 
0 1 0 0 0 0 0 0 0 0 
0 0 0 0 1 0 0 0 0 0 
1 0 0 0 0 0 0 0 0 0 
0 0 0 0 0 0 0 0 0 1 
0 0 0 0 1 0 0 0 0 0 
0 1 0 0 0 0 0 0 0 0 
0 1 0 0 0 0 0 0 0 0 
0 0 0 0 0 1 0 0 0 0 
0.375385 0.624615 0 0 0 0 0 0 0 0 
0 0 0 0 0.708247 0 0 0 0 0.291753 
0 0 0 0 0 0 0 0 0 1 
0 0 1 0 0 0 0 0 0 0 
0 0 0 0 0 0 0 1 0 0 
0 0 0 0 0 0 1 0 0 0 
0 1 0 0 0 0 0 0 0 0 
0 0.741072 0 0 0.258928 0 0 0 0 0 
0 0 0 0 0 1 0 0 0 0 
0 0.177136 0 0 0 0.372404 0 0.45046 0 0 
0 0 1 0 0 0 0 0 0 0 
0 0 0 0 0 0 0 0 0 1 
0 0 0 0 0 0 0 0 0.73337 0.26663 
0 0 0 0 0 1 0 0 0 0 
0 0 0 1 0 0 0 0 0 0 
0 0 0 0 1 0 0 0 0 0 
0 0 0 0 0 0 0 0 0 1 
0 0 0 0 0 0 0.527912 0 0 0.472088 
0.60169 0 0 0 0 0 0 0 0 0.39831 
0 0 0 0.338215 0 0 0.661785 0 0 0 
0 0 0 0 0 0 1 0 0 0 
1 0 0 0 0 0 0 0 0 0 
1 0 0 0 0 0 0 0 0 0 
0 1 0 0 0 0 0 0 0 0 
0 0 0 0.434174 0 0 0 0.565826 0 0 
0 1 0 0 0 0 0 0 0 0 
0 1 0 0 0 0 0 0 0 0 
0 0 0 0 0 0 0 1 0 0 
0 0 1 0 0 0 0 0 0 0 
0 0 1 0 0 0 0 0 0 0 
0 0 0 1 0 0 0 0 0 0 
0 1 0 0 0 0 0 0 0 0 
0 0 0 0 0 0 0 0 0 1 
0 0 1 0 0 0 0 0 0 0 
0 0 0 0 0 0 1 0 0 0 
0 0 0 0 0 0 0 0 1 0 
0.482242 0.517758 0 0 0 0 0 0 0 0 
0 1 0 0 0 0 0 0 0 0 
0 0 0 0 0 0 0 0 0 1 
0 0 0 0 0 0 1 0 0 0 
0 0 0 0 0 0 0 0 0 1 
0 0 0 0 0 0 0 1 0 0 
0 0 0 0 0 0 0 0 0 1 
0 0 0 1 0 0 0 0 0 0 
0 0 0 0 0.237842 0 0 0.762158 0 0 
0 0 0 0 0 0 0 0 1 0 
0 0 0 1 0 0 0 0 0 0 
0 0 0 0 0 1 0 0 0 0 
0 0 0 0 0 0 0 0 1 0 
0 0 0 1 0 0 0 0 0 0 
0 0 0 0 0 0 0 1 0 0 
0 0 0 0 0 0 0 0 1 0 
1 0 0 0 0 0 0 0 0 0 
1 0 0 0 0 0 0 0 0 0 
0 0 1 0 0 0 0 0 0 0 
0 0 0 0 0 0 1 0 0 0 
0 0 0 0 0 1 0 0 0 0 
0 0 0 0 1 0 0 0 0 0 
0 0 0 0 0 0 0 0 1 0 
0 0 0 0 0 0 0 1 0 0 
0 0 0 0 1 0 0 0 0 0 
0 0 0 0 0 0 0 0 1 0 
0 0 0 0 0 0 1 0 0 0 
1 0 0 0 0 0 0 0 0 0 
0 0 1 0 0 0 0 0 0 0 
0 0 0.443158 0 0 0 0 0 0 0.556843 
0 0 0 0 0 1 0 0 0 0 
0 0 0 0 0 0 0 0 1 0 
0 0 0 0 0 0 0 1 0 0 
0 0 0 0 0 1 0 0 0 0 
0 0 0.350989 0 0 0 0.649011 0 0 0 
0 0 1 0 0 0 0 0 0 0 
0 0 0 0 0 0 1 0 0 0 
0 0 0 0 0 0 0 1 0 0 
0 0 0 0 1 0 0 0 0 0 
0 1 0 0 0 0 0 0 0 0 
0 0 0 0 0 0 0 0 0 1 
0 0 0 0 0 1 0 0 0 0 
0 0 0 0 1 0 0 0 0 0 
1 0 0 0 0 0 0 0 0 0 
0 0 0 0 0 0 0 0 0 1 
0 0 0 0 0 1 0 0 0 0 
0 0 0 0 0 0 0 0 1 0 
1 0 0 0 0 0 0 0 0 0 
0 0 0.478255 0 0 0 0.521745 0 0 0 
0 0 0 0 0 0 0.681802 0 0 0.318198 
0 0 0 0 0 0 0 1 0 0 
0 1 0 0 0 0 0 0 0 0 
0 0 0 0 0 0.737845 0 0.262155 0 0 
0 0 0.741665 0 0 0 0 0 0 0.258335 
0 0 1 0 0 0 0 0 0 0 
0 0 0 0 0 0 0 0 0 1 
0 1 0 0 0 0 0 0 0 0 
0 0 0 0.342105 0 0 0 0 0.657895 0 
0 1 0 0 0 0 0 0 0 0 
0 1 0 0 0 0 0 0 0 0 
0.591147 0 0 0 0 0 0 0 0 0.408853 
0 0 0 0 0 1 0 0 0 0 
