10 50
0.676438
0.677913
0.705644
0.462087
0.326756
0.461855
0.261499
0.305789
0.53156
0.716106
10.0539 0.423387
9.34967 0.781765
8.84148 1.60849
8.40071 1.25929
7.13298 2.31822
6.67526 1.39891
6.27178 2.91092
6.22502 3.06241
5.75747 3.14884
5.63647 1.82921
5.10142 3.25116
4.74642 2.06524
4.57905 2.51016
4.49948 3.22161
4.46966 3.8808
4.44962 3.17503
4.33066 2.6478
4.245 2.30859
4.21921 2.98326
4.0866 2.67471
3.88274 3.52306
3.72653 4.03292
3.3444 3.62004
3.34414 3.15506
3.20718 4.51432
2.86478 4.16914
2.58228 4.10657
2.58101 4.40522
2.21771 6.98001
1.98369 6.55086
1.82274 4.99428
1.75734 4.92376
1.73667 6.32568
1.64902 4.76442
1.04439 5.4406
0.965237 7.48605
0.629269 5.84032
0.62817 6.87044
0.381584 9.01528
0.37241 6.26187
0.277879 6.97667
0.230405 9.11448
0.145208 8.54583
0.122722 8.32004
0.0453124 10.1067
0.00963257 12.0125
0.00685107 8.24903
0.00667317 11.3515
0.00382833 7.85769
0.00374546 11.7515
0 0 0 0 0 0 1 0 0 0 
0 0 0 0 0 1 0 0 0 0 
0 0 0 0 0 0 0 0 0 1 
0 0 0 0 0 0 0 0 1 0 
0 0.78952 0 0 0 0.21048 0 0 0 0 
0 0 0 0 0 0 0 1 0 0 
0 0 0.26877 0 0 0 0.255348 0.475881 0 0 
0 0 0 0 0 1 0 0 0 0 
0 0 0 0 0 0 0.320843 0.679157 0 0 
0 0 1 0 0 0 0 0 0 0 
0 0 0 0 1 0 0 0 0 0 
0 1 0 0 0 0 0 0 0 0 
0 0 0 0 1 0 0 0 0 0 
0 0 0 0 0 0 1 0 0 0 
0 0 0 0 0 0 0 1 0 0 
0 0 0.291348 0 0 0 0 0 0.708652 0 
0 0 1 0 0 0 0 0 0 0 
0 0 0 0.543496 0 0 0 0 0 0.456504 
0 0 0 0 0 0 0 0 1 0 
0 0 0.884387 0 0.115613 0 0 0 0 0 
0 0 0 0 1 0 0 0 0 0 
1 0 0 0 0 0 0 0 0 0 
0 1 0 0 0 0 0 0 0 0 
0 0 0 0 0 0 0 0 1 0 
0 0 1 0 0 0 0 0 0 0 
0 0 0 0 0 0.481636 0 0.518364 0 0 
1 0 0 0 0 0 0 0 0 0 
0.459951 0 0 0 0 0 0.540049 0 0 0 
0 0 0 0 0 1 0 0 0 0 
1 0 0 0 0 0 0 0 0 0 
0 0 0 0 1 0 0 0 0 0 
0 0 0 0 0 1 0 0 0 0 
1 0 0 0 0 0 0 0 0 0 
0 0 0 0 0 0 0 0 0 1 
0 0 1 0 0 0 0 0 0 0 
0 0 0 0 0 0 0 0 0 1 
0 0 0 0 0 1 0 0 0 0 
0 0 0 0 0 0 0 1 0 0 
0 0 0 0 0 1 0 0 0 0 
0 0 0 0 0 1 0 0 0 0 
0 0.555458 0 0 0 0 0 0 0.444542 0 
0 0 0 1 0 0 0 0 0 0 
0 0 0 0 0 0 0 1 0 0 
0 0 0 0 1 0 0 0 0 0 
1 0 0 0 0 0 0 0 0 0 
0 0 0 0 0 0 1 0 0 0 
0 0 0 0 0 0 0 1 0 0 
0 1 0 0 0 0 0 0 0 0 
0 0 0 0 0 0 0 1 0 0 
0 0 0 0 0 0 0 1 0 0 
