5 300
0.62139
0.446158
0.342022
0.393854
0.424339
10.6414 0.617069
10.6373 0.353232
10.5662 0.3547
10.2956 0.322406
10.2491 1.06741
10.159 0.596322
10.0555 0.131667
9.96235 0.291069
9.35873 1.08103
9.32481 1.10732
9.28388 0.91662
8.90701 0.423484
8.8684 1.50373
8.84406 1.26811
8.81472 0.982894
8.81087 1.51653
8.65987 1.48763
8.56329 0.759635
8.47238 0.841154
8.32558 0.76727
8.16095 0.94421
7.8537 1.1364
7.8535 0.933855
7.81547 0.930237
7.75332 1.32735
7.64418 0.85085
7.45938 1.98966
7.44327 0.767416
7.36989 1.01035
7.33509 0.814731
7.24976 1.5172
7.24883 1.73963
7.17283 1.79965
7.13721 1.2538
6.99091 2.07168
6.94374 2.5563
6.93899 2.38708
6.93818 1.35127
6.91951 1.80437
6.90118 2.17214
6.61329 1.46383
6.47882 2.22501
6.45798 1.73217
6.38168 0.890122
6.35467 2.44225
6.3498 1.54723
6.33857 0.986062
6.26715 0.733021
6.24857 2.30337
6.24262 2.51582
6.2171 2.11169
6.19739 1.54473
6.02589 2.36676
5.9844 2.87229
5.94921 1.58374
5.93734 1.10076
5.83346 3.30463
5.83088 3.07577
5.77498 2.24774
5.7392 1.83592
5.72188 1.75899
5.71297 1.2487
5.59463 2.68118
5.54554 3.31337
5.54347 1.51115
5.50977 3.26823
5.4894 2.28287
5.48429 3.04472
5.47432 2.20274
5.39687 2.07039
5.34942 2.84807
5.28979 3.61273
5.21723 3.74581
5.20919 2.39478
5.19668 2.67729
5.15524 3.34702
5.11713 1.64875
5.11533 2.63726
5.07325 3.65535
4.95743 3.63111
4.88016 2.33313
4.80643 1.87612
4.75294 2.49101
4.73175 3.35304
4.69427 2.91357
4.61207 2.73445
4.59331 3.18014
4.58476 3.69786
4.50628 2.55661
4.48659 2.17332
4.37324 4.11991
4.37187 3.10273
4.36954 2.20284
4.28779 3.88435
4.27009 2.74241
4.10678 4.00151
4.0936 4.50708
4.02998 3.57463
3.98992 2.73758
3.98867 3.80327
3.93992 5.28607
3.88789 2.88039
3.88301 5.09856
3.82527 3.4846
3.82454 2.39436
3.80133 3.30584
3.76235 2.88284
3.76107 2.45658
3.65266 3.97366
3.62064 3.55661
3.59601 5.00345
3.53997 4.37749
3.52099 5.01369
3.51183 4.4152
3.38383 4.57045
3.37912 5.15478
3.37266 4.31639
3.33907 4.43477
3.26899 2.92618
3.2482 3.59711
3.20089 4.99626
3.17805 3.79199
3.17265 4.2647
3.08956 3.91626
3.06001 3.84747
3.01198 3.89022
3.00679 5.48676
3.00406 2.85766
2.94476 3.38619
2.91216 3.7849
2.85347 4.81509
2.78825 3.49044
2.75741 3.78752
2.71251 5.95148
2.68024 4.41603
2.67139 3.76312
2.59952 3.96884
2.59626 4.80326
2.57683 4.01699
2.5621 6.28591
2.55933 3.72172
2.55915 5.33165
2.55362 3.74193
2.55068 4.78607
2.5142 6.19594
2.4838 5.92469
2.44982 5.67168
2.39745 5.49777
2.37083 4.75252
2.36067 4.65539
2.34138 6.29633
2.31473 5.24149
2.2623 6.15147
2.21721 4.8428
2.16824 5.17849
2.16224 3.97007
2.13808 5.1793
2.04667 4.17843
2.01153 4.49176
1.99858 6.27131
1.96069 5.32815
1.95561 6.85534
1.95489 5.65491
1.92089 5.52141
1.91349 3.94687
1.88054 4.49897
1.84803 4.96897
1.79405 6.71685
1.77101 7.02181
1.76154 6.90844
1.69025 5.06268
1.62431 4.5901
1.60959 5.55599
1.5492 7.38247
1.52995 4.98782
1.51181 5.7066
1.44644 7.60549
1.36235 7.76693
1.35813 5.03424
1.35801 5.01507
1.35512 7.3927
1.32067 6.87687
1.28723 8.19354
1.25898 8.27365
1.25104 5.2164
1.22418 4.91822
1.1962 6.29024
1.15907 7.95243
1.15115 7.6786
1.0718 8.61831
1.04215 7.2656
1.03511 6.02441
1.03076 5.52763
1.02266 6.2845
1.02074 5.82803
1.01817 5.68817
0.990397 6.55254
0.989169 6.05283
0.988816 6.55163
0.987163 7.26007
0.951603 6.40303
0.932974 6.12617
0.929146 5.49019
0.900494 5.40301
0.874152 8.53281
0.840276 5.7904
0.838837 8.13777
0.811254 7.89093
0.782934 8.51284
0.746491 5.81499
0.743863 5.8303
0.735518 7.42121
0.709367 8.67663
0.704595 8.09114
0.701911 7.96986
0.701421 7.6224
0.682829 7.37632
0.67109 8.98936
0.643765 8.35413
0.635696 7.2603
0.61034 7.81936
0.598715 6.36042
0.574062 7.58577
0.569601 9.01265
0.536003 8.07922
0.521727 6.40445
0.518295 5.86745
0.517308 6.16053
0.500807 6.16509
0.499446 6.07987
0.497239 6.11466
0.490633 7.8993
0.485797 8.94044
0.481824 6.40363
0.480883 6.29511
0.471667 8.10599
0.467235 9.55114
0.455707 7.77731
0.451658 8.6491
0.412422 7.76072
0.400579 6.70985
0.370433 9.30087
0.369036 7.05875
0.367412 7.28147
0.362607 9.6102
0.352413 8.27118
0.341767 9.38051
0.316382 6.16363
0.312878 10.1093
0.310933 8.50212
0.30073 8.39907
0.283195 8.17625
0.271843 7.10051
0.269167 8.15256
0.267807 9.77294
0.241837 7.30243
0.237372 8.183
0.235212 6.85649
0.231665 7.19669
0.231042 7.62412
0.202035 7.50059
0.197405 10.3765
0.1868 7.45987
0.182586 10.6274
0.181306 7.66676
0.174448 10.4948
0.171044 8.31552
0.169069 9.21302
0.165212 6.88295
0.156845 8.35479
0.145095 10.138
0.138404 6.83348
0.134717 6.78777
0.119931 8.47241
0.0989888 8.90183
0.0950907 8.16759
0.0797541 9.76398
0.0727354 8.04479
0.0691506 8.82117
0.0657841 8.06992
0.0654209 9.0834
0.0648934 9.56377
0.0588283 7.71685
0.0545862 8.92564
0.048034 7.19762
0.0382924 10.2018
0.036265 10.9156
0.0286569 11.1765
0.0272302 10.3264
0.025702 10.4368
0.0201083 9.18003
0.0185741 9.61273
0.0131745 10.0817
0.011135 11.7726
0.0104813 7.79408
0.00686937 10.5597
0.0033057 11.3577
0.0030872 10.6811
0.00226068 7.74439
0.00185242 11.286
0 0 0 1 0 
0 0 1 0 0 
0 1 0 0 0 
0 1 0 0 0 
0.515007 0.484993 0 0 0 
0 0 0 0 1 
1 0 0 0 0 
0 0 0 1 0 
0 1 0 0 0 
0 0 1 0 0 
0.516845 0 0.483155 0 0 
0 0 0.574535 0.425465 0 
0 0 0 0 1 
0 1 0 0 0 
0 1 0 0 0 
1 0 0 0 0 
1 0 0 0 0 
0 0 0 1 0 
0 0 1 0 0 
1 0 0 0 0 
0 0 0 0 1 
1 0 0 0 0 
0 1 0 0 0 
0 0 0.48429 0.51571 0 
0 0 1 0 0 
0 0 1 0 0 
0 0 0 1 0 
0 0 1 0 0 
0 0 0 0.335483 0.664517 
0 0 1 0 0 
0.431536 0 0.568464 0 0 
1 0 0 0 0 
0 1 0 0 0 
0 0 1 0 0 
0 0 0 0 1 
0 0.727863 0 0 0.272137 
0 0 0 1 0 
0 0 0 0 1 
0 1 0 0 0 
0.416918 0 0 0.583082 0 
0 1 0 0 0 
0 0 0 1 0 
0 1 0 0 0 
0 0 1 0 0 
0 0 0 0 1 
0 0.1699 0.688934 0.141166 0 
0 0 0 1 0 
0 1 0 0 0 
0 1 0 0 0 
0 0 0 1 0 
0 0 1 0 0 
1 0 0 0 0 
0 0 1 0 0 
1 0 0 0 0 
0 1 0 0 0 
0 1 0 0 0 
0 0.150824 0 0 0.849176 
0 1 0 0 0 
0.652765 0.347235 0 0 0 
0 1 0 0 0 
0 0 0 0 1 
0 0 0 0.571064 0.428936 
1 0 0 0 0 
0 0 0 1 0 
0.315487 0.684512 0 0 0 
0 0 1 0 0 
0 1 0 0 0 
0 0 0 1 0 
0 0 0 0.720014 0.279986 
0 1 0 0 0 
0 0 1 0 0 
0 1 0 0 0 
0 0 1 0 0 
0 0 1 0 0 
0 0 0 1 0 
0.265015 0 0.734985 0 0 
0 1 0 0 0 
0 1 0 0 0 
0 0 1 0 0 
0 0 0 1 0 
0 1 0 0 0 
1 0 0 0 0 
0 0 0 0 1 
0 0 1 0 0 
0 1 0 0 0 
0 0 1 0 0 
0 0 1 0 0 
0.337551 0 0.662449 0 0 
0 0 1 0 0 
0 0 0 1 0 
0 0 1 0 0 
0.369155 0 0 0.630845 0 
0 0 1 0 0 
1 0 0 0 0 
0 0 0 0 1 
0 0 0 1 0 
1 0 0 0 0 
0 0 0 0 1 
0 1 0 0 0 
0 0 0 1 0 
0 1 0 0 0 
0 0 1 0 0 
0 0 0 0 1 
0 0.23325 0.377506 0 0.389244 
0 0 1 0 0 
0 0 0 1 0 
0 0 0 1 0 
0 0 0 1 0 
0 0 1 0 0 
0 1 0 0 0 
0 0 0 1 0 
0 0 0 1 0 
0 0 1 0 0 
0 0 0 0.133261 0.866739 
0.358903 0 0.37976 0 0.261337 
0 0 1 0 0 
0 0 0 1 0 
0.790317 0 0 0.209683 0 
0 0 0 0 1 
1 0 0 0 0 
0 0.533947 0.466053 0 0 
1 0 0 0 0 
0 1 0 0 0 
0 0.771618 0 0.228382 0 
0 0 0 1 0 
0.543649 0 0 0.45635 0 
0 1 0 0 0 
0 1 0 0 0 
0 1 0 0 0 
0.541512 0 0 0.458488 0 
0 0 1 0 0 
0 0 0 1 0 
0 0 1 0 0 
0 0 0 0 1 
0 0 0 1 0 
0 0 0 1 0 
0 0 0 1 0 
1 0 0 0 0 
0 0 0 0.584295 0.415705 
0 0 0 1 0 
0 0 0 0 1 
0 0 0 1 0 
0 1 0 0 0 
1 0 0 0 0 
1 0 0 0 0 
1 0 0 0 0 
0 1 0 0 0 
0 0 0 0 1 
0 0 0 1 0 
0 1 0 0 0 
0 0 0 1 0 
0 0 1 0 0 
0 0 0 1 0 
0 1 0 0 0 
0.67204 0 0 0.32796 0 
0 0 0 1 0 
0 0 0.682832 0.317168 0 
0 1 0 0 0 
0 0 1 0 0 
0 0 0 1 0 
0 0 1 0 0 
0.842284 0 0 0 0.157716 
0 0 0 1 0 
0 0 1 0 0 
0 0 0 1 0 
0 0 0 0 1 
0 0 0 1 0 
0 0 0 1 0 
0 1 0 0 0 
0 0 0 0 1 
0 0 0 0 1 
0 0 1 0 0 
0 1 0 0 0 
0 1 0 0 0 
0 0.25086 0 0 0.74914 
0 1 0 0 0 
0 0 0 0 1 
0 1 0 0 0 
0 0 1 0 0 
0 0 0 0 1 
0 0 0 1 0 
0 0 1 0 0 
0 0.277396 0.722604 0 0 
0 0 0 0 1 
1 0 0 0 0 
1 0 0 0 0 
0 0.193767 0.30247 0 0.503763 
0.482597 0 0.517403 0 0 
0 1 0 0 0 
0 0 1 0 0 
0 0 0 0 1 
0 1 0 0 0 
0 1 0 0 0 
1 0 0 0 0 
0 0 1 0 0 
0 0 0 0 1 
0 0 0 0 1 
0 0 1 0 0 
0 0 1 0 0 
0 0 0 0.216156 0.783844 
0 1 0 0 0 
0 0 1 0 0 
0 0 1 0 0 
0 0 0 1 0 
0 0 0 1 0 
0 1 0 0 0 
1 0 0 0 0 
0 1 0 0 0 
1 0 0 0 0 
0 1 0 0 0 
0 0 0.271717 0.728283 0 
0 0 0 1 0 
0 0 1 0 0 
0 0 0 0 1 
0 0 0 0 1 
0 0 1 0 0 
0 0 0 1 0 
1 0 0 0 0 
0.338996 0 0 0.330449 0.330555 
0 0 0 0.191188 0.808812 
0.223575 0 0 0 0.776425 
0 1 0 0 0 
0 0 0 1 0 
0 0 0 0 1 
0 0 0 0 1 
0 1 0 0 0 
1 0 0 0 0 
0 0 0 0 1 
0 0 1 0 0 
0 0 0 1 0 
0 0 1 0 0 
0 0 1 0 0 
0 1 0 0 0 
0 0.68565 0.31435 0 0 
0 1 0 0 0 
1 0 0 0 0 
0.272127 0.727873 0 0 0 
0 0 0 1 0 
1 0 0 0 0 
0 0 0 1 0 
0 0 0 1 0 
0 0 1 0 0 
0 1 0 0 0 
0 0 1 0 0 
1 0 0 0 0 
0 0.717877 0 0 0.282123 
0.525825 0 0.474175 0 0 
0 0 0.485044 0.514956 0 
0 1 0 0 0 
1 0 0 0 0 
1 0 0 0 0 
1 0 0 0 0 
0 0 0 1 0 
0 0 1 0 0 
0.201898 0 0.271989 0 0.526113 
0 0 0 0 1 
0 0 0.283382 0 0.716618 
0 0 0 0 1 
0 0 0 1 0 
0 0 0 1 0 
0 0 1 0 0 
0.497404 0.502596 0 0 0 
0 0 1 0 0 
0 0 0 1 0 
1 0 0 0 0 
0 0 1 0 0 
1 0 0 0 0 
0 0 0 1 0 
0 1 0 0 0 
0 0 0 1 0 
0 0 1 0 0 
0 0 0 1 0 
0 0 0 1 0 
0 0 0 0.657648 0.342352 
0 0 0 0 1 
1 0 0 0 0 
0.619583 0 0.380417 0 0 
0 0.2756 0 0 0.7244 
0 0 1 0 0 
0.485504 0 0 0 0.514496 
0 0 0 1 0 
0 0 0 0 1 
0 0 0 1 0 
0 0 0 1 0 
0 0 0 0 1 
0 0 0 1 0 
0 0 0 1 0 
0.580442 0 0.419558 0 0 
1 0 0 0 0 
0 0 0.398395 0 0.601605 
0 0 0 0 1 
0 1 0 0 0 
0 0 0 1 0 
0 0 1 0 0 
0 0 1 0 0 
0 0 0 0 1 
0 0 1 0 0 
0 0 0 0 1 
0 0 0.446852 0 0.553148 
0.469625 0.530375 0 0 0 
