10 25
0.652687
0.741744
0.517686
0.300466
0.353487
0.461338
0.388432
0.281106
0.372408
0.298553
8.7319 0.611407
7.95423 1.30562
7.834 1.54677
7.27184 1.2439
6.86769 0.804443
6.61445 0.917716
6.17569 2.27462
5.28692 1.66676
4.38362 3.68214
3.68043 3.92846
3.67896 4.35041
3.31429 5.08441
3.2737 4.01087
3.10343 2.9428
2.67566 5.57933
2.14369 6.16092
2.13452 6.15078
1.73339 5.97889
1.55758 4.9188
0.92882 7.62593
0.548728 8.04012
0.364125 6.49575
0.0829519 10.1046
0.0221915 8.01284
0.0026872 9.29072
0 0 1 0 0 0 0 0 0 0 
0 0 0 0 0 0 0 0 1 0 
1 0 0 0 0 0 0 0 0 0 
0 0 0 0 0 0 0 1 0 0 
0 0 0 0 0 0 0 1 0 0 
0 0 0 0 0 0 0 0 1 0 
0 0 0 0 0 0 0 0 0 1 
0 0 0 1 0 0 0 0 0 0 
0 0 0 0 0 0 0 0 1 0 
0 0 0 0 1 0 0 0 0 0 
0 0 1 0 0 0 0 0 0 0 
1 0 0 0 0 0 0 0 0 0 
0 0 0 0 0.161233 0 0 0.838767 0 0 
0 0 0 0 0 1 0 0 0 0 
0 0 0 0 0 0 0.263425 0 0.736575 0 
1 0 0 0 0 0 0 0 0 0 
0 0 0 1 0 0 0 0 0 0 
0 0 1 0 0 0 0 0 0 0 
0 0 0 0 0 0 0 0 1 0 
1 0 0 0 0 0 0 0 0 0 
0 0 0 0 0.7486 0 0 0 0 0.2514 
0 0 0 0.143264 0 0 0 0.271752 0 0.584984 
1 0 0 0 0 0 0 0 0 0 
0 1 0 0 0 0 0 0 0 0 
0 0 0 0 0 0 1 0 0 0 
