10 50
0.532428
0.749489
0.312045
0.486113
0.73961
0.250797
0.403852
0.478463
0.510031
0.430423
10.5037 0.40656
10.4117 0.399607
10.1441 0.540727
10.0344 0.597835
9.85958 0.124052
9.8054 0.592843
9.47324 0.0788155
9.35786 0.549285
9.30787 0.636314
7.6756 2.13367
7.65287 1.40187
7.37504 1.13075
6.61941 2.51263
6.38508 1.63662
6.14589 2.83198
4.81731 2.24716
4.77841 3.30723
4.72532 3.27051
4.71885 2.80839
4.55238 3.82624
4.44264 3.14502
4.29229 4.7163
3.73295 4.43622
3.45047 4.96047
3.05778 4.23986
3.04499 5.02151
2.92654 5.43406
2.79021 4.11224
2.48285 4.38293
2.44651 5.07614
2.12646 5.70865
1.72917 5.52014
1.09262 5.75166
1.07628 5.18817
1.0753 5.70376
1.02862 8.17626
1.01948 6.90997
0.972929 7.34742
0.782651 7.30749
0.766064 5.80543
0.744469 9.02451
0.432706 9.62324
0.38188 8.17861
0.351072 6.22791
0.336781 6.49768
0.313919 6.4381
0.0722551 10.0168
0.0443003 11.0139
0.0218426 11.298
0.0136743 7.84549
0 0 0 0 0 0 0 1 0 0 
0 0 0 0 0 0 0 0 0 1 
0 0 1 0 0 0 0 0 0 0 
0 0 0 0 0 0 1 0 0 0 
0 0 0 0 1 0 0 0 0 0 
0 0 0 0 0 0 0 0 0 1 
0 0 0 0 1 0 0 0 0 0 
1 0 0 0 0 0 0 0 0 0 
0 0 0 0.628992 0 0.371008 0 0 0 0 
0 1 0 0 0 0 0 0 0 0 
0 0 1 0 0 0 0 0 0 0 
0 0 0 0 0 0.729046 0 0 0 0.270954 
0 0 1 0 0 0 0 0 0 0 
0 0 0 0 0 0 0 0 1 0 
0 0 0 1 0 0 0 0 0 0 
0 0 0 0 0 0 0 1 0 0 
0 0 0 0 0 0 0 1 0 0 
0 0 0 0 0 0 0 0 1 0 
1 0 0 0 0 0 0 0 0 0 
0 0 0 0.162767 0 0.837233 0 0 0 0 
0 0 0 0 0 0 0 0.713878 0.286122 0 
0 0 0 0 0 0 0 1 0 0 
0 0 0 0 1 0 0 0 0 0 
0 0 0 0 1 0 0 0 0 0 
0 0 1 0 0 0 0 0 0 0 
0 0 0 0 0 1 0 0 0 0 
1 0 0 0 0 0 0 0 0 0 
0 0 0 0 1 0 0 0 0 0 
0 1 0 0 0 0 0 0 0 0 
1 0 0 0 0 0 0 0 0 0 
0 0 0 0 1 0 0 0 0 0 
0 0 0 0 1 0 0 0 0 0 
0.459905 0 0 0 0.540095 0 0 0 0 0 
0 1 0 0 0 0 0 0 0 0 
0 0 0 0 0 0 0 0.802089 0.197911 0 
0 0 0 0 0 0 0 0 0 1 
0 0 1 0 0 0 0 0 0 0 
0 0.168799 0 0 0 0 0 0 0.831201 0 
0 0 0 0 0 1 0 0 0 0 
0 0 0 0 0 0 0 1 0 0 
0 0 0 0 0 0 0 0 0 1 
0.390543 0 0 0.609457 0 0 0 0 0 0 
0 0 0 0 1 0 0 0 0 0 
0 0 0.507105 0 0 0 0.492895 0 0 0 
1 0 0 0 0 0 0 0 0 0 
1 0 0 0 0 0 0 0 0 0 
0.373532 0 0 0 0 0.626468 0 0 0 0 
0 0 0 0 0 0 0 1 0 0 
0 0 0 0 0 0 0 1 0 0 
0 0 0 0 0 0 0 0 1 0 
