5 25
0.502192
0.555053
0.614487
0.490837
0.336801
11.1635 0.155886
9.15334 0.170499
9.00819 1.41035
7.45857 0.332317
7.43399 1.91918
7.29285 2.15698
6.16645 2.7407
4.75468 2.78566
4.61998 2.17734
3.69391 3.41434
2.97021 3.81198
2.68233 4.56917
2.37475 6.76046
2.04384 6.96284
1.8631 5.56858
1.74429 7.35416
1.42103 6.79113
0.210545 6.80822
0.157951 6.87337
0.112947 8.29102
0.0968603 7.92183
0.0685265 10.9085
0.0304263 9.37271
0.0103393 8.70251
0.00128067 11.9452
0 0.562013 0 0 0.437987 
0 0 0 0 1 
0.500271 0 0 0.499729 0 
0 1 0 0 0 
0 0 0 0 1 
0 0 1 0 0 
1 0 0 0 0 
0 0 1 0 0 
0 1 0 0 0 
0 0 0 0.739226 0.260774 
0 0 0 0 1 
0 0 0 1 0 
0.313208 0 0 0 0.686792 
0 1 0 0 0 
0 0 1 0 0 
0 0 0.253873 0 0.746127 
0 0 0 0 1 
0 0 0 1 0 
0 0 0 1 0 
0 0 0 0 1 
0 0 0 0 1 
0 1 0 0 0 
0 0 0 1 0 
0 0 0 0 1 
0 0 1 0 0 
