10 25
0.467632
0.36727
0.700562
0.397897
0.340193
0.574824
0.500084
0.701798
0.2588
0.303669
9.35371 0.133182
8.88744 0.879697
8.03116 0.972889
7.84261 1.00654
7.72554 0.289535
5.98228 1.22619
5.83076 2.87132
5.29749 3.48208
5.01956 1.54332
4.96156 3.26976
4.87907 3.55686
3.9168 3.32435
3.58155 4.03878
2.80337 5.54597
2.70602 4.04138
2.40194 4.57392
2.18498 5.0178
1.45006 6.57215
1.41556 7.11741
0.913066 8.65664
0.645829 6.91566
0.311725 9.44198
0.297153 7.96012
0.275894 6.48273
0.151694 7.72587
0 0 1 0 0 0 0 0 0 0 
0 0 0 0 0 0 0 1 0 0 
0 1 0 0 0 0 0 0 0 0 
0 0 0 0 0 0 0 0 0 1 
0 0 0 0 0 0 1 0 0 0 
0 0 0 0 0 0 0 0 0 1 
0 0.126333 0 0 0.873667 0 0 0 0 0 
0 0 0 0 1 0 0 0 0 0 
0 0 0 0 0 0.482009 0 0 0 0.517991 
0 0 0 0 0 0 0 0 0 1 
0 1 0 0 0 0 0 0 0 0 
0.681397 0 0.318603 0 0 0 0 0 0 0 
0 0 0 1 0 0 0 0 0 0 
0 1 0 0 0 0 0 0 0 0 
0 0 0 0 0 0 0 0 0 1 
0 0 0 0 0 0 0 0 0 1 
0 0 0 0 0 1 0 0 0 0 
0 1 0 0 0 0 0 0 0 0 
0 0 0 0.280831 0 0 0.719169 0 0 0 
0 0 0 0 0 0 0 0 0 1 
0 0 0 0 0 0 1 0 0 0 
0 0 0 0 0 1 0 0 0 0 
0 0 0 0 0 0 0 0 1 0 
0 0 1 0 0 0 0 0 0 0 
0 0 0 0 0 0.229942 0 0 0.770058 0 
