10 50
0.288946
0.298785
0.635954
0.625727
0.36029
0.446156
0.357054
0.263824
0.512037
0.417147
11.1632 0.247893
9.40193 0.38931
9.21614 0.766654
8.31825 1.46211
7.81238 0.534941
7.67607 0.553782
7.63583 1.81759
7.61167 2.11722
7.20732 1.38801
6.93439 1.14424
6.62103 1.87935
6.51924 2.06706
6.30996 1.70861
6.1557 0.868949
5.48195 2.23216
5.2804 1.61867
5.15155 3.94188
5.10411 2.42518
4.61776 2.61265
4.36923 4.20943
4.24225 4.50374
3.96005 2.95167
3.91165 4.30092
3.86325 3.56984
3.78785 4.3638
3.66501 4.40291
3.56731 4.20027
3.17908 4.40786
3.16842 5.55939
2.71645 3.72604
2.68911 5.62903
2.47254 4.7898
1.5236 4.94907
1.43604 5.00302
1.26069 6.26333
1.20877 4.66082
1.10722 7.64559
1.08779 5.80419
0.765076 7.71124
0.48117 7.22298
0.413818 8.04214
0.357757 6.91182
0.145202 8.43594
0.132722 9.6753
0.11357 8.43839
0.0933513 6.80737
0.0251569 10.556
0.00654185 8.8653
0.00518946 12.0202
0.00372218 10.522
0 0 0 0 0 0 0 0 1 0 
0 0 0 0 0 0 0 0 0 1 
0 0 0 0 1 0 0 0 0 0 
0 0 0 0 0 0 1 0 0 0 
0 0 0 0 0 0 0 0 0 1 
0 0 0 0 0 0.757996 0 0.242004 0 0 
0 0 1 0 0 0 0 0 0 0 
0 1 0 0 0 0 0 0 0 0 
0 0 0 0 1 0 0 0 0 0 
0 0 0 0 0 0 0 1 0 0 
0 0 0 0 1 0 0 0 0 0 
1 0 0 0 0 0 0 0 0 0 
0 0 0 0 0 1 0 0 0 0 
0 0 0 0 0 0 0 0 0 1 
0 0 0 0 0.62281 0 0 0 0 0.37719 
0 0 0 0 0 1 0 0 0 0 
0 0 0 0 0 0 0 1 0 0 
0.303098 0 0 0 0 0 0.696902 0 0 0 
0 0 0 0 0 0.565814 0 0 0 0.434186 
0 1 0 0 0 0 0 0 0 0 
0 0 0.217775 0 0.782225 0 0 0 0 0 
0 0 0 0 0 1 0 0 0 0 
0 0.507479 0 0 0 0 0.492521 0 0 0 
0 0 0 1 0 0 0 0 0 0 
0 0 0 0 0 0 1 0 0 0 
0 1 0 0 0 0 0 0 0 0 
0 0 0 0 0 0 0 0 1 0 
0 0 1 0 0 0 0 0 0 0 
0 0 0 1 0 0 0 0 0 0 
0 0 0 0 1 0 0 0 0 0 
0 0 0 0 0 0 1 0 0 0 
0.349407 0.650593 0 0 0 0 0 0 0 0 
0 0 0 1 0 0 0 0 0 0 
0 0 0 0 0 0 0.754655 0.245345 0 0 
0 0 0 0 0 0 0 1 0 0 
0 0 0 1 0 0 0 0 0 0 
0 0 0 0 0 0 1 0 0 0 
0 0 0 0.25999 0 0 0 0 0 0.74001 
0 0 0 0 0 0 0 1 0 0 
0 0 0 0 0 1 0 0 0 0 
0 0 0 1 0 0 0 0 0 0 
0 0 0 0 1 0 0 0 0 0 
0 0 0 0 0 0 0 0 0 1 
0 0 0 0 0 0 1 0 0 0 
0 0 0 0 0 0 0 0 0 1 
0 0 0 0 0 1 0 0 0 0 
0 0 0 0 0 0 0 0 0 1 
0.792076 0 0.207924 0 0 0 0 0 0 0 
0 0 0 0 0 0 0 1 0 0 
0 0 1 0 0 0 0 0 0 0 
