10 500
0.357418
0.660637
0.299449
0.444847
0.727021
0.671375
0.520223
0.714791
0.309059
0.357655
12.131 0.0834507
11.2351 0.177281
10.8985 0.634216
10.8886 0.210903
10.7943 0.808226
10.4928 0.615765
10.2532 0.942088
10.169 0.958459
10.0075 0.983321
9.98067 0.858403
9.56248 0.83263
9.55142 1.15445
9.52645 0.906115
9.34822 0.420449
9.24976 0.563471
9.24777 0.926869
9.17301 0.522251
9.1556 1.26987
9.10714 1.21784
9.01675 1.14329
8.97839 1.77554
8.9745 0.617161
8.94979 0.48991
8.9121 0.160227
8.7809 0.520674
8.71678 0.634743
8.68203 0.940977
8.62681 0.80861
8.61547 1.96953
8.59319 1.00532
8.58204 1.5098
8.54743 0.887855
8.52145 1.41195
8.44411 1.22316
8.35746 1.5842
8.35183 1.42454
8.28391 1.61447
8.28103 1.6137
8.14392 0.580634
8.13557 0.570542
8.10567 1.51803
8.00422 0.492183
7.96919 0.426036
7.95137 1.78171
7.87438 1.13857
7.78288 0.378353
7.77591 0.62711
7.73025 1.15187
7.70263 1.97984
7.67925 1.7331
7.67477 1.26341
7.6145 1.27754
7.58341 0.736378
7.56878 2.49528
7.55554 1.26837
7.5453 1.47968
7.52289 1.58878
7.46824 0.190404
7.44701 1.0364
7.43974 1.66528
7.39223 2.16828
7.34763 1.32573
7.32288 0.911346
7.23263 1.29573
7.2241 1.64089
7.17664 0.260888
7.17656 1.62238
7.17232 1.73101
7.16923 0.812633
7.15323 0.367242
7.07472 2.29853
7.06816 1.04785
7.04844 2.51057
6.9728 2.53972
6.96357 2.73449
6.92929 2.50508
6.92269 1.10527
6.87735 1.50506
6.86449 2.01485
6.83187 1.91976
6.8081 1.66965
6.75352 0.658592
6.74724 1.90195
6.74684 1.99706
6.71859 2.59835
6.68415 2.20585
6.60573 1.40641
6.58682 1.67121
6.57829 1.39893
6.52352 2.79765
6.48538 1.79906
6.46796 1.14175
6.44433 1.33753
6.43285 2.87647
6.28966 2.57838
6.28631 1.98687
6.20559 1.75843
6.19936 1.66084
6.16869 2.36641
6.16406 2.56494
6.15114 0.939178
6.13981 2.19038
6.13338 3.04902
6.13112 2.76914
6.07057 1.59679
6.05512 1.77266
6.05161 2.65667
6.0483 1.56855
6.03745 2.51277
5.94963 2.08785
5.94757 2.37025
5.89501 2.29844
5.88341 3.24368
5.8334 1.85381
5.82357 1.51546
5.80329 2.26235
5.77142 2.53813
5.76583 1.95779
5.72225 1.38414
5.71895 3.02321
5.64782 3.11023
5.64637 1.32894
5.6234 3.12121
5.59796 1.4459
5.5518 1.63064
5.53834 3.37885
5.50708 2.11928
5.49026 2.96465
5.43812 2.26136
5.41997 1.53606
5.40431 2.55158
5.38129 3.00404
5.36334 2.67151
5.34044 2.3889
5.3392 2.93237
5.32394 2.67497
5.29763 1.69369
5.29263 3.80109
5.28074 1.46968
5.25558 2.06382
5.18135 3.06018
5.17591 1.92172
5.16967 2.26467
5.15009 2.19229
5.10023 2.45574
5.0816 3.74228
5.07662 2.35471
5.05872 2.35228
5.04149 2.47624
5.04127 2.74276
5.01928 3.44493
4.96612 3.18629
4.96268 4.16049
4.95801 2.99359
4.9446 4.17515
4.93634 2.28443
4.93455 3.29407
4.93081 2.27296
4.87239 2.41775
4.85629 2.89849
4.85498 3.4029
4.83918 1.56564
4.83354 2.27357
4.82155 3.45329
4.8191 2.38352
4.80788 3.49526
4.78008 3.13523
4.72541 4.38864
4.71082 3.15611
4.63842 2.48836
4.61442 2.83113
4.42245 4.18481
4.30852 3.13528
4.30072 3.96668
4.29334 2.36909
4.29127 2.78284
4.26343 3.36746
4.23647 2.49011
4.18353 3.15259
4.16854 3.6372
4.15258 3.54008
4.11158 3.89197
4.10836 2.25731
4.10305 3.46316
4.06582 3.83634
4.00843 4.01573
3.99961 4.33307
3.99021 3.68199
3.96533 2.9872
3.9633 3.62905
3.93537 2.95441
3.9337 3.50538
3.92801 3.39037
3.92797 3.40791
3.91014 2.97898
3.90696 3.30329
3.90408 3.71745
3.89722 3.76826
3.8916 4.49876
3.84029 3.73172
3.82968 3.15433
3.78581 3.02126
3.74049 3.22545
3.70473 3.97424
3.69897 4.59569
3.6534 4.93343
3.63405 3.67067
3.63186 5.04285
3.56412 3.39176
3.55359 2.92814
3.54818 3.85059
3.46628 3.41777
3.43944 4.6866
3.42513 3.02891
3.40696 3.80848
3.36603 3.20176
3.29708 4.48699
3.28537 3.57283
3.2196 5.6679
3.2098 4.2587
3.18291 5.3412
3.15645 5.34299
3.10335 5.52515
3.09168 3.73955
3.08772 4.79937
2.97407 5.58868
2.95682 5.57842
2.87461 4.59857
2.85318 3.74401
2.84733 4.46919
2.83305 4.23111
2.81415 5.53315
2.76365 5.17316
2.75649 4.238
2.72952 4.09051
2.7226 4.69442
2.7177 5.60767
2.71132 4.02302
2.68791 5.51387
2.67132 4.33662
2.65555 4.20282
2.64674 4.6355
2.62783 6.30742
2.59208 4.5687
2.58159 4.85695
2.5725 5.84041
2.56373 4.71601
2.56243 4.65392
2.5394 5.82517
2.53256 4.09241
2.52443 4.74733
2.5128 4.67833
2.51031 4.03116
2.46558 5.07268
2.46087 6.25508
2.44686 4.81421
2.44314 3.77335
2.4398 6.20563
2.43072 4.93976
2.38903 5.37815
2.38251 5.91583
2.37614 4.7153
2.36676 5.39007
2.36177 5.29309
2.34328 4.22757
2.33469 5.85695
2.32515 4.52884
2.28745 4.76249
2.24462 6.31306
2.23185 5.72289
2.23165 6.50017
2.18197 5.38112
2.17963 6.02456
2.16338 4.64046
2.1608 4.1377
2.14745 4.66767
2.14515 4.62126
2.12058 5.35949
2.11189 6.42196
2.09085 5.29379
2.08773 3.93678
2.08425 5.08952
2.06632 4.11365
2.05775 5.98245
2.03443 4.73339
2.00892 4.32406
2.0049 4.78046
2.00419 4.95133
1.98077 4.96186
1.96739 4.5961
1.93575 4.58326
1.92386 6.47408
1.90476 6.01243
1.85774 5.0134
1.81172 7.45607
1.80254 6.48796
1.80083 7.26513
1.79397 6.79002
1.73823 7.62172
1.73057 6.35002
1.72809 6.22408
1.71153 4.55281
1.701 4.65852
1.65295 4.80668
1.63095 4.5161
1.61031 7.40896
1.60256 7.16384
1.56552 4.42339
1.54047 6.24112
1.52936 7.36975
1.51456 6.17756
1.48759 5.41237
1.48393 5.45192
1.47852 6.95779
1.47182 5.2385
1.4534 4.59143
1.45021 4.39528
1.44423 6.65051
1.42019 5.7018
1.40119 5.74114
1.39448 4.96346
1.39242 6.36186
1.3688 7.55746
1.35749 4.99335
1.34193 5.37651
1.3327 6.70573
1.32058 5.07114
1.31454 5.34746
1.30601 5.20083
1.28106 7.33165
1.27102 6.75323
1.24434 5.58306
1.23826 5.01945
1.23681 5.09893
1.23517 5.15196
1.23322 8.00261
1.2277 5.95216
1.20159 5.20686
1.17995 6.79186
1.16417 5.37766
1.1594 7.64037
1.15837 5.96414
1.1556 7.99876
1.15512 7.78875
1.12585 5.37116
1.11242 5.41161
1.09887 6.62825
1.08561 8.22068
1.0753 7.07308
1.05972 8.3426
1.05652 5.53638
1.02903 5.56371
1.00005 6.898
0.999062 6.13187
0.992996 8.6025
0.974888 7.2189
0.960171 7.18465
0.953945 6.32529
0.953164 6.24201
0.938485 5.46999
0.93825 5.66866
0.938084 8.29457
0.936377 7.60726
0.926624 6.03734
0.920303 6.24046
0.884907 8.68604
0.875953 6.02078
0.866964 6.38296
0.864559 6.24093
0.850309 6.42133
0.840511 5.62076
0.834914 8.25401
0.834798 8.96569
0.804186 9.07943
0.797023 5.93532
0.791862 8.00671
0.788836 6.57021
0.787858 6.75273
0.779956 6.14181
0.761769 8.35735
0.722275 6.09705
0.714019 6.6294
0.689644 7.96448
0.68408 8.22085
0.670556 6.47308
0.666749 8.86648
0.664711 8.53606
0.661143 6.8482
0.652654 8.55975
0.636986 7.28708
0.633972 9.03425
0.61033 6.82408
0.603914 7.17217
0.597432 8.00264
0.59173 6.75618
0.589943 6.24727
0.563787 8.32091
0.559604 7.15356
0.554461 8.90843
0.552825 6.73901
0.51496 9.4757
0.50592 8.80672
0.497929 8.36111
0.496462 9.30232
0.460327 6.28992
0.458369 6.31508
0.456848 7.43771
0.456469 8.46954
0.448423 7.76202
0.436529 6.41358
0.415819 7.68912
0.414376 6.02945
0.389398 7.49646
0.388955 9.53501
0.3876 6.71168
0.38047 8.14139
0.375774 7.30005
0.370299 6.40319
0.359254 8.35486
0.354516 7.92532
0.335805 9.90749
0.330611 7.8674
0.329679 9.64951
0.322407 8.45041
0.316039 8.87384
0.274831 8.83433
0.24897 7.36172
0.246394 10.0621
0.241543 8.34178
0.238346 7.95999
0.235579 7.59488
0.233903 6.53671
0.226895 9.64729
0.222043 7.49003
0.218464 6.39948
0.199661 10.2611
0.187191 6.87086
0.183499 10.0379
0.160161 10.7863
0.152597 8.66951
0.149983 8.84938
0.149672 7.11109
0.149379 8.60602
0.144865 6.72035
0.144758 8.22563
0.140495 9.73322
0.130524 7.29671
0.129006 10.9773
0.119366 9.60463
0.117824 9.35533
0.117732 10.7661
0.115741 7.79061
0.113492 7.16931
0.111819 10.7405
0.106929 8.89741
0.103406 9.57266
0.0905956 9.1771
0.0879111 9.49887
0.0871678 8.36362
0.0857022 8.0788
0.0752017 10.1772
0.0724607 11.3306
0.0685222 7.0969
0.0658463 7.51033
0.0656057 11.0651
0.0616508 9.16953
0.0587583 7.31697
0.0551205 7.04795
0.0514244 8.90416
0.0513734 8.67477
0.0512811 7.73977
0.0509052 9.72752
0.0482756 9.32938
0.0456874 7.06312
0.0429005 11.0546
0.0391777 8.49262
0.0368279 8.28226
0.0333389 9.76375
0.0314597 8.05953
0.0270498 11.6069
0.0218258 11.2893
0.02024 9.69826
0.0178687 9.79707
0.0177055 8.95908
0.0172098 7.34419
0.0154124 10.0982
0.0119352 9.65521
0.0112866 12.0759
0.00701445 10.8795
0.00645691 7.45173
0.00629576 11.9697
0.00420421 8.82782
0.00399803 8.06797
0.00315965 8.70988
0.00303064 11.7543
0.00275182 11.6078
0.00251622 8.26095
0.00241084 8.50077
0.00223602 9.18626
0.00218088 8.65199
0 0 0 0 0 1 0 0 0 0 
1 0 0 0 0 0 0 0 0 0 
0 0 0 0 0 0 1 0 0 0 
0 0 0 1 0 0 0 0 0 0 
0 0 0.75806 0.24194 0 0 0 0 0 0 
0 0 0 0 0 0 0 0 0 1 
0 0 0 0 0 1 0 0 0 0 
0 0 0 0 0 0 0 1 0 0 
0 0 0 0 0 1 0 0 0 0 
0 0 0 0 0 0 0 0 1 0 
0 0 0 0 0 1 0 0 0 0 
0 0 0 0 0 0 0 1 0 0 
0 0 1 0 0 0 0 0 0 0 
0 0 0 1 0 0 0 0 0 0 
0 0 0 0 0 1 0 0 0 0 
0 0 0 0.652891 0 0 0 0 0 0.347109 
0 0 1 0 0 0 0 0 0 0 
0 1 0 0 0 0 0 0 0 0 
0 0 0 0 0 0 0 0 1 0 
0 0 0 0 0 0 0 0 0 1 
0 0 0 0 0 0 0 0 0 1 
0 0 0 0 0 0 1 0 0 0 
0 1 0 0 0 0 0 0 0 0 
0 0 0 0 0 1 0 0 0 0 
0 0 0 1 0 0 0 0 0 0 
0 0 0 0 0 0 0 0 1 0 
0 1 0 0 0 0 0 0 0 0 
0 0 0 0 0 0 0 0 0 1 
1 0 0 0 0 0 0 0 0 0 
0 0 0 0.434641 0.565359 0 0 0 0 0 
0 0.783493 0.216507 0 0 0 0 0 0 0 
0 0 0 0 0 0 1 0 0 0 
0 0 0 0 1 0 0 0 0 0 
0 0 1 0 0 0 0 0 0 0 
0 0 1 0 0 0 0 0 0 0 
0 0 0 1 0 0 0 0 0 0 
0 1 0 0 0 0 0 0 0 0 
0 0 0.550496 0 0 0.449504 0 0 0 0 
0 0 0 1 0 0 0 0 0 0 
1 0 0 0 0 0 0 0 0 0 
0 0 0 0 0 1 0 0 0 0 
0 0 0 0 0 0 1 0 0 0 
0 0 0 0 0 1 0 0 0 0 
1 0 0 0 0 0 0 0 0 0 
0 0 0 0 0 0 0 0 0 1 
0 1 0 0 0 0 0 0 0 0 
0 0 0 0 0 0 0 0 1 0 
0 0 0 0 1 0 0 0 0 0 
0 0 0 0 0 0 1 0 0 0 
0 0.425068 0 0 0 0.574932 0 0 0 0 
0 0 0 0 0 0 0 0 1 0 
0.142962 0 0 0 0 0 0 0 0.857038 0 
0 0 0.315102 0 0 0 0 0.370086 0 0.314811 
0 0 0 0.463862 0 0 0 0.536138 0 0 
0 0 0 0 0 0 0 1 0 0 
0 1 0 0 0 0 0 0 0 0 
0 0 0 1 0 0 0 0 0 0 
1 0 0 0 0 0 0 0 0 0 
0 0 0 1 0 0 0 0 0 0 
0 0 0 0 0 1 0 0 0 0 
0 0 0 0 0 0 1 0 0 0 
0 0 0 0 1 0 0 0 0 0 
0 0 0 0 0 1 0 0 0 0 
0 0 0 0 0 0 0 1 0 0 
0 0 0 0 0 1 0 0 0 0 
1 0 0 0 0 0 0 0 0 0 
0 0 0 1 0 0 0 0 0 0 
0 0 0 0 1 0 0 0 0 0 
0 0 0 0 0 0 0 1 0 0 
0 0 0 0 0 0 1 0 0 0 
0 0 1 0 0 0 0 0 0 0 
0.306347 0 0 0 0 0 0 0 0.28021 0.413444 
0 0 0 0 0 1 0 0 0 0 
0 0 0 0 1 0 0 0 0 0 
1 0 0 0 0 0 0 0 0 0 
0 0 1 0 0 0 0 0 0 0 
0 0 0 0 0 0 1 0 0 0 
0 1 0 0 0 0 0 0 0 0 
0 0 0 0 0 1 0 0 0 0 
0 0 0 0 1 0 0 0 0 0 
0 0 0 1 0 0 0 0 0 0 
0 0 0 0 0 1 0 0 0 0 
0 0.6151 0 0 0 0 0.3849 0 0 0 
0 0 0 0 0 0 0 0 0 1 
0 0 0 0 0 0 0 0 1 0 
0 0 0 0 0 0 0 0 1 0 
0 0 0 1 0 0 0 0 0 0 
0 0 0 0 0 0 1 0 0 0 
0 0 0 0 0 0 1 0 0 0 
0 0 0 0 0 0 0 0 1 0 
1 0 0 0 0 0 0 0 0 0 
0.497244 0 0 0 0.502756 0 0 0 0 0 
0 0 0 0 0 0 0 1 0 0 
1 0 0 0 0 0 0 0 0 0 
0 0 0 0 0 0 1 0 0 0 
0 0 0 0 1 0 0 0 0 0 
0 0 0 0 0 0 0 0 0 1 
0 0 0 0 0 0 1 0 0 0 
0 1 0 0 0 0 0 0 0 0 
0 0 0 0 0 0 0 0 0 1 
0 1 0 0 0 0 0 0 0 0 
1 0 0 0 0 0 0 0 0 0 
0 0 0 0 0 1 0 0 0 0 
0 0 0 0 1 0 0 0 0 0 
0 0 0 0 0 0 0 0 1 0 
0.815268 0 0 0.184732 0 0 0 0 0 0 
0 0 0 1 0 0 0 0 0 0 
0 0 0 0 0 0 0 1 0 0 
0 0 1 0 0 0 0 0 0 0 
0 0 0 1 0 0 0 0 0 0 
0 0.40608 0.59392 0 0 0 0 0 0 0 
0 0 0 0 0 0 0.712864 0 0.287136 0 
0 0 0 0 0 0 0 0 1 0 
0 0 0 0 0 0 0 0 1 0 
1 0 0 0 0 0 0 0 0 0 
0.273794 0 0 0 0 0 0 0 0 0.726206 
0 0 0 0 0 1 0 0 0 0 
0 0 0 0 0 0 0 1 0 0 
0 0 0 0 0 0 0.353136 0.646864 0 0 
0 0 0 0 1 0 0 0 0 0 
0 0 0 1 0 0 0 0 0 0 
0 0 0.320076 0 0.361221 0.318703 0 0 0 0 
1 0 0 0 0 0 0 0 0 0 
0 0 0 0 0 0 0 1 0 0 
0 0 0 0 0 0 0 0 0 1 
0 1 0 0 0 0 0 0 0 0 
0.122172 0 0 0 0 0 0.352852 0 0 0.524976 
0 0 0 1 0 0 0 0 0 0 
0 0 0 0 1 0 0 0 0 0 
0 0 0 0 0 0 0 1 0 0 
0 0 0 0 0 0 0 0 0 1 
0 0 0 0 0 0 1 0 0 0 
0 0 0 0 0 0 1 0 0 0 
0 0 0 0 0 0 0 1 0 0 
0 0 0 0 0 1 0 0 0 0 
0 0 0 0 0 0 0 0 0.376335 0.623665 
0 0 0 0 0 0 1 0 0 0 
0 0 0 0 0 0 1 0 0 0 
0 0 0 0 0 1 0 0 0 0 
0 0 0 0 0 0 0 0 1 0 
0 0 0 0 0 1 0 0 0 0 
0 0 0 0 0 0.547296 0.452704 0 0 0 
0 0 0 0 0 0 0 0 0 1 
0 0 1 0 0 0 0 0 0 0 
0 1 0 0 0 0 0 0 0 0 
0 0 0 0 0 0 0 0 0 1 
0 0 0 0 0 1 0 0 0 0 
0 0 0 0 0 0 1 0 0 0 
0.469158 0 0 0.530842 0 0 0 0 0 0 
0 0 0 0 0 0 1 0 0 0 
0 0 0 0 0 1 0 0 0 0 
0 0 0 0 0.388305 0 0 0 0 0.611695 
0 0 0 0 0 0 0 0 0 1 
0 0 0 0 0 0 0 1 0 0 
0 0 0 0 0 1 0 0 0 0 
1 0 0 0 0 0 0 0 0 0 
0 0 0 0 0 0 1 0 0 0 
0 0 0 0 0 0 1 0 0 0 
0 0 0 0 0 0 0 1 0 0 
1 0 0 0 0 0 0 0 0 0 
0 0 0 0 0 0 0 1 0 0 
1 0 0 0 0 0 0 0 0 0 
0 0 0 0 0 0 1 0 0 0 
0 0 0 0 0 0 1 0 0 0 
1 0 0 0 0 0 0 0 0 0 
0 1 0 0 0 0 0 0 0 0 
0 0 0 0.390865 0 0 0 0 0.609135 0 
0 0 0 0 0 0 0 0.463179 0.536821 0 
0 0 0 0 0 0 0 0 1 0 
0 0 0 1 0 0 0 0 0 0 
0 1 0 0 0 0 0 0 0 0 
0 0 0 0 0 1 0 0 0 0 
0 0.358482 0 0 0 0 0 0 0.641518 0 
0 0 0 1 0 0 0 0 0 0 
0 0 0 0 0 0 0 0 0 1 
0 0 0 0 0 0.55643 0 0.44357 0 0 
0 0 0 0 1 0 0 0 0 0 
0 1 0 0 0 0 0 0 0 0 
0 0 0 0 1 0 0 0 0 0 
0 0 0 0 0 0 1 0 0 0 
1 0 0 0 0 0 0 0 0 0 
0 1 0 0 0 0 0 0 0 0 
0 0 0 0 0 1 0 0 0 0 
0 0 0 0 0 0 0 1 0 0 
0 0 0 1 0 0 0 0 0 0 
0 0.574715 0 0 0 0 0 0 0.425285 0 
0 0 0 0 1 0 0 0 0 0 
0 0 1 0 0 0 0 0 0 0 
0 0 0 0 0 1 0 0 0 0 
0 0 0 0 1 0 0 0 0 0 
1 0 0 0 0 0 0 0 0 0 
0 0 1 0 0 0 0 0 0 0 
0.382802 0 0 0 0 0 0 0 0 0.617199 
0 0 0 0 1 0 0 0 0 0 
0 1 0 0 0 0 0 0 0 0 
0 1 0 0 0 0 0 0 0 0 
1 0 0 0 0 0 0 0 0 0 
1 0 0 0 0 0 0 0 0 0 
0 1 0 0 0 0 0 0 0 0 
1 0 0 0 0 0 0 0 0 0 
0 0 0 0 0 0 0 0.274223 0.725777 0 
0.605348 0 0 0 0 0 0 0 0 0.394652 
0 1 0 0 0 0 0 0 0 0 
0.512686 0 0 0 0 0 0.487314 0 0 0 
0 0 0 0 0 0 0 0 1 0 
0 1 0 0 0 0 0 0 0 0 
0 0 0 0 0 0 0 1 0 0 
0 0 0 1 0 0 0 0 0 0 
0 0 0 0 0 0 0 0 1 0 
0 0 0 1 0 0 0 0 0 0 
1 0 0 0 0 0 0 0 0 0 
0 0.182157 0 0 0 0 0.817843 0 0 0 
0 0 0 0 0 0 0 1 0 0 
0 0 0.330519 0 0 0 0.669481 0 0 0 
1 0 0 0 0 0 0 0 0 0 
0 0 0 0 0.57904 0 0 0 0.42096 0 
0 0 0 0 1 0 0 0 0 0 
0 0 0 1 0 0 0 0 0 0 
0 0 0 0 0 0 0 1 0 0 
0 0 0 1 0 0 0 0 0 0 
0 0 0 0 0 0 0 0 1 0 
0 0 0 0 1 0 0 0 0 0 
0 0 0 0 0 0 0 0 0 1 
0 0 0 0 1 0 0 0 0 0 
0 0 0 0 0 0 0.608469 0.391531 0 0 
0 0 0 0 0 0 0 0 1 0 
0 0 0 1 0 0 0 0 0 0 
0 0 0 0 0 0 0 1 0 0 
0 0 0 0.378135 0 0 0 0 0 0.621865 
1 0 0 0 0 0 0 0 0 0 
1 0 0 0 0 0 0 0 0 0 
0 0 0 1 0 0 0 0 0 0 
1 0 0 0 0 0 0 0 0 0 
0 0 1 0 0 0 0 0 0 0 
1 0 0 0 0 0 0 0 0 0 
0 0 0 1 0 0 0 0 0 0 
1 0 0 0 0 0 0 0 0 0 
0 0 0 0 0 1 0 0 0 0 
0 0 0 0 0.74861 0 0 0.25139 0 0 
0 0 0 0 0 0 0 0 0 1 
0 0 0 0 0 0 0 0 1 0 
0 1 0 0 0 0 0 0 0 0 
0 0 0 0 0 0 0 1 0 0 
0 0 1 0 0 0 0 0 0 0 
0 0 1 0 0 0 0 0 0 0 
0 0 0 0 1 0 0 0 0 0 
0 0 0 0 0 0 0 0 1 0 
0 0 0 0 0 0 0 0 1 0 
0 0 0 0 1 0 0 0 0 0 
0 0 0 0 0 0 1 0 0 0 
0 0 0 0 0 0 1 0 0 0 
0 0 0 0 1 0 0 0 0 0 
0 0 0 0 0 0 0 0 0 1 
0 0 0 0 0 0 0 0 1 0 
1 0 0 0 0 0 0 0 0 0 
1 0 0 0 0 0 0 0 0 0 
0 0 0 0 1 0 0 0 0 0 
1 0 0 0 0 0 0 0 0 0 
1 0 0 0 0 0 0 0 0 0 
0 0 1 0 0 0 0 0 0 0 
0 0 0 0 0 0 1 0 0 0 
0 0 0 0 0 0 1 0 0 0 
0 0 0 0 1 0 0 0 0 0 
0 0 0 0.537374 0 0.462626 0 0 0 0 
0 0 0 0 0 0.331225 0 0 0.668775 0 
0 0 0 0 1 0 0 0 0 0 
1 0 0 0 0 0 0 0 0 0 
0 0 0 0 0 0 0 0 0 1 
1 0 0 0 0 0 0 0 0 0 
0 0 0 0 0 0 1 0 0 0 
0 0 0 0 1 0 0 0 0 0 
0 0 0 0 0 0 0 0 0 1 
0 0 0 0 0 0 0 0 1 0 
1 0 0 0 0 0 0 0 0 0 
0 0 0 1 0 0 0 0 0 0 
0 1 0 0 0 0 0 0 0 0 
0 0 0 0 0 0 0 0 1 0 
0 0 0 0 0 1 0 0 0 0 
0 0 0.862653 0 0 0 0 0 0.137347 0 
0 0 1 0 0 0 0 0 0 0 
0 0 0 0 0 0 0 0 1 0 
1 0 0 0 0 0 0 0 0 0 
0 0 0 0 0 0 1 0 0 0 
0 0.304399 0 0 0 0 0 0 0 0.695601 
0 0 0 0 0 0 1 0 0 0 
0 0 0.519053 0 0 0 0.326135 0.154812 0 0 
0 0 1 0 0 0 0 0 0 0 
0 0 0 0 0 0 0 0 0 1 
0 0 0 0 0 0 0 0.705587 0 0.294413 
0 0 0 0 0 0 0 0 0 1 
0 1 0 0 0 0 0 0 0 0 
0 1 0 0 0 0 0 0 0 0 
0 0 0 0 0 0.510572 0 0 0 0.489428 
0 0 0 1 0 0 0 0 0 0 
0 0 0.475267 0 0 0.524733 0 0 0 0 
1 0 0 0 0 0 0 0 0 0 
0 0 0.237678 0 0 0 0 0 0.762321 0 
0 0 0 1 0 0 0 0 0 0 
0 0 0 0 0 0 0 0 0 1 
0 0 0 0 0 1 0 0 0 0 
0 0 0 0 0 0 0 1 0 0 
0 0 0 0 0 0 1 0 0 0 
1 0 0 0 0 0 0 0 0 0 
0 0.434901 0 0 0 0 0 0 0 0.565099 
0 0 0 0 0 1 0 0 0 0 
0 0 0 0 0 0 0 0.27433 0.72567 0 
0 0 1 0 0 0 0 0 0 0 
0 0 0 0 0 0 0 0 1 0 
0 0 0 0 0 0 0.33489 0.66511 0 0 
0 0 0 1 0 0 0 0 0 0 
0 0 0 0 0 0 0 0 1 0 
0 0 0 0 0 1 0 0 0 0 
0 0 0 0 1 0 0 0 0 0 
1 0 0 0 0 0 0 0 0 0 
1 0 0 0 0 0 0 0 0 0 
0 0 0 0 0 0 0 0 0 1 
0 0 0 0 0 0 0 0 0 1 
0 0 0 0 0 0 0 0 1 0 
0 0 1 0 0 0 0 0 0 0 
0 0 0 0 0 0 1 0 0 0 
0 1 0 0 0 0 0 0 0 0 
0 0 0 0 0 0 1 0 0 0 
0 0 0 0 0 1 0 0 0 0 
0 0 0 0 0 1 0 0 0 0 
0 0 0 0 0 0 0.722528 0.277472 0 0 
0 0 0 1 0 0 0 0 0 0 
0 0 0 1 0 0 0 0 0 0 
0 0 0 0 0 1 0 0 0 0 
0 0 0 0 0 0 0 1 0 0 
0 0.564075 0 0 0 0 0 0 0.435925 0 
0 0 1 0 0 0 0 0 0 0 
0 0 0 0 0 0 0 1 0 0 
0 0 0 0 0 0 0 1 0 0 
0 1 0 0 0 0 0 0 0 0 
0 0 0 0 0 0 1 0 0 0 
0 0 0 0 0 0.169819 0 0 0 0.830181 
0 0 0 0 1 0 0 0 0 0 
0 1 0 0 0 0 0 0 0 0 
0 0 0 0 0 0 0 0 0 1 
0 1 0 0 0 0 0 0 0 0 
0 0 0.485204 0 0 0 0.514796 0 0 0 
0.200496 0 0 0 0 0 0.799504 0 0 0 
0 0.472263 0 0 0.527737 0 0 0 0 0 
0 0 0 0 0 0 0 0 1 0 
0 0 0.535926 0 0 0 0 0.464074 0 0 
0 1 0 0 0 0 0 0 0 0 
1 0 0 0 0 0 0 0 0 0 
0 0 0 0 0 0 0 1 0 0 
0 0 0 0 1 0 0 0 0 0 
0 0 0 0 0 0 0 0 0.864146 0.135854 
0 0 0 0 0 0 0 1 0 0 
0 0 0 0 0 0 0 1 0 0 
0 0 0 0.567065 0 0 0 0 0 0.432935 
0 1 0 0 0 0 0 0 0 0 
0 0 0 0 0 0 1 0 0 0 
0 0 0 0 0 0 0 0 0 1 
0 0 0 0 0.843855 0 0 0 0.156145 0 
0 0 0.640073 0.359927 0 0 0 0 0 0 
0 0 0 0 0 0 0 1 0 0 
0 0 0 0 0 1 0 0 0 0 
0 0.424102 0 0 0 0 0 0.575898 0 0 
0 0 0 0 0 1 0 0 0 0 
0 0 0 0 1 0 0 0 0 0 
1 0 0 0 0 0 0 0 0 0 
0.1837 0 0.8163 0 0 0 0 0 0 0 
0 0 0 0 0 0 0 0 0 1 
0 0 0 0 0 0 0 0 0 1 
0 0 0 0 0 0 0 0 0 1 
0 0 0 0 0 1 0 0 0 0 
0 0 0 0 0 0 1 0 0 0 
0 0 0 1 0 0 0 0 0 0 
0 0 0 0 0 1 0 0 0 0 
0 0 0 0 0 0 0 1 0 0 
0 0 0 0 1 0 0 0 0 0 
1 0 0 0 0 0 0 0 0 0 
0 0 0 0 0.224068 0 0 0 0.775932 0 
0 0 0 0 0 0 0 0.551644 0.448356 0 
0 0 0 0 1 0 0 0 0 0 
0 0 1 0 0 0 0 0 0 0 
1 0 0 0 0 0 0 0 0 0 
0 0 0 0 0 0.127314 0.872686 0 0 0 
0.338555 0.490834 0.170611 0 0 0 0 0 0 0 
0 0 0 0 0 0 0 1 0 0 
0 0 0 0.67246 0 0 0 0.32754 0 0 
1 0 0 0 0 0 0 0 0 0 
0 0 0 0 1 0 0 0 0 0 
0.790712 0 0 0 0 0 0 0 0.209288 0 
0 0 0 0 0 1 0 0 0 0 
0 0 0 0 0 0 0 0 1 0 
0 0 1 0 0 0 0 0 0 0 
1 0 0 0 0 0 0 0 0 0 
0 1 0 0 0 0 0 0 0 0 
0 0 0 0 0 0 0 1 0 0 
0 0 0 0 0 0 0 0 0 1 
1 0 0 0 0 0 0 0 0 0 
0 0 1 0 0 0 0 0 0 0 
1 0 0 0 0 0 0 0 0 0 
1 0 0 0 0 0 0 0 0 0 
0 0 0 1 0 0 0 0 0 0 
1 0 0 0 0 0 0 0 0 0 
0 1 0 0 0 0 0 0 0 0 
0 0 0 0 0 0 0 1 0 0 
0 0 0 0 1 0 0 0 0 0 
0 0 0 0 0.674751 0 0 0 0 0.325249 
0 0 1 0 0 0 0 0 0 0 
0 0 1 0 0 0 0 0 0 0 
1 0 0 0 0 0 0 0 0 0 
1 0 0 0 0 0 0 0 0 0 
0 0 0 0 0 0 0 0 1 0 
0 0 0 0 0 0 1 0 0 0 
0 0 0 0 0 0 0 0 0 1 
0 0 0 0 1 0 0 0 0 0 
0 0 1 0 0 0 0 0 0 0 
0 0 0 0 0 0 1 0 0 0 
0 0 1 0 0 0 0 0 0 0 
1 0 0 0 0 0 0 0 0 0 
0 1 0 0 0 0 0 0 0 0 
0 0 0 0 0 1 0 0 0 0 
1 0 0 0 0 0 0 0 0 0 
0 0 0 0 0 0 0 0 0 1 
0 0 0 0 0 0 0 0 1 0 
0 0 0 0 0.393342 0.606658 0 0 0 0 
0 0 0 0 0 1 0 0 0 0 
0 0 0 0 0 1 0 0 0 0 
0 0 0 0 1 0 0 0 0 0 
0 0 1 0 0 0 0 0 0 0 
0 1 0 0 0 0 0 0 0 0 
0.267955 0 0 0.732045 0 0 0 0 0 0 
0 0 1 0 0 0 0 0 0 0 
1 0 0 0 0 0 0 0 0 0 
0 0 0 0 0 0 0 1 0 0 
0 0 0 0 0 0 0 1 0 0 
0 0 0 0 0 0 0 0 1 0 
0 0 0 0 0.222109 0.777891 0 0 0 0 
0 0 0 0 0 0 0 0 1 0 
0 0.417189 0 0 0 0 0 0 0 0.582811 
0 0.369347 0 0 0 0 0 0.280869 0 0.349784 
0 0 0 0 1 0 0 0 0 0 
0 0 1 0 0 0 0 0 0 0 
0 0 0 0 0 0 0.403994 0.205343 0.390663 0 
0 0 0 1 0 0 0 0 0 0 
0 1 0 0 0 0 0 0 0 0 
0 0 0 0 0 0 1 0 0 0 
0 0 0 0 0 0 0 0 0 1 
0 0 0 0 0.164571 0 0 0 0 0.835429 
0 0 0 1 0 0 0 0 0 0 
0 1 0 0 0 0 0 0 0 0 
0 0.528037 0 0 0 0 0 0 0.471963 0 
0 0 0 0 1 0 0 0 0 0 
0 0 0 0 0 0 0 0 1 0 
0 0 0.591363 0 0 0.408637 0 0 0 0 
0 0.452672 0 0 0 0 0 0 0 0.547328 
0 0 0 0 0 0 1 0 0 0 
0 1 0 0 0 0 0 0 0 0 
0 0 0 0 0 1 0 0 0 0 
0 0 0 0 0 1 0 0 0 0 
0.365234 0 0 0 0.266977 0 0 0.36779 0 0 
0 0 0 1 0 0 0 0 0 0 
0 1 0 0 0 0 0 0 0 0 
0 0 0 1 0 0 0 0 0 0 
0 0 0 1 0 0 0 0 0 0 
0 0 0 0 0 0 0 0 1 0 
0.828784 0 0 0 0 0 0 0.171216 0 0 
0 0 0 0 1 0 0 0 0 0 
0 0 0 0 0 0 0 1 0 0 
0 0 0 0 0.849897 0 0 0 0 0.150103 
0 1 0 0 0 0 0 0 0 0 
0 0 0 0 0.489676 0 0 0 0.510324 0 
0 0 0 0 0 0 0 0 1 0 
0 0 0 0 0 0 0 1 0 0 
0 0 0 0 0 0 0 1 0 0 
0 0 0.435229 0.564771 0 0 0 0 0 0 
0 0 0.299424 0 0 0 0 0 0 0.700576 
0 0 0.618811 0 0 0 0 0 0 0.381189 
0 0 0 0 0 0 0 0 1 0 
0 0 0 0 0 0 0 1 0 0 
0 0 0 0 0 0.530236 0 0 0.469764 0 
0 0 0 0 0 0 0 1 0 0 
0 0 0 0 0 0 1 0 0 0 
0 0 0 0 0 0 0 0.348346 0 0.651654 
0 0 0 1 0 0 0 0 0 0 
0 0 1 0 0 0 0 0 0 0 
0 0 0 0 0 0 0.265455 0 0.734545 0 
0 0 0 0 1 0 0 0 0 0 
1 0 0 0 0 0 0 0 0 0 
0 0 0 0 0 0 0 0 1 0 
0 0 0 0 1 0 0 0 0 0 
0 0 0 1 0 0 0 0 0 0 
0 0 0 0 0 0 1 0 0 0 
0 0 0 0 0 1 0 0 0 0 
0 0 0 0 0 1 0 0 0 0 
0 0 0 0 0 0 0 0 1 0 
0 0 0 0 0 0 0 0 0 1 
1 0 0 0 0 0 0 0 0 0 
0 0 0 0 0 0 1 0 0 0 
0 0 0 0 0 0 0 0 0 1 
1 0 0 0 0 0 0 0 0 0 
0 0.381108 0 0 0 0 0.618892 0 0 0 
0 0 1 0 0 0 0 0 0 0 
0 0 1 0 0 0 0 0 0 0 
