5 100
0.298508
0.353051
0.745994
0.642638
0.367952
10.5072 0.465409
9.49512 0.433996
9.49284 0.953575
9.18885 0.379809
9.08137 0.12562
8.79621 0.705021
8.7285 0.470263
8.65447 1.63044
8.38536 0.81847
8.2418 0.573314
8.12939 1.05904
7.79425 0.719024
7.65969 1.06467
7.54072 1.57686
7.45456 0.126232
7.44239 1.28884
7.11461 1.66131
6.95121 2.14487
6.86104 3.10001
6.85611 1.34978
6.73018 1.50905
6.57885 2.04719
6.5335 1.0159
6.48409 2.52776
6.14747 3.37651
6.0201 1.69002
6.0183 2.75418
5.97785 1.5951
5.7149 3.43183
5.65088 2.11684
5.57231 2.83173
5.31799 3.2692
5.25434 2.12851
4.93304 3.62126
4.61734 3.3755
4.54982 2.48095
4.40808 2.61396
4.15061 3.34906
4.05722 2.96079
4.01556 3.65267
3.99042 4.5376
3.78785 4.36476
3.70805 4.79503
3.60418 2.99359
3.43076 3.6357
3.32185 3.29862
3.04173 3.99968
2.85903 3.38383
2.75904 3.86907
2.31031 5.42886
2.04936 5.95752
1.87317 5.32031
1.49162 6.81247
1.45058 4.93095
1.39032 7.28442
1.38594 6.07352
1.24161 5.62622
1.15319 7.52273
1.12816 5.71515
1.10588 7.56422
1.1031 5.62724
1.08244 8.49152
1.06829 7.71932
1.04106 6.86643
1.03375 6.55296
0.887453 6.2873
0.862182 5.41888
0.852396 7.46543
0.848528 6.25612
0.763707 5.75392
0.754966 5.62061
0.689649 8.14264
0.686652 6.62851
0.60619 8.31064
0.560908 8.30011
0.557655 8.39067
0.530708 6.69622
0.501534 7.61168
0.472101 7.65328
0.453931 8.70574
0.425932 7.43675
0.418739 8.14941
0.402722 9.75702
0.394152 6.28405
0.392723 7.26531
0.387738 7.31464
0.289775 8.48422
0.254345 9.84203
0.210708 9.16039
0.144761 8.24336
0.0874168 10.4708
0.0697585 9.09853
0.0661599 11.2337
0.0478272 9.18291
0.035722 9.97722
0.0287338 11.2899
0.0258309 9.15228
0.0145929 8.33287
0.0143712 9.98012
0.0128357 10.4344
0 0 0 0.323225 0.676775 
0 1 0 0 0 
0 1 0 0 0 
0 1 0 0 0 
0 0 0 1 0 
0 1 0 0 0 
0 0 0 0 1 
1 0 0 0 0 
0 0 0.823227 0 0.176773 
0 0 0 0 1 
0 0 0.369747 0.630253 0 
0 0 1 0 0 
1 0 0 0 0 
0.481113 0.518887 0 0 0 
0 0 0.465969 0 0.534031 
0 0.643538 0 0 0.356462 
0 0 0 1 0 
0 0 0 1 0 
0.61548 0 0 0 0.38452 
0 0 1 0 0 
1 0 0 0 0 
0 0.27792 0 0.72208 0 
0 0.594733 0 0.405267 0 
0 0 0 0 1 
1 0 0 0 0 
0 0 0 0 1 
1 0 0 0 0 
0 0 0 0 1 
0 0 0 0 1 
0 0 0 1 0 
0 0 0 0 1 
0 1 0 0 0 
0 0 1 0 0 
0 0 1 0 0 
0 0.166218 0.833782 0 0 
0.630458 0 0.369542 0 0 
0 0 0 1 0 
0 0 1 0 0 
0 0 0 0 1 
0 0 1 0 0 
0 1 0 0 0 
0 0 0 1 0 
1 0 0 0 0 
0 1 0 0 0 
0 0 0 0 1 
0 1 0 0 0 
0 0 1 0 0 
0.557567 0 0 0.442433 0 
0 0 0 0 1 
0 0 1 0 0 
0 0 0 1 0 
0 0 1 0 0 
1 0 0 0 0 
0 0 0 0 1 
0 0.488281 0.511719 0 0 
0 0 0 0 1 
0 0 0 0 1 
0 0 0 1 0 
1 0 0 0 0 
0 0 0.140392 0 0.859608 
0 1 0 0 0 
0 0 1 0 0 
0 0 0 0 1 
0 0 0 0 1 
0 1 0 0 0 
0 0 0 1 0 
1 0 0 0 0 
0 0 1 0 0 
1 0 0 0 0 
1 0 0 0 0 
0 0 0 1 0 
0 0 0 0 1 
0 0 1 0 0 
0 0 1 0 0 
0 0 0 1 0 
0.462179 0 0.53782 0 0 
0 0 0.815599 0.184401 0 
0 0 0 1 0 
0 0 1 0 0 
0 0 0 0 1 
1 0 0 0 0 
1 0 0 0 0 
0 0 0 0 1 
0 0 1 0 0 
0 0 0 0 1 
0 1 0 0 0 
0 0 1 0 0 
0 1 0 0 0 
0 0 0 1 0 
0 0 1 0 0 
0.545389 0 0 0 0.454611 
0 1 0 0 0 
0 0 0 0 1 
0 0 0.655689 0 0.344311 
0 0 0 1 0 
0 0 1 0 0 
0 0 0 1 0 
0.580633 0 0 0 0.419367 
1 0 0 0 0 
0 0 0.159782 0.840218 0 
