10 150
0.739437
0.535759
0.554381
0.653018
0.638778
0.509111
0.500288
0.267637
0.688806
0.705416
11.3062 0.359584
10.9672 0.144959
10.5472 0.602019
10.4621 0.870242
10.4224 0.471839
10.4214 0.442255
10.3257 0.826937
10.2552 0.104521
10.2403 0.524951
9.80496 0.846403
9.73384 1.05555
9.07593 1.15996
8.80896 0.563703
8.76321 1.24417
8.58034 1.16243
8.26684 1.60928
7.85893 0.964464
7.55527 0.503309
7.54751 0.261203
7.45505 1.30931
7.36713 0.630903
7.1705 1.16909
6.96875 1.29057
6.95059 1.61988
6.939 1.00062
6.9271 2.38276
6.77953 0.73358
6.69467 1.22447
6.68048 0.727913
6.65216 1.17246
6.61112 3.13106
6.51312 1.87775
6.2113 1.93223
5.93884 3.13373
5.92968 2.86688
5.89354 1.38699
5.66971 2.73476
5.58514 2.50375
5.46697 3.54561
5.40115 2.918
5.27332 1.7563
5.15719 2.60464
5.06367 4.1601
4.82016 3.79739
4.78777 3.98732
4.75882 2.84787
4.67038 3.30771
4.61267 2.80589
4.39257 3.69181
4.3672 2.74959
4.22839 3.16808
4.17672 4.31908
4.02861 3.56691
3.92726 4.19331
3.92332 4.30346
3.87509 4.4283
3.86783 2.9972
3.86376 2.88115
3.83095 3.36625
3.80171 2.6961
3.64594 3.16685
3.64548 4.74804
3.52866 3.43664
3.46642 4.88428
3.23399 3.5533
3.04849 3.93908
2.96086 3.26665
2.86603 6.07055
2.74797 4.25221
2.61133 5.64186
2.53944 5.94214
2.50247 4.83081
2.49948 4.93691
2.25957 4.95805
2.25201 4.17127
2.21131 5.6294
2.19343 6.67972
2.03503 4.38816
1.96317 4.53663
1.96223 5.9955
1.94629 5.73889
1.90369 6.83317
1.84763 7.50518
1.61895 7.29053
1.58544 4.99112
1.5824 5.33673
1.52884 4.38204
1.52708 6.57333
1.49748 5.51771
1.46774 5.23425
1.39825 7.56812
1.36051 5.98139
1.27009 5.208
1.15761 5.63349
1.14225 5.68131
1.14045 5.88503
1.04597 5.31027
0.995448 6.24488
0.992623 8.08491
0.990016 5.91056
0.94693 6.60655
0.905395 7.52037
0.893978 6.97775
0.850711 7.24579
0.77775 5.81085
0.761571 8.21149
0.740859 5.84617
0.731276 5.90752
0.709426 5.37659
0.627604 6.94255
0.600818 7.68793
0.598059 8.51886
0.551093 8.25511
0.526531 8.95744
0.524958 6.69616
0.469423 7.29805
0.430125 7.60947
0.376559 9.41374
0.358215 8.94256
0.346216 8.59191
0.33038 8.02357
0.314146 8.04867
0.285309 6.7322
0.25506 8.96001
0.251734 6.46023
0.222239 8.31538
0.219582 6.5248
0.219474 10.3554
0.217328 7.23467
0.174922 10.0115
0.160746 10.4009
0.134647 8.25388
0.125662 7.35067
0.120065 9.96539
0.102337 9.41093
0.0861459 7.44311
0.0842011 11.0854
0.0825168 9.17854
0.0679798 8.52997
0.0548016 7.76244
0.0428155 10.2471
0.0222887 8.69587
0.0195019 9.88315
0.0192872 11.8263
0.0122203 9.56489
0.00862529 11.6545
0.00747901 9.53668
0.00355402 9.9374
0.00304896 9.01293
0.00127562 11.146
0 0 0 0 0 1 0 0 0 0 
0 0 0 0.765787 0 0.234213 0 0 0 0 
0 0 0 0 0 0 1 0 0 0 
1 0 0 0 0 0 0 0 0 0 
0 0.432051 0 0 0 0 0 0 0.567949 0 
0 0 0 0 0.301025 0 0 0 0.698975 0 
0 0 0 0 0 0.596587 0 0.403413 0 0 
0 0 1 0 0 0 0 0 0 0 
0 0 0 0 0 0 0 0 0 1 
0 0 0 0 0 0 1 0 0 0 
0 0 1 0 0 0 0 0 0 0 
0 0 0 0 1 0 0 0 0 0 
0 0.470291 0 0 0.529709 0 0 0 0 0 
1 0 0 0 0 0 0 0 0 0 
0 0 0 0 0 0 0 1 0 0 
0 0 0 0 0.43201 0.378108 0.189882 0 0 0 
0 0 0 0 0 0 0 0 0 1 
1 0 0 0 0 0 0 0 0 0 
0 0 0 0 0.30709 0 0 0.69291 0 0 
0 0 0 0 0 1 0 0 0 0 
1 0 0 0 0 0 0 0 0 0 
0 1 0 0 0 0 0 0 0 0 
0 0 0 0 0 0 0 0 0 1 
0.326998 0 0 0.673002 0 0 0 0 0 0 
0 0 0 0 0 0 0 0 1 0 
0 0 0 1 0 0 0 0 0 0 
0 0 0 0 0 0 0 0 0 1 
0 0 1 0 0 0 0 0 0 0 
0 0 0 0 0 0 1 0 0 0 
0 0 0 0 1 0 0 0 0 0 
0 0 1 0 0 0 0 0 0 0 
0 0 0 0 0 0 1 0 0 0 
0.67574 0 0 0 0 0.32426 0 0 0 0 
0 0 0 0 0 0 0 0 1 0 
0 0 0 0 0 0 0 0 1 0 
0.393496 0 0 0 0 0 0 0.606504 0 0 
0 0 0 0 0 0 1 0 0 0 
0 0 0 0 0 0 0 1 0 0 
0 0 1 0 0 0 0 0 0 0 
0 0 0 0 1 0 0 0 0 0 
0 1 0 0 0 0 0 0 0 0 
0 1 0 0 0 0 0 0 0 0 
0 0 0 0 0 0 0 1 0 0 
0 1 0 0 0 0 0 0 0 0 
0 0 0 0 0 0 1 0 0 0 
0 0 0 0.474314 0 0 0 0.525686 0 0 
0 0 0 0 0 0 1 0 0 0 
0.602952 0.397048 0 0 0 0 0 0 0 0 
0.167997 0.626101 0 0 0 0 0 0.205902 0 0 
1 0 0 0 0 0 0 0 0 0 
0 0 1 0 0 0 0 0 0 0 
0 0 0 0 0 0 0 0 0 1 
0 0 0 0 0 0 0 1 0 0 
0 0 0 0 0 1 0 0 0 0 
0 0 0 0 0 0 0 1 0 0 
0.544953 0 0.455047 0 0 0 0 0 0 0 
0 0 0 0 0 0 0 0 0 1 
0.44048 0 0.55952 0 0 0 0 0 0 0 
0 0 0 0 0.524741 0.475259 0 0 0 0 
1 0 0 0 0 0 0 0 0 0 
0 0 0 0 0 0 0 0 1 0 
0 1 0 0 0 0 0 0 0 0 
0 0 1 0 0 0 0 0 0 0 
0 1 0 0 0 0 0 0 0 0 
1 0 0 0 0 0 0 0 0 0 
0 0 0 0 0 1 0 0 0 0 
1 0 0 0 0 0 0 0 0 0 
0 1 0 0 0 0 0 0 0 0 
0 0 1 0 0 0 0 0 0 0 
0 0 0 0 0 0 0 1 0 0 
0 0 0 0 0 0 0 1 0 0 
0 0 0 0 0 0 0 0 0 1 
1 0 0 0 0 0 0 0 0 0 
0 0 0 1 0 0 0 0 0 0 
0 0 1 0 0 0 0 0 0 0 
0 0 0 0 0.738136 0 0 0 0.261864 0 
0 1 0 0 0 0 0 0 0 0 
0 0 0 0 0 1 0 0 0 0 
0 1 0 0 0 0 0 0 0 0 
0 0 0 0 0 0 0 0 1 0 
0 0 0 0 0 0 0 0 1 0 
0 0 0 0 0 1 0 0 0 0 
0 0 0 0 0 0 0 0 0 1 
0 0 0 0 0 0 1 0 0 0 
0 0 0 0 1 0 0 0 0 0 
0 1 0 0 0 0 0 0 0 0 
0 0 1 0 0 0 0 0 0 0 
0 0 0 0 0 0 0 0 0 1 
0 1 0 0 0 0 0 0 0 0 
0 0 0 0 0 0 0 0 1 0 
0 0 0 0 0 0 1 0 0 0 
0 0 0 0.435783 0 0.480043 0 0 0.0841739 0 
0 0 0 0 0 0 1 0 0 0 
0 0 1 0 0 0 0 0 0 0 
0 0 0 0 0 0 0 1 0 0 
0 1 0 0 0 0 0 0 0 0 
0 0 0 0 0.550809 0.449191 0 0 0 0 
0 0 0 0 0 1 0 0 0 0 
0 0 0 1 0 0 0 0 0 0 
0 0 0 0 0 0 1 0 0 0 
0 0 0 0 0 0 1 0 0 0 
0.494366 0 0 0 0 0 0.505634 0 0 0 
0 0 0 0 0 0 0 0 1 0 
1 0 0 0 0 0 0 0 0 0 
0 0 1 0 0 0 0 0 0 0 
0 0 0 1 0 0 0 0 0 0 
0 0 0.217804 0 0 0.782196 0 0 0 0 
0 0 0 0 0 0 1 0 0 0 
0 0 0 0 0 0 0 0 0 1 
0 1 0 0 0 0 0 0 0 0 
1 0 0 0 0 0 0 0 0 0 
0 0 0 1 0 0 0 0 0 0 
0 0 0 0 0 0 0 0 1 0 
0 1 0 0 0 0 0 0 0 0 
0 0.509614 0 0 0.490386 0 0 0 0 0 
1 0 0 0 0 0 0 0 0 0 
0 0 0 0 0 1 0 0 0 0 
0 0 0 0 0 1 0 0 0 0 
0.577366 0 0.422634 0 0 0 0 0 0 0 
0 0 0 1 0 0 0 0 0 0 
0 0 0 0 1 0 0 0 0 0 
0 0 1 0 0 0 0 0 0 0 
0 0 0 0 0 1 0 0 0 0 
0 0 0 1 0 0 0 0 0 0 
0 0 0 0 0 0 0 1 0 0 
0 0 1 0 0 0 0 0 0 0 
0 0 0 0 0 0 1 0 0 0 
0 0 0 0 1 0 0 0 0 0 
0 0 0 0 0 0 1 0 0 0 
0 0 0 0 0 0 0 0 1 0 
0 0 0 1 0 0 0 0 0 0 
0 0 0 0 0 1 0 0 0 0 
0 0 0 0 0 0 0 0 0 1 
0 1 0 0 0 0 0 0 0 0 
0 0 0 0 0 0 0 1 0 0 
0 0 0 1 0 0 0 0 0 0 
0 0 1 0 0 0 0 0 0 0 
0 0 0.767077 0 0 0 0 0 0 0.232923 
0 0.511981 0 0 0.488019 0 0 0 0 0 
0 0 0 0.271198 0 0 0 0 0 0.728802 
1 0 0 0 0 0 0 0 0 0 
0 1 0 0 0 0 0 0 0 0 
0 0 1 0 0 0 0 0 0 0 
0 0 0 1 0 0 0 0 0 0 
0 0 1 0 0 0 0 0 0 0 
0 0 0 0 0 0 1 0 0 0 
0 0 0 0 0 0 0 0 0 1 
0 0 0 1 0 0 0 0 0 0 
0 0 0 1 0 0 0 0 0 0 
0.252303 0 0 0 0 0 0.747697 0 0 0 
