10 500
0.46687
0.514024
0.534418
0.46313
0.526058
0.596707
0.278614
0.333376
0.506249
0.347252
11.8418 0.209313
11.5857 0.303017
11.3283 0.343538
11.2388 0.265279
10.8144 0.483448
10.8034 0.228863
10.729 0.402451
10.2978 1.13166
10.2043 0.135306
10.2016 0.888828
9.68501 1.00525
9.65383 0.331081
9.61498 0.596439
9.61462 0.326605
9.56522 0.918311
9.55924 0.971663
9.5063 0.955947
9.48897 0.195561
9.46384 0.427505
9.45718 1.1162
9.39546 0.781651
9.19274 0.823751
9.1764 0.838089
9.15342 0.447458
9.05193 1.30476
9.02774 0.523133
8.98088 0.933859
8.94157 1.14976
8.86934 0.153223
8.86179 0.840495
8.70289 1.10434
8.6589 0.945898
8.65422 1.4447
8.50683 0.574616
8.39543 1.38679
8.3757 0.71997
8.32962 0.63314
8.32778 1.30669
8.26577 1.28036
8.25284 0.451034
8.17927 1.17636
8.09417 1.33338
8.00303 0.638558
7.98889 0.924098
7.93486 0.396699
7.73774 0.875213
7.73192 1.03577
7.7084 1.11558
7.67498 1.685
7.67421 1.77551
7.64231 1.69496
7.59388 0.21508
7.59272 0.887127
7.58047 0.870341
7.53964 1.18197
7.48178 1.76157
7.45402 1.63335
7.442 1.34261
7.43346 1.3539
7.42053 2.35913
7.3785 0.816836
7.3766 2.47377
7.36241 0.516845
7.34439 2.18291
7.33334 0.143095
7.32567 1.95206
7.28093 0.725978
7.26386 1.56681
7.23172 2.54374
7.2293 0.235936
7.20615 2.23607
7.17347 2.62255
7.14706 1.12174
7.13561 1.76721
7.0761 1.10363
7.06192 2.25985
7.05282 2.08926
6.92215 0.940748
6.90221 2.08204
6.8969 2.66473
6.88943 1.90902
6.8854 1.72982
6.86351 2.95987
6.8467 0.525466
6.83983 2.26323
6.8185 1.60895
6.8178 2.40873
6.80688 2.97793
6.80167 1.19494
6.79318 1.1804
6.75029 1.68582
6.63129 2.15805
6.54576 2.32798
6.51119 2.95539
6.46514 1.57458
6.41468 3.22186
6.37701 2.0946
6.3013 1.99873
6.27504 1.7798
6.26208 1.99648
6.22802 2.09394
6.21195 1.31032
6.14565 3.15859
6.05037 1.35339
6.02977 2.54297
6.0187 3.01134
6.00616 2.98732
5.99474 3.00051
5.99156 2.20384
5.98132 1.33937
5.95075 1.75544
5.94476 1.80709
5.93973 1.63771
5.92933 2.86706
5.92683 1.08509
5.92286 1.25257
5.9226 1.99554
5.90002 1.28558
5.88035 3.42834
5.84215 1.86821
5.80862 2.26609
5.79706 2.79718
5.79396 1.9749
5.79288 2.41032
5.69491 3.06438
5.68922 3.82163
5.67471 2.38496
5.61349 1.72688
5.60429 1.49366
5.6031 2.83109
5.59641 1.38033
5.59161 3.77778
5.58483 1.9088
5.54492 1.73661
5.53165 1.74454
5.50959 3.68026
5.5063 2.40672
5.46273 1.93949
5.43203 2.08246
5.41621 2.96963
5.38146 2.14311
5.33014 1.98802
5.30942 2.54122
5.29012 2.03901
5.23432 1.58704
5.13863 2.80604
5.12635 3.32855
5.11918 3.57637
5.11255 2.19984
5.10583 3.93051
5.08124 1.9937
5.05156 2.50832
5.01096 2.95507
4.97385 2.35088
4.9608 3.22088
4.92617 3.71139
4.92462 3.22523
4.76123 2.46851
4.71173 3.461
4.71003 3.71304
4.7055 4.51219
4.69694 1.78034
4.68548 3.48366
4.68026 3.2532
4.64096 2.96076
4.62555 3.04813
4.62004 4.03818
4.60172 4.42921
4.57237 2.73465
4.55612 3.23773
4.50628 3.2358
4.44686 3.25246
4.43125 3.05032
4.42881 3.16047
4.42732 4.06123
4.37559 3.04407
4.37084 2.30001
4.27461 2.96211
4.22782 3.92398
4.22083 2.98231
4.15588 3.29433
4.14445 2.77333
4.08091 2.15187
4.02586 4.15315
3.97305 2.94494
3.90544 3.51658
3.88811 3.17792
3.86602 3.65235
3.83498 3.57271
3.80804 3.50982
3.77452 3.92696
3.7737 4.1132
3.7717 3.00153
3.74431 3.4631
3.73569 3.04546
3.73541 3.75187
3.71951 2.9105
3.68866 3.59862
3.6683 3.41544
3.54697 4.94663
3.54048 3.68951
3.51672 4.11579
3.50188 3.94023
3.48929 4.2171
3.48112 4.10499
3.471 4.30092
3.4352 4.50117
3.43129 4.50274
3.40841 5.30972
3.40381 2.71217
3.33928 4.27589
3.29083 5.06091
3.26679 3.61752
3.24661 5.38455
3.23008 3.96528
3.22617 4.1365
3.15546 5.26438
3.0954 2.86626
3.09035 4.28754
3.05141 4.07327
3.03748 3.07695
3.02293 3.95525
3.00803 4.39128
2.98625 5.31769
2.97754 6.06525
2.95068 5.58103
2.91235 4.48242
2.89828 3.52413
2.8556 4.79459
2.84856 4.54965
2.844 6.22004
2.84276 3.98728
2.83831 3.52803
2.81319 6.06637
2.80294 5.60381
2.79722 3.77261
2.76355 5.46279
2.7622 6.02997
2.75458 5.14831
2.75393 3.86059
2.72823 5.17094
2.69779 3.61556
2.68626 5.22753
2.67274 4.69956
2.66872 4.40832
2.65887 3.94966
2.64068 4.18721
2.63592 6.46888
2.61871 5.97505
2.61862 3.695
2.60759 5.56711
2.57205 6.33219
2.56494 4.23125
2.55044 6.26329
2.51686 5.64678
2.50313 5.28173
2.48165 3.49879
2.46501 4.51202
2.39312 4.58096
2.38016 4.71848
2.37371 5.23933
2.34839 5.51161
2.25025 5.36954
2.22832 4.66121
2.22259 5.37297
2.21515 4.717
2.20445 5.80191
2.19276 5.26343
2.17632 5.72717
2.17134 5.25022
2.13703 4.97803
2.09448 5.26072
2.09121 5.50069
2.08015 6.424
2.06961 4.56463
2.04762 6.17213
2.03834 5.37757
2.03318 5.36006
2.02635 5.77649
2.02145 5.2847
2.0214 5.89877
1.99864 4.61759
1.96937 6.67516
1.96754 4.16386
1.95487 5.75346
1.94208 6.26253
1.93002 6.9278
1.92124 6.00476
1.91747 5.11267
1.85248 4.07725
1.85037 7.17223
1.8006 5.51319
1.79828 5.76702
1.70718 4.64545
1.68925 7.02715
1.67777 7.24913
1.65101 6.31079
1.60832 6.49851
1.59014 6.13255
1.56962 5.15495
1.55475 7.89409
1.5276 7.1206
1.48903 7.06685
1.481 6.27361
1.44356 4.96894
1.40919 7.08509
1.39686 4.95198
1.39278 4.67752
1.37061 5.79134
1.35511 5.23393
1.32455 5.67634
1.26182 6.02751
1.1924 7.60416
1.19109 5.80756
1.1903 7.06106
1.17707 6.77498
1.17476 6.03311
1.16742 7.9282
1.16365 7.9042
1.1604 6.46509
1.14808 4.88782
1.1226 4.90849
1.12236 6.20157
1.1106 7.63142
1.10076 6.78714
1.08522 7.31415
1.07004 7.45903
1.066 4.88525
1.04903 6.84323
1.04415 5.97967
1.03862 5.99402
1.0376 5.41483
1.02348 8.04762
1.01813 7.07029
1.01443 8.15385
1.01269 7.9183
1.0048 8.15472
0.997877 7.98322
0.985287 8.06619
0.980229 6.6683
0.977145 8.32607
0.971615 7.66574
0.962214 7.7004
0.930163 5.4988
0.926836 6.7298
0.921359 6.16187
0.919351 8.16418
0.910728 5.25007
0.881625 6.77342
0.872935 5.86241
0.872428 5.40668
0.858686 8.30551
0.841597 8.17079
0.821977 7.34154
0.811255 5.93242
0.808109 9.01068
0.805646 8.04011
0.783689 7.62252
0.777387 6.71005
0.772455 6.79098
0.753009 6.13453
0.74526 5.82308
0.744774 8.60042
0.741291 8.33284
0.737698 7.41066
0.732087 7.33275
0.716573 8.30259
0.709329 6.99215
0.708356 7.28846
0.705886 5.84695
0.703347 7.32789
0.695732 7.84436
0.694167 5.86346
0.666363 8.99959
0.662744 5.56127
0.661369 6.29696
0.657464 5.763
0.656136 6.18727
0.647477 6.37914
0.637075 8.67453
0.629182 8.92506
0.627978 9.412
0.624626 8.10553
0.621287 6.10921
0.616799 7.80711
0.613959 7.13319
0.612767 9.20482
0.602179 7.39495
0.602118 5.99392
0.600613 7.48947
0.548801 7.67743
0.544548 8.56256
0.537667 7.08692
0.511896 5.88822
0.510928 6.53041
0.507985 6.88309
0.501904 8.18175
0.48772 7.4327
0.487326 9.15421
0.486996 9.60509
0.481398 9.76598
0.473629 6.05525
0.463568 8.33475
0.443073 6.06543
0.416474 8.98157
0.408565 8.60066
0.378148 6.54985
0.375885 8.89147
0.373641 8.60883
0.371887 10.1166
0.368491 9.7202
0.367555 10.1526
0.340562 8.36101
0.326008 8.71633
0.324863 6.17839
0.321553 8.10116
0.3185 9.1381
0.311279 9.19124
0.306826 8.04507
0.303509 7.37278
0.302689 8.07776
0.301769 6.72307
0.295773 8.05374
0.290805 8.425
0.284529 8.69506
0.284263 9.51196
0.282724 6.17422
0.274277 10.4508
0.270899 9.8991
0.268205 7.58107
0.267387 9.17653
0.26579 6.43344
0.262797 8.95951
0.246728 6.39109
0.236947 10.5039
0.229895 7.52074
0.22832 9.31988
0.22085 7.91719
0.218452 9.93142
0.197619 7.63297
0.19643 9.2782
0.194769 7.29795
0.179707 7.27824
0.17681 9.59779
0.176513 8.63009
0.172713 8.37561
0.168264 9.35754
0.165764 7.36966
0.157844 7.95553
0.153453 8.32539
0.151901 10.4098
0.13816 7.67301
0.125604 6.85616
0.124726 8.36861
0.122694 9.7239
0.121988 10.9118
0.119644 8.45782
0.119096 8.14036
0.10683 8.42897
0.103338 9.67184
0.0992193 9.38053
0.0896135 10.2835
0.0883336 8.55666
0.0825727 8.71564
0.0793593 10.3087
0.0762392 6.94067
0.0741776 11.1215
0.0730406 8.98924
0.0727474 9.75644
0.0689451 9.59351
0.0627713 7.79287
0.0583308 11.3896
0.0547809 9.96868
0.0515128 11.1188
0.0506193 7.9796
0.0456399 8.86797
0.0452942 7.08028
0.0446192 8.58921
0.0397368 7.45404
0.0375049 10.506
0.0358341 7.15824
0.0351126 10.6851
0.0333813 11.3274
0.031468 8.26864
0.0283123 8.36094
0.0227402 11.8384
0.020527 7.82383
0.0194575 8.33006
0.0171927 11.2776
0.0155667 10.3583
0.0124652 10.6402
0.00770555 10.8813
0.00710242 10.5076
0.00478655 8.27895
0.00400935 11.9759
0.0031112 11.8629
0.00157067 8.20468
0.00156507 12.027
0.001436 11.9012
0.00123546 8.6977
1 0 0 0 0 0 0 0 0 0 
0 0 0 0 1 0 0 0 0 0 
0 0 0 0 0 0 0 0 0 1 
0 0 0 0 0 0 1 0 0 0 
0 0 0 0 0 0 0 0 1 0 
0 0 0 0 0 0 1 0 0 0 
0 1 0 0 0 0 0 0 0 0 
0 0 0 1 0 0 0 0 0 0 
0 0 0 0 0 0 0 0 1 0 
0 0 0 0 0 1 0 0 0 0 
0 0 0 1 0 0 0 0 0 0 
0 0 0 1 0 0 0 0 0 0 
0 0 0 0 1 0 0 0 0 0 
0 1 0 0 0 0 0 0 0 0 
0 0 0 1 0 0 0 0 0 0 
0 0 0 0 0 0 0 0 0 1 
0 0 0 0 0 0 0 0 1 0 
0 0 0 0 0 0.420621 0 0 0 0.579379 
0 0 0 0 0 0 0 0 0 1 
0 0 0 0 0 0 0 0.749964 0 0.250036 
0 0 0 0 1 0 0 0 0 0 
1 0 0 0 0 0 0 0 0 0 
0 0 0 0 0 1 0 0 0 0 
0 0.494265 0 0 0 0.505735 0 0 0 0 
0 0 0 0 0 0 1 0 0 0 
0 0 0 0 0 0 0 0 1 0 
1 0 0 0 0 0 0 0 0 0 
1 0 0 0 0 0 0 0 0 0 
0 0 0 0 1 0 0 0 0 0 
0 1 0 0 0 0 0 0 0 0 
0 0 0 0 0 0 0.146425 0 0 0.853575 
0 0 1 0 0 0 0 0 0 0 
0 0 0 0 0 1 0 0 0 0 
0 0 0 1 0 0 0 0 0 0 
0 0 0 0 0 0 1 0 0 0 
0 0 1 0 0 0 0 0 0 0 
0 0 0 0 0 1 0 0 0 0 
0 0 0 0 0 0 0 1 0 0 
0 0 0 0 0 0 0 1 0 0 
0 0 0 0 0 1 0 0 0 0 
0 0 0 0 1 0 0 0 0 0 
0 0 0 0.541487 0.458513 0 0 0 0 0 
0 0 0 0 0 0 0 1 0 0 
0 0 0 0 0 0 0 0 0 1 
0 0 0 0 0 0.440359 0.559641 0 0 0 
0 0 0 0 0 0 0 0 0 1 
0 1 0 0 0 0 0 0 0 0 
0 0 0 0 0 0 0 0 1 0 
0 0 0 1 0 0 0 0 0 0 
0 1 0 0 0 0 0 0 0 0 
0 0 0 0.757306 0.242694 0 0 0 0 0 
0 1 0 0 0 0 0 0 0 0 
0.498839 0 0 0 0 0 0 0.501161 0 0 
0 0 0 0 0 0 0 0 0 1 
0 0 1 0 0 0 0 0 0 0 
0 0 0 0 0 0 0 0 1 0 
0 0 0 0 0 0 0 0 0 1 
0 1 0 0 0 0 0 0 0 0 
0 0 0 0 0 0 0 0 1 0 
0 0 0 0 0 0 0 0 1 0 
0.364314 0 0.635686 0 0 0 0 0 0 0 
0 0 0 0 0 0 0 0 1 0 
1 0 0 0 0 0 0 0 0 0 
0.336597 0.663403 0 0 0 0 0 0 0 0 
0 0 0 0 0 0 0 0 1 0 
0 0 0.311907 0 0.688093 0 0 0 0 0 
0 0 0 0 0 0 1 0 0 0 
1 0 0 0 0 0 0 0 0 0 
0 0 0 0 0 1 0 0 0 0 
0 0 0 0 0 0 0 1 0 0 
0 0 0 0 0 1 0 0 0 0 
0 0 0 0 1 0 0 0 0 0 
1 0 0 0 0 0 0 0 0 0 
1 0 0 0 0 0 0 0 0 0 
0 0 0 0 0 0 0 1 0 0 
0 0 0 1 0 0 0 0 0 0 
0 0 0 0 0 0 0 1 0 0 
0 0 0 1 0 0 0 0 0 0 
0 0 0 0 0 0 0 0 1 0 
0 0 1 0 0 0 0 0 0 0 
0 0 0 0 0 0 1 0 0 0 
0 0 0 0 0 0 0 0 0 1 
0 0 0 1 0 0 0 0 0 0 
0 0 0 0 0 0 1 0 0 0 
1 0 0 0 0 0 0 0 0 0 
0 0 0 0 0 0 1 0 0 0 
1 0 0 0 0 0 0 0 0 0 
1 0 0 0 0 0 0 0 0 0 
0 0 0 0 0 0 0 1 0 0 
0 0 0 0 0 0 0 0 0 1 
1 0 0 0 0 0 0 0 0 0 
0 0 0 0 0 1 0 0 0 0 
0 0 0 0 1 0 0 0 0 0 
0.583708 0 0 0 0 0.258005 0 0 0 0.158287 
0 0 0 0 1 0 0 0 0 0 
0.112904 0 0 0 0 0 0 0.48638 0.400716 0 
0 0 0 0 1 0 0 0 0 0 
0 0 0 0.447887 0 0 0 0.552113 0 0 
0 0.509933 0.490067 0 0 0 0 0 0 0 
0 0 0 0 0 0 1 0 0 0 
0 0 0 1 0 0 0 0 0 0 
0 0 0 0 0 0 0 0 1 0 
0 0 0 0 1 0 0 0 0 0 
0 0 0 0 0 1 0 0 0 0 
1 0 0 0 0 0 0 0 0 0 
0 0 0 0 0 0 0 0 1 0 
0 0 0 0 0 0 0 1 0 0 
0 0 0 0 0 0 0.66926 0 0 0.33074 
0 0 0 0 1 0 0 0 0 0 
0 0 0 0 0 0 0.471597 0.422353 0.10605 0 
0 0 1 0 0 0 0 0 0 0 
0 0 0 0 0 0 0 0 1 0 
0 0 0 0 0 0 0 1 0 0 
0 0 0 0 0 1 0 0 0 0 
0 1 0 0 0 0 0 0 0 0 
0 0.396154 0 0 0 0 0.603846 0 0 0 
0 0 0 0 0 1 0 0 0 0 
0 0 0 0 0 0 0 0.82724 0 0.17276 
0 0 0 0 0 0 0 0 1 0 
0 0 1 0 0 0 0 0 0 0 
0 0 0 0 0 0 0 0 0 1 
0.693456 0 0 0 0 0 0 0.306544 0 0 
0 0.699311 0 0 0 0.300689 0 0 0 0 
0 0 0 0 0 0 0 0 0 1 
0 0 0 0 0 1 0 0 0 0 
0 0 0 0 0 0 0 1 0 0 
0 0 1 0 0 0 0 0 0 0 
0 0 0 0 0 1 0 0 0 0 
0 0 0 0 0 0 0 0 1 0 
0 0 0 0 0 0 0 0 0 1 
0 0 0 1 0 0 0 0 0 0 
0 0 0 0 1 0 0 0 0 0 
1 0 0 0 0 0 0 0 0 0 
0 0 0 0 0 0 0 0 0 1 
0 0 0 0 0 0 0 0 1 0 
0 0 0 0 0 0 0 0 1 0 
0 0 0 1 0 0 0 0 0 0 
0 0 0 0 1 0 0 0 0 0 
0 0 0 0 0 0 0 0 0 1 
0 0 0 0 0 0 0 0 1 0 
0 0 0 0 0 0 0 0 0 1 
0 0 1 0 0 0 0 0 0 0 
0 0 1 0 0 0 0 0 0 0 
0 0 1 0 0 0 0 0 0 0 
0.69073 0 0.30927 0 0 0 0 0 0 0 
1 0 0 0 0 0 0 0 0 0 
0 0 1 0 0 0 0 0 0 0 
0 0 1 0 0 0 0 0 0 0 
0 0 0 0 0 0 0 0 0 1 
0 0 1 0 0 0 0 0 0 0 
0 0 0 0.275328 0 0.724672 0 0 0 0 
0 0 0 0 0 1 0 0 0 0 
1 0 0 0 0 0 0 0 0 0 
0 0 0 0 0 1 0 0 0 0 
0 0 0 1 0 0 0 0 0 0 
0 0 0 0 1 0 0 0 0 0 
0 0 0 0 0 0 0 0 0 1 
0 0 0 0 0 1 0 0 0 0 
0 0 0 0 0 1 0 0 0 0 
0 0 1 0 0 0 0 0 0 0 
1 0 0 0 0 0 0 0 0 0 
0 0 0 0 0 0 0 0 0 1 
0 0.691573 0 0 0 0 0 0 0.308427 0 
0 0 0 0 0 0 1 0 0 0 
0 0 0 0 0.616498 0 0 0.383502 0 0 
0 0 0 0 0 0 1 0 0 0 
0 0.360102 0 0 0 0 0 0 0 0.639898 
0 0 0 0 0 1 0 0 0 0 
0 1 0 0 0 0 0 0 0 0 
0 0 0 0 0 0 0 0 1 0 
0 0 0 0 1 0 0 0 0 0 
0 0 0 0 0 0 0 0 1 0 
1 0 0 0 0 0 0 0 0 0 
0 0 0 0 0 1 0 0 0 0 
0 0 0.500415 0 0 0 0 0.499585 0 0 
0 0 1 0 0 0 0 0 0 0 
0 0 1 0 0 0 0 0 0 0 
0 0 0 0 0 1 0 0 0 0 
0 0 0 0 0 1 0 0 0 0 
0 0 0 0 0 0 0 0 0 1 
0 0 0 0 0 0 0 0 0 1 
0 0 0 0 0.437196 0 0 0.562804 0 0 
0 0 0 0 0 0 1 0 0 0 
0 0 0 0 0 0 0 0 1 0 
0 0 0 1 0 0 0 0 0 0 
0 0 0.376443 0.623557 0 0 0 0 0 0 
1 0 0 0 0 0 0 0 0 0 
0 1 0 0 0 0 0 0 0 0 
0 0 0 0 0 1 0 0 0 0 
0 0 0 0 0.212003 0 0.495416 0 0.292581 0 
0 0 0 0 0 0.265006 0.734994 0 0 0 
0 0 0 0 0 0 0 0 0 1 
0 1 0 0 0 0 0 0 0 0 
0 0 0 0 0 0 0 0 0 1 
0 0 0 0 0 0 1 0 0 0 
0 0 0 0 0 0 1 0 0 0 
0 0 0 1 0 0 0 0 0 0 
0 0 0 0 0.240803 0 0 0.759197 0 0 
0 0 0 0 0 0 1 0 0 0 
0 0 0 0 0 0 0 0 1 0 
1 0 0 0 0 0 0 0 0 0 
0 0 0 0 0 0 0 1 0 0 
0 0 0 0.560778 0 0 0 0 0.439222 0 
0 1 0 0 0 0 0 0 0 0 
0.351567 0 0 0 0 0 0.648433 0 0 0 
0 0 0 0.45802 0 0 0.541979 0 0 0 
0 0 0 0.475697 0 0 0 0.524303 0 0 
0 1 0 0 0 0 0 0 0 0 
0 1 0 0 0 0 0 0 0 0 
0 0 0 0 0 1 0 0 0 0 
0.780707 0 0 0 0 0 0 0 0 0.219293 
0 0 0.547106 0.452894 0 0 0 0 0 0 
0 0 0 0 0 1 0 0 0 0 
0 0 0 0.320192 0 0 0 0 0 0.679808 
1 0 0 0 0 0 0 0 0 0 
0 1 0 0 0 0 0 0 0 0 
0 0.460102 0 0 0.539898 0 0 0 0 0 
0 1 0 0 0 0 0 0 0 0 
0 0 0 0 0 0 0 0 1 0 
0 0 0 0 0 0 1 0 0 0 
1 0 0 0 0 0 0 0 0 0 
0 0 0 0 0 0 0 0 1 0 
0 0 0 0 0 0 0 0.258574 0.741426 0 
0 0 0 0 0 0 1 0 0 0 
1 0 0 0 0 0 0 0 0 0 
0 0 0 0 0 0 0 1 0 0 
0 0 0.346841 0.116042 0 0 0.537116 0 0 0 
0 0 0.647326 0 0 0 0 0 0.352674 0 
0 0 0 0 0 0 0 0 1 0 
1 0 0 0 0 0 0 0 0 0 
0 0 0 0 0 0 0 0 0 1 
1 0 0 0 0 0 0 0 0 0 
0 1 0 0 0 0 0 0 0 0 
0 1 0 0 0 0 0 0 0 0 
0 0 0 0 1 0 0 0 0 0 
0 0 0 0 0 1 0 0 0 0 
1 0 0 0 0 0 0 0 0 0 
0 0 1 0 0 0 0 0 0 0 
0 0 0 1 0 0 0 0 0 0 
0 0 0 0 0 0 0 0 0 1 
0 1 0 0 0 0 0 0 0 0 
0 0 0 1 0 0 0 0 0 0 
0 0 0 0 0 0 0 0 1 0 
0 0 0 1 0 0 0 0 0 0 
0 0 0 1 0 0 0 0 0 0 
0 0 0 0 0 0 0 1 0 0 
0 0 0 0 0 1 0 0 0 0 
0 0 0 0 0 0 0 1 0 0 
0 0 0 0 0 0 0 0 0 1 
0 0 0 0 0 0 0 1 0 0 
0 0 0 0 0 0 1 0 0 0 
0 0 0 0 0.254255 0 0 0 0.745745 0 
0 0 0 0 0 0 0 1 0 0 
0 0 0.673951 0 0 0 0.326049 0 0 0 
1 0 0 0 0 0 0 0 0 0 
0 0 0 0 0 1 0 0 0 0 
0 0 0 0.541632 0 0 0 0.458368 0 0 
0 0 0 0 0 0 1 0 0 0 
0 0 0 0 0 1 0 0 0 0 
0.529616 0 0 0 0 0 0 0 0 0.470384 
0 0 1 0 0 0 0 0 0 0 
0 0 1 0 0 0 0 0 0 0 
0 0 0 0 0 1 0 0 0 0 
0 0 0 0 1 0 0 0 0 0 
0.330785 0 0 0.431171 0 0 0 0 0.238045 0 
0 0 0 0 0 0 0 0 1 0 
0 0 0 0 0 1 0 0 0 0 
0 0 1 0 0 0 0 0 0 0 
0 0 0 0 0 0 0 1 0 0 
0 0 0 1 0 0 0 0 0 0 
0.185075 0 0 0 0 0.814924 0 0 0 0 
1 0 0 0 0 0 0 0 0 0 
0 0 0 0 0 0 0 1 0 0 
0 1 0 0 0 0 0 0 0 0 
0 0 0 0 0 1 0 0 0 0 
0 0 0 1 0 0 0 0 0 0 
0 0.30929 0 0.172543 0 0 0 0 0.133494 0.384673 
0 0 0 0 0 0 1 0 0 0 
0 0 0 0 0 0 1 0 0 0 
0 0 0 0 0 0.552874 0 0 0.447126 0 
0 0 0 1 0 0 0 0 0 0 
1 0 0 0 0 0 0 0 0 0 
0 0 0 1 0 0 0 0 0 0 
0 1 0 0 0 0 0 0 0 0 
0 0 1 0 0 0 0 0 0 0 
1 0 0 0 0 0 0 0 0 0 
0 0 0 1 0 0 0 0 0 0 
0 0 0 0 0 0 1 0 0 0 
0 0 0 0 0 0 1 0 0 0 
0 0 0 0 0 1 0 0 0 0 
0 0 0 0 0 0 0 0 0 1 
0.55566 0 0 0 0 0 0.44434 0 0 0 
0 0 0 0 1 0 0 0 0 0 
0 0 1 0 0 0 0 0 0 0 
0 0 0 0 0 0 0 0 1 0 
0 0 0 0 0 0 0.38516 0.61484 0 0 
0.456987 0 0 0 0 0 0 0 0.543012 0 
1 0 0 0 0 0 0 0 0 0 
0 0 0 0 0 0 0 0 0.724811 0.275189 
0 0 0 0 0.470146 0 0 0 0 0.529854 
0 0 0 0 0 0 0.621542 0.378458 0 0 
0 0 0 0 0 0 0 0 0 1 
0 0 0 0 1 0 0 0 0 0 
0 0 1 0 0 0 0 0 0 0 
0 0 0 0 1 0 0 0 0 0 
0 0 0 1 0 0 0 0 0 0 
0 0 0 0 0 0 0 1 0 0 
0.488488 0.15081 0 0 0 0 0 0 0 0.360703 
1 0 0 0 0 0 0 0 0 0 
0 0 0 1 0 0 0 0 0 0 
0 0 0 0 0 0 1 0 0 0 
1 0 0 0 0 0 0 0 0 0 
0 0 0 0 0 0 1 0 0 0 
0 0 0 0 0 0 0 1 0 0 
0 0 0 1 0 0 0 0 0 0 
0 0 0 0 0 0 0 0 1 0 
0 0 0 0 0 0 1 0 0 0 
0 1 0 0 0 0 0 0 0 0 
0 0 0 1 0 0 0 0 0 0 
0 1 0 0 0 0 0 0 0 0 
0 0 1 0 0 0 0 0 0 0 
0 1 0 0 0 0 0 0 0 0 
0 0 0 0 0 0 0 0 0.530726 0.469274 
0 1 0 0 0 0 0 0 0 0 
0 0.573104 0 0 0 0 0 0 0.426896 0 
0 0 0 0.643712 0 0 0 0 0.356288 0 
0 0 0 0 1 0 0 0 0 0 
0 0 0 0 0 0 0 0 0 1 
0.495177 0 0 0 0 0 0 0.504823 0 0 
0 0 0 0 0 0 1 0 0 0 
0 0 0 0 0 0 0.655177 0 0.344823 0 
0 0 0 1 0 0 0 0 0 0 
0 0 1 0 0 0 0 0 0 0 
0 0.524689 0 0 0 0.475311 0 0 0 0 
0 0 0 0 0 0 0 0 1 0 
0 0 0 0 0.258438 0.741562 0 0 0 0 
0 0 1 0 0 0 0 0 0 0 
1 0 0 0 0 0 0 0 0 0 
0 0 0 0 0 0 0 0 0 1 
1 0 0 0 0 0 0 0 0 0 
0 0 0 0 0 0 1 0 0 0 
0 0.12153 0 0 0 0 0 0.31641 0 0.56206 
0 0 0 0 0 0 0 0 1 0 
0 1 0 0 0 0 0 0 0 0 
0 0 0 0 0 0.521073 0 0 0.478927 0 
0 0.659126 0.340874 0 0 0 0 0 0 0 
0 0 1 0 0 0 0 0 0 0 
0 0 0.614738 0 0 0 0.385262 0 0 0 
0 0 0 0 0 0 0 0 0 1 
0 1 0 0 0 0 0 0 0 0 
0 0 0 0 0 1 0 0 0 0 
0 0 0 0 0 0 0 0 1 0 
0 0.663694 0.336306 0 0 0 0 0 0 0 
0 0 0 0 0 0 0 0 0 1 
0 1 0 0 0 0 0 0 0 0 
0 0 0 0 0 0 0 0 1 0 
0 0 0 0 0 0 0 0 0 1 
0 0 0 0 0 0 0.356323 0 0.643677 0 
0 1 0 0 0 0 0 0 0 0 
0 0 0 0 0 1 0 0 0 0 
0 0 0 0 0 0 0 0 1 0 
0 0 0 0 0 0 1 0 0 0 
0 0 1 0 0 0 0 0 0 0 
0.25599 0 0 0 0 0 0.74401 0 0 0 
0 0 0 0 0 0.21939 0.78061 0 0 0 
1 0 0 0 0 0 0 0 0 0 
0 0 0 1 0 0 0 0 0 0 
0 0 0 0 0 0 0 0 0 1 
0 0 0 0 0 0 0 0 1 0 
0 0 0 0 0 0 1 0 0 0 
0 0 0 0 0 0 0 0 1 0 
0 0 0 0 0 0 0 1 0 0 
0 0 0 0 0 0.682467 0 0 0 0.317533 
0 0 0 0 1 0 0 0 0 0 
0 0 0 0 0 0 1 0 0 0 
0 0 0 0 0 1 0 0 0 0 
0 0 0 0 0 0 0 0 1 0 
0 0 0 0 0 0 1 0 0 0 
1 0 0 0 0 0 0 0 0 0 
0 0 1 0 0 0 0 0 0 0 
1 0 0 0 0 0 0 0 0 0 
0 0 0 0 0 0 0 1 0 0 
0 0.513707 0.486293 0 0 0 0 0 0 0 
1 0 0 0 0 0 0 0 0 0 
0 0 0 0 0 0 1 0 0 0 
0 0 0 0 0 0 0 0 0 1 
0 0 1 0 0 0 0 0 0 0 
0 0 1 0 0 0 0 0 0 0 
0 0 1 0 0 0 0 0 0 0 
0 0 0 0.740313 0.259687 0 0 0 0 0 
0 0 0 0 0 0 0 1 0 0 
0 0 0 0 1 0 0 0 0 0 
0 1 0 0 0 0 0 0 0 0 
0 0 0 0 0 0 1 0 0 0 
0 0 0 1 0 0 0 0 0 0 
0 0 0 0 0 0 0 1 0 0 
0 0 1 0 0 0 0 0 0 0 
0 0 0 0 0 0 0 0 0 1 
0 0.289656 0.710344 0 0 0 0 0 0 0 
0 0 0 0 0 1 0 0 0 0 
0 0 0 0 0 0 1 0 0 0 
0 0 0 0 1 0 0 0 0 0 
0 0.661068 0 0 0 0.338932 0 0 0 0 
0 0 0 0 0 0 1 0 0 0 
0 0 0 1 0 0 0 0 0 0 
0 0 0 1 0 0 0 0 0 0 
0 0 0 0 0 0 0 0 1 0 
0 0 0 0 0 0 0 1 0 0 
0 0 0 0 0 0 0 0 0 1 
0 1 0 0 0 0 0 0 0 0 
0 0 0 0 1 0 0 0 0 0 
0 0 0 0 0 0 0 0.463501 0 0.536499 
0 0 0 0 1 0 0 0 0 0 
0 1 0 0 0 0 0 0 0 0 
0 0 0 0 0 0 1 0 0 0 
0 0 0 0 0 0 1 0 0 0 
0 1 0 0 0 0 0 0 0 0 
0 0 1 0 0 0 0 0 0 0 
0 0 0.499442 0 0 0 0.500558 0 0 0 
0 0 0 0 0 0 0 1 0 0 
0 0 0 0 0 0 0.809655 0.190345 0 0 
0 0 1 0 0 0 0 0 0 0 
0 0 0 0 0 0 0 0 1 0 
0 0 0 0 0 0 1 0 0 0 
0.479175 0 0 0 0.520825 0 0 0 0 0 
1 0 0 0 0 0 0 0 0 0 
0 0 0 0 0 0 1 0 0 0 
0 0 0 0 0 0 1 0 0 0 
0 0 0 0 1 0 0 0 0 0 
0 0 0 0 0 0 0 1 0 0 
0 0 0.679564 0 0 0.320436 0 0 0 0 
0 0 0 0 1 0 0 0 0 0 
0 0 0 0 1 0 0 0 0 0 
0 0 0 0 0 0 0 0 0 1 
0 0 0 0 1 0 0 0 0 0 
0 1 0 0 0 0 0 0 0 0 
0 0 0 0 0 0 0 1 0 0 
0 0 0 0 0 0 0.176082 0 0 0.823918 
0 0 0 0 1 0 0 0 0 0 
0 0 0 0 0.862515 0 0 0.137485 0 0 
0 0 0 1 0 0 0 0 0 0 
0 0 0 0 0 0 0 0 1 0 
0 0 1 0 0 0 0 0 0 0 
1 0 0 0 0 0 0 0 0 0 
0 0 1 0 0 0 0 0 0 0 
0 0 0 0 0 0 0 0 0 1 
0 1 0 0 0 0 0 0 0 0 
0 0 0 0 1 0 0 0 0 0 
1 0 0 0 0 0 0 0 0 0 
0 0 0 0 0 0 0 1 0 0 
0 1 0 0 0 0 0 0 0 0 
0 0 0 0 0 0 0 1 0 0 
0 0 0 1 0 0 0 0 0 0 
0 0 0 0 0 1 0 0 0 0 
0 0 1 0 0 0 0 0 0 0 
0 0 0 0 0 0 0 1 0 0 
0 0 0 0 1 0 0 0 0 0 
0 0 0 0 0 1 0 0 0 0 
0 0 0 0 0 0 0 0 0 1 
0 0 0 0 0 1 0 0 0 0 
0 0 0 1 0 0 0 0 0 0 
0 0 0 0 0 0 0 0 0 1 
0 0 0 0 0 0 0 0.330679 0.669321 0 
0 1 0 0 0 0 0 0 0 0 
0 0 0 0 0 0 0 1 0 0 
0 0 1 0 0 0 0 0 0 0 
0 0 0 0 0 0 0 1 0 0 
0 0 0 0 0 0 0 1 0 0 
0 0 0 0 0 0 1 0 0 0 
0 0 0 0 0 0 0 0 1 0 
0 0 1 0 0 0 0 0 0 0 
0 0 0 0 1 0 0 0 0 0 
0 1 0 0 0 0 0 0 0 0 
0 0 0 0 1 0 0 0 0 0 
0 0 0 0 0 0 1 0 0 0 
0 0 0 1 0 0 0 0 0 0 
0 0 0 1 0 0 0 0 0 0 
0 0 0 0 0 0 1 0 0 0 
0 0 0 0 0 0 1 0 0 0 
0 0 0 0 0 0 0 0 1 0 
0 0 0 0 0 0 1 0 0 0 
0 0 1 0 0 0 0 0 0 0 
0 1 0 0 0 0 0 0 0 0 
0 0 0 0 0 1 0 0 0 0 
0 0 1 0 0 0 0 0 0 0 
0 0 0 0 0 0 0 1 0 0 
0 0 0 0 0 0 0 0 0 1 
0 1 0 0 0 0 0 0 0 0 
0 0 1 0 0 0 0 0 0 0 
0 0 1 0 0 0 0 0 0 0 
0 0 0 0 0 1 0 0 0 0 
0 0 0 0 0 0 0 0 1 0 
0 0 0 0 0 0 0 0 0 1 
0 0 0 0 0.547809 0 0 0 0 0.452191 
0 0 0.701641 0 0 0 0.298359 0 0 0 
0 0 0 0 0 0 0.497598 0 0 0.502402 
0.730047 0 0 0 0 0 0 0 0 0.269953 
0 0 1 0 0 0 0 0 0 0 
0 0 1 0 0 0 0 0 0 0 
1 0 0 0 0 0 0 0 0 0 
