5 150
0.577374
0.346055
0.38796
0.565407
0.6765
11.4016 0.233585
10.9452 0.466143
10.5192 0.125115
9.7635 0.306167
9.64749 0.220606
9.52656 0.548178
9.00914 0.348269
8.99682 0.75328
8.66374 1.20309
8.49432 1.02189
8.46958 1.41391
8.42528 0.684369
8.41435 1.42178
8.32256 0.101735
7.92551 0.81273
7.91167 0.908456
7.82858 1.08574
7.40714 1.41978
7.37643 0.297458
7.20879 1.4815
7.18447 0.335951
7.01137 0.382514
6.93783 0.739842
6.83454 0.571899
6.82615 2.49663
6.52172 0.900552
6.39415 1.38985
6.34092 2.30905
6.33511 1.41756
6.1498 2.51975
5.93861 2.17782
5.78403 2.21588
5.48741 2.20459
5.43453 2.42971
5.38475 1.80932
5.36806 2.82814
5.24093 1.35244
5.20352 3.12311
5.19279 2.82066
5.08364 2.53762
4.97888 1.93358
4.96479 2.57717
4.70114 2.35737
4.64826 4.13494
4.62023 2.96683
4.32193 3.028
4.18217 3.57084
4.17418 2.48268
4.11341 4.72481
3.98884 3.34805
3.83918 3.37798
3.74222 3.15601
3.73899 4.1093
3.66186 3.86126
3.52647 4.41347
3.49273 3.50652
3.48427 3.43173
3.47568 3.03841
3.32033 4.68118
3.28454 3.24824
3.26291 4.94937
3.21912 4.24599
3.12352 5.17789
2.98085 4.7997
2.88352 4.5493
2.77426 6.46044
2.7391 5.10661
2.71228 4.53324
2.66155 6.28218
2.64349 3.84463
2.49466 4.35321
2.4556 6.35256
2.42484 5.25317
2.40609 5.93168
2.33829 4.16107
2.28435 3.99277
2.08889 5.05598
2.0322 3.75314
1.94757 4.54978
1.94606 5.7687
1.91661 5.41535
1.88909 5.3065
1.87503 6.09879
1.76316 4.74043
1.57208 6.83313
1.50155 5.0476
1.46942 5.22785
1.4668 6.98396
1.44315 6.82727
1.39443 7.42072
1.38205 6.15783
1.31907 6.11274
1.3025 5.52694
1.29364 6.0132
1.28454 7.16024
1.26053 7.30428
0.985652 7.7019
0.93356 7.75675
0.908553 8.45782
0.90308 5.35341
0.869801 6.9754
0.792367 7.32742
0.738073 8.43401
0.686664 6.95959
0.667081 8.54548
0.626238 6.53226
0.541964 6.29027
0.541771 8.29792
0.524465 8.05442
0.505836 8.09426
0.451969 8.39857
0.446921 8.38501
0.442563 8.12871
0.425269 9.58267
0.380395 8.87785
0.378435 9.02783
0.365417 6.56854
0.293615 6.50774
0.290628 9.85471
0.279046 7.5516
0.242238 8.3192
0.20857 10.7061
0.166291 10.4244
0.154827 8.5705
0.153922 10.4557
0.149042 10.8138
0.144888 8.82244
0.13962 10.5641
0.113762 7.95756
0.110917 7.95883
0.106243 11.1136
0.102167 9.59271
0.0903165 9.00011
0.0872745 9.79746
0.0795938 9.41436
0.0748398 9.14638
0.0713166 9.12382
0.0614701 8.02406
0.0546609 8.8932
0.0473963 7.36752
0.0466418 9.69846
0.0442691 10.1268
0.0338754 11.12
0.0217033 7.69928
0.0193177 8.39805
0.0188106 9.83383
0.00771507 8.99686
0.00753596 11.3422
0.0073177 8.13056
0.00341427 12.1989
0 0 0 1 0 
0 1 0 0 0 
1 0 0 0 0 
0 0 1 0 0 
0 0.576663 0 0.423337 0 
0 0 0.487181 0 0.512819 
1 0 0 0 0 
0 0 1 0 0 
1 0 0 0 0 
0 1 0 0 0 
0 1 0 0 0 
0 0 0 0 1 
0 0 0 1 0 
0 0 0.310335 0.23778 0.451885 
0.138441 0.398508 0 0.314193 0.148858 
0 0 0 0 1 
0 0 1 0 0 
0 0 1 0 0 
0 0 0 0 1 
0 1 0 0 0 
0 0 0.510679 0 0.489321 
1 0 0 0 0 
0 0 0 0 1 
1 0 0 0 0 
0 0 0 0 1 
0 0 0 1 0 
0.262815 0.737185 0 0 0 
0 1 0 0 0 
0 1 0 0 0 
0 0 0 1 0 
0 0 0.405098 0 0.594902 
0 0 0 0 1 
0 0 0 0 1 
0 0 0 1 0 
0 0 1 0 0 
0 1 0 0 0 
0 0 0 1 0 
0 0 0 1 0 
1 0 0 0 0 
0 0 0 1 0 
1 0 0 0 0 
0.50298 0.49702 0 0 0 
0 0 0 0.399908 0.600092 
0 0 1 0 0 
0 0 0.58344 0.41656 0 
0 0.704826 0.295174 0 0 
0 0 0 0 1 
0 1 0 0 0 
0 0 0 1 0 
0 0 0 1 0 
1 0 0 0 0 
0 0 0 0 1 
0 0 1 0 0 
0 0 1 0 0 
0 1 0 0 0 
0 0 1 0 0 
0 1 0 0 0 
0 0 0 0 1 
0 0 0.279202 0.399844 0.320953 
0 0 1 0 0 
0 0.459193 0.468073 0.0727338 0 
0 0 1 0 0 
0 1 0 0 0 
0 0 1 0 0 
0 0 0 0 1 
1 0 0 0 0 
0.210736 0 0 0.789264 0 
0 0 0 0 1 
0 0 0 1 0 
0.631059 0 0 0 0.368941 
0 1 0 0 0 
0 1 0 0 0 
0 0 0 1 0 
1 0 0 0 0 
0 0 1 0 0 
0 0 1 0 0 
0 0 0 1 0 
0 0 0 0 1 
0 0 0 1 0 
0 0 0 0 1 
0 0 0 1 0 
0 0 0.427528 0.572472 0 
0 0 0 0 1 
0 0 1 0 0 
0 0 0 0 1 
0 0 0 1 0 
0 1 0 0 0 
0 0 0 0 1 
1 0 0 0 0 
1 0 0 0 0 
0 0 0.470248 0.529752 0 
0 0 0 0 1 
0 0 1 0 0 
1 0 0 0 0 
0 0 1 0 0 
1 0 0 0 0 
0 0 0 0 1 
0.554199 0 0 0 0.445801 
0 0.412212 0 0.587788 0 
0 0 1 0 0 
0 1 0 0 0 
1 0 0 0 0 
1 0 0 0 0 
0.54471 0 0.45529 0 0 
1 0 0 0 0 
0 0 0 0 1 
0 1 0 0 0 
0 0 0 1 0 
0 0 0 0 1 
1 0 0 0 0 
0 0 0 1 0 
0 0 0 1 0 
0 0 0 0 1 
0 0 0 1 0 
0 0 0.258727 0.741273 0 
1 0 0 0 0 
0 1 0 0 0 
1 0 0 0 0 
0 1 0 0 0 
0 0 0 1 0 
0 0.589781 0.410219 0 0 
0 0 0 0 1 
0 0 1 0 0 
0 0 1 0 0 
0 0 1 0 0 
0 0 0 0 1 
0 0 0 1 0 
0 0 0 0 1 
0 1 0 0 0 
0 0 0 1 0 
0 0 1 0 0 
0 0 1 0 0 
0 0.501507 0 0 0.498493 
0 0.325638 0 0 0.674362 
0 1 0 0 0 
0 0 1 0 0 
0 0 0 1 0 
0 0 1 0 0 
1 0 0 0 0 
0 0 0 0.663261 0.336739 
0 0 0 1 0 
0 0 0 1 0 
1 0 0 0 0 
1 0 0 0 0 
0 0 0 0 1 
0 1 0 0 0 
0 1 0 0 0 
0 0 1 0 0 
0 1 0 0 0 
0 0 1 0 0 
