10 300
0.365175
0.29405
0.695196
0.680173
0.452155
0.431687
0.522574
0.576832
0.737272
0.659231
11.1421 0.120288
11.1228 0.232224
10.6734 0.470428
10.5821 0.277392
10.5705 0.401842
10.4282 0.486794
10.1051 0.493648
9.82519 0.194545
9.61515 0.846503
9.47568 1.41218
9.2715 0.479073
9.20697 0.127205
9.09556 1.17811
8.94878 0.826487
8.89486 1.38711
8.8915 0.680982
8.72134 0.585026
8.69788 0.700906
8.69406 0.84719
8.65118 1.1821
8.52717 1.11068
8.45343 1.50266
8.40333 1.43047
8.05295 0.531034
7.89914 1.26067
7.85344 0.469384
7.7762 1.71657
7.76723 0.607325
7.76534 0.531535
7.69086 0.201036
7.6079 0.617221
7.58498 2.19808
7.50852 0.385836
7.43267 1.19921
7.41756 1.82261
7.38318 1.67099
7.37992 0.414853
7.37448 2.12061
7.33798 1.76744
7.12266 0.712447
7.11093 2.02939
7.06575 0.517117
7.04142 1.23643
7.00251 0.332196
6.99055 2.78077
6.97422 1.26864
6.96717 2.35852
6.86881 2.76679
6.85448 2.57605
6.85136 0.90376
6.79227 1.71877
6.6831 0.95532
6.67353 1.22448
6.62365 0.671274
6.56352 1.74652
6.50029 2.87276
6.45812 1.48142
6.44331 1.70885
6.43059 2.14799
6.42711 0.803712
6.38205 2.78213
6.30985 2.79182
6.27742 1.66937
6.16818 0.929621
6.16229 1.52679
6.11183 1.54252
6.08433 2.66361
6.05623 1.94967
6.05293 1.92411
5.96892 2.61896
5.88851 1.0754
5.86833 1.27033
5.84484 1.55226
5.83818 3.19241
5.82716 2.38198
5.82278 3.22401
5.79403 2.64059
5.7741 2.05582
5.77266 2.82338
5.74403 2.28078
5.6972 2.92615
5.67975 1.29674
5.6221 2.16841
5.58854 2.59573
5.43027 2.01634
5.32059 3.5599
5.18791 2.8289
5.06235 2.85595
4.92717 4.05768
4.9059 2.19164
4.88091 3.00048
4.84284 4.00289
4.78011 3.33376
4.75868 1.89917
4.7165 3.18652
4.69937 3.51143
4.68799 3.70161
4.64064 3.23944
4.60038 2.18393
4.50024 3.39198
4.47183 3.93187
4.42049 3.69454
4.35345 2.97006
4.31038 2.69615
4.21887 3.10356
4.19589 4.54894
4.03613 3.32824
4.02271 3.68541
4.00024 4.45905
3.97451 2.65426
3.97363 4.11934
3.89813 3.53097
3.8704 2.80822
3.84117 3.76928
3.82521 3.88315
3.81107 3.54511
3.7865 4.37669
3.75965 4.19246
3.71835 4.80422
3.69049 3.47117
3.68289 3.54476
3.67548 2.80903
3.64633 4.55198
3.58916 4.47807
3.58015 5.7016
3.57 3.89932
3.56768 3.86944
3.56704 3.14937
3.53923 3.89492
3.51029 3.51458
3.49164 5.02164
3.41037 3.72805
3.36431 4.24003
3.34572 5.01906
3.3345 3.84708
3.31176 4.76134
3.26151 4.59203
3.14045 5.21719
3.13752 3.56245
3.05132 4.74913
2.999 5.82601
2.94783 5.35404
2.86791 4.03157
2.86717 3.67086
2.83037 3.55777
2.82639 5.44319
2.75112 5.15687
2.73721 6.1743
2.72961 5.44203
2.70579 5.1919
2.69973 5.068
2.66622 5.473
2.66561 4.42676
2.65443 6.02971
2.59961 3.91154
2.58269 5.2382
2.52023 3.69424
2.48615 6.06019
2.42625 4.5134
2.38508 5.68636
2.3286 5.26375
2.25528 6.11624
2.22153 4.87071
2.17574 5.1666
2.15318 6.1496
2.10993 6.44995
2.10251 5.25208
2.06076 5.64442
2.05701 5.47795
2.03561 5.21352
2.03067 5.5006
1.99998 6.32936
1.97949 4.57701
1.92253 6.7449
1.91474 5.57073
1.8104 4.30583
1.7792 5.16779
1.73949 5.58003
1.72771 7.27139
1.69882 6.68849
1.68497 4.95046
1.63353 6.87777
1.62754 4.63857
1.62013 5.12371
1.61193 5.96348
1.6096 7.51088
1.54663 4.78065
1.5449 4.67107
1.48771 6.22022
1.46789 6.78513
1.40414 5.07769
1.40278 7.32517
1.39658 6.21888
1.36224 5.15566
1.32744 4.52227
1.30861 7.82106
1.28322 5.61155
1.28013 8.20389
1.27811 5.15345
1.25853 7.27317
1.22185 7.39876
1.2047 6.91719
1.18771 7.76075
1.15397 7.2453
1.09165 7.65644
1.08719 7.60238
1.06185 5.45233
1.06018 5.74123
1.05845 6.78805
1.04751 8.54181
1.0269 6.23083
0.993053 7.03433
0.987794 8.57232
0.967494 5.81632
0.964554 7.52171
0.955119 5.05376
0.954569 5.9994
0.95434 6.31741
0.930142 6.47156
0.919105 8.25013
0.916126 8.61359
0.853344 5.27308
0.788245 5.58317
0.776242 7.18656
0.770447 6.2242
0.755828 8.06322
0.748151 8.30043
0.745348 6.14765
0.74404 7.05051
0.743131 5.41162
0.731311 9.05044
0.70839 6.28078
0.677985 9.09238
0.668185 8.91639
0.65979 7.50384
0.633592 7.51078
0.600679 8.44626
0.579315 8.27645
0.566275 5.73697
0.502823 7.71645
0.480986 9.52853
0.443929 9.20718
0.396001 8.00078
0.391245 7.32799
0.390601 7.28155
0.353192 9.09734
0.344286 6.1996
0.343043 10.1939
0.343008 6.99631
0.339306 6.18039
0.335634 7.14937
0.334371 7.51172
0.318313 9.69621
0.314745 8.35427
0.296841 9.26448
0.294646 7.14861
0.289172 7.79053
0.286014 7.41112
0.274841 8.36714
0.269231 7.23343
0.242382 9.96831
0.238484 7.54438
0.228925 6.73009
0.211902 9.76459
0.209763 8.66041
0.203938 7.52746
0.176453 9.53594
0.171016 9.72673
0.165983 9.20002
0.160474 10.7723
0.156271 10.3614
0.154114 6.90781
0.152864 8.21451
0.139553 10.4148
0.138615 8.36283
0.13794 9.89013
0.129681 8.17789
0.12769 8.79985
0.112177 10.4771
0.10509 9.60651
0.0942638 10.8232
0.0919397 9.15761
0.0739109 7.85604
0.0734662 8.45273
0.0602396 8.82407
0.0600012 11.0724
0.0434177 9.67312
0.0359557 8.86159
0.0308223 11.0165
0.0289779 9.7506
0.028782 8.83149
0.0243731 9.86104
0.0230599 10.9489
0.0179284 10.8917
0.0159194 11.1024
0.0147661 7.30021
0.00543619 12.0494
0.00266777 9.07552
0.00165024 11.6055
0.00155856 7.86973
1 0 0 0 0 0 0 0 0 0 
0 0 0 0 0 0 1 0 0 0 
0 1 0 0 0 0 0 0 0 0 
0 0 0 1 0 0 0 0 0 0 
1 0 0 0 0 0 0 0 0 0 
0 0 0 0 0 1 0 0 0 0 
0 0 0 0 0 1 0 0 0 0 
0 0 0 1 0 0 0 0 0 0 
1 0 0 0 0 0 0 0 0 0 
0 1 0 0 0 0 0 0 0 0 
0 0 1 0 0 0 0 0 0 0 
0.260815 0.387369 0 0.351815 0 0 0 0 0 0 
0 0 0 0 0 0 0 0 1 0 
0 0.353746 0.646254 0 0 0 0 0 0 0 
0 0 1 0 0 0 0 0 0 0 
0 0 0 0 0 0 0 0 0 1 
0 0 0 0 0 0 0 0 0 1 
0 0 0 0 0 0 0 1 0 0 
0 0 0 0 0 0 0 0 0.269423 0.730577 
0 0 0 0 1 0 0 0 0 0 
0 0 0 0 0 0 0 0 0 1 
0 0 0 0 0 0 0 0 0 1 
0 0 0 0 0 0 0 0 0 1 
0 0 0 0 0 0.186056 0 0.813944 0 0 
0 0 0 0 0 0 0 1 0 0 
0 1 0 0 0 0 0 0 0 0 
0 0 0 0 0 1 0 0 0 0 
0 0 0 0 0 0 0 0 1 0 
0 1 0 0 0 0 0 0 0 0 
0 0 0 0 0 0 0 0 1 0 
0 0 0 1 0 0 0 0 0 0 
0 0 0 0 0 0 0 1 0 0 
0 0 0 0 1 0 0 0 0 0 
0 0 0 0 1 0 0 0 0 0 
0 0 0 0 0 0 1 0 0 0 
0 1 0 0 0 0 0 0 0 0 
0 0 0 0 0 0 0 1 0 0 
1 0 0 0 0 0 0 0 0 0 
0 0 0 1 0 0 0 0 0 0 
0 0 0 0 0 0 0 1 0 0 
0 1 0 0 0 0 0 0 0 0 
1 0 0 0 0 0 0 0 0 0 
0 0 0.620423 0.379577 0 0 0 0 0 0 
0 1 0 0 0 0 0 0 0 0 
0 0 0 0 0 0 0 0 0 1 
0 0 0 0 0 0 0 1 0 0 
0 0 0 0 0 0 0 1 0 0 
0 0 0 0 0 0 1 0 0 0 
1 0 0 0 0 0 0 0 0 0 
0 0.349852 0.113065 0 0 0.537083 0 0 0 0 
0.243944 0 0 0 0 0 0 0 0.756056 0 
0 0 0.461144 0 0.538856 0 0 0 0 0 
0 0 0 0 0 0 0 1 0 0 
0 0 0 1 0 0 0 0 0 0 
0 0 0 0 0 0 0 1 0 0 
0 0.896144 0 0.103856 0 0 0 0 0 0 
0 1 0 0 0 0 0 0 0 0 
0 0 0 0 0 0 0 1 0 0 
0 0.84167 0 0 0 0.15833 0 0 0 0 
0 0 0 0 0 0 0 0 1 0 
0 0 0 0 0 0 0 0 0 1 
0 0 0 0 1 0 0 0 0 0 
0 1 0 0 0 0 0 0 0 0 
0 0 0 0 0 0 0 0 0 1 
0 0.546294 0.453706 0 0 0 0 0 0 0 
0 0 0 0 0 0 0 0 0 1 
0 0.257786 0 0 0.742214 0 0 0 0 0 
0 0 0.419722 0 0 0 0.580278 0 0 0 
0 0 0.782578 0 0 0.217422 0 0 0 0 
0 0 0 0 0 0 0 0 0 1 
0 1 0 0 0 0 0 0 0 0 
0 0 1 0 0 0 0 0 0 0 
0 0.143363 0.856637 0 0 0 0 0 0 0 
0 0 0 0 0 0 1 0 0 0 
0 0 0 0 0 0 0 0 1 0 
0 0 0 0 1 0 0 0 0 0 
1 0 0 0 0 0 0 0 0 0 
0 0 0 0 1 0 0 0 0 0 
0 0 0 0 0 0 0 0 0 1 
0 0 0.736425 0 0 0.263575 0 0 0 0 
0 0 0 0 0 0 0 0 1 0 
0 0.544996 0 0 0.455004 0 0 0 0 0 
0 0 0 0 0 0 0 1 0 0 
0 0 0 0 0 0 0 0 1 0 
0 0 0 0 0 0 0 0 1 0 
0 0 0 0 0 0 0.207831 0 0 0.792169 
0 0 0.474655 0 0 0 0 0.525345 0 0 
0 0 0 1 0 0 0 0 0 0 
0 0 0 0 0 0 0 0 1 0 
0 0 0 0 1 0 0 0 0 0 
0 0 0 0 0 1 0 0 0 0 
0 0 0 0 0 1 0 0 0 0 
0 0 0 0 0 0 0 1 0 0 
0 0 0 0 0 0 0 0 0 1 
0 0 0 0 1 0 0 0 0 0 
0 0 0 0 0 0 0 0 1 0 
0 0 0 0 0 0 0 0 0 1 
0 0 0 1 0 0 0 0 0 0 
0 0 0 0 0 0 0 0 0 1 
0.398251 0 0 0.432029 0 0 0 0.16972 0 0 
0 0 0 0 0 0 0 0 1 0 
0 0 0 0 0 0 0 0 1 0 
0 0 0 0 0 0 1 0 0 0 
0 0 0 0 0 0 1 0 0 0 
0 0 1 0 0 0 0 0 0 0 
0 0.218572 0.781428 0 0 0 0 0 0 0 
0 0 0 0 0 0 0 0 0 1 
0 0 0 0 1 0 0 0 0 0 
0 0 0 0 0 0 0 0 1 0 
0 0 0 0.52038 0 0 0 0 0 0.47962 
0 0 0 0 0 0 0 0 1 0 
0 0 0 0 0 0 1 0 0 0 
0 0 1 0 0 0 0 0 0 0 
0.687413 0 0 0 0 0.312587 0 0 0 0 
1 0 0 0 0 0 0 0 0 0 
1 0 0 0 0 0 0 0 0 0 
0 0 0 1 0 0 0 0 0 0 
0 0 0 0 1 0 0 0 0 0 
0 1 0 0 0 0 0 0 0 0 
0 0 0 0 0 1 0 0 0 0 
1 0 0 0 0 0 0 0 0 0 
0 0 1 0 0 0 0 0 0 0 
0 0 0 0 0 0 1 0 0 0 
0 0 0.57179 0 0 0 0.42821 0 0 0 
1 0 0 0 0 0 0 0 0 0 
0 0 0 0 0 0 0 0 1 0 
0 0 1 0 0 0 0 0 0 0 
0 0 0 0 0 1 0 0 0 0 
0 0 0 0 0 1 0 0 0 0 
0 0 0 0 0 0 0 1 0 0 
0 0.541796 0 0 0 0 0 0 0.458204 0 
0 0 0 0 0 1 0 0 0 0 
0 0 0 0 0 0 0 1 0 0 
0 0 1 0 0 0 0 0 0 0 
0.453432 0 0 0 0 0 0 0 0.546568 0 
0 0 0.531848 0 0 0 0 0 0 0.468152 
0 0 0 0 0 1 0 0 0 0 
0.533826 0.466174 0 0 0 0 0 0 0 0 
0 1 0 0 0 0 0 0 0 0 
0 0 0 0 0 0 0 1 0 0 
0 0 0 0 0 0 0 0 1 0 
0 0 0 0 0 0 0 0 0 1 
0 1 0 0 0 0 0 0 0 0 
0 0 0 0 0 0 1 0 0 0 
0 0 0 0 0 0 0 1 0 0 
0 0 0 0.441201 0.558799 0 0 0 0 0 
0 0 1 0 0 0 0 0 0 0 
0 0 0.167979 0 0 0 0 0.832021 0 0 
0 0 0 0 0 0 0 0 1 0 
0 0 0 0 0 0 0 0 1 0 
0 0 0 0 0 0 0 1 0 0 
0 1 0 0 0 0 0 0 0 0 
0 0 0 0 0 1 0 0 0 0 
0 0 0 0 0 1 0 0 0 0 
0 1 0 0 0 0 0 0 0 0 
0 0 0 0 0 0 0 0 1 0 
0 0 0 0 0 0 0 0 1 0 
0 1 0 0 0 0 0 0 0 0 
0 0 1 0 0 0 0 0 0 0 
0 0 0 0 0 0 0 1 0 0 
0 0 0 1 0 0 0 0 0 0 
0 0 0 0 0 1 0 0 0 0 
0 0 0 0 0 0.47935 0 0 0.290965 0.229685 
0 0 0 0 0 1 0 0 0 0 
0 0 0 1 0 0 0 0 0 0 
0 0 0 0 0 0 0 0 1 0 
0 0 0 0 1 0 0 0 0 0 
0 0 0 0 1 0 0 0 0 0 
0 0 0 1 0 0 0 0 0 0 
0 0 0 0 0 0 1 0 0 0 
0 0 0 1 0 0 0 0 0 0 
0 0 0 0 0 1 0 0 0 0 
0 0 1 0 0 0 0 0 0 0 
0 0 1 0 0 0 0 0 0 0 
0 0 0 0 0 1 0 0 0 0 
0 0 0 0 0 1 0 0 0 0 
0 1 0 0 0 0 0 0 0 0 
0 0 0 0 1 0 0 0 0 0 
0 0 0 0 1 0 0 0 0 0 
1 0 0 0 0 0 0 0 0 0 
0 0 0 0 1 0 0 0 0 0 
0 0 0 0 0 0 0 0 0 1 
0 0 0 0 0 0 0 0.602216 0.397784 0 
0 0 0 0 0 0 0 0 0 1 
0 0 0 0 1 0 0 0 0 0 
0 0 0 0 0 0 1 0 0 0 
0 1 0 0 0 0 0 0 0 0 
0 0 0 0 0 0 0 0 0 1 
0 0 0 0 0 0 0 0 1 0 
0 0 0 0 0 0 0 0 1 0 
0 0 1 0 0 0 0 0 0 0 
0 0 0.321083 0 0 0 0.678917 0 0 0 
0 0.151959 0 0 0.848041 0 0 0 0 0 
0 0 0 0 0 1 0 0 0 0 
0 0 0 0 0 0 0 1 0 0 
0 0 0 0 0 0 1 0 0 0 
0 0 0.413562 0.586438 0 0 0 0 0 0 
1 0 0 0 0 0 0 0 0 0 
0 0 0 0 0 0 0 0 0 1 
0 0 0 0 1 0 0 0 0 0 
0 0 0 0 0 1 0 0 0 0 
0 0 1 0 0 0 0 0 0 0 
0 0 0.518396 0 0.481604 0 0 0 0 0 
1 0 0 0 0 0 0 0 0 0 
0 0 0 0.377953 0.622047 0 0 0 0 0 
0 0 0 0 1 0 0 0 0 0 
0.312126 0 0 0.687874 0 0 0 0 0 0 
0 1 0 0 0 0 0 0 0 0 
0 0 0 1 0 0 0 0 0 0 
0 0 0 0 0 0 1 0 0 0 
0 0 1 0 0 0 0 0 0 0 
0 0 1 0 0 0 0 0 0 0 
0 0 0 0 0 0 0 0 1 0 
0 0 0 0 0 0 0 0 1 0 
0 0 0 1 0 0 0 0 0 0 
0 0 0 1 0 0 0 0 0 0 
0 0 0 1 0 0 0 0 0 0 
0 0 0 0 0 0 1 0 0 0 
0 0 0 0 0 0 0 0 1 0 
0 0 0 0 0 0 1 0 0 0 
0 0 0 0 0 0 1 0 0 0 
1 0 0 0 0 0 0 0 0 0 
0.673506 0 0 0 0 0 0 0 0.326494 0 
0 0 0 0.596881 0 0 0 0.403119 0 0 
0 0 0 0 0 0 0 0 1 0 
0 0 0 1 0 0 0 0 0 0 
0 0 0 0 0 0 0 1 0 0 
0 0 0 0 0 0 0 1 0 0 
0 0 0 0 0 0 0 0 0 1 
0 0 0 0 0 1 0 0 0 0 
0 0 0 0 0 0 0 0 1 0 
0 1 0 0 0 0 0 0 0 0 
0 0 0 0 1 0 0 0 0 0 
0 0 0 0 0 0 0 1 0 0 
0.209927 0 0 0 0.790073 0 0 0 0 0 
0 0 0.439477 0.380105 0 0.180418 0 0 0 0 
0 0 0 0 0 0 1 0 0 0 
0 0 0 0 0 0 0 0 0 1 
0 0 0 0 0 0 0 0 1 0 
0 0 0 0 0 0 1 0 0 0 
0 1 0 0 0 0 0 0 0 0 
0 0 0 0 0 0 0 0 1 0 
0 0 0 0 0 1 0 0 0 0 
0 0 0 0 0 0.394834 0.605166 0 0 0 
1 0 0 0 0 0 0 0 0 0 
0 0 0 0 0 0 1 0 0 0 
0 0 0 0 0 0 0 0 0 1 
0 1 0 0 0 0 0 0 0 0 
0 0 0 0 1 0 0 0 0 0 
0 0 0 0 0 0 0 1 0 0 
0 0 0 0 1 0 0 0 0 0 
0 0 0 0 0 0 0 0 0 1 
0 0 0 0 0 0 0 0 0 1 
0 0 0 0 1 0 0 0 0 0 
0 0 0 0 0 0 1 0 0 0 
0 0 0 0 0 1 0 0 0 0 
0.326508 0 0.673492 0 0 0 0 0 0 0 
0 0 0 0 0 0 0 1 0 0 
0 0 0 0 0 0 0 0 1 0 
0 0 0 0 0 0 0 0 0 1 
0 0 0 0 1 0 0 0 0 0 
0 0 0 0 0 0 0 0 0 1 
0 0 0 1 0 0 0 0 0 0 
0 0 0 0 0 0 0 0.209191 0.790809 0 
0.434982 0 0 0 0 0 0 0 0 0.565018 
0 0.659179 0 0 0 0 0 0.340821 0 0 
0 0 0 0 0 0 0 0 0 1 
0 0 0 0 0.589944 0 0 0.410056 0 0 
0 0 0 0 0 0 1 0 0 0 
0 0 0 0 0 0 0 1 0 0 
0.383811 0 0 0 0 0 0 0 0 0.616189 
0 1 0 0 0 0 0 0 0 0 
0 0 0 0 0 0 1 0 0 0 
0 0 0 0 0 0 0.535073 0 0.464927 0 
0 1 0 0 0 0 0 0 0 0 
0 0 0 0 1 0 0 0 0 0 
0 0 1 0 0 0 0 0 0 0 
1 0 0 0 0 0 0 0 0 0 
0 0 0 0 1 0 0 0 0 0 
0 0 0 0 1 0 0 0 0 0 
0 0 0 0.459478 0.540522 0 0 0 0 0 
0 0 0 0 0 0 0 1 0 0 
0 0 0 0 0 0 0 0.563065 0 0.436935 
0 0 0 1 0 0 0 0 0 0 
1 0 0 0 0 0 0 0 0 0 
0 0 0 0.741212 0 0 0 0.258788 0 0 
0 0 0 0 1 0 0 0 0 0 
0 1 0 0 0 0 0 0 0 0 
0 0 0 0 0 0 0 1 0 0 
0 0 0 0 0 1 0 0 0 0 
0 0 0 0.498464 0 0 0 0 0.501536 0 
0 0 0 0 0 1 0 0 0 0 
0 0 0 0 1 0 0 0 0 0 
0 1 0 0 0 0 0 0 0 0 
0 0 0 0 0 1 0 0 0 0 
0 0.31839 0.68161 0 0 0 0 0 0 0 
0 0 0 0 0 0 0 0 1 0 
0 0 0 0 1 0 0 0 0 0 
0 0 1 0 0 0 0 0 0 0 
0 0 1 0 0 0 0 0 0 0 
