5 500
0.691486
0.270265
0.41542
0.274671
0.420279
11.8988 0.186564
11.6709 0.213933
11.3139 0.184384
11.061 0.212353
10.9507 0.398698
10.9461 0.632183
10.774 0.610207
10.6776 0.285925
10.5981 0.0996511
10.4263 0.459997
10.3877 0.381739
10.0503 0.805225
9.4971 0.208391
9.47677 1.50976
9.3236 0.22706
9.32277 1.00628
9.23765 1.19559
9.23561 1.1089
9.13228 1.04344
9.12872 0.479483
8.98015 0.511564
8.91624 1.21545
8.84443 1.05294
8.8374 0.922391
8.80475 0.719528
8.7935 0.198411
8.73511 0.418677
8.73266 1.02297
8.70013 0.417639
8.69373 0.939093
8.60978 1.38265
8.57343 1.41479
8.38639 1.32821
8.3301 0.297736
8.3261 0.626846
8.2864 1.2727
8.25257 1.11105
8.23501 0.650286
8.21198 0.686423
8.17755 0.682596
8.09918 0.918114
8.05735 0.277539
8.03563 1.42866
8.01089 1.43065
7.96548 0.688559
7.95938 0.430158
7.94042 1.2553
7.94008 2.24315
7.93824 0.402588
7.87579 1.21993
7.85852 1.45439
7.81766 0.771727
7.80883 1.30176
7.79958 0.454875
7.79908 0.826167
7.78381 0.512387
7.68842 1.52753
7.65769 0.781071
7.64098 1.58684
7.59967 1.94011
7.54742 0.425223
7.54093 2.39517
7.53401 1.20109
7.51592 1.29751
7.49835 0.149537
7.4844 1.1867
7.46711 1.28443
7.45305 0.836001
7.43224 2.25142
7.41602 1.21769
7.40399 0.0791934
7.39217 2.07679
7.39124 1.72413
7.35667 2.31616
7.34157 1.67357
7.24208 1.30413
7.24086 1.40248
7.22832 1.76671
7.11814 0.90079
7.09567 1.84896
7.07301 1.31955
7.05502 1.33641
6.99936 0.389194
6.97067 2.61118
6.97067 2.07435
6.91422 1.23291
6.89306 1.77264
6.88284 1.83109
6.86475 2.11113
6.84615 1.22693
6.83096 1.09007
6.82313 1.18315
6.82184 2.33488
6.81086 1.55601
6.80521 1.49781
6.75276 1.33201
6.74869 0.675419
6.73431 1.81172
6.72324 1.60831
6.71113 1.07493
6.68505 1.4829
6.67279 1.78301
6.5581 2.44694
6.5389 1.74617
6.51037 2.08176
6.49677 2.49057
6.45898 1.54163
6.45157 1.81663
6.42431 0.622957
6.41492 1.39894
6.39575 0.682921
6.38497 2.13733
6.34725 2.23347
6.24369 2.39062
6.22398 1.86572
6.18974 1.36453
6.16872 2.71281
6.06424 0.95993
6.05425 1.39052
6.05002 1.10215
5.94656 1.80155
5.84462 1.99322
5.81512 2.39873
5.78395 2.41028
5.77979 2.73894
5.74865 1.52772
5.71395 1.56704
5.6828 2.70814
5.6709 1.95457
5.65472 2.59129
5.54343 1.88088
5.53527 1.8088
5.50605 3.12303
5.48998 1.86787
5.48205 1.90722
5.45922 1.45444
5.45177 1.88975
5.36655 2.21578
5.35873 2.9567
5.34532 1.98759
5.29186 3.34306
5.25109 2.68134
5.18685 4.0768
5.15611 2.07615
5.0695 2.58857
5.03573 3.61446
5.00399 2.77811
4.97879 2.21759
4.96365 3.95889
4.95812 3.44574
4.95212 1.75543
4.92756 3.94482
4.90712 1.95683
4.89731 3.79439
4.83991 2.65874
4.81657 2.40478
4.78648 2.45856
4.72023 2.99145
4.69556 2.95753
4.65991 3.78249
4.65469 2.27282
4.6526 2.7579
4.64088 2.53439
4.63108 3.40792
4.61797 2.92863
4.61582 3.46975
4.58973 3.03597
4.58829 2.34909
4.55867 2.04345
4.55713 2.50681
4.55116 3.1701
4.44473 4.45727
4.41813 3.53922
4.35233 4.68271
4.22817 2.63939
4.20024 2.45164
4.16702 4.00814
4.15619 3.15908
4.14834 4.27349
4.12913 3.86448
4.10458 4.53916
4.09044 4.70465
4.05754 3.03267
4.03538 3.46429
4.02539 2.59152
4.02102 4.73211
3.99724 4.80031
3.99682 4.45799
3.96549 5.35353
3.95469 3.37064
3.91275 2.69249
3.90818 3.08591
3.85523 3.24819
3.84812 3.06515
3.84335 4.17709
3.81931 2.8173
3.79327 3.29596
3.79011 3.35377
3.74801 4.37429
3.73758 4.41782
3.71519 4.53755
3.71419 2.46493
3.67636 3.49105
3.66929 4.4396
3.59369 5.34387
3.55798 3.9221
3.53231 3.80548
3.50583 3.67806
3.46573 3.76093
3.42705 3.23994
3.42114 3.8992
3.36611 4.71845
3.35907 3.74335
3.35052 4.79779
3.34999 5.57144
3.32455 3.41988
3.32241 4.22605
3.30617 4.09
3.3033 3.71453
3.2963 4.47925
3.25959 5.86751
3.25426 3.9549
3.25138 5.82289
3.23682 3.85192
3.23483 3.9419
3.2164 2.92981
3.13712 4.09211
3.13348 4.39076
3.11152 4.00524
3.05723 3.52564
3.05042 3.69634
3.04974 5.38883
3.04109 3.45659
3.0389 5.32505
3.02647 5.76863
3.011 4.73133
2.9982 4.28603
2.95163 5.27903
2.94427 5.16827
2.92933 5.54028
2.91452 4.07402
2.89811 5.36253
2.89665 4.42374
2.87621 3.15867
2.85266 4.77241
2.84084 4.52581
2.81113 3.57543
2.79714 3.8365
2.77248 5.14448
2.74734 6.45909
2.7216 4.23412
2.70554 4.29382
2.6603 3.15309
2.62071 4.10268
2.62046 6.01447
2.60932 5.86994
2.54613 4.20671
2.53188 5.7152
2.52116 4.77795
2.51573 4.05667
2.51297 3.99578
2.41097 4.90991
2.40835 4.11019
2.39656 3.67376
2.37665 5.33285
2.36097 6.5576
2.3477 4.64712
2.31956 5.34126
2.27921 4.29235
2.26449 5.08358
2.25704 3.81909
2.25049 5.50787
2.24051 5.41183
2.20716 6.43806
2.20599 6.34233
2.20356 5.13838
2.19954 4.3123
2.17294 5.13909
2.13986 4.85152
2.13771 4.24684
2.1175 4.40562
2.11193 4.79787
2.10643 4.40409
2.10129 4.8192
2.09679 3.99138
2.05921 5.3662
2.04203 6.07647
2.03629 4.393
2.0183 5.27992
2.01618 5.69759
2.00933 3.8466
1.96152 6.00657
1.94319 6.35192
1.93749 4.60729
1.93703 5.02151
1.88501 4.81266
1.86372 6.30724
1.83964 6.63164
1.80179 5.34325
1.77185 7.31911
1.77025 4.67894
1.71276 6.29337
1.70867 4.82038
1.69476 6.62697
1.68317 6.15521
1.65048 5.10002
1.64192 7.32069
1.62209 4.88477
1.60679 5.81069
1.58383 6.63943
1.56829 6.8681
1.55853 5.04004
1.55739 6.74878
1.51737 4.85061
1.51682 6.8563
1.50656 6.36324
1.50295 5.16345
1.49594 6.83077
1.49165 6.71934
1.46053 5.60683
1.45963 4.34587
1.4473 5.10436
1.44039 6.42838
1.44027 4.56618
1.40623 7.28289
1.37413 6.05071
1.36973 6.14292
1.35804 6.23169
1.34532 7.28203
1.32929 6.9086
1.31336 6.89565
1.27846 5.20569
1.25312 5.60166
1.24293 6.289
1.22943 4.96685
1.21092 8.12569
1.18301 6.87451
1.1744 7.37922
1.15852 7.13706
1.14388 7.07472
1.13747 5.46357
1.13599 6.11799
1.11549 6.40332
1.11306 5.12159
1.10014 8.40467
1.0802 7.41727
1.04653 6.574
1.03737 6.21392
1.02623 5.84978
1.0175 7.06332
1.01287 7.19734
1.00881 8.50893
1.00663 6.34359
1.00429 6.70925
0.998595 7.74434
0.968283 5.31483
0.954802 5.9521
0.931859 6.63219
0.929751 6.29366
0.92547 7.52035
0.92223 5.49675
0.91425 8.28293
0.900534 5.05202
0.89821 8.58034
0.895263 6.85526
0.886449 6.23745
0.882878 8.25497
0.877276 8.29293
0.87272 8.77719
0.867194 7.16577
0.852204 7.98463
0.845379 7.09766
0.827937 8.24393
0.824003 8.25318
0.8062 5.34324
0.805882 6.36985
0.8023 8.58895
0.798138 8.42916
0.77979 7.66892
0.777874 7.11603
0.76821 5.53548
0.759066 6.34475
0.757733 9.28393
0.743203 5.65182
0.738605 8.53308
0.717837 8.86096
0.713264 5.27701
0.712099 6.4284
0.708138 7.73026
0.696485 9.01544
0.693147 6.4199
0.68899 9.18851
0.684601 7.10706
0.672847 9.40504
0.654859 5.37375
0.653656 5.81831
0.641325 7.04976
0.636965 7.41294
0.612652 6.89114
0.602492 7.65372
0.591784 8.85879
0.590732 5.83167
0.567924 8.90986
0.564588 9.59694
0.561107 8.89424
0.555504 5.74062
0.527129 6.36157
0.524705 8.75166
0.516616 6.39494
0.511214 6.78385
0.508069 8.05286
0.505466 7.63208
0.498169 6.05263
0.495469 8.04277
0.486707 8.59937
0.474159 9.28159
0.444914 9.02301
0.425606 8.70118
0.42289 8.60335
0.403946 6.50251
0.395943 9.7108
0.395826 8.28047
0.383704 9.88841
0.370107 8.4116
0.367578 9.28149
0.36061 7.34229
0.356265 6.87867
0.35596 9.79651
0.347643 9.01933
0.331395 7.88084
0.314974 8.10161
0.312643 6.63158
0.306679 6.37173
0.303235 9.9505
0.291345 7.70313
0.284857 8.04029
0.282017 6.16188
0.279008 7.65843
0.278532 8.76464
0.270779 8.86277
0.255832 9.91779
0.241787 7.82344
0.238641 9.51952
0.226528 9.93676
0.211842 6.62943
0.210321 8.72935
0.201636 9.76973
0.18723 10.2612
0.184421 7.33408
0.182055 9.30071
0.181142 9.20211
0.175621 9.56845
0.172843 8.3766
0.170882 10.8089
0.165419 10.8637
0.160804 7.71595
0.155296 8.9314
0.144789 8.54915
0.133695 10.1166
0.126736 6.73293
0.119365 9.0209
0.115631 6.80231
0.0913309 8.22816
0.0870021 7.19437
0.0868603 7.19321
0.0641229 9.00314
0.0580414 8.29303
0.0490136 10.5821
0.0475811 11.1178
0.0444367 8.15757
0.0408176 8.48495
0.0399856 10.9553
0.0384412 9.89605
0.0383498 11.0636
0.038203 7.31828
0.036606 11.7305
0.0355474 8.8863
0.0320452 9.00161
0.0314434 10.0324
0.0311998 7.78179
0.0306227 10.0724
0.0287157 9.06815
0.0270524 8.96056
0.0261032 10.6143
0.0257346 10.8067
0.0252771 7.82505
0.0242274 10.2969
0.0229254 10.9442
0.022646 10.5765
0.0223901 7.59307
0.0204583 8.94622
0.0194416 7.57946
0.0189918 8.39889
0.0187095 11.4177
0.0154488 7.38992
0.0121501 10.9448
0.00946475 10.6593
0.00506586 10.0159
0.0021641 9.45246
0.00186695 10.0566
0 0 1 0 0 
0 1 0 0 0 
0 0 0 1 0 
0 0 0 1 0 
0 0 1 0 0 
0 0.663994 0.336006 0 0 
0 0 0 0 1 
0.6727 0.3273 0 0 0 
0 0 1 0 0 
0 0 0.279008 0 0.720992 
0.478195 0 0 0.521805 0 
1 0 0 0 0 
0 0 0 0 1 
0 1 0 0 0 
0 0 0 0 1 
1 0 0 0 0 
0 0 1 0 0 
0 0 0 0 1 
0.46105 0.359983 0 0 0.178967 
0 0 1 0 0 
0 0 0 1 0 
0 0 0 1 0 
0 0 0 1 0 
0 0 0 1 0 
1 0 0 0 0 
0 1 0 0 0 
0 0 0 1 0 
0 0 0 0 1 
1 0 0 0 0 
0.242232 0 0 0.273433 0.484336 
1 0 0 0 0 
0 1 0 0 0 
0 0 1 0 0 
0 0 1 0 0 
0 0 0 1 0 
0 0 1 0 0 
0 0.634254 0 0 0.365746 
0 0 0.539275 0 0.460725 
0 1 0 0 0 
0 0 0 1 0 
0 0 1 0 0 
0 1 0 0 0 
0 1 0 0 0 
1 0 0 0 0 
0 1 0 0 0 
0 1 0 0 0 
0 0 0 0 1 
0 0 0 0 1 
0 0 0 0.63813 0.36187 
1 0 0 0 0 
0 0 1 0 0 
0 0 0 1 0 
0 0 0 0 1 
0 0 0 0 1 
1 0 0 0 0 
0 0 0 1 0 
0 1 0 0 0 
1 0 0 0 0 
1 0 0 0 0 
0.617001 0 0 0 0.382999 
1 0 0 0 0 
0 0.641277 0 0 0.358723 
0 0 1 0 0 
0 0 1 0 0 
1 0 0 0 0 
0 0 0 1 0 
0 1 0 0 0 
0 0 0 0 1 
0 0 0 0 1 
0 0 1 0 0 
0.306646 0 0 0 0.693354 
0 0 0 1 0 
0 1 0 0 0 
1 0 0 0 0 
0 0 0 0 1 
0.336601 0 0 0 0.663399 
0 0 0 0 1 
0 0 0 0 1 
0 0 1 0 0 
0 0 0 1 0 
0.326904 0 0 0.673096 0 
0 1 0 0 0 
0 0 0 1 0 
0 0 0 1 0 
1 0 0 0 0 
0 0 0.564106 0.435894 0 
0 0 1 0 0 
0 0 0 1 0 
1 0 0 0 0 
1 0 0 0 0 
0 0 0 1 0 
0 0 0 1 0 
0 0 0 1 0 
0.131295 0 0 0.356974 0.511731 
0 0.771558 0 0.228442 0 
0 0 0 1 0 
0 1 0 0 0 
0 0 0 1 0 
0 1 0 0 0 
0 0 1 0 0 
0 0 0 1 0 
0 0 0 1 0 
0 0 1 0 0 
0 0 0 0 1 
1 0 0 0 0 
0 0 1 0 0 
0 0 0 1 0 
0 1 0 0 0 
1 0 0 0 0 
0 0 1 0 0 
0 1 0 0 0 
0 0 0 1 0 
0 1 0 0 0 
0 0 1 0 0 
0 0 0 0 1 
1 0 0 0 0 
1 0 0 0 0 
0 0 0 1 0 
1 0 0 0 0 
0 1 0 0 0 
0.406045 0.527698 0.0662572 0 0 
0 0 0 1 0 
1 0 0 0 0 
0 0 1 0 0 
0 0 1 0 0 
0.211284 0 0.400753 0 0.387963 
0 1 0 0 0 
0 1 0 0 0 
0 0 1 0 0 
0 0 1 0 0 
0 0 0 1 0 
0 0 0 0 1 
0 1 0 0 0 
0 0 1 0 0 
1 0 0 0 0 
0 0 1 0 0 
0 0.729304 0 0.270696 0 
0 0 0 1 0 
0 1 0 0 0 
1 0 0 0 0 
0 1 0 0 0 
0 0 1 0 0 
0 0 0 1 0 
0.725509 0 0.274491 0 0 
0 1 0 0 0 
0 0 0 1 0 
0 0 0 0.632713 0.367287 
0 0 0 1 0 
1 0 0 0 0 
0 0.310825 0 0.689175 0 
1 0 0 0 0 
0 0 0 1 0 
1 0 0 0 0 
0 0 0 1 0 
0 0 0 1 0 
0.279106 0 0.720894 0 0 
1 0 0 0 0 
0 0 0 0.337482 0.662518 
0 0.346013 0.653987 0 0 
0 0 0 0 1 
0.620335 0 0.379665 0 0 
0 0 0 1 0 
1 0 0 0 0 
1 0 0 0 0 
0 0 0 1 0 
0 0 0 0.471785 0.528215 
1 0 0 0 0 
0 0 0 1 0 
0 0 0 0 1 
0 0 0.513928 0 0.486072 
0 0 0 0 1 
0 0 0 1 0 
1 0 0 0 0 
0 0 0 0 1 
1 0 0 0 0 
0 1 0 0 0 
0 1 0 0 0 
0 0 0 1 0 
0 0 1 0 0 
0 0 0 1 0 
1 0 0 0 0 
1 0 0 0 0 
0 0 0 1 0 
0 0.717856 0.282144 0 0 
0.448247 0 0 0.551753 0 
0 1 0 0 0 
0 1 0 0 0 
1 0 0 0 0 
0 0 0 1 0 
0 0 0 0 1 
0 0 0 1 0 
0 0 0.224513 0.775487 0 
0.562389 0 0 0.437611 0 
0 0 0.76558 0.23442 0 
0 0 0 0 1 
0 0 0 0 1 
0 0 1 0 0 
0 1 0 0 0 
0 0 0 1 0 
0 0 0 0 1 
0 0.192836 0.807164 0 0 
0 0 0 0 1 
1 0 0 0 0 
1 0 0 0 0 
0 0 0 0 1 
0 0 0 1 0 
1 0 0 0 0 
0.463547 0 0 0.230512 0.305941 
0 1 0 0 0 
1 0 0 0 0 
0 0 0.547377 0.452623 0 
1 0 0 0 0 
0 0 0 0 1 
1 0 0 0 0 
0 0 0 0 1 
0 0 1 0 0 
1 0 0 0 0 
0 0 0 1 0 
0 0 1 0 0 
1 0 0 0 0 
0 0 0 1 0 
1 0 0 0 0 
0 0 0 0 1 
0 1 0 0 0 
1 0 0 0 0 
0 1 0 0 0 
0.350771 0.649229 0 0 0 
0 0 1 0 0 
0 0 0 1 0 
0 0 1 0 0 
0 0 0 1 0 
0 0 0 1 0 
0 1 0 0 0 
1 0 0 0 0 
0.277166 0 0.722834 0 0 
1 0 0 0 0 
0.325523 0 0.674477 0 0 
0 0 0 1 0 
0 1 0 0 0 
1 0 0 0 0 
1 0 0 0 0 
0 0 0 0 1 
0 0 1 0 0 
1 0 0 0 0 
0 0 0 0 1 
0 0.572162 0 0.427838 0 
0 0 0 1 0 
0 0.143343 0 0.856657 0 
0 0 0 1 0 
0 0 0.506685 0 0.493315 
0 0 0 0.891202 0.108798 
0 0 0.546171 0.453829 0 
0 1 0 0 0 
0 0 0 0 1 
0 0 0 0 1 
0 0 0 0 1 
0 1 0 0 0 
0 1 0 0 0 
0 0 0 0 1 
0 0 0 0 1 
1 0 0 0 0 
0 1 0 0 0 
0 0 0 0 1 
0 0 0 0 1 
0.233042 0.766958 0 0 0 
0 1 0 0 0 
0 0 0 1 0 
1 0 0 0 0 
0 0 0 0 1 
0 0 1 0 0 
0.375146 0 0.400184 0 0.22467 
0.748304 0 0 0 0.251696 
1 0 0 0 0 
0 0 0 0 1 
0 0 0 1 0 
0 0 0.282218 0 0.717782 
0 0 1 0 0 
0 0 1 0 0 
1 0 0 0 0 
0.5166 0.4834 0 0 0 
1 0 0 0 0 
0 0 1 0 0 
0 1 0 0 0 
0.409307 0 0 0 0.590693 
0 0 1 0 0 
1 0 0 0 0 
0 0 0 0 1 
0.350271 0 0.649728 0 0 
0.578921 0.421079 0 0 0 
1 0 0 0 0 
0 1 0 0 0 
0 0 0.248907 0.751093 0 
0 1 0 0 0 
0 0 1 0 0 
0.443157 0 0 0.556843 0 
0 0 0 1 0 
0 1 0 0 0 
0 0 0 0 1 
0 0 0 1 0 
0 0 0 0 1 
0 1 0 0 0 
0 0 0 1 0 
1 0 0 0 0 
0 1 0 0 0 
0 0 0 1 0 
0 1 0 0 0 
0 0 0 1 0 
1 0 0 0 0 
0 1 0 0 0 
0 1 0 0 0 
0 0 1 0 0 
0 0 0 0 1 
0 0.658983 0 0 0.341017 
0 0 1 0 0 
0 0 1 0 0 
0.492093 0 0 0 0.507907 
0 1 0 0 0 
1 0 0 0 0 
1 0 0 0 0 
0 0 0 0 1 
0 0 0 0 1 
0 0 0 0 1 
0 1 0 0 0 
0.316897 0 0.683103 0 0 
0 0 0 1 0 
0 0 1 0 0 
1 0 0 0 0 
0 0.284431 0 0.26849 0.447079 
0.288669 0.711332 0 0 0 
0 1 0 0 0 
0 0 1 0 0 
0 0 1 0 0 
0 1 0 0 0 
0 0 0.399919 0 0.600081 
0 0 0 0 1 
1 0 0 0 0 
0 0 1 0 0 
0 0 1 0 0 
0 0 0 0 1 
0 1 0 0 0 
0 0 0 0 1 
0 0 1 0 0 
0 1 0 0 0 
0.256084 0 0.743916 0 0 
0 0 1 0 0 
0.739081 0 0 0 0.260919 
0 0.420696 0 0.579304 0 
0 0 0 0 1 
0.440543 0.559457 0 0 0 
0 0 0 0 1 
0 0 1 0 0 
0 0 0 1 0 
0 0 0 0 1 
0 0.337812 0 0.220382 0.441806 
1 0 0 0 0 
0 0 1 0 0 
1 0 0 0 0 
0 1 0 0 0 
0 0.737837 0.262163 0 0 
0 0 0 1 0 
0 0 1 0 0 
0 0 0 1 0 
0 0 1 0 0 
1 0 0 0 0 
0 0 0.591262 0 0.408738 
0 0 0 1 0 
1 0 0 0 0 
0 0 1 0 0 
0 0 0 1 0 
0 0 0 0 1 
0 0 1 0 0 
0 0 0 0 1 
0 0 1 0 0 
0 0 0 0.217747 0.782253 
0 0 0 0 1 
0 0 1 0 0 
0 0 0 1 0 
1 0 0 0 0 
0 0 0 0 1 
0 0 0 0 1 
0.467198 0.2846 0 0 0.248202 
1 0 0 0 0 
0.210072 0 0 0 0.789928 
0.581672 0.418328 0 0 0 
1 0 0 0 0 
0.188065 0.811935 0 0 0 
0 0 1 0 0 
0 1 0 0 0 
0 0 0 1 0 
0 0 0 1 0 
0 0 0 1 0 
1 0 0 0 0 
0 0 1 0 0 
0 0 0 1 0 
0 1 0 0 0 
0.736432 0 0.263568 0 0 
1 0 0 0 0 
0 0 0 1 0 
0 0.374993 0 0 0.625007 
0 0 0 1 0 
0.636703 0 0.363297 0 0 
0 0 0 1 0 
0 1 0 0 0 
0 0 1 0 0 
1 0 0 0 0 
0 0 1 0 0 
0 0 1 0 0 
0 1 0 0 0 
0 0 0 1 0 
0 1 0 0 0 
0 1 0 0 0 
0 0 1 0 0 
0 0 0 1 0 
0 0 1 0 0 
1 0 0 0 0 
0 0 0 1 0 
1 0 0 0 0 
0 0 0 0 1 
0 1 0 0 0 
0 0 1 0 0 
0 0 0 1 0 
1 0 0 0 0 
0 0 0 1 0 
1 0 0 0 0 
0 0.288908 0 0 0.711092 
1 0 0 0 0 
0 0 0 1 0 
1 0 0 0 0 
0 0 0 1 0 
0 1 0 0 0 
0.689303 0 0 0.310697 0 
0 1 0 0 0 
0 0 1 0 0 
0.768023 0 0 0 0.231977 
0 0 0 0 1 
0 1 0 0 0 
0 0 0 1 0 
0 0 0 1 0 
0 0 0 0 1 
0 0 1 0 0 
1 0 0 0 0 
0 0 0 1 0 
0 1 0 0 0 
0 1 0 0 0 
0.256383 0.447458 0.296159 0 0 
1 0 0 0 0 
0 0 0 1 0 
0 0 1 0 0 
0 0 0 1 0 
1 0 0 0 0 
0 0 1 0 0 
0.363377 0.636623 0 0 0 
0 0.353561 0 0 0.646439 
0 0 1 0 0 
0 0 0.635579 0.364421 0 
0 0 0 0 1 
0 0 0 1 0 
0 1 0 0 0 
0 1 0 0 0 
0.483021 0.516979 0 0 0 
0 0 1 0 0 
0 0 1 0 0 
0 0 0 1 0 
0 0 1 0 0 
0 0.542368 0 0.457632 0 
1 0 0 0 0 
1 0 0 0 0 
0 1 0 0 0 
0 0 0 0 1 
0 0 0 0 1 
0 0 0 1 0 
0 0 0 0 1 
0 0 1 0 0 
0 0 0.500547 0 0.499453 
1 0 0 0 0 
0 0.54507 0 0.45493 0 
0 0 0 0 1 
0 0 0 1 0 
0.790426 0 0 0.209574 0 
1 0 0 0 0 
0 0 0 1 0 
0 0 0 1 0 
0 1 0 0 0 
0 0 0 1 0 
0 0 0 1 0 
0 0 0 1 0 
0 0.477325 0 0.522675 0 
0 0 0 0 1 
0 0 0 0 1 
0 0 1 0 0 
0 0 0 0 1 
0 0 1 0 0 
0 0 0 1 0 
0 0 1 0 0 
1 0 0 0 0 
0 0 0 0 1 
0 0 0 1 0 
0 1 0 0 0 
0 0 0 1 0 
0 1 0 0 0 
