10 100
0.684977
0.270953
0.566448
0.336755
0.408476
0.307871
0.440203
0.434113
0.586544
0.538521
11.0908 0.134554
9.58265 0.495174
9.14399 0.272071
9.12465 0.762997
8.26667 0.145971
8.09956 0.314649
8.03933 1.71324
7.99296 0.123107
7.98942 1.67225
7.95259 0.97407
7.53108 0.732356
7.18347 0.571851
7.15513 0.9754
6.85199 3.12256
6.83781 1.31623
6.80388 1.55001
6.79472 2.06839
6.73018 0.907709
6.67573 2.55495
6.42126 2.89102
6.36818 1.11115
6.25158 2.81919
5.85682 2.624
5.8342 1.47144
5.71571 1.73917
5.676 1.19121
5.6058 2.23623
5.46837 4.13417
5.4054 2.32642
5.27053 2.56286
5.26962 2.17928
5.26471 2.30346
5.08812 2.81808
4.96652 2.05564
4.62167 3.12096
4.4813 3.06625
4.44477 3.03384
4.36499 4.1078
4.28065 3.04442
4.0434 3.20051
4.00318 3.27365
3.85468 4.5947
3.69693 4.82283
3.59624 3.62138
3.5594 3.51721
3.45056 3.99778
3.33867 5.68039
3.19604 4.75158
3.11244 4.54114
3.09494 4.06133
3.04545 3.76238
2.93484 5.19617
2.67809 6.32133
2.67808 4.09205
2.57336 3.91714
2.42722 4.43767
2.22936 5.3637
2.2283 5.06565
2.04633 6.96538
2.01703 5.78046
1.93122 5.86045
1.7634 5.42525
1.59777 6.48842
1.54362 5.25548
1.29753 7.53008
1.25793 7.9656
1.12848 6.93153
1.11821 8.18904
1.02852 5.27158
0.998008 8.26502
0.855829 5.35501
0.751602 5.3306
0.694745 7.9214
0.515612 6.76385
0.503079 8.63036
0.502233 8.15948
0.441589 8.88246
0.425794 8.53149
0.422703 9.57427
0.408515 8.56843
0.40121 8.79853
0.257391 7.62684
0.21821 8.14718
0.183198 9.14968
0.181727 9.18289
0.168994 7.17779
0.127384 9.15063
0.12722 7.26007
0.103086 9.26437
0.10236 7.37422
0.0933778 9.82678
0.0886517 10.6146
0.0601934 8.32844
0.0586006 7.99064
0.0259436 7.90368
0.0207825 11.603
0.0140293 11.7282
0.0110377 9.58012
0.00654487 7.76117
0.00225782 10.1769
0 0 1 0 0 0 0 0 0 0 
0.509194 0.490806 0 0 0 0 0 0 0 0 
0.671976 0 0 0.328024 0 0 0 0 0 0 
0 0 0 0 0 0 0 0 1 0 
0 0 0 0 0.290006 0.709994 0 0 0 0 
1 0 0 0 0 0 0 0 0 0 
0 0 0 0 0 0 0 0 0 1 
0 0 0 0 0 0 0 0 1 0 
0 0 0 0 0 0 0 0 0 1 
0 0 0 0 0 0 0 0 1 0 
0 0 0 0 0 0 1 0 0 0 
0 0 0 0 0.598115 0 0.401885 0 0 0 
0 0 0 0 0 0 0 1 0 0 
0 0 0 0 0 0 0 1 0 0 
0 0 0 0 0 0 0 0 1 0 
0 0 1 0 0 0 0 0 0 0 
0 0 0 1 0 0 0 0 0 0 
0 0 0 0 0 0 0 0 1 0 
0 0 0 0 0 0 1 0 0 0 
0 0 0 0 0 1 0 0 0 0 
0 0.595581 0 0 0 0 0 0 0 0.404419 
0 0 0 0 0 0 0 1 0 0 
0 0 0 0 0 0 0 0 0 1 
0 0 0 0 0 0 0 0 1 0 
0 0 0 0 0 0 0 0 0 1 
0 0 0 0 0 0 0 0 0 1 
0 0 1 0 0 0 0 0 0 0 
0 0 0 0 0 0 0 0 0 1 
0 1 0 0 0 0 0 0 0 0 
0 0 0 0 1 0 0 0 0 0 
0 0 0 0 0 0 0 0 0 1 
0 1 0 0 0 0 0 0 0 0 
0 1 0 0 0 0 0 0 0 0 
1 0 0 0 0 0 0 0 0 0 
0 0 0 0 0 0 1 0 0 0 
0 0 0 0 0 0 0 0 0 1 
0 1 0 0 0 0 0 0 0 0 
0 0 0 0 0 1 0 0 0 0 
0 1 0 0 0 0 0 0 0 0 
0 0 0 0 0 0 0 0 0 1 
0 1 0 0 0 0 0 0 0 0 
0 0 0 0 0 0 0 1 0 0 
0 1 0 0 0 0 0 0 0 0 
0 0 0 0 1 0 0 0 0 0 
0 0 0 0 0 1 0 0 0 0 
0 0 0 1 0 0 0 0 0 0 
0 0 0 0 0 0 1 0 0 0 
0 0.323258 0 0 0 0 0 0 0.676742 0 
0 0 0 0 1 0 0 0 0 0 
0 0 0 0 0 0.766071 0.233929 0 0 0 
0 0 0 0 1 0 0 0 0 0 
0 0 0 0 0 0 0 0 1 0 
0 1 0 0 0 0 0 0 0 0 
0 0 0 0 0 0 0.283721 0.716279 0 0 
0 0 0 0 0 0 0 0 1 0 
0 0 0 0 1 0 0 0 0 0 
0 0 0 0.230245 0 0.769755 0 0 0 0 
0 0 0.497224 0 0.502776 0 0 0 0 0 
0 0 0 0.468323 0 0 0 0 0 0.531677 
0 0 0 0 0 0 0 0 0 1 
0 0 0 0 0 0 1 0 0 0 
0 0 0 0 0 0 0 0 0 1 
0 0 0 0 0 0 0 0 1 0 
1 0 0 0 0 0 0 0 0 0 
0 0 0 0 0 0.380088 0 0.619912 0 0 
0 0 0 0 0 1 0 0 0 0 
0 0 1 0 0 0 0 0 0 0 
0 0 0 0 0 0 0.689233 0.310767 0 0 
0 0 0 0 0 0 1 0 0 0 
0 0 0 0 0 0 1 0 0 0 
0 0 0 0 0 0 0 0 0 1 
0 0 0 0 1 0 0 0 0 0 
0 0 1 0 0 0 0 0 0 0 
0 0 0 0 0 0 0 0 0 1 
0 0 0 0 0 0 0 1 0 0 
0 0 0 0 0 0 0 0.452734 0 0.547266 
0 1 0 0 0 0 0 0 0 0 
0 0 0 0 0 0 0 1 0 0 
0 0 0 0 1 0 0 0 0 0 
0 0 0 1 0 0 0 0 0 0 
0 0 0 0 0 1 0 0 0 0 
0 0 0 1 0 0 0 0 0 0 
0 1 0 0 0 0 0 0 0 0 
0.45082 0.54918 0 0 0 0 0 0 0 0 
0 0 0 0 0 1 0 0 0 0 
0 0 0 0.776312 0 0 0.223688 0 0 0 
0.340548 0 0 0 0 0 0 0 0.659452 0 
0 0 0 0 0 0 0 0 0 1 
0 0 0 0 0 0 0 1 0 0 
0 0 0 1 0 0 0 0 0 0 
0 0 0 0 0 0 0 1 0 0 
0 0 0 0 0 0 0 0 0.358952 0.641048 
0 0 0 0 0 0 0 0.677112 0 0.322888 
0 0 0 0 0 0 0 0 0 1 
0 0 0 0 0 0.445417 0 0 0.554584 0 
0 0 0 1 0 0 0 0 0 0 
0 1 0 0 0 0 0 0 0 0 
0 0 0 0 0 0 0 0 1 0 
0 0 0 0 0 0 0 0 1 0 
0 0 1 0 0 0 0 0 0 0 
