10 25
0.377163
0.47249
0.313911
0.348549
0.426979
0.324557
0.709367
0.664185
0.73238
0.341693
11.6967 0.153658
8.9697 0.722566
7.89415 1.53894
7.23291 1.8485
6.61649 2.48252
6.23403 1.94784
4.41871 2.59453
4.39918 2.93232
2.85182 3.76055
2.75278 4.16289
2.25185 5.53266
1.80969 6.27607
1.48095 6.25173
1.43822 5.04828
1.41372 6.2356
1.25763 7.32777
0.762727 8.54499
0.728383 8.27317
0.62843 6.95497
0.253947 6.25744
0.147257 8.08421
0.088057 8.96205
0.0827867 9.99894
0.0476101 10.4859
0.00275699 8.68267
0 0 0.517427 0 0 0 0 0.482573 0 0 
0 0 0 1 0 0 0 0 0 0 
0.641845 0 0.358155 0 0 0 0 0 0 0 
0 0 0 0 0 0 0 0 1 0 
0 0 0 0 0 0 0 0 0 1 
0 0 0 1 0 0 0 0 0 0 
0 1 0 0 0 0 0 0 0 0 
1 0 0 0 0 0 0 0 0 0 
0 0 0 0 1 0 0 0 0 0 
0 0 1 0 0 0 0 0 0 0 
0 0 0 0 0 0 0 1 0 0 
0 0.210544 0 0 0 0 0 0 0 0.789456 
0 1 0 0 0 0 0 0 0 0 
0 0 0 0 0 0 0.453831 0 0.546169 0 
0 0 0 0 0 0 0 0 0 1 
0 0 0 0 0 0 0 0 1 0 
0 1 0 0 0 0 0 0 0 0 
1 0 0 0 0 0 0 0 0 0 
0 0 0 0 0 0 1 0 0 0 
1 0 0 0 0 0 0 0 0 0 
0 0 0 0 0 1 0 0 0 0 
0 0 0 1 0 0 0 0 0 0 
0.340429 0.659571 0 0 0 0 0 0 0 0 
0 0 0 0 0 0 0 1 0 0 
0 0 0 1 0 0 0 0 0 0 
