5 300
0.632382
0.384376
0.50885
0.70881
0.659092
10.9479 0.166151
10.7786 0.225918
10.6939 0.679819
10.1893 0.433938
9.92521 0.844927
9.55223 0.259041
9.5479 0.649347
9.50216 0.872392
9.47514 0.415291
9.2035 0.520806
9.19286 0.408891
9.17516 0.526671
8.96586 0.499295
8.86172 1.22588
8.84453 0.445683
8.81517 1.3849
8.78838 0.668413
8.66535 1.09922
8.59456 1.04792
8.26406 1.32744
8.25786 0.643368
7.84679 1.26594
7.8069 2.21789
7.79888 0.405854
7.71414 1.67229
7.70051 0.594979
7.55233 1.19128
7.50141 1.56839
7.28196 1.7347
7.26107 1.41705
7.22005 0.300234
7.2114 1.89788
7.16587 2.17085
7.14398 1.89755
7.06539 2.64336
6.98426 1.45503
6.93169 1.81257
6.89082 2.46656
6.88472 1.21072
6.68189 1.68188
6.64831 2.44793
6.62013 1.15112
6.61723 3.32348
6.54251 1.23333
6.3354 1.80072
6.29008 1.57122
6.1719 2.52796
6.11498 1.53333
6.08307 2.65263
6.05882 2.81783
6.03311 2.31051
5.96969 3.3889
5.92705 2.23014
5.89946 1.60196
5.87333 1.93878
5.7569 1.3422
5.72191 3.12168
5.70527 1.13058
5.69218 2.20044
5.68728 2.32341
5.65046 2.72102
5.61229 2.20124
5.59522 2.07343
5.584 2.91873
5.46932 2.91995
5.4333 2.65536
5.33868 3.42686
5.29944 3.49764
5.22863 3.93657
5.15097 3.24432
5.09584 4.22228
5.02433 3.38843
4.99549 3.59182
4.95382 2.59523
4.93631 2.83482
4.92983 2.61035
4.90686 3.32476
4.87303 2.929
4.86977 3.6617
4.86878 3.26003
4.86555 1.7154
4.83678 4.02999
4.83268 2.14433
4.81385 3.64565
4.79596 3.49928
4.79295 3.38199
4.72268 3.26094
4.55047 3.01737
4.52584 2.82508
4.35523 4.23763
4.33138 4.28299
4.22799 3.98785
4.22066 2.71291
4.20958 4.75885
4.20603 3.17922
4.20517 3.93368
4.19592 3.13212
4.12286 2.38764
4.09897 3.07823
4.09562 2.04775
4.03343 3.21673
4.03293 3.55146
4.01678 3.8767
3.99469 3.66444
3.96445 4.39643
3.9202 3.21993
3.90834 2.91261
3.87801 3.15522
3.79955 3.50505
3.78873 4.33642
3.78636 2.61947
3.73815 3.76606
3.65271 3.19688
3.52334 3.29549
3.5083 2.77676
3.49643 4.25373
3.45618 4.52838
3.3897 2.83582
3.37113 3.59686
3.30922 4.80402
3.2928 4.76546
3.28846 3.37551
3.26542 4.4827
3.25491 3.77534
3.20749 5.51381
3.18825 3.70349
3.1666 4.8742
3.00981 2.99
3.00539 3.09011
2.94978 3.54885
2.91044 3.24608
2.88281 5.88726
2.8174 6.00385
2.73017 3.96696
2.72649 4.51919
2.71564 6.05206
2.70523 5.9537
2.68082 5.96881
2.64102 3.7868
2.59472 4.50556
2.57906 4.68632
2.55748 5.05811
2.48623 5.0529
2.48307 4.14091
2.4718 4.89373
2.44741 5.15741
2.43138 5.12431
2.36308 3.94754
2.35479 5.42562
2.35413 4.43814
2.34985 5.45435
2.23171 5.40765
2.18846 4.77906
2.18839 5.51444
2.18031 4.57089
2.1537 4.58981
2.14535 3.54684
2.14101 5.35238
2.1401 4.95938
2.13278 6.43834
2.13267 5.72546
2.11913 5.62281
2.06611 4.30538
2.02091 5.32015
1.98846 5.90616
1.98685 5.31549
1.94728 5.51713
1.902 6.35466
1.80433 4.71864
1.67612 6.68072
1.67304 5.3184
1.6254 6.75696
1.61962 7.36559
1.61116 4.7324
1.55382 6.17112
1.52115 6.96742
1.49774 6.9467
1.48918 6.0924
1.46898 5.02052
1.43497 7.01818
1.4272 5.64516
1.39845 5.38459
1.35924 5.22212
1.34651 4.93445
1.30557 4.51759
1.27687 5.21562
1.26264 7.67726
1.25259 7.90021
1.23846 7.02613
1.22689 7.02159
1.14841 5.01245
1.14357 6.85968
1.11267 5.62828
1.1102 4.80333
1.0929 7.05503
1.07828 7.58665
1.06897 5.61387
1.05802 5.71266
1.05725 6.7021
1.05583 6.69639
1.04986 7.64481
0.980385 5.39985
0.941026 5.26991
0.932202 7.60686
0.879916 7.65917
0.873947 8.25866
0.857138 5.52287
0.854883 8.2904
0.852403 6.19383
0.817375 6.19958
0.796734 6.60301
0.754735 9.10881
0.727866 7.41803
0.705753 6.34503
0.69929 8.29044
0.696058 7.46681
0.675241 7.34348
0.651589 5.7285
0.640505 7.76399
0.610978 6.13894
0.563936 8.80386
0.56349 9.53817
0.552353 7.49851
0.55174 6.23635
0.504755 7.38965
0.50304 7.26283
0.498955 6.14565
0.47951 6.99766
0.478392 8.84734
0.47354 8.00587
0.46648 8.34315
0.459351 9.80069
0.43797 9.96066
0.430355 9.8675
0.402953 9.622
0.3857 7.07159
0.379872 6.77877
0.372988 8.93147
0.368776 8.89542
0.352544 7.3003
0.324251 7.28013
0.303714 9.4462
0.288605 6.58138
0.271303 6.94294
0.265617 9.6861
0.265021 7.31195
0.256209 8.46636
0.252689 10.4392
0.246636 7.47139
0.244014 7.56087
0.23781 10.0145
0.232822 10.256
0.229478 7.66119
0.219609 6.66245
0.169926 7.25617
0.160365 10.1645
0.143146 7.7654
0.13547 8.86212
0.108831 8.84743
0.0989607 11.0603
0.0889907 10.7223
0.0866472 8.94467
0.0859155 9.18903
0.0849389 8.22521
0.0764952 10.9329
0.067646 7.16055
0.0661765 10.929
0.0653313 8.13404
0.0607457 9.06116
0.0562486 8.86177
0.0541168 10.5964
0.0523782 11.4527
0.0485731 8.3963
0.0481734 7.11673
0.044453 11.472
0.0374742 11.2529
0.036751 10.7765
0.0345352 9.11046
0.0315275 10.5823
0.0313462 7.20078
0.0273016 8.7478
0.0227692 10.4475
0.0175516 8.6655
0.014134 9.23155
0.00936698 10.6574
0.00907811 7.40792
0.00836928 10.6997
0.00834861 8.63852
0.00700399 9.67006
0.00650724 11.5053
0.00614259 8.1228
0.00612673 10.0473
0.00576298 10.044
0.00490806 11.2069
0.00420382 9.56642
0.00339584 11.1263
0.00281947 11.9501
0.00238597 11.7212
0.00225363 12.3111
0.00218455 8.46014
1 0 0 0 0 
0 0 0.216081 0 0.783919 
0.657752 0 0.342248 0 0 
1 0 0 0 0 
0 1 0 0 0 
0.247904 0 0 0.752096 0 
0 0 1 0 0 
1 0 0 0 0 
0.61599 0 0.38401 0 0 
0 0 0 0 1 
0 0 0 1 0 
0 0 1 0 0 
0 1 0 0 0 
0 1 0 0 0 
0 0 0 0 1 
1 0 0 0 0 
1 0 0 0 0 
0.537628 0 0 0.462372 0 
0 0 0 1 0 
1 0 0 0 0 
0 0 0 0 1 
0 1 0 0 0 
0 0 1 0 0 
0.5285 0.4715 0 0 0 
0 0 0 0.153589 0.846411 
0 0.542433 0 0.457567 0 
0 0 0 1 0 
0 1 0 0 0 
0 0 1 0 0 
0 1 0 0 0 
0 0 0 1 0 
0 0 1 0 0 
0.550715 0 0 0.449285 0 
0 1 0 0 0 
0 0 1 0 0 
0 0 0 0 1 
0 0.852983 0.147017 0 0 
0 0 0 1 0 
0 0 1 0 0 
0 0 0 0 1 
0 0 0 1 0 
0 0.713567 0 0.286433 0 
0 0 0 0 1 
1 0 0 0 0 
0 0 0 0.74101 0.25899 
0 0 0 0 1 
0 0 0 0 1 
1 0 0 0 0 
0 0 0 0 1 
0 0 0 1 0 
0 0 0 0.406345 0.593655 
0 0 0 1 0 
0 0 0 1 0 
0 1 0 0 0 
1 0 0 0 0 
0 1 0 0 0 
0 0 0 0.724234 0.275766 
0.604 0 0 0.396 0 
0 0.480494 0 0 0.519506 
1 0 0 0 0 
0 0 0 0 1 
0 0 1 0 0 
0 1 0 0 0 
0 0 0 1 0 
0 0.383219 0.327038 0 0.289743 
0 0 0.632401 0.367599 0 
0 1 0 0 0 
0 0 0 0 1 
0 0 0 0 1 
1 0 0 0 0 
0 0 1 0 0 
0 0 0 0 1 
0 0 1 0 0 
0.809153 0 0 0 0.190847 
0 1 0 0 0 
0.638795 0 0 0.361205 0 
0.231041 0 0.768959 0 0 
1 0 0 0 0 
0 0 0 1 0 
0 0 0 1 0 
0 0 1 0 0 
0 0 1 0 0 
0 0 0 1 0 
0 0 1 0 0 
0 0 0 1 0 
0 0 1 0 0 
0 0 0 0 1 
0 0 1 0 0 
0 0 1 0 0 
0 1 0 0 0 
0 0 0 1 0 
1 0 0 0 0 
0.299224 0.700776 0 0 0 
0 0 1 0 0 
1 0 0 0 0 
0 0 0 1 0 
0 0 1 0 0 
1 0 0 0 0 
0 0 1 0 0 
0 0 0 0 1 
1 0 0 0 0 
0 1 0 0 0 
0 0 0 0 1 
0 0 1 0 0 
0 1 0 0 0 
0 0 1 0 0 
0 0 0 1 0 
0 0 0 1 0 
0 0 0 0 1 
0 0 0 0 1 
0 1 0 0 0 
0 1 0 0 0 
0 0 0 1 0 
1 0 0 0 0 
0 0 0 0 1 
1 0 0 0 0 
0 1 0 0 0 
0.369637 0 0 0 0.630363 
1 0 0 0 0 
0 0 0 1 0 
0 1 0 0 0 
0 1 0 0 0 
0 0 0 1 0 
0 0 0 0 1 
0 1 0 0 0 
0 0.563809 0 0 0.436191 
0 1 0 0 0 
0 0 1 0 0 
0 0 0 0 1 
1 0 0 0 0 
0 0 1 0 0 
0 0 0 0 1 
0 0 0 1 0 
1 0 0 0 0 
0 0.342649 0.657351 0 0 
0 0.587451 0 0 0.412549 
0 0 0 1 0 
0 0 0 0 1 
0 0.238025 0 0 0.761975 
0 0 0 0 1 
0 0 0 1 0 
0 0 0 1 0 
0 0 0 0 1 
0 0 0 0 1 
0 0 0 0 1 
0 0 0.17206 0.309818 0.518121 
0 1 0 0 0 
0 0.206483 0 0 0.793517 
0 0 0 1 0 
0 0 0 0.673461 0.326539 
0 0 0 0 1 
1 0 0 0 0 
1 0 0 0 0 
1 0 0 0 0 
0 0 0 0 1 
1 0 0 0 0 
1 0 0 0 0 
0 0.395169 0.604832 0 0 
0.557211 0.442789 0 0 0 
0 0 0 0.401744 0.598256 
0 0 1 0 0 
0 0 1 0 0 
1 0 0 0 0 
0 0 0 0 1 
1 0 0 0 0 
1 0 0 0 0 
1 0 0 0 0 
0 0 0 0.64769 0.35231 
0 1 0 0 0 
1 0 0 0 0 
0 0 0 1 0 
0 0 1 0 0 
0 0 0 0 1 
0 0 0 1 0 
0 0 1 0 0 
1 0 0 0 0 
0 0 0 0 1 
0 0 0 1 0 
0.538059 0.461941 0 0 0 
0 0 0 0 1 
0.699864 0.300136 0 0 0 
0 0.652701 0 0.347299 0 
0 0 0.846993 0 0.153007 
0 0 0 1 0 
0 0 0 1 0 
0 0 0 0 1 
0 0 0 0 1 
0 0 0 0 1 
0 0 1 0 0 
0.767501 0 0.232499 0 0 
1 0 0 0 0 
0 0 0.262494 0 0.737506 
0 0 0 1 0 
0 0 0 0 1 
1 0 0 0 0 
0 0 1 0 0 
0 0 0 0 1 
1 0 0 0 0 
0 0 0 1 0 
1 0 0 0 0 
0 0 0 1 0 
0 0 0 1 0 
0 1 0 0 0 
0 0 1 0 0 
0 1 0 0 0 
0 0 0 0 1 
0 0 0 1 0 
0.564073 0 0.435927 0 0 
0 1 0 0 0 
0 0 0 1 0 
0.580003 0 0 0.419997 0 
0.47298 0.52702 0 0 0 
1 0 0 0 0 
0 0 0 0 1 
0 0 0 0 1 
0 1 0 0 0 
0 0 0.335269 0 0.664731 
0 1 0 0 0 
0.52158 0 0.47842 0 0 
1 0 0 0 0 
0 1 0 0 0 
0 0 0 0 1 
0 0 0 1 0 
0 0 0 1 0 
1 0 0 0 0 
0 0 1 0 0 
0 0 1 0 0 
0 0 1 0 0 
0 0 1 0 0 
0 0 1 0 0 
0 0.489662 0 0.510338 0 
0 1 0 0 0 
0 0 0 1 0 
0.814171 0.185829 0 0 0 
0 1 0 0 0 
0 0 0 0.551741 0.448259 
0 1 0 0 0 
0 0 0 0 1 
0 0.406472 0.206323 0 0.387204 
0 0 0 0 1 
0 0 0 1 0 
0 0 0 1 0 
0 0 0 0 1 
0 0 0 0 1 
0 0 0 1 0 
0.544032 0 0 0.455968 0 
1 0 0 0 0 
1 0 0 0 0 
0 0 0 1 0 
0 0 0 0 1 
0 0 0 1 0 
0 0 0 0 1 
0 0 1 0 0 
0 0 0 0 1 
1 0 0 0 0 
0 1 0 0 0 
0 1 0 0 0 
1 0 0 0 0 
0 1 0 0 0 
0 0 0 1 0 
0 1 0 0 0 
0 0 0 0 1 
0 0.278905 0 0 0.721095 
1 0 0 0 0 
0 1 0 0 0 
0.21563 0 0 0 0.78437 
0 0 1 0 0 
0 0 0.365653 0.218588 0.415759 
0 0 0.623722 0.376278 0 
0 1 0 0 0 
0 0 0 0.39713 0.60287 
0 0 1 0 0 
0 0 1 0 0 
0 1 0 0 0 
0 0 0 1 0 
0 0 0 0 1 
0 0 0 1 0 
0 1 0 0 0 
0 0 0 1 0 
0 1 0 0 0 
1 0 0 0 0 
0 0 0 0 1 
0 0 0 0 1 
0 0 0 1 0 
0 0 1 0 0 
0 0 0 0 1 
0 0 1 0 0 
1 0 0 0 0 
1 0 0 0 0 
0 0 0 0 1 
0 1 0 0 0 
0 0 1 0 0 
0.477496 0 0.522505 0 0 
0 0 1 0 0 
1 0 0 0 0 
1 0 0 0 0 
1 0 0 0 0 
0 0 0 0 1 
0 0 0 1 0 
0 0 1 0 0 
