5 50
0.668239
0.299623
0.408766
0.44462
0.345773
11.463 0.153873
10.7506 0.111002
9.64485 0.904563
8.21295 0.633339
7.6577 1.2558
7.58019 1.05611
7.34085 1.50005
6.99706 1.76855
6.575 1.19841
5.5936 2.33843
5.48008 2.53443
5.25229 2.89796
5.00178 2.86995
4.72203 3.66091
4.71308 2.57006
4.55075 3.1062
4.38163 3.22758
4.36275 3.76213
4.08797 2.58587
3.77893 4.19974
3.31251 3.32162
3.13219 4.04633
3.13159 4.18479
2.98212 5.12001
2.36971 5.13449
2.09325 4.46806
2.05287 4.88204
1.79573 4.49674
1.73927 6.54288
1.71783 4.49534
1.55011 5.09885
1.21767 7.0675
1.20553 5.95069
1.20017 7.11155
1.00165 8.41575
0.763783 7.18678
0.661499 8.52344
0.529776 7.32591
0.444244 9.50492
0.396893 6.43149
0.280016 9.73825
0.275796 6.28721
0.180964 8.03104
0.162722 7.16371
0.145952 8.30689
0.0921292 10.9527
0.0510346 7.43756
0.0435542 9.84993
0.0269148 11.4545
0.015199 11.5562
0 0 0 1 0 
0 0.514508 0 0.485492 0 
0.595194 0 0.404806 0 0 
0 0 0 0 1 
0 1 0 0 0 
0 1 0 0 0 
0 1 0 0 0 
1 0 0 0 0 
0 0 0 1 0 
0 1 0 0 0 
0 0 0 0 1 
0 0 0.159609 0.840391 0 
0 0 1 0 0 
0 1 0 0 0 
0 0 0 0 1 
0 0.793189 0 0.206811 0 
0 0 0 0.378337 0.621663 
0 0 0 1 0 
1 0 0 0 0 
0 0 0.70925 0.29075 0 
0 0 0 1 0 
1 0 0 0 0 
0 0 0 1 0 
0 1 0 0 0 
0 0 0 0 1 
0 0 0 0 1 
0 1 0 0 0 
0 0 0 1 0 
0 0 0.431212 0.568788 0 
0 0 1 0 0 
0 0 0 1 0 
0 0 1 0 0 
0 1 0 0 0 
1 0 0 0 0 
0 0 0 1 0 
0 0.679752 0 0.320248 0 
0 1 0 0 0 
0 0 1 0 0 
0 0 0 0 1 
0 1 0 0 0 
0 0 1 0 0 
0.399905 0 0.600095 0 0 
0 0 0 0.72095 0.27905 
0 0 1 0 0 
1 0 0 0 0 
0 1 0 0 0 
0 0 0 1 0 
0 0 1 0 0 
0 0 0 1 0 
0 1 0 0 0 
