10 150
0.364464
0.355963
0.664973
0.31164
0.456415
0.446728
0.348867
0.70141
0.674631
0.573496
11.7744 0.165542
11.254 0.251935
11.1078 0.346335
10.5165 0.827635
10.3106 0.917864
10.161 0.248472
10.0581 0.902996
9.87325 0.299843
9.75104 0.220566
8.90133 1.22194
8.65768 1.52296
8.61544 1.5122
8.56809 0.24544
8.47565 1.7882
8.42657 1.61551
8.03531 0.978883
7.73661 2.46569
7.64126 0.695744
7.55422 0.844336
7.3708 0.873121
7.31219 0.910497
7.2634 2.80713
7.20597 1.5894
7.17107 2.12666
7.16182 0.389341
7.14495 0.455362
7.0704 1.16017
6.7783 0.841125
6.59121 2.05589
6.43163 2.4853
6.38553 1.97446
6.27136 1.62291
6.10299 2.19624
6.09552 2.33979
6.08628 1.1421
5.93635 2.89002
5.89508 2.83377
5.86783 1.11694
5.80777 2.80002
5.78498 1.62227
5.75243 2.77206
5.71691 3.21652
5.54839 1.95505
5.45241 3.20032
5.38909 1.20166
5.22943 3.266
5.18386 1.74835
4.95026 3.02876
4.94024 3.42686
4.93829 3.13931
4.85447 3.51533
4.81745 3.69814
4.66295 3.2696
4.53963 2.50645
4.52344 2.49719
4.44329 4.12321
4.10331 2.46182
4.03604 3.20206
3.99684 3.72106
3.84849 3.44206
3.82767 4.57275
3.68767 4.83015
3.59811 3.51141
3.52211 4.58901
3.50153 3.358
3.46495 3.86555
3.31211 4.46376
3.26107 4.54232
3.26013 4.00485
3.21248 3.89466
3.15795 4.15632
3.07211 3.5027
3.06436 4.72441
2.98698 3.9585
2.93379 4.5866
2.93253 5.39214
2.90841 5.11398
2.86075 3.16748
2.75209 4.27289
2.66036 3.78845
2.6148 5.42936
2.58226 5.65085
2.44346 4.20568
2.40184 4.30264
2.39065 4.76917
2.29547 6.38274
2.0704 5.0052
2.01459 6.19843
1.96346 4.49836
1.94052 4.92123
1.92367 4.09597
1.84625 4.19279
1.84144 6.30103
1.82294 5.97357
1.74236 6.49478
1.71795 5.73724
1.67602 6.01743
1.65525 5.1425
1.6459 5.5428
1.63217 4.76527
1.6006 5.24673
1.56438 4.71332
1.5235 5.96603
1.50133 7.61065
1.46719 4.84063
1.46214 5.77967
1.29149 6.43546
1.25009 5.83906
1.14177 5.8716
1.12615 6.88604
1.10998 6.81566
0.838025 7.24514
0.822892 5.25788
0.765873 8.79891
0.734181 6.91165
0.670908 7.99054
0.614422 6.19785
0.597256 7.52789
0.592493 7.65228
0.483222 7.95343
0.480081 7.67928
0.460756 7.73216
0.383681 8.29722
0.355021 6.55509
0.354419 7.81444
0.352835 7.82721
0.3092 7.95934
0.307178 10.2075
0.279126 6.17135
0.275424 8.0764
0.270044 10.5334
0.246441 9.21086
0.236695 6.6496
0.217081 6.58577
0.205851 7.18098
0.20302 7.77226
0.197903 7.13882
0.151654 6.94396
0.14665 9.0586
0.144862 7.42471
0.142317 7.33734
0.098891 10.1427
0.0745568 7.87989
0.0739698 11.2318
0.033558 9.2387
0.0331945 9.7293
0.00548878 10.5048
0.00369481 12.1571
0.00164303 11.4552
0.000779724 11.5144
0 0 0 0 0 0 0 1 0 0 
0 0 0 0 0 1 0 0 0 0 
1 0 0 0 0 0 0 0 0 0 
0 0 0 0 0 0 0 1 0 0 
0 0 0 0.658765 0 0 0 0 0 0.341235 
0 1 0 0 0 0 0 0 0 0 
0 0 0 0 1 0 0 0 0 0 
0 0.575375 0.424625 0 0 0 0 0 0 0 
0 0 0 1 0 0 0 0 0 0 
0 0 0 0 0 0 1 0 0 0 
0.311106 0 0 0.25525 0 0 0 0 0.433645 0 
0 0 0 0 0 0 0 0 0 1 
1 0 0 0 0 0 0 0 0 0 
1 0 0 0 0 0 0 0 0 0 
0 0 1 0 0 0 0 0 0 0 
0 0 0 0 0 0 0 0 0 1 
0 0 0 1 0 0 0 0 0 0 
0 0 0 0 0.296526 0 0 0 0 0.703474 
0 1 0 0 0 0 0 0 0 0 
0.797674 0 0 0.202325 0 0 0 0 0 0 
0 0 0 0 0.554965 0 0.445035 0 0 0 
0 0 0 0 1 0 0 0 0 0 
1 0 0 0 0 0 0 0 0 0 
0 0 0 0 0 0 1 0 0 0 
0 0 0.754238 0 0 0 0 0 0.245762 0 
1 0 0 0 0 0 0 0 0 0 
0 0 0 0 1 0 0 0 0 0 
0 0 0 0 0 1 0 0 0 0 
0.816362 0 0 0 0 0.183638 0 0 0 0 
0 0 0 0 0 1 0 0 0 0 
0 0 0 0 0 1 0 0 0 0 
0 0 1 0 0 0 0 0 0 0 
1 0 0 0 0 0 0 0 0 0 
0 0 0 1 0 0 0 0 0 0 
0 0 0 0 0 0 0 0 1 0 
0 0 0 1 0 0 0 0 0 0 
0 0 0 1 0 0 0 0 0 0 
0 0 0 0 0 0 1 0 0 0 
0 0 0 0 0 0.595993 0 0 0 0.404007 
0 0 0 0 0 0 0 1 0 0 
0 0 0 0 0 1 0 0 0 0 
0 0 0 0 0 0 0 1 0 0 
0 0 0 0 0 0 0 1 0 0 
0 0 0 0 1 0 0 0 0 0 
0 0 0 0.406151 0 0 0 0 0.593849 0 
1 0 0 0 0 0 0 0 0 0 
0 0 0 0 1 0 0 0 0 0 
0 0 0 1 0 0 0 0 0 0 
0.32622 0 0 0 0 0.67378 0 0 0 0 
0 0 0 0 0 0 0 0 1 0 
0 0 0 0 1 0 0 0 0 0 
0 0 0 0 0 0 0 0 0 1 
1 0 0 0 0 0 0 0 0 0 
0 1 0 0 0 0 0 0 0 0 
0 0 0 0 0 0 0 0 0 1 
1 0 0 0 0 0 0 0 0 0 
0 0 0 0 0 0 0 1 0 0 
0 0 0 0 1 0 0 0 0 0 
1 0 0 0 0 0 0 0 0 0 
0 0 0 1 0 0 0 0 0 0 
0 0 0.585037 0 0 0 0 0 0.414963 0 
0 0 1 0 0 0 0 0 0 0 
0 0 0 0 0 0 0 1 0 0 
0 0 0 0 0 0 0 0.415855 0 0.584145 
0 0 0 1 0 0 0 0 0 0 
0 0 0 0 0 0 1 0 0 0 
1 0 0 0 0 0 0 0 0 0 
0 0 0 0 0 0.839529 0.160471 0 0 0 
0 0 0.61101 0 0 0 0.38899 0 0 0 
0 0 0 0 0 0 0.497012 0 0.502988 0 
0 0 0 0 0 0 0 1 0 0 
0 0 0 0 0 0 1 0 0 0 
0 0 0 0 0 1 0 0 0 0 
1 0 0 0 0 0 0 0 0 0 
1 0 0 0 0 0 0 0 0 0 
0 0 0 0 1 0 0 0 0 0 
0 0 0 0 0 0 0 0.543432 0 0.456568 
0.612445 0 0.387555 0 0 0 0 0 0 0 
0 0 1 0 0 0 0 0 0 0 
0 0 0 0 0 0 0 1 0 0 
1 0 0 0 0 0 0 0 0 0 
0 0 0 0 1 0 0 0 0 0 
1 0 0 0 0 0 0 0 0 0 
0 0.300371 0 0 0.699629 0 0 0 0 0 
0 0 0 0 0 0 0 0 1 0 
0 0 0 0 1 0 0 0 0 0 
0 0 0 0 1 0 0 0 0 0 
0 1 0 0 0 0 0 0 0 0 
0 0 1 0 0 0 0 0 0 0 
0 0 0 0 0 1 0 0 0 0 
0 0 0 0 0 1 0 0 0 0 
0 1 0 0 0 0 0 0 0 0 
0 0 0 0 0 0 1 0 0 0 
0 0 0 0 0 0 0 1 0 0 
0 0 0.62368 0 0 0 0 0.37632 0 0 
0 0 0 0 0 1 0 0 0 0 
0 0 0 0 0 0 0 0 0 1 
0 0 0 0 0 0 0 0 1 0 
1 0 0 0 0 0 0 0 0 0 
0 0 1 0 0 0 0 0 0 0 
0 0.413502 0 0 0 0 0 0.586498 0 0 
0 0 0 0 1 0 0 0 0 0 
0 0 0 0 0 0 0 0 1 0 
0.557502 0 0.442498 0 0 0 0 0 0 0 
0 0 0 0 0 0 0 1 0 0 
0 0 0 0 1 0 0 0 0 0 
0 0 0 0 0 0 0 0 1 0 
0 0 0 0 0 1 0 0 0 0 
0.436927 0 0.563073 0 0 0 0 0 0 0 
0 0 0 0 0 1 0 0 0 0 
0 0 0 0 0 0 0 0 0 1 
0 0 0 0 0 1 0 0 0 0 
1 0 0 0 0 0 0 0 0 0 
0 0 0 0 0 0 0.768721 0 0.231279 0 
0 0 0 0 1 0 0 0 0 0 
0 0 0 0 0 0 0 0 0 1 
0 0 0 0 0 0 0 0 1 0 
0 0 0 0 1 0 0 0 0 0 
0 0 0 0 0 0 0 0 0 1 
0 0 0 0 0 0 0 1 0 0 
0 0 0 0 0 1 0 0 0 0 
0 0 0.541844 0 0 0 0 0 0 0.458156 
0 0 0 0 0 0 0 1 0 0 
0 0 0 0 0 0 0 0 0.133937 0.866063 
0 0 0 0 0 0 0 0 1 0 
0 0 0 0 0 0 1 0 0 0 
0 0 0 0 0 1 0 0 0 0 
0 0 0 0 0 1 0 0 0 0 
0 0 0 0 0 0 1 0 0 0 
0 0 0 0 0 0 1 0 0 0 
0 0 0 0 0 1 0 0 0 0 
0 0 0.535448 0.464552 0 0 0 0 0 0 
0 0 0 0 0 0 0 0 1 0 
1 0 0 0 0 0 0 0 0 0 
0 0 0 0 1 0 0 0 0 0 
0 0 0 0 1 0 0 0 0 0 
0 0 0 0 0 0 0 0 0 1 
0 0 0 0 1 0 0 0 0 0 
0 0 0 0 0 0 0 0 1 0 
0 0 0 0 0 1 0 0 0 0 
0 0 0 0 0 0 0 1 0 0 
0 0 0 1 0 0 0 0 0 0 
0 0 0 0 1 0 0 0 0 0 
0 0 0 0 0 0.827734 0 0 0.172266 0 
0 0 0 1 0 0 0 0 0 0 
0 1 0 0 0 0 0 0 0 0 
0 0 0 0 0 0 0 0 0 1 
0 0 1 0 0 0 0 0 0 0 
0 0 0.676 0 0 0 0 0 0 0.324 
0 0 0 0 0 0 1 0 0 0 
