5 150
0.403074
0.329019
0.490122
0.687844
0.366363
11.0354 0.582727
10.5676 0.302063
10.4397 0.525701
9.94744 0.829755
9.79346 0.786262
9.40715 0.976501
9.38693 0.441746
9.38251 0.823225
9.37859 1.32053
9.37562 0.248717
9.2925 0.455858
9.1273 0.31688
8.92938 1.81965
8.61783 1.62997
8.51729 0.298192
8.19358 1.02403
7.93188 2.10328
7.57993 1.65522
7.03734 2.50231
6.97492 0.767136
6.85224 0.933817
6.83566 2.28504
6.68362 2.82732
6.53196 2.46226
6.43818 0.965669
6.21162 1.74178
6.16105 0.812614
6.08409 2.16334
6.00622 2.76418
5.9703 2.92246
5.96967 3.17358
5.89175 2.28773
5.76486 2.62513
5.72022 2.3231
5.6116 2.21715
5.40907 3.39205
5.40799 2.16887
5.38259 2.47968
5.19025 1.53254
5.17084 1.99404
5.10393 3.1337
4.98065 3.54911
4.98064 2.82965
4.92226 2.50785
4.64868 4.45769
4.61601 3.87189
4.50459 2.54154
4.46229 2.16474
4.39979 3.96163
4.3635 4.02183
4.17917 5.03843
4.17073 3.41926
3.99097 3.12161
3.95785 4.39155
3.90226 4.32379
3.70586 5.09069
3.70227 4.06829
3.61022 3.41744
3.5902 4.34149
3.45045 4.07781
3.36114 3.61993
3.26512 5.50984
3.2546 3.58887
3.24238 4.81154
3.13789 5.24931
3.12364 4.34083
3.10257 3.34942
3.00119 5.4805
2.84221 5.0101
2.83693 4.362
2.81737 5.07229
2.67278 4.33666
2.6039 5.73768
2.41251 6.198
2.40989 5.57381
2.38611 5.18965
2.3631 4.40014
2.28531 4.19815
2.27408 5.30913
2.24781 4.97294
2.20524 5.98832
2.10845 4.20266
2.05074 5.77828
2.03922 3.69863
2.03771 5.93494
1.98202 7.27555
1.97335 5.74385
1.91976 5.20611
1.91256 5.05588
1.85768 5.45392
1.77161 5.81136
1.76767 6.36753
1.74783 5.39236
1.69282 6.52683
1.53417 5.96359
1.31986 7.44732
1.24523 6.90331
1.23089 6.94135
1.11695 5.72589
1.06102 7.5371
1.04115 7.0913
1.0109 4.93634
1.00711 7.89369
0.994284 5.50026
0.939034 6.99918
0.910943 5.61211
0.893651 7.51878
0.879809 6.47213
0.807781 6.74482
0.784175 8.83651
0.725193 8.46108
0.713793 7.79921
0.621051 6.24132
0.563754 7.15092
0.540727 8.98321
0.525311 7.25492
0.514078 7.41894
0.503221 9.11102
0.447866 9.14224
0.443966 7.92012
0.443178 8.661
0.440289 8.31221
0.428444 8.77886
0.404198 7.23345
0.395814 6.91043
0.349179 7.52247
0.330082 7.69112
0.329208 8.03154
0.293106 10.3375
0.286117 9.47494
0.271516 10.3915
0.24861 8.93559
0.243106 9.18261
0.224399 6.80085
0.215721 6.31399
0.177045 7.27757
0.175304 9.22538
0.16809 7.38153
0.13281 10.6031
0.116367 7.82131
0.0893255 8.13195
0.0380411 8.68138
0.0351361 7.81524
0.0273504 9.13852
0.0211304 10.3834
0.00970812 11.8694
0.00957256 10.2938
0.0065968 10.1723
0.0050011 10.7258
0.00246469 11.0746
0 1 0 0 0 
1 0 0 0 0 
0 0 1 0 0 
0 0 1 0 0 
0 0 0 0 1 
0.464812 0 0 0.535188 0 
0 0 0 1 0 
1 0 0 0 0 
1 0 0 0 0 
0 0 1 0 0 
0 0 0 0 1 
1 0 0 0 0 
0 0 0 0 1 
0 1 0 0 0 
1 0 0 0 0 
0 0 1 0 0 
1 0 0 0 0 
0 1 0 0 0 
0 0 0 1 0 
0 0 0 0 1 
0 0 0 0 1 
0 0 0 0 1 
0 0 0 1 0 
0 0 0.319514 0.680486 0 
0.267101 0 0.732899 0 0 
1 0 0 0 0 
0 0 0 0 1 
0 0 0 1 0 
0 0 0 1 0 
0 0 0 0 1 
0 0 0 0 1 
0.351513 0 0 0 0.648487 
1 0 0 0 0 
0 0 0 0 1 
1 0 0 0 0 
0 1 0 0 0 
0.408938 0.591062 0 0 0 
0 0.655567 0.344433 0 0 
0 1 0 0 0 
0 0 0 0 1 
0 1 0 0 0 
0 1 0 0 0 
0 1 0 0 0 
0 0 0 0 1 
0 0 0 0 1 
0 0 0 1 0 
0 1 0 0 0 
1 0 0 0 0 
0 0 0 0 1 
1 0 0 0 0 
0.413943 0 0.586057 0 0 
0.178616 0 0 0.821384 0 
0 0 1 0 0 
0 0 0 0 1 
0.118756 0 0.399056 0.408774 0.0734138 
0 1 0 0 0 
1 0 0 0 0 
0.745301 0.254699 0 0 0 
0 0 0 1 0 
0.42075 0 0.57925 0 0 
0 0 0 0 1 
0 0 0 1 0 
0 0 0 1 0 
0 0 1 0 0 
0 0 1 0 0 
0 1 0 0 0 
0.549602 0 0 0 0.450398 
0 0 0 0 1 
0 0 0.765238 0.234762 0 
0 0 1 0 0 
0 0 0 1 0 
0 0 0 0 1 
0 0 0.428357 0.571643 0 
0 0.485962 0 0.514038 0 
0 0 0 0 1 
1 0 0 0 0 
0 0 0 1 0 
0 0 0 0 1 
0 0 1 0 0 
0 0 0 0 1 
1 0 0 0 0 
1 0 0 0 0 
0 1 0 0 0 
0 0.456802 0 0.543198 0 
1 0 0 0 0 
0 0 0.142207 0.857793 0 
0.668378 0 0.331622 0 0 
0 0 0 1 0 
0 0 1 0 0 
1 0 0 0 0 
0 0 1 0 0 
0 1 0 0 0 
0.456715 0 0.543285 0 0 
0 0 1 0 0 
0 0 0 1 0 
0 0 0 0 1 
0 0 1 0 0 
0 0 0 0 1 
1 0 0 0 0 
0 0 0 1 0 
0 0 0 0 1 
0 0 0 0 1 
1 0 0 0 0 
0 0 0 0 1 
0 0 1 0 0 
1 0 0 0 0 
0 1 0 0 0 
1 0 0 0 0 
0 0 0 1 0 
0 1 0 0 0 
1 0 0 0 0 
1 0 0 0 0 
1 0 0 0 0 
0 0 1 0 0 
0 0 0 0 1 
0 1 0 0 0 
0.769322 0 0.230678 0 0 
0 0 0 0 1 
0 0 0 1 0 
0 0.225896 0 0 0.774104 
0 0 0 1 0 
1 0 0 0 0 
0 0 0 0.451962 0.548038 
0 0 1 0 0 
0 0 0 0 1 
0 0 0 1 0 
0 0 0 1 0 
0 0 1 0 0 
1 0 0 0 0 
0.303494 0 0 0.696506 0 
0 0 0 0 1 
0 0 0.338608 0.661392 0 
0 1 0 0 0 
1 0 0 0 0 
0 1 0 0 0 
0 1 0 0 0 
0 0 0 0 1 
0 0 0 0 1 
0 0 1 0 0 
1 0 0 0 0 
0 0 0 0 1 
0 1 0 0 0 
0 0 0 0.142387 0.857613 
1 0 0 0 0 
0 0 1 0 0 
0.405915 0 0.199141 0.394944 0 
1 0 0 0 0 
0 0.256136 0 0 0.743864 
1 0 0 0 0 
0 1 0 0 0 
