5 300
0.333443
0.288684
0.577045
0.26902
0.419888
11.658 0.397824
11.4113 0.309723
11.1078 0.620783
10.1772 0.616913
10.1183 0.131049
10.0979 0.123069
9.95952 0.727868
9.85555 0.642928
9.79442 0.490477
9.78322 0.772981
9.74822 0.999861
9.48806 1.08152
9.21938 1.30906
8.92876 1.12799
8.91338 0.863198
8.88492 0.291729
8.81951 0.488772
8.81138 1.25823
8.76468 1.71155
8.55187 1.28985
8.52679 0.52984
8.52207 1.51738
8.50587 1.98376
8.39824 1.41245
8.38862 1.55978
8.37699 1.03702
8.26676 0.679918
8.26534 1.06446
8.14729 0.834862
8.00929 0.954174
7.93924 0.221436
7.86322 2.26409
7.84984 1.12526
7.84264 1.99131
7.80687 1.36379
7.70628 1.92427
7.6482 1.2471
7.57387 2.50226
7.57034 0.257706
7.47326 1.42979
7.31674 1.99351
7.29078 0.751028
7.19605 1.54792
7.09728 0.761107
7.08131 1.19442
7.04392 1.82916
6.99943 1.41466
6.8496 0.503548
6.84296 1.79957
6.77745 2.0596
6.71835 1.73924
6.71029 1.51587
6.66807 1.97969
6.58681 2.03276
6.58343 1.56558
6.44622 1.7887
6.43315 1.38011
6.41465 2.03489
6.41191 0.98011
6.41134 2.25074
6.31289 1.49943
6.28825 2.45017
6.26787 1.87554
6.10811 2.43404
6.10205 2.25771
6.00125 2.8444
5.91902 1.85809
5.88872 2.27331
5.82776 2.85426
5.81787 3.24792
5.67122 1.64386
5.55663 3.53147
5.55013 3.43428
5.54073 3.54204
5.32028 1.78967
5.21251 1.98483
5.1785 2.66674
5.14074 4.20739
5.13293 2.05767
5.07078 3.31171
5.06977 2.32157
5.00641 3.89334
4.96667 3.44981
4.95026 3.88422
4.94034 2.65517
4.83815 2.49108
4.82384 3.97994
4.80989 3.23189
4.76088 4.42004
4.72562 3.04201
4.69274 3.27726
4.58926 2.90184
4.53109 4.37571
4.46309 3.22693
4.37247 2.40882
4.35719 3.7704
4.34729 3.50932
4.23462 2.7532
4.19798 3.11788
4.082 4.14523
4.05379 3.94094
4.05283 4.22271
3.95024 5.08736
3.93053 4.62424
3.88357 3.59265
3.76297 3.02964
3.74526 4.35791
3.74525 2.93806
3.71713 3.43753
3.67878 3.69622
3.67209 4.44977
3.59825 3.38936
3.58358 3.31214
3.56602 4.8123
3.50927 3.1902
3.48192 3.6967
3.43868 3.88841
3.37701 4.00693
3.32803 5.36038
3.28559 4.02495
3.26548 4.02032
3.2244 5.0981
3.19817 5.32868
3.18366 4.30077
3.14154 3.57271
3.12691 5.54611
3.11306 4.74343
3.09706 5.31857
3.07897 5.28206
3.07823 4.5741
3.02795 3.44924
3.02745 3.4566
2.97635 3.36346
2.96796 3.37826
2.92246 3.53331
2.91938 4.8998
2.91446 4.99224
2.86342 5.09122
2.8608 3.64331
2.84485 3.7112
2.72016 3.55554
2.69989 3.25991
2.66172 5.06881
2.63255 3.46749
2.60032 5.38083
2.57102 6.17099
2.55817 5.19833
2.50589 4.69005
2.50055 4.28747
2.48924 3.77907
2.47886 4.77552
2.47164 4.84783
2.44476 5.08399
2.3983 5.97165
2.36385 5.15529
2.35699 3.81815
2.31084 5.18525
2.28135 6.59325
2.26125 6.03922
2.24681 6.79169
2.23639 4.87596
2.22045 5.90156
2.21456 6.19973
2.20324 4.15445
2.1999 4.44227
2.17784 3.68243
2.16931 4.27656
2.15719 6.56685
2.14119 5.29158
2.1269 5.06315
2.01248 6.64068
2.01104 5.57815
1.98902 6.45859
1.94132 4.5715
1.93379 6.14821
1.90818 5.68973
1.89967 5.70137
1.80615 5.44677
1.79865 4.87235
1.79506 5.87702
1.77254 5.4669
1.76376 5.61036
1.75799 5.16077
1.75131 5.73166
1.72706 6.60398
1.69195 6.41796
1.66936 4.57369
1.66494 4.69402
1.6643 4.89325
1.63508 5.37177
1.59528 7.34258
1.59112 5.56652
1.57008 5.71104
1.46907 7.36611
1.44249 4.6775
1.40716 7.31598
1.36437 5.50978
1.35932 6.01228
1.34428 7.46247
1.33949 7.72012
1.28039 7.1199
1.27108 6.33611
1.26879 4.91448
1.19114 6.72078
1.16183 7.92684
1.14805 5.73958
1.14166 7.21759
1.1318 8.12449
1.09627 8.11107
1.06935 8.22208
0.991188 5.39495
0.946777 5.97795
0.945281 7.32387
0.93399 7.29687
0.921691 7.25751
0.920226 5.8713
0.884483 6.73519
0.87454 5.43387
0.872597 5.66995
0.867919 6.36334
0.858567 6.08304
0.829312 7.53615
0.808207 7.11969
0.758142 8.89232
0.746602 6.53336
0.739192 7.44801
0.721164 5.88569
0.700413 7.1695
0.691261 7.60196
0.654891 8.29725
0.638573 6.56957
0.597563 6.12641
0.547525 6.68177
0.518574 9.5039
0.487891 9.2245
0.486322 7.34568
0.460914 8.06079
0.441815 9.89049
0.424297 7.85104
0.420747 6.74653
0.408997 8.84919
0.401566 9.49061
0.359481 6.28888
0.356584 6.64646
0.350823 8.75983
0.312194 7.29471
0.310707 10.2105
0.300808 7.24485
0.297964 8.95711
0.294201 7.72561
0.29256 6.703
0.279723 8.75551
0.279186 8.2033
0.276617 8.22147
0.271072 7.02549
0.26792 6.39953
0.258008 9.64557
0.244173 9.14346
0.235821 7.36373
0.233399 8.54319
0.231403 9.84718
0.218746 9.09198
0.203668 10.8289
0.202482 8.11457
0.190208 8.88283
0.18663 8.43178
0.164314 9.59172
0.154572 6.66001
0.154163 6.71439
0.140478 9.78501
0.134012 10.2864
0.132619 7.58813
0.117823 10.9164
0.110663 8.63523
0.10121 10.5488
0.0979548 9.47628
0.096666 9.3054
0.0943816 9.87114
0.08278 9.11138
0.0760746 8.80679
0.0651983 9.887
0.0619669 8.19227
0.0615239 7.90544
0.0590964 10.3935
0.0467704 10.0098
0.0393798 10.3492
0.0331794 11.1632
0.0302941 11.4266
0.0273902 10.857
0.0262654 10.2534
0.021462 7.92843
0.0193495 8.63225
0.0171272 7.58313
0.0166511 11.8612
0.0100327 9.99452
0.00740166 9.17738
0.00599871 7.66006
0.00524833 8.64843
0.00466567 10.4588
0.00202573 10.137
0 0 0 0 1 
0 0 1 0 0 
0 0 0 0 1 
0.51816 0 0.48184 0 0 
0 0 1 0 0 
0 0 0.482024 0 0.517976 
0 0 0 0 1 
1 0 0 0 0 
0 0 1 0 0 
0 0 1 0 0 
0 0 0 0 1 
0 0 0 0 1 
0 0 1 0 0 
0 0 0 1 0 
0 0 1 0 0 
1 0 0 0 0 
0 0.258643 0 0.327388 0.413969 
0 0 0 0 1 
0 0 1 0 0 
1 0 0 0 0 
0 0 0 1 0 
1 0 0 0 0 
1 0 0 0 0 
0 0 1 0 0 
0 0 1 0 0 
0 0 1 0 0 
0 0 0 1 0 
0 0 1 0 0 
0 0 0.390214 0.609786 0 
0 0 1 0 0 
0 0 0 1 0 
0 0 1 0 0 
1 0 0 0 0 
0.581812 0 0.418188 0 0 
0 0 0 1 0 
0 0 1 0 0 
0 1 0 0 0 
1 0 0 0 0 
0 0 1 0 0 
0.14131 0 0 0 0.85869 
0 0 1 0 0 
0 0 1 0 0 
0 0 0 0 1 
0 1 0 0 0 
1 0 0 0 0 
0 0 1 0 0 
0 1 0 0 0 
0 0 1 0 0 
0 1 0 0 0 
0 0 0 0 1 
0 0 0 1 0 
0 0 1 0 0 
0 0 0 1 0 
0 1 0 0 0 
1 0 0 0 0 
0 0.592309 0.407691 0 0 
0 0 0 0 1 
0 0 0 1 0 
0 0 0 1 0 
0 0 1 0 0 
0 0 0 1 0 
0 0 1 0 0 
0.314444 0 0.685556 0 0 
0 1 0 0 0 
1 0 0 0 0 
0 0 1 0 0 
0 1 0 0 0 
0 0 0 1 0 
0 0 0 1 0 
0 1 0 0 0 
0 1 0 0 0 
0 1 0 0 0 
0 0 1 0 0 
0.469414 0.0861292 0 0.237836 0.206621 
0 0 0.363407 0 0.636593 
0 0.167627 0 0.832373 0 
0 0 0 0.329862 0.670138 
0 0 1 0 0 
0 0 1 0 0 
1 0 0 0 0 
0 0 0 0 1 
0 1 0 0 0 
0 0 1 0 0 
0 1 0 0 0 
1 0 0 0 0 
0 0 0 0 1 
0 1 0 0 0 
0 0 0 0 1 
0.221809 0 0 0.778191 0 
0 0 0 1 0 
0 0 0 0 1 
0 0 1 0 0 
0 0 0 0 1 
0 1 0 0 0 
0 0 0 0.605773 0.394227 
0.437589 0 0 0.562411 0 
0 0 0 0 1 
1 0 0 0 0 
0 1 0 0 0 
0 0 0 0.373477 0.626523 
1 0 0 0 0 
1 0 0 0 0 
0 0 0 0.563818 0.436182 
1 0 0 0 0 
0.75443 0.24557 0 0 0 
0 0 0 0 1 
0 1 0 0 0 
0 1 0 0 0 
0 0 0.744128 0.255872 0 
0 1 0 0 0 
0.212756 0 0 0 0.787244 
0 1 0 0 0 
0 0.446896 0.553104 0 0 
0 0 1 0 0 
0 0 0 0 1 
1 0 0 0 0 
0 0 0 1 0 
1 0 0 0 0 
0 0 0 0 1 
0 1 0 0 0 
1 0 0 0 0 
0 0 0 0 1 
0.410743 0.420637 0 0.16862 0 
0 1 0 0 0 
0 0.27079 0 0 0.72921 
0 0 0 1 0 
0 0 0 1 0 
0 0 0 0 1 
0 0 1 0 0 
0 0 1 0 0 
0 0 1 0 0 
1 0 0 0 0 
0 0 0 1 0 
0 0 0 0 1 
0 0 0 1 0 
0 0 1 0 0 
0 0.623712 0.376288 0 0 
0 0 0 0 1 
0 0 0 1 0 
0 1 0 0 0 
0 0 0 0 1 
0 0 1 0 0 
1 0 0 0 0 
0 0 0 1 0 
0 0 0 1 0 
1 0 0 0 0 
0.739095 0 0 0 0.260905 
0 0 0 1 0 
0 0 0 1 0 
1 0 0 0 0 
0 0 0.535087 0 0.464913 
0 0 0 0 1 
1 0 0 0 0 
0 1 0 0 0 
1 0 0 0 0 
0 0 1 0 0 
0 0 0 1 0 
0 0 0.244121 0.755879 0 
0 1 0 0 0 
0 0 0 1 0 
0 0 0 1 0 
0 0 1 0 0 
0 0 0 0 1 
1 0 0 0 0 
0 0 0 0 1 
0 0 0 1 0 
0 0 0 0 1 
1 0 0 0 0 
0 0 1 0 0 
0 0 0 0 1 
1 0 0 0 0 
0 0 0 1 0 
0 0.37095 0 0 0.62905 
0 0 0 0 1 
0 0 0 0 1 
0 0 0.373349 0 0.626651 
0 1 0 0 0 
0 1 0 0 0 
0 0 0 1 0 
0 0 0 0 1 
0 0 1 0 0 
0 0 1 0 0 
0 1 0 0 0 
0 0 1 0 0 
0 0 0 0 1 
0 1 0 0 0 
0 0 1 0 0 
0 0 0 0 1 
0 1 0 0 0 
0.173913 0.649901 0.176186 0 0 
0 1 0 0 0 
0 0 0 1 0 
0 0 0 1 0 
0.225302 0 0 0 0.774698 
0.244817 0.755183 0 0 0 
1 0 0 0 0 
0 0 1 0 0 
0 1 0 0 0 
0 0 0 0 1 
0 0.327011 0.672989 0 0 
0 0 0 0 1 
0 0 0 0 1 
0 0 0 1 0 
0 1 0 0 0 
0 0 0.500092 0 0.499908 
0 1 0 0 0 
0 1 0 0 0 
0 0 1 0 0 
0 0 0 0 1 
0 1 0 0 0 
0 1 0 0 0 
1 0 0 0 0 
0 0 0 0 1 
0 0 0 1 0 
1 0 0 0 0 
0 0 1 0 0 
1 0 0 0 0 
0 0 0 1 0 
1 0 0 0 0 
0 0 0.188042 0 0.811958 
0 0 0 0 1 
0 0 1 0 0 
1 0 0 0 0 
1 0 0 0 0 
0 0 1 0 0 
0 1 0 0 0 
0 0 0 0.374149 0.625851 
0 0 0 1 0 
0 0 0 0 1 
0 0.1324 0.8676 0 0 
0 0 1 0 0 
1 0 0 0 0 
1 0 0 0 0 
0 0 0.472737 0 0.527263 
0 0 0 1 0 
0 0 0 0 1 
0 1 0 0 0 
0 0 0 1 0 
0.315921 0.684079 0 0 0 
0 1 0 0 0 
1 0 0 0 0 
0 0 0 0 1 
1 0 0 0 0 
0 1 0 0 0 
1 0 0 0 0 
0 0 0 0 1 
0 1 0 0 0 
0 1 0 0 0 
0 0 0.484116 0 0.515884 
0 0 0 1 0 
0.320679 0 0 0 0.679321 
0 1 0 0 0 
1 0 0 0 0 
0 0 1 0 0 
0 0 0 0 1 
0 1 0 0 0 
0 1 0 0 0 
0 0 0 0.414107 0.585893 
0 0 0 0 1 
0 0 1 0 0 
0 0 1 0 0 
0 0 1 0 0 
0 0 1 0 0 
0.681767 0.318233 0 0 0 
0 0 1 0 0 
0 0 0 0 1 
0 0 0 1 0 
0 0 0 1 0 
0 1 0 0 0 
1 0 0 0 0 
0 0 0 0 1 
0 0 0 0 1 
0 0 1 0 0 
0 0 0 1 0 
0 0 0 1 0 
0.407292 0.592708 0 0 0 
0 0 0.723118 0 0.276882 
0 0 0 0 1 
0.807279 0 0 0.192721 0 
0 0 1 0 0 
0.578278 0 0 0 0.421722 
0 0 0 1 0 
0 0 1 0 0 
0 1 0 0 0 
0 1 0 0 0 
0 0.503262 0 0 0.496738 
0 0.538807 0 0.461193 0 
0 0 1 0 0 
0 0 1 0 0 
0 0 0 1 0 
0 0 1 0 0 
0.27602 0 0 0.72398 0 
0 0 0 0.134587 0.865413 
1 0 0 0 0 
1 0 0 0 0 
0 0 1 0 0 
0.430053 0.410616 0 0 0.159331 
0 0 0 0 1 
0 0 0.275946 0 0.724054 
0 0.588224 0.411776 0 0 
