5 25
0.731041
0.359912
0.293112
0.58669
0.542579
10.2099 0.199906
8.30739 0.962028
7.7454 1.36704
7.51868 1.15383
7.50941 1.60055
7.00124 1.70677
6.95874 1.81124
5.88277 1.61194
4.49849 3.38653
3.8622 4.9357
3.59134 3.34977
3.46319 4.23478
3.17073 4.1446
2.80776 4.30771
2.25645 4.75099
1.7015 4.37946
1.06224 8.44885
0.666426 8.3916
0.489215 8.03018
0.473148 7.57146
0.248225 7.09987
0.0483711 11.5909
0.0440585 8.03023
0.0256246 8.00242
0.0122058 8.94276
0 1 0 0 0 
0 0.443295 0.556705 0 0 
0.271871 0.728129 0 0 0 
0.536744 0 0 0 0.463257 
0 0 0 1 0 
0 0 0 0 1 
0 0 0 0 1 
0 0 1 0 0 
0 0 0 1 0 
0 1 0 0 0 
0.742359 0 0 0 0.257641 
0 0 0 0 1 
0 0 1 0 0 
0 0 0 1 0 
0 0 0 1 0 
0.695262 0 0 0 0.304738 
0 1 0 0 0 
1 0 0 0 0 
0 0 0 1 0 
0 0 1 0 0 
0 0 1 0 0 
0 0 0 1 0 
0 1 0 0 0 
0 0 1 0 0 
0 0 1 0 0 
