10 300
0.449098
0.611138
0.394507
0.650336
0.612452
0.714681
0.736985
0.257382
0.539764
0.443243
11.3097 0.254334
11.2507 0.543158
10.6973 0.482786
10.558 0.532641
10.3621 0.726947
10.1698 0.428474
10.1635 0.271537
10.0909 0.436537
10.0847 0.458069
10.0614 0.687334
9.50528 1.40776
9.34664 0.724724
9.15986 0.566664
9.1339 0.684417
9.13269 1.36661
8.98177 1.25102
8.87767 0.741493
8.82342 0.188032
8.82111 0.43396
8.72923 1.70014
8.67537 1.15674
8.45382 1.40139
8.40784 0.961749
8.34256 1.7612
8.3238 0.373966
8.03425 1.14169
7.97076 1.6498
7.88339 2.41157
7.87852 0.959766
7.8054 0.194416
7.74589 1.43927
7.67708 1.33293
7.62461 1.79363
7.56048 1.50133
7.54278 1.08986
7.52114 0.863244
7.51822 1.89758
7.51471 1.96364
7.46905 1.31505
7.45735 0.983508
7.41195 2.34724
7.38943 0.414751
7.32874 1.15548
7.31343 2.69353
7.27932 0.329333
7.24443 2.177
7.10232 1.98659
7.0793 1.88019
7.04406 1.14689
7.02553 2.08501
7.00784 2.66836
7.00344 2.08806
6.91147 0.783029
6.83965 2.04184
6.77283 0.852909
6.64158 1.68449
6.55671 1.61731
6.53542 0.837408
6.49162 2.49172
6.45885 2.19711
6.43481 3.46533
6.42225 0.928706
6.36753 1.46968
6.29241 2.48092
6.29038 3.14145
6.28091 2.08608
6.25014 2.93061
6.23473 1.00205
6.22155 1.79049
6.1704 0.808979
6.1212 2.39529
6.10856 2.10543
6.10432 2.61622
6.10061 1.4013
6.04469 3.19368
6.04391 2.50831
5.94997 2.74691
5.94538 1.58909
5.92331 2.69431
5.91665 1.44426
5.91482 1.61218
5.89428 2.43469
5.89066 2.45655
5.86919 2.84647
5.85325 2.847
5.71671 2.22042
5.55301 2.20606
5.54183 3.03925
5.49489 2.31015
5.29568 2.32362
5.27049 3.55459
5.25086 1.74608
5.24735 1.59834
5.13661 3.44928
4.99043 2.68213
4.83191 4.53624
4.81439 2.94198
4.77898 2.54971
4.73522 4.35163
4.70108 3.1808
4.60631 3.71212
4.51032 2.81142
4.42599 2.39372
4.41046 3.29564
4.37516 3.60936
4.34878 3.37806
4.25129 3.91424
4.17463 2.99563
4.16068 3.5678
4.1266 4.75196
4.06531 2.46174
3.98663 3.4283
3.97177 3.60949
3.96026 3.98449
3.94806 2.83305
3.91631 2.39595
3.86013 3.13468
3.78154 3.55787
3.77023 3.68343
3.75715 5.34915
3.67923 4.19389
3.63384 3.52772
3.62181 3.40251
3.57267 3.9212
3.49595 4.23093
3.46585 4.14845
3.41429 2.50415
3.38904 2.76786
3.33633 5.12012
3.33189 3.26294
3.23319 3.25594
3.2302 5.29093
3.18504 5.79774
3.13651 5.27667
3.05697 4.13917
2.98417 3.73653
2.97755 3.64713
2.92984 5.5625
2.91661 4.28866
2.81302 4.33037
2.77829 5.00035
2.77369 5.03827
2.74005 3.92029
2.73508 3.38945
2.66702 5.25442
2.65854 5.58323
2.63038 4.55427
2.5794 3.86772
2.57352 4.27479
2.562 5.52253
2.54467 4.10766
2.52594 5.52964
2.45379 4.30848
2.44195 5.36207
2.42097 5.931
2.41443 4.1801
2.4042 6.26546
2.32711 5.98739
2.3187 4.16308
2.19736 6.31601
2.17444 5.55708
2.14567 5.3048
2.14029 4.62908
2.06723 4.52602
2.05325 4.52061
2.04499 6.30486
2.02692 5.60832
1.99973 6.98512
1.96563 4.56478
1.95996 4.28574
1.92202 4.38009
1.91428 4.78321
1.89282 6.8251
1.88869 6.22789
1.87655 6.84933
1.85199 5.68045
1.79731 4.55434
1.79598 4.54536
1.76136 5.35153
1.75969 4.35097
1.75663 4.91408
1.7497 4.56979
1.72868 5.77936
1.7119 5.87936
1.70176 6.18764
1.54434 5.11159
1.51834 5.10912
1.51654 6.34134
1.49747 5.26066
1.46216 5.39232
1.45644 7.13528
1.42851 5.44567
1.42667 5.14416
1.41607 4.6387
1.40481 7.46548
1.39144 7.35896
1.38764 5.12288
1.37578 5.05515
1.33928 5.62257
1.2898 5.10646
1.25906 5.41896
1.2355 7.14495
1.20681 7.3619
1.14669 8.02506
1.13712 4.89593
1.12454 6.41048
1.11596 8.29456
1.09789 6.59324
1.09408 6.89877
1.06314 5.97852
1.06273 7.56952
1.05794 6.73383
1.05721 7.39421
1.00588 5.51621
0.998784 5.18094
0.987145 8.04604
0.969521 5.8767
0.957494 6.57891
0.936958 6.22017
0.912057 7.55637
0.89599 5.12333
0.872203 5.54795
0.863333 6.66426
0.826365 7.46025
0.818866 5.30788
0.801221 7.52322
0.777423 5.7146
0.776063 7.31129
0.76449 6.82625
0.74261 7.81148
0.697419 8.94135
0.60273 8.77447
0.584191 8.3615
0.581025 7.55306
0.573674 6.96606
0.569574 8.66622
0.54294 9.10243
0.540174 8.32324
0.482507 7.79893
0.48162 8.84865
0.477513 9.49593
0.467911 6.82449
0.46397 7.52246
0.462489 8.92651
0.456101 5.93833
0.455723 7.55264
0.445454 6.98
0.443763 7.42238
0.441842 6.2255
0.437365 7.3029
0.425101 9.21616
0.396103 8.0535
0.39417 5.92814
0.394016 7.87858
0.375837 8.13226
0.352917 5.96492
0.33819 8.81241
0.301723 8.41988
0.283808 6.45507
0.255799 8.08551
0.242174 8.20725
0.23066 6.6369
0.219618 8.36038
0.215452 8.18966
0.214915 7.20884
0.205775 9.60371
0.189361 8.17002
0.178744 8.66721
0.176444 6.70111
0.155167 10.4203
0.148972 10.421
0.125272 7.09365
0.102953 10.9592
0.0843094 10.7893
0.0838389 9.34041
0.0817548 9.06867
0.0759655 8.08225
0.0745676 9.74658
0.062278 10.4993
0.0527502 7.11805
0.0464167 9.12839
0.0446249 9.54705
0.0404637 7.78551
0.0390891 7.70512
0.0328011 8.7644
0.0311003 10.1003
0.0298165 11.8154
0.0270274 7.85442
0.0240904 8.42293
0.0232247 11.1487
0.0216186 8.91115
0.00838734 10.4978
0.00772705 9.8893
0.00697114 11.3715
0.0068175 11.0503
0.00621898 9.36027
0.00613663 10.7603
0.00609173 7.88002
0.00436349 11.0937
0.0018018 9.28224
0 0 0 0 0 0 1 0 0 0 
1 0 0 0 0 0 0 0 0 0 
0 0 0 0 1 0 0 0 0 0 
0 0 0 0 0 1 0 0 0 0 
0 0 0 0 0 0 0 0 1 0 
0 0 0 0 0 0 0 0 1 0 
1 0 0 0 0 0 0 0 0 0 
0 0 0 0 0 0 0 0 0 1 
0 0 1 0 0 0 0 0 0 0 
0 0 0 0 1 0 0 0 0 0 
0 0 0 0 0 0 0 1 0 0 
0 0 0.452947 0 0 0 0 0 0 0.547053 
0 0 0 0 0 0 0 0 0 1 
1 0 0 0 0 0 0 0 0 0 
0 0 0 0 1 0 0 0 0 0 
0 1 0 0 0 0 0 0 0 0 
0 1 0 0 0 0 0 0 0 0 
1 0 0 0 0 0 0 0 0 0 
0 0 0 1 0 0 0 0 0 0 
0 0 0 0 0 0 0 0 0 1 
0 0 0 0 1 0 0 0 0 0 
0 0 0 0 0 0 1 0 0 0 
0 0 0 0 0 0 0 0 1 0 
0 0 0 0 0 1 0 0 0 0 
0 0 1 0 0 0 0 0 0 0 
0 0 1 0 0 0 0 0 0 0 
0.452689 0.547311 0 0 0 0 0 0 0 0 
0 0 0 0 0 1 0 0 0 0 
0 0 0 1 0 0 0 0 0 0 
0 0.500196 0.499804 0 0 0 0 0 0 0 
0 0 0 0 0.564809 0 0 0 0 0.435191 
0 0 0 0 0 0 0 0.305743 0 0.694257 
0 0 0 0 1 0 0 0 0 0 
0 0 1 0 0 0 0 0 0 0 
0 0 0 0 1 0 0 0 0 0 
0 0 0 0 0 0 0 0 0 1 
0 0 0 0 0.466786 0 0 0 0 0.533214 
0 0 0 0 0 1 0 0 0 0 
0 0 0.537267 0 0 0 0 0.462733 0 0 
0 0 0 0 0 0 0 0 1 0 
1 0 0 0 0 0 0 0 0 0 
0 0 0 0 0 0 1 0 0 0 
0 0 0 0 0 1 0 0 0 0 
1 0 0 0 0 0 0 0 0 0 
0 0 0 0 0 0 0 0 1 0 
0 0.510143 0 0.14716 0 0 0 0.342697 0 0 
0 0 0 0 1 0 0 0 0 0 
0 0 0 0 0 0 0 0 0 1 
0 0 0 0 0 0 1 0 0 0 
0 0 0 0 0 0 1 0 0 0 
0 0 0 0 1 0 0 0 0 0 
0.366736 0.633264 0 0 0 0 0 0 0 0 
0 0 0.748217 0 0 0.251783 0 0 0 0 
0 1 0 0 0 0 0 0 0 0 
0 0 0 0 0 0 1 0 0 0 
1 0 0 0 0 0 0 0 0 0 
0 0 0 0 0 0 0 0 0 1 
0 0 0 0 0 0 0 0 1 0 
0 0.383003 0 0 0 0 0 0 0.616997 0 
0 0 0 0 1 0 0 0 0 0 
1 0 0 0 0 0 0 0 0 0 
1 0 0 0 0 0 0 0 0 0 
0 0 0 0 0 0 0 0 1 0 
0.298112 0 0.701888 0 0 0 0 0 0 0 
0 0 1 0 0 0 0 0 0 0 
0 0 0 0 0 1 0 0 0 0 
0 0 0 0 0 1 0 0 0 0 
1 0 0 0 0 0 0 0 0 0 
0 0 0 1 0 0 0 0 0 0 
0 0 1 0 0 0 0 0 0 0 
0 1 0 0 0 0 0 0 0 0 
0 0 0 0 0 0 0 1 0 0 
0 0 0 0 0 0 0 0 1 0 
0 0 0 0 0 0 1 0 0 0 
0 0 0 1 0 0 0 0 0 0 
0 0 0 0 0 0.46099 0 0.53901 0 0 
0 0 0 1 0 0 0 0 0 0 
0 0 0 0 0 0 0 0 1 0 
0 0 0.794475 0 0 0.205525 0 0 0 0 
0 0 0 0 0 0 1 0 0 0 
0.290282 0.709718 0 0 0 0 0 0 0 0 
0 0 0 0 1 0 0 0 0 0 
0 0 0 0 0 0 0 0 0 1 
0 0 0 1 0 0 0 0 0 0 
0 0 0 0 0 0 1 0 0 0 
0 0 0.662095 0 0 0.163696 0.174209 0 0 0 
0 0 0 0 0 0 0 1 0 0 
0 0 0 0 0 0 0 0 0 1 
0 0 0 0 1 0 0 0 0 0 
0 0 0 0 1 0 0 0 0 0 
0 0 0 0 0.508584 0 0 0.491416 0 0 
0 0 0.192806 0 0 0 0.807194 0 0 0 
0 0 0 0 1 0 0 0 0 0 
0 0 1 0 0 0 0 0 0 0 
0 0 1 0 0 0 0 0 0 0 
0 0 0 0 0 0 0 1 0 0 
0 1 0 0 0 0 0 0 0 0 
0 0 0 0 0 0 0 0 0 1 
0 0 0 0 0 0 0.449504 0 0 0.550496 
0 0 0 1 0 0 0 0 0 0 
0 0 0 0 0 0 0 0.839261 0.160739 0 
0 1 0 0 0 0 0 0 0 0 
0 0 0 0 1 0 0 0 0 0 
0 1 0 0 0 0 0 0 0 0 
0 0 0 0 0 0 1 0 0 0 
0 0 0 0 0 0 0 1 0 0 
0 0 0 0 1 0 0 0 0 0 
0 0 0 0 1 0 0 0 0 0 
0 1 0 0 0 0 0 0 0 0 
0 0 0 0 0 0 0 0 0 1 
0 0 0 0 0 1 0 0 0 0 
0 0 0 0 0 0 0 1 0 0 
0 0 0 0 0 0 0 0 1 0 
0 0 0 0 0 0 0 1 0 0 
0 0 0 0 0 0 0 0 1 0 
0 0 0 0 0 0 0 0 1 0 
0 0 0 0 0 1 0 0 0 0 
0 1 0 0 0 0 0 0 0 0 
1 0 0 0 0 0 0 0 0 0 
0 0 0 0 0 0 0 0 0 1 
0 0 0 0 0 0 0 0 0 1 
0 1 0 0 0 0 0 0 0 0 
0 0 0 0 0 0 0.512665 0 0 0.487335 
0 0 0 1 0 0 0 0 0 0 
0 0 0 1 0 0 0 0 0 0 
0 1 0 0 0 0 0 0 0 0 
0 0 0 0 0 0 0 0 0 1 
0 0 0 0 0 1 0 0 0 0 
0 0 0 0 0 1 0 0 0 0 
0 0 0 1 0 0 0 0 0 0 
0 0 0 1 0 0 0 0 0 0 
0.766837 0 0 0 0 0 0 0.233163 0 0 
0 0 1 0 0 0 0 0 0 0 
0 0 0 0 0 0.510384 0 0 0 0.489616 
0 0 0 0 0 1 0 0 0 0 
1 0 0 0 0 0 0 0 0 0 
0 0 0 0 0 1 0 0 0 0 
0 0 0 0 0 0 0 0 1 0 
0 0 0 0 0 0 0 0 0 1 
1 0 0 0 0 0 0 0 0 0 
0 0 0 0 1 0 0 0 0 0 
0 1 0 0 0 0 0 0 0 0 
1 0 0 0 0 0 0 0 0 0 
0 0 1 0 0 0 0 0 0 0 
0 0 0 0 0 0 0 0 0 1 
0 0 0 0 0 0 0 0 0 1 
0 0 0 0 0 0 0 1 0 0 
0 0 1 0 0 0 0 0 0 0 
0 0 1 0 0 0 0 0 0 0 
0 0 1 0 0 0 0 0 0 0 
1 0 0 0 0 0 0 0 0 0 
0 0 1 0 0 0 0 0 0 0 
0 0 0 0 0 0 1 0 0 0 
0 0 0 0 0 0 0 0 1 0 
0 0 1 0 0 0 0 0 0 0 
0 0 0 0 0 0 0.441444 0 0.558556 0 
1 0 0 0 0 0 0 0 0 0 
0 0.198159 0 0 0 0 0 0 0.801841 0 
0 0 0 0 0 0 1 0 0 0 
0 0 0 0 0 0 0 1 0 0 
0 0 0 0 0 0 0 0 0 1 
0 0 0 0 0 0 0 0 0 1 
0 0 0 0 0 0 1 0 0 0 
0 0 0 0 0 0 1 0 0 0 
0.435918 0 0 0 0.564082 0 0 0 0 0 
0 0 0 0 0 0 1 0 0 0 
0 0 0 0.496161 0 0 0 0.503839 0 0 
0 1 0 0 0 0 0 0 0 0 
0 0 0 0 0 0 0 0 0 1 
0 0 0 0 0 1 0 0 0 0 
0 0 0 0 0 0 0 0 1 0 
1 0 0 0 0 0 0 0 0 0 
0 0 1 0 0 0 0 0 0 0 
0.508258 0 0 0 0 0 0 0.491742 0 0 
0 0 0 0 0 1 0 0 0 0 
0 0 0 0 0 1 0 0 0 0 
0 0 0 0 1 0 0 0 0 0 
0 0 1 0 0 0 0 0 0 0 
0 0 0 0 0 0 0 1 0 0 
0 0 0 0 0.481321 0 0 0 0 0.518679 
0 0 0 0 0 0 0 0 1 0 
0 0 0 0 0 0 0 1 0 0 
0 0 0 0 1 0 0 0 0 0 
1 0 0 0 0 0 0 0 0 0 
0 0 0 0 0 0 0 0 1 0 
0 0 0 0 0 0 1 0 0 0 
0 0 0 0 0 0 0 0 0 1 
0 0 0 0 0 1 0 0 0 0 
0 0 0 0 0 0 0 0 0 1 
1 0 0 0 0 0 0 0 0 0 
0 0 1 0 0 0 0 0 0 0 
1 0 0 0 0 0 0 0 0 0 
0 1 0 0 0 0 0 0 0 0 
0 0 0 0 0 0 0 0.723581 0 0.276419 
0 1 0 0 0 0 0 0 0 0 
0 1 0 0 0 0 0 0 0 0 
0 0 1 0 0 0 0 0 0 0 
0 1 0 0 0 0 0 0 0 0 
0 0 0 0 0.688304 0 0 0.311696 0 0 
0 1 0 0 0 0 0 0 0 0 
0 0 0 0 0 0 0 0 1 0 
0 1 0 0 0 0 0 0 0 0 
0 0 0 0 0 1 0 0 0 0 
0 0 0 0 0 0 0 0 0 1 
0 0.871355 0.128645 0 0 0 0 0 0 0 
0 0 0 0 0 0 0 0 0 1 
0 0 0 0 0 0 1 0 0 0 
0 1 0 0 0 0 0 0 0 0 
0 0 1 0 0 0 0 0 0 0 
0 0 0 0 0 0 0 1 0 0 
0 0.246027 0 0 0 0.753973 0 0 0 0 
0 0 0 0.83565 0 0 0 0 0.16435 0 
0 0 0 0 0 0 0 0.356888 0.643112 0 
0 0 0 0 0 1 0 0 0 0 
0 0 0 0 0 0 0 1 0 0 
0 0 1 0 0 0 0 0 0 0 
0 0.564792 0 0 0 0.435208 0 0 0 0 
0 0 0.153489 0 0 0 0.846511 0 0 0 
0 0.441372 0 0 0.558628 0 0 0 0 0 
0 0 0 0 0 1 0 0 0 0 
0 0 1 0 0 0 0 0 0 0 
0 0 0 0 0 0 0 0 1 0 
0 0 0 1 0 0 0 0 0 0 
0 0 0 0 0.321979 0 0.497404 0.180617 0 0 
0 0 0 0 0 0 0 0 1 0 
0 0 0 0 0 0 0 0 0 1 
0 0 0 0 0.399467 0 0 0 0 0.600533 
0 0 1 0 0 0 0 0 0 0 
0 0 0 0 0 0 0 0 0 1 
0 0 0 0 0 0 0 0 0 1 
0 0 0 0 1 0 0 0 0 0 
0 0 1 0 0 0 0 0 0 0 
0 0 0 0 0 1 0 0 0 0 
1 0 0 0 0 0 0 0 0 0 
0 0 0 0 0 0 0 1 0 0 
0 0 0 0 0 0 0 0 0 1 
0 0 0 0 0 0 0 0 0 1 
0.30876 0 0 0 0 0 0 0.69124 0 0 
0 0 0 0 0 0 0 0.488046 0.511954 0 
0 0 0 0 0 0 0 0 0 1 
0 0 0 0 0 0 0 0 0.456136 0.543864 
1 0 0 0 0 0 0 0 0 0 
0 0 0 1 0 0 0 0 0 0 
0 0 0 0 0 0 1 0 0 0 
0 0 0 0 0 0 0 0 0 1 
0 0 0 0 0 0 0 0 1 0 
0 0 0 0 0 0 1 0 0 0 
0 0 0 1 0 0 0 0 0 0 
0 0 0 0 0 0 1 0 0 0 
0 0.62135 0 0 0 0 0 0.37865 0 0 
0 0 0 0 0 0 0 0 0 1 
0 0 1 0 0 0 0 0 0 0 
0 0 0 0 0 0.182326 0 0 0 0.817674 
0 0 1 0 0 0 0 0 0 0 
0 0 0 0 1 0 0 0 0 0 
1 0 0 0 0 0 0 0 0 0 
0 0 1 0 0 0 0 0 0 0 
0 0 0 0 0 0 0 1 0 0 
0 0 1 0 0 0 0 0 0 0 
0 0 0 0 0 0 0 0 1 0 
0 0 0 0 0 0 0 0 1 0 
0 0 0 0 0 0 1 0 0 0 
0 0 0 0 0 0 0 0 1 0 
0 0 0 0 0 0 1 0 0 0 
0.251508 0 0 0.444063 0.304429 0 0 0 0 0 
0 0 0 0 0 0 0 1 0 0 
0 0.551551 0 0 0.448449 0 0 0 0 0 
0 0 0 1 0 0 0 0 0 0 
1 0 0 0 0 0 0 0 0 0 
0 1 0 0 0 0 0 0 0 0 
0.755102 0 0 0 0 0 0 0 0.244898 0 
0 0 0 0 0 0 0 0 0 1 
0 0 1 0 0 0 0 0 0 0 
0.47658 0 0 0 0 0 0.52342 0 0 0 
0 0 0 0 0 0 0 0.658958 0 0.341042 
0 0 0 0 0 0 0 1 0 0 
0 1 0 0 0 0 0 0 0 0 
0 0 1 0 0 0 0 0 0 0 
0.205088 0 0 0 0 0.794912 0 0 0 0 
0 0 0 0.101104 0 0.586552 0.312343 0 0 0 
0 0 0 1 0 0 0 0 0 0 
0 0 0 0 1 0 0 0 0 0 
0 1 0 0 0 0 0 0 0 0 
0 0 1 0 0 0 0 0 0 0 
0 0 0 0 1 0 0 0 0 0 
0 0 0 0 0 0 1 0 0 0 
0 0 0 0 0 0.443455 0 0.556545 0 0 
0 0 0 0 1 0 0 0 0 0 
0 1 0 0 0 0 0 0 0 0 
0 0 1 0 0 0 0 0 0 0 
0 0 0 0 0 1 0 0 0 0 
0 0 0 0 0 0 0.439166 0 0 0.560834 
0 0 0 0 0 1 0 0 0 0 
0 0 0 0 0 0 1 0 0 0 
0 1 0 0 0 0 0 0 0 0 
0.815534 0 0.184466 0 0 0 0 0 0 0 
0 1 0 0 0 0 0 0 0 0 
0 0 0 0 0 0 0 0 0 1 
0 0 0 0 1 0 0 0 0 0 
0 0 0 1 0 0 0 0 0 0 
