5 200
0.703643
0.695977
0.337544
0.484445
0.479245
11.5215 0.400712
11.3083 0.261195
10.4841 0.111736
9.92344 1.16066
9.57832 1.26331
9.51876 0.882022
9.474 0.569232
9.46099 0.527161
8.72535 0.557436
8.6101 1.47034
8.60602 0.218663
8.59628 1.23283
8.58118 0.798971
8.47474 0.764278
8.3814 0.656523
8.3795 1.66709
8.31903 1.27883
8.18213 0.665659
8.13967 0.410822
8.11388 1.78602
8.03023 1.16059
7.97474 0.705996
7.76892 0.315206
7.6864 1.82473
7.52911 1.3937
7.51971 0.618997
7.46489 0.918423
7.40885 0.233921
7.36985 2.13435
7.30549 1.13636
7.19229 0.784581
7.119 0.330093
7.00729 1.68186
6.94911 0.504214
6.76713 1.62757
6.73397 1.79334
6.71536 2.02278
6.57723 1.18543
6.36838 2.81966
6.24079 1.95945
6.12133 3.27484
6.09696 2.07367
5.92226 1.49357
5.81891 1.96134
5.67538 3.49664
5.6362 1.7184
5.37288 2.66038
5.28684 2.80496
5.27948 3.5874
5.09413 3.0342
4.98903 3.70765
4.83121 4.38563
4.80834 1.96687
4.75048 2.79626
4.72715 2.16848
4.69902 3.15742
4.6133 4.11171
4.52413 3.57995
4.2826 2.91882
4.27072 4.41404
4.22454 4.21226
4.16003 3.47548
4.10623 2.82636
4.07694 5.07065
4.06713 3.07288
3.99543 2.93226
3.98837 3.81831
3.8397 4.2775
3.53702 3.48952
3.5144 4.26844
3.48947 3.10562
3.45255 3.72704
3.41886 4.09718
3.38189 4.14696
3.33271 4.62563
3.31226 4.74081
3.20512 3.03359
3.14259 4.64376
3.11283 5.48844
3.09908 3.59199
3.05764 3.61012
3.05408 4.48893
3.01209 3.42605
2.84549 5.67549
2.82992 4.36754
2.78339 4.08445
2.78334 4.71433
2.77956 4.54315
2.67059 4.08947
2.61915 5.75905
2.61805 5.0204
2.589 3.80834
2.58413 4.13714
2.55943 4.33992
2.54567 3.70792
2.52553 5.56975
2.46622 4.86
2.41103 5.53152
2.367 6.35947
2.29971 6.58153
2.16498 5.34033
2.10614 4.80276
2.10007 5.89145
2.07316 5.74455
2.01798 4.92186
2.01286 6.39159
1.98936 5.26064
1.96354 6.63335
1.96044 6.30168
1.91835 7.31076
1.87072 4.47052
1.83909 5.11405
1.80121 5.33564
1.76163 6.39271
1.66548 7.29515
1.65993 5.00961
1.53072 6.68998
1.48282 5.69751
1.48046 6.60083
1.4591 6.25286
1.39278 5.80214
1.37774 7.72747
1.37609 6.59227
1.36912 7.44147
1.36866 6.8695
1.3499 5.94172
1.31099 7.07013
1.30261 4.68368
1.24882 7.47937
1.21011 8.19701
1.17319 5.26487
1.1708 7.45588
1.12951 6.42793
1.11137 5.13925
1.05864 8.2853
1.04909 4.9667
1.04423 4.91242
1.037 6.64825
0.990801 7.09102
0.96913 6.04067
0.956179 7.91138
0.8794 6.64129
0.865983 6.64919
0.860008 6.19872
0.853687 8.03008
0.818837 7.15481
0.814968 6.62768
0.808135 6.06767
0.807212 6.22468
0.774485 8.47615
0.740235 9.01622
0.702111 7.2669
0.678965 7.46601
0.671766 6.38894
0.648783 6.59678
0.625972 5.46807
0.623041 6.89397
0.567779 5.81667
0.554267 7.66782
0.550023 8.26616
0.514826 8.77227
0.514779 8.3009
0.514772 7.49013
0.513783 8.14947
0.506281 6.49258
0.424005 8.02938
0.346878 9.87074
0.327611 9.20374
0.31043 10.0992
0.309374 7.32725
0.296874 8.56758
0.284784 7.48707
0.284337 8.96213
0.252574 8.07665
0.231998 7.27955
0.186448 8.01216
0.156462 10.1358
0.133633 6.67479
0.106431 11.2127
0.103075 8.79995
0.0857608 9.71146
0.0772452 8.17028
0.071868 9.40638
0.0708277 9.82899
0.0705738 7.61716
0.0671856 11.3335
0.0650546 10.4752
0.0510962 9.6503
0.0440645 10.9216
0.0372196 7.24918
0.0279546 11.3489
0.0238611 10.5395
0.0205783 7.84871
0.0198119 11.1935
0.0195974 11.3711
0.0119317 7.68917
0.0116054 8.681
0.0050644 9.43322
0.00375295 7.42628
0.0028522 10.0197
0 0.285857 0 0 0.714143 
1 0 0 0 0 
0.7753 0 0 0 0.2247 
0 0 0 0 1 
0 0 0 0 1 
0 1 0 0 0 
1 0 0 0 0 
0 1 0 0 0 
0 1 0 0 0 
0 0 1 0 0 
0 0 1 0 0 
0 0.795598 0 0 0.204402 
0 0 0 0 1 
0 1 0 0 0 
0 1 0 0 0 
0 0 1 0 0 
0 1 0 0 0 
0 0 0 1 0 
0 0 0 0.578273 0.421727 
0 0 0 1 0 
1 0 0 0 0 
0 0 0.282694 0.717306 0 
0 0 1 0 0 
0 0 1 0 0 
1 0 0 0 0 
1 0 0 0 0 
0 1 0 0 0 
0 1 0 0 0 
0.69119 0.30881 0 0 0 
1 0 0 0 0 
0 0 0 0 1 
0 0 0 0 1 
0.521187 0 0.478813 0 0 
0 0 1 0 0 
0.365723 0.634277 0 0 0 
0 1 0 0 0 
0 0 1 0 0 
0 0 1 0 0 
0 0 1 0 0 
0 0.582436 0 0 0.417564 
0 0 0 0 1 
0 1 0 0 0 
0 0 0 1 0 
0 0.42383 0 0.57617 0 
0 1 0 0 0 
0 0 0 0 1 
0 0 0 0 1 
0 0 1 0 0 
0 1 0 0 0 
0 0 0 1 0 
0 1 0 0 0 
0 0 0 0 1 
0 0 0 0 1 
0 0 0 0 1 
0 0.154474 0.845526 0 0 
0 1 0 0 0 
1 0 0 0 0 
0 0 1 0 0 
1 0 0 0 0 
0 1 0 0 0 
0 0.357347 0.642653 0 0 
0 0 1 0 0 
0 0 0 0 1 
0 0.269688 0.730312 0 0 
0 0 0 0 1 
0 0 0 1 0 
0 1 0 0 0 
1 0 0 0 0 
0 0 0 0 1 
0 0 0 1 0 
0 0 0 0 1 
0 0 0 1 0 
0 0 1 0 0 
0 0 1 0 0 
1 0 0 0 0 
0 0 0 0 1 
1 0 0 0 0 
0 0 0 1 0 
1 0 0 0 0 
0 1 0 0 0 
0 0 0 0 1 
1 0 0 0 0 
0.789883 0 0 0.210117 0 
0 1 0 0 0 
1 0 0 0 0 
0 0 0 0 1 
1 0 0 0 0 
0 0 0 0 1 
1 0 0 0 0 
0.526966 0 0 0.473034 0 
0 1 0 0 0 
0 0 0 1 0 
1 0 0 0 0 
0 0 0 1 0 
0 0 1 0 0 
0.379749 0 0.620251 0 0 
1 0 0 0 0 
0 0 0.688306 0 0.311694 
0 1 0 0 0 
0 0.546716 0 0 0.453284 
0.27925 0.243365 0.477384 0 0 
0 1 0 0 0 
1 0 0 0 0 
0 0 1 0 0 
0 0.579058 0 0.420942 0 
0 0 1 0 0 
0 0 1 0 0 
0 0 1 0 0 
0 0 0 0.327852 0.672148 
0 0 0 1 0 
0 1 0 0 0 
0 0 0 1 0 
0.60389 0.39611 0 0 0 
1 0 0 0 0 
1 0 0 0 0 
0 0 0 0 1 
0 0 0 0 1 
0 1 0 0 0 
0 0 0.48586 0.51414 0 
0 1 0 0 0 
0 0.799212 0.200788 0 0 
0 1 0 0 0 
1 0 0 0 0 
0 1 0 0 0 
0.345388 0.654612 0 0 0 
0 1 0 0 0 
0 0 0 0 1 
0 0 0 1 0 
1 0 0 0 0 
0 0 1 0 0 
0 1 0 0 0 
0 1 0 0 0 
0 0 0 1 0 
0 1 0 0 0 
0 0.464302 0 0.535698 0 
0 0 1 0 0 
0 0 1 0 0 
0 0 1 0 0 
0 0 1 0 0 
0 0 0.452 0.548 0 
0.363463 0 0 0 0.636537 
0 0 0 0 1 
0 0 0 1 0 
0 0 0 0 1 
0 1 0 0 0 
1 0 0 0 0 
0 0 0 1 0 
0 0.356065 0 0.643935 0 
0 0 0 0 1 
0 0 0.627535 0.372465 0 
0 0 1 0 0 
0 0 0 0 1 
0 0 0 0 1 
0 0 0 1 0 
0.690118 0.309882 0 0 0 
1 0 0 0 0 
0 1 0 0 0 
0 0 0 0 1 
0 0 1 0 0 
0.484897 0 0 0 0.515103 
1 0 0 0 0 
1 0 0 0 0 
0.431 0.569 0 0 0 
0 1 0 0 0 
0 0 0 1 0 
0 0.59354 0 0.40646 0 
1 0 0 0 0 
0 1 0 0 0 
0 0 0 1 0 
0 0 1 0 0 
0 1 0 0 0 
0 0 0.57816 0 0.42184 
0 1 0 0 0 
0 0 1 0 0 
0 0 0 0.481932 0.518068 
0 0 1 0 0 
1 0 0 0 0 
0 0 0 0 1 
0 0.455476 0 0.544524 0 
0 0 1 0 0 
0 1 0 0 0 
0 0 1 0 0 
1 0 0 0 0 
0 1 0 0 0 
0 0 0 1 0 
0 0 0 1 0 
0 1 0 0 0 
0 1 0 0 0 
0 0 0 1 0 
0 1 0 0 0 
1 0 0 0 0 
0 1 0 0 0 
0 1 0 0 0 
0 0 0 1 0 
0 1 0 0 0 
0.348302 0 0 0.219011 0.432687 
0 1 0 0 0 
0 0 0 0 1 
0 0 0 0 1 
0 1 0 0 0 
