5 25
0.259794
0.599622
0.627898
0.600012
0.600014
7.1581 1.27118
6.76576 3.01406
6.136 2.99449
5.02271 3.93403
3.9371 3.79259
3.83194 4.0271
3.37455 3.76778
3.17256 3.94701
2.62178 3.46578
2.61573 3.84331
2.40774 5.59883
1.96823 5.03556
1.25978 5.54882
1.14879 7.32029
0.674804 6.51812
0.43489 8.78346
0.400941 7.81146
0.343 7.84869
0.285902 9.39989
0.282405 6.72195
0.22314 7.38241
0.183081 8.12329
0.172696 10.4704
0.160088 7.92084
0.0500447 7.90906
0 1 0 0 0 
1 0 0 0 0 
0 0.417509 0.582491 0 0 
0 0 0 0 1 
0 0 0 1 0 
0 0 1 0 0 
0 0 1 0 0 
0 0 0 1 0 
0 0 0.438384 0 0.561616 
0 1 0 0 0 
0 0 0 0 1 
0 1 0 0 0 
1 0 0 0 0 
0 0 0 1 0 
0 0 0 1 0 
1 0 0 0 0 
0 0 1 0 0 
0 0 0 0.779518 0.220482 
0 0 0.569693 0 0.430307 
0 0 0 0 1 
0.458153 0 0.541847 0 0 
0 1 0 0 0 
0 0 0 1 0 
0 0 1 0 0 
1 0 0 0 0 
