10 200
0.280403
0.538297
0.310299
0.472207
0.336633
0.730228
0.517861
0.614232
0.399441
0.443702
11.2254 0.26019
10.6944 0.486244
10.6318 0.505757
10.2949 0.326092
10.1893 0.595827
9.8598 0.767056
9.48711 0.932562
9.38837 0.913836
9.24651 0.235419
9.15323 0.970127
9.00795 1.14855
8.93314 1.00056
8.88651 1.48609
8.79376 0.315602
8.72879 1.18348
8.60551 0.600831
8.58297 1.85185
8.3372 1.32689
8.32945 0.352915
8.26316 1.24904
8.22611 0.286929
8.06593 0.417191
8.02507 0.526878
8.00505 0.172455
7.91276 1.28689
7.82351 1.14092
7.6992 0.269333
7.55719 1.98148
7.40314 0.910251
7.38454 0.687448
7.31897 2.13119
7.1394 1.19337
6.95894 1.09959
6.92315 2.77935
6.77988 1.37472
6.67223 0.454603
6.63817 0.766254
6.61142 1.25396
6.50051 2.66076
6.39874 1.33556
6.38706 1.78847
6.36514 2.74583
6.11592 0.833215
6.10209 1.668
6.07528 1.79731
6.06648 1.31883
6.03369 1.25268
5.86156 2.66568
5.74421 2.783
5.67989 2.26122
5.61438 1.54303
5.56433 2.66771
5.4285 2.60376
5.36133 2.88312
5.32407 3.41612
5.29377 1.59245
5.11177 3.96768
5.02954 2.82913
4.99546 1.88927
4.83266 3.45071
4.75863 4.18903
4.74916 3.83917
4.67184 2.41626
4.50996 3.59868
4.48361 3.35901
4.47666 3.77333
4.3862 3.04884
4.34774 1.88819
4.22095 4.53311
4.17711 3.51667
4.12698 2.42184
4.04387 2.97603
4.00707 2.30695
3.84942 3.09507
3.84592 4.57693
3.64508 4.76669
3.52303 5.30121
3.34813 4.98487
3.3152 3.5629
3.27811 4.60075
3.20963 3.75992
3.20508 3.80261
3.12916 3.91712
3.12597 4.35297
3.0887 4.5242
3.08169 4.97049
3.0309 3.3652
2.97988 3.89112
2.9737 3.90414
2.94914 5.85424
2.93919 4.79473
2.89341 3.14701
2.87168 5.83149
2.85959 4.25361
2.85148 4.80355
2.73901 4.45127
2.68162 3.52293
2.60706 5.09523
2.55663 4.37108
2.52319 5.67584
2.5128 6.67003
2.45836 4.37312
2.45609 3.94161
2.42563 5.07522
2.26819 5.63459
2.24782 6.84844
2.22343 5.33542
2.20913 4.81034
2.17286 4.64525
2.14422 5.62573
2.14015 6.72541
2.03756 4.44977
2.02037 5.28525
1.89293 5.645
1.86605 5.10643
1.80534 6.93951
1.65739 6.4849
1.62871 5.0409
1.55785 6.64143
1.53597 7.10562
1.44881 7.03124
1.40391 6.37006
1.39276 5.55907
1.38728 4.73163
1.38453 6.17531
1.28823 5.52792
1.19443 7.53209
1.18609 6.07554
1.14122 5.9042
0.972414 6.23953
0.947368 6.53531
0.938077 6.94218
0.8724 5.89032
0.842653 6.15025
0.836118 8.27441
0.817959 6.38815
0.782216 6.34639
0.699857 6.27317
0.691225 5.90805
0.686516 6.58256
0.664143 7.4542
0.626867 7.43043
0.61641 9.1237
0.556237 8.75121
0.545133 8.3417
0.526106 6.77396
0.523555 7.80975
0.502191 9.49547
0.464351 7.41016
0.462424 6.73351
0.451592 9.23258
0.444979 9.86287
0.443621 9.51367
0.432137 7.74093
0.422459 9.25972
0.421229 9.34205
0.420183 8.06053
0.41124 7.87771
0.40449 6.59891
0.399345 7.58822
0.384931 9.44689
0.349849 8.89375
0.325705 8.89866
0.313786 8.52925
0.299436 8.86401
0.298544 9.22837
0.297462 6.20243
0.284481 7.11722
0.272311 9.01463
0.25636 9.9927
0.227672 7.35765
0.219447 7.82575
0.214228 10.7558
0.212577 9.6535
0.207745 7.72738
0.173549 10.3341
0.134593 6.86357
0.130576 10.3752
0.128245 9.51735
0.112664 7.39233
0.112609 7.21331
0.111618 8.55245
0.108288 7.99707
0.0822451 11.1514
0.081775 11.1665
0.0676649 8.1648
0.0665575 10.2012
0.0633697 10.1404
0.0526399 9.44071
0.0522972 10.1441
0.0449167 7.06336
0.0346842 9.9491
0.0324868 8.88003
0.024373 9.67679
0.0178588 11.3395
0.00895948 9.23216
0.00720745 11.625
0.00438927 11.5709
0.00362396 10.3888
0.00168487 8.10802
0 0 1 0 0 0 0 0 0 0 
0 0 0 0 0 0.605551 0.394449 0 0 0 
0 1 0 0 0 0 0 0 0 0 
0 0 0 0 0 1 0 0 0 0 
0 0 0 1 0 0 0 0 0 0 
0.42566 0 0 0 0 0 0 0.574339 0 0 
0 1 0 0 0 0 0 0 0 0 
0 0 0 0 0 0 0 0 0 1 
0 0 0 0 1 0 0 0 0 0 
0 0 1 0 0 0 0 0 0 0 
0 0 0 0 0 1 0 0 0 0 
0 0 0 0 0.719931 0 0 0 0 0.280069 
0 0 0 0 0 0 0 1 0 0 
0 0 0 0 1 0 0 0 0 0 
0 0 0 0 0 0 1 0 0 0 
1 0 0 0 0 0 0 0 0 0 
0 0 0 0 0 0.721815 0 0 0.278185 0 
0 0 0 0 1 0 0 0 0 0 
0 1 0 0 0 0 0 0 0 0 
0 0 0 0 0 0 1 0 0 0 
0 0.348042 0 0.651958 0 0 0 0 0 0 
0 0 0 0 0.643135 0 0 0 0.356865 0 
0 0 0 0 0 0 1 0 0 0 
0 1 0 0 0 0 0 0 0 0 
0 0 0 0 0 1 0 0 0 0 
0 1 0 0 0 0 0 0 0 0 
0 0 0.378058 0 0.621942 0 0 0 0 0 
0 0 1 0 0 0 0 0 0 0 
0 0 1 0 0 0 0 0 0 0 
0 0 0 0 0 0 0 1 0 0 
1 0 0 0 0 0 0 0 0 0 
0 0 0 0 0 0 0 0 1 0 
0 0 0 0 0 1 0 0 0 0 
0 1 0 0 0 0 0 0 0 0 
0 0 0 1 0 0 0 0 0 0 
0.594753 0 0 0 0.405247 0 0 0 0 0 
0 0 1 0 0 0 0 0 0 0 
0 0 0 0 0 0 1 0 0 0 
0 0 0.226213 0 0 0 0 0.773787 0 0 
0 0 0 0 0 0 0 0 0 1 
0 1 0 0 0 0 0 0 0 0 
0 0 0 0 1 0 0 0 0 0 
0 0 1 0 0 0 0 0 0 0 
0 0 0 0 1 0 0 0 0 0 
0 0 0 1 0 0 0 0 0 0 
0 0 0 0 1 0 0 0 0 0 
0 1 0 0 0 0 0 0 0 0 
0 0 0 0.39261 0 0 0 0 0.60739 0 
0 0 0 0 0 0 1 0 0 0 
0 0 0 1 0 0 0 0 0 0 
0 0 0 0 0 0 0 0 0 1 
0 0 0 1 0 0 0 0 0 0 
0 0 0 0.341334 0 0.658666 0 0 0 0 
1 0 0 0 0 0 0 0 0 0 
0 0 0 0 0 0 0 0 1 0 
0 0 0 1 0 0 0 0 0 0 
0 1 0 0 0 0 0 0 0 0 
0 0 0 0 1 0 0 0 0 0 
0 0 0 0 0.833852 0.166148 0 0 0 0 
0 0 0 0 0 0 0 0 0 1 
0 1 0 0 0 0 0 0 0 0 
0 0 1 0 0 0 0 0 0 0 
0 0 0 0 0 0 0 1 0 0 
0 0 0 0 0 0 0 0 0 1 
0 0 1 0 0 0 0 0 0 0 
0 0 1 0 0 0 0 0 0 0 
0 0 0 0 0 0 0 1 0 0 
0 0 0 1 0 0 0 0 0 0 
0 0 0 0 0 1 0 0 0 0 
1 0 0 0 0 0 0 0 0 0 
0 0 0 1 0 0 0 0 0 0 
0 0 0 1 0 0 0 0 0 0 
0 0 1 0 0 0 0 0 0 0 
0 0 0 0 0 0 0 0 0 1 
0 0 0 0 0 0 0 1 0 0 
0 0 0 0 0 0.585894 0 0 0 0.414106 
0 0 0 1 0 0 0 0 0 0 
0 0 1 0 0 0 0 0 0 0 
0 0 0 0 0 0 0 0 0 1 
0 0 0 1 0 0 0 0 0 0 
0.553542 0 0 0 0 0.446458 0 0 0 0 
0 0 0 1 0 0 0 0 0 0 
0 0 0.396012 0 0.448274 0 0.155714 0 0 0 
0 0 1 0 0 0 0 0 0 0 
1 0 0 0 0 0 0 0 0 0 
0 1 0 0 0 0 0 0 0 0 
0 0 0 0 0 0 0.608352 0 0.391648 0 
0 0 0 0 0 0 0 0 0 1 
0 0 0 0 1 0 0 0 0 0 
0 0 0 0 0 0 0 1 0 0 
0 0 0 0 0 0 0 1 0 0 
0 1 0 0 0 0 0 0 0 0 
0 1 0 0 0 0 0 0 0 0 
0 0.18343 0.81657 0 0 0 0 0 0 0 
0 0 0 0 0 0 1 0 0 0 
0 0 1 0 0 0 0 0 0 0 
0 1 0 0 0 0 0 0 0 0 
0 0 0 1 0 0 0 0 0 0 
0 0 1 0 0 0 0 0 0 0 
0 1 0 0 0 0 0 0 0 0 
1 0 0 0 0 0 0 0 0 0 
0 0 0 0 0 0 1 0 0 0 
0 0 0 0 0 0.613419 0 0 0.386581 0 
0 0 0 0 0 0 0 0 0 1 
0 0 0 1 0 0 0 0 0 0 
0 0 0 0 0 1 0 0 0 0 
1 0 0 0 0 0 0 0 0 0 
0 1 0 0 0 0 0 0 0 0 
0.341977 0 0 0 0.658023 0 0 0 0 0 
0 0 0 0 1 0 0 0 0 0 
0 0 0 0 0 0 0 1 0 0 
0 0 0 0 0 0 0 0 1 0 
0 0 1 0 0 0 0 0 0 0 
0 0 1 0 0 0 0 0 0 0 
0 0 0 0 0 0 0 0 1 0 
0 0 0 0 0 0 1 0 0 0 
0 0 0 0 0 0 0.702599 0.297401 0 0 
0.254893 0 0 0 0 0 0 0.745107 0 0 
0 0 0 0 0 0 0 0 1 0 
0 0 0 0 0 0 0 0 1 0 
0 0 0 1 0 0 0 0 0 0 
0 0 1 0 0 0 0 0 0 0 
1 0 0 0 0 0 0 0 0 0 
0 0 0 0 0 0 0 1 0 0 
0 0 0 0 0 0 0 1 0 0 
0 0 0 0 0 0 0 0 1 0 
0 0.578825 0 0 0 0 0 0.421175 0 0 
0 0 0 0 1 0 0 0 0 0 
0 0 0 0 0 0 0 0 0 1 
0 0 0 0.350684 0 0.649316 0 0 0 0 
1 0 0 0 0 0 0 0 0 0 
0 0 0 0 0 0.432616 0 0.567384 0 0 
0 0 0 0 1 0 0 0 0 0 
0 0 1 0 0 0 0 0 0 0 
0 0.365959 0 0 0 0 0 0 0 0.634041 
0 0 0 0 1 0 0 0 0 0 
0 0 0 0 0 1 0 0 0 0 
0 0 0 0 0 0 0 0 0 1 
0 0 1 0 0 0 0 0 0 0 
0 0 0 0 0 0 0 1 0 0 
0 0 0 0 0 0 0 1 0 0 
0 0 0 0 0 1 0 0 0 0 
0 0 1 0 0 0 0 0 0 0 
0 0 0 0 0 1 0 0 0 0 
0 0 0 0 0 0 0 1 0 0 
0.667727 0.332273 0 0 0 0 0 0 0 0 
0 0 1 0 0 0 0 0 0 0 
0 0 0 0 0.186093 0.813907 0 0 0 0 
0 0 1 0 0 0 0 0 0 0 
0 0.568169 0 0 0 0 0 0 0 0.431831 
0.726531 0.273469 0 0 0 0 0 0 0 0 
0 0 0 0 0 0 0 0 1 0 
0 1 0 0 0 0 0 0 0 0 
0 0 1 0 0 0 0 0 0 0 
0 0 0 1 0 0 0 0 0 0 
0 0 0 1 0 0 0 0 0 0 
0 0 0 0 0 1 0 0 0 0 
0 0 0 0 0 1 0 0 0 0 
0 0 0 0 0 0 0 0 0 1 
0.650714 0 0 0 0 0.349286 0 0 0 0 
0 1 0 0 0 0 0 0 0 0 
0 0 0 0 0 1 0 0 0 0 
0.769896 0 0 0 0 0 0 0 0.230104 0 
1 0 0 0 0 0 0 0 0 0 
0 0 0 0 0 0 0 0 0 1 
0 0 0 0 0 1 0 0 0 0 
0 0 0 0 1 0 0 0 0 0 
0 0 0 0 0 0 1 0 0 0 
0 1 0 0 0 0 0 0 0 0 
1 0 0 0 0 0 0 0 0 0 
0 0 0 0 0 0 0 0 1 0 
0 0 0 0 0 0 1 0 0 0 
0 0 0 1 0 0 0 0 0 0 
0.216838 0 0 0.236998 0 0 0.546163 0 0 0 
0 0 0 1 0 0 0 0 0 0 
0.717383 0 0 0 0 0 0 0 0 0.282617 
0 0 0 0 0 1 0 0 0 0 
0 0 0 0 0 0.44107 0 0 0 0.55893 
0 0 0 0 0 0 1 0 0 0 
0 0 0 0.562592 0 0.437408 0 0 0 0 
0 1 0 0 0 0 0 0 0 0 
0 0 0 0 0 0 0 1 0 0 
0 0 0 0 0 1 0 0 0 0 
0 0 1 0 0 0 0 0 0 0 
0 0 1 0 0 0 0 0 0 0 
0 0 1 0 0 0 0 0 0 0 
0 0 0 0 0 0 0 1 0 0 
0 0 0 0 0 1 0 0 0 0 
0 1 0 0 0 0 0 0 0 0 
0 0 0 0 1 0 0 0 0 0 
0 0 1 0 0 0 0 0 0 0 
0 0.485967 0.514033 0 0 0 0 0 0 0 
0.139975 0 0 0.860025 0 0 0 0 0 0 
0 0 1 0 0 0 0 0 0 0 
1 0 0 0 0 0 0 0 0 0 
0 0 0 0 1 0 0 0 0 0 
0 0 0 0 0.578248 0 0 0 0 0.421752 
0 0 0 0 0 0 0 0 1 0 
0 0 0 0 1 0 0 0 0 0 
0 0 1 0 0 0 0 0 0 0 
