10 100
0.393779
0.404587
0.496558
0.609157
0.667944
0.717411
0.71939
0.604461
0.3566
0.280699
11.7166 0.220689
11.6215 0.22037
11.1762 0.368543
10.7632 0.0986926
9.95634 0.373797
9.3989 1.24939
9.23216 0.175622
8.72427 1.06142
8.16208 0.21099
8.00787 1.23963
7.79378 0.215367
7.07497 2.2224
6.72424 1.651
6.64655 1.17176
6.49618 2.2763
6.19367 1.89121
6.11723 2.49969
6.06985 2.55086
5.94078 1.11368
5.59572 3.43644
5.40216 2.57934
5.14958 2.86134
5.06102 3.43203
5.02612 4.52126
4.98064 3.94857
4.96555 2.74678
4.88588 3.69781
4.61959 2.41937
4.45819 2.95999
4.19735 3.28855
4.09994 4.82147
4.07798 2.74244
3.87912 4.27303
3.81078 4.78869
3.70316 4.43503
3.48129 2.86987
3.36786 5.06091
3.02667 3.55977
2.99349 2.78672
2.91724 5.62122
2.90955 4.47484
2.86403 4.40553
2.76442 4.3115
2.5826 6.54717
2.51637 4.09036
2.38221 4.26719
2.20278 3.90768
2.16634 4.57401
2.07881 5.83908
2.07145 5.52625
2.05923 5.36242
2.04547 5.4652
2.0191 4.14652
1.86884 3.97521
1.51451 4.79065
1.33875 6.65371
1.20456 7.12625
1.18842 5.60612
1.00365 7.05474
0.992058 5.66985
0.960094 5.96703
0.956976 6.54279
0.844279 6.73726
0.818359 7.15379
0.800308 7.6604
0.792099 5.99258
0.769409 8.05462
0.75292 7.82113
0.741865 6.24192
0.699283 7.63667
0.689072 5.41814
0.675026 7.34053
0.665962 5.87414
0.665242 8.28898
0.631353 9.36279
0.574187 8.93423
0.504788 8.55216
0.341156 8.62385
0.26932 7.03263
0.264502 8.61148
0.247592 8.14794
0.213779 7.7062
0.182961 8.76771
0.177115 8.0217
0.163586 8.56716
0.150578 9.35532
0.0852687 10.6038
0.081701 9.85806
0.0765946 9.15188
0.0429747 11.0108
0.0303547 7.66885
0.0149167 10.7558
0.0130007 9.65927
0.00458131 12.0804
0.00352232 8.93288
0.00342997 9.40508
0.00329772 10.326
0.00322306 10.5794
0.00276574 8.32118
0.00104323 11.4998
0 1 0 0 0 0 0 0 0 0 
0 0 0 0 0 0 0 1 0 0 
0 0 0 1 0 0 0 0 0 0 
0 0 0.397838 0 0 0.602162 0 0 0 0 
0 0 1 0 0 0 0 0 0 0 
0 0 0 0.768745 0 0.231255 0 0 0 0 
0 0 0 0 0 0 1 0 0 0 
0 0 0 0 0 0 0 1 0 0 
0 0 0 1 0 0 0 0 0 0 
0 0 0 0 0 1 0 0 0 0 
0 0 1 0 0 0 0 0 0 0 
0 0 0 0 0 0 0 1 0 0 
0 0 0 1 0 0 0 0 0 0 
0 1 0 0 0 0 0 0 0 0 
0 0 0 1 0 0 0 0 0 0 
0 1 0 0 0 0 0 0 0 0 
0 0 0 0 0 0 0 1 0 0 
0 0 0 0 0 0 0 1 0 0 
0 0 1 0 0 0 0 0 0 0 
0 0 0 0 1 0 0 0 0 0 
1 0 0 0 0 0 0 0 0 0 
0 0 0 0 0 0 0 1 0 0 
0 0 0 0 0.449422 0 0 0.550578 0 0 
0 0 0 0 0 0 0 0 1 0 
0 0 0 0 0 0 0 0 0 1 
0 0 0 0 0 1 0 0 0 0 
1 0 0 0 0 0 0 0 0 0 
1 0 0 0 0 0 0 0 0 0 
0 0 0 0 0 0 0 1 0 0 
0 0 0 0 0 0 0 1 0 0 
0 0 0 1 0 0 0 0 0 0 
0 0 0 0 0 1 0 0 0 0 
0 0 0 0 0 0 0 0 1 0 
0 1 0 0 0 0 0 0 0 0 
0 0 1 0 0 0 0 0 0 0 
0 0 0 0 0 1 0 0 0 0 
0 0 0 0 0 1 0 0 0 0 
0 1 0 0 0 0 0 0 0 0 
0 0 0.762585 0 0 0 0 0 0.237415 0 
0 0.49187 0 0 0 0 0 0 0.50813 0 
0 0 0 0 1 0 0 0 0 0 
1 0 0 0 0 0 0 0 0 0 
0 0 0 0 0 0 0 1 0 0 
0 0 0 0 0 0 0 0 0.649387 0.350613 
0 0 0 0.451135 0 0 0 0 0.548865 0 
0 0 0 0 0 1 0 0 0 0 
0 0 0 0 0 0 0 1 0 0 
0 0 0 0 0 0 0 1 0 0 
0 0 0 1 0 0 0 0 0 0 
0 0 0 0 0 0 1 0 0 0 
0 0 0 0 0 1 0 0 0 0 
1 0 0 0 0 0 0 0 0 0 
0 0 0 0 0 1 0 0 0 0 
0 0.325542 0 0 0.674458 0 0 0 0 0 
0 0.478861 0 0 0 0.521139 0 0 0 0 
0 1 0 0 0 0 0 0 0 0 
0 0 0 0 1 0 0 0 0 0 
0 0 0.372511 0 0 0.627489 0 0 0 0 
0 0 0 1 0 0 0 0 0 0 
0 0 0 0 0 0 0 1 0 0 
0.243722 0 0 0 0 0 0 0 0 0.756278 
0 0 0 1 0 0 0 0 0 0 
0 0 0 1 0 0 0 0 0 0 
0 0 1 0 0 0 0 0 0 0 
0.587925 0 0 0 0 0.412075 0 0 0 0 
0 0 0 0 1 0 0 0 0 0 
1 0 0 0 0 0 0 0 0 0 
0 0 0.489404 0 0 0 0 0.510596 0 0 
0 0 0 0 0 1 0 0 0 0 
0 0 0 0 0 0 0 0 0 1 
1 0 0 0 0 0 0 0 0 0 
0 0 0 0 1 0 0 0 0 0 
0 0 0 0.456593 0 0 0.381875 0.161532 0 0 
0 0 0 0 0 0 0 1 0 0 
0 0.190891 0 0 0 0 0 0.482453 0 0.326655 
0 0 0 0 1 0 0 0 0 0 
0 0 0 0 0 0 0 1 0 0 
0 0 0 0 0 0 1 0 0 0 
0 0 0 0 0 0 0 0 0 1 
0 0 0 0 0 0 0 0 1 0 
0 0 0 0 0 0 0 0 1 0 
0 0 0 0 0 0 1 0 0 0 
0 0 0 0 0 0.316124 0.295355 0.388521 0 0 
0 0 0 0 0 1 0 0 0 0 
0 0 0 0 1 0 0 0 0 0 
1 0 0 0 0 0 0 0 0 0 
0 0 0 0 0 0 1 0 0 0 
0 0 0 0 0 0 0 0.390871 0 0.609128 
0 1 0 0 0 0 0 0 0 0 
0 0 0 0 0 0 0 1 0 0 
0 1 0 0 0 0 0 0 0 0 
1 0 0 0 0 0 0 0 0 0 
0 0 0 0 0 0 0 0 0 1 
0 0 0 0 0 0 0 0 0 1 
0 0 0 0 0 0 1 0 0 0 
0 0 0 0 0 0 0 0 0 1 
0 0 0 0 0 0 0 0 0 1 
0 0 0 0 1 0 0 0 0 0 
0 1 0 0 0 0 0 0 0 0 
0 0 0 0 0 0 0 0 1 0 
