5 500
0.317474
0.448917
0.730654
0.445224
0.738496
11.4999 0.109859
11.4855 0.200523
11.374 0.142841
11.2777 0.245536
11.2117 0.240799
11.1994 0.336254
10.7947 0.842545
10.7732 0.290956
10.7639 0.609838
10.742 0.412283
10.5281 0.118208
10.5249 0.789762
10.2104 0.422135
9.90974 0.105717
9.74707 0.305133
9.70016 0.449027
9.6497 0.184671
9.61043 0.637937
9.58228 0.481057
9.55728 0.39444
9.53584 0.296643
9.53074 0.416012
9.44819 1.10933
9.41907 0.723037
9.37766 0.449011
9.37475 0.523033
9.33856 0.485253
9.30273 0.173572
9.09235 0.895962
9.07946 0.577631
9.05605 0.507775
9.01004 1.1854
8.99568 1.05213
8.92948 0.688315
8.92492 0.551523
8.86013 1.16625
8.78327 0.277465
8.75269 1.82515
8.73132 1.2368
8.71487 1.32085
8.69709 0.659745
8.67161 0.743212
8.64923 0.595209
8.6227 1.20106
8.58403 1.36469
8.57385 1.59201
8.56682 0.814786
8.46211 0.7752
8.45805 0.580582
8.45762 1.04053
8.38719 0.909286
8.38582 0.651246
8.36442 0.757301
8.3315 1.25267
8.32653 1.32272
8.29066 1.2168
8.28587 0.503107
8.27482 1.00607
8.26484 0.661074
8.22654 0.977795
8.22626 1.24004
8.19705 1.83145
8.17644 1.24411
8.14507 1.54285
8.11499 0.988165
8.03891 0.85357
8.03737 0.874045
8.01763 0.572257
7.88063 1.01614
7.86656 1.24621
7.7957 2.08131
7.78581 1.2731
7.74959 0.91124
7.74472 1.09537
7.74055 2.03495
7.70793 1.55818
7.60096 0.593278
7.56387 1.72133
7.53053 1.11861
7.4847 1.42023
7.47941 1.30723
7.46145 2.15823
7.45825 1.17711
7.44097 1.83684
7.37557 1.56902
7.3567 1.93737
7.35342 1.34983
7.34906 0.977066
7.34184 2.61185
7.25536 1.43696
7.23463 2.70426
7.01089 0.501469
7.00607 1.80574
6.90905 0.323958
6.85678 1.8574
6.85126 2.93181
6.79971 2.10481
6.79508 2.37974
6.77667 1.92827
6.76957 1.97563
6.68618 2.51447
6.66362 1.62039
6.65308 1.4352
6.57308 0.9783
6.54471 1.77575
6.54055 0.752381
6.45594 1.16433
6.44602 2.10846
6.29228 2.97798
6.25366 2.55883
6.21072 2.40298
6.19873 1.01846
6.15413 2.38044
6.14658 2.25359
6.11453 2.79291
6.02614 1.67618
6.01614 2.66048
5.97467 1.98067
5.94779 3.08153
5.94005 2.30363
5.90644 1.00449
5.86412 2.11561
5.83607 2.4264
5.82767 1.93161
5.82394 2.18661
5.78636 1.35224
5.70176 1.51852
5.70093 1.27802
5.69963 2.7914
5.68669 2.20051
5.67557 2.54305
5.58992 2.11622
5.53873 1.51021
5.53804 1.52276
5.52528 3.3623
5.51192 2.29829
5.49413 1.83298
5.47488 3.61321
5.46731 2.37232
5.46408 3.50645
5.43639 2.88435
5.35338 2.85672
5.33645 2.21362
5.32186 3.47526
5.25508 2.2896
5.16256 1.95814
5.14425 1.39961
5.08659 2.36488
5.08013 2.863
5.07068 2.3431
5.00613 2.6584
4.98438 2.3896
4.98043 2.30052
4.95571 3.8273
4.92216 3.43704
4.89804 3.94513
4.81541 2.44157
4.77822 2.1497
4.77724 2.049
4.63265 2.81821
4.61856 3.49786
4.55262 4.73336
4.51701 2.75232
4.48226 2.8925
4.47469 3.28689
4.43932 4.09286
4.37731 3.13255
4.36788 3.14768
4.35734 4.16787
4.33924 2.84386
4.31821 2.01563
4.30494 3.74394
4.29316 2.9909
4.26942 3.17395
4.24133 3.38519
4.2383 4.82629
4.21629 4.08861
4.17082 2.65095
4.17077 4.04257
4.16954 3.84817
4.13985 3.19213
4.11993 2.89019
4.08044 3.74998
4.04869 3.31065
4.03516 3.07502
4.00526 3.69158
3.94775 4.78964
3.94168 2.96049
3.91164 3.5543
3.85362 2.80262
3.84068 2.75421
3.81686 3.514
3.8086 4.34413
3.76277 3.16652
3.76097 3.93773
3.6696 2.70462
3.66541 3.39415
3.65952 3.08257
3.59861 2.61544
3.5886 4.5259
3.56328 3.98294
3.54468 4.70603
3.53531 3.0918
3.51095 3.02137
3.51029 4.17485
3.49495 3.43523
3.44031 4.14932
3.43527 4.77685
3.43047 3.6363
3.4293 3.71563
3.42451 4.20504
3.42035 2.88311
3.40545 5.4225
3.3987 3.558
3.35737 3.61615
3.34294 4.99056
3.34254 3.00801
3.32555 4.26815
3.29671 2.83428
3.28827 4.03755
3.21734 4.71958
3.20993 4.76813
3.19708 4.3016
3.19559 5.03915
3.16453 3.58877
3.127 5.35381
3.07703 3.96216
3.03859 5.0055
3.02175 4.52368
3.02161 4.33096
3.0128 3.67146
2.97573 4.18772
2.96848 6.0438
2.95367 4.14273
2.89021 4.20952
2.88926 4.28978
2.87123 6.15306
2.81634 4.13327
2.80088 6.29174
2.76553 4.90385
2.72209 4.81838
2.71141 3.67652
2.69634 4.59976
2.69189 3.91826
2.69014 3.97724
2.67509 5.86629
2.63054 5.76064
2.60595 5.24586
2.59207 3.91298
2.58803 4.85178
2.52342 6.49968
2.51678 5.03594
2.49859 4.10235
2.48784 5.49602
2.47507 5.47941
2.46995 3.56238
2.44531 3.9193
2.43016 5.63895
2.42377 4.85077
2.42016 3.39502
2.41345 4.43954
2.40485 3.78506
2.40387 5.30365
2.40285 4.21222
2.37766 6.73818
2.36742 3.68731
2.3445 4.59462
2.33761 4.1166
2.31176 4.68493
2.3075 4.34643
2.27336 6.30348
2.27061 3.70213
2.25955 6.0723
2.2568 5.3064
2.24542 5.47428
2.24046 5.40768
2.21761 5.09621
2.18272 5.36259
2.1772 4.38372
2.17451 5.49005
2.17291 4.84286
2.15791 4.34961
2.09798 6.84943
2.07555 4.54348
2.07518 4.79325
2.07242 5.87467
2.03964 5.06342
2.02674 4.45171
2.00535 4.941
1.98931 5.12542
1.97027 6.87199
1.96046 6.49587
1.92735 6.3814
1.90186 5.72583
1.90127 6.90699
1.89209 4.88955
1.87392 5.15804
1.86565 6.21721
1.84879 4.96301
1.84729 5.37286
1.82142 5.48563
1.8054 5.88357
1.80014 5.58182
1.78526 7.00639
1.77735 6.81712
1.77443 4.98241
1.76877 4.6101
1.73024 5.76103
1.71623 5.19141
1.69464 7.56729
1.68042 4.58993
1.67086 5.09861
1.66772 5.04725
1.66609 5.43707
1.66438 6.43593
1.66245 4.16279
1.6353 6.79112
1.63444 6.30521
1.6341 6.23295
1.6278 4.40172
1.61939 5.37738
1.60735 5.49262
1.60467 5.19121
1.57756 5.25033
1.47463 4.98135
1.46973 6.1179
1.45961 5.89246
1.44414 5.95011
1.43789 7.68172
1.43723 6.13795
1.43386 5.86047
1.4218 6.02111
1.41232 6.70456
1.40609 4.65959
1.40551 5.9318
1.39073 7.09536
1.3582 4.85157
1.35032 6.1636
1.3319 7.06611
1.33078 6.91603
1.32915 6.6366
1.30695 7.05922
1.26899 4.74113
1.23382 7.04563
1.22099 6.96636
1.21356 8.32874
1.1919 6.58492
1.18684 5.53788
1.18439 6.02739
1.1703 6.96482
1.15707 6.62644
1.14856 6.93875
1.12976 6.68603
1.10002 6.27784
1.09194 6.30291
1.08948 7.90136
1.08275 7.17654
1.0752 6.15407
1.07279 7.58073
1.06098 6.47304
1.05603 5.7723
1.05292 7.21515
1.04652 6.89184
1.04319 5.96424
1.02999 8.14314
1.01699 5.58424
1.01273 6.23635
1.00764 7.45616
0.999204 6.90619
0.980223 7.61444
0.973738 7.48399
0.966803 6.58907
0.94178 7.88568
0.883711 8.38183
0.853968 6.44781
0.851072 5.71266
0.828069 7.77525
0.827973 9.00135
0.818994 6.73195
0.808424 7.93043
0.786143 5.55839
0.746447 7.55576
0.723054 8.8194
0.708421 8.75765
0.693406 6.55368
0.675139 7.25668
0.669242 8.2001
0.639248 6.54203
0.637349 9.03087
0.632409 6.96397
0.626787 6.55298
0.62196 8.49101
0.620357 9.02801
0.618656 5.68246
0.604559 8.57843
0.603126 5.9369
0.588729 6.52049
0.578322 5.79318
0.566434 8.71782
0.534061 8.52493
0.526407 8.45637
0.510807 5.88937
0.507163 5.86935
0.466082 7.85366
0.460663 8.11651
0.455218 9.66713
0.450007 7.39289
0.449803 6.89233
0.431991 8.66554
0.415396 8.97652
0.411562 6.04395
0.410857 6.43783
0.405612 9.53341
0.397674 6.79407
0.391054 9.42961
0.38976 7.41772
0.389689 9.7319
0.389005 8.14884
0.384761 7.5411
0.382342 7.72683
0.353694 6.94968
0.34916 9.72023
0.348819 9.67409
0.346745 9.6739
0.33796 6.32322
0.333872 7.57631
0.324206 8.05412
0.32358 7.4034
0.322252 9.41617
0.321458 7.44254
0.31224 8.55135
0.308452 7.415
0.303701 7.28411
0.301618 8.8109
0.2732 7.78896
0.265928 8.581
0.26305 8.36411
0.255126 8.94926
0.241336 6.85456
0.238565 8.60439
0.207442 9.92254
0.202844 8.18678
0.201741 10.419
0.194506 9.40548
0.19097 7.05332
0.167861 8.46585
0.162221 8.73759
0.159966 7.18145
0.14146 10.6453
0.133968 6.67305
0.109407 9.9659
0.0907906 9.27558
0.089262 10.1658
0.0886223 8.64286
0.0856901 8.01828
0.0842511 7.09797
0.0814401 10.461
0.079596 11.1049
0.0717826 7.9156
0.0696296 8.44016
0.0660596 10.214
0.0657152 10.7346
0.0607111 8.54378
0.060523 7.51095
0.0603624 7.20985
0.0576058 8.09866
0.0575106 9.19821
0.0563511 7.00238
0.055531 10.9821
0.0552828 8.42804
0.0508277 9.03435
0.0472234 8.40075
0.0448918 7.30959
0.0444962 9.90625
0.0393324 7.77691
0.0384092 9.73704
0.0366279 10.1195
0.0363401 11.2616
0.0357811 7.09921
0.0339146 9.80241
0.0332619 9.0208
0.0277798 8.99332
0.0272463 8.133
0.0257162 11.0035
0.0211349 8.13411
0.0147074 9.41983
0.0127823 11.5493
0.0100568 8.41882
0.00840055 9.75361
0.00814551 9.03886
0.00755652 11.148
0.00717067 9.31536
0.00657035 7.99601
0.00631679 11.1922
0.00616153 11.0428
0.0038988 8.46981
0.00380706 7.72629
0.00372918 9.91869
0.00297436 12.2811
0.0010197 11.1611
0 0 0 0 1 
0 1 0 0 0 
0 0.29685 0 0.70315 0 
0 0 0 0 1 
0 0 1 0 0 
1 0 0 0 0 
0 0 1 0 0 
0 0 1 0 0 
1 0 0 0 0 
0 0.19115 0 0.80885 0 
0 0 0 1 0 
0 1 0 0 0 
0 1 0 0 0 
0 1 0 0 0 
0 0 0 0.508514 0.491487 
0 1 0 0 0 
0 0 1 0 0 
1 0 0 0 0 
0 0 0 0 1 
0 0 1 0 0 
0 0 1 0 0 
0 0 0 0 1 
0 0.657094 0.342906 0 0 
0.722807 0.277193 0 0 0 
0 0 0 0 1 
0 0 0 1 0 
0 0 0 0 1 
0 0 1 0 0 
0 1 0 0 0 
1 0 0 0 0 
0 0 0 1 0 
1 0 0 0 0 
1 0 0 0 0 
1 0 0 0 0 
0 0 1 0 0 
0 0 1 0 0 
0 1 0 0 0 
0 0 0 0 1 
0 0 0 1 0 
0 0 1 0 0 
0 0 0 0 1 
0 1 0 0 0 
1 0 0 0 0 
0 0 0 0 1 
0 0 0 1 0 
0 0 0 0.62805 0.37195 
0 0 1 0 0 
0 0 0 1 0 
1 0 0 0 0 
0 0 0.577107 0 0.422893 
0 1 0 0 0 
0 0 1 0 0 
0 0 1 0 0 
0 0 1 0 0 
0 0.201089 0.798911 0 0 
0 0 0 0 1 
0 1 0 0 0 
0 0 0 0 1 
0 0 0 0 1 
0 0.32976 0 0.67024 0 
0 0 0 0 1 
0 0 0 0 1 
0.452307 0 0 0 0.547693 
0 0 0 0 1 
0 1 0 0 0 
0.551562 0 0 0 0.448438 
0 0 1 0 0 
0 1 0 0 0 
0 0 0 1 0 
0 0.187199 0 0 0.812801 
0 0 0 0 1 
0 0.183545 0.816455 0 0 
0.299859 0 0.700141 0 0 
0 0 1 0 0 
1 0 0 0 0 
0 0 1 0 0 
0 0 1 0 0 
0 1 0 0 0 
0 0 0 0 1 
0 0 0 0 1 
0 0 1 0 0 
0 0 0 0 1 
1 0 0 0 0 
1 0 0 0 0 
1 0 0 0 0 
0 0 0 0 1 
0 1 0 0 0 
1 0 0 0 0 
0 1 0 0 0 
0 0 1 0 0 
0 0 0 1 0 
0 1 0 0 0 
0 1 0 0 0 
0 0 0 1 0 
0 0 1 0 0 
0.729592 0.270408 0 0 0 
0.648912 0 0.351088 0 0 
0 0.675851 0 0 0.324149 
0 0 1 0 0 
1 0 0 0 0 
0 1 0 0 0 
0 0 0 1 0 
0 1 0 0 0 
0.604746 0 0 0.395254 0 
0 1 0 0 0 
1 0 0 0 0 
0 0 0.476318 0.523682 0 
1 0 0 0 0 
1 0 0 0 0 
0 0 0 1 0 
0 1 0 0 0 
0 0 0 1 0 
1 0 0 0 0 
0 0 0 1 0 
0 0 0 1 0 
0 0.500126 0 0.420853 0.0790215 
1 0 0 0 0 
0 1 0 0 0 
0 0 0 1 0 
0 1 0 0 0 
0 0 0 0 1 
0.665394 0 0 0 0.334606 
0 0 0 0 1 
1 0 0 0 0 
0 0 0 0 1 
0.58957 0 0.41043 0 0 
0 0 0 0 1 
0 0 0 1 0 
0 0.667682 0 0 0.332318 
0 0 0 1 0 
0 1 0 0 0 
0 1 0 0 0 
0 0 0 0 1 
0 0.592508 0 0 0.407492 
0.137525 0 0 0 0.862475 
0.194115 0 0.423863 0 0.382022 
0 0 1 0 0 
0 1 0 0 0 
0.361448 0 0.638552 0 0 
0 1 0 0 0 
0 1 0 0 0 
0 0 1 0 0 
0 0 0 0 1 
1 0 0 0 0 
0 0 0 1 0 
1 0 0 0 0 
0 0 0 0 1 
0 0 1 0 0 
1 0 0 0 0 
0 0.401554 0 0.598446 0 
0 1 0 0 0 
1 0 0 0 0 
1 0 0 0 0 
0 0 0 0 1 
0 0 0 0 1 
0 0 0 0 1 
0 0 0 0 1 
0 1 0 0 0 
0 0 0 1 0 
0 0 0 1 0 
0 0 1 0 0 
0.484503 0.515497 0 0 0 
0 1 0 0 0 
1 0 0 0 0 
1 0 0 0 0 
0 0 0.328031 0.671969 0 
0 0 0 0 1 
0 0 0 0 1 
1 0 0 0 0 
0 0 0 1 0 
1 0 0 0 0 
1 0 0 0 0 
1 0 0 0 0 
1 0 0 0 0 
0 0.497282 0 0 0.502718 
1 0 0 0 0 
0 0 0 1 0 
0 0 0 1 0 
0 1 0 0 0 
0 0 0 1 0 
0 0 0 0 1 
0 0 1 0 0 
0 0 0 1 0 
0 0 0 0 1 
0 1 0 0 0 
0 0 0 1 0 
1 0 0 0 0 
0 0 0.204536 0 0.795464 
1 0 0 0 0 
0 0 0 0 1 
0 0 1 0 0 
0 1 0 0 0 
0 0 1 0 0 
0.29213 0 0.70787 0 0 
0.854271 0 0 0.145729 0 
0 0 0 0 1 
0 1 0 0 0 
0 0 1 0 0 
1 0 0 0 0 
0 0 0 1 0 
0 0 0 0 1 
0 0 0 0 1 
0.318585 0 0 0.681415 0 
1 0 0 0 0 
1 0 0 0 0 
0 0.37818 0.62182 0 0 
0 0 0 1 0 
0 0 0 1 0 
0 0 0 1 0 
0.587485 0 0 0 0.412515 
1 0 0 0 0 
0 0 0 0 1 
0 0 1 0 0 
0 0.74664 0.25336 0 0 
0 0 0 1 0 
0 0 0 0 1 
0 0 1 0 0 
0 0 0 1 0 
1 0 0 0 0 
0 0 0 0 1 
0 0 1 0 0 
0 0 1 0 0 
0 0 0 1 0 
0 0 1 0 0 
0 1 0 0 0 
0 0 0 1 0 
0 1 0 0 0 
0 0 0.260287 0.739713 0 
0 0 0 0 1 
0 1 0 0 0 
1 0 0 0 0 
0.829986 0 0 0 0.170014 
0 0 0 0 1 
0 1 0 0 0 
0 0 0.16108 0.595072 0.243848 
1 0 0 0 0 
0.478254 0.521746 0 0 0 
0.658999 0 0.341001 0 0 
0 0 0 0 1 
0 0 1 0 0 
0 0 1 0 0 
0 0 0.561674 0 0.438326 
0 0 0 1 0 
0 0 0 1 0 
0 0 0.51453 0.48547 0 
0.748356 0 0.251644 0 0 
0.517002 0 0.482998 0 0 
0 1 0 0 0 
0 0 0 0 1 
0 0 0 1 0 
0 0 0 1 0 
0 0 0.65587 0 0.34413 
0 0 1 0 0 
0 0 0 0 1 
0 0 0 0 1 
0 0 1 0 0 
0 0 1 0 0 
0 1 0 0 0 
0 1 0 0 0 
0 0 1 0 0 
0 0 0 0 1 
0 0.893546 0.106454 0 0 
0 0 0 1 0 
0 0 0 1 0 
1 0 0 0 0 
0 1 0 0 0 
0 1 0 0 0 
0 0 0 1 0 
0 0 0 1 0 
0 0 0 0 1 
1 0 0 0 0 
1 0 0 0 0 
0 0 1 0 0 
0 0 1 0 0 
0 1 0 0 0 
0 0 1 0 0 
0 0 0 1 0 
1 0 0 0 0 
0 0 1 0 0 
0 1 0 0 0 
0.436343 0 0.563657 0 0 
0 0 0.38771 0 0.61229 
0 1 0 0 0 
1 0 0 0 0 
0 0 0.81266 0 0.18734 
0 0 0 0.717335 0.282665 
0 0 1 0 0 
0 0 1 0 0 
0 1 0 0 0 
0 0 0 0 1 
0.342715 0 0 0 0.657285 
0 0 0 0 1 
0 1 0 0 0 
0 0 1 0 0 
0.545191 0 0 0.454808 0 
0.217516 0 0 0.782484 0 
0 1 0 0 0 
0 1 0 0 0 
0.638002 0 0.361998 0 0 
0 0 0 1 0 
0 0 1 0 0 
0 1 0 0 0 
0 0 1 0 0 
0 0 0 0 1 
0 0 0.5124 0.4876 0 
0 0 0.567486 0 0.432514 
1 0 0 0 0 
0 0 0 0 1 
0 1 0 0 0 
0 0 1 0 0 
0.266069 0 0 0.733931 0 
0 0 0 0 1 
0 0 1 0 0 
1 0 0 0 0 
0.16082 0 0.83918 0 0 
0 1 0 0 0 
0 1 0 0 0 
0 0 0 1 0 
0 0 1 0 0 
0 0 1 0 0 
0 0 1 0 0 
0.637028 0 0.362972 0 0 
0 0 1 0 0 
0 1 0 0 0 
1 0 0 0 0 
0 0 0 0 1 
0 0 0 0 1 
0 0 0 1 0 
0 0 0 0 1 
0 1 0 0 0 
0 0 1 0 0 
1 0 0 0 0 
0 1 0 0 0 
0 0 0 1 0 
0 0 0.694144 0.305856 0 
0 0 0 0 1 
0 1 0 0 0 
0 0 0 0 1 
0 0 0 1 0 
0 0 0 1 0 
0 0 0 0 1 
1 0 0 0 0 
1 0 0 0 0 
0.143136 0 0.856864 0 0 
0 0 1 0 0 
0 1 0 0 0 
1 0 0 0 0 
0 0 0 0.623453 0.376547 
0 1 0 0 0 
1 0 0 0 0 
1 0 0 0 0 
1 0 0 0 0 
0 0 0 1 0 
0 0.389663 0 0 0.610337 
0 0 0 0 1 
0 1 0 0 0 
0 1 0 0 0 
0 0 1 0 0 
1 0 0 0 0 
0 0 1 0 0 
1 0 0 0 0 
0.323406 0 0.0844598 0.592134 0 
0 1 0 0 0 
0 1 0 0 0 
0 1 0 0 0 
0 0 1 0 0 
0 0.637347 0 0.362653 0 
0 0 0 1 0 
0 0 1 0 0 
0 0 1 0 0 
0 0 0 0.130487 0.869513 
1 0 0 0 0 
0 0.708049 0.291951 0 0 
0 0 0 1 0 
0 1 0 0 0 
0 0 0 0 1 
0 0 0 0 1 
0 1 0 0 0 
0 0 0 0 1 
0 0 0 0.411106 0.588894 
1 0 0 0 0 
0 0 1 0 0 
0 0 0 0.380155 0.619845 
0 0.563472 0 0 0.436528 
0 1 0 0 0 
0.602183 0 0 0.397817 0 
0.478792 0 0.521208 0 0 
1 0 0 0 0 
0 0 0.474412 0.525588 0 
1 0 0 0 0 
0 0 0 0 1 
1 0 0 0 0 
0 1 0 0 0 
1 0 0 0 0 
1 0 0 0 0 
0 0 1 0 0 
0.13358 0 0 0 0.86642 
0 0 1 0 0 
0 1 0 0 0 
0 1 0 0 0 
0 0 1 0 0 
0 0 0 1 0 
0 0 0 1 0 
0 0 0 0 1 
0 0 0 1 0 
1 0 0 0 0 
0 0 0 1 0 
0 0 1 0 0 
0 0 0.56113 0.43887 0 
0 0 1 0 0 
0 0 1 0 0 
0.42579 0 0 0 0.57421 
0 0 0 0 1 
0 0 0 1 0 
0 1 0 0 0 
0 0 0 0 1 
0 0 0 0 1 
0 0 0 0 1 
0 0 1 0 0 
0 0 0 1 0 
0.568953 0 0.431047 0 0 
0 0 0 1 0 
0 0 0 0 1 
0 0 1 0 0 
0 0 0 0 1 
1 0 0 0 0 
0 0 0 0 1 
0 1 0 0 0 
0 0 0 1 0 
1 0 0 0 0 
0 0 0 0 1 
0 0 0 1 0 
0 0 0 1 0 
0 1 0 0 0 
0 1 0 0 0 
0.857702 0 0 0 0.142298 
0 0.257895 0 0.742105 0 
0 1 0 0 0 
0.842601 0 0 0 0.157399 
0 0 0 0.319544 0.680456 
0 0 0 0.511957 0.488043 
0 0 1 0 0 
1 0 0 0 0 
0 1 0 0 0 
0 0 0 1 0 
0 0 0 1 0 
0 0.672692 0.327308 0 0 
0 0 1 0 0 
0 0 0 0 1 
1 0 0 0 0 
0.66699 0 0 0.33301 0 
1 0 0 0 0 
1 0 0 0 0 
0 0 0 1 0 
0.617198 0 0.382802 0 0 
0 1 0 0 0 
0 0 1 0 0 
1 0 0 0 0 
0 0 1 0 0 
0 1 0 0 0 
0 0 0 0 1 
0 0 0.744832 0 0.255168 
0 1 0 0 0 
0 1 0 0 0 
1 0 0 0 0 
0 0 1 0 0 
0 0 0 1 0 
1 0 0 0 0 
0 0 0.530396 0 0.469604 
0.886957 0 0 0.113043 0 
0 1 0 0 0 
0 0 0.741667 0.258333 0 
1 0 0 0 0 
0 0 1 0 0 
0 0 0 0 1 
0 0 0.48318 0.51682 0 
0 0 0 0 1 
0 0 0 0 1 
1 0 0 0 0 
0 0 1 0 0 
0 0 0 1 0 
0.50017 0 0 0.49983 0 
0 0 0.320349 0.679651 0 
0 1 0 0 0 
1 0 0 0 0 
1 0 0 0 0 
0 0 0 1 0 
0 1 0 0 0 
1 0 0 0 0 
0 1 0 0 0 
0 0 1 0 0 
0 0.16308 0 0 0.83692 
0 0 0 1 0 
0 0 0 1 0 
1 0 0 0 0 
1 0 0 0 0 
0 1 0 0 0 
0 1 0 0 0 
0 1 0 0 0 
0 1 0 0 0 
