10 500
0.25321
0.729697
0.740003
0.279103
0.462317
0.471545
0.658867
0.717413
0.624932
0.448866
11.365 0.272903
11.3207 0.338153
11.107 0.29722
10.8801 0.247151
10.8486 0.704277
10.795 0.562654
10.7511 0.437967
10.7138 0.595002
10.6619 0.150143
10.6009 0.0974745
10.5499 0.784795
10.4534 0.636749
10.3927 0.500505
10.3165 0.541547
10.2617 0.208211
10.1358 0.212709
9.91492 0.164999
9.78939 1.35871
9.63784 0.117068
9.53246 1.14902
9.38522 0.38654
9.34619 0.809563
9.22098 1.52072
9.17695 1.11883
9.0959 0.151024
8.96338 1.07395
8.85962 0.438691
8.85271 0.571189
8.77576 0.55132
8.55688 0.233546
8.50986 1.26448
8.49621 1.27682
8.47681 0.856201
8.46524 1.80394
8.40606 0.441068
8.39369 0.521394
8.37302 0.422508
8.27137 0.979395
8.25638 0.830881
8.23888 1.3272
8.23534 1.36438
8.22456 1.00601
8.22079 2.12685
8.10478 1.22672
8.07904 1.15641
8.00023 2.25689
7.96594 1.0294
7.94477 1.00386
7.92727 1.48593
7.87224 1.23242
7.83473 1.87819
7.83242 1.92677
7.74791 1.23999
7.73591 2.50271
7.70497 0.161776
7.64961 1.02418
7.61986 1.99486
7.60425 1.3252
7.59868 0.81566
7.5839 2.07426
7.55373 2.68029
7.5521 1.62258
7.54055 1.67994
7.48205 0.531088
7.43082 1.2476
7.42295 1.46122
7.36143 0.38572
7.34875 0.284614
7.33631 1.00628
7.32032 1.25262
7.28199 0.27037
7.25895 0.959947
7.24179 1.29929
7.21981 0.831337
7.21813 1.86185
7.21474 0.647854
7.15077 0.94406
7.09073 1.6657
7.05606 1.323
7.02197 0.895966
6.95171 2.19194
6.92847 1.24928
6.90967 0.594651
6.84739 2.23883
6.83413 1.52901
6.81581 0.581068
6.77883 1.18791
6.77595 1.62572
6.71883 1.35796
6.70486 1.58682
6.67513 1.12854
6.66217 1.93705
6.63155 3.09632
6.59864 1.6967
6.53484 1.82471
6.52946 0.827018
6.50874 2.40031
6.37396 1.84032
6.37335 2.86102
6.36824 0.965931
6.3572 0.96638
6.32943 2.00129
6.23637 1.99011
6.21397 1.94658
6.16962 2.43121
6.1127 2.47842
6.08538 2.22761
6.07505 2.16472
6.06816 2.48135
6.05246 3.37892
5.92024 1.58056
5.90215 1.47855
5.88212 1.80655
5.87094 1.74235
5.863 2.04992
5.81423 1.88144
5.8055 2.34425
5.74839 1.20872
5.72903 2.63633
5.68597 1.75945
5.67831 1.4732
5.60583 2.81852
5.59072 3.42355
5.58928 2.93084
5.55227 2.59483
5.50285 1.64237
5.49981 1.80963
5.47169 2.36316
5.43631 3.49536
5.4167 1.46421
5.38747 2.80203
5.36728 2.12243
5.35833 1.86708
5.34469 2.96205
5.23713 1.94301
5.20204 3.46559
5.12799 2.65519
5.11119 2.31605
5.1106 3.1594
5.0537 3.06529
5.0315 2.09108
5.0074 2.68653
4.98068 4.1109
4.92118 2.77836
4.88051 2.23846
4.86649 1.81502
4.85841 2.89836
4.85697 2.30949
4.8507 3.59973
4.84644 4.34795
4.83455 2.67178
4.82203 4.0843
4.81176 3.42339
4.80699 3.55418
4.79899 2.42666
4.76753 2.99531
4.75054 3.27006
4.72866 2.40276
4.7084 3.72097
4.66373 2.5757
4.66129 3.01948
4.6359 3.06963
4.63335 2.80815
4.63039 3.49365
4.62137 4.28371
4.59492 3.0618
4.57422 3.35207
4.56099 2.83089
4.54852 3.98151
4.54304 2.68219
4.53466 2.78997
4.51942 3.69065
4.50798 3.57543
4.45155 2.65732
4.43892 3.64123
4.42541 2.30873
4.40584 3.94861
4.3724 3.92487
4.36268 3.40079
4.33396 3.05841
4.32791 2.70931
4.30958 4.20967
4.29058 4.03503
4.26829 4.49861
4.26702 2.83901
4.22973 4.12923
4.19423 3.77721
4.10875 3.10549
4.08794 4.8748
4.0224 3.51945
3.96951 2.58359
3.95603 2.36212
3.89725 3.92553
3.87787 4.10895
3.83318 4.78609
3.8126 3.31673
3.80589 4.06434
3.79704 2.75856
3.77553 3.08979
3.74727 2.66533
3.7433 3.51664
3.71444 2.40117
3.71338 3.56424
3.68666 3.57239
3.68247 3.57336
3.66012 2.72778
3.63312 4.09054
3.61295 2.86498
3.57051 3.65899
3.56104 2.48309
3.53698 5.23515
3.53311 3.91519
3.52671 4.52233
3.51279 4.25622
3.50702 4.26365
3.47376 3.88538
3.46887 3.76539
3.46806 4.62116
3.43496 4.02801
3.37919 5.4282
3.35808 4.17422
3.30728 4.92708
3.28811 3.44498
3.27237 3.85768
3.27019 3.43798
3.25396 4.33561
3.25345 4.30126
3.21828 5.8061
3.19314 4.40991
3.14977 3.66631
3.13571 4.69994
3.0962 4.29677
3.09159 3.02788
3.07401 3.74728
3.06213 5.91589
3.05739 4.83356
3.03623 5.06725
3.03504 4.51528
2.95654 3.61346
2.93759 3.85403
2.93125 4.35682
2.8883 4.00176
2.87083 5.55116
2.82403 4.96981
2.68241 4.45524
2.61523 5.92575
2.53182 5.54045
2.52694 3.41963
2.52018 4.47687
2.51541 6.21807
2.49246 4.59305
2.48143 4.63968
2.4491 3.73397
2.40798 5.99175
2.38319 4.56395
2.37017 3.84295
2.36365 6.19598
2.35413 4.90625
2.35187 6.24992
2.34177 4.49933
2.32786 5.38119
2.32614 5.13099
2.29907 5.48249
2.29037 4.93969
2.28447 5.36546
2.25743 4.65367
2.23392 5.55002
2.21429 5.14369
2.18187 5.1227
2.17818 4.24744
2.17731 5.65329
2.16721 6.81629
2.15816 4.15044
2.14128 4.92116
2.11733 6.86829
2.10369 5.49959
2.08608 6.26131
2.07836 5.37207
2.06054 4.61287
2.05195 5.8054
2.04931 3.96342
2.0099 5.31442
1.99686 5.53343
1.9828 4.14585
1.94942 4.29403
1.92352 4.18681
1.89595 5.84235
1.88425 4.56686
1.86664 5.64267
1.86187 5.43212
1.85222 4.91887
1.83011 6.62512
1.82829 6.82213
1.81674 6.19426
1.79978 6.96672
1.79736 4.90384
1.79664 5.90479
1.79216 5.43771
1.7697 5.46944
1.73724 6.5559
1.71784 5.43468
1.70856 4.99255
1.69218 5.16503
1.68792 4.23433
1.66614 6.41416
1.66345 4.68138
1.66243 4.71446
1.62618 4.85197
1.61939 5.31001
1.61025 6.79494
1.55978 4.99845
1.55387 6.43119
1.53364 6.87112
1.51139 7.48721
1.50133 5.23079
1.49935 4.95428
1.48626 5.47331
1.47724 5.2677
1.47402 5.84642
1.46776 7.76377
1.43851 5.46521
1.43616 4.92534
1.41859 5.14387
1.41039 7.15487
1.39592 5.81454
1.39255 6.08619
1.37629 5.85881
1.37137 6.41531
1.36098 7.38077
1.35634 4.68932
1.35631 6.85649
1.34232 6.00519
1.33252 6.72558
1.33238 5.74782
1.29739 4.89079
1.2959 7.27392
1.29534 7.59489
1.2491 4.94263
1.22019 6.12371
1.19801 7.4676
1.13894 5.39271
1.12988 7.61015
1.11317 6.38282
1.09132 6.88888
1.05643 6.90177
1.04491 7.92782
1.04243 7.16649
1.03347 8.75574
1.01494 7.06787
1.01306 6.1702
1.01154 8.28714
0.977538 5.43472
0.965075 6.62019
0.96279 5.74701
0.927516 8.65936
0.925766 6.05083
0.912132 8.28657
0.893769 5.83606
0.889748 5.65794
0.882539 8.91555
0.878146 6.57804
0.871005 8.80781
0.863019 5.30224
0.861283 8.37897
0.856606 5.40218
0.854813 7.40082
0.841479 6.26077
0.831557 7.99421
0.828671 7.43223
0.827134 6.93563
0.818205 5.23889
0.813637 7.09923
0.81141 5.82612
0.807817 7.48583
0.795178 6.84648
0.777399 6.25115
0.761817 6.70017
0.754738 7.20663
0.750133 9.21257
0.748457 8.50307
0.739889 7.49424
0.727287 8.53918
0.722234 7.2433
0.710912 6.68974
0.705837 8.95851
0.692865 6.37037
0.682815 5.85823
0.657194 8.41847
0.623104 9.24816
0.617759 7.5918
0.605079 8.29298
0.586885 7.44233
0.580332 8.15242
0.5736 7.76766
0.567227 6.1155
0.555923 7.45282
0.53324 6.85482
0.531847 8.31996
0.516981 8.31886
0.513889 9.60079
0.499301 9.76762
0.487875 6.49617
0.423398 7.48618
0.421689 8.1019
0.409899 8.83449
0.396348 8.22926
0.387844 10.0555
0.372968 7.93608
0.367313 7.47275
0.367036 8.3578
0.361791 7.13975
0.355578 7.12533
0.346848 10.1318
0.339623 7.21785
0.310766 6.20807
0.309646 8.60616
0.30165 6.5162
0.292986 6.55574
0.263641 10.2795
0.251545 8.89198
0.250445 7.8287
0.243228 10.1583
0.233041 8.30017
0.231066 8.97056
0.226361 8.64266
0.226311 6.81771
0.225902 8.65083
0.220613 8.12576
0.218972 6.54102
0.217259 8.9858
0.215483 9.95468
0.213922 10.0697
0.206946 10.4445
0.203462 8.81297
0.203461 10.3416
0.192346 8.62092
0.191428 9.1617
0.189747 10.1562
0.182011 9.87685
0.177288 10.3311
0.172934 9.13808
0.166557 7.11978
0.166051 8.72911
0.161316 6.80312
0.155575 8.26941
0.154608 9.74096
0.147317 9.25289
0.144537 10.5375
0.13911 9.90188
0.136295 7.96465
0.134087 10.4107
0.130954 7.27435
0.126587 9.38217
0.123404 9.62794
0.120714 7.72028
0.113652 7.1981
0.110221 7.31482
0.0981331 8.48961
0.0952335 8.79583
0.0888823 11.024
0.0864296 11.0945
0.0855126 6.83998
0.0823748 9.24284
0.0766863 7.48981
0.0740613 11.0922
0.0737134 10.3774
0.0736283 10.6945
0.0643743 9.11817
0.0604037 8.19723
0.0587076 7.06357
0.0579781 7.45727
0.0543334 10.0931
0.0509807 8.35445
0.0403436 10.3929
0.0339046 8.26892
0.033712 9.62613
0.0316436 7.65849
0.0295044 8.94614
0.0246105 9.75687
0.0237348 8.96443
0.0215671 8.49672
0.0179759 8.52214
0.0178222 7.6852
0.0164601 7.31432
0.0163264 8.4552
0.0162868 7.3773
0.0155821 9.04465
0.0153164 8.38304
0.0146857 10.2837
0.0129994 9.31404
0.0123125 8.31456
0.0119801 9.16311
0.00927293 11.4665
0.008359 7.68383
0.00735049 10.2722
0.0072772 11.9256
0.00706603 9.74756
0.00234329 8.17287
0.00104765 9.07888
0.00100965 11.2186
0 0 0 0 1 0 0 0 0 0 
0 0 1 0 0 0 0 0 0 0 
1 0 0 0 0 0 0 0 0 0 
0 0 0.410102 0 0.589898 0 0 0 0 0 
0 1 0 0 0 0 0 0 0 0 
0 0 0 0 0.573819 0 0 0.426181 0 0 
0 0 0 0 0.683637 0 0 0.316363 0 0 
0 0 0 0 0 0 0.557481 0 0.442519 0 
0 1 0 0 0 0 0 0 0 0 
0 0 0 0 0 0 0 0 0 1 
0 0 0 0 1 0 0 0 0 0 
0 1 0 0 0 0 0 0 0 0 
0 0 0 0 0 1 0 0 0 0 
0 0 0 0 0 1 0 0 0 0 
0 0 0 0 0 0 0 0 1 0 
0 0 0 0 0 1 0 0 0 0 
0 0 1 0 0 0 0 0 0 0 
0 1 0 0 0 0 0 0 0 0 
0 0 0 0 0 1 0 0 0 0 
0 1 0 0 0 0 0 0 0 0 
0 0 0 0 0 0 0 0 0 1 
0 0 0 0 0 0 1 0 0 0 
0 1 0 0 0 0 0 0 0 0 
0 0 0 0 0 0 1 0 0 0 
0 0 0 0 0 0 0 0 1 0 
0 0.628511 0 0 0 0 0 0.371489 0 0 
0 0 0 0 0 1 0 0 0 0 
0 0 0 0 0 0 0 0 1 0 
0 0 0 0 0 0 0 1 0 0 
0 0 0 1 0 0 0 0 0 0 
0 0 0 0 0 0 0 1 0 0 
1 0 0 0 0 0 0 0 0 0 
0 0 0 0 0 0 0 1 0 0 
0 0 0 0.30344 0 0 0 0 0.69656 0 
0 0 0 0 0 0 0 1 0 0 
0 0 0 0 0 0 0 0 1 0 
0 0 1 0 0 0 0 0 0 0 
0 0 0 0.528664 0 0.471336 0 0 0 0 
0 0 0 0.465026 0 0 0 0.162018 0.372956 0 
0 0 0 0 0 0 1 0 0 0 
0 0 0 0 0 1 0 0 0 0 
0.483095 0.516905 0 0 0 0 0 0 0 0 
0 0 0 1 0 0 0 0 0 0 
0 1 0 0 0 0 0 0 0 0 
0 0 0 1 0 0 0 0 0 0 
0 0 0 0 0 0 0 1 0 0 
0 0 0 0 1 0 0 0 0 0 
1 0 0 0 0 0 0 0 0 0 
0 0 0 0 0 0 0 0 0 1 
0 0 0 1 0 0 0 0 0 0 
0 0 0 0 0 0 0 0 1 0 
0 0 0 0 1 0 0 0 0 0 
0 0 0 0 0 0 1 0 0 0 
0 0 0 0 0.506129 0 0 0 0 0.493871 
0 0 0 0 0 0 0 0 1 0 
0 1 0 0 0 0 0 0 0 0 
0 0 0 0 0 1 0 0 0 0 
0 0 0 0 1 0 0 0 0 0 
0.56046 0 0 0 0 0.43954 0 0 0 0 
1 0 0 0 0 0 0 0 0 0 
0.485212 0.514789 0 0 0 0 0 0 0 0 
0 0 0 0 0 1 0 0 0 0 
0 0 0 0 0 0 1 0 0 0 
0 0 0 0 0 0 0 1 0 0 
1 0 0 0 0 0 0 0 0 0 
0 0 1 0 0 0 0 0 0 0 
0 0 1 0 0 0 0 0 0 0 
0 0 0 0 0 0 0 0 0 1 
0 0 0 0 0 1 0 0 0 0 
0 0 0 0 1 0 0 0 0 0 
0 0 0 0 0 1 0 0 0 0 
0 0 0 0 0 0 0 1 0 0 
0 0 0 0 0 0 0 1 0 0 
0 0 0 0 0 0 0.563642 0 0 0.436358 
0 0 0 0 0 0 0 0 1 0 
0 1 0 0 0 0 0 0 0 0 
0 0 0 0 0 0 0 0 1 0 
0 0 0.443442 0 0 0 0.556558 0 0 0 
0 0 0 1 0 0 0 0 0 0 
0 0 0 0 0 0 0 0 0 1 
0 0 0 0 0.726128 0 0 0 0 0.273872 
0 1 0 0 0 0 0 0 0 0 
0 0 0 0 0 0 0 0 0 1 
0 0 0 0 0 0 1 0 0 0 
0 0 0 0 1 0 0 0 0 0 
0 0 0 0 0 0 0 1 0 0 
0 0 0 0 0 0 1 0 0 0 
1 0 0 0 0 0 0 0 0 0 
0 0 0 0 0 0 0 1 0 0 
0 0.431695 0 0 0 0 0.568305 0 0 0 
0 0 0 0 0 0 0 0 0 1 
0 0 0 0 0 0 1 0 0 0 
1 0 0 0 0 0 0 0 0 0 
0 1 0 0 0 0 0 0 0 0 
0 0 0 0 0 0 1 0 0 0 
0 0 0 0 0 0 1 0 0 0 
0 0 0 1 0 0 0 0 0 0 
0 0 0 0 0 0 0 1 0 0 
0 0 0 0 0 0 0 0 0 1 
0 0 0 0 0 0 0 1 0 0 
0 0 0 0 0 1 0 0 0 0 
0.429292 0 0 0 0.570708 0 0 0 0 0 
0 0 0 0 0 0 0 0 0 1 
0 0 0 0 0 0 1 0 0 0 
0 0 0 0 1 0 0 0 0 0 
0 0 0 1 0 0 0 0 0 0 
1 0 0 0 0 0 0 0 0 0 
0 1 0 0 0 0 0 0 0 0 
0 0 0 1 0 0 0 0 0 0 
0 0 0 1 0 0 0 0 0 0 
0 0 0 0 0 1 0 0 0 0 
1 0 0 0 0 0 0 0 0 0 
0 0.292234 0 0 0 0 0 0 0 0.707766 
0 1 0 0 0 0 0 0 0 0 
0 0 1 0 0 0 0 0 0 0 
0 0 1 0 0 0 0 0 0 0 
0 0 0 1 0 0 0 0 0 0 
1 0 0 0 0 0 0 0 0 0 
0 1 0 0 0 0 0 0 0 0 
1 0 0 0 0 0 0 0 0 0 
0 0 0 0 1 0 0 0 0 0 
0 0 0 0 0 0 0 0 0 1 
0 0.751778 0 0.248222 0 0 0 0 0 0 
0 0 0 0 0 1 0 0 0 0 
0 0 0 0.469864 0 0.530136 0 0 0 0 
0 0 0 0 0 0 1 0 0 0 
0 0 0 0 0 0 0 0 0 1 
0 0 0.20564 0 0 0 0 0 0 0.79436 
0 0 0 0 0 1 0 0 0 0 
0 0 0 0 0 0 0 1 0 0 
0 0 0 0 0 0 0 0 0 1 
0 0.480252 0 0 0 0.519748 0 0 0 0 
0 0 0 0 0 0 0 1 0 0 
0 0 0 0 0 0 1 0 0 0 
0 0 0 1 0 0 0 0 0 0 
0 0 0 0 1 0 0 0 0 0 
1 0 0 0 0 0 0 0 0 0 
0 0 1 0 0 0 0 0 0 0 
0 0 0 0 0 0 1 0 0 0 
0 1 0 0 0 0 0 0 0 0 
0 0 0 0 0 0 0 1 0 0 
0 0 1 0 0 0 0 0 0 0 
0 0 0 0 0 1 0 0 0 0 
0 0 0 0 0 1 0 0 0 0 
0 0 1 0 0 0 0 0 0 0 
0 0 0 0 0 0 0 0 1 0 
0 0 0 1 0 0 0 0 0 0 
0 0 0 0 0.319761 0 0.680239 0 0 0 
1 0 0 0 0 0 0 0 0 0 
1 0 0 0 0 0 0 0 0 0 
0 0 0 0 0 0 0 0 1 0 
0.671717 0 0 0 0 0 0 0.328283 0 0 
0 0 0 0 0 0 0 0 0 1 
0.496095 0 0 0.356978 0 0 0.146927 0 0 0 
0.384677 0 0 0 0.615323 0 0 0 0 0 
0 0 0 0 0 0 0 1 0 0 
0 0 0 1 0 0 0 0 0 0 
0 0 0 0 1 0 0 0 0 0 
1 0 0 0 0 0 0 0 0 0 
0.332942 0 0 0 0 0.667058 0 0 0 0 
0 0 0 0 1 0 0 0 0 0 
0 0 0 0 1 0 0 0 0 0 
0 0 1 0 0 0 0 0 0 0 
0 0 0 0 0.602153 0 0 0 0 0.397847 
0 1 0 0 0 0 0 0 0 0 
0 0 0 0 0 1 0 0 0 0 
0 0 0 0 1 0 0 0 0 0 
0 0 0 0 0 0 0 0 1 0 
0 0 0 0 0 0 0 0 0 1 
0 0 0 0.879058 0 0 0 0 0 0.120942 
0 0 0 0 0 0 0.422691 0 0.577309 0 
0 0 0 0 0 0 0 1 0 0 
0.458768 0 0 0 0 0.541232 0 0 0 0 
0 1 0 0 0 0 0 0 0 0 
0 0 0 1 0 0 0 0 0 0 
0 0 0 0 0.544433 0 0 0 0.455567 0 
0 0 0 0 0 0 0 0 0 1 
0 0 0 0 0 1 0 0 0 0 
0 0 0 1 0 0 0 0 0 0 
0 0 0 0 1 0 0 0 0 0 
0 0 0 0 1 0 0 0 0 0 
0 0 0 1 0 0 0 0 0 0 
0 0 0.641924 0 0 0 0 0.358076 0 0 
0 0 1 0 0 0 0 0 0 0 
0 0 0 0 1 0 0 0 0 0 
0 0 0 0 0 0 1 0 0 0 
0 0 0 0 0 0 0 1 0 0 
0 0 0 0 0 1 0 0 0 0 
0 0 0 0 0 0 0 1 0 0 
0 0 0 0 0 0 0 0 0 1 
0 0 0 0 0 0 0 0 1 0 
0 0 0.336742 0 0 0 0 0 0.663258 0 
0 1 0 0 0 0 0 0 0 0 
1 0 0 0 0 0 0 0 0 0 
0 0 0 0 0 0 0 0 0 1 
0 0 0 0 0 0 0 0 1 0 
0 0 0 0 0 1 0 0 0 0 
0 0 1 0 0 0 0 0 0 0 
0 0 0.625371 0 0.374629 0 0 0 0 0 
0 0 0 0 0 0 0 0 0 1 
0 0 0 0 0 1 0 0 0 0 
0 0 1 0 0 0 0 0 0 0 
0 0.451301 0.548699 0 0 0 0 0 0 0 
0 0 0 0 0 0 1 0 0 0 
0 0 0 0 1 0 0 0 0 0 
0 0 0 0 0 0 0 0 0 1 
0 0 0 1 0 0 0 0 0 0 
1 0 0 0 0 0 0 0 0 0 
0 0 1 0 0 0 0 0 0 0 
0 0 0 0 0 0 0 0 0 1 
0 0 0 0 0 1 0 0 0 0 
0 0 0 0 0 1 0 0 0 0 
0 1 0 0 0 0 0 0 0 0 
0.46665 0 0 0.53335 0 0 0 0 0 0 
0 0 1 0 0 0 0 0 0 0 
0 0 0 0 0 1 0 0 0 0 
0.552171 0 0.0786783 0.36915 0 0 0 0 0 0 
0 1 0 0 0 0 0 0 0 0 
0 0 0 0 0 0 1 0 0 0 
1 0 0 0 0 0 0 0 0 0 
0.817676 0 0.182324 0 0 0 0 0 0 0 
0 0 0 1 0 0 0 0 0 0 
0 0 0 0 0 0 0 0 1 0 
1 0 0 0 0 0 0 0 0 0 
0 0 0 1 0 0 0 0 0 0 
0 0 0.606231 0 0 0.393769 0 0 0 0 
0 0 0 0 0 0 0 0 1 0 
0 0 0 0 0 0 0 0 0 1 
0 0 0 0 0 1 0 0 0 0 
0 0 0 0 0 0 1 0 0 0 
0.742919 0 0 0 0 0 0.257081 0 0 0 
0 0 0 0 0 0 1 0 0 0 
1 0 0 0 0 0 0 0 0 0 
0 0 0 0 0 0 0 0 1 0 
0 0 0.377231 0 0.622769 0 0 0 0 0 
0 0 0 0 0 0 0 0 1 0 
0 0 0 0 0 0 0 0 0 1 
0 0 1 0 0 0 0 0 0 0 
0 0 0 0 1 0 0 0 0 0 
0 0 0 0 0 0 0 0 0 1 
0 0 0 0.651221 0 0 0.348779 0 0 0 
0 0 0 0 0 0 0 1 0 0 
0 0 0 0 0 0 0 0 0 1 
0 1 0 0 0 0 0 0 0 0 
0 0 0 0 0 0 0 0 0 1 
0 0 0 0.528815 0 0 0 0 0.471185 0 
1 0 0 0 0 0 0 0 0 0 
0 0 0 1 0 0 0 0 0 0 
0 0.753259 0 0 0 0 0 0.246741 0 0 
0 0 0 0 0 0 0 0 1 0 
0 1 0 0 0 0 0 0 0 0 
0 0 0 0 0 0 0 0 1 0 
0 0 0 0 0 0 0 0 1 0 
1 0 0 0 0 0 0 0 0 0 
0 0 0 1 0 0 0 0 0 0 
0 1 0 0 0 0 0 0 0 0 
0 1 0 0 0 0 0 0 0 0 
0 0 0 0 0 0 0 0 1 0 
0 0 0 0 0 1 0 0 0 0 
0 0 0 0 0 0 0 1 0 0 
0 0 0 0 0 0 0 0 1 0 
0 1 0 0 0 0 0 0 0 0 
1 0 0 0 0 0 0 0 0 0 
1 0 0 0 0 0 0 0 0 0 
0 0 0 0 0 0.520806 0.479194 0 0 0 
0 0 0 0 0 0 0 0 0 1 
0 0 0 0 0 1 0 0 0 0 
1 0 0 0 0 0 0 0 0 0 
0 0 0 0 0 0 0 0 1 0 
0 0 0 0 0 0 0 1 0 0 
0 0 0 0 0 0 0 0 0 1 
0 0 0 0 0 0 0 0 0 1 
0 0 0.395532 0 0 0 0 0.604468 0 0 
0 0 1 0 0 0 0 0 0 0 
0 0 0 0 0.890364 0 0 0 0.109636 0 
0 0 0 0 0 0.431357 0 0 0.568643 0 
0 1 0 0 0 0 0 0 0 0 
0 0 0 0 0 0 0 1 0 0 
0 0 0 1 0 0 0 0 0 0 
0 0 0 0 0 0 0 0 0 1 
0 0 0.489402 0 0 0.510598 0 0 0 0 
0 0 0 0 0 0 0 0 0 1 
0 0 0 0 0 0 1 0 0 0 
0 0 0 0 0 1 0 0 0 0 
0 0 0 0 0 0 0 0 0 1 
0 0.512068 0 0 0 0 0 0.487932 0 0 
0 1 0 0 0 0 0 0 0 0 
0.777368 0 0 0 0 0 0 0.222632 0 0 
0 0 0 0 1 0 0 0 0 0 
0 0 1 0 0 0 0 0 0 0 
0 0 0 0.208942 0.791058 0 0 0 0 0 
0 1 0 0 0 0 0 0 0 0 
0 0 0.483934 0 0 0 0 0 0 0.516066 
0 0 0 0 0 0.403711 0 0 0 0.596289 
0 0 0 0 0 1 0 0 0 0 
0 0 0 1 0 0 0 0 0 0 
0 0 0 0 1 0 0 0 0 0 
0 0 0 1 0 0 0 0 0 0 
0 0 1 0 0 0 0 0 0 0 
0 0 0 0 0 0 0 1 0 0 
1 0 0 0 0 0 0 0 0 0 
1 0 0 0 0 0 0 0 0 0 
0 1 0 0 0 0 0 0 0 0 
0 1 0 0 0 0 0 0 0 0 
0 0 0 0.310718 0 0 0.689282 0 0 0 
0 0 0 0 0 0 0 0 0 1 
0 0 0 1 0 0 0 0 0 0 
1 0 0 0 0 0 0 0 0 0 
0 0 0 0 0 0 0 0 0 1 
0 0 0 0 0 0 0.580358 0 0.419642 0 
0 0 1 0 0 0 0 0 0 0 
0 0 0 0 0 0 1 0 0 0 
0 0 0 1 0 0 0 0 0 0 
0 0 0 0 0 0 0 0 1 0 
0 0 0 0 0 0 0 0 1 0 
0 0 0 0 0 0 1 0 0 0 
0.686954 0 0 0 0 0 0 0 0.313046 0 
0 1 0 0 0 0 0 0 0 0 
0 0 0 0 0 0 0 1 0 0 
0 0 0 0 0 0 0 1 0 0 
0 0 0 0 0 0 0.354331 0.163292 0 0.482377 
0 0 0 0 0 0 0 0 1 0 
0 0 0 0 0 0 0 1 0 0 
0 0 0 0.354883 0 0 0.296428 0.348689 0 0 
0 0 0 0 0 1 0 0 0 0 
0 0 1 0 0 0 0 0 0 0 
0 1 0 0 0 0 0 0 0 0 
0 0 0 0 0 1 0 0 0 0 
0.465513 0 0 0 0 0 0 0 0 0.534487 
0.465782 0 0 0 0 0 0 0 0.534218 0 
0 0 0 0 0 0 0 0 0 1 
0 0 0 0 0 0 0 0 1 0 
0.288336 0.331153 0 0 0.380512 0 0 0 0 0 
0 1 0 0 0 0 0 0 0 0 
0 0 1 0 0 0 0 0 0 0 
0 0 0 0 1 0 0 0 0 0 
0 0 0 0 0 0 1 0 0 0 
1 0 0 0 0 0 0 0 0 0 
1 0 0 0 0 0 0 0 0 0 
0 0.577684 0 0 0 0 0 0 0.422316 0 
0 0 0 0 1 0 0 0 0 0 
0 0 0 0 1 0 0 0 0 0 
0 0 0 0 1 0 0 0 0 0 
1 0 0 0 0 0 0 0 0 0 
0 0 0 1 0 0 0 0 0 0 
0 0 0.33271 0 0 0 0 0.66729 0 0 
0 0 0 0 0 0 0 0 0 1 
0 0 0 1 0 0 0 0 0 0 
1 0 0 0 0 0 0 0 0 0 
0 0 0 0 0 0 1 0 0 0 
0 0 0 0 1 0 0 0 0 0 
0 0 0.655546 0 0 0 0 0 0 0.344454 
0 0 1 0 0 0 0 0 0 0 
0 0 0 0 0 1 0 0 0 0 
0 0 0 0 0.458595 0 0 0.541405 0 0 
1 0 0 0 0 0 0 0 0 0 
0 0 1 0 0 0 0 0 0 0 
0 0 0 0 0 0 0 1 0 0 
0 0 0 1 0 0 0 0 0 0 
1 0 0 0 0 0 0 0 0 0 
0.718625 0 0 0.281375 0 0 0 0 0 0 
1 0 0 0 0 0 0 0 0 0 
0 0 1 0 0 0 0 0 0 0 
0 0 0 1 0 0 0 0 0 0 
0 0 0 0 0 0 0 0 1 0 
0 0 0 0 0 0.378875 0.621125 0 0 0 
0 0 0 0 0 0 0 0 0 1 
0 0 0 0 1 0 0 0 0 0 
0 1 0 0 0 0 0 0 0 0 
0 0 0 0 0 1 0 0 0 0 
0 0 0 0 0 0 0 0 1 0 
0.373181 0 0 0.626819 0 0 0 0 0 0 
0.619289 0 0 0 0 0.169237 0 0 0.211474 0 
0 0 0 0 0 0 0 1 0 0 
0.318643 0 0 0 0 0 0 0.681357 0 0 
1 0 0 0 0 0 0 0 0 0 
1 0 0 0 0 0 0 0 0 0 
0 0 0 0 0 0 1 0 0 0 
0 0 0 0 1 0 0 0 0 0 
0 0 0 0 0 1 0 0 0 0 
0 0 0 0 0 0 0 0 0 1 
0 0 0 0 0 0 0.577161 0.422839 0 0 
0.387032 0 0 0 0 0 0.612968 0 0 0 
0 0.48067 0 0 0 0 0 0 0.51933 0 
0 0 1 0 0 0 0 0 0 0 
1 0 0 0 0 0 0 0 0 0 
0 0 1 0 0 0 0 0 0 0 
0 1 0 0 0 0 0 0 0 0 
0 0 0 0 0 0 0 0 0 1 
0 0 0 0 0 0 0 1 0 0 
0 0 0 0 0 0.450599 0.549401 0 0 0 
0 0 0 0 0.84301 0 0 0 0 0.15699 
0 0 0 0 0 0 0 0 0 1 
0 0 0 0 0 0 0 0 0 1 
1 0 0 0 0 0 0 0 0 0 
0 0 0 0 0 0 1 0 0 0 
0 0 0 0 0.490722 0 0.509278 0 0 0 
0 0 0 0 0 0 0 0 1 0 
0 0 0 0 1 0 0 0 0 0 
0 0 0 0 0 0 0 0 1 0 
0 0 0 0 0 0 1 0 0 0 
0 0 0 0 0 0 0 1 0 0 
0.528815 0 0 0 0 0 0 0 0.471185 0 
0 0 1 0 0 0 0 0 0 0 
0 0 0 0 0 0 0 1 0 0 
0 0 0 0 0 0 0 1 0 0 
0 0 0 0 0 0 0 1 0 0 
0.650841 0 0 0 0 0.349159 0 0 0 0 
0 1 0 0 0 0 0 0 0 0 
1 0 0 0 0 0 0 0 0 0 
0 0 0 0 0 1 0 0 0 0 
0 1 0 0 0 0 0 0 0 0 
0 0 0 0 0 0 0 0 0 1 
0 0 0 0 0 0 0 0 1 0 
0 0 0 0 0 0 0 0 0 1 
1 0 0 0 0 0 0 0 0 0 
0 0 0 0 0 0 0 1 0 0 
0 0 0.327858 0 0 0.672142 0 0 0 0 
0 0 0 0 0 0 1 0 0 0 
0 0 0 0 0 0 0 0 1 0 
0.563635 0 0 0 0 0 0 0.436365 0 0 
0 0 0 0 0 0 0 0 1 0 
0 0 0 0 0 0 0 1 0 0 
0 0 1 0 0 0 0 0 0 0 
0 0 0 0 0 0 0 0 0 1 
0 1 0 0 0 0 0 0 0 0 
0 0 0 0 0 0 0 0 1 0 
0 0 0 0 0 0 1 0 0 0 
0 0 0 1 0 0 0 0 0 0 
0 0 1 0 0 0 0 0 0 0 
0 0 1 0 0 0 0 0 0 0 
0 0 0 0 0 0 0 0 0 1 
0 0 0 0 0 0 0 0 0 1 
0 0 0 0 0 0 0 0 1 0 
0 0 1 0 0 0 0 0 0 0 
0.424393 0 0.575607 0 0 0 0 0 0 0 
0 0 0 1 0 0 0 0 0 0 
0 0 0 0 0 1 0 0 0 0 
0 0 0 0 0 0 0 1 0 0 
0 0 0 0 0 0 0 0 0 1 
0.223454 0 0.776546 0 0 0 0 0 0 0 
0 1 0 0 0 0 0 0 0 0 
0 0 0 0 1 0 0 0 0 0 
0.121448 0 0 0 0 0 0 0.512061 0 0.366491 
0 0 0.850598 0.149402 0 0 0 0 0 0 
0 1 0 0 0 0 0 0 0 0 
0.685298 0 0.314702 0 0 0 0 0 0 0 
0 0 0 0 0 0 1 0 0 0 
0 0 0 0 0 1 0 0 0 0 
0 0 0 0 0 0 0 0 1 0 
0 1 0 0 0 0 0 0 0 0 
0 0 0 0 0.609518 0 0 0 0.390482 0 
0 0 0 0 0 0 1 0 0 0 
0 0 0 0 0 0.509483 0 0.490517 0 0 
0 0 1 0 0 0 0 0 0 0 
0 1 0 0 0 0 0 0 0 0 
0 0 0 0 0 0 1 0 0 0 
0 0 1 0 0 0 0 0 0 0 
0.174378 0 0 0 0 0 0.825622 0 0 0 
1 0 0 0 0 0 0 0 0 0 
1 0 0 0 0 0 0 0 0 0 
0 0 0 0 0 0.622306 0 0 0 0.377694 
0 0 1 0 0 0 0 0 0 0 
0 0 0.191194 0 0 0.808806 0 0 0 0 
1 0 0 0 0 0 0 0 0 0 
0 0 0 0 0 0 1 0 0 0 
0 1 0 0 0 0 0 0 0 0 
0 0 0 0 0 0 1 0 0 0 
1 0 0 0 0 0 0 0 0 0 
0 0 1 0 0 0 0 0 0 0 
0 0 0 0 0 0 0 1 0 0 
0 0 0 0 0 0 1 0 0 0 
0 0 0 0 0 0 1 0 0 0 
0 0 0 0 0 1 0 0 0 0 
1 0 0 0 0 0 0 0 0 0 
0 1 0 0 0 0 0 0 0 0 
0 0 0 0 0 0 0 0 1 0 
0 0 0 0 1 0 0 0 0 0 
0 0 0 0 0 0 0 1 0 0 
0 0 0 0 0 0 0 0 0 1 
0 0 0 1 0 0 0 0 0 0 
0 0 0 0 0 0 0 0 0 1 
0 0 1 0 0 0 0 0 0 0 
0 0 0 1 0 0 0 0 0 0 
0 0 0 0 0 0 0 0 1 0 
0 0 0 0 0 1 0 0 0 0 
1 0 0 0 0 0 0 0 0 0 
1 0 0 0 0 0 0 0 0 0 
0 1 0 0 0 0 0 0 0 0 
0 0 0 1 0 0 0 0 0 0 
0 0 0 1 0 0 0 0 0 0 
0 0 0 1 0 0 0 0 0 0 
0 0 0 0 0 0 1 0 0 0 
0 0 1 0 0 0 0 0 0 0 
0 0 0 0 0 0 0 0 1 0 
1 0 0 0 0 0 0 0 0 0 
0 0 0 0 0 0 0 0 1 0 
0 0 0 0 0 0 0 1 0 0 
0 0 0 0 0 0 1 0 0 0 
0 0 0 1 0 0 0 0 0 0 
