5 50
0.297249
0.3548
0.736282
0.597833
0.688844
11.1044 0.123492
10.8341 0.625104
9.74549 0.869769
9.34935 0.666428
9.28977 0.560573
8.54517 0.92926
7.17391 1.29417
6.91013 0.794928
6.87438 1.31723
6.62442 0.92861
6.52637 2.52357
6.03726 1.67904
5.91325 1.60464
5.89118 1.68139
5.80094 1.60653
5.64784 1.6978
5.5592 1.95579
5.45555 2.4765
4.73306 1.87852
4.65923 3.00498
4.41661 4.2113
4.18577 3.22734
3.68225 2.36244
3.43127 4.75375
3.24643 5.13602
3.19294 4.34501
2.57017 4.4355
2.19703 3.78025
2.10661 5.2874
2.05907 4.54039
1.73396 4.52141
1.54596 5.33275
1.53625 4.50573
1.39907 6.87609
1.33147 5.72399
1.21337 7.54824
1.16625 5.962
0.781998 6.23606
0.614551 6.91309
0.597034 7.52342
0.590176 7.26607
0.19584 7.11127
0.190921 6.44282
0.154777 7.15434
0.119006 10.3413
0.0534243 11.032
0.034867 11.0369
0.0204441 7.57237
0.0171337 9.64056
0.00373153 11.8031
0 0 0 0 1 
0 0 1 0 0 
0 0 0 0 1 
0 0 0 1 0 
0 1 0 0 0 
0 1 0 0 0 
0 0 0 0 1 
0 0 0 1 0 
1 0 0 0 0 
0 0 0 1 0 
0 0 0 1 0 
0 0 0.630175 0.257747 0.112078 
0 0 0.4857 0.5143 0 
0 0 0 0 1 
0 0 0.722876 0.277124 0 
0 1 0 0 0 
0 0 1 0 0 
0 0 0 1 0 
0 1 0 0 0 
0 0 0 1 0 
0.775165 0.224835 0 0 0 
0 1 0 0 0 
0 1 0 0 0 
1 0 0 0 0 
0 0 0 1 0 
0.488452 0 0.511548 0 0 
0 1 0 0 0 
0 0.614847 0.385153 0 0 
0 0 0 1 0 
0 1 0 0 0 
0.827941 0 0.172059 0 0 
0 0 0.682029 0.317971 0 
0 0 1 0 0 
0 0 0 0 1 
0 0 0 1 0 
0.519137 0.480863 0 0 0 
0 0 0 0 1 
0 1 0 0 0 
0 0 1 0 0 
0 0 0 1 0 
0 0 0 0 1 
0 0 0 1 0 
0 0 0 0 1 
0 0 0 0 1 
0 1 0 0 0 
0 0 0 0 1 
1 0 0 0 0 
0 0 0 0 1 
0 0 0 1 0 
0 1 0 0 0 
