10 100
0.297982
0.433267
0.278307
0.726711
0.746112
0.350407
0.265932
0.377318
0.511302
0.620444
10.3682 0.563129
9.74581 0.116121
9.69955 1.36808
9.34464 0.660207
8.27706 0.348888
7.85214 1.9387
7.45739 0.508152
7.40958 1.78343
7.40097 1.11646
7.33371 1.28169
7.29684 0.710157
7.2333 1.96604
6.72823 1.19344
6.61742 1.5274
6.40995 0.75597
6.27544 2.42068
6.13416 1.40881
6.01142 1.78023
5.94236 2.71607
5.80055 1.69325
5.59735 2.053
5.4409 3.27325
5.42373 2.89099
5.27589 2.29167
5.15178 3.23226
4.82238 2.42661
4.76557 4.34023
4.65047 3.89062
4.56841 3.54574
4.4388 4.9542
4.42192 3.06316
4.30803 3.08207
4.01523 4.20406
3.9672 3.32749
3.77053 3.99331
3.74352 3.06396
3.66488 3.92852
3.59377 3.83732
3.57571 4.6377
3.538 3.37927
3.41384 3.79664
3.35111 3.8594
3.2303 4.91296
3.21541 4.12639
3.19082 4.9369
3.15534 3.73526
3.14264 4.29366
3.12909 3.35281
2.82158 6.00006
2.81905 5.78817
2.81634 5.61425
2.72621 5.37423
2.70492 4.89047
2.66136 3.8909
2.51785 3.75108
2.43811 5.25733
2.37838 4.59832
2.28161 5.62902
2.09643 5.16087
1.99662 5.24519
1.98063 4.16071
1.92889 5.90759
1.92326 4.71933
1.8958 5.86574
1.78865 5.76993
1.7867 5.09573
1.39462 7.1262
1.32487 5.86789
1.31176 6.42831
1.30302 4.46977
1.17334 5.85533
1.12086 7.97137
1.08567 6.71671
1.07484 7.363
0.91058 7.28182
0.867041 7.51278
0.810395 8.29257
0.748361 7.47806
0.734275 6.54373
0.696856 6.30897
0.616034 6.76846
0.37155 8.41507
0.371145 8.86685
0.328855 9.13773
0.274552 6.94441
0.225072 10.3586
0.176086 7.17601
0.17404 7.75235
0.169438 9.01741
0.156418 10.7131
0.14055 10.4987
0.136017 10.5176
0.133819 8.68282
0.0528185 9.29694
0.0525691 7.87879
0.03266 7.98387
0.0275963 8.59918
0.0244874 7.71518
0.0153082 9.83336
0.00391513 9.45984
0.119868 0 0 0 0 0.880132 0 0 0 0 
0 0 0 1 0 0 0 0 0 0 
0 0 0 0 0 0 0 1 0 0 
0 0 0 0.823161 0 0 0 0 0 0.176839 
0 0 0 0 0 0 1 0 0 0 
0 0 0.727424 0.272576 0 0 0 0 0 0 
0 0.248245 0.751755 0 0 0 0 0 0 0 
0 0 1 0 0 0 0 0 0 0 
0 0 0 0 0 0 1 0 0 0 
0 0 0 1 0 0 0 0 0 0 
0 0.793079 0 0.206921 0 0 0 0 0 0 
0 0 0 0 0.43137 0 0 0 0.56863 0 
0 0 0 0 0 0 0 0 1 0 
0 0 0 0 0 1 0 0 0 0 
1 0 0 0 0 0 0 0 0 0 
0 0 0 0 0 0 0 1 0 0 
0 1 0 0 0 0 0 0 0 0 
0 0 0 0 0.806182 0 0 0 0.193818 0 
0 0 0 1 0 0 0 0 0 0 
1 0 0 0 0 0 0 0 0 0 
0 1 0 0 0 0 0 0 0 0 
0 0.322493 0.677507 0 0 0 0 0 0 0 
0 0 0 0 0 0 0 0 1 0 
0 0 0 0 0 1 0 0 0 0 
0 0 0 0 0.199213 0 0.800788 0 0 0 
0 0 0 0 0 0 1 0 0 0 
0 0 0 0 0 0 0 0 0 1 
0 0 0 0 0 0 0 1 0 0 
0 0 0 0 0 0 0 1 0 0 
0 1 0 0 0 0 0 0 0 0 
0 0 0 0 0.492828 0 0 0.507172 0 0 
0 0 0 0 0.534087 0 0 0 0 0.465913 
0.551426 0 0 0.448574 0 0 0 0 0 0 
0 0 0 0 0 1 0 0 0 0 
0 0 1 0 0 0 0 0 0 0 
0 0 0 0 0.313068 0 0 0 0.686932 0 
0 0 0 0 0 0 0 0 0 1 
0 0 0 0 0 0 0 1 0 0 
1 0 0 0 0 0 0 0 0 0 
0 0 0 1 0 0 0 0 0 0 
0 0 1 0 0 0 0 0 0 0 
0 0 0 0 0 0 0 1 0 0 
0 0 0 0 1 0 0 0 0 0 
1 0 0 0 0 0 0 0 0 0 
0 0 0 0 0 0 1 0 0 0 
1 0 0 0 0 0 0 0 0 0 
0 1 0 0 0 0 0 0 0 0 
0 0 0 0 0 0 0 1 0 0 
0 0 0 1 0 0 0 0 0 0 
0 0 0 0 0 1 0 0 0 0 
0 0 0 0 0 0 0 0 0 1 
0 0 0 0 0 0 0 0 0 1 
0 0 0 0 0 0 1 0 0 0 
0 0 0.430098 0 0 0 0 0.569902 0 0 
1 0 0 0 0 0 0 0 0 0 
0 0 0 1 0 0 0 0 0 0 
1 0 0 0 0 0 0 0 0 0 
0 0 0 0 0 1 0 0 0 0 
0 0 0 0 0 1 0 0 0 0 
0 0 0 0 0 0 0 0 1 0 
0 0 0 0 0 0 0 0 1 0 
0 0 0 1 0 0 0 0 0 0 
0 0 0 0 1 0 0 0 0 0 
0 1 0 0 0 0 0 0 0 0 
0 0 0 0 0 1 0 0 0 0 
0 0 0 1 0 0 0 0 0 0 
0 0 0 0 0 0 0 1 0 0 
0 0 0 0 1 0 0 0 0 0 
0 0 0 0 0 0 0 0 0 1 
1 0 0 0 0 0 0 0 0 0 
0 0 0 1 0 0 0 0 0 0 
0 0 0 1 0 0 0 0 0 0 
0 0 0 0 0 1 0 0 0 0 
1 0 0 0 0 0 0 0 0 0 
0 0 0 0 0 1 0 0 0 0 
0 0 0 1 0 0 0 0 0 0 
0 0.430623 0 0 0 0 0 0 0.569377 0 
0 0 0 1 0 0 0 0 0 0 
0 0 0 0 0 0 0 0 1 0 
0 0 0 0 0 0 0 0 0 1 
0 0 0 1 0 0 0 0 0 0 
0 0 0 0 0 0 0.716861 0 0.283139 0 
0 0 0 0 0 1 0 0 0 0 
0 0 0 0 0.569782 0.430218 0 0 0 0 
0 0 0 0 0 0 1 0 0 0 
0 0 0 0 0 1 0 0 0 0 
1 0 0 0 0 0 0 0 0 0 
0 0 0 0 0 1 0 0 0 0 
0 0 0 0 0 0 0 1 0 0 
0 0 0 0 0 0 0 0 1 0 
0 0 0 0 1 0 0 0 0 0 
0 0 0 0 0 0 0 0.544766 0.455234 0 
0 0 0 0 0 0 0 0 0 1 
0 0 0 0 0 0 1 0 0 0 
0 0 0 0 0 0 1 0 0 0 
0 0 0.496279 0 0 0 0 0 0.503721 0 
0 0 0 0 0 0 0 0 1 0 
0 1 0 0 0 0 0 0 0 0 
0 0 0 0 0 1 0 0 0 0 
0 0.588375 0 0 0 0 0 0 0 0.411625 
