5 25
0.518198
0.606921
0.462809
0.673624
0.589244
9.95511 0.804129
9.06294 0.472643
7.8757 0.733782
7.34074 0.141354
4.34755 3.60227
3.83466 3.41615
3.72228 4.01661
3.21847 3.89677
2.83031 4.61681
2.65031 5.55555
2.28822 4.64042
1.91274 5.27225
1.88229 3.92815
1.75975 6.69517
1.50867 5.64228
1.37278 5.65872
1.3547 7.89022
1.03229 7.33209
0.906744 5.98893
0.865638 5.52738
0.650094 9.33558
0.645111 7.33125
0.538703 5.98457
0.167726 7.55291
0.0388144 10.5237
1 0 0 0 0 
0 1 0 0 0 
0 0 1 0 0 
1 0 0 0 0 
1 0 0 0 0 
0 1 0 0 0 
1 0 0 0 0 
0 0 0 0 1 
0 1 0 0 0 
1 0 0 0 0 
1 0 0 0 0 
0 0.181498 0.323518 0.494983 0 
0 0 0 0.505248 0.494752 
0 0.472285 0.527715 0 0 
0 1 0 0 0 
0 0 0 0 1 
0 0 0 0 1 
1 0 0 0 0 
0 0 0 0 1 
1 0 0 0 0 
1 0 0 0 0 
0 0.68806 0.31194 0 0 
1 0 0 0 0 
0 0 0 0 1 
0 0 1 0 0 
