10 25
0.74915
0.60028
0.689855
0.457167
0.363614
0.701958
0.402732
0.714319
0.427194
0.36125
11.5252 0.408307
11.1515 0.342907
9.42324 1.12168
8.69056 0.600047
8.45593 0.762523
8.17672 1.18649
7.721 0.659722
7.47562 1.67844
6.71045 1.17424
6.7071 1.12128
4.24353 3.88817
4.08332 4.29902
3.37305 3.39787
3.21393 4.41378
2.9107 4.28394
2.09257 5.25594
1.56104 6.66196
1.44282 5.08195
1.10731 7.27483
1.06077 6.62917
0.788038 6.3458
0.686195 8.20352
0.634807 8.32541
0.340619 6.57328
0.158514 9.97489
1 0 0 0 0 0 0 0 0 0 
0 1 0 0 0 0 0 0 0 0 
0 1 0 0 0 0 0 0 0 0 
0 0 1 0 0 0 0 0 0 0 
0 0 0 0 1 0 0 0 0 0 
0 0 0 0 0 0 1 0 0 0 
0 0.16707 0 0 0 0 0.83293 0 0 0 
0 0 0 0 0 0 0 0 0 1 
0 0 0 0 0 0 0 0 1 0 
0 0 0 0 0 0 0 0 0 1 
0 1 0 0 0 0 0 0 0 0 
0 0 0 0 0.497502 0 0 0.502498 0 0 
0 0 0 0 0 0 0 0 1 0 
0 0 1 0 0 0 0 0 0 0 
0 0 0 0 1 0 0 0 0 0 
0 0 0 0 0 0 0 0 0 1 
0 0 0 1 0 0 0 0 0 0 
1 0 0 0 0 0 0 0 0 0 
0 0 0 1 0 0 0 0 0 0 
0 0 0.658719 0 0.164743 0 0 0 0 0.176538 
0 1 0 0 0 0 0 0 0 0 
0 0 0 0 0 0 0 0 1 0 
0 0 0 0 0 0 0 1 0 0 
0 0 1 0 0 0 0 0 0 0 
0 0 0 0 0 0 0.667329 0 0.332671 0 
