10 150
0.407153
0.605987
0.420663
0.274418
0.485664
0.329918
0.536927
0.371725
0.387441
0.559485
11.5304 0.218582
11.4579 0.194586
11.3752 0.476571
11.2617 0.148196
11.1461 0.155229
10.8591 0.395816
10.7358 0.455291
10.4778 0.597821
9.63554 0.961789
8.87639 0.556896
8.58507 0.171052
8.57317 1.14205
8.29611 1.02652
8.26559 0.364155
7.8438 1.40069
7.81564 0.849875
7.35755 2.17187
7.30258 1.22363
7.15454 1.13517
6.94428 0.914911
6.93288 2.67308
6.9268 0.598542
6.88526 1.57922
6.80536 1.51701
6.38768 1.37409
6.19298 2.32328
6.03819 2.63049
6.00269 1.39271
5.9007 2.40653
5.7285 1.80874
5.68086 2.6709
5.63216 3.49243
5.49905 3.28426
5.47169 3.46823
5.36316 3.43597
5.25785 2.25419
5.2096 2.06346
5.19828 2.32946
5.10117 2.49239
5.0512 3.78009
4.95654 1.49374
4.95189 2.68731
4.91946 2.86117
4.82851 3.83014
4.66365 2.14732
4.51258 2.28399
4.42775 2.63471
4.37653 3.96721
4.32314 4.82274
4.21207 3.16089
4.06424 5.04062
4.03544 3.34276
3.65814 4.59166
3.61158 4.49068
3.53089 4.56017
3.49455 3.34454
3.47023 4.65452
3.41042 3.98703
3.37557 4.72662
3.33108 3.45527
3.21216 5.92103
3.20503 3.50545
3.07925 3.46941
3.02307 3.56478
3.00511 5.41044
2.99202 5.76235
2.96593 4.83707
2.95921 4.21611
2.83501 4.83542
2.82795 5.64155
2.78476 3.69117
2.69002 4.79475
2.63051 4.79604
2.61754 3.75882
2.61366 4.5925
2.56568 4.78059
2.35634 6.47026
2.27799 5.58103
2.21562 4.3546
2.17563 3.92476
2.17319 5.65281
2.13219 6.42742
1.99886 4.80597
1.98604 5.86883
1.90112 4.22057
1.80451 4.52642
1.80369 5.79138
1.76996 5.07859
1.71067 6.7046
1.67271 6.45031
1.66355 4.44952
1.60311 6.84373
1.53715 5.76156
1.53436 5.10172
1.48642 7.22552
1.46423 5.30286
1.39645 5.27508
1.37366 6.2528
1.25364 7.5992
1.21235 5.10852
1.14766 6.7407
1.12337 7.34992
1.11779 5.93752
0.896691 7.6782
0.872348 6.35102
0.852499 5.66423
0.846233 6.64937
0.737091 6.69089
0.730453 6.30587
0.685067 8.67498
0.601586 8.78491
0.594975 6.91882
0.588646 6.98142
0.578082 8.41577
0.574913 7.54948
0.536319 8.98456
0.50618 6.1989
0.439244 6.2922
0.386291 8.68878
0.376703 6.4317
0.338394 6.59415
0.336383 7.88582
0.332296 9.21517
0.309863 6.99776
0.300836 8.60394
0.293169 6.68562
0.214137 10.6943
0.167426 7.9136
0.166152 8.63531
0.164465 8.38672
0.136553 8.58422
0.135416 7.06107
0.114266 9.35215
0.110974 9.73818
0.105928 7.01007
0.0901047 9.0115
0.0885326 7.5189
0.0819452 7.43929
0.0751097 9.67115
0.0697055 7.27451
0.0687423 11.3219
0.0660143 9.19624
0.0456522 11.157
0.0400037 11.4871
0.0288979 7.45557
0.0234452 8.80683
0.0116806 10.0777
0.010572 9.3887
0.00120456 8.63422
0.00119905 9.52636
0 0.463267 0 0 0 0 0 0 0 0.536733 
1 0 0 0 0 0 0 0 0 0 
0 0 0 0 0 0 0 0 1 0 
0 0 0 0 0 1 0 0 0 0 
0 0 1 0 0 0 0 0 0 0 
0 0 0 0 0 0 1 0 0 0 
1 0 0 0 0 0 0 0 0 0 
0 0 0 0 0 0 0 0 0 1 
1 0 0 0 0 0 0 0 0 0 
0 0 1 0 0 0 0 0 0 0 
0 0 0 0 1 0 0 0 0 0 
0 0 0 0 0 0 0 0 1 0 
0 0 1 0 0 0 0 0 0 0 
0 0 0 0 0 0 1 0 0 0 
0 0 0 0 0 0 0 1 0 0 
0 0 0 0 0 0 0 0 0 1 
0 0 0 0 0 0 0 0 0 1 
0 0 0 0 0 1 0 0 0 0 
0 0 0 0 0 0 0 0 1 0 
0 0 0 0 0 0 0 1 0 0 
0 0 1 0 0 0 0 0 0 0 
0 0 0 0 0 0 0 0 0 1 
0 0 0 0.489321 0 0.510679 0 0 0 0 
0.402623 0 0 0 0 0.199082 0 0.398296 0 0 
0 0 0 0 0 0 0 1 0 0 
0 0 0 0 0 0 0 0 1 0 
0 0 1 0 0 0 0 0 0 0 
0 0 0 0 1 0 0 0 0 0 
0 0 0 0 1 0 0 0 0 0 
0 0 1 0 0 0 0 0 0 0 
0 0 0 0 0 0 1 0 0 0 
1 0 0 0 0 0 0 0 0 0 
0 0 1 0 0 0 0 0 0 0 
0 0 0 0 1 0 0 0 0 0 
0 0 0 0 0 0 1 0 0 0 
0 1 0 0 0 0 0 0 0 0 
0 0 0 0 1 0 0 0 0 0 
0 0 1 0 0 0 0 0 0 0 
1 0 0 0 0 0 0 0 0 0 
0 0 0 0 0 0.225239 0.77476 0 0 0 
0 0 0 0.426565 0 0.573435 0 0 0 0 
0 0 0 0 0 0 0 0 1 0 
0 1 0 0 0 0 0 0 0 0 
0 0 0 1 0 0 0 0 0 0 
0 0 0 0 1 0 0 0 0 0 
0 0 0 0 0 0.557866 0 0 0.442134 0 
0 0 0 0 0 0 0 1 0 0 
0 0 0 0 0 0 0 1 0 0 
0 0 0 0 1 0 0 0 0 0 
0 0.493657 0 0 0.506343 0 0 0 0 0 
0 0 1 0 0 0 0 0 0 0 
1 0 0 0 0 0 0 0 0 0 
0 0 0 0 1 0 0 0 0 0 
0 0 0 0.551331 0 0 0 0.448669 0 0 
0 0 0 0 1 0 0 0 0 0 
0 1 0 0 0 0 0 0 0 0 
0 0 0 0 0 0 0 0 1 0 
0 0 0 0 0 0 0 0 1 0 
0 0 0 0 1 0 0 0 0 0 
0 0 0 0 0 0 1 0 0 0 
0 0 0 0 0 0 0 1 0 0 
1 0 0 0 0 0 0 0 0 0 
0 0 0 0.439917 0 0 0.560083 0 0 0 
0 0 0 0 0 0 1 0 0 0 
0 0 0 0 0 0 0 0 1 0 
0 0 0 0 0 0 0 0 0 1 
0 0.191719 0 0 0 0.808281 0 0 0 0 
0 0 0 0 0 0 0 0 0 1 
0 0 0 1 0 0 0 0 0 0 
1 0 0 0 0 0 0 0 0 0 
1 0 0 0 0 0 0 0 0 0 
0 0 0 0 0 0 0 0 1 0 
0 0 1 0 0 0 0 0 0 0 
0.19434 0 0 0 0 0 0 0 0 0.80566 
0 0 0 0 0 0 0 0 1 0 
0 0 0 0 0 0 1 0 0 0 
1 0 0 0 0 0 0 0 0 0 
0 1 0 0 0 0 0 0 0 0 
0 0 0 0.517278 0 0 0.482722 0 0 0 
0 0 1 0 0 0 0 0 0 0 
0 0 0 0 0 1 0 0 0 0 
0 0 0 1 0 0 0 0 0 0 
0 0 0.313093 0 0 0 0 0 0.686907 0 
0 0 1 0 0 0 0 0 0 0 
0 0 0 0 0.641745 0 0 0 0 0.358255 
0 0 0 1 0 0 0 0 0 0 
0 0 0 0 1 0 0 0 0 0 
0 0 0 0 0 0 0 0 0 1 
0 0 0 0 0 0 0 0 1 0 
0 0 0 0 1 0 0 0 0 0 
0 0 0 0.840934 0.159066 0 0 0 0 0 
0 0 1 0 0 0 0 0 0 0 
0 0 0 0 0 0 1 0 0 0 
0 0 0 0 0 0 0 0 0 1 
0 1 0 0 0 0 0 0 0 0 
0 0 1 0 0 0 0 0 0 0 
0 0 0 0 1 0 0 0 0 0 
0 0 0 1 0 0 0 0 0 0 
0 0 0 0 0 0 0 1 0 0 
0 0 1 0 0 0 0 0 0 0 
0 0 0 0 0 0 0 0 1 0 
0 0 0 0.586307 0 0 0.413693 0 0 0 
0 0.594286 0 0 0 0 0 0 0.405714 0 
1 0 0 0 0 0 0 0 0 0 
0 0 0 0 0 1 0 0 0 0 
0 0 0 1 0 0 0 0 0 0 
0 0 0 0 0 0 1 0 0 0 
0 0 0 0 1 0 0 0 0 0 
0 0 0.201198 0 0 0.38662 0 0 0 0.412182 
0 0 0 1 0 0 0 0 0 0 
0 0 0 0 1 0 0 0 0 0 
0 0 0 0 0 0 0 0 1 0 
0 1 0 0 0 0 0 0 0 0 
0 0.46478 0 0 0 0.53522 0 0 0 0 
0 0 0 0 0 0 0 0 1 0 
0 0 0 0 0 1 0 0 0 0 
0 0 0 0 1 0 0 0 0 0 
1 0 0 0 0 0 0 0 0 0 
0 0 0 0 0 0 0 0 1 0 
0 0 0 0 0 0 0 0 0 1 
0 0 0.732168 0 0 0 0.267832 0 0 0 
0 0 1 0 0 0 0 0 0 0 
0 0 0 0 0 0 0 1 0 0 
0 0 0 0 0 0 1 0 0 0 
1 0 0 0 0 0 0 0 0 0 
0 0 0 0 0 0 0 0 0 1 
0 0 0 0 0 0.561057 0 0 0.438943 0 
0 0 0.208356 0.215226 0.313864 0 0 0 0.262554 0 
0 0 0 0 0 0 0 0 0 1 
0 0 0 0 0 1 0 0 0 0 
0 0 0 0 0 0 0 0 1 0 
0 0 0 0 1 0 0 0 0 0 
0 0 1 0 0 0 0 0 0 0 
0 0 0 0 0 1 0 0 0 0 
0 0 0.472151 0 0 0 0.527849 0 0 0 
0 0 0 0 1 0 0 0 0 0 
0 0 0 0 0 0 0 1 0 0 
0 0 0 0 0 1 0 0 0 0 
0 0 0 0.234432 0.765568 0 0 0 0 0 
0 0 1 0 0 0 0 0 0 0 
0 1 0 0 0 0 0 0 0 0 
0 0 0 0 0 0 0 0 0 1 
0 0 0 0 0 0 0 0 0 1 
0 0 0.739646 0 0.260354 0 0 0 0 0 
0 0 1 0 0 0 0 0 0 0 
0 0 0 0 0 0 0 1 0 0 
0 0 0 0 0 0 0 0 1 0 
0 0 0 0 1 0 0 0 0 0 
0 0 0 0 0 0 0 1 0 0 
0 0.59728 0.40272 0 0 0 0 0 0 0 
