10 100
0.428266
0.402875
0.371887
0.740568
0.540772
0.37391
0.568821
0.375108
0.252872
0.518001
12.0944 0.127027
9.75236 0.852895
9.42308 0.995577
8.89932 0.780314
8.71376 0.565207
8.51583 1.78501
8.38275 1.01199
8.1928 1.46369
7.76158 0.13593
7.68534 1.83479
7.52122 0.553979
7.2662 0.78301
7.22434 1.15147
7.21421 2.06352
6.66847 3.228
6.22329 2.16317
6.04712 2.74481
5.97836 1.52762
5.95954 2.52175
5.82303 2.98547
5.44702 2.72891
5.27345 2.77035
5.01006 3.94304
4.96306 2.95999
4.89588 3.23181
4.6932 3.0195
4.6334 3.20423
4.57649 3.08886
4.45942 3.02782
4.40014 2.23581
4.3733 4.14193
4.24099 2.42677
4.05344 2.79998
3.97542 3.4971
3.91519 3.53045
3.70607 3.09788
3.70264 3.46834
3.58924 3.5673
3.46461 3.34623
3.46138 3.96661
3.43396 2.85284
3.33647 4.999
3.25927 3.49694
3.16006 3.51363
3.10569 3.93812
3.09018 5.43381
3.02096 3.717
2.92856 4.33346
2.86182 3.44706
2.861 3.46709
2.61089 4.41463
2.56004 6.15265
2.55623 3.97543
2.46113 5.96304
2.32899 3.56252
2.04766 4.68375
1.62812 4.45578
1.55382 6.99693
1.46594 4.4745
1.46294 7.16578
1.42029 6.49845
1.33589 7.13147
1.30135 6.76343
1.28938 6.06724
1.22594 6.39867
1.20672 5.67951
1.2041 5.13906
1.19427 5.68384
1.04549 7.67355
0.969966 5.92064
0.77483 7.28996
0.751896 9.02129
0.746639 9.28351
0.745845 7.5947
0.698691 7.16579
0.635135 7.09771
0.516273 6.54339
0.448629 7.92618
0.427098 9.25268
0.414513 9.4175
0.399751 8.46978
0.343391 9.16342
0.294377 8.04347
0.282967 9.7595
0.265354 6.20709
0.2232 8.91494
0.214181 8.62683
0.181591 10.7439
0.180659 8.93696
0.172602 10.3757
0.160524 6.66364
0.115185 6.95958
0.110902 10.8757
0.0920938 8.25479
0.0863935 7.53873
0.0463911 8.42625
0.0266689 9.94765
0.00675952 9.2887
0.0029373 9.06118
0.00103443 10.426
0 0 0 0 0.543551 0 0.456449 0 0 0 
0 0 0 0 0 0 0 0 1 0 
1 0 0 0 0 0 0 0 0 0 
0 0 1 0 0 0 0 0 0 0 
0 0 0 0 0 0.773478 0.226522 0 0 0 
0 0 0 0.310943 0.689057 0 0 0 0 0 
0 1 0 0 0 0 0 0 0 0 
1 0 0 0 0 0 0 0 0 0 
0 1 0 0 0 0 0 0 0 0 
0.188348 0.680098 0 0 0 0 0 0 0 0.131553 
0 0 0 0 1 0 0 0 0 0 
1 0 0 0 0 0 0 0 0 0 
0 0 0 0 0 1 0 0 0 0 
0 0 0 0 0.414184 0 0 0 0.349546 0.23627 
0 0 0 1 0 0 0 0 0 0 
0 1 0 0 0 0 0 0 0 0 
1 0 0 0 0 0 0 0 0 0 
0.63917 0 0 0 0 0 0 0.360831 0 0 
0 0 0.306659 0 0 0 0 0 0.693341 0 
0 1 0 0 0 0 0 0 0 0 
1 0 0 0 0 0 0 0 0 0 
0 0 1 0 0 0 0 0 0 0 
0 0 0 0 0 0 0 1 0 0 
0 1 0 0 0 0 0 0 0 0 
0 0 0 0 0 0 1 0 0 0 
0 0 0 0 0 0 0 1 0 0 
0 0 0 0 0 0 0 0 0 1 
0 0 0 0 0 0 1 0 0 0 
0 0 0 0 0 0 0 0 0 1 
0 0 0 0 0 0 1 0 0 0 
0 0 0 1 0 0 0 0 0 0 
0 0 0 0 0 0 0 0 0 1 
0 0 0 0 0 0 0 1 0 0 
0 0 0 0 0 1 0 0 0 0 
0 0 0 0 0 0 1 0 0 0 
0 1 0 0 0 0 0 0 0 0 
0 0 1 0 0 0 0 0 0 0 
0 0 0 0 0 0 0 0 0 1 
0 0 0 0 0 0 1 0 0 0 
0 0 0 0 0.308012 0.382983 0 0 0.178696 0.130309 
0 0 0 0 1 0 0 0 0 0 
0 0 1 0 0 0 0 0 0 0 
0 0 0 0 1 0 0 0 0 0 
0 0 0 0 0 0 0 0 0 1 
0 0 0 0 0 1 0 0 0 0 
0 0 0 0 0 0 1 0 0 0 
0 0 0 1 0 0 0 0 0 0 
0 0 0 1 0 0 0 0 0 0 
0 0 0 1 0 0 0 0 0 0 
0 0 0 0 0 0 0 0 1 0 
0 0 0 0 0 0 1 0 0 0 
0.209422 0 0 0 0 0 0 0.790578 0 0 
0 0 1 0 0 0 0 0 0 0 
0 0 0 0 0 0 0 0 0 1 
0 0 0 0 0 0 0 0.242559 0.757441 0 
0 1 0 0 0 0 0 0 0 0 
0 0 0 0 0 0 1 0 0 0 
0 0 0 0 0 0 0 1 0 0 
0 0 0 1 0 0 0 0 0 0 
0.209148 0 0 0 0.790852 0 0 0 0 0 
0 0 1 0 0 0 0 0 0 0 
0 0 0 0 0 0 0 0 1 0 
0 0 0 0 0 0 1 0 0 0 
0 0 0 0 0 0 0 0 1 0 
0 1 0 0 0 0 0 0 0 0 
0 0 0 0 0 0 0 0 0 1 
0 0 0 0 0 0.577524 0.422476 0 0 0 
0 0 0 0 0 0 1 0 0 0 
0 0 0 1 0 0 0 0 0 0 
0 0 0 0 0 0 0 0 1 0 
0 0 0 0 0 1 0 0 0 0 
0 0 0 0 1 0 0 0 0 0 
0 0 0 0 1 0 0 0 0 0 
0 0 0 1 0 0 0 0 0 0 
0 0 0 0 0 0 0 1 0 0 
0 0 0 0 0 0 0 1 0 0 
0 0 0 0 0 0 0 1 0 0 
0 0 0 0 0 0 0 1 0 0 
0 0 0 0 0 0 0 0.6036 0.3964 0 
0 0 1 0 0 0 0 0 0 0 
0 0 1 0 0 0 0 0 0 0 
0 0 0 0 0 0 0 1 0 0 
0 0 0 0 0 0 0 0 1 0 
0 0 0 0 0 0 0 1 0 0 
1 0 0 0 0 0 0 0 0 0 
0 0 0 0 1 0 0 0 0 0 
0 0 0 0 0 1 0 0 0 0 
0 0 0 0 0 0 0 0 0 1 
0 0 0 0 0 0 0 0 0 1 
0 0 0 0 0 0 0 0 1 0 
0 0 0 0 0 0 0 0 0 1 
0 0 0 0 0 0 0 0 1 0 
0 0 0 1 0 0 0 0 0 0 
0.335335 0 0 0 0 0 0 0 0.664665 0 
0 1 0 0 0 0 0 0 0 0 
0 0 1 0 0 0 0 0 0 0 
0 0 0 0 0 1 0 0 0 0 
0 0 1 0 0 0 0 0 0 0 
0.089501 0 0 0.162132 0.748367 0 0 0 0 0 
0 0 0 0 0 0 1 0 0 0 
