10 50
0.722666
0.402691
0.475106
0.381361
0.377171
0.627787
0.635622
0.68183
0.25612
0.748874
12.0604 0.143238
9.37955 1.02971
9.27726 1.17642
8.8588 0.885151
8.2058 0.813
7.78532 0.334568
6.65915 1.77025
6.59637 3.05006
6.49857 1.85259
6.14899 2.57085
6.00509 1.43362
4.91699 2.30484
4.6327 2.84912
4.61167 3.88113
4.25911 2.48747
3.97499 4.21189
3.59864 5.08313
3.16618 3.89174
3.04902 4.45801
3.00193 4.45247
2.36814 5.14196
2.32339 4.48095
2.31591 5.29341
2.22619 6.35809
2.20496 4.44974
1.60814 6.22431
1.20181 7.29115
1.18661 7.40848
1.04752 7.58414
0.950688 6.04461
0.870716 5.96673
0.787248 7.61309
0.688345 8.10234
0.603588 6.3847
0.575933 8.51758
0.557613 6.29083
0.514406 8.97289
0.4992 7.44985
0.490559 7.91179
0.448474 9.38682
0.445112 6.16342
0.350169 6.23607
0.223671 10.5329
0.210498 8.01446
0.144949 8.88335
0.114925 7.51208
0.105394 10.7083
0.0726673 7.93364
0.0345543 8.16224
0.00712361 9.10802
0 0 0 0 0 0 0 0 1 0 
0 0 0 0 1 0 0 0 0 0 
0 1 0 0 0 0 0 0 0 0 
0 0 1 0 0 0 0 0 0 0 
0 0 0 0 0 0 1 0 0 0 
0 0 0 0.433463 0 0 0 0 0.566537 0 
0 0 0 0 0 1 0 0 0 0 
0 0 0 0 0 0 0 0 1 0 
0 0 0 0 0 0 0 0 0 1 
0 1 0 0 0 0 0 0 0 0 
0 0 0 0 0 0 0 1 0 0 
0 0.766041 0.233959 0 0 0 0 0 0 0 
0 0 0 0 0 0 0 0 1 0 
0 0 0 1 0 0 0 0 0 0 
0 0 0 0 0 0 0.286929 0 0 0.713071 
0 0 0 0 0 0.406666 0 0.593334 0 0 
0 0 0 0 0 0 0 0 1 0 
0 0 0 1 0 0 0 0 0 0 
0 0 0 0 0 0 0 0 1 0 
1 0 0 0 0 0 0 0 0 0 
0 0 0 0 0 0 0 0 0 1 
0 0 0 1 0 0 0 0 0 0 
0 0 0 1 0 0 0 0 0 0 
0 0 0 0 0 1 0 0 0 0 
0 0 0 0 0 0 0 0 1 0 
0 0 0 0 1 0 0 0 0 0 
1 0 0 0 0 0 0 0 0 0 
0 0 0 0 0 1 0 0 0 0 
0 0 1 0 0 0 0 0 0 0 
0 0 0 0 0 1 0 0 0 0 
0 0 1 0 0 0 0 0 0 0 
0 0 0 0 1 0 0 0 0 0 
1 0 0 0 0 0 0 0 0 0 
0 1 0 0 0 0 0 0 0 0 
0 0 0 1 0 0 0 0 0 0 
0 0 0 0 1 0 0 0 0 0 
0 1 0 0 0 0 0 0 0 0 
0 0 0 0 0 0 0 1 0 0 
1 0 0 0 0 0 0 0 0 0 
0.452887 0 0 0 0 0 0.547113 0 0 0 
0 0 0 0 0 0 0 0 0 1 
0 0 0 0 0 1 0 0 0 0 
0 0 0 0 0 0 0 0 1 0 
0 0 0 0 0 0 0 0 0 1 
0.306495 0 0 0 0 0 0 0 0.374966 0.31854 
0 0 0 0 0 0 0 0 0 1 
0 0 0 0 0.601765 0.398235 0 0 0 0 
0 0 0 1 0 0 0 0 0 0 
0.421528 0 0 0 0 0.0841987 0 0 0.494273 0 
0 0 0 0 0 1 0 0 0 0 
