10 150
0.70394
0.271866
0.610533
0.585541
0.380278
0.497899
0.282002
0.450603
0.677106
0.639833
11.323 0.280286
11.2185 0.379411
10.756 0.532847
10.4477 0.427213
10.2496 0.820014
10.211 0.459597
9.7516 0.528238
8.92424 0.874562
8.66052 0.318014
8.61775 0.740717
8.578 1.55049
8.39113 0.538755
8.29498 0.923979
8.13458 1.75741
7.94499 1.08006
7.81635 0.450092
7.48826 0.867832
7.41293 0.951536
7.30008 1.53021
7.28022 0.281657
6.85313 0.888813
6.78514 0.469408
6.68778 1.27009
6.61523 2.25697
6.52459 1.57527
6.48585 2.91034
6.39261 2.34181
5.89907 2.84429
5.63026 2.11296
5.51706 2.80094
5.5054 3.57066
5.49404 1.39481
5.46014 2.37225
5.32929 2.14996
5.32658 2.78676
5.29791 4.12743
5.26213 4.04879
5.22031 3.59084
5.11779 1.74072
5.09446 3.01181
4.95889 3.37195
4.91333 2.42674
4.8073 2.58589
4.78062 4.46645
4.57924 3.29415
4.51458 3.84173
4.49878 4.27694
4.44132 2.83057
4.40357 4.4053
4.3061 3.90111
4.27054 3.80312
4.188 3.39319
4.10143 3.24322
3.88087 2.926
3.87337 2.93592
3.81491 5.38744
3.78668 4.34738
3.56165 5.31241
3.56055 4.00246
3.51693 2.72373
3.45173 4.77912
3.43105 3.62038
3.42751 3.39489
3.41077 3.72792
3.26974 5.79821
3.23909 5.41981
3.16031 4.96479
3.08222 4.63067
2.8762 4.45455
2.84576 4.03057
2.81786 3.65603
2.71066 5.66391
2.69657 4.36947
2.67518 4.13105
2.62939 4.58458
2.58008 4.11041
2.5781 4.95768
2.4989 4.18648
2.39189 4.04213
2.34108 5.66933
2.33435 5.12694
2.18101 5.58363
2.04349 5.20951
2.03192 5.21935
1.99227 6.38159
1.97685 6.41728
1.89179 6.42845
1.8891 5.6646
1.87876 5.30841
1.79748 6.50246
1.76056 6.11067
1.75208 6.2545
1.6688 6.33573
1.63543 4.68935
1.56456 5.77605
1.54646 6.02247
1.50854 6.48813
1.49776 5.23306
1.48169 6.88634
1.46537 7.13411
1.44243 7.67789
1.42707 5.65758
1.41972 6.11422
1.41844 5.7392
1.3829 4.53736
1.37795 5.51761
1.33851 6.92923
1.31993 6.24039
1.16159 5.46097
1.06874 6.36285
1.06655 7.60138
1.01607 7.14188
1.00933 5.46988
0.947982 7.63428
0.897502 7.60986
0.86062 6.60248
0.830435 8.79944
0.799951 6.22663
0.793473 6.03013
0.645921 8.11392
0.542737 6.77144
0.469319 7.97195
0.448472 8.15145
0.435353 9.58742
0.428411 8.67009
0.41751 7.85543
0.410854 6.31342
0.347473 9.68563
0.329879 6.26134
0.3192 6.2403
0.318603 8.502
0.299527 6.61853
0.276002 7.68972
0.248186 9.5727
0.215614 7.25798
0.159295 10.0927
0.143943 6.48262
0.134244 6.92867
0.106801 8.42637
0.106479 7.78384
0.104882 10.4381
0.0921801 7.40486
0.090382 8.14341
0.073648 7.03525
0.0715929 8.02904
0.0603422 11.5309
0.0412791 10.1284
0.0282802 11.6163
0.0242817 7.71072
0.0212708 10.5487
0 0.406408 0 0 0.593592 0 0 0 0 0 
0 0 0 1 0 0 0 0 0 0 
0 0 0 0 0 1 0 0 0 0 
0 0 0 1 0 0 0 0 0 0 
1 0 0 0 0 0 0 0 0 0 
0 0 0 0 0 1 0 0 0 0 
1 0 0 0 0 0 0 0 0 0 
1 0 0 0 0 0 0 0 0 0 
0 0 0 0 0 0 0 0 1 0 
0 0 0 0 0 1 0 0 0 0 
0 0 0 0 1 0 0 0 0 0 
1 0 0 0 0 0 0 0 0 0 
0 0 0 0.472886 0 0.527114 0 0 0 0 
0 0 0 0 0 0 0 0 1 0 
0 0 0 0 0 1 0 0 0 0 
0 0 0 0 0 0 0 1 0 0 
0 0 0 0 0 1 0 0 0 0 
1 0 0 0 0 0 0 0 0 0 
0.226103 0 0.773897 0 0 0 0 0 0 0 
0 0 0 0 0 0 1 0 0 0 
0 0 0 0 1 0 0 0 0 0 
0 0 0 0 0 0 0 0 1 0 
0 0 0 0 0 0 0 1 0 0 
0 0 0 0 0 1 0 0 0 0 
1 0 0 0 0 0 0 0 0 0 
0 0 0 0 0 0 1 0 0 0 
0 1 0 0 0 0 0 0 0 0 
0 0 0 0 0 0 0 1 0 0 
0 0 0 0 0 0 0 0 1 0 
0.308969 0.481887 0.209144 0 0 0 0 0 0 0 
0 0 0 0 0 1 0 0 0 0 
0 0 0 1 0 0 0 0 0 0 
0 1 0 0 0 0 0 0 0 0 
0 0 1 0 0 0 0 0 0 0 
0 0.0790009 0.271354 0 0 0 0 0.160704 0.48894 0 
0 0 0 0 0.413594 0 0.586406 0 0 0 
0 1 0 0 0 0 0 0 0 0 
0 0 0 0 0 0 0 1 0 0 
0 0 0 0 1 0 0 0 0 0 
0 0 0 0 1 0 0 0 0 0 
0 0 0 0 1 0 0 0 0 0 
1 0 0 0 0 0 0 0 0 0 
0 0 0 0 0 0 0 0 1 0 
0 0 0 1 0 0 0 0 0 0 
0 0.414618 0 0 0.585382 0 0 0 0 0 
1 0 0 0 0 0 0 0 0 0 
0 0 0 0 0 1 0 0 0 0 
0 1 0 0 0 0 0 0 0 0 
0 0 0 0 0 0 0 0 1 0 
0 0 0 0 0 0 0 0 0 1 
0 0 1 0 0 0 0 0 0 0 
1 0 0 0 0 0 0 0 0 0 
0 1 0 0 0 0 0 0 0 0 
0 0 1 0 0 0 0 0 0 0 
1 0 0 0 0 0 0 0 0 0 
1 0 0 0 0 0 0 0 0 0 
0 0 0 0 0 0 0 0 0 1 
0.674698 0 0 0 0 0.325302 0 0 0 0 
0 0 0 0 0 0 0 0 0 1 
0 0 0 0 1 0 0 0 0 0 
0 0 0 0 0 0 0 0 1 0 
0 0 0 0 0.652157 0.347843 0 0 0 0 
0 0 0 0 0 0 0 0 1 0 
0.839014 0 0 0 0 0.160986 0 0 0 0 
1 0 0 0 0 0 0 0 0 0 
0 0 0 0.498858 0.501142 0 0 0 0 0 
0 0 0 0 0 0 1 0 0 0 
0 0 0 0 0 0 0 1 0 0 
0 0 1 0 0 0 0 0 0 0 
0 0 0 0.415207 0 0 0 0 0.584793 0 
0 0 0 0 0 0 0 1 0 0 
0 0 0 0 0 0 1 0 0 0 
0 0 0 0 0 1 0 0 0 0 
0 0 0 0 1 0 0 0 0 0 
0 0 0 0 0 0 0 0 0 1 
0 0 0 0 0 0 0 0 1 0 
0 0 0 1 0 0 0 0 0 0 
0 0 1 0 0 0 0 0 0 0 
0 0 0 0 0 0 0 0 0 1 
0 0 0 0 0 0 0 0 0 1 
0 0 1 0 0 0 0 0 0 0 
0 0 0 1 0 0 0 0 0 0 
0 0 0 0 0 0 0 0 0 1 
0 0 0 0 0 0 0 1 0 0 
1 0 0 0 0 0 0 0 0 0 
0 0 0 0 1 0 0 0 0 0 
0 0 0 0 0 1 0 0 0 0 
0 0 0 0 1 0 0 0 0 0 
0 0 0 0 0 0 0 1 0 0 
0 0 0 0 0 1 0 0 0 0 
0 0.240665 0.277541 0 0 0 0 0.481793 0 0 
0 0 0 0 0 1 0 0 0 0 
0 0 0 0 0 0 0 1 0 0 
0 0 0 1 0 0 0 0 0 0 
1 0 0 0 0 0 0 0 0 0 
0 0 0 0 0 0 0 1 0 0 
0 0 0 0 0 0 0 1 0 0 
0 0 0.539332 0 0.460668 0 0 0 0 0 
1 0 0 0 0 0 0 0 0 0 
0 0 0 0 0 0 0 0 0 1 
1 0 0 0 0 0 0 0 0 0 
0 0 0 0 0 0 0 0 1 0 
0 0 0 0 1 0 0 0 0 0 
0 0 0 0 0 0 1 0 0 0 
0 1 0 0 0 0 0 0 0 0 
1 0 0 0 0 0 0 0 0 0 
0 0 0 0 0 0 0 1 0 0 
0 0 0 0 0 0 0 0 1 0 
0 0 0 1 0 0 0 0 0 0 
0 0 1 0 0 0 0 0 0 0 
0 0 0 0 0 1 0 0 0 0 
0 0 0 0 0 0 1 0 0 0 
1 0 0 0 0 0 0 0 0 0 
1 0 0 0 0 0 0 0 0 0 
0 0 0 0 0 0 0 0 0 1 
0 0 1 0 0 0 0 0 0 0 
0 0 0 0 0.148064 0.851936 0 0 0 0 
0 0 0 0 0 1 0 0 0 0 
0 0 0 0.298098 0 0 0.701902 0 0 0 
0 1 0 0 0 0 0 0 0 0 
0 0 0.744199 0 0 0.255801 0 0 0 0 
0 0 1 0 0 0 0 0 0 0 
0 0.659197 0 0 0 0 0 0.340803 0 0 
0 0.721643 0 0 0 0 0 0.278357 0 0 
0 0 0 1 0 0 0 0 0 0 
0 0 0 0 0 1 0 0 0 0 
0.226119 0 0 0 0 0 0 0 0.773881 0 
0 1 0 0 0 0 0 0 0 0 
0 1 0 0 0 0 0 0 0 0 
0 0 1 0 0 0 0 0 0 0 
0 0 0 1 0 0 0 0 0 0 
0 0 0 0 0 0 0 0 0 1 
0 0 0 0 0 0.431962 0 0.568038 0 0 
0 0 0 0 0 0 1 0 0 0 
0 0 0 0 0 0 0 0.626369 0 0.373631 
0 0 1 0 0 0 0 0 0 0 
1 0 0 0 0 0 0 0 0 0 
0 0 0 0 0 1 0 0 0 0 
0 0 0 0 0 0 1 0 0 0 
0 0 0 0 0 0 0 0 0 1 
0 0 0 0 1 0 0 0 0 0 
0 0 0 0 0 0.551605 0 0 0 0.448395 
0 0 0 0 0 0 1 0 0 0 
0 0 0 0 0 0 1 0 0 0 
0 0 0 0.877841 0.122159 0 0 0 0 0 
0 0 0 0 0 0 0 0 1 0 
0 0.109913 0 0.890087 0 0 0 0 0 0 
0 0 0 1 0 0 0 0 0 0 
0 0 0 1 0 0 0 0 0 0 
0 0 0 0.778789 0 0 0.221211 0 0 0 
