5 150
0.359998
0.602108
0.351204
0.611247
0.597258
11.3016 0.251255
11.0984 0.318276
10.7453 0.522022
10.7098 0.461988
10.2933 0.594907
10.1376 0.919418
10.0976 1.10019
10.0219 0.43822
9.99238 0.897384
9.54025 0.448075
9.32487 0.451968
9.27282 0.932676
9.02164 0.994265
8.76178 1.68772
8.74287 0.328398
8.72519 0.687119
8.56774 0.976414
8.31536 0.367947
8.29879 1.6959
7.98254 1.21514
7.89337 2.43012
7.57717 1.88357
7.27878 1.90947
7.27315 0.288118
7.16559 1.58991
6.5936 2.29456
6.53745 0.88585
6.50106 1.44714
6.20353 2.35895
6.19601 2.49421
6.12764 0.925735
6.11976 1.04153
5.9932 3.01304
5.86067 1.78159
5.80491 2.05765
5.72062 1.53883
5.60787 2.89655
5.49363 2.3085
5.47972 1.65289
5.40293 3.43348
5.30081 2.61694
5.12509 1.60999
5.12079 3.385
4.73016 3.89794
4.61046 3.35616
4.58899 3.16903
4.48789 2.47631
4.47109 3.64108
4.45424 4.17634
4.17942 2.56564
4.00428 3.11661
3.7924 5.45689
3.74659 2.81839
3.73366 4.30177
3.72481 4.7425
3.64805 3.45223
3.53219 4.68424
3.33154 4.18012
3.32776 3.28386
3.2982 4.91618
3.11695 4.76325
3.10085 4.85338
3.07378 3.93049
2.98591 3.90009
2.90605 4.98146
2.83102 4.18449
2.77126 3.71689
2.73142 3.62702
2.72754 3.31782
2.62154 5.34275
2.59181 5.17779
2.57217 5.72371
2.49066 4.383
2.48847 4.23444
2.47264 3.73087
2.45021 3.33435
2.32113 4.19921
2.28443 4.70732
2.24665 4.68639
2.2017 4.47279
2.0894 3.87561
2.08619 4.81697
1.997 6.24063
1.87264 5.32074
1.86073 5.73787
1.8448 5.95476
1.80395 5.44329
1.79168 6.73143
1.71695 6.12753
1.66734 4.75945
1.60691 5.37034
1.55045 5.15867
1.43022 5.15742
1.35585 7.84173
1.33245 5.6063
1.31275 5.9673
1.28721 6.395
1.10479 6.48979
1.07271 7.51727
1.02945 5.39006
0.918016 8.26827
0.884706 8.09872
0.834036 6.13462
0.794766 6.10398
0.790365 7.86013
0.774102 8.65895
0.71644 8.11406
0.702387 5.38958
0.698995 7.49583
0.639712 7.56362
0.63422 8.61766
0.632722 6.98721
0.622637 8.677
0.592953 6.2833
0.58553 7.58448
0.575166 6.26064
0.480431 8.03627
0.447782 9.14723
0.444523 9.46616
0.406107 8.74349
0.357177 8.9297
0.352941 6.8974
0.294011 8.17068
0.274853 8.89427
0.271126 7.63317
0.237218 8.81555
0.236663 6.73322
0.23273 7.50412
0.220709 7.98435
0.199239 10.4384
0.194158 6.68804
0.191227 8.62944
0.189956 8.582
0.178705 10.1861
0.162123 9.36934
0.150113 6.69475
0.105112 7.87217
0.102461 9.8803
0.101228 8.25499
0.0642611 8.30739
0.0531212 7.71305
0.0431692 9.88164
0.0369884 7.26126
0.0338544 10.8135
0.0314644 8.60556
0.0133354 11.4831
0.011111 11.3895
0.00950817 8.19947
0.00485561 11.9634
0.0045341 10.001
0 0 0 0 1 
0 0 1 0 0 
1 0 0 0 0 
0 0 0 1 0 
0 1 0 0 0 
0 1 0 0 0 
0 0 0 1 0 
0 0 1 0 0 
0 0 1 0 0 
0 0 0 0.402142 0.597858 
0 0 1 0 0 
0 0 0 1 0 
0 0 0 1 0 
0 0 1 0 0 
0 0 0 0 1 
0 0 0.466527 0.533473 0 
0 0 0 0 1 
0 0 0 0 1 
0 1 0 0 0 
0 0 0 1 0 
0 1 0 0 0 
1 0 0 0 0 
0 0 0 1 0 
0 0 1 0 0 
0 1 0 0 0 
0 0 0 1 0 
0 0 0 0 1 
1 0 0 0 0 
0.734212 0 0 0 0.265788 
0 0 1 0 0 
0 0 0 0.775324 0.224676 
0 0 0 0 1 
0 1 0 0 0 
0 0 0 1 0 
0 1 0 0 0 
1 0 0 0 0 
1 0 0 0 0 
0 0 1 0 0 
0 0 0 0 1 
1 0 0 0 0 
0 0 0 1 0 
0 0 0 0.444017 0.555983 
0 0.517293 0.482707 0 0 
1 0 0 0 0 
0 0 1 0 0 
0 0 1 0 0 
0 0 0 0 1 
0 1 0 0 0 
1 0 0 0 0 
0 0 0 1 0 
0 0.677781 0 0 0.322219 
1 0 0 0 0 
0 0 0 0 1 
0 1 0 0 0 
0 0 0 1 0 
0 0 0 0 1 
1 0 0 0 0 
0.600171 0.399829 0 0 0 
0 0 1 0 0 
0 0 0.753791 0 0.246209 
0 0 0 0 1 
0.234031 0 0.765969 0 0 
0 0 0 1 0 
0 0.32766 0 0.303911 0.368429 
0 0 0 1 0 
0 1 0 0 0 
0 1 0 0 0 
0 1 0 0 0 
0 0 0 0 1 
1 0 0 0 0 
0 0 0 0 1 
1 0 0 0 0 
0 0 1 0 0 
0 0 0 1 0 
0 0 1 0 0 
1 0 0 0 0 
0 0 0 0 1 
0.537726 0 0 0 0.462274 
0 0.459257 0 0.540743 0 
0 1 0 0 0 
0 1 0 0 0 
0.636637 0 0 0 0.363363 
0 0 0 0 1 
0 0 0 1 0 
0 0 0 1 0 
0 0 0 1 0 
0 0 1 0 0 
0 0 0 0 1 
1 0 0 0 0 
1 0 0 0 0 
1 0 0 0 0 
0 0 0 0.57356 0.42644 
0 0 0 1 0 
0 1 0 0 0 
0 0 1 0 0 
0 0 0 0 1 
0 1 0 0 0 
1 0 0 0 0 
0 0 0 0 1 
0 0.502414 0.497586 0 0 
0 0 1 0 0 
0 0 1 0 0 
0 0 0 0.374177 0.625823 
0 0 0 0 1 
0 0 0 0 1 
0 1 0 0 0 
0 0 0 0 1 
0 0 0.413012 0.296565 0.290423 
0 0 0 0 1 
0 0 0 1 0 
0 0 0 0 1 
1 0 0 0 0 
0 1 0 0 0 
0 0 1 0 0 
1 0 0 0 0 
0 0 0 0.570949 0.429051 
0 0 0 1 0 
0 0 0.821829 0.17817 0 
0 0 0 1 0 
0 0 1 0 0 
0 1 0 0 0 
0 0 0 1 0 
0 0 0 0 1 
0 0 0 0 1 
0 0 0 0 1 
0.655923 0.344077 0 0 0 
1 0 0 0 0 
1 0 0 0 0 
0 0 0 1 0 
0 0 0 1 0 
0 0 1 0 0 
0 1 0 0 0 
0 0 0 0 1 
0 0 0.495765 0 0.504235 
1 0 0 0 0 
0 1 0 0 0 
1 0 0 0 0 
0.742141 0 0 0.257859 0 
0 0.41225 0 0.58775 0 
0.430921 0 0 0 0.569079 
1 0 0 0 0 
0 0 0 1 0 
0 0.557719 0.442281 0 0 
0 0 0 1 0 
0 0 1 0 0 
0 0 1 0 0 
0 0 0 0.439274 0.560726 
0 0 0.734578 0 0.265422 
0 0 0 1 0 
0 1 0 0 0 
