10 500
0.291634
0.704357
0.261007
0.486718
0.613613
0.624226
0.602943
0.696933
0.687352
0.496327
11.451 0.183558
10.7727 0.140853
10.7688 0.260502
10.6039 0.689552
10.5778 0.414681
10.3527 0.20692
10.3511 0.453051
10.1822 0.435287
10.1469 0.173689
10.124 0.796352
9.88626 0.411839
9.85685 0.725079
9.80005 0.558356
9.73378 0.413706
9.62474 0.416842
9.52253 0.945391
9.51268 0.509332
9.47803 0.416761
9.45543 0.785806
9.36839 0.119092
9.35233 1.40202
9.20431 0.521465
9.12207 0.983621
9.08698 1.58944
9.06507 0.976429
9.03994 1.09721
9.025 0.445844
8.96171 1.38227
8.91117 1.59308
8.73885 0.691639
8.73237 0.650008
8.7148 1.4107
8.6495 1.84563
8.6074 0.70523
8.59191 0.778959
8.57846 0.817823
8.50416 0.441775
8.49795 0.233861
8.47466 0.44049
8.23445 0.796303
8.18278 2.01742
8.16356 1.52092
8.10858 1.56779
8.05686 1.47192
8.00241 0.589611
7.9555 0.817709
7.93828 1.24365
7.92438 0.675682
7.86651 0.675812
7.8444 2.50979
7.81951 0.617558
7.81316 0.303834
7.80871 0.660427
7.74846 1.44633
7.68735 1.48713
7.66163 1.59009
7.65485 2.39297
7.65067 0.90444
7.64738 0.76805
7.61737 1.77973
7.61215 0.825929
7.5989 0.893448
7.58161 1.08138
7.5651 1.75931
7.55992 0.61872
7.5579 0.264354
7.55047 0.793716
7.52335 0.416846
7.52287 0.502042
7.50735 1.84245
7.39432 1.42697
7.34595 0.890594
7.21162 1.24252
7.19032 1.37138
7.15738 0.954421
7.15534 1.79321
7.11954 2.14
7.04642 1.92483
7.01852 0.852168
7.01075 2.44623
6.96663 2.43333
6.93607 1.25023
6.9336 1.01707
6.91781 1.22914
6.88909 0.559275
6.84831 2.8864
6.837 1.60745
6.83409 0.924822
6.81018 1.36279
6.78362 0.779102
6.7314 1.39
6.72173 2.28828
6.62706 2.82865
6.61593 1.89435
6.60733 2.39907
6.57388 1.52608
6.55387 0.820135
6.4884 2.51576
6.47081 1.89432
6.37649 1.71942
6.32703 2.38413
6.27379 2.94741
6.25749 1.28989
6.22725 3.16826
6.22248 3.06365
6.21654 1.26922
6.19038 1.152
6.18046 1.97636
6.17939 1.50159
6.16323 2.35098
6.09652 2.9206
6.06706 1.41139
6.06274 2.06371
6.04666 2.28211
6.0327 2.79798
5.94778 1.8391
5.92681 2.81086
5.87677 2.842
5.83314 2.31426
5.74706 2.16105
5.69206 2.47758
5.65525 2.79845
5.65235 2.73839
5.61465 2.07607
5.5938 2.85666
5.59154 2.3049
5.57239 1.5653
5.55645 1.69977
5.5173 2.5975
5.51194 1.14377
5.50741 2.81401
5.44209 3.05908
5.44187 1.36997
5.42643 1.60242
5.29991 3.01284
5.25479 2.42314
5.23688 1.91984
5.21986 3.4691
5.18437 2.6875
5.17529 2.04653
5.16023 2.77571
5.1489 2.87796
5.11361 3.11607
5.02274 2.11727
5.02031 2.90728
5.01746 2.64083
4.98089 3.62429
4.93644 1.91958
4.86294 3.70215
4.84458 2.06622
4.79394 3.36777
4.79106 2.63744
4.75437 3.31694
4.73242 2.46963
4.68869 2.27978
4.63931 3.04617
4.62036 4.26717
4.55926 4.51169
4.5253 2.2362
4.50393 3.51614
4.49518 2.2514
4.48172 2.67911
4.47206 3.76676
4.4333 2.85425
4.37767 4.37964
4.3293 2.92024
4.30661 2.80321
4.27929 3.93958
4.26638 3.13802
4.25628 3.35399
4.25043 2.31962
4.24894 5.1235
4.22712 4.32805
4.17119 2.26088
4.1452 3.81918
4.13055 3.9981
4.12858 3.98265
4.11018 3.87264
4.08608 3.49978
4.05514 3.75216
3.97556 2.9207
3.97071 3.23504
3.89293 3.25155
3.87603 3.07396
3.81147 3.1372
3.80458 3.89831
3.74777 4.00368
3.74162 5.55016
3.73186 4.81525
3.73127 3.60177
3.69757 2.94049
3.6931 4.60024
3.68664 4.36809
3.68352 3.40908
3.68093 2.98578
3.63938 2.8951
3.59132 3.9629
3.57396 4.12241
3.56472 4.08426
3.55085 5.20842
3.50489 3.69133
3.43879 3.02569
3.42249 3.79627
3.41168 3.38721
3.40219 3.92008
3.37996 4.02469
3.36565 3.40665
3.35312 4.82214
3.34674 2.76854
3.31951 4.4898
3.31214 2.91702
3.30226 3.50007
3.27112 4.47416
3.20887 3.68396
3.18305 3.57068
3.1751 4.95761
3.17244 3.58539
3.17117 4.87583
3.15303 4.81547
3.1 4.9896
3.08181 4.37444
3.05291 3.7775
3.00721 5.65248
3.00024 4.26218
2.96099 3.49409
2.84018 4.56041
2.83204 3.78471
2.83195 3.86765
2.79482 3.50183
2.78602 5.77651
2.77138 4.0167
2.7556 5.28011
2.72536 5.00159
2.72267 4.04453
2.70507 5.04748
2.69934 5.50274
2.63457 3.64512
2.63188 4.53619
2.62869 5.77738
2.62386 4.11317
2.61989 4.31323
2.61757 4.03084
2.60785 4.59411
2.5952 4.16615
2.57474 4.73943
2.55466 4.7097
2.51549 4.15549
2.49005 3.70769
2.45922 4.39364
2.42668 5.41279
2.41235 5.2966
2.40741 4.86015
2.39565 5.81967
2.38088 5.07645
2.33701 4.62103
2.33244 6.04601
2.32051 4.41059
2.30879 6.42131
2.29392 3.6476
2.27123 5.72415
2.25175 4.34775
2.23022 4.83141
2.2005 4.99364
2.18845 4.06366
2.15638 5.92919
2.14219 5.01054
2.13991 4.2877
2.12693 5.44301
2.09378 6.29171
2.08106 4.26961
2.07708 6.93709
2.05582 4.84774
2.04664 5.06469
2.03177 6.32094
1.97024 4.61319
1.96324 6.30953
1.96107 5.66575
1.94926 5.88402
1.94167 6.87063
1.92305 4.96741
1.91839 5.07665
1.91326 6.30595
1.91222 4.46478
1.90631 6.02163
1.89517 6.7027
1.88765 5.27069
1.81982 5.68248
1.79677 5.69138
1.75692 6.64275
1.70252 4.61265
1.6845 6.5286
1.68329 6.38144
1.67569 5.40881
1.67138 6.48467
1.65851 6.2713
1.65453 6.11498
1.62327 6.05252
1.59403 5.55669
1.59248 6.30043
1.59107 4.9487
1.5895 6.43225
1.56398 4.77604
1.55983 7.34135
1.54846 5.41239
1.54166 7.55196
1.53194 6.22843
1.52021 5.46046
1.50577 6.17876
1.48718 5.15565
1.45922 6.72284
1.45014 5.17093
1.42546 5.67891
1.41379 5.74836
1.38405 5.08834
1.35323 5.87109
1.34307 7.07147
1.33291 4.9266
1.30063 6.61163
1.289 5.84147
1.26857 7.78933
1.24471 5.73929
1.23903 7.50968
1.23752 6.99057
1.23622 5.43607
1.2348 7.09218
1.21167 7.50816
1.2021 6.63788
1.19064 8.02021
1.1601 7.27365
1.15312 6.12843
1.12702 5.25806
1.11444 7.0761
1.1027 8.2139
1.05998 7.91053
1.04398 8.00904
1.03526 6.90433
1.02453 5.69928
1.01754 7.95914
0.979957 6.3704
0.965765 5.99672
0.953334 6.61348
0.929305 7.84595
0.88595 7.85817
0.880807 6.10182
0.880538 7.17397
0.801899 6.68083
0.794076 5.74488
0.761799 8.54398
0.756763 6.7202
0.726133 7.64186
0.712985 6.7165
0.710614 7.53777
0.696316 8.34876
0.685403 6.80746
0.682169 8.09853
0.646321 7.16642
0.637628 9.00584
0.632134 8.49215
0.62385 6.2223
0.621903 5.75937
0.61263 7.14916
0.609699 6.32496
0.598664 7.0403
0.589886 6.08256
0.58167 6.27113
0.579758 8.17524
0.576554 6.89948
0.533861 7.23806
0.523575 9.30929
0.519109 8.28756
0.516669 9.02712
0.508704 8.9892
0.499637 8.3421
0.493244 9.10293
0.491423 9.29485
0.490777 6.17299
0.481557 6.16802
0.481531 6.85781
0.479104 7.25317
0.478753 8.14001
0.476797 8.10375
0.474737 7.60261
0.473354 8.1792
0.467945 6.17399
0.461549 6.64291
0.455956 9.8851
0.444163 9.15866
0.435731 6.29363
0.435596 8.96669
0.432172 7.34481
0.421962 9.26549
0.410002 8.84399
0.409992 8.34308
0.390793 9.73045
0.386691 7.60201
0.375359 7.9131
0.374003 8.71571
0.36734 7.46694
0.361031 7.95929
0.349004 9.06478
0.337711 7.64067
0.333154 9.67222
0.319611 9.68052
0.319064 10.2794
0.30398 9.06829
0.297723 9.52881
0.287128 10.0388
0.282082 9.55976
0.272535 9.36003
0.260495 8.38145
0.257966 7.75398
0.254042 6.91311
0.251868 6.28313
0.241032 7.54696
0.230815 6.63224
0.228781 8.18753
0.222759 8.2707
0.221079 7.35479
0.219048 9.84982
0.206553 6.9126
0.204135 8.74414
0.201934 8.10109
0.18697 10.2696
0.180601 9.98663
0.177412 10.4352
0.173819 9.12076
0.173111 6.77802
0.164134 8.46855
0.163171 8.29891
0.162126 9.29199
0.156805 6.77537
0.15055 8.75573
0.14947 7.49172
0.147748 8.34505
0.145526 7.27886
0.138061 10.7854
0.138014 7.55122
0.132086 7.21632
0.128019 10.729
0.123857 8.02203
0.121078 11.1105
0.120137 10.4922
0.116751 11.2457
0.104608 10.5566
0.104492 7.10598
0.101243 6.88947
0.099583 9.71689
0.0971742 7.60781
0.0950907 6.81752
0.0947703 10.4387
0.0908517 7.2291
0.0869837 8.71472
0.0851293 8.06481
0.0845085 9.25171
0.0831649 9.54666
0.0773192 9.11683
0.0773114 7.81788
0.0696654 8.00943
0.0687496 10.1697
0.068586 9.24776
0.0635345 9.49679
0.0604159 10.7263
0.0577487 7.11411
0.0518097 10.326
0.0502571 10.1865
0.0491169 11.4532
0.0487274 8.43598
0.047365 7.42772
0.0449415 8.70022
0.0398848 7.57273
0.0389001 10.688
0.0381152 10.9212
0.0318195 10.357
0.0286723 9.99705
0.0279031 7.22032
0.0269593 7.58898
0.0255595 9.75649
0.0207658 8.45881
0.0196019 11.5029
0.0186509 10.1105
0.0182088 9.90556
0.0173515 7.74196
0.0158176 10.198
0.0151945 7.62347
0.0142663 10.064
0.0138839 9.46734
0.0117986 9.4329
0.00980556 9.02551
0.00814418 10.2834
0.00783083 10.6487
0.0073019 7.40631
0.00711607 10.587
0.00555133 7.96181
0.00471087 9.02119
0.00383546 11.5703
0.00370484 9.39436
0.00285091 11.4694
0.00236869 8.64309
0.00161618 9.53679
0.00142782 9.50224
0 0 0 1 0 0 0 0 0 0 
0 0 0 0 0 0 1 0 0 0 
0 0 1 0 0 0 0 0 0 0 
0 0 0 0.307729 0 0.692271 0 0 0 0 
0 0 0 1 0 0 0 0 0 0 
0 1 0 0 0 0 0 0 0 0 
0 0 0 0 0 0 1 0 0 0 
0 1 0 0 0 0 0 0 0 0 
0 0 0 0 0 0 0 0 0 1 
0 0 1 0 0 0 0 0 0 0 
0 0 0 0 0 0 1 0 0 0 
0 0 0 0 0 0 0 1 0 0 
1 0 0 0 0 0 0 0 0 0 
0 0 0 0 0 1 0 0 0 0 
0 0 0 1 0 0 0 0 0 0 
0 0 0 1 0 0 0 0 0 0 
0 0 0 0 0 0 0 1 0 0 
1 0 0 0 0 0 0 0 0 0 
0 0 0 0 0 0 1 0 0 0 
0 0.683453 0 0 0.316547 0 0 0 0 0 
0 0 0 0 1 0 0 0 0 0 
0 0 0 1 0 0 0 0 0 0 
0 0 0 0 0 0 1 0 0 0 
0 0 0 0 0 0 0 0 1 0 
0 0 0 1 0 0 0 0 0 0 
1 0 0 0 0 0 0 0 0 0 
0.617473 0 0 0 0 0.382527 0 0 0 0 
1 0 0 0 0 0 0 0 0 0 
0.635082 0 0 0 0 0.364918 0 0 0 0 
0 0 0 0 0 0 1 0 0 0 
0 0 1 0 0 0 0 0 0 0 
0 1 0 0 0 0 0 0 0 0 
1 0 0 0 0 0 0 0 0 0 
0 0 0 0 0 0 0 0 0 1 
0 0 0 0 0 0 0 0 1 0 
0.166036 0 0 0 0.21565 0 0 0.618314 0 0 
0 0 0 0 0 0 0 0 0 1 
0 0 0 0 1 0 0 0 0 0 
0 0 0 0 0 1 0 0 0 0 
0 0 0 1 0 0 0 0 0 0 
0 0 0 1 0 0 0 0 0 0 
0 0 0 0 0 0 0 0 0 1 
0 1 0 0 0 0 0 0 0 0 
0 0 0 0 0 1 0 0 0 0 
0 0 0 0 0 1 0 0 0 0 
0 0 0 0 0 0 0 1 0 0 
0 1 0 0 0 0 0 0 0 0 
0 0 0 0 0 0 0 1 0 0 
1 0 0 0 0 0 0 0 0 0 
0 0 0 0 0.234283 0 0 0 0.765717 0 
0 0 0 0 0 0 0 0 0 1 
0 0 1 0 0 0 0 0 0 0 
0 0 0 0 0 0 1 0 0 0 
0 0 0 0 0 1 0 0 0 0 
0 0 0 0 0 0 0 0 0 1 
0 0.430779 0 0 0 0 0.569221 0 0 0 
0 0 1 0 0 0 0 0 0 0 
0 0 0 0 0 0 0 0 1 0 
1 0 0 0 0 0 0 0 0 0 
0 0 0 0 0 0 1 0 0 0 
0 0 0 0 1 0 0 0 0 0 
0 0 0 1 0 0 0 0 0 0 
0 0 1 0 0 0 0 0 0 0 
0 0 0 0 0 0 0 1 0 0 
0 0 0 0 0 0 1 0 0 0 
0 0 1 0 0 0 0 0 0 0 
0 1 0 0 0 0 0 0 0 0 
0 0 0 0 0 0 1 0 0 0 
0.470964 0.529036 0 0 0 0 0 0 0 0 
0 0 0 0 0 0 0 0 0 1 
1 0 0 0 0 0 0 0 0 0 
0 0 0 0 0 1 0 0 0 0 
0 1 0 0 0 0 0 0 0 0 
0 0 0 0 0 0 1 0 0 0 
0 0 0 0 0 0 1 0 0 0 
0 0 0 0.55173 0 0 0 0 0.193166 0.255104 
0 0 0 0 0 0 1 0 0 0 
0 0 0 0 0 0 1 0 0 0 
0 0 1 0 0 0 0 0 0 0 
0 1 0 0 0 0 0 0 0 0 
0 0 0 0 0 0 0 0 0 1 
0 0 0 0 0 0 1 0 0 0 
0 0 0 0 0 0 0 0 1 0 
0 0 0 0 0 0 0 0 1 0 
0 0 0 0 1 0 0 0 0 0 
0 0.675405 0 0.324595 0 0 0 0 0 0 
0 0 0 0 0 0 0 0 0 1 
0 0 0 0 0 0 0 0 1 0 
1 0 0 0 0 0 0 0 0 0 
0 0 0 0.738875 0 0 0 0 0.261125 0 
0 0 0 0 0 0 0 0 1 0 
0 0 0 0 0.633153 0 0 0 0 0.366847 
0 0 0 1 0 0 0 0 0 0 
0 0 0 1 0 0 0 0 0 0 
1 0 0 0 0 0 0 0 0 0 
0 0 0 0 0 0 1 0 0 0 
0 0 0 0 0 0 0 0 0 1 
1 0 0 0 0 0 0 0 0 0 
0 0 0 0 0 1 0 0 0 0 
0 0 0 0 0 0 0 1 0 0 
0 0.293776 0 0 0 0 0 0 0.706225 0 
0 0 0 0 0.757007 0 0 0 0 0.242993 
0 0 0 0 0 0 1 0 0 0 
1 0 0 0 0 0 0 0 0 0 
0 0 0 0 0 0 0 1 0 0 
0 0.272095 0 0 0 0.727905 0 0 0 0 
0 0 0 0 0 0 1 0 0 0 
1 0 0 0 0 0 0 0 0 0 
1 0 0 0 0 0 0 0 0 0 
0 0 0 0 0 0 0 1 0 0 
0 0 0 0 0 0 0 0 0 1 
1 0 0 0 0 0 0 0 0 0 
0 0 0 0 0 1 0 0 0 0 
0 0 0 0 0 0 1 0 0 0 
1 0 0 0 0 0 0 0 0 0 
1 0 0 0 0 0 0 0 0 0 
0 0 0.480933 0.519067 0 0 0 0 0 0 
0 0 0 0.823683 0 0 0 0 0.176317 0 
0 0 0 0 0 0 0 1 0 0 
0 0 0 0 0 0 0 1 0 0 
0 0 0 1 0 0 0 0 0 0 
1 0 0 0 0 0 0 0 0 0 
0 0 0 0 0 0 1 0 0 0 
0.683365 0 0 0.316635 0 0 0 0 0 0 
0 0 0 0 0 1 0 0 0 0 
0 0 0 0 0 0 0 0.47559 0.52441 0 
0.517449 0 0 0.482551 0 0 0 0 0 0 
0 0 0 0 0 0.52103 0 0.47897 0 0 
0 0 0 0 0 0 0 0 1 0 
0 0 0.355148 0 0 0 0 0.644852 0 0 
0 0 0 0 0 0 1 0 0 0 
0 0 0 0 0 0 0 0 0 1 
0 0 1 0 0 0 0 0 0 0 
1 0 0 0 0 0 0 0 0 0 
0 0 0 0 0 0 1 0 0 0 
0 0 0 0 1 0 0 0 0 0 
0 0 0 0 0 0 0 0 0 1 
1 0 0 0 0 0 0 0 0 0 
0 0 0 0 0 0 1 0 0 0 
0 0 0 1 0 0 0 0 0 0 
0 0 0 0 0 0 0 0 1 0 
0 0 0 0 0 0 0 0 1 0 
0 0 0 0 0 0 0 0 1 0 
0 0 0 0 0 0.296038 0.703962 0 0 0 
0 0 0 0 0 1 0 0 0 0 
0 0 0 0 0 0 0 1 0 0 
1 0 0 0 0 0 0 0 0 0 
0 0 1 0 0 0 0 0 0 0 
0 0 0 0 1 0 0 0 0 0 
0 0 1 0 0 0 0 0 0 0 
0 0 0 0 0 0 0 0 0 1 
0 1 0 0 0 0 0 0 0 0 
0 0 1 0 0 0 0 0 0 0 
0 0 0 0 0 0 1 0 0 0 
0 0 0.404579 0 0.326758 0.268663 0 0 0 0 
0 0 1 0 0 0 0 0 0 0 
0.632229 0 0 0 0 0.367771 0 0 0 0 
1 0 0 0 0 0 0 0 0 0 
0 0 0 0 0.322839 0 0 0.272776 0.404385 0 
0 0 0.822865 0 0 0 0.177135 0 0 0 
0 0 0 0 0 0 0 0 0 1 
0 0 1 0 0 0 0 0 0 0 
0.800853 0 0 0 0 0 0.199147 0 0 0 
0 0 0 1 0 0 0 0 0 0 
0 0 0 0 0 0.285908 0 0.714092 0 0 
0 0 0 0 0 0 1 0 0 0 
0 0 0 0.558908 0 0 0.441092 0 0 0 
0 0 0 0 0 0 0 1 0 0 
0 0 0 0 0 0 0 0 1 0 
0.711755 0 0 0 0 0.288245 0 0 0 0 
0 0 0 1 0 0 0 0 0 0 
0 0 1 0 0 0 0 0 0 0 
0 0 0 0 0 0 0 0 0 1 
0 0 0 1 0 0 0 0 0 0 
0 0 0 0 0 0 0 0 1 0 
0 0 0 0 0 0.59287 0.40713 0 0 0 
0 0 0 0 0.681479 0 0 0 0 0.318521 
0.420915 0 0 0 0 0 0 0 0 0.579085 
0 0 0 1 0 0 0 0 0 0 
0 0 0 0 0 0 0 0 0 1 
0 0 0 0 0 0 0 0 1 0 
0 0 0 0 0 0 0 0 1 0 
0 0 0 1 0 0 0 0 0 0 
0 0 0 0 0 0.630746 0 0 0.369254 0 
0 0 0 0 0 0 0 0 1 0 
0 0 0 1 0 0 0 0 0 0 
0 0 1 0 0 0 0 0 0 0 
0 0 0 0 0 0 1 0 0 0 
0 0 0 0 0 0 0 0.503858 0.496142 0 
0 0 0 0 0 0 1 0 0 0 
1 0 0 0 0 0 0 0 0 0 
0 0 0 0 0 1 0 0 0 0 
0 0 0 0 0 0 0 0 0 1 
0 0 0 0 0 0 0 0 0 1 
0 0 0 0 0 0 1 0 0 0 
0 0 0 1 0 0 0 0 0 0 
0 0 0 0 1 0 0 0 0 0 
0 0 0 0 0 0 0 1 0 0 
0 0 0 0 0 0 0 1 0 0 
0 0 0 0 0 0 0 0 0 1 
0 0 0 0 0 0 0 0 0 1 
0 0 0 0 0 0 0 1 0 0 
0 0 0 0 0 0 0 0 1 0 
0 0 0 0 1 0 0 0 0 0 
0 0 0 1 0 0 0 0 0 0 
0 0 1 0 0 0 0 0 0 0 
0 0 1 0 0 0 0 0 0 0 
0 0 0 0 0 0 0 0 1 0 
0 0 1 0 0 0 0 0 0 0 
0 0 0 0 0 1 0 0 0 0 
0 0 0 0 0 0 1 0 0 0 
0 0 0 0 1 0 0 0 0 0 
0.697472 0 0.302528 0 0 0 0 0 0 0 
0 0 0 0 0 0 0 1 0 0 
0 0 0 0 0 0 0 0 1 0 
0 0 0 1 0 0 0 0 0 0 
1 0 0 0 0 0 0 0 0 0 
1 0 0 0 0 0 0 0 0 0 
0 0 0 0 0 1 0 0 0 0 
0 0 0 0 0 1 0 0 0 0 
0 0.299418 0 0 0 0.700582 0 0 0 0 
0 0 0 1 0 0 0 0 0 0 
0 0 0 0 0 0 1 0 0 0 
0 0 0 0 0 0 0 0 0 1 
0 0 0 0 0 0 0.645634 0 0 0.354366 
0 0 0 0 0 0 1 0 0 0 
0 0 0 1 0 0 0 0 0 0 
0 0 0 0 0 0 1 0 0 0 
0 0 0 1 0 0 0 0 0 0 
0 0 1 0 0 0 0 0 0 0 
0 1 0 0 0 0 0 0 0 0 
0 0 0 0 0 0 0 0 0 1 
0 0 0 0 0 0 0 1 0 0 
0 1 0 0 0 0 0 0 0 0 
0 0 0 0 1 0 0 0 0 0 
0 0 1 0 0 0 0 0 0 0 
0 0 0 0 0 1 0 0 0 0 
0 0 0 0 0 0 0 1 0 0 
0 0 0 0 0 0 0 0 1 0 
0 0 0 0 0 0 0 0 0 1 
0 0 1 0 0 0 0 0 0 0 
0 0 0 0 1 0 0 0 0 0 
0 0 0 0 0 0 0 1 0 0 
1 0 0 0 0 0 0 0 0 0 
0 0 0 0 1 0 0 0 0 0 
0 0 0 1 0 0 0 0 0 0 
0 0 0 0 0 0 0 0 1 0 
0 0 0 0 0 0 0 0 0 1 
0 0 1 0 0 0 0 0 0 0 
0 0 0 0 0 0 0 0 0 1 
0 0 0 0 0 0 0 0 1 0 
0 0 0 0 0 0 0 1 0 0 
0 0 0 0 0 0 0 0 1 0 
0 0 0 0 1 0 0 0 0 0 
0 0 1 0 0 0 0 0 0 0 
0 0 0 0 0 1 0 0 0 0 
1 0 0 0 0 0 0 0 0 0 
0.476209 0 0 0 0 0.523791 0 0 0 0 
1 0 0 0 0 0 0 0 0 0 
0 0 0 0 0 0 0 0 0 1 
0 0 1 0 0 0 0 0 0 0 
0 0 1 0 0 0 0 0 0 0 
0 0 0 0 0 1 0 0 0 0 
0 0 0 0 0 0 1 0 0 0 
0 0 0 1 0 0 0 0 0 0 
0 0 0 0 0 1 0 0 0 0 
0 0 0 0 0 0 0 0 1 0 
0 0 0 0 1 0 0 0 0 0 
0.216509 0 0 0 0 0 0.274335 0 0.509156 0 
0 0 0 0 1 0 0 0 0 0 
0 0 0 0.422428 0.577572 0 0 0 0 0 
0 0 0 0 1 0 0 0 0 0 
1 0 0 0 0 0 0 0 0 0 
0 0 1 0 0 0 0 0 0 0 
0 0 0 0 1 0 0 0 0 0 
0 0 0 0 0 0 0 1 0 0 
0 0 0 0 0 1 0 0 0 0 
0 0 0.342861 0 0 0 0 0 0.0928379 0.564301 
0 0 1 0 0 0 0 0 0 0 
0 0 0 0 0 0 0 0 1 0 
0 1 0 0 0 0 0 0 0 0 
0 0.472497 0 0 0 0 0.527503 0 0 0 
0 0 0 0 0 0 0 1 0 0 
0 0 0 0 0 0 1 0 0 0 
1 0 0 0 0 0 0 0 0 0 
0 0 0 0 0 0.576973 0 0 0.423027 0 
1 0 0 0 0 0 0 0 0 0 
0 0 0 0 0 0 0 0 1 0 
0 0 0 0 0 1 0 0 0 0 
0 0 1 0 0 0 0 0 0 0 
0 0 0 1 0 0 0 0 0 0 
0 0 0 0 0 0 0 0 1 0 
0 0 0 0 0 0 0 0 0 1 
0 0 0 0 0 0 0 0 1 0 
0 1 0 0 0 0 0 0 0 0 
0 0 0 0 0 0 0 1 0 0 
0 1 0 0 0 0 0 0 0 0 
0 1 0 0 0 0 0 0 0 0 
0 0 0 0 0.524333 0.475667 0 0 0 0 
0 0 0 0 1 0 0 0 0 0 
0 0 0 0 0 0 0 0 1 0 
1 0 0 0 0 0 0 0 0 0 
0 1 0 0 0 0 0 0 0 0 
0 0 0 0 0 0 0.572679 0 0 0.427321 
1 0 0 0 0 0 0 0 0 0 
0.33487 0 0 0 0 0 0 0.66513 0 0 
1 0 0 0 0 0 0 0 0 0 
0 0 0.21225 0 0 0.78775 0 0 0 0 
0 0 1 0 0 0 0 0 0 0 
0 1 0 0 0 0 0 0 0 0 
0 0 0 0 0 0 0 0 0.481959 0.518041 
0 0 0 0 0 0.879078 0.120922 0 0 0 
0 0 1 0 0 0 0 0 0 0 
0 0 0 0 0 0 0 0 0.359897 0.640103 
0 0 0 0.363396 0 0.414221 0.222383 0 0 0 
0 0 0 0 0.403296 0 0.596704 0 0 0 
0 0 0 0 1 0 0 0 0 0 
0 0 0 0 1 0 0 0 0 0 
0 0.351311 0 0 0.648689 0 0 0 0 0 
0 0 0.252956 0.404637 0 0.342407 0 0 0 0 
0 0 0 0 0 1 0 0 0 0 
0 0 0 0 0 0 0 0 1 0 
0 0 0 0 0 0 1 0 0 0 
0 0 0 0 0 0 1 0 0 0 
0 0 1 0 0 0 0 0 0 0 
0 0 0 1 0 0 0 0 0 0 
0 0 0 0 0 0 0 1 0 0 
0.134779 0 0 0 0 0 0 0 0 0.865221 
0 0 0 0 0 0 0 0 1 0 
0 0 0 0 0 0 0 0 1 0 
0 0 0 0 1 0 0 0 0 0 
0.545426 0 0 0 0 0 0.454574 0 0 0 
0 0 0 0 0 0 0 1 0 0 
0 0 0 0.591314 0 0.408686 0 0 0 0 
0 0 0 0 0 0 0 0 1 0 
0 0 0 0 0 0 1 0 0 0 
0 0 0 0 0 0 0 1 0 0 
0 0 0 0 0 0 0 0 0 1 
0 0 0 0 0 0 1 0 0 0 
0 0 0 0.885465 0 0 0 0.114535 0 0 
0 0 0 0 1 0 0 0 0 0 
0 0 0 0 0 0 0 0 1 0 
0 0 0 0 0 0 1 0 0 0 
0 0 1 0 0 0 0 0 0 0 
0 0 0 0 0 0 0.835584 0 0 0.164416 
0 1 0 0 0 0 0 0 0 0 
0 0 1 0 0 0 0 0 0 0 
0 0 1 0 0 0 0 0 0 0 
0 0 0 0 0 0 0 1 0 0 
0 0.736069 0 0 0 0 0 0.263931 0 0 
0.518846 0 0 0.481154 0 0 0 0 0 0 
0 0 0 0 0 0 0 0 0 1 
0 0 1 0 0 0 0 0 0 0 
0 0 0 0 1 0 0 0 0 0 
0 0 0 0 0 1 0 0 0 0 
0 0 0 0 0 0 1 0 0 0 
0 0 0 0 1 0 0 0 0 0 
0 1 0 0 0 0 0 0 0 0 
0 0 0 0 1 0 0 0 0 0 
0 0 0 0 0 0 0 1 0 0 
0 0 0 0 0.666451 0 0.333549 0 0 0 
0 0 0 0 0 0 0 0 1 0 
0.439306 0 0.560694 0 0 0 0 0 0 0 
0 0 0 0 0 0 0 1 0 0 
0 0 0 0 0 0.427231 0 0.572769 0 0 
0 0 0 1 0 0 0 0 0 0 
0 0 0 0.69391 0 0 0.30609 0 0 0 
1 0 0 0 0 0 0 0 0 0 
0 1 0 0 0 0 0 0 0 0 
0 0 0 0 0 0 0 1 0 0 
0 0 1 0 0 0 0 0 0 0 
0 0 0 0 0 0.552801 0.447199 0 0 0 
0 0 0 0 0 0 0 0 0 1 
0 0 0 0 0 0 0 0 1 0 
0 0 1 0 0 0 0 0 0 0 
0 0 0 0 0 0 0 0 0 1 
0 0 0 0 1 0 0 0 0 0 
0 0 0 0 1 0 0 0 0 0 
0 0 0 0 0 0 0 0 0 1 
0 0 0 1 0 0 0 0 0 0 
0 0 0 0 0 0 0 0 0 1 
0 0 0 0 0 0 0 1 0 0 
0 0 0 0 0 0 0 0 0 1 
0 0 0 0 1 0 0 0 0 0 
0 0 0 1 0 0 0 0 0 0 
0 0 0 0 0 0 0 1 0 0 
0 0 0 0 0 1 0 0 0 0 
0 0 0 0.758483 0 0.241517 0 0 0 0 
0.582489 0.417511 0 0 0 0 0 0 0 0 
0 0 0 0 0 0 0 0 0 1 
0 0 0 0 0 0 0 0 1 0 
1 0 0 0 0 0 0 0 0 0 
0 0 0 0 0 0 1 0 0 0 
0 0 0 0 0 0 0 0 0 1 
0 0 0 0.631641 0 0 0.368359 0 0 0 
0 0 0.432114 0.567886 0 0 0 0 0 0 
1 0 0 0 0 0 0 0 0 0 
0 1 0 0 0 0 0 0 0 0 
0 0 0 0 0 0 0 1 0 0 
0 0.184098 0 0 0 0 0 0 0 0.815902 
0 0 0 0 0 0 0 0 1 0 
0 0 0 0 0 0 0 1 0 0 
0 0 1 0 0 0 0 0 0 0 
0 0 0 0 0 0 0 0 0 1 
0 0 0 1 0 0 0 0 0 0 
0 0 0 0 0 0 0 0 1 0 
0 0 0 0 0 0 0 0 1 0 
0 0 0 0 0 1 0 0 0 0 
0 0 0 0 1 0 0 0 0 0 
0 1 0 0 0 0 0 0 0 0 
0 0 0 0 0 0 0 0 1 0 
0.429501 0 0 0 0 0 0.570499 0 0 0 
0 0 0.274069 0.725931 0 0 0 0 0 0 
1 0 0 0 0 0 0 0 0 0 
0 0 0 0 0 1 0 0 0 0 
0 0 1 0 0 0 0 0 0 0 
0 0.885385 0 0 0 0 0 0.114615 0 0 
0 0 0 0 0 0 0 1 0 0 
1 0 0 0 0 0 0 0 0 0 
0 0 0 0 0 0 0 0 1 0 
0 0 0 0 0 0 1 0 0 0 
0 0 0 0 0 1 0 0 0 0 
0 0 0 0 0 1 0 0 0 0 
0.644825 0.355175 0 0 0 0 0 0 0 0 
0.533989 0 0 0 0 0.466011 0 0 0 0 
0.344941 0.655059 0 0 0 0 0 0 0 0 
0 0 0 0 0 1 0 0 0 0 
0 0 0 1 0 0 0 0 0 0 
0 0 0 0 0 1 0 0 0 0 
1 0 0 0 0 0 0 0 0 0 
0 0 0 0 0 0 1 0 0 0 
0 0 0.560869 0 0.439131 0 0 0 0 0 
0 0 0 1 0 0 0 0 0 0 
0 1 0 0 0 0 0 0 0 0 
0 0 0 0.438884 0 0 0 0 0 0.561116 
0 0 0 0 0 0 0 1 0 0 
0 0 0 0 0 0 1 0 0 0 
1 0 0 0 0 0 0 0 0 0 
0 0 0 0.193707 0.806293 0 0 0 0 0 
0 0 1 0 0 0 0 0 0 0 
0 0 1 0 0 0 0 0 0 0 
0 0 0 1 0 0 0 0 0 0 
0 0 0 0 0 0 0 0 0 1 
0 0 0 0 0 0 0 1 0 0 
0 1 0 0 0 0 0 0 0 0 
0 0 0 0 0 0 1 0 0 0 
0 0 1 0 0 0 0 0 0 0 
0 0 0 0 0 1 0 0 0 0 
0 0 1 0 0 0 0 0 0 0 
0 0 0 0 0 0 0 0 0 1 
0 0 0 0 0 0 1 0 0 0 
0 0 0 0 0 0 0 0.37576 0 0.62424 
0 0 0 0 0 0 0 0 0 1 
0 0 0 0 0 1 0 0 0 0 
0 0 0 0 0 0 0 0 0 1 
0 0 1 0 0 0 0 0 0 0 
1 0 0 0 0 0 0 0 0 0 
1 0 0 0 0 0 0 0 0 0 
0 0 0 0.556827 0.443173 0 0 0 0 0 
0 0 0 0 0 0 1 0 0 0 
0 0 0 0 0 0 1 0 0 0 
0 0 0 1 0 0 0 0 0 0 
0 0 0 1 0 0 0 0 0 0 
0 0 0 0 1 0 0 0 0 0 
0 0 0 0 0 1 0 0 0 0 
0 0 0 0 0 0 0 0 1 0 
1 0 0 0 0 0 0 0 0 0 
0 0 0 0 0 1 0 0 0 0 
0 0 0 0.484777 0 0 0 0.515223 0 0 
0 0 0 1 0 0 0 0 0 0 
0 0 0 0 0 0 0 0 0 1 
0 0 0 0 1 0 0 0 0 0 
0 1 0 0 0 0 0 0 0 0 
0 0 0 0 0 0.315305 0 0 0 0.684695 
0 0 1 0 0 0 0 0 0 0 
1 0 0 0 0 0 0 0 0 0 
0 0 0 0 0 0 0 0 1 0 
0 0 0 0 0 0 0 0 1 0 
0 0 0.307886 0 0 0.692114 0 0 0 0 
0 0 0 0 0 0 0 0 1 0 
0 0 0 0 0 0 0 1 0 0 
1 0 0 0 0 0 0 0 0 0 
0 1 0 0 0 0 0 0 0 0 
0 0 0 0 0 0 0 1 0 0 
0 0 0 0 0 0 0 0.768176 0.231824 0 
0 0 0 0 0 0 0 0 1 0 
0 0 0 0 0 0 0.322199 0.677801 0 0 
0 0 0 0 0 0 1 0 0 0 
0 0 0 0 0 0 0 0 1 0 
0 0 1 0 0 0 0 0 0 0 
0 0 1 0 0 0 0 0 0 0 
1 0 0 0 0 0 0 0 0 0 
0 0 0.515792 0 0 0 0.484208 0 0 0 
0 0 0 1 0 0 0 0 0 0 
0 0 1 0 0 0 0 0 0 0 
0 0 0 0 0 0 1 0 0 0 
0.223373 0 0 0 0 0 0 0 0.776627 0 
0 0 0 0 0 0 1 0 0 0 
0 0 0 1 0 0 0 0 0 0 
0 0 0 0 0 0.563662 0 0 0 0.436338 
