5 50
0.600981
0.413875
0.549022
0.74626
0.569135
10.9397 0.398776
10.6236 0.778269
10.5219 0.14183
10.3547 0.627835
9.68585 0.361892
9.51651 0.211288
8.80227 1.50131
8.17009 0.546577
7.74223 0.835119
6.95595 1.91581
6.91583 0.983947
6.4636 0.91949
6.161 1.86207
5.86422 1.91501
5.69805 2.36488
5.40255 2.36945
5.24675 2.6724
5.22486 2.24181
5.08178 3.25256
5.0737 2.52542
5.0523 3.50786
4.68855 3.62537
4.2595 2.55429
3.72316 3.56794
3.6113 2.70859
3.29995 3.35728
2.81702 4.66898
2.80005 3.81961
2.45733 6.40683
2.34134 4.51844
2.06144 5.96784
1.90505 6.4434
1.70994 6.177
1.20787 5.4334
1.14103 7.39626
1.07129 8.19502
0.915842 6.27519
0.915198 8.01095
0.740254 7.75437
0.64305 9.0921
0.459947 9.18274
0.366955 8.19388
0.341973 6.61472
0.244631 7.92129
0.229897 8.54805
0.13921 10.0198
0.132246 9.09425
0.0609058 8.14143
0.0597797 6.92351
0.0243811 9.73652
0 0 0 1 0 
0.650044 0 0 0 0.349956 
0 1 0 0 0 
0 1 0 0 0 
0 0 1 0 0 
0 0 0 1 0 
0 0.361603 0 0 0.638397 
0.641037 0 0 0.358963 0 
1 0 0 0 0 
0 0 0.455551 0 0.544449 
0 0 1 0 0 
0 1 0 0 0 
0 0 0 1 0 
0.279265 0 0.720735 0 0 
0 0 1 0 0 
0 0 0 0 1 
0 0 0 1 0 
0 0.596795 0.403205 0 0 
1 0 0 0 0 
0 0 0 0 1 
0 0 0 1 0 
1 0 0 0 0 
0 0 0 0 1 
0 0 0 0 1 
0 0 0 0 1 
1 0 0 0 0 
1 0 0 0 0 
0.550097 0 0 0.449903 0 
0 0 0 0 1 
1 0 0 0 0 
0 1 0 0 0 
0 0 1 0 0 
0 0 0 0 1 
0 0 0 0 1 
0 1 0 0 0 
0 0 0 1 0 
0 1 0 0 0 
0 0 0 0 1 
0 1 0 0 0 
0.625225 0 0.374775 0 0 
0 1 0 0 0 
0.620552 0 0 0.379448 0 
0 0 0 0.22529 0.77471 
0 1 0 0 0 
1 0 0 0 0 
0 1 0 0 0 
0 1 0 0 0 
0 0 1 0 0 
0 0 0 1 0 
0 1 0 0 0 
