10 200
0.447094
0.684091
0.457261
0.30858
0.495685
0.674094
0.703892
0.268733
0.67465
0.372293
11.0921 0.629923
10.1048 1.05448
9.92812 0.874225
9.59121 0.15672
9.24332 1.20556
9.23379 0.868509
8.93832 0.957829
8.88498 0.631244
8.73911 1.60395
8.66698 0.794763
8.45725 1.17512
8.42457 1.94985
8.2352 0.466372
8.01848 0.980842
7.97145 0.857249
7.95112 1.0283
7.82396 0.298886
7.78549 0.807755
7.69544 0.706973
7.59646 0.610785
7.54792 1.51611
7.50182 0.549722
7.34315 0.710869
7.26597 0.902366
7.16575 1.15693
6.8917 2.63716
6.87037 1.15332
6.86124 1.47463
6.71475 1.35634
6.71131 0.503522
6.68439 1.03941
6.42846 1.86322
6.36895 2.0862
6.36808 0.967347
6.3479 2.66483
6.34524 1.29144
6.19536 0.983713
6.15735 2.64018
5.94097 1.69114
5.93279 2.61712
5.83397 2.22622
5.77739 3.04085
5.61814 2.13969
5.5501 1.96535
5.50858 2.96532
5.46102 2.69242
5.38315 2.04233
5.28081 1.37524
5.27163 2.93326
5.26928 2.05324
5.19264 3.31966
5.125 3.20928
4.93358 3.09014
4.88499 4.03851
4.85752 2.94815
4.82654 3.58465
4.74254 3.70829
4.68489 3.89518
4.57831 1.94315
4.45264 3.66709
4.44046 3.70033
4.33781 4.06817
4.2954 3.44051
4.23461 2.31956
4.2078 2.28985
4.16302 3.32302
4.10613 3.3845
4.10418 3.63505
4.0414 4.06937
4.03887 4.2147
4.02274 2.5642
4.01095 3.97917
3.9969 3.34267
3.99158 2.27044
3.92554 3.22931
3.72896 4.99112
3.72712 4.36992
3.58024 3.49453
3.52719 3.58323
3.48689 4.05662
3.42786 3.36892
3.38167 3.55489
3.35289 5.02375
3.3214 3.80929
3.1309 4.43219
3.11595 3.81731
3.09809 4.44215
2.93262 4.14681
2.93197 4.84371
2.79423 4.38569
2.77313 3.85633
2.73082 4.23918
2.51829 4.39395
2.47286 4.1524
2.32686 5.53387
2.25565 5.57354
2.24401 6.64917
2.22485 5.54921
2.19279 5.36408
2.1709 5.88443
2.11718 4.11426
2.10939 4.66415
2.08473 6.33136
2.05402 6.16632
1.98263 4.05438
1.97545 5.25808
1.95345 6.74449
1.92961 7.08968
1.92656 6.15049
1.90087 4.63342
1.86457 5.83641
1.8562 6.22987
1.85593 5.45319
1.80822 6.57735
1.80365 5.71021
1.78308 5.1621
1.70774 4.61005
1.70273 6.14031
1.6926 6.18434
1.62862 5.84488
1.58536 4.83393
1.58418 5.11855
1.55387 6.44823
1.52595 6.14055
1.50306 7.01829
1.3694 7.39376
1.3125 7.29983
1.2764 5.8246
1.24678 6.45271
1.24314 5.7659
1.23904 6.8673
1.23498 5.86828
1.22286 5.74756
1.17946 5.28083
1.17759 4.8794
1.15619 8.56045
1.15043 6.73154
1.13645 6.17438
1.09956 6.79012
1.09165 7.98427
1.08644 7.06474
1.04621 5.36498
1.04481 6.75616
0.900244 6.50035
0.879138 8.01475
0.833054 5.65535
0.83221 8.92653
0.787736 5.87061
0.746494 5.75161
0.731187 7.57903
0.6773 7.9673
0.653946 6.76934
0.648905 7.32755
0.643423 7.67383
0.619925 9.00703
0.618267 7.00633
0.610718 8.23674
0.590339 8.66289
0.570062 9.20373
0.548716 9.1049
0.522828 6.25695
0.520126 7.48427
0.495951 6.93588
0.494626 8.59758
0.46536 6.6089
0.440235 7.70966
0.4398 7.65988
0.391646 10.0793
0.383412 9.74608
0.379132 6.87543
0.368544 5.97955
0.361205 8.17535
0.325628 6.84875
0.30623 6.84786
0.302568 7.30793
0.287199 7.88472
0.284631 9.0191
0.246234 6.85899
0.239883 7.73891
0.226134 7.46519
0.204823 9.26412
0.179066 8.24983
0.171004 10.3779
0.155867 9.75413
0.14841 10.898
0.140157 7.26244
0.103837 8.01343
0.0929521 8.25358
0.0889911 8.34054
0.0804362 9.48021
0.0695884 6.98112
0.0657487 11.4449
0.0481014 9.87119
0.0421061 10.3551
0.0346232 9.09677
0.0275566 7.5677
0.0162469 10.4915
0.0162115 8.66635
0.00585361 9.99357
0.00404408 9.04678
1 0 0 0 0 0 0 0 0 0 
0 0 0 0 0 0 0 0 0 1 
0 0 0.764791 0 0 0 0 0 0 0.235209 
0 0 0 0 0 0 0 0 0 1 
0 0 0 0 0 0 0 1 0 0 
0 0 0 0 0.41443 0 0.58557 0 0 0 
0 0 0 0 0 1 0 0 0 0 
0 0 0 1 0 0 0 0 0 0 
1 0 0 0 0 0 0 0 0 0 
0 0 0 0 0 1 0 0 0 0 
0 1 0 0 0 0 0 0 0 0 
0 0 0 0 0 0 0 0 1 0 
0 0 0.452724 0 0 0 0 0 0.547276 0 
0 0 0 0 0 0 0 0 0 1 
1 0 0 0 0 0 0 0 0 0 
0 0.171382 0 0 0 0 0 0.828618 0 0 
1 0 0 0 0 0 0 0 0 0 
0 0 0 0 0 0 1 0 0 0 
0 0 1 0 0 0 0 0 0 0 
0 0 1 0 0 0 0 0 0 0 
0.469466 0 0 0 0.530534 0 0 0 0 0 
0 0 0 0 0 0 1 0 0 0 
0 0.628358 0 0 0 0.265376 0 0 0.106266 0 
0 0 0 0 1 0 0 0 0 0 
0 0 0 0 1 0 0 0 0 0 
0 0 0 1 0 0 0 0 0 0 
0 0 0 0 0 0 0 0 0 1 
1 0 0 0 0 0 0 0 0 0 
0 0 0 1 0 0 0 0 0 0 
0 0 0 1 0 0 0 0 0 0 
0 0 0 1 0 0 0 0 0 0 
0 0 0 0 1 0 0 0 0 0 
0 0 0 0 0 1 0 0 0 0 
0 0 0 0 1 0 0 0 0 0 
0 0 0 0 0 0 0 1 0 0 
0 0 0 0 0 0 0 0 1 0 
0 0 0 0 0 1 0 0 0 0 
0 0 0 1 0 0 0 0 0 0 
0 0 0 0 0 1 0 0 0 0 
0 0 1 0 0 0 0 0 0 0 
0 0 0 0 0 0 0 0 1 0 
0 0 0 0 0 1 0 0 0 0 
0 0 0 0 0 0 0 1 0 0 
0 0 0 0 0 0 0 0 0 1 
0 0 0 0 0 1 0 0 0 0 
0 0 0 0 1 0 0 0 0 0 
0 0 0 0 0 0 0 0 1 0 
0 0 0 0 1 0 0 0 0 0 
0 0 0 0 0 0 0 0 0 1 
0 0 1 0 0 0 0 0 0 0 
0 0 0 0 0 1 0 0 0 0 
0 0 0 0 1 0 0 0 0 0 
0 0 0 0 0 0 1 0 0 0 
0 0 0 0 1 0 0 0 0 0 
0 0 0 0 0 0 1 0 0 0 
0 1 0 0 0 0 0 0 0 0 
0 0 0 1 0 0 0 0 0 0 
0 0 1 0 0 0 0 0 0 0 
0 0 0.484831 0 0 0 0.515169 0 0 0 
0 1 0 0 0 0 0 0 0 0 
0 0 0 0.609533 0 0.390467 0 0 0 0 
0 0 0 0 0 0 0 0 1 0 
0 0 0 0 1 0 0 0 0 0 
0 0 0 0 0.626688 0 0 0.373312 0 0 
0 1 0 0 0 0 0 0 0 0 
1 0 0 0 0 0 0 0 0 0 
0 1 0 0 0 0 0 0 0 0 
0 0 0 0 0 0 0 0 1 0 
0 0 0 1 0 0 0 0 0 0 
1 0 0 0 0 0 0 0 0 0 
1 0 0 0 0 0 0 0 0 0 
0 0 0 0.333523 0 0 0.666477 0 0 0 
0 0 0 0 0 0 0 0 0 1 
0 0 0 0 1 0 0 0 0 0 
0 0 0 0 0 0 0 0 1 0 
0 0 0 0 0 0 0 0 0 1 
0 0 1 0 0 0 0 0 0 0 
0 0 0 0 0 0 0 1 0 0 
0.253613 0.411753 0 0 0 0.334633 0 0 0 0 
1 0 0 0 0 0 0 0 0 0 
0 0 0 0 0 1 0 0 0 0 
0 0 0 0 0 0.437092 0 0 0 0.562908 
0 0 0 0 0 0 0 1 0 0 
0 0 0 0 0 1 0 0 0 0 
1 0 0 0 0 0 0 0 0 0 
1 0 0 0 0 0 0 0 0 0 
0 0.306956 0 0 0 0 0 0.693044 0 0 
0 0 0 0 0 1 0 0 0 0 
1 0 0 0 0 0 0 0 0 0 
0 0 0 0 0 0 0 0 1 0 
0 0 0 0 0 0 1 0 0 0 
0 0 1 0 0 0 0 0 0 0 
0 0 0 0 0 1 0 0 0 0 
0 0 0 0 1 0 0 0 0 0 
0 0 0 0 0 1 0 0 0 0 
0 0 0 0 0 0 0 0 1 0 
0 0 0 0 0 0 0 1 0 0 
0 0 0 0 0 0 0 0 1 0 
0 0 0 0 0 1 0 0 0 0 
0 0 0 0 1 0 0 0 0 0 
0 0 0 0 0 0 0 0 0 1 
0 0 0 0 0 0 0 1 0 0 
0 0 0 0 0 0 0 0 1 0 
0 0 0 1 0 0 0 0 0 0 
0 0 0.231887 0 0 0 0 0 0 0.768113 
0 0 0 0 0 0 0 1 0 0 
0 0 0 0 0 0 0 0 0 1 
0 0 0 0 0 0 0 1 0 0 
0 0 0 0 0 0 0 0 0 1 
0 0 1 0 0 0 0 0 0 0 
0 0 0 0 0 0 0 1 0 0 
0 0.605532 0 0 0 0 0.394468 0 0 0 
0 0 0 0 0 0 0.563792 0 0 0.436208 
0 0 0 0 0 0 0 0 1 0 
0 0 0 0 0 0 0 0 1 0 
0.343775 0.656225 0 0 0 0 0 0 0 0 
0 0 0.496622 0 0 0 0 0 0.503378 0 
0 0 0 0 1 0 0 0 0 0 
0 1 0 0 0 0 0 0 0 0 
0 0 0 0 0 1 0 0 0 0 
1 0 0 0 0 0 0 0 0 0 
0 0.8134 0 0.1866 0 0 0 0 0 0 
0 0 0.297565 0.498577 0 0 0 0 0.203858 0 
0 0 0 0 0 0 1 0 0 0 
0 0 0 0.723785 0 0 0.276215 0 0 0 
0 0 0 0 0 0 0 1 0 0 
0 0 0 0 0 0 0 0 0 1 
0 0 0 0 0 1 0 0 0 0 
0 0 0 0 0 0 0 0 1 0 
0 0 0 1 0 0 0 0 0 0 
0 0 0 0 0 0 0 1 0 0 
0 0 0 0 1 0 0 0 0 0 
0 0 0 0 1 0 0 0 0 0 
0.245256 0 0.754744 0 0 0 0 0 0 0 
0 0 0 0 0 0 0 0 1 0 
0 1 0 0 0 0 0 0 0 0 
0 1 0 0 0 0 0 0 0 0 
0 0 0.291774 0 0 0 0 0 0 0.708226 
0 0 0 0 0 0 1 0 0 0 
0 0 0 0 0 0 1 0 0 0 
0 0 0 0 1 0 0 0 0 0 
0.342031 0 0 0 0 0 0.657969 0 0 0 
0 0 0 0 0 0 0 1 0 0 
0 0 0 1 0 0 0 0 0 0 
0 0 0 0 0 0 0 0 0 1 
0 0 1 0 0 0 0 0 0 0 
0 0 1 0 0 0 0 0 0 0 
0 0 0 1 0 0 0 0 0 0 
0 0 0 0 0 0 1 0 0 0 
0 0 0 1 0 0 0 0 0 0 
0 0 0 0 0.712106 0 0 0.287894 0 0 
0 0 0 1 0 0 0 0 0 0 
1 0 0 0 0 0 0 0 0 0 
1 0 0 0 0 0 0 0 0 0 
0 0 0 0 0 0 0 0 1 0 
0 0 0 0 0 1 0 0 0 0 
1 0 0 0 0 0 0 0 0 0 
0 0 0 0 0 0 0 1 0 0 
0 0 0.289603 0 0.710397 0 0 0 0 0 
0 0 0 0.197559 0.510398 0 0 0 0 0.292043 
0 0 0 0 0 0 0 1 0 0 
0 0 0 0 0 0 0 0 0 1 
0 0 1 0 0 0 0 0 0 0 
0 0 0 0 0 0 0 1 0 0 
0 0 0 0 0 0 0 0 1 0 
0 0 0 0.617113 0 0 0 0 0 0.382887 
0 0 0 0 0.542867 0.457133 0 0 0 0 
0 0 0 0 0 0 0 0 0 1 
0 0 0 0 0 0 0 0 0 1 
0 0 1 0 0 0 0 0 0 0 
0 0 0 0 0 0 1 0 0 0 
0 1 0 0 0 0 0 0 0 0 
0 0 0 0 1 0 0 0 0 0 
0 0 0 0 0 1 0 0 0 0 
0 0 0 0 0 0 0 0 0 1 
0.417793 0 0 0 0 0 0 0 0.582207 0 
0 0 0 0 1 0 0 0 0 0 
0 0 0 0 0 0 0 0.675137 0 0.324863 
0 1 0 0 0 0 0 0 0 0 
0.450706 0 0 0 0 0.549294 0 0 0 0 
0 0 0 0 0 1 0 0 0 0 
0 0 0 1 0 0 0 0 0 0 
0 0 0 0 0 1 0 0 0 0 
0 0 0 0 0 0 0 1 0 0 
0 0 1 0 0 0 0 0 0 0 
0 0 0.537596 0.462404 0 0 0 0 0 0 
0 0 0 0 0 0 0 0 1 0 
0 0 0 0 0 0 0 1 0 0 
0 0 0 0.384142 0 0.615858 0 0 0 0 
0 0 0 0 0 0 0 0 0.593297 0.406703 
0 1 0 0 0 0 0 0 0 0 
1 0 0 0 0 0 0 0 0 0 
0 0 0 0 0 0 1 0 0 0 
0 0 0 1 0 0 0 0 0 0 
0 0 1 0 0 0 0 0 0 0 
0 0 0 0 0 0 0 0.538304 0.461696 0 
0 0 0 0 0 0 0 0 1 0 
0 0 0 0 0 0 0 0 0 1 
0 0 0 1 0 0 0 0 0 0 
0 0 0 0 0 0 0 0 1 0 
