5 25
0.689147
0.350821
0.697408
0.457701
0.388548
10.2499 0.856589
6.84584 2.00552
6.56191 2.45154
5.31766 3.25632
4.92137 3.4501
4.4508 4.0909
3.88897 3.96052
3.71505 3.28654
3.558 3.96088
3.31692 4.77042
3.23365 5.15009
2.64901 4.79178
2.11511 4.18683
0.776972 6.14458
0.685711 7.1078
0.673872 7.47746
0.659773 8.67459
0.626022 6.07545
0.29899 10.0672
0.246457 9.11922
0.135834 9.59727
0.129374 7.97202
0.127435 10.4324
0.0728114 9.21065
0.00536418 9.06151
0 1 0 0 0 
0 0 0 1 0 
0 0 0 1 0 
1 0 0 0 0 
0 0 1 0 0 
0 0 1 0 0 
0 0 0 1 0 
0 0 1 0 0 
0.129566 0 0.425953 0.444481 0 
0 1 0 0 0 
0.464269 0 0 0 0.535731 
0.51337 0 0 0 0.48663 
0 1 0 0 0 
0 0 1 0 0 
0 0 0 1 0 
0 1 0 0 0 
0 0 1 0 0 
0 0 0.602474 0.397526 0 
0 0 0 0 1 
1 0 0 0 0 
0 0 0 0 1 
0 0 0 1 0 
0 1 0 0 0 
0 0 0 0 1 
0 0 1 0 0 
