10 200
0.358385
0.637466
0.694845
0.476538
0.730246
0.576
0.356943
0.578776
0.642529
0.29034
12.0642 0.0943573
10.7906 0.523012
10.7705 0.494167
10.3277 0.353407
10.2551 0.601251
10.1714 0.955903
10.093 0.66161
10.0162 0.287546
9.88739 0.996852
9.70862 0.88842
9.66901 0.984376
9.28793 0.710342
9.10725 0.473708
8.93748 0.69555
8.7846 1.07027
8.72243 1.14363
8.70383 1.67511
8.69598 0.584452
8.08171 1.51433
7.84667 1.67869
7.7652 0.746097
7.74411 1.24531
7.62048 0.367269
7.55336 1.11165
7.53407 1.24405
7.42124 1.71419
7.41077 1.22414
7.34953 1.79565
7.23982 2.40896
7.08953 1.2924
7.02128 2.2328
7.01903 1.25703
6.96687 2.35018
6.93132 1.53474
6.89067 0.868221
6.88573 1.96105
6.88195 0.693436
6.71507 1.47236
6.70633 0.647129
6.58587 1.55434
6.34344 1.18439
6.26826 1.77509
6.09752 2.90868
6.08626 1.18925
5.95952 0.941133
5.88955 2.94633
5.72367 2.68799
5.61375 2.10992
5.30278 2.7943
5.27657 2.25957
5.09559 1.47147
5.00902 2.8398
5.00323 2.69364
4.98033 3.7357
4.69344 3.33596
4.45481 3.51248
4.41387 1.87659
4.30344 2.89541
4.1829 4.49376
4.12726 4.13997
4.06191 2.95127
3.89343 2.95216
3.86898 5.10615
3.86327 3.98027
3.78258 4.09399
3.74958 4.09201
3.74659 3.10928
3.59925 3.14808
3.58592 2.99836
3.56085 3.69687
3.47484 4.351
3.43046 3.41301
3.39348 3.05397
3.38648 3.85921
3.32357 4.46043
3.2915 4.49382
3.28771 3.24648
3.23542 4.06675
3.19797 4.14388
3.14546 4.98183
3.14351 4.55783
3.11854 3.55505
3.07047 4.01471
3.05467 5.46986
2.77583 4.21245
2.77202 4.76755
2.75177 4.72473
2.74618 5.23535
2.71787 4.54049
2.6934 5.2265
2.684 5.18652
2.64611 5.76035
2.57357 5.51552
2.52069 5.04594
2.51594 4.09077
2.47363 6.06272
2.44528 4.88682
2.43447 6.43827
2.42021 4.2276
2.401 3.57257
2.37652 4.65744
2.33673 5.92997
2.30248 5.33173
2.29785 5.53328
2.25884 5.70402
2.23589 5.38045
2.235 4.85256
2.1075 5.55297
2.09157 6.32115
1.96261 6.31801
1.91284 3.81136
1.83135 5.33939
1.79663 5.5245
1.69975 6.25963
1.6349 5.93403
1.62502 5.75373
1.41 6.72337
1.36126 7.68217
1.35439 5.14371
1.34072 4.83593
1.33735 5.83212
1.3121 6.52604
1.29253 6.4542
1.28965 6.21705
1.25039 5.18576
1.24507 7.50812
1.21984 5.68213
1.21162 6.18927
1.1727 8.26956
1.14894 7.21375
1.13191 6.07601
1.06984 5.77986
1.06106 7.67865
1.04283 8.77324
1.00971 7.00269
0.998867 6.94457
0.967897 5.17543
0.93873 7.22879
0.937045 7.66664
0.925711 5.5695
0.921329 7.52559
0.892077 7.8885
0.891225 6.24584
0.890296 7.86185
0.86378 7.67249
0.844122 7.27678
0.833348 5.92011
0.795099 6.87269
0.722825 9.03316
0.718344 6.27273
0.716952 6.46235
0.68336 6.86489
0.675708 8.86794
0.559426 6.43205
0.554948 9.73778
0.511009 6.71195
0.442944 8.21379
0.371455 9.86795
0.361793 7.14619
0.350556 6.91227
0.348041 7.14776
0.331593 9.55152
0.328298 6.33812
0.315154 9.40867
0.306404 6.65764
0.281271 8.38748
0.260164 6.90287
0.22168 6.69448
0.21738 7.17963
0.192065 10.1259
0.188137 6.90366
0.188112 9.08597
0.164728 8.96436
0.161926 10.6642
0.146744 6.6655
0.141863 10.636
0.133423 8.20283
0.132535 11.0761
0.124298 8.65099
0.110917 6.73032
0.107831 8.85365
0.0992005 7.12949
0.0906035 9.25965
0.0877334 10.2801
0.0872392 8.07636
0.0866128 8.63138
0.0709907 11.0627
0.0703886 10.6958
0.0685256 7.54213
0.0597526 8.79351
0.0520858 9.84593
0.0441046 7.19275
0.0402695 7.63547
0.0245359 10.664
0.0227847 11.6039
0.0222388 8.72657
0.0140302 11.6216
0.0054156 9.9251
0.00138488 8.70565
0.00116331 9.61611
0 0 0 0 0 1 0 0 0 0 
0 0 0 1 0 0 0 0 0 0 
0 0 0 0 0 1 0 0 0 0 
0 0 0 0 0 0 0 1 0 0 
0 0 0 0 0 0 1 0 0 0 
0 0 0 0 0 0 0 0 1 0 
0 0 0 1 0 0 0 0 0 0 
0 0 0.331391 0 0.668609 0 0 0 0 0 
0 0 0 0.729514 0 0 0 0 0 0.270486 
0 0 0 0 0 0 0 1 0 0 
0 0 1 0 0 0 0 0 0 0 
0.449496 0 0 0 0 0 0.176238 0.374266 0 0 
0 1 0 0 0 0 0 0 0 0 
1 0 0 0 0 0 0 0 0 0 
0 0 0 0 0 1 0 0 0 0 
0 0 0 0 0 0 1 0 0 0 
0.121375 0 0 0 0 0.878625 0 0 0 0 
0 0 1 0 0 0 0 0 0 0 
0 0 0 0 0 0 1 0 0 0 
0 0 0 0 0 1 0 0 0 0 
0 0 0 0.513639 0 0 0 0.486361 0 0 
0 0 0 1 0 0 0 0 0 0 
0 0 0 0 0 1 0 0 0 0 
0 0 0 0 0 0 0 1 0 0 
0 0 0 0 0 0 0 1 0 0 
0 0 0 0 0 0 0 0 1 0 
0 0.655329 0.344671 0 0 0 0 0 0 0 
0 0 0 0 0 0 0 0 0 1 
0 0 0 0 0 0 0 1 0 0 
0 0 0 0 0 1 0 0 0 0 
0 0 0 0 0 0 1 0 0 0 
0 0 0 0 1 0 0 0 0 0 
0 0 0 1 0 0 0 0 0 0 
0 0 0 0 1 0 0 0 0 0 
0 0 0 0.399056 0 0 0.600944 0 0 0 
0 1 0 0 0 0 0 0 0 0 
0 0 0 1 0 0 0 0 0 0 
0 0 0 0 1 0 0 0 0 0 
0 0 0 0 1 0 0 0 0 0 
0 0 0 0 0 0 0 0 0 1 
0 0 0 0 0 0 0 1 0 0 
0 0 1 0 0 0 0 0 0 0 
0 0 0 0 0 1 0 0 0 0 
0.493054 0 0 0 0 0 0 0 0.506946 0 
0 0 0 1 0 0 0 0 0 0 
0 0 0 0 0 0 0 1 0 0 
0 0 0 0 0 0 0 0 1 0 
0 0 0 0 0 0 0 1 0 0 
0 0 0 0 0 0 0 0 1 0 
0 1 0 0 0 0 0 0 0 0 
0 0.28382 0.71618 0 0 0 0 0 0 0 
0 0 0 0 0 0 0 0 0.445015 0.554985 
0 0 0.551172 0 0 0 0 0 0.448828 0 
0 0 0 0 0 1 0 0 0 0 
0 0 0 0.397666 0.602334 0 0 0 0 0 
0 0 0 0 0 1 0 0 0 0 
0 1 0 0 0 0 0 0 0 0 
1 0 0 0 0 0 0 0 0 0 
1 0 0 0 0 0 0 0 0 0 
1 0 0 0 0 0 0 0 0 0 
0 0 0 0 0 0 1 0 0 0 
0 0 0 1 0 0 0 0 0 0 
0 0 0 0 0 0 0 0 0 1 
0 0 0 0 0 0 0 1 0 0 
0 0 1 0 0 0 0 0 0 0 
0 0 0 1 0 0 0 0 0 0 
0 1 0 0 0 0 0 0 0 0 
0 0 0 0 0 0.839641 0 0 0 0.160359 
0 0 0 0 0 1 0 0 0 0 
0 0 0 1 0 0 0 0 0 0 
0 0 0 0 0 0 0 0 0 1 
0 0 1 0 0 0 0 0 0 0 
0 0 0 0 0 0 1 0 0 0 
0 0 0 0 0 0 0 1 0 0 
0 0 0 1 0 0 0 0 0 0 
1 0 0 0 0 0 0 0 0 0 
0 0 0 0 0.672507 0 0.327493 0 0 0 
0 0 0 0 0 1 0 0 0 0 
0 0 0 0 1 0 0 0 0 0 
0 0 0 0 1 0 0 0 0 0 
0 0.582115 0 0 0.417885 0 0 0 0 0 
0 0 1 0 0 0 0 0 0 0 
1 0 0 0 0 0 0 0 0 0 
0 0 0 1 0 0 0 0 0 0 
0 0 0 0 0 0 1 0 0 0 
0 0 0 0 0 0.530226 0 0 0.469774 0 
0 0 0 0 0 1 0 0 0 0 
0.73186 0 0 0 0 0 0.26814 0 0 0 
0.566147 0 0 0 0.433853 0 0 0 0 0 
0 0 0 0 0 0 0 0 1 0 
0 0 0 1 0 0 0 0 0 0 
0 0 0 1 0 0 0 0 0 0 
0 0 1 0 0 0 0 0 0 0 
0 0 0 0 0 1 0 0 0 0 
0 1 0 0 0 0 0 0 0 0 
0.682472 0 0 0 0 0.317528 0 0 0 0 
0 0 0 0 0 0 0 0 1 0 
0.292056 0 0 0 0 0 0.707944 0 0 0 
0 0 0 0 0 0 0 0 0 1 
0 0 0 0.507331 0.328666 0 0 0.164003 0 0 
0 0 0 0 0 0 1 0 0 0 
0 0 1 0 0 0 0 0 0 0 
0 0 0 0 0 0 0 1 0 0 
0 0 0 1 0 0 0 0 0 0 
0 0 0 1 0 0 0 0 0 0 
0 1 0 0 0 0 0 0 0 0 
0 1 0 0 0 0 0 0 0 0 
0 0 0 0 0 0 1 0 0 0 
0 0 0 1 0 0 0 0 0 0 
0 1 0 0 0 0 0 0 0 0 
0 0 1 0 0 0 0 0 0 0 
0 0 0 0 0 0 0 1 0 0 
0.478586 0 0 0 0.521414 0 0 0 0 0 
0 0 0 0 0 0 0 0 0 1 
0 0 0 1 0 0 0 0 0 0 
1 0 0 0 0 0 0 0 0 0 
0 0 1 0 0 0 0 0 0 0 
0 1 0 0 0 0 0 0 0 0 
0 1 0 0 0 0 0 0 0 0 
0 0 0 0 0 0 0 1 0 0 
0 0 0 0 0 0 1 0 0 0 
0 0 1 0 0 0 0 0 0 0 
0 0 0 1 0 0 0 0 0 0 
0 0 1 0 0 0 0 0 0 0 
0 0 1 0 0 0 0 0 0 0 
0 1 0 0 0 0 0 0 0 0 
0 1 0 0 0 0 0 0 0 0 
0 0 0 0 0 0 1 0 0 0 
0 0 0.241436 0.758563 0 0 0 0 0 0 
0 0 0 0 0.560712 0 0 0 0 0.439288 
0 0 0 0 0 0 0 0 1 0 
0 0 0 0 0.746766 0 0.253234 0 0 0 
0 0 1 0 0 0 0 0 0 0 
0 1 0 0 0 0 0 0 0 0 
0 1 0 0 0 0 0 0 0 0 
0.743617 0.256383 0 0 0 0 0 0 0 0 
0 0 0 0 0 0 0 1 0 0 
0 0 0 0.706192 0 0 0.293808 0 0 0 
0 0 0 1 0 0 0 0 0 0 
0 0 0 0 0 0 0 0 1 0 
0 0 1 0 0 0 0 0 0 0 
1 0 0 0 0 0 0 0 0 0 
0 0 0 0 0 0 0 0 0 1 
0 0 0 0 0 0 0 0 0 1 
0 0 1 0 0 0 0 0 0 0 
0 0 0 0 0 0 0 0 0 1 
0 0 0 0 0 0 0 0 0 1 
0 0 1 0 0 0 0 0 0 0 
0 0 0 1 0 0 0 0 0 0 
0 0 0 0 0 0 1 0 0 0 
0 0 1 0 0 0 0 0 0 0 
0 0 0 0.557314 0 0 0 0.442686 0 0 
1 0 0 0 0 0 0 0 0 0 
0 1 0 0 0 0 0 0 0 0 
0 0.861368 0 0 0 0 0 0 0.138632 0 
0 0 0 0 0 0 0 0 1 0 
0 1 0 0 0 0 0 0 0 0 
0 0 0 0 0 1 0 0 0 0 
0 0 0 0 0 0 1 0 0 0 
0 0 0 0 1 0 0 0 0 0 
0 0 0 0 0.350277 0.649723 0 0 0 0 
0.734122 0 0 0 0 0 0 0 0.265878 0 
0 0 0 0 0 0 0 0 0 1 
0 0 0 0 0 1 0 0 0 0 
0 0 0 0 0 0 0 1 0 0 
0 0 0 0 0 0 0 0.768863 0 0.231137 
0 0 0 0 0 0 0 0 1 0 
0 0 0 0.146406 0 0 0 0 0 0.853594 
1 0 0 0 0 0 0 0 0 0 
0 1 0 0 0 0 0 0 0 0 
0 0 1 0 0 0 0 0 0 0 
1 0 0 0 0 0 0 0 0 0 
0 0 0 0 0 0 0 0 0 1 
0 0 0 0 1 0 0 0 0 0 
1 0 0 0 0 0 0 0 0 0 
0 0 0 0 1 0 0 0 0 0 
0 0 0.282459 0 0 0 0.173099 0.544442 0 0 
0 0 0 0 0 0 0 0 1 0 
0 0 0 0 0 0 0 1 0 0 
0 0 0 0 1 0 0 0 0 0 
0 0 0 0 0 1 0 0 0 0 
0 0 0 0 1 0 0 0 0 0 
0 0 1 0 0 0 0 0 0 0 
0 0 1 0 0 0 0 0 0 0 
0 0 0 0 0 0 1 0 0 0 
0 1 0 0 0 0 0 0 0 0 
0 0 0.694534 0.305466 0 0 0 0 0 0 
0 0 1 0 0 0 0 0 0 0 
0 0 0 0 0 0 0 1 0 0 
0 0 0 0 0 0 0 1 0 0 
0 0 0 0 0 1 0 0 0 0 
0 0 0 1 0 0 0 0 0 0 
0 0 0 0 0 0 1 0 0 0 
0.219388 0 0 0 0 0 0 0 0 0.780612 
0 0 0 0 0 1 0 0 0 0 
0 0 0 0 0 0 0 0 0 1 
0 0 0 0 0 1 0 0 0 0 
0 0 0 0 1 0 0 0 0 0 
0 0 0 0 0 0 0 1 0 0 
0.735523 0 0 0 0 0 0 0 0 0.264477 
