10 150
0.719875
0.305602
0.25069
0.265676
0.276578
0.529953
0.749048
0.592879
0.656798
0.741315
12.1882 0.125806
10.8973 0.307064
10.0543 0.541628
9.91616 0.467337
9.87156 0.801925
9.62631 0.879259
9.29216 0.222054
8.79264 0.801052
8.65151 1.53587
8.63072 0.179336
8.23525 0.497113
8.20549 1.66334
8.19377 2.00012
7.95151 1.99122
7.6585 0.377331
7.65576 0.275361
7.64942 0.835204
7.63504 1.79478
7.6266 1.00965
7.46524 1.43785
7.39853 0.373446
7.17774 2.37614
7.12094 0.374938
6.9864 1.03048
6.7935 1.80749
6.67389 0.932345
6.6541 1.98416
6.561 2.08623
6.54559 2.26903
6.52389 2.77617
6.49862 1.18548
6.4372 2.07309
6.40994 2.20252
6.34144 2.51061
6.17327 2.81014
6.1633 2.12075
6.04146 2.31168
5.45831 2.42856
5.43657 2.42883
5.2261 3.26831
5.20579 3.66128
5.03418 3.14094
5.02815 2.67195
4.95408 2.35408
4.87102 4.2385
4.8033 2.343
4.75818 2.45119
4.67877 3.59164
4.34233 3.18161
4.32067 2.61796
4.27438 2.25928
4.2577 3.72531
4.24201 2.80624
4.21548 2.8326
4.18253 4.98579
4.08257 3.03969
4.02378 4.52109
3.95769 3.62507
3.83244 3.17253
3.80675 3.56691
3.718 3.20912
3.67547 3.73838
3.47725 5.05341
3.31885 3.71619
3.20146 5.22688
3.16433 4.661
3.1495 4.06852
3.12272 5.27581
3.06301 5.75433
3.04122 3.55365
2.95848 5.12176
2.88154 3.70886
2.78215 4.40123
2.67946 5.18764
2.67899 5.56832
2.64259 3.5866
2.59076 4.86498
2.55585 4.0225
2.53716 4.48264
2.52033 5.90577
2.51426 4.69331
2.49254 4.1198
2.43117 6.08478
2.30336 4.25915
2.27122 4.82126
2.24501 4.12309
2.23091 4.57514
2.2255 3.72366
2.18439 4.36265
2.10684 4.8535
1.92362 5.87026
1.84813 7.39125
1.63538 5.89787
1.53248 7.71268
1.4664 5.2425
1.36221 4.6768
1.21426 6.11093
1.20769 6.07382
1.18422 6.3605
1.14265 6.32922
1.1072 6.275
1.0511 6.83228
1.02499 6.30299
0.972387 7.05848
0.950994 5.97826
0.926805 8.20212
0.836235 6.26016
0.79862 5.66678
0.789965 5.59384
0.77603 8.75937
0.656115 8.12564
0.500468 9.46149
0.414872 6.66862
0.401506 7.02403
0.381752 8.46671
0.380222 7.91716
0.350914 7.72941
0.350231 9.28626
0.340856 8.65522
0.305933 7.91794
0.29956 8.63422
0.296252 6.95308
0.287932 9.2997
0.279587 8.41304
0.244094 8.84215
0.241042 9.72001
0.239173 9.76623
0.231331 9.31235
0.223397 9.92841
0.215143 8.87338
0.207546 9.56556
0.195178 7.89329
0.179915 8.31287
0.177359 9.04772
0.174547 8.36172
0.169555 6.61168
0.158188 9.17824
0.131349 8.77389
0.121137 8.43259
0.100663 10.3953
0.0871781 7.70132
0.0621314 8.50871
0.0581347 10.6604
0.0283188 8.35009
0.0245569 11.1833
0.0152693 8.1338
0.0122213 8.53921
0.00473555 10.3376
0.00412872 8.73541
0.00317815 8.35898
0 0 0 0 0 0 0 1 0 0 
0 0 0 0 0 0.693608 0 0 0.306392 0 
0 0 0 0.482198 0 0 0.517802 0 0 0 
0 0 0 0 0 1 0 0 0 0 
0 0 0 0 0 1 0 0 0 0 
0 0.605632 0 0 0 0 0 0.394368 0 0 
0 0 0 0 0 1 0 0 0 0 
0 0 0 1 0 0 0 0 0 0 
0 0 0 0 0 1 0 0 0 0 
0 0 0 0 0 0 0 0 0.616775 0.383225 
0 0 0 0 0 0.396603 0 0.603397 0 0 
0 0 0 0 0 0 0 0 1 0 
0 0 0 0 0 0 0 1 0 0 
0 0 0 0 0 0 1 0 0 0 
1 0 0 0 0 0 0 0 0 0 
0 0.49226 0 0 0 0 0 0 0.50774 0 
0 0 0 0 0 1 0 0 0 0 
0 0.779694 0 0 0 0 0 0 0.220306 0 
0 0 0 0 0 0 1 0 0 0 
0 0 1 0 0 0 0 0 0 0 
0 0 0 0 0 0 0 1 0 0 
0 1 0 0 0 0 0 0 0 0 
0 0 0 0 0 0 0 1 0 0 
0 0 0 0 0 0 0 0 0 1 
0 0 0 0 1 0 0 0 0 0 
0 0 0 0 0 0 0 1 0 0 
0 1 0 0 0 0 0 0 0 0 
0 0 0 0 0 0 1 0 0 0 
0 0 0 0 0 0 0 0 0 1 
0 0 0 0 0 0 1 0 0 0 
0 0 1 0 0 0 0 0 0 0 
0 0 0 0 0 0 0 0 1 0 
0 0 0 1 0 0 0 0 0 0 
0 0 0 0 0 0 0 0 0 1 
1 0 0 0 0 0 0 0 0 0 
0 0 1 0 0 0 0 0 0 0 
0 0 0 0 0 1 0 0 0 0 
1 0 0 0 0 0 0 0 0 0 
0 0 0 0 0 0 0 0 1 0 
0 0 0 0 0 1 0 0 0 0 
0 0 0 0 0 0 0 1 0 0 
0 0 1 0 0 0 0 0 0 0 
0 0 0 0 0 0 0 0 1 0 
0 0 0 0 0 0 0 0.714197 0 0.285803 
0 0 0 1 0 0 0 0 0 0 
0 0 0 0 0 0 0 1 0 0 
1 0 0 0 0 0 0 0 0 0 
0 0 0 1 0 0 0 0 0 0 
0 0 0 1 0 0 0 0 0 0 
0 0 0 0 0.304921 0 0.695079 0 0 0 
0 0 0 0 1 0 0 0 0 0 
1 0 0 0 0 0 0 0 0 0 
0 1 0 0 0 0 0 0 0 0 
0 0.302178 0.253885 0 0 0 0 0.443937 0 0 
1 0 0 0 0 0 0 0 0 0 
0 0 0 0.488689 0 0 0 0.511311 0 0 
0 0 0 0 0 0 0 0 0 1 
0 0 0 0 0 0 1 0 0 0 
0 0 0 0 0 0 0.325587 0.674413 0 0 
0 0 0 0 0 1 0 0 0 0 
0.57978 0 0 0 0 0 0 0.42022 0 0 
0 0 0 0 0 0.560878 0 0 0.439122 0 
0 0 0 0 0 0 0 0 0 1 
0 0 0.272671 0 0 0 0 0 0 0.727329 
0 1 0 0 0 0 0 0 0 0 
0 0 0 0 0 1 0 0 0 0 
0 0 0 0 0.702294 0 0 0.297706 0 0 
0 0 0 0 0.520472 0 0.479528 0 0 0 
0 0 0 0 0 0 0 1 0 0 
0 0 0 0 0 0 1 0 0 0 
0 0 0 1 0 0 0 0 0 0 
0 0 0 0 0 1 0 0 0 0 
0 0 0 0 0 0 0 1 0 0 
0 0 1 0 0 0 0 0 0 0 
0 0 0 0 0 0 1 0 0 0 
0 0 0 1 0 0 0 0 0 0 
0.493112 0 0.506888 0 0 0 0 0 0 0 
0 0 1 0 0 0 0 0 0 0 
0 0 0 0 0 0 1 0 0 0 
0 0 1 0 0 0 0 0 0 0 
0 0 0.726169 0 0 0 0.273831 0 0 0 
0 0 0 0.717844 0.282156 0 0 0 0 0 
0 0 0 0 1 0 0 0 0 0 
0 0 0 1 0 0 0 0 0 0 
0 0 0 0 1 0 0 0 0 0 
0 0 0 0 0 0 0 0 0 1 
0 1 0 0 0 0 0 0 0 0 
0 0.462282 0 0.537718 0 0 0 0 0 0 
0 0 0 0 0 0 0 1 0 0 
0 1 0 0 0 0 0 0 0 0 
0 1 0 0 0 0 0 0 0 0 
0 0 0 0 0 0 0 1 0 0 
0 0 0 0.0981799 0 0 0.90182 0 0 0 
0 1 0 0 0 0 0 0 0 0 
0 0 0 0 1 0 0 0 0 0 
0 0 0 0 0 0 0 0 1 0 
0 0 1 0 0 0 0 0 0 0 
0 0 0 0 1 0 0 0 0 0 
0 0 0 0 0 0 0 0 0 1 
0 0 0 0 0 0 0 0 0 1 
0 0 0 0 0 0 0 0 1 0 
0 1 0 0 0 0 0 0 0 0 
0 0 0 0 1 0 0 0 0 0 
0.741943 0 0 0 0 0 0 0.258057 0 0 
0 0 0 0 0 0 0 1 0 0 
0 0 0 0 0 1 0 0 0 0 
0 0 0 0 1 0 0 0 0 0 
0 1 0 0 0 0 0 0 0 0 
0 0 0 1 0 0 0 0 0 0 
0 0 0 0 0 0 0 0 1 0 
0 0 0 0 0 0 0 1 0 0 
0 0 0 0 0 1 0 0 0 0 
0 0 0 0 0 0 0 1 0 0 
0 0 0 0 0 0 0 1 0 0 
0 0 0 0 0 0 0 1 0 0 
0 0.466811 0 0 0 0.533189 0 0 0 0 
0 0 0 0.241225 0 0 0.384625 0.37415 0 0 
0 0 0 0 0 1 0 0 0 0 
0 0 0 0 0 0 0.366559 0 0 0.633441 
0 0 0 1 0 0 0 0 0 0 
0 0 1 0 0 0 0 0 0 0 
0 0 0 1 0 0 0 0 0 0 
0 0 0 1 0 0 0 0 0 0 
0 0 0 0 0 1 0 0 0 0 
0 0 0 0 0 0 0 1 0 0 
0 0 0 0 0 1 0 0 0 0 
1 0 0 0 0 0 0 0 0 0 
0 0 0 0 0 1 0 0 0 0 
0 1 0 0 0 0 0 0 0 0 
0 0 0 0 0 1 0 0 0 0 
0 0 0 0 0.515704 0 0 0 0 0.484296 
0 0 0 0 0 1 0 0 0 0 
0 0 0 0 0 0 0 0 0 1 
0 0 0 0 0 0 0 1 0 0 
0 0 0 0 0 1 0 0 0 0 
1 0 0 0 0 0 0 0 0 0 
1 0 0 0 0 0 0 0 0 0 
0 0 0 0 0 1 0 0 0 0 
0 0 0 0 0 0 0 0 1 0 
0 1 0 0 0 0 0 0 0 0 
0 0 0 0 0 1 0 0 0 0 
1 0 0 0 0 0 0 0 0 0 
0 0 0 0 0 0 0 0 1 0 
0 0 0 0 1 0 0 0 0 0 
0 0 0 0 0 0 0 0 1 0 
0 0 0 0 0 0 0 0 0 1 
0 0 0 0 0 0 1 0 0 0 
0 0 0 0 1 0 0 0 0 0 
0 0 0 0 0 0 0 1 0 0 
0 0 0.480766 0 0 0 0 0 0 0.519234 
