10 300
0.405151
0.743788
0.543091
0.474832
0.725556
0.296785
0.541698
0.277667
0.535436
0.467495
11.9429 0.179594
11.8561 0.198199
11.3424 0.137914
11.3149 0.406219
11.229 0.460862
10.6182 0.294473
10.4536 0.260459
10.2147 0.121422
10.1733 0.506066
9.85386 0.567151
9.78113 0.953341
9.65268 1.23774
9.61077 0.494933
9.55073 0.503292
9.50722 0.651892
9.49333 0.188621
9.36437 0.221349
9.27115 0.620697
9.13359 0.146236
9.1129 0.883896
9.06105 1.47432
8.98375 1.59437
8.93928 0.958703
8.91268 1.04696
8.90572 0.172778
8.89726 1.52517
8.73992 1.26059
8.64593 0.303968
8.63874 0.80585
8.62407 0.995409
8.58175 0.92015
8.57013 1.93495
8.47063 1.99635
8.34971 1.4749
8.17879 1.42576
8.03435 1.67096
8.03251 0.895391
8.02972 0.531052
8.01877 1.64399
7.99207 0.681773
7.90954 1.85534
7.90749 0.482777
7.8843 1.62547
7.81273 0.162993
7.77882 1.2559
7.6579 0.506426
7.57528 0.1396
7.49223 1.19533
7.42655 2.12345
7.33839 2.81204
7.22555 1.3709
7.2062 1.76129
7.16677 1.12126
7.14372 1.72714
7.046 2.13347
7.01857 0.779568
7.01519 1.84148
6.98846 1.75296
6.92399 1.19898
6.87625 2.06918
6.83982 2.70269
6.72841 1.86297
6.67818 2.04606
6.67571 2.95486
6.61119 2.41175
6.47275 1.85416
6.45822 2.84185
6.4474 1.98106
6.30619 1.77689
6.26115 1.41903
6.26055 0.894034
6.21942 1.96022
6.13233 3.26286
6.07869 2.93494
5.95136 2.13269
5.79107 1.31964
5.61504 2.61323
5.58101 1.45294
5.56651 2.64134
5.56409 2.15621
5.55521 4.00221
5.54943 2.51725
5.4766 3.10214
5.41691 3.31111
5.29253 2.99584
5.21844 1.66247
5.21287 2.58356
5.20878 2.5195
5.11484 2.79959
5.10213 3.94371
5.07337 2.43046
5.06216 2.36588
4.86418 3.43258
4.72427 3.01747
4.68114 2.16906
4.68033 3.24894
4.67284 3.98866
4.65509 3.62203
4.65081 3.77078
4.64247 3.22706
4.59118 3.56414
4.47997 3.58691
4.40519 2.89169
4.38141 3.39764
4.33714 2.68492
4.20025 2.49643
4.16113 3.86734
4.09109 5.31674
4.07948 3.04954
4.06739 4.00407
4.02624 4.30397
4.00576 3.15774
3.95489 3.69466
3.94691 3.58517
3.7474 3.81216
3.74636 2.88912
3.71533 3.90489
3.68931 2.78447
3.67422 4.53501
3.67072 3.56694
3.64728 3.34792
3.63307 4.06454
3.59462 4.00558
3.57413 3.91604
3.50624 3.5294
3.44392 4.20672
3.43224 3.5068
3.42573 3.88837
3.41754 3.86689
3.37912 5.15694
3.37041 3.19086
3.36983 4.21616
3.34401 3.05145
3.31408 4.61209
3.13829 3.36242
3.13075 3.37596
3.10474 4.51982
3.10182 3.43845
3.08589 3.87374
3.07181 5.20194
3.03103 4.74617
2.88756 6.23548
2.84869 4.56624
2.8239 4.44263
2.75815 4.51956
2.50742 4.01113
2.49861 4.64895
2.48156 6.50107
2.48033 5.53379
2.44975 4.26733
2.34373 6.23249
2.31778 5.02387
2.28383 4.85587
2.27007 5.11905
2.24502 5.80199
2.22655 5.83689
2.22411 6.59256
2.20235 6.39561
2.19847 4.85908
2.19653 4.72549
2.18851 5.25681
2.12278 5.90453
2.05887 3.91454
2.03568 5.30012
1.98833 5.83383
1.97255 4.73655
1.92742 4.04964
1.92462 4.59043
1.91453 6.96823
1.91366 5.07126
1.82339 6.95225
1.80543 5.88405
1.77378 5.39576
1.74908 4.66912
1.72495 6.3965
1.71291 6.54131
1.70211 6.22444
1.64548 4.82867
1.60384 6.76886
1.57526 7.70814
1.57436 5.54194
1.53406 4.47503
1.45601 5.02503
1.45574 6.46531
1.40345 5.47281
1.39113 5.30187
1.37603 7.87019
1.37535 5.00161
1.36611 6.75139
1.35311 7.45122
1.33281 5.6381
1.31496 5.30792
1.30855 5.80887
1.29836 7.46093
1.27981 8.26204
1.24634 7.01104
1.2106 5.49471
1.20911 7.14404
1.20246 6.8031
1.19934 4.77396
1.16275 6.04911
1.14971 7.00343
1.14958 7.141
1.14758 8.14344
1.05822 5.84327
1.05675 6.735
1.04948 7.82402
1.03775 6.70849
1.01703 5.83535
0.964284 5.24741
0.925478 7.91715
0.923165 7.12867
0.888049 7.53262
0.879679 8.14021
0.865238 5.96397
0.852325 6.52319
0.851286 8.1743
0.784526 8.23901
0.773862 8.15434
0.768933 6.85609
0.766875 8.09415
0.741711 6.83168
0.688181 7.49711
0.687054 6.0305
0.674481 7.99734
0.670337 7.33575
0.650122 6.14169
0.616556 6.11646
0.615001 6.48663
0.613393 5.77807
0.605882 6.28753
0.58813 8.76723
0.55356 6.05944
0.510771 8.55126
0.49394 5.9473
0.475285 8.778
0.474607 7.22922
0.442258 7.41385
0.412724 7.57511
0.407997 6.53558
0.395875 6.88475
0.389144 8.91796
0.372373 6.31975
0.333819 6.61944
0.317026 6.35605
0.302311 6.3123
0.300678 9.29492
0.26785 8.11373
0.242524 9.22558
0.242281 7.74686
0.239897 8.71086
0.220443 10.2723
0.217817 9.50735
0.213323 7.23588
0.199195 7.14793
0.193346 10.7532
0.189958 10.0871
0.188293 9.29682
0.184697 6.52815
0.168538 6.60954
0.167756 7.76719
0.159102 7.78736
0.158903 7.45091
0.153647 9.56921
0.148787 8.49357
0.130117 8.4588
0.120252 10.3657
0.11989 7.15976
0.116672 6.93812
0.115849 8.64143
0.107645 9.09604
0.100545 7.30446
0.0994709 9.39308
0.0953284 8.58835
0.08506 8.15126
0.0774174 10.3255
0.0669116 9.35239
0.0668985 9.66974
0.0667647 9.45111
0.0580048 9.46429
0.0498454 7.91686
0.049191 9.68744
0.0444583 10.4109
0.0370033 9.01642
0.0357996 8.78812
0.0321681 8.94023
0.030642 7.26514
0.0296556 10.0576
0.0268276 11.053
0.0220867 10.4563
0.0218319 11.9028
0.0127024 9.71017
0.0096432 11.7661
0.00809701 11.5089
0.00747699 7.4752
0.00739163 7.52065
0.0057535 12.0023
0.00559154 8.41972
0.00260857 11.9048
0.0009998 10.4218
0 0 0 0 1 0 0 0 0 0 
0 0 0 0 1 0 0 0 0 0 
0 0 1 0 0 0 0 0 0 0 
0 0 0 0 0 0 0.685636 0.314364 0 0 
0 0.598795 0 0 0 0 0 0 0 0.401205 
0 0 0 0 0 0 0 1 0 0 
0 0 0 0 0 0 0 0 0 1 
0 0 0 0 0 0 1 0 0 0 
0 0 0 0 0 1 0 0 0 0 
0 0.20867 0 0 0 0 0.79133 0 0 0 
0 1 0 0 0 0 0 0 0 0 
0 0 0 1 0 0 0 0 0 0 
0.304503 0 0 0 0 0 0 0 0.695497 0 
0 0.334234 0.665766 0 0 0 0 0 0 0 
0 0 0 0 0 1 0 0 0 0 
0 1 0 0 0 0 0 0 0 0 
0 0 0 0 0 0 1 0 0 0 
0 0 0 0 0 0 1 0 0 0 
0 0 0 0 0 0 1 0 0 0 
0 0 0 0 0 1 0 0 0 0 
0 0 0 0 0 0 0 0 1 0 
1 0 0 0 0 0 0 0 0 0 
0 0 0 0.692407 0 0 0 0.307593 0 0 
0 0 0 1 0 0 0 0 0 0 
0 0 1 0 0 0 0 0 0 0 
0 0 0 0 0 0 0 0 1 0 
0 0 0 0 1 0 0 0 0 0 
0 0 0.386056 0 0 0 0 0 0.613944 0 
1 0 0 0 0 0 0 0 0 0 
0 0 0 0 0 0 0 1 0 0 
0 0 0 0 0 0 0 0 0 1 
0 0 0 0 0 0 1 0 0 0 
0 0 0 0 0 1 0 0 0 0 
0 0 0 0 1 0 0 0 0 0 
0 0 0 0.376014 0 0 0.0758208 0 0 0.548165 
0 0 0 0 0 0 0 0 1 0 
0 0 0 1 0 0 0 0 0 0 
0 1 0 0 0 0 0 0 0 0 
0 0 0 0 1 0 0 0 0 0 
0 0 0.451396 0 0 0 0.548604 0 0 0 
0 0 0 0 0 0 1 0 0 0 
0 1 0 0 0 0 0 0 0 0 
0 0 0 0 0 0 1 0 0 0 
0 0 0 0 1 0 0 0 0 0 
1 0 0 0 0 0 0 0 0 0 
0 0 0 1 0 0 0 0 0 0 
0 0 1 0 0 0 0 0 0 0 
0 0 0 0 0 1 0 0 0 0 
0 0 0 1 0 0 0 0 0 0 
0 0 0 0 0 0 0 0 0 1 
1 0 0 0 0 0 0 0 0 0 
0 0 0 0 1 0 0 0 0 0 
0 0 0 0 0 0 1 0 0 0 
1 0 0 0 0 0 0 0 0 0 
0 0 1 0 0 0 0 0 0 0 
0 0 0 0 0 0 0 0 1 0 
0 1 0 0 0 0 0 0 0 0 
1 0 0 0 0 0 0 0 0 0 
1 0 0 0 0 0 0 0 0 0 
0 0 0 0 0 1 0 0 0 0 
0 0 0 0 0 0 0 1 0 0 
0.890384 0 0 0.109616 0 0 0 0 0 0 
0 0 0 0 0 0 0 0 0 1 
0 0 0 0 0 0 1 0 0 0 
0 0 0 0 0 0 1 0 0 0 
0 0 0 0.549198 0 0 0 0 0 0.450802 
0 0 0 0 1 0 0 0 0 0 
0 0 0 0 0 0 0 0 0 1 
0 0 0 0 0 0.486616 0 0 0.513384 0 
0 0 0 0.686797 0 0 0.313203 0 0 0 
0 0 0 0 0 0 0 1 0 0 
0 0 0 0 0 0 1 0 0 0 
0 0 1 0 0 0 0 0 0 0 
0 0 0 0.391345 0 0 0.608655 0 0 0 
0 1 0 0 0 0 0 0 0 0 
0 0 0 0.537979 0.462021 0 0 0 0 0 
1 0 0 0 0 0 0 0 0 0 
0 0 0 0 0 0 0 1 0 0 
0.354663 0 0 0 0.645337 0 0 0 0 0 
0 0 0 1 0 0 0 0 0 0 
0 1 0 0 0 0 0 0 0 0 
0 0 0 1 0 0 0 0 0 0 
0 0 0 0 0.48456 0 0 0 0 0.51544 
0 0 0 0 0 0 0 0 1 0 
0 0 0 1 0 0 0 0 0 0 
0 0.482359 0 0 0 0 0 0.51764 0 0 
0 0 0 1 0 0 0 0 0 0 
1 0 0 0 0 0 0 0 0 0 
1 0 0 0 0 0 0 0 0 0 
0 0 0 0.359892 0 0 0 0 0.640108 0 
0 0 0 0 0 0 0 0 0 1 
0.198878 0 0 0 0 0 0 0 0 0.801122 
0 0 0 0 0 0 1 0 0 0 
1 0 0 0 0 0 0 0 0 0 
0 0 0 1 0 0 0 0 0 0 
0 0 0 0 1 0 0 0 0 0 
1 0 0 0 0 0 0 0 0 0 
0 1 0 0 0 0 0 0 0 0 
0 1 0 0 0 0 0 0 0 0 
0 0 0 1 0 0 0 0 0 0 
0 0.277913 0 0.722087 0 0 0 0 0 0 
0 0 0 0 0 0 1 0 0 0 
0 0 0 0 1 0 0 0 0 0 
1 0 0 0 0 0 0 0 0 0 
0 0 0 0 1 0 0 0 0 0 
0 0 0 0 0 0 0 1 0 0 
1 0 0 0 0 0 0 0 0 0 
0 0 0 0 1 0 0 0 0 0 
0 0 0 0 0 0 0 1 0 0 
0 0 0 0 1 0 0 0 0 0 
0 0 0 0 0 0 0 0 1 0 
0 0 0 0 0 0 1 0 0 0 
0 0 0 0 0 0 1 0 0 0 
0 0 0 1 0 0 0 0 0 0 
0 0 0 0 0 0 0.224729 0 0.775271 0 
0 0 1 0 0 0 0 0 0 0 
0 0 0 0 0 0 0 0 1 0 
0 0 0 0 1 0 0 0 0 0 
0 0 0 0 0 0 1 0 0 0 
0 0 0 0 0.743182 0 0 0 0.256818 0 
0 0 0 1 0 0 0 0 0 0 
0 0 0 0 1 0 0 0 0 0 
0 0 0 0 1 0 0 0 0 0 
1 0 0 0 0 0 0 0 0 0 
0 0 0 1 0 0 0 0 0 0 
0.447162 0 0 0.552838 0 0 0 0 0 0 
0 0 1 0 0 0 0 0 0 0 
0 1 0 0 0 0 0 0 0 0 
0 0 0 0 0 0 0 1 0 0 
0 0 0 0 0 0 0.522087 0.477914 0 0 
0 0 1 0 0 0 0 0 0 0 
0 0 0 0 0 1 0 0 0 0 
0 0 0 0 0 0 0 0 0 1 
0 0 0 0 0.542393 0.457607 0 0 0 0 
0 0 0 0 0 0 1 0 0 0 
0 0 0 0 0 0 1 0 0 0 
0 0 0 0 0 0 0 0 0 1 
0 0 0 1 0 0 0 0 0 0 
0 0 0 0 0 0 0 0 0 1 
0 0 0 0 0 0 0.29724 0 0 0.70276 
0 0 0 0 0 0 0 0 1 0 
0 0 0 0 0 1 0 0 0 0 
0 0 0 0 0 0 0 0 1 0 
1 0 0 0 0 0 0 0 0 0 
0 0 1 0 0 0 0 0 0 0 
0 0 1 0 0 0 0 0 0 0 
0 0 0 0 0 0 0 0 1 0 
0 0 0 0 0 0 0 1 0 0 
0 0 0 0 0 0 0 0 1 0 
0 0 0 1 0 0 0 0 0 0 
0 0 0 0 1 0 0 0 0 0 
0 0 0 0.656762 0.343238 0 0 0 0 0 
0 0 0 0 0 0 0 0 0 1 
0 0 0 0 0 0 0 0 1 0 
0 0 1 0 0 0 0 0 0 0 
0 1 0 0 0 0 0 0 0 0 
0 0 0 0.563162 0.436838 0 0 0 0 0 
0 1 0 0 0 0 0 0 0 0 
0 0 0 0 1 0 0 0 0 0 
0.244024 0 0 0 0 0 0 0 0.755976 0 
1 0 0 0 0 0 0 0 0 0 
0 0 0 1 0 0 0 0 0 0 
0 0 0 0 0 0 0 0 1 0 
0 0 0.30376 0 0 0 0.69624 0 0 0 
0 0.628501 0 0 0 0 0 0.371499 0 0 
0 0 1 0 0 0 0 0 0 0 
0 0 0 0 0 0 0 0 1 0 
1 0 0 0 0 0 0 0 0 0 
0 0 0 0 0 0 1 0 0 0 
0 0 0 0 0 0 1 0 0 0 
0 0 0 1 0 0 0 0 0 0 
0 0 0 0 0 0 0 0 0 1 
0 0 0 0 1 0 0 0 0 0 
0 0 0 0 0 0.269566 0 0 0 0.730434 
0 0 0 1 0 0 0 0 0 0 
0 0 0.223765 0 0 0 0.269412 0.310638 0.196185 0 
0 0 0 0 0 0 0 0 1 0 
0 0 0.30001 0.69999 0 0 0 0 0 0 
1 0 0 0 0 0 0 0 0 0 
0 0 0 0.729211 0.270789 0 0 0 0 0 
0 0 0 0 0 0 0 0 1 0 
0 0 0 0 0 0 0 0 1 0 
0 0 0 0 0 1 0 0 0 0 
0 0 0 0 1 0 0 0 0 0 
0 0 0 0 0 0 0 0 0.139377 0.860623 
0 0 0 0 0 0 0 0 0 1 
0 0 0 0 0 0 0 0 1 0 
0 0 0 0 0 0 0 0 0 1 
1 0 0 0 0 0 0 0 0 0 
0 1 0 0 0 0 0 0 0 0 
0 0 0 0 0 0 0 1 0 0 
0 0 0 0.295267 0 0 0 0 0.704733 0 
0 0 0 0 0 0 0 1 0 0 
0 0 0 1 0 0 0 0 0 0 
1 0 0 0 0 0 0 0 0 0 
0 0 0 0 0 0 0 0 0 1 
0 0 0 0 0 1 0 0 0 0 
0 0 0 0 0 1 0 0 0 0 
0 0 0 0 0 0 0 1 0 0 
0 1 0 0 0 0 0 0 0 0 
0 0 0 0 0 0 0 0 0 1 
0 0 0 0 0 0 0 1 0 0 
1 0 0 0 0 0 0 0 0 0 
1 0 0 0 0 0 0 0 0 0 
0 0 0 0 0 1 0 0 0 0 
0 0 0 0 1 0 0 0 0 0 
1 0 0 0 0 0 0 0 0 0 
0 0 0 0 0 0 0 0 1 0 
0 0 0 0 1 0 0 0 0 0 
0 0 0 0 0 0 0.401953 0.598047 0 0 
0 0 0 0 0 0 0 0 0 1 
0 0 0 0 1 0 0 0 0 0 
0 0 0 0 1 0 0 0 0 0 
0 0 0.630579 0 0 0.369421 0 0 0 0 
0 0 0.366191 0 0 0 0 0 0 0.63381 
0 0 0 0 0 0 0 0 1 0 
0 0 0 0 0 0 0 0 1 0 
0 0 0 0 0 0 0 1 0 0 
0.244984 0 0 0.755016 0 0 0 0 0 0 
0 0 0 0 0 0 0 0 0.466416 0.533584 
1 0 0 0 0 0 0 0 0 0 
0 1 0 0 0 0 0 0 0 0 
0 0.575876 0 0 0 0 0 0.424124 0 0 
0 0 0 0 0 0 0 0 0 1 
0 0 1 0 0 0 0 0 0 0 
0 0 0 0 0 0 0 0 1 0 
0 0 1 0 0 0 0 0 0 0 
0 0 0 0 0 0 0 1 0 0 
0 0 0 1 0 0 0 0 0 0 
0 0 0 0 0 0 0 0 0 1 
1 0 0 0 0 0 0 0 0 0 
0 0 1 0 0 0 0 0 0 0 
0 0 0 0 1 0 0 0 0 0 
0 0 0 0 0 0 0 0 0.844562 0.155438 
0 0 0 0 0 0 0 1 0 0 
0 0 0 0 0 0 0 1 0 0 
0 0 0 0.690712 0 0 0.309288 0 0 0 
0 0 0 0 0 0 0 0 1 0 
0 0 0 0.361808 0 0 0 0 0 0.638192 
0 0 0 1 0 0 0 0 0 0 
0 0.489429 0 0.510571 0 0 0 0 0 0 
0 0 0.233844 0.766156 0 0 0 0 0 0 
0 0 0 0 0 1 0 0 0 0 
0 0.532978 0.467022 0 0 0 0 0 0 0 
0 0 0.521359 0 0.478641 0 0 0 0 0 
0 1 0 0 0 0 0 0 0 0 
1 0 0 0 0 0 0 0 0 0 
0 0 0 0 1 0 0 0 0 0 
0 0 0 1 0 0 0 0 0 0 
0 0 0 1 0 0 0 0 0 0 
0 0 1 0 0 0 0 0 0 0 
0 0 0 0 0 0 0 0 1 0 
0 0 0 0 0 0 0 0 0 1 
0 0 0 0 0 0 1 0 0 0 
0 0 0 0 0 1 0 0 0 0 
0 0.603293 0 0.396707 0 0 0 0 0 0 
0 0 0 1 0 0 0 0 0 0 
0 0 0 0 0 1 0 0 0 0 
0 0 0 0 0 0 1 0 0 0 
0 0 0 0 0 0.837882 0 0.162118 0 0 
1 0 0 0 0 0 0 0 0 0 
0 0 0 0 0 1 0 0 0 0 
0 0 1 0 0 0 0 0 0 0 
0 0 0 0.604455 0 0 0 0.395545 0 0 
0 0 0 0 1 0 0 0 0 0 
0 0 0 0 0 0 1 0 0 0 
0 1 0 0 0 0 0 0 0 0 
0 0 1 0 0 0 0 0 0 0 
0 1 0 0 0 0 0 0 0 0 
1 0 0 0 0 0 0 0 0 0 
0 0 0 0 0 0 0 0 0 1 
0 0 0 0 0 0 1 0 0 0 
0 0 0 0 0 0 1 0 0 0 
0 1 0 0 0 0 0 0 0 0 
1 0 0 0 0 0 0 0 0 0 
0 0 0 1 0 0 0 0 0 0 
0 0 0 0 0 0 1 0 0 0 
0 0 1 0 0 0 0 0 0 0 
1 0 0 0 0 0 0 0 0 0 
0 0 0 0 1 0 0 0 0 0 
0 0 0 0 0 0 0 0 0 1 
0 1 0 0 0 0 0 0 0 0 
0 0.497573 0 0 0.502428 0 0 0 0 0 
0.185392 0 0.814608 0 0 0 0 0 0 0 
0 0 1 0 0 0 0 0 0 0 
0 0 0 1 0 0 0 0 0 0 
0 0 0 0 0 1 0 0 0 0 
0 0 0 0 0 1 0 0 0 0 
0 0.550869 0 0 0 0 0 0 0 0.449131 
0 0 0 0 0 1 0 0 0 0 
0 0 0 0 0 1 0 0 0 0 
0 0 1 0 0 0 0 0 0 0 
0 0 0 0 0 0 0 0 1 0 
1 0 0 0 0 0 0 0 0 0 
0 0 0 1 0 0 0 0 0 0 
0 0 0 1 0 0 0 0 0 0 
0 0 0 0 0 1 0 0 0 0 
0 0 0 0 0 1 0 0 0 0 
0 0 0 0 0 0 0 0 0 1 
0 0 0 0 0 0 1 0 0 0 
