5 200
0.42933
0.378351
0.443102
0.673715
0.704749
10.5524 0.684282
10.2257 0.446357
9.94352 0.469003
9.59558 0.37565
9.52825 0.938716
9.47506 0.324351
9.35409 0.697437
9.31176 0.814907
9.30854 1.50338
9.25444 1.3108
8.96684 0.509798
8.82212 1.10476
8.72899 1.2008
8.6267 0.574561
8.61131 0.854001
8.59537 1.708
8.40292 0.519502
8.37799 1.97616
8.30014 1.56716
8.21756 1.46898
8.10526 2.25011
7.86662 0.393836
7.82613 0.195625
7.75524 0.747
7.46642 0.255638
7.43841 1.39767
7.41104 1.09054
7.3201 1.9649
7.19346 1.45544
7.10241 0.577487
7.08526 0.962785
7.05724 2.08056
7.04748 1.40413
6.95513 0.398387
6.88524 2.21083
6.84081 2.70091
6.82095 2.39514
6.77583 1.43538
6.75928 2.10851
6.33111 2.30222
6.32906 3.00033
5.87651 1.83879
5.86655 1.60215
5.77016 2.59197
5.75675 2.4713
5.73297 2.79325
5.61593 1.89986
5.43344 2.00034
5.3046 2.15865
5.29233 2.16858
5.25836 2.09703
5.19886 2.29671
5.14302 3.28284
5.12663 3.39807
5.07839 3.79423
5.05185 1.90945
5.0109 4.0736
4.99681 1.98198
4.95264 3.02116
4.90263 3.73013
4.77865 1.94894
4.62616 2.96198
4.48133 2.20146
4.39984 3.14023
4.39308 3.13509
4.37635 3.92215
4.31941 3.29812
4.23309 3.40342
4.16669 3.68286
4.09469 2.97611
4.08062 2.49462
3.98593 3.80475
3.98474 3.46539
3.9719 3.69432
3.9641 3.88672
3.82597 2.93572
3.77486 5.35085
3.77062 3.20549
3.75582 4.24563
3.75085 3.4558
3.74545 4.75009
3.55429 5.35902
3.52207 3.511
3.51159 2.79614
3.47209 4.25817
3.36062 4.798
3.35598 3.75128
3.34789 4.3215
3.33794 4.08482
3.33133 3.40389
3.28743 3.91124
3.24811 3.78056
3.23591 3.92239
3.04107 4.1648
2.93536 3.24399
2.88196 4.30679
2.8721 3.86968
2.85332 4.80612
2.80104 3.79294
2.73682 4.32412
2.73063 3.68995
2.66278 4.72155
2.65997 4.30678
2.53862 4.98523
2.53768 4.42861
2.52388 5.91839
2.4767 4.98119
2.39246 3.50988
2.36329 4.46516
2.35584 5.59694
2.35068 4.9699
2.21066 6.00523
2.18995 4.60318
2.09465 6.41942
2.06446 5.31642
2.0337 6.68493
1.90208 4.33159
1.74977 4.98318
1.72901 4.74282
1.71813 5.16309
1.68 7.58239
1.63201 5.22509
1.61838 5.45502
1.60408 7.33174
1.56919 4.57321
1.47858 5.5167
1.43775 7.28452
1.42614 6.75392
1.4142 4.91772
1.40794 7.9448
1.40671 6.74534
1.40408 7.17144
1.40212 6.22382
1.29911 6.83746
1.26533 5.73534
1.26267 8.30609
1.23895 6.63825
1.14749 7.3746
1.11355 5.88573
1.09812 7.07411
1.04937 6.72787
1.04491 5.60937
1.04116 7.29419
1.00503 5.16298
0.976639 7.22887
0.855254 8.10988
0.805755 8.74587
0.794723 5.42377
0.747666 6.93903
0.722734 7.97296
0.681866 7.30433
0.665185 6.45516
0.656156 7.47244
0.646939 6.81122
0.632689 8.46052
0.618176 8.1651
0.564626 7.36613
0.547728 9.21928
0.547269 6.88419
0.534733 8.82346
0.525613 5.9223
0.524389 6.02721
0.50816 6.34284
0.491135 6.1465
0.465655 7.40555
0.361509 7.93317
0.36137 7.33808
0.349306 9.3099
0.331066 9.86697
0.307212 8.79737
0.296195 8.32139
0.290153 7.56414
0.274119 8.4719
0.257665 8.81876
0.246836 9.93136
0.168123 7.09735
0.145853 7.44807
0.113205 10.4944
0.113021 8.01388
0.0936316 8.76225
0.0896091 7.95735
0.0884197 6.81377
0.0760701 8.08688
0.0760278 10.3168
0.0549342 10.7857
0.0465435 8.05785
0.0446194 10.3728
0.0414522 11.0124
0.0245013 9.94079
0.0180103 9.50987
0.0168041 8.12515
0.0165089 8.15188
0.0158806 8.12653
0.013963 10.2014
0.0124959 11.3965
0.0118804 8.71242
0.00974787 8.52558
0.0058144 9.33533
0.00493448 9.8553
0.00167796 11.2222
0 0 0 1 0 
0 0 0.432093 0 0.567907 
0.711783 0 0 0 0.288217 
0 0 0 1 0 
0 1 0 0 0 
0 0 0 1 0 
0 0 0 1 0 
0 1 0 0 0 
1 0 0 0 0 
0 0 0 1 0 
1 0 0 0 0 
1 0 0 0 0 
0 0 0 1 0 
0 0 1 0 0 
0 1 0 0 0 
0 1 0 0 0 
0 0 0 1 0 
0 0.233478 0.766522 0 0 
0 0 0.285669 0 0.714331 
0 0 1 0 0 
0 1 0 0 0 
0 0 0 1 0 
0 0 1 0 0 
0 0.39719 0 0 0.60281 
0 0 0 0 1 
0 0 0 0 1 
0 0 0 0 1 
1 0 0 0 0 
0 0 1 0 0 
0 0 0 1 0 
0 0 1 0 0 
0 0 0 0 1 
0 0 0 1 0 
0 0 0 1 0 
0 0 0 0 1 
0 0 0 0 1 
0 1 0 0 0 
1 0 0 0 0 
0 0 1 0 0 
0 0.38749 0 0.61251 0 
0 0 1 0 0 
0 0 1 0 0 
1 0 0 0 0 
0.501354 0.498646 0 0 0 
0 1 0 0 0 
0 0 1 0 0 
0 0 0 0 1 
1 0 0 0 0 
0 0 0 0 1 
0 1 0 0 0 
0 0 0 0 1 
0 0 0 1 0 
0 0 0 1 0 
0 0 0 0 1 
0.318417 0 0 0.205749 0.475834 
0 0 0 1 0 
0 1 0 0 0 
0 0 1 0 0 
0 0 0 1 0 
0 0 0 0 1 
0 1 0 0 0 
0 0 0 0 1 
0 0 0 1 0 
0.499386 0 0 0 0.500614 
0 0.756667 0 0.243333 0 
0 1 0 0 0 
0 1 0 0 0 
0 0 0 0 1 
0 0 0 1 0 
1 0 0 0 0 
0 0.530277 0 0 0.469723 
0 0 0 1 0 
0 0 0.574293 0 0.425707 
0 0 1 0 0 
0 0 0 0 1 
0 0 0 0 1 
0 0 0 0 1 
0 0 1 0 0 
0 0 0 1 0 
0 1 0 0 0 
0 0 1 0 0 
1 0 0 0 0 
0 0 1 0 0 
0 0 0 1 0 
0 0 0 1 0 
0 0 0 1 0 
0 0.655529 0 0.344471 0 
0 0 0.549641 0 0.450359 
0 0 1 0 0 
0 1 0 0 0 
1 0 0 0 0 
0 0 0 1 0 
0 0.638719 0 0 0.361281 
0 0 0 1 0 
0 0 1 0 0 
0.761383 0 0 0 0.238617 
0 0 1 0 0 
0 0 0 0 1 
0 0 0 0 1 
0.291829 0.708171 0 0 0 
0 0.681089 0 0 0.318911 
0.547916 0 0.069105 0 0.382979 
0 1 0 0 0 
0 0.543359 0.456641 0 0 
0 0 0.669411 0 0.330589 
0 0.795146 0 0 0.204854 
0 0 0 0 1 
0 0 0 1 0 
1 0 0 0 0 
0 1 0 0 0 
0 0 1 0 0 
0 0 0 1 0 
1 0 0 0 0 
0 0 0 0 1 
1 0 0 0 0 
0 1 0 0 0 
1 0 0 0 0 
0 0 1 0 0 
0 0 0 1 0 
1 0 0 0 0 
0 0 0 0 1 
0 0 0 0 1 
0 1 0 0 0 
0 0.491652 0.508348 0 0 
0 0 0 0 1 
1 0 0 0 0 
0 0 0 0 1 
0 1 0 0 0 
0 0 1 0 0 
0 0 0.465091 0.534909 0 
0 0 0.345726 0.654274 0 
0.397442 0.602558 0 0 0 
0 0 0 1 0 
0 0 0 0 1 
0 0 1 0 0 
0 0 1 0 0 
0.303106 0 0.696894 0 0 
1 0 0 0 0 
0 0 0 1 0 
0 0 0 0 1 
0 1 0 0 0 
0 0 0 0 1 
0 0.649339 0 0 0.350661 
0 0.271502 0 0 0.728498 
0 0 1 0 0 
1 0 0 0 0 
0 0 0 0 1 
0 0 1 0 0 
0 0 0 0 1 
0 0.439907 0 0 0.560093 
0 1 0 0 0 
0 0 0 1 0 
0 0 1 0 0 
0.409652 0 0 0 0.590348 
0 0 1 0 0 
0 0 0 0 1 
0 0 0 0 1 
0 0 0 1 0 
0 1 0 0 0 
0 0.67676 0.32324 0 0 
0 0 1 0 0 
0.210201 0 0.117547 0.454258 0.217995 
0 0.39431 0 0.60569 0 
0 0 0 0 1 
0 0 0 0 1 
0 0 0 0 1 
0 0 0 0 1 
0 0 0 1 0 
0 0 1 0 0 
0 0 0 0 1 
0 0 1 0 0 
0 0 0 1 0 
0 0 0 0 1 
0 1 0 0 0 
1 0 0 0 0 
0 0 0 0 1 
0 0 0 0 1 
1 0 0 0 0 
1 0 0 0 0 
0 1 0 0 0 
0 0 0 1 0 
1 0 0 0 0 
0 0 0 0 1 
0.473762 0.526238 0 0 0 
0 0 1 0 0 
0 0 0.335261 0 0.664739 
0 0 0 0 1 
0 0 1 0 0 
0 0 1 0 0 
0 0 0 0 1 
1 0 0 0 0 
0 0 1 0 0 
0 0 1 0 0 
0 0 0 0 1 
0 1 0 0 0 
0 0 0 1 0 
0 1 0 0 0 
0 0 1 0 0 
0 0 0 1 0 
0 0 0 0 1 
