10 100
0.486544
0.378752
0.362784
0.68145
0.505005
0.52475
0.316201
0.518998
0.480794
0.364716
12.0312 0.112772
10.5923 0.538348
9.63542 0.836484
9.5747 0.842445
9.37603 0.436075
9.03167 0.446645
8.69777 1.79132
8.33235 0.649984
8.22989 0.645317
8.01966 2.28129
7.75575 1.58959
7.4586 1.87328
7.28819 1.42933
7.21812 2.31683
7.09947 1.60228
7.04508 0.914973
6.80731 0.881347
6.58379 1.56609
6.38338 2.17185
6.34177 1.42873
6.28056 2.77547
6.03729 2.64958
5.90904 2.78034
5.8174 1.86435
5.80602 1.30996
5.80576 3.35382
5.75843 1.99996
5.63886 3.8496
5.55219 2.17281
5.5512 3.43309
5.5275 2.91273
5.40779 2.01131
5.22613 3.21447
4.94693 3.79093
4.92681 2.26026
4.74068 1.83682
4.68043 2.6479
4.58116 3.32313
4.46912 2.64062
4.16389 3.88285
3.73589 4.07929
3.70118 4.6167
3.4295 5.41004
3.2043 3.01903
3.19746 5.28214
3.09933 3.59641
3.01581 5.82277
3.00545 5.63331
2.92641 4.3289
2.75629 5.69976
2.57698 5.21195
2.56747 4.50423
2.49262 4.13192
2.33892 3.97456
2.10602 7.05527
1.92574 7.23374
1.9025 5.66938
1.77452 7.11671
1.74254 5.03564
1.69323 4.70574
1.65849 5.24616
1.55367 6.8824
1.38905 5.51197
1.29052 5.92974
1.07174 7.28342
0.946834 7.91742
0.943358 6.80598
0.920174 7.15187
0.89476 7.54402
0.845561 8.40248
0.842909 8.05442
0.757849 8.38629
0.703872 5.87841
0.67423 7.06715
0.64075 7.03123
0.585274 7.84051
0.5759 9.22507
0.529725 7.97144
0.520847 7.63374
0.47583 8.60018
0.448973 8.32534
0.414651 6.05602
0.340787 9.72871
0.322352 7.06884
0.266019 7.36207
0.258506 7.93974
0.238487 6.40908
0.221484 10.2271
0.170807 7.5232
0.164838 7.14106
0.0824998 7.20432
0.0789868 8.27575
0.0596417 7.14968
0.0365148 10.8708
0.0316036 9.31884
0.0311089 8.86798
0.0227354 7.27627
0.0161608 9.2371
0.0135292 9.02892
0.0015624 8.3611
0 0 0 0 0 0 0 0 0 1 
0 1 0 0 0 0 0 0 0 0 
0 0 0 0 0.476538 0.257972 0 0 0.26549 0 
0 0 0 0 0 0 0 0 0 1 
0 0 0 0 0 1 0 0 0 0 
0 0 0 0 1 0 0 0 0 0 
0 1 0 0 0 0 0 0 0 0 
0 0 0 0 0 0 0.43833 0.56167 0 0 
0 0 0.744147 0 0 0 0 0.255853 0 0 
0 0 0 0 0 0 0 0.538658 0.461342 0 
0 0 0 0 1 0 0 0 0 0 
1 0 0 0 0 0 0 0 0 0 
0 0.500812 0 0 0.499188 0 0 0 0 0 
1 0 0 0 0 0 0 0 0 0 
0 0 0 0.753125 0 0 0.246875 0 0 0 
0 0 0 0.32657 0 0 0 0 0.67343 0 
0 0 0 0 1 0 0 0 0 0 
1 0 0 0 0 0 0 0 0 0 
0 0 1 0 0 0 0 0 0 0 
0 0 0 0 0 0 0 0.485646 0 0.514354 
0 1 0 0 0 0 0 0 0 0 
1 0 0 0 0 0 0 0 0 0 
0 0 0 0 0 0 0 1 0 0 
0 0 0 0.650234 0 0 0 0 0.349766 0 
1 0 0 0 0 0 0 0 0 0 
0 0 0 0 0 0 0 0 0 1 
0 0 0 0 0 1 0 0 0 0 
1 0 0 0 0 0 0 0 0 0 
0 1 0 0 0 0 0 0 0 0 
0 0 0 0 0 0 0 0 1 0 
0 0 0 0 0 0 0 0 1 0 
0 0.456967 0 0 0 0 0 0 0.543033 0 
0 0 0 0 0 0 0 1 0 0 
0 1 0 0 0 0 0 0 0 0 
0 0 0 0 0 0 0 0 0 1 
0 0 0 0 0 0 0 0 1 0 
0 1 0 0 0 0 0 0 0 0 
0 0 0 1 0 0 0 0 0 0 
0 0 0 0 0 0 0 1 0 0 
0 0 0 1 0 0 0 0 0 0 
0 0 0 0 0 0 0 0 1 0 
0 0 1 0 0 0 0 0 0 0 
0 0 0 1 0 0 0 0 0 0 
0 1 0 0 0 0 0 0 0 0 
0 0 0 0 1 0 0 0 0 0 
1 0 0 0 0 0 0 0 0 0 
0 1 0 0 0 0 0 0 0 0 
0 0 0 0 0 1 0 0 0 0 
0 0 0 0 0 0 0 0 1 0 
0 0 0 0 0 0 0 0 1 0 
0 0 0 0 0 0 1 0 0 0 
0 0 0 0 0 0 0 0 1 0 
0 0 0 0 0 0 0.347063 0.652937 0 0 
0 0 0 0 0 0 1 0 0 0 
0 0 0 0 1 0 0 0 0 0 
0 1 0 0 0 0 0 0 0 0 
0 0 0.476628 0 0.523372 0 0 0 0 0 
0 0 0 0 0 0 0 1 0 0 
0 0 0 0 0 0 1 0 0 0 
0.274343 0 0 0 0 0 0 0.725657 0 0 
0 0 0 0 0 0 0 0 1 0 
0 0 0 1 0 0 0 0 0 0 
0 0 0 0 0 0 0 0 0 1 
0 0 0 0 0 0 0 0 1 0 
0 0 0 0 0.136107 0 0 0.863893 0 0 
0 0 0 0 0 1 0 0 0 0 
0 0 0 1 0 0 0 0 0 0 
0 0.632296 0 0 0 0 0 0.367704 0 0 
0 0 0 0 0 0 0 1 0 0 
0 0 0 1 0 0 0 0 0 0 
0 0 0 0 0 0 0 1 0 0 
0 0 0 0 0 1 0 0 0 0 
0 0 0.699967 0 0 0 0 0 0.300033 0 
0 0 0 0 0 1 0 0 0 0 
0 0.551143 0 0 0 0.448857 0 0 0 0 
0 0 0 0 0 0 1 0 0 0 
0 0 0 0 0 0 1 0 0 0 
0 0 0 0 0 0 0 0 0 1 
0 0 0 0 0 0 0 0 0 1 
0 0 0 0 1 0 0 0 0 0 
0 0 0 0 1 0 0 0 0 0 
1 0 0 0 0 0 0 0 0 0 
0 0 0 0 1 0 0 0 0 0 
0 0 0 0 0 0 0 1 0 0 
1 0 0 0 0 0 0 0 0 0 
0 0 0 0.807801 0 0 0 0 0 0.192199 
0 0 0 0 0 0 1 0 0 0 
0 0 0.429674 0 0 0 0.570326 0 0 0 
0 1 0 0 0 0 0 0 0 0 
1 0 0 0 0 0 0 0 0 0 
0 0 0 0 0 0 0 1 0 0 
0 0 1 0 0 0 0 0 0 0 
0 0 0 0 0 0 1 0 0 0 
1 0 0 0 0 0 0 0 0 0 
0 0 0 0 0 0 0 0 0 1 
0 0 0 1 0 0 0 0 0 0 
0 0 0 0 1 0 0 0 0 0 
0 1 0 0 0 0 0 0 0 0 
0 0 0 0 0 0 1 0 0 0 
0 1 0 0 0 0 0 0 0 0 
