5 150
0.491506
0.325052
0.30962
0.565737
0.667932
10.8991 0.300877
10.8438 0.400192
9.86438 0.28361
9.70364 0.749785
9.60034 0.761913
9.5012 0.124818
9.42526 0.831407
9.16496 0.113047
9.15306 0.589642
9.0706 0.400111
8.82271 0.531472
8.51926 1.39554
8.37602 1.46354
8.34617 1.01748
8.2342 1.65932
8.23159 1.95438
8.14615 0.428207
8.11984 0.854212
7.71165 0.268548
7.69468 1.34425
7.52665 0.780025
7.44249 1.59166
7.41002 1.54214
7.32392 0.401906
7.28086 1.21542
7.02176 0.60539
7.01837 1.93234
6.91924 1.32836
6.42572 0.857214
6.36004 1.75329
6.29081 1.1334
6.29021 1.07439
6.20593 2.9613
5.80095 2.24687
5.51249 2.30055
5.13552 1.66004
5.08308 2.92465
5.0428 3.6665
4.92542 1.86459
4.90599 2.51531
4.8863 2.25241
4.76627 3.36734
4.68167 4.13977
4.62951 3.91347
4.47884 2.50878
4.46957 2.75342
4.41778 4.94944
4.35902 2.60511
4.15178 3.46422
4.05635 3.45136
3.99004 2.26966
3.89222 4.6984
3.80569 4.17804
3.60996 3.73759
3.56254 5.34621
3.52656 3.43323
3.39188 3.92246
3.3714 5.52879
3.35492 3.74034
3.29182 4.1608
3.22554 5.2152
3.22483 3.83103
3.2228 5.24695
3.02679 3.57141
2.89941 4.52513
2.82287 4.80138
2.77482 6.08499
2.75576 3.6115
2.74883 5.76102
2.68381 5.87889
2.62357 4.66372
2.59312 3.3477
2.50911 3.92671
2.48474 6.15827
2.46348 4.44735
2.4269 6.46622
2.39604 5.93605
2.3406 3.72328
2.27838 4.47671
2.27388 4.40639
2.18855 5.61075
2.06337 4.90694
1.93549 5.89409
1.79742 6.31536
1.79309 7.16087
1.7884 5.94309
1.69904 4.73439
1.68149 5.25889
1.63913 5.88973
1.54155 5.97391
1.35758 4.75426
1.34776 5.2522
1.31989 4.75747
1.3164 7.205
1.30228 5.20887
1.25621 4.8369
1.2264 6.74937
1.11358 6.92811
1.11325 8.26587
1.03781 5.77174
0.999446 7.80063
0.984077 6.26079
0.939663 6.09674
0.923502 6.06482
0.885193 8.03002
0.881376 7.6786
0.844423 6.3525
0.809945 7.84361
0.790793 6.40781
0.701699 6.86715
0.675476 8.14396
0.601422 6.16904
0.558718 6.39359
0.554388 8.71047
0.547457 7.75805
0.491221 8.52276
0.474685 6.97485
0.435783 7.18068
0.415684 7.74928
0.408655 6.991
0.3663 7.88815
0.363484 7.90143
0.334164 6.624
0.333021 6.84819
0.328068 7.04779
0.320803 9.53622
0.269273 6.62332
0.223775 9.58495
0.221992 8.80759
0.221896 6.94783
0.211169 9.64157
0.188608 8.45536
0.171255 6.67631
0.164855 6.44593
0.143257 9.24941
0.120369 9.48893
0.110448 9.11963
0.0846344 8.12367
0.0823552 9.1229
0.0664164 9.41397
0.0568828 8.09264
0.0515138 8.43272
0.0500539 11.0537
0.046021 10.2234
0.0238592 9.5077
0.0158088 8.37737
0.0113775 8.55351
0.0091064 9.55977
0.00909548 10.724
0.00795034 12.01
0 0 0 1 0 
0 0 1 0 0 
0 0 0 1 0 
0 1 0 0 0 
0 1 0 0 0 
0 0 0 0 1 
0 0 1 0 0 
0 1 0 0 0 
1 0 0 0 0 
0 0 1 0 0 
0 0 0 0 1 
1 0 0 0 0 
0 0.343688 0.656312 0 0 
1 0 0 0 0 
0 0 0 1 0 
1 0 0 0 0 
0 0 0 1 0 
1 0 0 0 0 
0 0 0 1 0 
0 0 0 0 1 
0 1 0 0 0 
0 0 0 0 1 
1 0 0 0 0 
0 0 0 1 0 
0 0 0 1 0 
0 0 1 0 0 
0 0 0 0 1 
0 0.793542 0.206458 0 0 
0 0 0 0 1 
0 0 0 1 0 
0 1 0 0 0 
1 0 0 0 0 
0 1 0 0 0 
0 1 0 0 0 
0.5125 0 0 0.4875 0 
1 0 0 0 0 
0 0 0 0 1 
0 0 0 1 0 
1 0 0 0 0 
0.825949 0 0 0.174051 0 
0 0.480002 0.519998 0 0 
0 0 1 0 0 
1 0 0 0 0 
0 0 1 0 0 
0 0 1 0 0 
0 0 0 1 0 
1 0 0 0 0 
0 0 0 0 1 
0 1 0 0 0 
0 1 0 0 0 
0 1 0 0 0 
0 0 0 0.760455 0.239545 
0 1 0 0 0 
1 0 0 0 0 
0.661813 0 0.338187 0 0 
0 1 0 0 0 
0 0 0 0 1 
0 0.192134 0 0 0.807866 
0 0 0 1 0 
1 0 0 0 0 
0 0 0 1 0 
0.647311 0 0 0.352689 0 
0 0 0 0 1 
1 0 0 0 0 
1 0 0 0 0 
0 0 0 0 1 
0 0 0 1 0 
0 0 0.206862 0.793138 0 
0 0 1 0 0 
0 0 1 0 0 
0 0 0 1 0 
1 0 0 0 0 
0 0 0.305309 0 0.694691 
0 0 1 0 0 
0 0 1 0 0 
0 0.703772 0 0.296228 0 
0 0 1 0 0 
1 0 0 0 0 
0 1 0 0 0 
0 1 0 0 0 
0 0 1 0 0 
0 0 0.716521 0 0.283479 
1 0 0 0 0 
0 1 0 0 0 
0 0 0 0 1 
0 1 0 0 0 
0 0 1 0 0 
0.65475 0.34525 0 0 0 
0 1 0 0 0 
0.182575 0.817424 0 0 0 
0 0 1 0 0 
1 0 0 0 0 
1 0 0 0 0 
0 0 1 0 0 
0 0 1 0 0 
1 0 0 0 0 
1 0 0 0 0 
0 0 1 0 0 
1 0 0 0 0 
0 0 0 0.437503 0.562497 
0 0 0 0.548676 0.451324 
0 0 0 1 0 
0 0 0.613292 0 0.386708 
0 1 0 0 0 
0 0 0 0 1 
0 0 0 0.507645 0.492355 
0 1 0 0 0 
0 0 1 0 0 
1 0 0 0 0 
0 0 0 0 1 
0 0 0.225775 0.774225 0 
0.545199 0 0 0.454801 0 
0 0 0 0 1 
0.168702 0 0 0 0.831298 
0 0 0.216765 0 0.783235 
0.428426 0 0.571574 0 0 
1 0 0 0 0 
0 0 0 1 0 
0 0 0 0 1 
0 1 0 0 0 
0.41058 0 0.58942 0 0 
1 0 0 0 0 
0 0 0 1 0 
0 1 0 0 0 
0 1 0 0 0 
0 1 0 0 0 
1 0 0 0 0 
0 0 0.65657 0.34343 0 
0 1 0 0 0 
1 0 0 0 0 
0 0 0 1 0 
0 0 0 1 0 
1 0 0 0 0 
0 0 1 0 0 
0 1 0 0 0 
0 0 0.75602 0.24398 0 
0 0 0 0 1 
0 0 0 1 0 
0.709619 0 0 0.290381 0 
0 0 1 0 0 
0.534681 0 0 0 0.465319 
0 0 1 0 0 
0 0 0 0 1 
0 0 1 0 0 
0 0 0 0 1 
0 1 0 0 0 
0 0 0 1 0 
0 0 1 0 0 
0 0 1 0 0 
0 0 0 0.482938 0.517062 
