5 500
0.681469
0.594248
0.46102
0.322143
0.562344
11.0662 0.428004
10.7705 0.541485
10.5802 0.605071
10.567 0.343152
10.4195 0.456038
10.3713 0.545652
10.1977 0.395428
10.1718 0.610654
10.1576 1.03944
10.103 0.376933
10.0826 0.226363
10.0473 0.440395
9.93891 0.920595
9.93814 0.481041
9.92406 1.08933
9.79012 0.518882
9.75225 0.717336
9.74053 0.251342
9.6721 0.882996
9.66546 1.11943
9.60777 0.959071
9.59403 0.865012
9.5577 0.143577
9.48409 0.471784
9.27028 1.26295
9.25166 0.973529
9.12602 0.438162
9.1107 1.24475
8.81301 0.224241
8.79316 0.466085
8.74843 0.466598
8.73927 0.278895
8.61888 0.264749
8.60129 0.559041
8.57357 0.412258
8.52742 1.11218
8.46576 1.46134
8.465 0.938775
8.43996 1.10333
8.41087 1.26602
8.3684 0.795103
8.35933 1.87006
8.35205 1.31187
8.29774 1.4551
8.2849 1.09484
8.24119 0.77025
8.17615 1.66332
8.08492 1.5179
8.03076 2.38666
7.98319 1.52424
7.97049 0.944339
7.94453 0.55975
7.93195 1.13294
7.88771 1.80523
7.83233 1.34244
7.80092 1.11073
7.59316 0.94623
7.57657 1.69037
7.57192 2.31572
7.48138 0.871096
7.45939 1.69397
7.455 1.06872
7.40944 0.702928
7.35804 1.07934
7.23641 1.08596
7.17642 1.37907
7.16447 0.740165
7.13991 2.02761
7.12087 0.605195
7.10269 1.99319
7.07661 1.56212
7.03677 1.87023
7.023 1.83714
6.9731 0.849518
6.73917 1.36704
6.72528 2.24436
6.67416 2.1884
6.61798 0.972344
6.59966 2.358
6.59264 2.2151
6.48226 1.37631
6.44679 1.52816
6.42375 2.73422
6.39088 1.81254
6.36174 2.04746
6.33291 2.25346
6.32126 0.926857
6.2573 1.93892
6.20799 1.091
6.16939 3.04885
6.16743 2.02776
6.10999 2.53956
6.10649 2.40282
6.03205 2.30616
6.00782 0.960842
6.00583 2.21343
5.98111 1.692
5.97457 2.90239
5.95167 3.10639
5.89636 1.12015
5.87936 2.49156
5.86182 1.73386
5.84689 2.35951
5.79714 2.47687
5.79312 2.18957
5.73486 2.64257
5.71353 2.06319
5.63793 3.57605
5.61494 2.42364
5.57744 2.764
5.56012 2.09137
5.55213 2.62169
5.53437 1.64517
5.53378 3.04313
5.51769 3.69179
5.45392 2.73093
5.40817 3.10461
5.39924 2.90793
5.38127 3.12916
5.33393 2.39299
5.32586 2.90576
5.30927 3.29887
5.27026 3.11967
5.22006 2.4158
5.18784 2.21937
5.18652 2.41428
5.13012 2.66884
5.08335 2.58427
4.99779 3.49997
4.94441 2.38497
4.91893 2.60445
4.84017 2.20832
4.83668 3.50456
4.82959 1.79236
4.7978 4.32933
4.78166 2.45605
4.64849 3.3393
4.59757 3.59806
4.5226 3.00352
4.49445 2.75373
4.47846 3.81793
4.43179 4.52026
4.42417 2.84219
4.40561 4.84284
4.39673 3.34412
4.355 2.65462
4.33233 3.9873
4.30723 2.8311
4.28798 2.03333
4.26798 3.10329
4.25604 4.5752
4.22668 2.89906
4.19682 4.21025
4.19186 4.04152
4.16067 3.38901
4.09396 4.21396
4.03029 5.12593
4.0064 4.02917
3.98275 4.21561
3.95695 3.27006
3.91548 3.91473
3.90988 2.68796
3.86799 2.40683
3.85748 4.60652
3.84437 3.26768
3.82289 3.04235
3.82232 3.54667
3.80201 3.09311
3.79762 3.43152
3.77479 3.59839
3.75157 2.89725
3.74466 2.84374
3.71354 3.89661
3.6791 3.88247
3.67696 3.24118
3.65604 4.00214
3.63614 4.26749
3.62741 4.82907
3.61307 5.51709
3.59313 4.12371
3.5805 4.24479
3.56317 3.6772
3.55852 3.5492
3.55812 5.55631
3.55534 4.55377
3.55405 3.52319
3.51192 3.91779
3.50444 4.95367
3.49998 4.41254
3.49193 4.35586
3.45229 4.49679
3.44847 3.61955
3.41194 4.43557
3.36291 4.59282
3.35555 4.72577
3.32432 3.75616
3.28836 3.81517
3.28662 4.43521
3.28316 4.15692
3.22688 4.90826
3.21151 3.22163
3.2011 4.75409
3.17164 3.9819
3.14575 2.8419
3.13658 3.80607
3.11829 4.09106
3.09987 5.09048
3.07173 5.51687
3.06934 5.23702
3.06562 4.71445
3.00752 3.34556
2.99011 4.26261
2.9853 4.61645
2.98455 3.95859
2.97035 5.57212
2.94436 4.33721
2.9438 3.91321
2.93589 3.57683
2.91704 6.0892
2.89171 6.02127
2.88479 3.5413
2.88255 4.40433
2.87208 5.90878
2.8615 3.22632
2.85218 5.37213
2.73788 5.19521
2.72915 5.23301
2.71732 4.48434
2.67255 3.68153
2.6102 4.22671
2.6038 3.80642
2.55394 4.39881
2.5454 4.77147
2.51709 4.43281
2.50489 6.22735
2.46606 6.63797
2.46076 5.88022
2.45898 5.5937
2.45853 5.42863
2.4449 4.03299
2.44323 4.88738
2.43602 4.87801
2.37427 4.76301
2.35652 5.32568
2.34142 3.95944
2.32509 3.62655
2.30993 4.28892
2.30589 4.78972
2.30393 4.49147
2.30388 4.64227
2.30309 3.91798
2.2775 3.97336
2.22937 4.65611
2.21628 5.69318
2.21287 4.55392
2.18603 5.98965
2.16381 4.14647
2.12937 5.00604
2.08153 5.14637
1.99561 5.21422
1.98411 6.00181
1.98388 5.56444
1.97312 6.4742
1.95665 4.93662
1.94797 5.27469
1.94537 4.86187
1.93333 4.33252
1.91063 6.52908
1.89597 4.80437
1.89146 6.59848
1.88706 5.22128
1.87531 7.05821
1.85909 5.55375
1.85858 6.09056
1.8191 6.21423
1.77395 5.08497
1.77039 6.78936
1.76066 6.32543
1.75505 5.46415
1.74064 5.19151
1.72211 3.96723
1.69855 7.24116
1.69288 5.59771
1.68315 6.11138
1.67903 5.1249
1.67706 6.09789
1.66383 4.91983
1.66131 7.34746
1.66021 5.40066
1.65212 7.83054
1.6515 6.19437
1.64842 6.248
1.62768 4.49661
1.61677 6.70401
1.60657 5.29922
1.59635 6.20074
1.57076 4.91015
1.56806 4.37212
1.56803 6.03127
1.56445 4.92601
1.55668 6.25433
1.55466 6.00535
1.50948 5.77791
1.49876 5.29227
1.49389 4.78139
1.46314 7.22491
1.46167 5.20447
1.43982 5.67202
1.43423 7.96127
1.4267 6.47678
1.40871 5.14153
1.39831 6.42578
1.39658 5.97773
1.39471 6.25338
1.391 7.1285
1.38863 7.15991
1.37993 5.95202
1.36435 6.78556
1.29156 5.83082
1.27643 6.76441
1.27434 7.72472
1.26787 6.10152
1.25214 8.4604
1.24245 5.6735
1.23456 7.28396
1.23127 6.09556
1.23043 5.24372
1.21793 6.64629
1.21724 5.56501
1.2147 6.02119
1.20449 6.56748
1.19108 6.09927
1.15681 8.22383
1.15273 6.61734
1.13894 6.61711
1.13449 5.23634
1.09626 7.56553
1.08574 7.29654
1.08189 5.76807
1.0808 6.66021
1.07475 5.70706
1.06078 4.73729
1.06017 5.18323
1.05208 6.39672
1.03596 8.43739
1.02669 5.35154
1.0198 6.42336
1.00642 5.57445
1.00186 7.57101
0.996742 8.69536
0.989314 6.88875
0.980069 7.77288
0.947587 7.02291
0.90179 7.02823
0.897807 8.42337
0.897652 7.3089
0.883189 6.59314
0.875537 7.87273
0.860028 8.85204
0.859248 5.86823
0.848321 6.54738
0.84476 8.26989
0.833945 5.35626
0.830589 7.82032
0.823705 6.10788
0.805526 7.54436
0.787699 8.56987
0.78316 7.20668
0.780349 8.91413
0.766437 7.25078
0.761143 8.29492
0.759958 8.6215
0.759037 6.08741
0.751697 8.80756
0.740193 6.0126
0.732919 5.3949
0.732654 7.79508
0.726772 6.73067
0.716267 6.80951
0.710484 8.69842
0.708762 6.72838
0.70793 8.5
0.679336 5.63459
0.674623 7.39702
0.663704 7.68178
0.642701 6.02127
0.634779 8.04959
0.627888 6.83884
0.623157 8.84773
0.601725 8.09912
0.599528 8.70234
0.59637 8.41287
0.59104 7.57513
0.590076 6.68319
0.582593 9.12912
0.572865 6.68444
0.566879 6.77299
0.560622 6.66099
0.559009 6.17838
0.546103 6.18589
0.525872 8.40414
0.513474 9.23858
0.510699 6.95413
0.506484 7.1113
0.502973 6.76561
0.501144 9.82374
0.499942 8.39889
0.49758 6.90976
0.495573 8.14179
0.495571 8.92836
0.468075 9.37564
0.462383 7.84435
0.436026 6.06125
0.410851 6.10361
0.410563 6.49634
0.408693 7.37937
0.396618 8.22086
0.396283 7.29576
0.38846 6.28608
0.375228 8.91327
0.373886 6.8695
0.357693 8.35236
0.35763 9.66595
0.339972 8.24458
0.334642 7.00168
0.32357 9.26683
0.320039 9.4161
0.319033 8.7116
0.317011 10.3184
0.309063 9.36889
0.303593 7.01097
0.301641 10.1821
0.298346 9.34039
0.291368 6.99925
0.286664 7.74631
0.285073 8.23333
0.284699 8.10534
0.28365 8.2275
0.267749 8.87441
0.264815 8.67387
0.253377 10.2634
0.240546 6.50746
0.238591 7.24336
0.238275 6.19738
0.225773 10.0154
0.213812 7.38538
0.206397 9.88156
0.201493 7.55589
0.176957 7.20576
0.169738 9.19111
0.168609 7.56285
0.147847 9.50873
0.142212 7.34401
0.140064 9.32121
0.138225 7.59231
0.109458 6.97149
0.103751 8.86937
0.102105 10.3397
0.100037 9.554
0.0914753 8.22973
0.0889498 10.8093
0.0792461 7.25216
0.0765556 7.41464
0.0665212 10.0912
0.0622983 7.30365
0.0549245 9.43014
0.0530916 10.1636
0.0516058 11.4977
0.0514943 11.3357
0.0493868 9.07088
0.0469871 8.74214
0.0402023 7.98638
0.0397502 6.97683
0.0384195 11.4265
0.0383775 7.46469
0.0381978 7.94484
0.0379755 7.92389
0.0364081 8.67597
0.0362841 11.5721
0.0348131 8.48384
0.0340588 10.153
0.0320212 7.73245
0.0299074 8.66432
0.0280027 7.62614
0.0270649 8.70778
0.0160254 7.40673
0.0126402 8.72265
0.012582 10.9919
0.011349 7.45176
0.00946243 8.52508
0.00816524 8.78798
0.00582145 9.79627
0.00509025 11.9939
0.00481615 8.69564
0.00421334 8.65786
0.00387775 10.7227
0.00372177 10.5742
0.00168359 10.3449
0.00150741 7.87744
0.000905877 10.9915
0 0 0.330876 0 0.669125 
0 0.502217 0 0 0.497783 
0 0 0 0.853525 0.146475 
0 0 0 0 1 
1 0 0 0 0 
0 0 0 1 0 
0 0 0.686206 0.313794 0 
0 0 1 0 0 
0 0 1 0 0 
0 1 0 0 0 
0.547621 0.452379 0 0 0 
1 0 0 0 0 
0 1 0 0 0 
0 0 1 0 0 
0 0 0 1 0 
0 0 1 0 0 
0 0.203086 0 0.796914 0 
0 1 0 0 0 
0.557306 0.442694 0 0 0 
0 0 1 0 0 
0.804403 0 0 0.195597 0 
0 0.495712 0 0.504288 0 
0 0 0 0 1 
0 0 0 0 1 
0 0 0 0 1 
0 0 1 0 0 
0 0 0 1 0 
1 0 0 0 0 
0 0 1 0 0 
0 1 0 0 0 
0 0 1 0 0 
0 0 0 0 1 
0 0 0.240009 0 0.759991 
0 0 0 1 0 
0 1 0 0 0 
0 1 0 0 0 
0 1 0 0 0 
0 0 0.460104 0.539896 0 
0 0 0.585435 0.414565 0 
0 0 0 1 0 
0 0 1 0 0 
0 1 0 0 0 
0 0 0 0.328068 0.671932 
0.534154 0 0 0.465846 0 
0 0 0 0 1 
0 0 0 1 0 
1 0 0 0 0 
0 0 0 1 0 
0 0 0 0 1 
0 0 1 0 0 
0 0 1 0 0 
0 1 0 0 0 
0 1 0 0 0 
0.336185 0 0.438858 0.224957 0 
1 0 0 0 0 
0.496572 0.503428 0 0 0 
1 0 0 0 0 
0 0 0 1 0 
0 0 0 1 0 
0 0 0 1 0 
0.319708 0 0.680292 0 0 
1 0 0 0 0 
1 0 0 0 0 
0 0 0.458755 0 0.541245 
0.553073 0.446927 0 0 0 
1 0 0 0 0 
0 0 0 0 1 
0 0 0 1 0 
0 0 1 0 0 
0 0 0 0 1 
0 0 0 1 0 
1 0 0 0 0 
1 0 0 0 0 
0 0 0 0 1 
0 0 0.747866 0.252134 0 
0 1 0 0 0 
1 0 0 0 0 
0 0 0 1 0 
0 0 1 0 0 
1 0 0 0 0 
0 0 0 1 0 
0 0 0 1 0 
0 0 0 1 0 
0 0 0 1 0 
1 0 0 0 0 
0 0.139063 0 0.860936 0 
0 0 0.629563 0.370437 0 
0 0 1 0 0 
0 0 1 0 0 
0 1 0 0 0 
1 0 0 0 0 
0 1 0 0 0 
0 0.198113 0 0 0.801887 
1 0 0 0 0 
0.634034 0 0.365966 0 0 
0 0 1 0 0 
0 0 0.168912 0.831088 0 
0 0 0 0 1 
0 0 1 0 0 
0 0 0.639247 0 0.360753 
1 0 0 0 0 
0 1 0 0 0 
0 0 0 0 1 
0 1 0 0 0 
0 1 0 0 0 
0 0 1 0 0 
0 1 0 0 0 
0 0 1 0 0 
0 0 0 0 1 
0 1 0 0 0 
0 0 0 0 1 
0 0 0 1 0 
0 0.599812 0 0.400188 0 
0 0 1 0 0 
0 1 0 0 0 
0 0 0 1 0 
1 0 0 0 0 
1 0 0 0 0 
0 0 0 1 0 
0 0 0 1 0 
0 0 0 0.825801 0.174199 
0 0.506167 0 0 0.493833 
0 0 0 0 1 
0 0 0 1 0 
0 0.309062 0 0 0.690938 
0 1 0 0 0 
0 0 0 0 1 
0 0 1 0 0 
0 0 1 0 0 
0 0 0 1 0 
1 0 0 0 0 
0 1 0 0 0 
0 0 1 0 0 
0 1 0 0 0 
0 0 1 0 0 
1 0 0 0 0 
1 0 0 0 0 
0.737259 0 0.262741 0 0 
0 0 0 0 1 
0 0 0 0 1 
0 0.167962 0.832038 0 0 
0 0 1 0 0 
1 0 0 0 0 
0 0 0 0.23792 0.76208 
1 0 0 0 0 
0 0 1 0 0 
1 0 0 0 0 
0 1 0 0 0 
0 0 0 0 1 
0 0 0 1 0 
0 0 0 1 0 
0 0 0 1 0 
1 0 0 0 0 
0 0 0 1 0 
0 1 0 0 0 
0 1 0 0 0 
0 0 0 1 0 
0 0 0 0 1 
0 0 0 1 0 
0 1 0 0 0 
0 1 0 0 0 
0 0 0 0 1 
0 0 1 0 0 
0 0 0 0 1 
0.421275 0 0 0.578725 0 
0 0 0 1 0 
0 1 0 0 0 
1 0 0 0 0 
0 0 1 0 0 
0 1 0 0 0 
0 0 1 0 0 
0 0.751139 0.24886 0 0 
0 1 0 0 0 
0 0 0 0 1 
1 0 0 0 0 
0 0 0 1 0 
1 0 0 0 0 
0 0 0 1 0 
0 0.594706 0 0.405294 0 
1 0 0 0 0 
1 0 0 0 0 
1 0 0 0 0 
0 1 0 0 0 
0 0 0.734444 0.265556 0 
1 0 0 0 0 
0 0 1 0 0 
0 0.803234 0 0 0.196766 
0 0 0 1 0 
0 1 0 0 0 
0 0 1 0 0 
0 0 0 0 1 
0 0 0 1 0 
0 0 0 0 1 
0 0 0 1 0 
1 0 0 0 0 
0 1 0 0 0 
0 0 0 1 0 
0 0 1 0 0 
0 0 1 0 0 
0 0 0 0.589891 0.410109 
0 0 0 0 1 
0 1 0 0 0 
1 0 0 0 0 
0 0 0 1 0 
0 0 0 0 1 
0 0 0 0 1 
0 0 1 0 0 
0 0.429103 0 0 0.570897 
1 0 0 0 0 
0 1 0 0 0 
0 1 0 0 0 
0 1 0 0 0 
1 0 0 0 0 
0 0 0 0 1 
1 0 0 0 0 
0 1 0 0 0 
0 0 0 1 0 
0.669547 0.330453 0 0 0 
0 0.350009 0 0 0.649991 
0 1 0 0 0 
1 0 0 0 0 
0 0 1 0 0 
0 0 0 0.294552 0.705448 
1 0 0 0 0 
0 0 0 0 1 
0 0 0 0 1 
1 0 0 0 0 
0.14412 0.85588 0 0 0 
0 1 0 0 0 
0 0 0 1 0 
0 0 1 0 0 
0 0 1 0 0 
0 0 0 1 0 
0 0 0 0 1 
0 0 1 0 0 
0 1 0 0 0 
0 0 1 0 0 
0.151092 0 0.312265 0 0.536643 
1 0 0 0 0 
0.723997 0 0 0.276003 0 
0 0 1 0 0 
0.512414 0 0.487586 0 0 
0 0 1 0 0 
0.306481 0 0 0.693519 0 
1 0 0 0 0 
0 1 0 0 0 
0 1 0 0 0 
0 0 0 0 1 
0 1 0 0 0 
0 0 1 0 0 
1 0 0 0 0 
1 0 0 0 0 
0 0 0 1 0 
0 0 0 1 0 
0 1 0 0 0 
0 0 0 1 0 
0 0 0 1 0 
0 0 1 0 0 
1 0 0 0 0 
0 0 0 0 1 
0 0 1 0 0 
0 0 0 0 1 
0 0 0 0 1 
0 0 0 1 0 
0 0.565836 0.434164 0 0 
0 0 0 0 1 
1 0 0 0 0 
1 0 0 0 0 
0 1 0 0 0 
0 0 0 1 0 
0 0 1 0 0 
0 0 1 0 0 
0 1 0 0 0 
0 0.452303 0 0 0.547697 
1 0 0 0 0 
0 0 1 0 0 
0 0 1 0 0 
0 1 0 0 0 
0 0 0 0 1 
0 0 1 0 0 
0 1 0 0 0 
0 0 0 0 1 
0 0 1 0 0 
0 1 0 0 0 
0 0.864127 0 0.135873 0 
0 1 0 0 0 
0 0 1 0 0 
0 1 0 0 0 
0.149526 0.326656 0 0 0.523818 
1 0 0 0 0 
0 0 0 0 1 
0 0 1 0 0 
1 0 0 0 0 
0 0 0 1 0 
0 0 0 0.190856 0.809144 
0 1 0 0 0 
0 0 1 0 0 
0 0 1 0 0 
1 0 0 0 0 
0 0 0 1 0 
0 0 0 0 1 
0 0 0 0 1 
1 0 0 0 0 
0.791816 0.208184 0 0 0 
0 0 0 0 1 
0 0 0.478642 0 0.521358 
0.63888 0.36112 0 0 0 
1 0 0 0 0 
0 1 0 0 0 
1 0 0 0 0 
0 0 0 0.634903 0.365097 
0 1 0 0 0 
0 0 0 1 0 
1 0 0 0 0 
0 0 1 0 0 
0 0 0 1 0 
1 0 0 0 0 
0 0 1 0 0 
0 0 0 0.327404 0.672596 
1 0 0 0 0 
0.52439 0 0 0.47561 0 
0 0 1 0 0 
0 0 1 0 0 
1 0 0 0 0 
0 1 0 0 0 
1 0 0 0 0 
0 0 0 0.377407 0.622593 
0 1 0 0 0 
1 0 0 0 0 
0 0.685786 0 0.314214 0 
0 1 0 0 0 
0 0 0 0 1 
0 0.328013 0 0 0.671987 
0 1 0 0 0 
0.572813 0 0 0 0.427187 
0 0.331242 0 0.668758 0 
0 1 0 0 0 
0 0.843101 0.156899 0 0 
0 0 0 0 1 
0 0 0 0 1 
0 0 1 0 0 
1 0 0 0 0 
0 1 0 0 0 
0 0 1 0 0 
0 0 0 1 0 
0 0 0 0 1 
0.427936 0 0 0 0.572064 
0 1 0 0 0 
1 0 0 0 0 
0 0 0.453143 0 0.546857 
1 0 0 0 0 
0 0 1 0 0 
0 0.403917 0 0 0.596083 
0 1 0 0 0 
1 0 0 0 0 
0 0 0 0 1 
1 0 0 0 0 
0 0 0 1 0 
0 1 0 0 0 
0 0 0 1 0 
0 1 0 0 0 
0 0 0 0 1 
0 1 0 0 0 
0 1 0 0 0 
0 0 0 0 1 
0 0 0 1 0 
0 0 0 1 0 
0 0 0.631495 0 0.368505 
0.299476 0 0.248761 0 0.451763 
0 1 0 0 0 
0.236743 0.419801 0 0.24823 0.095226 
0 0 1 0 0 
1 0 0 0 0 
0 0 1 0 0 
0 1 0 0 0 
0 1 0 0 0 
0 0 0 0.649643 0.350357 
0 0 0 0 1 
0 0 0 1 0 
0 0 1 0 0 
0 0 1 0 0 
0 0 0 1 0 
0 0 1 0 0 
0 0 0 0 1 
0 0 0 0 1 
1 0 0 0 0 
0 1 0 0 0 
0 0 0 0 1 
0 0 0 1 0 
0 0 0 1 0 
0 0 0 1 0 
0 0 0.367256 0.632744 0 
0 0.725798 0 0 0.274202 
0 0 1 0 0 
0 0 0 0 1 
0 0 0 1 0 
0 0.309478 0.690522 0 0 
0 0 0 1 0 
0 0 1 0 0 
0 0 0 0 1 
0 0 0 1 0 
0 1 0 0 0 
0 0.786723 0 0.213277 0 
0.648033 0.351967 0 0 0 
0 0 0 1 0 
0 0 0.269651 0 0.730349 
0 0 0 0 1 
0 0 0 1 0 
0 0 0 0 1 
0 1 0 0 0 
0 1 0 0 0 
0 0 0.505865 0 0.494135 
0 1 0 0 0 
1 0 0 0 0 
0 0 0 0 1 
1 0 0 0 0 
0 1 0 0 0 
0 0 0.383316 0.616684 0 
0 0 1 0 0 
0 0 0 1 0 
0 0 0 1 0 
0 0.402119 0.597881 0 0 
0 0 1 0 0 
1 0 0 0 0 
0 1 0 0 0 
0 0 1 0 0 
0 0 1 0 0 
1 0 0 0 0 
0 1 0 0 0 
0 0 0 1 0 
0 1 0 0 0 
0 0 0 1 0 
1 0 0 0 0 
0 0 0 0 1 
1 0 0 0 0 
0.487476 0 0 0.512524 0 
0 0 0 1 0 
0 0 1 0 0 
0 0.791402 0.208598 0 0 
0 0 0 1 0 
0.403595 0 0 0.596405 0 
1 0 0 0 0 
0 0.297772 0 0.702228 0 
0 0 0.653287 0.346713 0 
0 1 0 0 0 
0 0 1 0 0 
0 0 0 0 1 
0 0 1 0 0 
0 1 0 0 0 
0 0.647467 0.352533 0 0 
0 0 0 0.702725 0.297275 
0 1 0 0 0 
0 1 0 0 0 
0 0 0 1 0 
0 1 0 0 0 
0.480297 0 0.519702 0 0 
0 0 0 0 1 
1 0 0 0 0 
0 0 1 0 0 
0 0 1 0 0 
0 0 0 1 0 
0 0 1 0 0 
0 1 0 0 0 
0 1 0 0 0 
0 1 0 0 0 
1 0 0 0 0 
1 0 0 0 0 
0.679118 0 0 0.320882 0 
1 0 0 0 0 
0 0 0 0 1 
0 0 0 0 1 
0 0 0 0 1 
0 0 1 0 0 
0 0 0 0 1 
0 0 0.453636 0.546364 0 
0 0 0 1 0 
0 0 1 0 0 
0 0 1 0 0 
1 0 0 0 0 
0 0 1 0 0 
0 0 0 1 0 
0 0 1 0 0 
1 0 0 0 0 
1 0 0 0 0 
0 0 1 0 0 
0 0 1 0 0 
0.355206 0 0 0 0.644794 
0 1 0 0 0 
0 1 0 0 0 
0 0 1 0 0 
0 0 1 0 0 
0 0 0 0 1 
0 0 1 0 0 
1 0 0 0 0 
0 1 0 0 0 
0 0 0 0 1 
0.395009 0.604991 0 0 0 
0 0 0 1 0 
0 0.493444 0 0.506556 0 
0 0 1 0 0 
