5 300
0.506663
0.391482
0.69266
0.47725
0.603902
11.9194 0.1442
11.8652 0.119021
11.1319 0.55296
11.083 0.64229
10.6676 0.543807
10.3524 0.0909701
10.0819 0.744808
9.74872 1.12119
9.28677 0.794714
9.2195 0.912191
9.00031 1.44554
8.8378 0.37341
8.52791 1.47654
8.45709 0.443257
8.45266 0.962232
8.42786 1.27322
8.40054 0.575414
8.2931 1.43088
8.26394 1.05596
8.13885 1.58176
8.10203 0.931342
8.0225 0.507269
7.88934 1.2375
7.88541 1.72398
7.85399 0.551856
7.83483 1.15017
7.80841 1.67002
7.75469 1.66562
7.7501 0.627962
7.6724 1.44725
7.34176 1.83584
7.33771 0.827531
7.32472 1.73198
7.31753 1.67029
7.30757 1.72394
7.25617 1.11274
7.1776 1.26955
7.08602 1.42159
7.05943 1.08841
7.04477 0.477258
6.93237 1.38728
6.85015 1.25573
6.84168 0.675437
6.81707 2.66952
6.8075 1.11467
6.78369 0.453212
6.75436 1.93784
6.60436 2.26651
6.53021 1.99184
6.51811 0.959331
6.47103 2.04614
6.35303 1.42739
6.33596 2.48694
6.30143 1.8443
6.29646 2.5049
6.29231 1.09347
6.28333 2.26332
6.21491 2.38563
6.21124 1.54159
6.19453 1.86298
6.18629 1.36383
6.17567 1.64589
6.11519 1.90268
6.07227 2.2433
6.00122 1.39073
5.93958 2.73226
5.80987 2.24861
5.71941 3.53098
5.65806 1.92031
5.65498 2.27438
5.48757 1.71769
5.44605 2.30787
5.43741 2.74351
5.42771 2.35968
5.27526 3.45407
5.2611 1.87049
5.22822 3.41029
5.16408 1.84752
5.1454 1.91242
5.05891 3.79658
5.02095 3.41892
5.00772 3.46145
4.95911 2.59103
4.90845 2.73926
4.81825 2.57225
4.81064 2.21012
4.8047 3.55478
4.79265 2.85607
4.72317 3.80146
4.7144 2.19259
4.58967 2.36203
4.45901 3.51581
4.42702 3.3365
4.41813 2.8985
4.40532 4.00223
4.23779 3.49
4.18123 3.25734
4.14991 2.96976
4.0509 3.96485
3.95014 2.92411
3.93071 3.01779
3.9285 2.89595
3.92752 2.74163
3.90981 3.23796
3.90941 2.53551
3.86829 3.44228
3.75873 4.5116
3.70985 3.39574
3.66643 4.9258
3.65935 3.19923
3.65635 2.95143
3.63542 4.21613
3.58478 4.92727
3.58365 3.75272
3.47646 3.34028
3.4705 2.67157
3.46549 4.54781
3.45851 3.87082
3.45228 3.90517
3.40564 2.87958
3.40061 4.92402
3.36182 3.95576
3.35829 3.15586
3.32011 4.97059
3.28884 3.31921
3.24376 4.32181
3.21096 4.42218
3.18802 5.46938
3.16138 3.63026
3.08476 4.14864
3.07945 3.66571
3.00772 4.8837
2.9952 3.44932
2.98914 4.67438
2.98235 5.44581
2.95695 4.06272
2.95075 5.65154
2.89537 5.33802
2.85301 5.51538
2.81158 4.30226
2.76747 5.5621
2.73603 3.90431
2.7104 4.23267
2.69138 4.74074
2.64639 4.15161
2.6243 3.37343
2.54608 4.86114
2.54592 4.72853
2.44383 6.78332
2.43548 5.54734
2.3913 5.12462
2.37888 4.80321
2.37811 4.44081
2.359 5.53169
2.30127 4.22023
2.29832 6.13379
2.21622 5.89413
2.21338 5.59085
2.21211 5.07622
2.20317 5.12536
2.17917 4.11822
2.17061 6.16904
2.09181 4.78704
2.09106 6.84843
2.09037 5.88838
2.00797 5.60781
1.93881 5.91303
1.93826 5.72288
1.88776 4.27476
1.86712 7.39375
1.82563 6.03198
1.81308 4.93343
1.7972 5.01961
1.72095 5.01146
1.71159 5.71555
1.69572 7.23295
1.6706 5.411
1.66711 6.20927
1.66001 6.54109
1.64652 5.17992
1.62265 5.78382
1.62047 6.41971
1.61551 5.77126
1.60331 5.52814
1.57881 6.46412
1.5526 5.63644
1.53758 4.44381
1.53249 4.77194
1.45809 4.70422
1.44398 5.11151
1.40062 5.63729
1.38929 4.58771
1.36584 7.1737
1.34627 5.99234
1.34554 7.20712
1.30915 7.30996
1.29871 6.00991
1.27405 5.03795
1.2686 6.53472
1.25296 7.3691
1.23689 8.15598
1.23639 4.72189
1.22846 7.85404
1.20084 5.79873
1.19884 6.31263
1.18657 5.86529
1.1847 7.7471
1.14808 7.92031
1.10334 5.30905
1.1003 5.20821
1.02684 6.42926
1.02034 7.8637
0.97055 6.41228
0.958421 4.94344
0.883179 6.64124
0.871216 6.7624
0.844125 5.91766
0.831583 7.01133
0.805015 6.66577
0.799982 6.42067
0.7967 5.57337
0.788811 6.17445
0.77431 8.50992
0.750021 7.98453
0.743716 6.77928
0.709615 7.05086
0.681067 7.97
0.673141 8.51491
0.655008 7.51541
0.627524 8.14614
0.569777 9.0062
0.558573 7.9454
0.540365 6.66058
0.506989 6.01701
0.506457 8.14258
0.493163 9.64092
0.491949 5.79831
0.477893 6.75766
0.475544 6.71498
0.460311 9.53421
0.459444 8.03377
0.448315 8.31192
0.44219 8.43019
0.430112 7.31124
0.429258 6.67585
0.413651 9.06612
0.407535 7.34088
0.37254 9.16758
0.364712 7.58658
0.342539 9.16198
0.331228 9.9068
0.308165 6.80125
0.306174 9.80866
0.303857 9.46527
0.293837 10.2313
0.286544 7.05478
0.28167 9.73597
0.272066 6.26912
0.256751 8.81829
0.214873 10.5551
0.207709 8.30128
0.188262 9.33609
0.164439 10.5482
0.16275 8.66253
0.154526 7.0178
0.15391 9.2824
0.147524 10.8116
0.137994 6.80601
0.137723 10.5024
0.134518 7.60952
0.128389 9.41909
0.11546 7.02278
0.103389 10.6737
0.100884 9.37717
0.0994546 8.12067
0.0878777 10.5558
0.0759737 9.14499
0.0719365 8.11548
0.0711932 8.07792
0.0702701 9.7216
0.06172 7.40473
0.0609341 10.7453
0.046749 7.40119
0.044095 11.5351
0.0375554 8.8203
0.0374956 11.5096
0.030113 8.72623
0.0257052 9.55823
0.0246383 7.78687
0.0198121 11.3983
0.0191256 11.3504
0.0187049 7.93006
0.0179419 8.95584
0.0143419 11.333
0.0129259 8.92228
0.0108708 10.7279
0.0101789 7.62083
0.00905294 9.24206
0.00201332 11.7754
0.00127309 9.24046
0 0 0 1 0 
0.228389 0 0.771611 0 0 
0.371842 0 0.628158 0 0 
1 0 0 0 0 
0 0 0 1 0 
0 1 0 0 0 
0 0 0 0 1 
1 0 0 0 0 
1 0 0 0 0 
0 0 0 1 0 
1 0 0 0 0 
0.14788 0 0 0.85212 0 
0 0 0 1 0 
0 0 1 0 0 
0 0 0 0 1 
0 0.421673 0 0.578327 0 
0 0 1 0 0 
0 0 0 0 1 
1 0 0 0 0 
1 0 0 0 0 
0 0 1 0 0 
0 0 0 1 0 
1 0 0 0 0 
1 0 0 0 0 
0.718531 0 0 0.281469 0 
0 0 0 1 0 
0 0 0 0 1 
1 0 0 0 0 
0 0 0 1 0 
0 1 0 0 0 
0 1 0 0 0 
0 1 0 0 0 
0 0 0 0 1 
0 0 0 0 1 
1 0 0 0 0 
0 0 0 1 0 
1 0 0 0 0 
0 0 0 1 0 
0 1 0 0 0 
0 0 1 0 0 
0 0 0 1 0 
0 0 1 0 0 
0 0 0 0 1 
0 1 0 0 0 
0 0 1 0 0 
1 0 0 0 0 
0 0 1 0 0 
0 0 1 0 0 
0 1 0 0 0 
0 1 0 0 0 
0.275548 0.724452 0 0 0 
0 0 0 1 0 
0 0 0.47811 0 0.52189 
0 0 0.192893 0.807107 0 
0 1 0 0 0 
0 0 0 0 1 
0 1 0 0 0 
0 0 0 1 0 
1 0 0 0 0 
0 0 0 1 0 
0 1 0 0 0 
0 1 0 0 0 
0.32586 0.307293 0 0 0.366847 
1 0 0 0 0 
0 1 0 0 0 
0 0 1 0 0 
0 1 0 0 0 
1 0 0 0 0 
0 0 0 1 0 
0 1 0 0 0 
1 0 0 0 0 
0.291529 0 0 0 0.708471 
0 0 0 0 1 
0 0.214745 0.785255 0 0 
0 0 1 0 0 
0 0 1 0 0 
1 0 0 0 0 
0 0 0 0 1 
0 0 0 1 0 
0 1 0 0 0 
0 1 0 0 0 
0 0 1 0 0 
1 0 0 0 0 
0 0.761559 0 0.238441 0 
0 0 0 1 0 
0 0 0.426917 0.573083 0 
1 0 0 0 0 
1 0 0 0 0 
0 0 1 0 0 
0 0 0 0 1 
0 0 0 0 1 
0 0 0 0 1 
0.611816 0 0.388184 0 0 
0 0 0 0 1 
0 0.783995 0 0.216005 0 
0 0 0 1 0 
1 0 0 0 0 
0 0 0 1 0 
1 0 0 0 0 
0 0 0 0 1 
0 0 0 1 0 
0 1 0 0 0 
0 0.362264 0.637735 0 0 
0 0 0 0.492794 0.507206 
0 0 0 0 1 
0 0 0 0 1 
0 0.397556 0 0 0.602444 
0 0 1 0 0 
0 0 0 1 0 
0 0 0 0 1 
0 0 1 0 0 
0 0 1 0 0 
0 0 0 0 1 
0 0 0 1 0 
1 0 0 0 0 
0 0 0 1 0 
0 1 0 0 0 
0 0 0.785731 0.214269 0 
0 1 0 0 0 
0 0 1 0 0 
0 0 0 0.457328 0.542672 
1 0 0 0 0 
0 1 0 0 0 
0 0 0 1 0 
0 0 0 0 1 
0 1 0 0 0 
1 0 0 0 0 
0 1 0 0 0 
0 0 0 0.353008 0.646992 
1 0 0 0 0 
0 0 0 1 0 
0 0 1 0 0 
0 0.444249 0 0.555751 0 
0 0 0 1 0 
1 0 0 0 0 
0 1 0 0 0 
0 0 1 0 0 
0 1 0 0 0 
0 0 0 0 1 
0 0 0 0 1 
0 1 0 0 0 
0 0 1 0 0 
0 0 0 0 1 
0 0 1 0 0 
0 0 0 1 0 
0 0 1 0 0 
0 1 0 0 0 
0 1 0 0 0 
0 0 0 0 1 
0 0 0 0 1 
0.6581 0 0 0 0.3419 
0 0 0 1 0 
0 0 1 0 0 
0 0 1 0 0 
0 0 0 1 0 
0 1 0 0 0 
0 0 1 0 0 
0 0 0 1 0 
0 0 1 0 0 
0 1 0 0 0 
0 0 0 1 0 
0 0 1 0 0 
0 0 0 1 0 
0 0 0 0 1 
0 0 1 0 0 
0 0 0 1 0 
1 0 0 0 0 
0 1 0 0 0 
0 1 0 0 0 
1 0 0 0 0 
1 0 0 0 0 
0.303123 0.696877 0 0 0 
1 0 0 0 0 
0.459079 0 0 0.540921 0 
0 0 0 0 1 
0 0 0 1 0 
1 0 0 0 0 
0 0 0 1 0 
0 0 0 0 1 
0 0 1 0 0 
0 1 0 0 0 
1 0 0 0 0 
0 0 0 1 0 
0 0 0 0 1 
1 0 0 0 0 
0.32314 0 0 0.67686 0 
0 0.382907 0 0.617092 0 
1 0 0 0 0 
1 0 0 0 0 
0 0.22976 0.77024 0 0 
0 0 1 0 0 
0.407396 0 0 0 0.592604 
0 1 0 0 0 
0 0 1 0 0 
0 0 0 0 1 
0 0 0.338418 0 0.661582 
0 0.545783 0 0.454217 0 
0 0 1 0 0 
1 0 0 0 0 
0.449423 0.550577 0 0 0 
0 0 1 0 0 
0 0 0.610874 0 0.389126 
0 0 1 0 0 
0 0 1 0 0 
0.370158 0 0 0.629842 0 
0 0 0 1 0 
0 0 0 1 0 
0 0 0 0 1 
0 0 0 0 1 
0 0 0 0 1 
0 1 0 0 0 
1 0 0 0 0 
0 1 0 0 0 
0 0 0 0.440229 0.559771 
1 0 0 0 0 
0 1 0 0 0 
1 0 0 0 0 
0 0 1 0 0 
0.452237 0 0.547763 0 0 
1 0 0 0 0 
0 0 0 1 0 
0 1 0 0 0 
0 1 0 0 0 
1 0 0 0 0 
0 0 1 0 0 
1 0 0 0 0 
0 0 0 1 0 
0 0 0 1 0 
0.262122 0 0 0 0.737878 
1 0 0 0 0 
0 1 0 0 0 
0 0 0 1 0 
0 1 0 0 0 
0 0 0 0 1 
0.610011 0 0 0 0.389989 
0 0 0 0 1 
0 0 0 1 0 
0.485752 0.173744 0 0 0.340504 
0 1 0 0 0 
0.532153 0.268278 0 0 0.199569 
0 1 0 0 0 
0 0 0 0 1 
0 1 0 0 0 
0 0 0 0 1 
0 0 0 0 1 
1 0 0 0 0 
0 0 1 0 0 
0 0 0 1 0 
0 0 0 0 1 
0 0.49493 0.378899 0.126171 0 
0 0 0 1 0 
0 0 0 0 1 
0 0 0.537094 0.0964865 0.36642 
1 0 0 0 0 
0 1 0 0 0 
1 0 0 0 0 
0 0.535915 0 0.464085 0 
0 0 1 0 0 
0 0.734639 0 0.265361 0 
0 0 1 0 0 
0 0 1 0 0 
0 0 0 1 0 
0.339303 0.660697 0 0 0 
0 0 0 0 1 
1 0 0 0 0 
0 0 1 0 0 
1 0 0 0 0 
0.783678 0.216322 0 0 0 
0 0 0.226272 0 0.773728 
0 0 0.36366 0 0.63634 
0 1 0 0 0 
0 1 0 0 0 
0 0 0 1 0 
0.147128 0.262366 0.590506 0 0 
0 1 0 0 0 
0 1 0 0 0 
0.875663 0.124337 0 0 0 
0 0 0 0 1 
0 0 1 0 0 
0 0 0 0 1 
0 1 0 0 0 
0 1 0 0 0 
0 0 0 1 0 
0 0 0 0 1 
0 0 1 0 0 
0 0 0 0 1 
0 0 0 1 0 
0 0 1 0 0 
0 0 0.234806 0 0.765194 
0 0 0 1 0 
1 0 0 0 0 
0.53819 0 0 0 0.46181 
1 0 0 0 0 
0 0 0 0 1 
0 0 0 1 0 
1 0 0 0 0 
1 0 0 0 0 
0.816254 0 0 0.183746 0 
0 0 0 0.796227 0.203773 
0 0 0 0 1 
