10 500
0.436518
0.327423
0.642955
0.253199
0.493253
0.508224
0.343348
0.544311
0.457615
0.507377
11.4779 0.444764
11.1273 0.131267
11.1105 0.514604
11.0526 0.197624
10.6957 0.672434
10.6814 0.105361
10.5888 0.261427
10.5405 0.236097
10.4982 0.531341
10.332 0.232646
10.1945 0.563424
9.94846 0.723535
9.94657 0.561934
9.76423 0.810824
9.64744 0.866503
9.58516 0.0888547
9.47602 0.519613
9.42169 1.40345
9.26597 0.939917
9.22729 0.277578
9.20183 0.98964
9.1155 0.883809
9.09449 0.716429
8.97831 0.678106
8.93231 1.22422
8.84561 0.714409
8.76816 0.656592
8.74944 1.79208
8.70926 0.593161
8.62682 0.550733
8.58321 1.01198
8.53018 0.959712
8.49535 0.742506
8.46455 0.361273
8.45155 1.44567
8.4468 0.52974
8.30518 0.551872
8.30175 0.929421
8.29783 0.538347
8.24105 0.389749
8.18443 1.33322
8.18164 1.18512
8.14799 1.27853
8.14665 0.458892
8.14167 0.855928
8.12309 1.68689
8.08121 2.13645
8.04525 1.59738
7.83063 1.41708
7.80823 1.19923
7.78241 1.70912
7.77705 1.94367
7.7245 0.670724
7.70984 0.56443
7.59868 1.35764
7.59272 1.26002
7.57549 1.2271
7.56521 0.921585
7.48719 1.46332
7.47202 2.11432
7.45916 2.31004
7.44437 0.69054
7.38667 1.44879
7.37427 0.23399
7.28098 1.9321
7.27238 2.21457
7.20745 2.2657
7.20481 0.698511
7.19682 1.45157
7.13925 0.306566
7.12209 0.847728
7.07429 1.28914
7.04964 1.24757
7.04818 2.8842
7.03663 2.92842
7.03616 0.504179
6.96602 0.801089
6.96486 0.455266
6.94264 1.27921
6.93202 2.61966
6.91936 2.02086
6.89389 1.99914
6.839 1.87149
6.83365 1.93691
6.77888 1.21845
6.76161 0.948342
6.71943 1.04014
6.69384 2.14194
6.67223 1.76758
6.65358 2.1036
6.64595 2.21806
6.60804 2.86136
6.52816 2.85774
6.46695 2.60902
6.40908 1.47087
6.40151 1.61373
6.27188 2.04364
6.18039 2.16946
6.12841 1.39036
6.08597 3.09147
6.04608 1.09572
6.01807 2.81368
5.97045 2.6383
5.94782 1.43306
5.92877 1.95467
5.91343 1.99105
5.8825 2.37243
5.88015 2.5287
5.82179 2.99888
5.7688 1.81577
5.7598 3.16765
5.7544 2.71769
5.69372 3.01837
5.68705 1.95777
5.63885 2.69762
5.61028 2.87538
5.60125 1.41101
5.57173 2.08872
5.55033 2.66958
5.51351 2.30491
5.46671 2.7309
5.45248 1.77472
5.44245 2.81969
5.43521 2.73462
5.37424 1.75221
5.34122 2.22568
5.28558 3.11231
5.25196 1.99035
5.22173 1.84098
5.20578 3.79656
5.19876 1.84894
5.19812 2.71183
5.1932 2.67753
5.15923 2.92274
5.12128 3.00747
5.06198 3.59476
5.0551 3.23548
5.02383 2.84117
5.00964 2.32046
4.95361 4.56401
4.93419 1.97305
4.90755 2.61985
4.84718 4.02899
4.83461 3.38272
4.83388 2.97431
4.81569 3.30798
4.77558 3.93912
4.77448 3.80501
4.71645 2.73167
4.70975 2.57597
4.68373 3.07684
4.66651 3.02469
4.5962 2.45348
4.56481 2.0101
4.5538 3.86668
4.54191 4.61059
4.53583 2.11116
4.52601 2.73747
4.46459 2.38415
4.46343 2.92772
4.46146 3.44775
4.43972 4.00164
4.41375 3.55246
4.40857 3.68815
4.38276 3.60429
4.36565 3.56342
4.30692 2.20791
4.29659 2.68308
4.29338 4.33421
4.22967 3.51072
4.18831 3.30368
4.1852 3.7196
4.16817 3.67429
4.11938 3.30671
4.10235 2.13472
4.08811 3.44052
4.04929 4.3557
4.03657 3.39268
4.00724 4.85064
3.9808 4.18376
3.96984 2.9515
3.95822 3.36209
3.95021 2.84252
3.91883 3.70564
3.8751 2.8608
3.86538 4.98158
3.76976 2.91992
3.76582 4.64636
3.70335 5.17724
3.70103 2.49114
3.67173 4.64177
3.64725 4.14457
3.64575 2.95859
3.6455 2.71118
3.63103 4.12317
3.62382 4.0947
3.61542 2.97639
3.56615 4.12449
3.51522 4.11148
3.50974 3.16811
3.50153 3.37687
3.44015 5.61736
3.40418 4.70536
3.37695 4.75287
3.35989 5.4122
3.35203 3.90304
3.34313 4.26139
3.33028 4.34252
3.30452 4.48726
3.30143 3.54275
3.29474 4.88383
3.2827 4.78727
3.27697 3.71421
3.27538 4.32203
3.26219 4.24587
3.25065 4.6617
3.24633 3.60905
3.21687 4.48793
3.14129 3.63072
3.12723 3.27329
3.11219 3.23345
3.06746 4.33532
3.05787 5.88019
3.05484 3.54448
3.04302 4.10586
2.99037 5.95788
2.9898 5.06627
2.981 4.68362
2.97668 3.89637
2.94814 5.56687
2.90672 4.16148
2.90638 5.23733
2.89605 4.76931
2.89313 4.93031
2.84621 5.0598
2.78726 5.6891
2.77815 5.87054
2.71554 4.997
2.71549 4.9854
2.69566 4.36299
2.62806 5.14864
2.62079 4.56673
2.61058 4.32251
2.60731 3.79664
2.59183 4.96369
2.51055 6.01622
2.49116 4.73432
2.46938 5.22073
2.45273 4.45101
2.43169 4.38665
2.40957 5.73431
2.33513 5.48809
2.29173 6.22934
2.27922 5.45698
2.27806 5.4795
2.27237 4.73152
2.25841 4.56095
2.25586 6.28332
2.24651 4.18255
2.19695 5.38493
2.18086 5.82998
2.14696 4.4557
2.1403 4.15958
2.13329 4.4882
2.12649 4.15456
2.12265 5.08767
2.09854 4.22105
2.08871 5.45694
2.07609 6.27353
2.07607 5.56607
2.04499 4.66376
2.02539 5.31363
2.02062 5.45567
1.95798 6.36677
1.94658 5.79954
1.92365 4.56067
1.90275 4.47235
1.88657 6.62882
1.88329 6.684
1.87447 5.89827
1.86649 7.36434
1.83217 5.67236
1.80012 4.78192
1.78927 4.50735
1.77702 5.75208
1.76687 4.53834
1.76367 5.33235
1.75335 4.74792
1.74958 4.92791
1.7462 6.99684
1.74445 6.24899
1.74206 6.74639
1.73898 7.08693
1.73656 5.46603
1.71236 4.22249
1.70088 7.14571
1.69836 6.13267
1.69436 6.16361
1.69213 6.56279
1.68678 6.11081
1.68533 4.65105
1.68502 7.56167
1.66741 5.5419
1.63761 4.72565
1.63267 5.33003
1.63072 5.07765
1.60858 5.90209
1.59423 5.88386
1.59179 4.77888
1.5844 7.51235
1.57867 5.99126
1.57568 6.071
1.52652 5.42729
1.4718 6.35617
1.42456 6.87799
1.42213 5.26529
1.41631 6.96646
1.37924 7.18089
1.36702 6.34145
1.31766 6.1641
1.31056 6.95184
1.30519 7.18281
1.29982 5.99428
1.28977 5.12296
1.28599 4.8077
1.27754 8.05507
1.23418 6.53073
1.22388 7.88687
1.20386 5.70125
1.19101 6.82114
1.13683 6.82424
1.10443 7.35259
1.10359 6.49524
1.09171 5.21098
1.08852 8.55119
1.07014 5.57053
1.04911 8.28687
1.04896 7.12827
1.03022 6.20181
1.01436 6.83859
0.987794 5.91125
0.972734 7.32944
0.954975 7.3738
0.95154 7.66316
0.934654 5.26243
0.928922 6.10869
0.901396 6.20246
0.891465 5.23767
0.872779 8.30285
0.862194 7.95015
0.849645 7.9027
0.844506 9.09828
0.826875 8.72533
0.809391 7.19714
0.798532 8.58785
0.794635 8.45073
0.789339 8.80444
0.773125 6.2913
0.772276 8.10973
0.769785 5.68168
0.757428 7.72223
0.716232 9.03459
0.703641 9.10262
0.702571 8.25413
0.699901 7.989
0.682644 8.57483
0.663706 6.35677
0.642262 9.4825
0.616875 7.87294
0.615896 8.17112
0.601803 5.8893
0.599275 9.23527
0.598431 7.10235
0.596674 7.26478
0.596551 6.98038
0.590613 8.73842
0.586742 8.63208
0.559515 7.36601
0.538192 8.55005
0.527131 9.86555
0.507936 6.08421
0.493101 6.68799
0.487771 8.54844
0.479029 7.13592
0.473622 9.18173
0.464393 7.7778
0.461884 8.58923
0.46029 6.56413
0.457782 8.60587
0.450707 6.28838
0.433108 7.69987
0.425137 9.24251
0.424834 7.14041
0.399587 7.68374
0.386982 8.22204
0.386501 8.02709
0.374356 9.65074
0.36969 8.50536
0.365817 5.96997
0.365324 9.12588
0.359209 8.56174
0.350481 7.70687
0.350037 6.39748
0.347817 7.46847
0.294234 6.10565
0.287102 9.29497
0.281203 7.36157
0.27861 9.68676
0.272656 10.1794
0.255931 7.77054
0.243039 8.64315
0.235214 7.81774
0.223913 9.86404
0.220305 9.15927
0.218803 10.0975
0.212511 8.18581
0.209752 7.49311
0.20123 10.1596
0.196502 7.8874
0.191539 8.51281
0.19077 9.84888
0.187576 8.03785
0.186452 8.97309
0.184889 6.5912
0.170177 8.3358
0.165445 7.45316
0.153568 6.88492
0.153371 7.3021
0.152195 7.77856
0.142185 6.79054
0.141576 10.2601
0.140482 9.00368
0.140389 11.0361
0.138023 7.47056
0.135048 6.70323
0.12453 7.48879
0.121482 7.19533
0.119852 7.00614
0.112058 9.42705
0.108935 8.01562
0.108179 8.50744
0.105461 11.0253
0.100087 8.55454
0.0982998 9.28114
0.0946182 7.974
0.0869208 8.96922
0.0862899 10.8679
0.0774956 9.41588
0.0764894 8.21313
0.0749651 7.00027
0.0737432 10.2639
0.0731037 10.6088
0.0711255 11.2551
0.0709979 9.4907
0.0687541 8.40315
0.0684295 9.43182
0.0677679 11.3567
0.0673383 7.84679
0.0667621 8.8439
0.0625576 8.50168
0.0613757 7.0304
0.0613083 8.93933
0.0520457 9.39112
0.0495995 7.95512
0.0494818 10.1051
0.0486117 9.56287
0.0469908 10.1315
0.0466133 8.36109
0.043411 11.0952
0.0411798 10.1696
0.0385423 8.49818
0.0343781 7.49013
0.0301141 11.2876
0.0288953 8.93073
0.0284003 7.62715
0.0275248 8.65599
0.0270002 9.01235
0.0260565 11.7334
0.0235909 8.79873
0.0199246 11.787
0.0191358 10.6768
0.0163345 7.64675
0.0148628 8.84364
0.0131712 7.41409
0.0131161 9.68115
0.00891742 10.366
0.00819047 7.64989
0.0073088 11.5006
0.00691806 8.8609
0.00677853 8.89159
0.00664969 9.45397
0.00634938 7.60617
0.00583446 11.6609
0.00568623 8.1129
0.00487473 10.6356
0.00420242 7.97253
0.0041781 8.54103
0.00328334 11.3182
0.00246727 9.76757
0.00129144 9.23351
0 0 0.118368 0.480819 0 0 0 0.400813 0 0 
0 0 0 0 0 0 0 0 1 0 
0 0 0 0 0 0 0 0 1 0 
0 0 0 0 0 0 0 0 0 1 
0 0 0 0 0 0 0 0 0 1 
0 0 0 0.350578 0 0 0.649422 0 0 0 
1 0 0 0 0 0 0 0 0 0 
0 1 0 0 0 0 0 0 0 0 
0 0 0 0 0 0 0 0 1 0 
0 0 0 0 0 0.593895 0.406105 0 0 0 
0 0 0 1 0 0 0 0 0 0 
0 0 0 1 0 0 0 0 0 0 
0 0 0 0.390041 0.609959 0 0 0 0 0 
0 0 0 1 0 0 0 0 0 0 
0 0 0 1 0 0 0 0 0 0 
0 0 0 0 0 0 0 0 0 1 
0 0 0 0 0 0 0 1 0 0 
0 1 0 0 0 0 0 0 0 0 
0 0 0 0 1 0 0 0 0 0 
0 0 0 0 1 0 0 0 0 0 
0 0 0 0 0 0 1 0 0 0 
0 0 1 0 0 0 0 0 0 0 
0 1 0 0 0 0 0 0 0 0 
0 0 0 1 0 0 0 0 0 0 
0 0 0 0 0 0 0 1 0 0 
0 0 0 0 0 0 1 0 0 0 
0 0 0 0 0 0 0 0 0 1 
1 0 0 0 0 0 0 0 0 0 
0 0 0 0 0 0 0 0 1 0 
0 0 0 0 0 0 0 1 0 0 
1 0 0 0 0 0 0 0 0 0 
0 0 0 0 0 0 0.576878 0 0 0.423122 
0 0 0 0 0.54663 0 0.45337 0 0 0 
0 0.388113 0 0.611887 0 0 0 0 0 0 
0 0 0 0 0 0 0 0 1 0 
0 0 0 1 0 0 0 0 0 0 
0 0 0 0 0 0 0 0 1 0 
0 0.679195 0 0 0 0 0 0 0.320805 0 
1 0 0 0 0 0 0 0 0 0 
0 0 0 0 0 0 0 0 0 1 
0 0 0 0 0 0 1 0 0 0 
0 0 0 0 0 0 0 0 1 0 
0 0 0 0 0 1 0 0 0 0 
1 0 0 0 0 0 0 0 0 0 
0 0 1 0 0 0 0 0 0 0 
0 0 0 0 0 1 0 0 0 0 
0 0 0 0 1 0 0 0 0 0 
1 0 0 0 0 0 0 0 0 0 
0 0 0 0 0 0 0 0 0 1 
0 0 0 0 0 0 0 1 0 0 
0 0 1 0 0 0 0 0 0 0 
0 0 0 1 0 0 0 0 0 0 
0 0 0 0 0 0 1 0 0 0 
1 0 0 0 0 0 0 0 0 0 
0 1 0 0 0 0 0 0 0 0 
0 0 0 0 1 0 0 0 0 0 
0 0 0 0 0 0 1 0 0 0 
0 0 0 0 1 0 0 0 0 0 
0.350597 0.649403 0 0 0 0 0 0 0 0 
0 0 0 0 0 0.405019 0 0 0 0.594981 
0 0.328901 0.671099 0 0 0 0 0 0 0 
0 0 0 0 0 0 1 0 0 0 
0 0 1 0 0 0 0 0 0 0 
0 0 0 0 1 0 0 0 0 0 
0 1 0 0 0 0 0 0 0 0 
0 1 0 0 0 0 0 0 0 0 
0 0 1 0 0 0 0 0 0 0 
0 0 0 0.697777 0 0.302223 0 0 0 0 
1 0 0 0 0 0 0 0 0 0 
0 0 0 0 0 0 0 1 0 0 
0 0 0 1 0 0 0 0 0 0 
0 0 0 0 0 0 0 0 0 1 
0 0 0 0 1 0 0 0 0 0 
0 0 1 0 0 0 0 0 0 0 
0 0 0 0 0 0 0 1 0 0 
0 0 0 0 0 0 0 0 0 1 
0 0 0 0 0 0 0 0 0 1 
0 0 0 0 0 1 0 0 0 0 
0 0 1 0 0 0 0 0 0 0 
0 0 0 0 1 0 0 0 0 0 
0 0 1 0 0 0 0 0 0 0 
0 0 0 0.624669 0 0 0 0.375331 0 0 
0 1 0 0 0 0 0 0 0 0 
0 0 0 0 1 0 0 0 0 0 
0 0 0 0 1 0 0 0 0 0 
0 0 0 1 0 0 0 0 0 0 
0 0 0 1 0 0 0 0 0 0 
0 0 0 0 0 0 0 0 1 0 
0 0 0 0 0 0 0 1 0 0 
0 0 0 0 1 0 0 0 0 0 
0 0 0 0 0 0 0 0 1 0 
0 0 0 0 1 0 0 0 0 0 
0 1 0 0 0 0 0 0 0 0 
0 0 0 0 0 0 0 0 0 1 
1 0 0 0 0 0 0 0 0 0 
0 0 0 0 0 0 0 1 0 0 
0.49863 0 0.50137 0 0 0 0 0 0 0 
0 0 0 0 0 0 0 0 1 0 
0 0 0 0 0 0 1 0 0 0 
0 0 0 1 0 0 0 0 0 0 
0 0 0 0 0 1 0 0 0 0 
0 0 0 0 0 0 0 0 0.518901 0.481099 
0 1 0 0 0 0 0 0 0 0 
0 0 0 0 0 0 0 1 0 0 
0 0 0 0 0 0 0 0 0 1 
0 0 0 1 0 0 0 0 0 0 
0 0 0 0 0 0 0 1 0 0 
0 0 0 0 0 1 0 0 0 0 
0 0 0 0 0 0 0 0 0 1 
0 0 0.111074 0 0 0 0 0 0.888926 0 
1 0 0 0 0 0 0 0 0 0 
0 0 0 1 0 0 0 0 0 0 
0 0 0 0 0.71461 0 0.28539 0 0 0 
0 0 0 1 0 0 0 0 0 0 
0 0 0 0 1 0 0 0 0 0 
0.859335 0 0 0.140665 0 0 0 0 0 0 
0 0 0 0 0.350249 0 0 0.649751 0 0 
0 0 0 0 0 0 0 0 0 1 
0 1 0 0 0 0 0 0 0 0 
0 0 0 0 1 0 0 0 0 0 
1 0 0 0 0 0 0 0 0 0 
0 0 0 0 0 0 0 0 1 0 
0 0 0 0 0 0 1 0 0 0 
0 0.500699 0 0 0 0 0.37501 0.124291 0 0 
0 0 0 0 0 0 0 0 0 1 
0 0 0 0 0 0 1 0 0 0 
1 0 0 0 0 0 0 0 0 0 
0 1 0 0 0 0 0 0 0 0 
0 1 0 0 0 0 0 0 0 0 
0 0 0 0 0 0 0 0 1 0 
0 0 1 0 0 0 0 0 0 0 
0 0 0 0 0 0 1 0 0 0 
0 0 0 0 1 0 0 0 0 0 
0 0 0 0.416481 0 0 0 0 0.583519 0 
0 0 0 1 0 0 0 0 0 0 
0 0 0 0 0 0 1 0 0 0 
0 0 0 0 0 1 0 0 0 0 
0 1 0 0 0 0 0 0 0 0 
0.240128 0 0 0 0 0 0 0 0 0.759872 
0 0 0 0 0 0 0 0 1 0 
0 0 0 0 0 0 0 1 0 0 
0 0 0 0 0 0 0 0 0 1 
0 0 0 0 1 0 0 0 0 0 
0 0 0 1 0 0 0 0 0 0 
0 0 0 0 0 0 1 0 0 0 
0 0 1 0 0 0 0 0 0 0 
0 0 0 0 1 0 0 0 0 0 
0 0 0 0 0 1 0 0 0 0 
0 0 0 0 1 0 0 0 0 0 
0 0 0 0 1 0 0 0 0 0 
0 0 0 0 0 0 1 0 0 0 
0 1 0 0 0 0 0 0 0 0 
0 0 0 0 0 0 0 1 0 0 
0 0 0 0 0.43358 0.206809 0 0.359611 0 0 
0.305116 0 0 0 0 0 0 0 0.694884 0 
0 0 0 0 0 0 1 0 0 0 
0 0 0 0 0 0 0 0 1 0 
0 0 0 0 0.448425 0 0 0.551575 0 0 
0 0 0 0 0 0 0 1 0 0 
0 0 0 0 0 0 0 0 0 1 
0.344455 0 0 0 0 0 0 0.655545 0 0 
0 1 0 0 0 0 0 0 0 0 
0 1 0 0 0 0 0 0 0 0 
0 0 0.588551 0.411449 0 0 0 0 0 0 
0 0 0 0 0 1 0 0 0 0 
0 0 0 0.29025 0 0 0.70975 0 0 0 
1 0 0 0 0 0 0 0 0 0 
0 0 0 1 0 0 0 0 0 0 
0 0 0 0 0 0 0 1 0 0 
0 0 0 0 1 0 0 0 0 0 
0 0 1 0 0 0 0 0 0 0 
0 0 0 0 1 0 0 0 0 0 
0 0 0 0 0 0 0 1 0 0 
0 0 0 0 0 1 0 0 0 0 
0 0 0 0 0 0 0 1 0 0 
0 0 0 0 0 0 0 0 0 1 
0 0 0 0 0 0 0 1 0 0 
0 0 0 1 0 0 0 0 0 0 
0 0 0 0 0 0 0 0 1 0 
0 0 0 0 1 0 0 0 0 0 
0 0 0 0 0 1 0 0 0 0 
0 0 0 0 0 1 0 0 0 0 
0 0 1 0 0 0 0 0 0 0 
0.844535 0 0 0.155465 0 0 0 0 0 0 
0 0 0 0 0 0 0 1 0 0 
0 0 0 0 0 0 0 1 0 0 
0 0 0 0 0 0 0 0 1 0 
0 1 0 0 0 0 0 0 0 0 
0 1 0 0 0 0 0 0 0 0 
0 1 0 0 0 0 0 0 0 0 
0 1 0 0 0 0 0 0 0 0 
0 0 0 0 0 0 0 1 0 0 
0 0 1 0 0 0 0 0 0 0 
0 0 0 0 0 0 0 1 0 0 
0 0 0 0 0.754749 0 0 0 0.245251 0 
0 0 0 0 1 0 0 0 0 0 
0 0 0 0 0 0 0 0 0 1 
0 0 0 0 0 0 0 0.445503 0.390104 0.164393 
0 0 0 0 0 0 0 0 1 0 
0 0 1 0 0 0 0 0 0 0 
0 0 0 0 0 0 0 0 0 1 
0 0 0 0 0 0 1 0 0 0 
0 0.402708 0 0 0 0 0 0 0.208776 0.388515 
0 0 0 0 1 0 0 0 0 0 
0 0 0 0 1 0 0 0 0 0 
0 0 0.46601 0 0.53399 0 0 0 0 0 
0 0 0 0 0 0.839182 0 0.160818 0 0 
0 0 0 0 0 1 0 0 0 0 
0 0 0.248645 0 0 0 0.751355 0 0 0 
0 0 0 0 0 0 0 0 0 1 
0 0 0 1 0 0 0 0 0 0 
0 0 0 1 0 0 0 0 0 0 
0 0 0 1 0 0 0 0 0 0 
0 0 0 0 0 0 0.246057 0 0.753943 0 
0 0 0 0 1 0 0 0 0 0 
0 0 0 0 0 0 0 0 1 0 
0.374562 0 0 0 0 0 0 0 0.625438 0 
0 0 1 0 0 0 0 0 0 0 
0 0 0 1 0 0 0 0 0 0 
0 0 0 0 1 0 0 0 0 0 
0 0 0 1 0 0 0 0 0 0 
0 0 0 0 1 0 0 0 0 0 
0 0 0 0 0 0 0 1 0 0 
0.782114 0 0 0 0 0 0 0 0.217886 0 
0 0 1 0 0 0 0 0 0 0 
1 0 0 0 0 0 0 0 0 0 
0 0 0 0 1 0 0 0 0 0 
0 0 0 0 0 0 0 0 0 1 
0 0 0.3284 0 0 0 0.6716 0 0 0 
0.525231 0 0 0 0 0 0.474769 0 0 0 
0 0 0 0 1 0 0 0 0 0 
0 0 0 0 0 0 1 0 0 0 
0 0 0 0 1 0 0 0 0 0 
0 0 0 1 0 0 0 0 0 0 
0 0 0 0 0 0 1 0 0 0 
0 0 0 0 0 0 1 0 0 0 
0 0 0 0 0.143342 0.661068 0 0 0 0.19559 
1 0 0 0 0 0 0 0 0 0 
0 1 0 0 0 0 0 0 0 0 
0 0 1 0 0 0 0 0 0 0 
0 1 0 0 0 0 0 0 0 0 
0 0 0 0 0 0 0 0 0 1 
0 0 0 0 0 0 1 0 0 0 
0 0 0 1 0 0 0 0 0 0 
0 0 0 0 0 0.565688 0 0 0.434312 0 
0 0 0 0 0 1 0 0 0 0 
0 0 1 0 0 0 0 0 0 0 
0 0 0 1 0 0 0 0 0 0 
1 0 0 0 0 0 0 0 0 0 
0 0 0 0 1 0 0 0 0 0 
0 0 0 0 0 1 0 0 0 0 
0 0 0 0 0 1 0 0 0 0 
0 0 0.555286 0.444714 0 0 0 0 0 0 
0 0 1 0 0 0 0 0 0 0 
0 0 0 0 0 0 0 1 0 0 
0 0 0 0 0 0 0 1 0 0 
0 0 0 0 0 0 0 0 1 0 
0 0 0 0 0 1 0 0 0 0 
0 0 0 0 0 0 1 0 0 0 
0 0 0 0 0 0 0 0 0 1 
0 0 0 1 0 0 0 0 0 0 
0 0.503743 0 0.496257 0 0 0 0 0 0 
0 0 0 0 0 0 1 0 0 0 
0 0 1 0 0 0 0 0 0 0 
0 0 0.494999 0 0.505001 0 0 0 0 0 
0 0 1 0 0 0 0 0 0 0 
0 0 0 0 0 0 0 0 0 1 
0 0 0 0 0 0 0 1 0 0 
0 0 0 0 0.846611 0.153389 0 0 0 0 
0 0 0 0.691951 0 0.308049 0 0 0 0 
0 0 0 0 0 0 1 0 0 0 
0 0 0.651291 0.348709 0 0 0 0 0 0 
0 0.311126 0 0 0 0 0 0 0.688874 0 
1 0 0 0 0 0 0 0 0 0 
0 0 0 0 0 0 0 1 0 0 
0 0 0 0 0 0 1 0 0 0 
0 0 0 1 0 0 0 0 0 0 
0 0 0 0 0 0 1 0 0 0 
0 0 0 1 0 0 0 0 0 0 
0 0 0 0 0 0 1 0 0 0 
0 0 0 0 0 0 0 1 0 0 
0 0 0 1 0 0 0 0 0 0 
0 0 0 0 0 0 0 1 0 0 
0 0 0 0 0 0 0 1 0 0 
0 0 1 0 0 0 0 0 0 0 
0 0 0 0 0 1 0 0 0 0 
0 0 0 0 0 1 0 0 0 0 
0.663594 0 0 0.336406 0 0 0 0 0 0 
0 0 0 0 0 0 1 0 0 0 
0 0 0 0 0 0 0 0 0 1 
0 0 0.49232 0.50768 0 0 0 0 0 0 
0 0 0 0 0 1 0 0 0 0 
0 0 0 0 1 0 0 0 0 0 
0 0 0 0 0 0 1 0 0 0 
0 0.300127 0 0 0 0.699873 0 0 0 0 
0 0 0 1 0 0 0 0 0 0 
0 1 0 0 0 0 0 0 0 0 
0 0 0 0 1 0 0 0 0 0 
0 0 0 0 0 0 0 1 0 0 
1 0 0 0 0 0 0 0 0 0 
0 0 0 0 0 1 0 0 0 0 
0 0 0 0 0 0 0 0 1 0 
0 0 0 1 0 0 0 0 0 0 
0 0 0 0 0 1 0 0 0 0 
0 0.564729 0 0 0 0.435271 0 0 0 0 
0 0 0 1 0 0 0 0 0 0 
0.615075 0.384925 0 0 0 0 0 0 0 0 
0 0 0 0 0 0.729193 0 0 0 0.270807 
1 0 0 0 0 0 0 0 0 0 
0 0 1 0 0 0 0 0 0 0 
0 0 0 0 1 0 0 0 0 0 
1 0 0 0 0 0 0 0 0 0 
0 0 1 0 0 0 0 0 0 0 
0 0 0 0 1 0 0 0 0 0 
0 0 0 0 0 0 0 1 0 0 
1 0 0 0 0 0 0 0 0 0 
1 0 0 0 0 0 0 0 0 0 
0 0 0 0 1 0 0 0 0 0 
0 1 0 0 0 0 0 0 0 0 
0 0 0 1 0 0 0 0 0 0 
0 0 0 1 0 0 0 0 0 0 
0 0 0 0 0 0.480259 0 0.519741 0 0 
0 0 0 0 0 0 1 0 0 0 
0 0 0 0 0 0 0 0.384971 0 0.615029 
0 0 1 0 0 0 0 0 0 0 
0 0 0 0 0 0 0 0 0 1 
0 0 0 0 0 0 0 1 0 0 
0 0 1 0 0 0 0 0 0 0 
0 0 0 0 0 0.451996 0 0 0.548004 0 
0 0.501108 0 0 0.498892 0 0 0 0 0 
0 1 0 0 0 0 0 0 0 0 
0 0 0 0 0 0 1 0 0 0 
0 1 0 0 0 0 0 0 0 0 
0 0 0 0 1 0 0 0 0 0 
0 0 0 0.3854 0 0 0 0 0 0.6146 
0 0 0 0 0 0 0 0 0 1 
0 0 0 0 0 1 0 0 0 0 
0 0 0 0 0 0 0.687876 0.312124 0 0 
0 0 0 0 1 0 0 0 0 0 
0 0 0 0 0 0 0 0 1 0 
0 0 0 0 0 0 0 0 0.642415 0.357585 
0 0 0 1 0 0 0 0 0 0 
0 0 0 0 0 0 0 0 1 0 
0 0 0 0 0 0 0 1 0 0 
0 0 1 0 0 0 0 0 0 0 
0 0 0 0 0 0 0 1 0 0 
1 0 0 0 0 0 0 0 0 0 
0 0 0 0 0 1 0 0 0 0 
0 0 0 0 1 0 0 0 0 0 
0 0 0 0 1 0 0 0 0 0 
0 0 0 0 0 0 0 0 1 0 
0 0 0 0 0 0 0 0 1 0 
0 0 0 0 0 0 0 0 1 0 
0 0 0 0 0 1 0 0 0 0 
0 0 0 1 0 0 0 0 0 0 
1 0 0 0 0 0 0 0 0 0 
0 0 0.483524 0 0 0.516476 0 0 0 0 
0 0 0 0.637813 0 0 0 0 0.362187 0 
1 0 0 0 0 0 0 0 0 0 
0 0 0 0 0 1 0 0 0 0 
0 0 0 0 1 0 0 0 0 0 
0 0 0 0 0 0 0 1 0 0 
0 0 0 0 0 0 0 1 0 0 
0 0 0.539832 0 0 0 0.460168 0 0 0 
0 0 1 0 0 0 0 0 0 0 
0 0 0 0 0 0 0 1 0 0 
0 0 0 0 0 1 0 0 0 0 
0 0 0 0 0.469378 0.530622 0 0 0 0 
0 1 0 0 0 0 0 0 0 0 
0 0 0 0 0 0 0 1 0 0 
0 0 0 0 0.516905 0 0 0 0.483095 0 
0 0 0 0 0 0 1 0 0 0 
0 0 1 0 0 0 0 0 0 0 
0 0 0 0 0 0 0 0 1 0 
0 1 0 0 0 0 0 0 0 0 
0 0 0 0 0 0 1 0 0 0 
0 0 0 0 0 0 0 1 0 0 
0.537942 0 0 0 0 0 0 0 0.462058 0 
0 0 0 0 0 0 0.65023 0 0.34977 0 
0 0 0 0 0 0 0 1 0 0 
0 0 0 0 0 0 0 0 1 0 
0 0 0 0 0 0 0 0 1 0 
1 0 0 0 0 0 0 0 0 0 
0 0 0 0 0 0 0 0 1 0 
0 0 0.547089 0 0.452911 0 0 0 0 0 
0 0 0 0 0 0 1 0 0 0 
0 0 0 0 0 1 0 0 0 0 
0 0 0 1 0 0 0 0 0 0 
0 0.723891 0 0 0 0 0 0 0 0.276109 
0 1 0 0 0 0 0 0 0 0 
0 0 0 0 0 0 1 0 0 0 
0 0 0 0 0 1 0 0 0 0 
0 1 0 0 0 0 0 0 0 0 
0 0.231851 0 0 0 0 0 0.768149 0 0 
0 0 0 1 0 0 0 0 0 0 
0 0 0 0 0 0 1 0 0 0 
0 0 0 0 0 0 0 0 0 1 
0 0 0 0 0 0 1 0 0 0 
0 0 0 0 0 0 0 0 1 0 
0 1 0 0 0 0 0 0 0 0 
0 1 0 0 0 0 0 0 0 0 
0 0.420209 0 0.200685 0 0 0 0.379106 0 0 
0 1 0 0 0 0 0 0 0 0 
0 0 0 0 1 0 0 0 0 0 
0 0 0 1 0 0 0 0 0 0 
0 0 1 0 0 0 0 0 0 0 
0 0 0 1 0 0 0 0 0 0 
0 0 0 1 0 0 0 0 0 0 
0 0 0 0 1 0 0 0 0 0 
0 0 0 1 0 0 0 0 0 0 
0 0 0 0 0 1 0 0 0 0 
0 0 0 0 0 0 0 0 1 0 
0 0 0 0 0 1 0 0 0 0 
0 0 0 1 0 0 0 0 0 0 
0 0 0 0 0 0 0 0 0 1 
0 0 0 0.766194 0 0.233806 0 0 0 0 
0 0 0 1 0 0 0 0 0 0 
0 0 0 0 0 0 0 1 0 0 
0 0 0 0.727504 0 0.272496 0 0 0 0 
0 0 0 0 0 0 1 0 0 0 
0 0 0 0 0 0 0 1 0 0 
0 0 0 0 0 0 0 0 1 0 
0 0 0.565342 0.277053 0 0 0.157605 0 0 0 
0 0 0 0 0 0 1 0 0 0 
0 0 1 0 0 0 0 0 0 0 
0 0 0 0 0 0 0 1 0 0 
1 0 0 0 0 0 0 0 0 0 
0 0 0 1 0 0 0 0 0 0 
0 1 0 0 0 0 0 0 0 0 
0 1 0 0 0 0 0 0 0 0 
0.324919 0 0.505725 0 0 0 0.169356 0 0 0 
0 0 0.561128 0 0 0 0 0 0 0.438872 
0 0 0 0 0 0 0 0 0 1 
1 0 0 0 0 0 0 0 0 0 
0 1 0 0 0 0 0 0 0 0 
0 0 0 0 1 0 0 0 0 0 
0 0 0 0 0 1 0 0 0 0 
0 0 0.350761 0 0.454167 0 0 0 0 0.195072 
0 0 0 0 1 0 0 0 0 0 
0 0 0.61914 0 0 0.38086 0 0 0 0 
0 0 0 0 0 0 0 1 0 0 
0 0 0 0 0 1 0 0 0 0 
0 0 0 0 0 0 0 1 0 0 
0 0 0 0 1 0 0 0 0 0 
0 0 0 0 0 1 0 0 0 0 
1 0 0 0 0 0 0 0 0 0 
0 0 1 0 0 0 0 0 0 0 
0 0 1 0 0 0 0 0 0 0 
0 0 0 1 0 0 0 0 0 0 
0 0 0 0 0 0 0 1 0 0 
0 0 0 0.781393 0 0 0 0 0 0.218607 
0 0 0 0 1 0 0 0 0 0 
0 0 0 0 1 0 0 0 0 0 
0 0 0 0 0 0 0 1 0 0 
1 0 0 0 0 0 0 0 0 0 
0 0 0 0 0 0 1 0 0 0 
1 0 0 0 0 0 0 0 0 0 
0 0 0 0 0 1 0 0 0 0 
0 0 0 0 0 0 0 0 0 1 
0 0 0 0 0 0 0 1 0 0 
0 0 0 0.436765 0 0 0.563235 0 0 0 
0 0 1 0 0 0 0 0 0 0 
0 1 0 0 0 0 0 0 0 0 
0 1 0 0 0 0 0 0 0 0 
0 0 0 0 0 0 0 0 1 0 
0.636915 0.363085 0 0 0 0 0 0 0 0 
1 0 0 0 0 0 0 0 0 0 
0 0 0 1 0 0 0 0 0 0 
0.766771 0 0 0 0 0 0 0 0.233229 0 
0 0 0 1 0 0 0 0 0 0 
1 0 0 0 0 0 0 0 0 0 
0 0 0 0 0 0 1 0 0 0 
0 1 0 0 0 0 0 0 0 0 
0 0 0 0 0 0 0 0 1 0 
0 0 0.533479 0 0 0 0.466521 0 0 0 
0 0.388224 0 0 0 0 0.611776 0 0 0 
0 0 0 1 0 0 0 0 0 0 
0 0 0 0 0 0 0 0 1 0 
0 0 0 0 1 0 0 0 0 0 
1 0 0 0 0 0 0 0 0 0 
0 0 0 0 0 0 0 0 1 0 
0 0 1 0 0 0 0 0 0 0 
0 0 0 0 0 1 0 0 0 0 
0 0 0 1 0 0 0 0 0 0 
0 0 0 0 0 0 1 0 0 0 
0 0 1 0 0 0 0 0 0 0 
0 0 0 0 0 0 0 1 0 0 
0 0 0 0 0 0 0 0 1 0 
0 1 0 0 0 0 0 0 0 0 
0 0 0 0 0 0 0 0 0 1 
0 0.595433 0.404567 0 0 0 0 0 0 0 
0 0 0 1 0 0 0 0 0 0 
0 0 0 0.540867 0.459133 0 0 0 0 0 
0.54486 0 0.45514 0 0 0 0 0 0 0 
0 1 0 0 0 0 0 0 0 0 
0 0 0 1 0 0 0 0 0 0 
0 1 0 0 0 0 0 0 0 0 
0 0 0 0 0 0 0 0 0 1 
0 0.411729 0 0 0 0 0 0 0 0.588271 
1 0 0 0 0 0 0 0 0 0 
