10 200
0.45452
0.641954
0.347753
0.529244
0.446663
0.566212
0.463002
0.468421
0.381637
0.654673
11.1397 0.379039
10.7897 0.441589
10.4336 0.605359
9.81151 1.13636
9.62236 0.199385
9.59093 0.800816
9.44268 1.16453
9.04397 1.0833
8.70549 1.00187
8.56304 1.03395
8.54045 1.17269
8.47966 1.63936
8.47249 1.42596
8.31005 2.00764
8.22543 1.86193
7.87264 0.262159
7.87263 1.88085
7.80308 0.657808
7.7197 1.42063
7.68526 1.0714
7.65399 1.12262
7.61255 0.49614
7.51328 0.92799
7.48311 1.57312
7.46348 0.415395
7.37772 2.22416
7.31942 0.77986
7.19917 1.70977
7.11314 1.75581
7.10704 1.38012
7.02113 0.531898
6.8653 2.16694
6.78652 1.77341
6.77501 0.646421
6.77227 0.629691
6.75002 2.40711
6.74872 1.69077
6.71816 1.8101
6.62285 0.816364
6.61938 1.65622
6.55203 2.26213
6.49619 0.877786
6.44319 2.1864
6.28003 3.13504
6.25839 1.1019
6.22254 1.43683
6.17715 2.94143
6.17446 2.68628
6.11746 0.892262
6.08835 1.61995
6.07344 1.56199
6.0165 1.50666
6.01623 1.29278
5.97521 2.67177
5.88678 1.24936
5.83612 2.2679
5.76541 2.20226
5.71462 2.49141
5.71161 1.27015
5.46916 1.79325
5.4324 1.87402
5.41812 3.15591
5.31134 2.50589
5.18634 2.7809
5.08954 3.72737
4.96646 4.00029
4.93445 2.07038
4.70433 2.20466
4.69055 3.759
4.66383 2.21834
4.60173 2.89045
4.56143 4.64102
4.50519 4.53355
4.41972 2.94649
4.35131 2.51671
3.95151 3.57702
3.90134 4.04358
3.8793 4.21301
3.87172 3.05373
3.87066 3.32686
3.80511 2.86418
3.77479 4.99043
3.77181 4.66526
3.73076 3.91367
3.72557 4.49012
3.6388 3.53352
3.63302 3.43232
3.49228 3.41651
3.45036 3.44526
3.41796 4.46254
3.38275 4.99151
3.31239 3.65857
3.25203 4.55109
3.2434 4.65745
3.00311 4.81098
2.97019 4.92303
2.95538 3.7832
2.93493 3.89578
2.77929 5.16851
2.73548 3.11899
2.65784 5.4099
2.58868 6.24979
2.48799 5.38802
2.39257 6.08967
2.33968 5.42146
2.32181 5.71696
2.30732 6.11676
2.22366 6.92835
2.18949 4.72775
2.18283 5.24203
2.11453 5.62817
2.09185 3.98667
2.08067 5.39119
2.02301 4.27166
1.98134 5.35355
1.94857 7.20288
1.9201 5.59932
1.82974 5.53319
1.75646 7.07952
1.73387 5.28209
1.67038 5.31808
1.62872 5.17947
1.60551 7.24811
1.59201 6.4321
1.55423 5.67372
1.53689 5.34039
1.42853 6.7332
1.40111 7.12071
1.30499 4.99418
1.28328 5.89567
1.24057 5.30714
1.20959 7.23302
1.20757 6.9151
1.16639 5.83959
1.16283 5.24695
1.16076 5.67232
1.07733 6.7357
1.03648 5.44962
1.0158 5.93578
0.961212 6.42327
0.936381 5.18271
0.904321 6.21455
0.888782 8.52548
0.876462 6.85514
0.822239 7.42825
0.766901 6.48516
0.743338 6.35402
0.73917 5.88706
0.703506 8.20391
0.677641 7.18633
0.676484 6.09847
0.623767 5.45786
0.544402 6.13226
0.538564 7.12831
0.533438 7.2104
0.508277 7.22884
0.491081 7.67493
0.474606 9.29206
0.454252 8.90138
0.418728 7.91291
0.407696 8.6655
0.380104 9.14859
0.378812 6.7722
0.369063 7.3984
0.280035 10.5906
0.27758 7.45532
0.257394 8.91601
0.253637 9.15092
0.249687 6.8674
0.245564 6.78629
0.235724 9.06364
0.215637 9.48421
0.213871 8.94719
0.195622 8.24498
0.180585 7.497
0.180009 8.50847
0.160276 9.60191
0.119585 9.90265
0.111175 9.75525
0.0881175 8.53078
0.0800227 7.14003
0.0788849 8.91067
0.0699265 9.27457
0.0682368 7.65766
0.044499 8.26606
0.0402429 8.36465
0.034452 10.9202
0.0304289 10.8173
0.0236741 11.5065
0.0235481 10.3008
0.0208782 9.24129
0.0140994 9.1381
0.0119531 9.4127
0.0105333 7.51781
0.0102709 11.3457
0.00769883 11.3555
0.00668996 10.8023
0.00527523 9.71247
0.00351649 10.9738
0.00158543 9.13893
0 0 1 0 0 0 0 0 0 0 
0 0 0 0 0 0 0 0 1 0 
0 1 0 0 0 0 0 0 0 0 
0 0 0 0 0 0.771197 0 0 0 0.228803 
0 0 0 0 0 0 0 1 0 0 
0 0 1 0 0 0 0 0 0 0 
0 0 0 0 0 0 0 1 0 0 
0 0 0 0 0 0 0 1 0 0 
0 0 0 0 1 0 0 0 0 0 
0 0 0 0 0 0 0 1 0 0 
0 0 0 0 0 0 1 0 0 0 
0 0 0 0 0 0.438046 0.561954 0 0 0 
0 0 0 0 0 0 0 0 0 1 
0 0 0.763628 0 0 0 0 0 0 0.236372 
0 0 0 0 0 0 0 0 1 0 
0 0 0.797154 0 0 0 0 0 0 0.202846 
0 0 0 0 1 0 0 0 0 0 
0 0 0 0 0 0 0 0 0 1 
0 0 0 0 0.473286 0 0 0 0.526714 0 
0 0 0 1 0 0 0 0 0 0 
0 0 0 0 0 0 0 0 1 0 
0.58778 0 0.41222 0 0 0 0 0 0 0 
0 0 1 0 0 0 0 0 0 0 
0 0 0 1 0 0 0 0 0 0 
0 0 0 1 0 0 0 0 0 0 
1 0 0 0 0 0 0 0 0 0 
0 0 0 0 0 0 0.450409 0 0.549591 0 
0 0 0 0 1 0 0 0 0 0 
0 0 0 0 0 0 0 0 0.81438 0.18562 
0 1 0 0 0 0 0 0 0 0 
0 0 0 1 0 0 0 0 0 0 
0 0 0 0 0 0 0 0.632937 0.367062 0 
0 0 0 0 0 0 0 0 0 1 
0 0 0 1 0 0 0 0 0 0 
0 1 0 0 0 0 0 0 0 0 
0 0 0 0 0 1 0 0 0 0 
0 0 1 0 0 0 0 0 0 0 
0 0 0 0 0 0 0 1 0 0 
0 0 0 0 1 0 0 0 0 0 
0 1 0 0 0 0 0 0 0 0 
0 0 0.274668 0 0 0.725332 0 0 0 0 
0 0 0 0 0 0 0 1 0 0 
0 0 0 0 0 0 0 0 0 1 
0 0 0 0 0 1 0 0 0 0 
0 0 0.303194 0 0 0 0 0 0 0.696806 
0 0 0 0 0 1 0 0 0 0 
0 0 0 0 0 0 0 0 1 0 
0 0.812385 0 0 0 0 0 0 0 0.187615 
0 0 0 0 0 0 0 0 0 1 
0 0 0.387394 0 0 0 0.612606 0 0 0 
0 1 0 0 0 0 0 0 0 0 
0 1 0 0 0 0 0 0 0 0 
0 0 0 0 1 0 0 0 0 0 
0 0 0 0 0.248653 0 0 0 0 0.751347 
0 0 0 0 0 0 0 0 0 1 
0 0 0 0 0 0 1 0 0 0 
0 0 1 0 0 0 0 0 0 0 
0 1 0 0 0 0 0 0 0 0 
0 0 0 0 0 0 1 0 0 0 
1 0 0 0 0 0 0 0 0 0 
0 0 0 0 1 0 0 0 0 0 
0 0 0 0 0 0 0 0 0 1 
0 0 0 0 0 0 0 0 1 0 
0 1 0 0 0 0 0 0 0 0 
0 0 0 0 1 0 0 0 0 0 
0 0 0 0 0 0 0 0 1 0 
0 0 1 0 0 0 0 0 0 0 
1 0 0 0 0 0 0 0 0 0 
0 0 0 0 0 0 0 0 0 1 
0 0 0 0 0 0 1 0 0 0 
1 0 0 0 0 0 0 0 0 0 
0 1 0 0 0 0 0 0 0 0 
0 0 0 0 0 0 0.47332 0.52668 0 0 
0 0 0 0.631376 0.108924 0.2597 0 0 0 0 
0.50137 0.49863 0 0 0 0 0 0 0 0 
0 0 0 0 0 0 0 0 0 1 
0 0 0.533111 0 0 0 0 0 0 0.466889 
0 0.567889 0 0 0 0 0 0 0.432111 0 
0.747926 0 0 0 0 0 0 0 0.252074 0 
0 0 0 0 0 0 0 0 0 1 
0 0 0 0 0 1 0 0 0 0 
0 0 0 0 0 0 0 0 0 1 
0 0 0 0 0 0 0.868214 0 0.131786 0 
0 0 0 0 0 1 0 0 0 0 
0 0 0 0 0 0 0 0 0 1 
0 0 0 0 0 0 1 0 0 0 
0 0 0 0 1 0 0 0 0 0 
0 0 0 1 0 0 0 0 0 0 
1 0 0 0 0 0 0 0 0 0 
0 0 0 0 0 1 0 0 0 0 
0 0 0 0 0 0 1 0 0 0 
0 0 0 0 0 0 1 0 0 0 
0 0 1 0 0 0 0 0 0 0 
0.22207 0 0.77793 0 0 0 0 0 0 0 
0 0 0 0 0 1 0 0 0 0 
0 0 0 0 0 1 0 0 0 0 
0 0 0 0 0 0 0 1 0 0 
0 0 0 0 0 0 0 0 1 0 
0 0 0 0 1 0 0 0 0 0 
0 0 1 0 0 0 0 0 0 0 
0 0 0 0 0 0 1 0 0 0 
0 0 0 0 0 1 0 0 0 0 
0 0 0 0 0 1 0 0 0 0 
0 0 0 1 0 0 0 0 0 0 
0 0 0 0 0 0.325474 0 0 0.674526 0 
0 0 0 0 0 0 0 1 0 0 
0 0 0 1 0 0 0 0 0 0 
0 0 0 1 0 0 0 0 0 0 
0 0 0 0 0 0 0 0 0 1 
0 0 0 0 0 0 0 1 0 0 
0 0 0 1 0 0 0 0 0 0 
0 0 0 0 0 1 0 0 0 0 
0 0 0 0 0 0 0 1 0 0 
0 0 0 0 0 0 0.463216 0 0 0.536784 
0 0 0 0 0 0 0 0.206085 0 0.793915 
0 0 0 0 0 0 0 1 0 0 
0 0 0 0 0 0 0 1 0 0 
0 0 0 0 0 0 0 1 0 0 
0 0.483272 0.516728 0 0 0 0 0 0 0 
0 0 0 0 0 0 0 0 0 1 
1 0 0 0 0 0 0 0 0 0 
0 0 0 0 1 0 0 0 0 0 
0 1 0 0 0 0 0 0 0 0 
1 0 0 0 0 0 0 0 0 0 
0 0.728524 0 0 0 0 0 0 0.271476 0 
0 0 0 0 0 1 0 0 0 0 
0 1 0 0 0 0 0 0 0 0 
0 0 0 0 0 0 1 0 0 0 
0 0 0 0 0 0.273972 0.726028 0 0 0 
0 0.475037 0 0 0 0 0 0 0 0.524963 
0 1 0 0 0 0 0 0 0 0 
1 0 0 0 0 0 0 0 0 0 
1 0 0 0 0 0 0 0 0 0 
0 1 0 0 0 0 0 0 0 0 
0 0 0 0 0 0.806612 0 0 0 0.193388 
0 1 0 0 0 0 0 0 0 0 
0 0 0 0 0 0 0 0 1 0 
0 0.181154 0 0 0.818846 0 0 0 0 0 
0 0 0 1 0 0 0 0 0 0 
1 0 0 0 0 0 0 0 0 0 
0 0 1 0 0 0 0 0 0 0 
0 1 0 0 0 0 0 0 0 0 
0 0 0 0 0 1 0 0 0 0 
0 0 1 0 0 0 0 0 0 0 
0 0 0 0 0 0 0 0 0 1 
0 0 0 0 0 1 0 0 0 0 
0 0 1 0 0 0 0 0 0 0 
0 0 0 0 0 0 0 0 0 1 
0 0 0 1 0 0 0 0 0 0 
0 0 0 0 0 1 0 0 0 0 
0 0 1 0 0 0 0 0 0 0 
0 0 0 1 0 0 0 0 0 0 
0 0 0.529035 0 0 0 0 0.470965 0 0 
1 0 0 0 0 0 0 0 0 0 
0 0 1 0 0 0 0 0 0 0 
0 0 1 0 0 0 0 0 0 0 
0 0 0 0 0 0 1 0 0 0 
0 0 0 0 0 0 0 1 0 0 
1 0 0 0 0 0 0 0 0 0 
0 0 0 0.192653 0 0.807347 0 0 0 0 
0 0 0 0.857513 0.142487 0 0 0 0 0 
0 1 0 0 0 0 0 0 0 0 
0 0 0 0 1 0 0 0 0 0 
0 0 0 0 0 0 0 0 1 0 
0.282608 0 0 0.717392 0 0 0 0 0 0 
0 1 0 0 0 0 0 0 0 0 
0.476205 0 0 0 0 0 0.523795 0 0 0 
0 0 0 0 0 0 0 1 0 0 
0 0 1 0 0 0 0 0 0 0 
1 0 0 0 0 0 0 0 0 0 
0 0 0 0 0 0 0 0 0 1 
0 0 0 0 0 0 0 0 0 1 
0 0 0 0 0 0 1 0 0 0 
0 0 0 0 0 0 0 1 0 0 
0 0 0 0 0 0 0 1 0 0 
0 0 0 0 0.811015 0 0 0.188985 0 0 
0 0 0 0 0 0 0 0 0 1 
0 0 0 0 0 0 0 1 0 0 
1 0 0 0 0 0 0 0 0 0 
0 1 0 0 0 0 0 0 0 0 
0 0 0 0 0 0 0 0 0 1 
1 0 0 0 0 0 0 0 0 0 
0 0 0 0 0 0 0 1 0 0 
0 0 0 0 1 0 0 0 0 0 
0 0 0 0 0 1 0 0 0 0 
0 0 0 0 1 0 0 0 0 0 
0 0 0 0 0 0 0 0 1 0 
1 0 0 0 0 0 0 0 0 0 
0 0 1 0 0 0 0 0 0 0 
1 0 0 0 0 0 0 0 0 0 
0 0 0 0 0 0 0 0 0 1 
0 1 0 0 0 0 0 0 0 0 
0 0 0 0 0 0 1 0 0 0 
0 0 1 0 0 0 0 0 0 0 
0 0 0 0 1 0 0 0 0 0 
0 0 0.341214 0 0 0.658786 0 0 0 0 
0 0 0 0 0 1 0 0 0 0 
0 0 0 0 0 1 0 0 0 0 
1 0 0 0 0 0 0 0 0 0 
0 0 0.643462 0 0 0.356538 0 0 0 0 
