10 300
0.696231
0.652888
0.431611
0.660334
0.539284
0.374114
0.342563
0.253631
0.301712
0.502147
11.8669 0.180356
11.3855 0.113663
11.1903 0.302095
10.518 0.282134
10.5013 0.526449
10.4499 0.272505
10.2672 0.134248
10.1814 0.681461
9.79062 0.822832
9.77255 0.448762
9.66458 1.33938
9.63243 0.218339
9.54641 0.559921
9.49375 0.201411
9.20561 0.611407
9.10227 0.959322
9.09652 0.999867
8.99144 0.787956
8.99143 1.04481
8.9913 0.727839
8.9186 0.698198
8.87052 0.361923
8.84344 0.852256
8.79959 1.03834
8.65057 0.750484
8.59754 0.80966
8.56399 1.51576
8.53097 1.22531
8.42474 0.140691
8.27565 1.30224
8.14228 2.29582
8.08056 0.539016
7.93398 0.820229
7.92854 0.949114
7.84983 1.66709
7.64363 0.972467
7.62424 0.779541
7.56664 1.83311
7.56355 1.08496
7.56138 1.19675
7.52004 2.14674
7.4244 0.141859
7.34899 0.174063
7.27202 0.945141
7.25534 1.19989
7.24621 0.204619
7.21188 1.64745
7.18596 1.33268
7.08572 1.11065
7.06717 0.949622
7.0084 1.57225
6.97768 1.24997
6.87701 2.30491
6.84339 1.10012
6.83145 2.16738
6.77057 1.95249
6.68922 1.52541
6.67662 0.653037
6.64052 1.72089
6.46571 0.828574
6.38671 1.9821
6.32849 1.04479
6.22666 2.99583
6.21993 1.11629
6.18521 1.5456
6.16237 2.44945
6.15563 1.81271
6.15354 1.54499
6.11875 3.05205
6.09543 3.07188
6.06113 1.06138
6.05062 2.20338
5.89727 2.29054
5.89419 3.51003
5.85951 3.50345
5.8455 1.60444
5.75153 2.52857
5.67376 3.19045
5.63442 2.00499
5.62635 2.36845
5.58068 3.15309
5.55138 3.47105
5.48677 2.44225
5.30197 2.04009
5.21988 3.20113
5.19678 4.08235
5.10568 2.92963
5.09254 1.70538
5.08575 2.37678
5.05881 2.75229
5.00844 3.03783
4.99744 3.43626
4.97534 2.1026
4.78945 2.42255
4.69794 3.17216
4.67738 3.27697
4.60933 2.35895
4.59349 2.91839
4.54582 2.64175
4.40338 2.72978
4.36866 3.13242
4.28412 2.73813
4.27199 4.57482
4.23026 3.91801
4.22664 2.42862
4.22247 2.76349
4.21593 3.90636
4.20869 3.80244
4.1761 3.45918
4.17412 4.72311
4.09971 4.96539
4.01477 4.64216
4.00498 3.66077
3.98972 2.38551
3.97803 5.01862
3.92358 3.17185
3.90303 3.84741
3.87721 4.40874
3.84648 4.08931
3.83623 3.2807
3.77999 3.59008
3.73358 3.71347
3.71528 3.23253
3.69141 4.08547
3.62201 3.77434
3.48605 4.2483
3.48342 4.10784
3.46525 4.4112
3.45335 3.45308
3.37313 4.15783
3.32018 2.60663
3.30239 4.41803
3.29796 4.12489
3.2936 3.53857
3.27526 5.10436
3.25377 3.39311
3.24298 4.11389
3.23603 3.77802
3.2351 4.31706
3.22654 5.05469
3.113 4.71901
3.09153 5.1842
3.07257 3.50237
3.03489 5.12968
3.03257 4.5006
3.0068 3.46467
2.94524 4.63464
2.91864 5.80931
2.91449 3.53316
2.85756 5.27759
2.85204 3.9727
2.82366 3.65295
2.74189 4.12181
2.7142 5.12199
2.68404 5.76872
2.59248 4.20291
2.58999 3.5321
2.55889 5.82465
2.51825 6.69088
2.48748 4.28223
2.43146 4.34202
2.41678 3.80259
2.34426 6.64302
2.34363 5.5256
2.29982 4.04637
2.27552 5.38834
2.26967 6.0123
2.25575 4.42074
2.25138 5.86076
2.24981 4.34359
2.09233 4.47639
2.06474 7.16637
2.02202 4.61521
2.01245 4.30127
2.00183 5.15489
1.99011 4.355
1.9533 5.74512
1.93642 5.02869
1.92029 7.15016
1.91567 5.57456
1.86715 6.15735
1.84357 7.00986
1.841 5.93864
1.83771 6.60013
1.79788 7.06419
1.63541 5.07341
1.63378 5.04507
1.52703 5.96
1.4751 4.58968
1.46254 6.73089
1.45315 7.97856
1.42799 7.62185
1.42411 5.83906
1.41294 5.83978
1.39953 6.47334
1.35093 8.04408
1.34147 7.31181
1.30381 6.63665
1.24768 5.68715
1.22667 6.76663
1.21188 7.62671
1.20676 6.52839
1.14559 7.93167
1.14123 7.28282
1.075 5.46161
1.06494 6.83084
1.03132 6.70197
1.00975 6.20609
1.00797 5.31964
0.990129 7.59595
0.982985 7.56647
0.980014 6.69098
0.950854 7.3306
0.940672 8.38885
0.926376 6.24757
0.925562 7.5954
0.906444 8.19889
0.889301 6.82958
0.835848 8.78942
0.831272 6.11261
0.82232 8.20004
0.817105 5.67715
0.803044 8.15373
0.790581 6.27542
0.740792 7.51696
0.73713 6.06639
0.731264 7.90576
0.709205 8.95784
0.690834 8.58495
0.679586 8.92969
0.677144 7.18105
0.667495 5.9652
0.648772 8.09382
0.641756 7.48441
0.626281 6.28464
0.616814 6.71622
0.597529 8.03539
0.582856 8.12203
0.550406 9.15302
0.545007 9.10292
0.534267 8.13322
0.527663 9.04793
0.526885 8.05129
0.506506 5.85745
0.501185 6.60598
0.494827 5.88282
0.419921 7.89476
0.413197 7.38862
0.397158 8.70238
0.387656 8.36759
0.357962 10.2747
0.334768 7.74485
0.313172 10.3122
0.308615 8.10738
0.307517 7.33588
0.296043 8.97738
0.268419 10.2015
0.263407 7.37274
0.262279 8.64481
0.256762 8.89073
0.232962 10.4355
0.224566 7.21892
0.224339 8.98777
0.208105 9.86731
0.204967 6.39603
0.183552 7.30919
0.160238 7.60082
0.150141 9.604
0.148383 7.09467
0.14323 7.59514
0.141108 8.51954
0.138121 7.10998
0.134932 9.80799
0.113806 10.2114
0.108912 7.85331
0.0904105 8.29206
0.0884188 10.6464
0.0836818 9.72349
0.0792179 8.34133
0.0708826 8.22365
0.0677887 9.24433
0.0587626 9.50469
0.0586387 9.08519
0.055579 9.73504
0.054248 11.0066
0.0390008 8.06428
0.0368396 9.65978
0.0301903 10.2479
0.0300089 7.37969
0.0272731 8.14714
0.0191435 8.76196
0.0155725 8.93492
0.0134619 10.4462
0.0116596 11.744
0.0110177 8.77134
0.00705984 8.67158
0.00676829 10.0833
0.00460971 8.27452
0.00400446 11.65
0.00292435 9.64982
1 0 0 0 0 0 0 0 0 0 
0 0 0.308118 0 0 0.691882 0 0 0 0 
0.497327 0 0 0 0.502673 0 0 0 0 0 
0 0 0 0 0 0 0 0 0 1 
0 0 1 0 0 0 0 0 0 0 
0 0 0.62772 0 0 0.37228 0 0 0 0 
0 0 0 0 0.297204 0 0 0.702796 0 0 
0 0 0 0 1 0 0 0 0 0 
0 0 0 0 0 0 0 0 0 1 
0 0 0 0 1 0 0 0 0 0 
0 0 0 0.34904 0 0 0 0 0 0.65096 
0 0 0 0 0 0 0 0 1 0 
0 0 0 0 0 0 0 0 1 0 
0 1 0 0 0 0 0 0 0 0 
0 0 0.682359 0 0 0 0 0 0.317641 0 
0 0 0 0 0 0 0.680675 0 0 0.319325 
0 0 0 0 0 0 0 0 0 1 
0 0 0 1 0 0 0 0 0 0 
1 0 0 0 0 0 0 0 0 0 
0 0 0 0 0 0 0 1 0 0 
0 0.645468 0 0 0 0 0.354532 0 0 0 
0 0 0 0 0 1 0 0 0 0 
0 1 0 0 0 0 0 0 0 0 
0 0 0 0 0 1 0 0 0 0 
0 0 0 1 0 0 0 0 0 0 
0 0 0 0 0 0 0 0 0 1 
0 0 0 0 1 0 0 0 0 0 
0 0 0 0 0 0 0 1 0 0 
0 0 0 0 0.481612 0 0 0 0 0.518388 
0 0 0 0 0 1 0 0 0 0 
0 0 1 0 0 0 0 0 0 0 
0 0 0 0 0 1 0 0 0 0 
0 0 0 0 0 0 1 0 0 0 
0 0 0 0 0 1 0 0 0 0 
0 0 1 0 0 0 0 0 0 0 
1 0 0 0 0 0 0 0 0 0 
0 0 0 0 0 0 1 0 0 0 
0 0 0 0.531999 0 0 0 0 0.468001 0 
0 0 0 0 0 0 1 0 0 0 
0 0 0 0 0 0 0 0 0 1 
0 0 0 0 0 0 0 0 1 0 
0 0 0.697352 0 0 0 0.302648 0 0 0 
0 0 0 0 0 0 1 0 0 0 
0 0 0 0 0 1 0 0 0 0 
0 0 0 0 0 0 0 0 1 0 
0 0 0 0 0 0 0 0 1 0 
0 0 0 0 0 0 0.388878 0 0.611122 0 
0 0 0 1 0 0 0 0 0 0 
0 0 0 0 1 0 0 0 0 0 
1 0 0 0 0 0 0 0 0 0 
0 0 1 0 0 0 0 0 0 0 
0 0 0 0 0.473887 0.526113 0 0 0 0 
0 0 0 0 0 0 1 0 0 0 
0 0 0 0 0 0 0 1 0 0 
0 0 0 0 0 0 0 0 1 0 
0 0 0 1 0 0 0 0 0 0 
0 0 0 0 0 1 0 0 0 0 
1 0 0 0 0 0 0 0 0 0 
0 0 0 0 0 0 1 0 0 0 
0 0.549768 0 0 0 0 0 0 0 0.450232 
0 0 0 0 0 0 1 0 0 0 
0 0 0 0 0 0 0.292168 0.707832 0 0 
0 0 1 0 0 0 0 0 0 0 
0 0 0 0 0 1 0 0 0 0 
0 0 0 0 0 0 0 0 0 1 
0 0 0 1 0 0 0 0 0 0 
0 0 0 0 0 0 0 1 0 0 
1 0 0 0 0 0 0 0 0 0 
0 0 0 0 0 0 0 0 1 0 
0 0 0 0 0 0 0 1 0 0 
0 0 0 0 1 0 0 0 0 0 
0 0 0 0 1 0 0 0 0 0 
0 0 0 0 0 0 0 1 0 0 
0 0 0.311748 0 0 0 0 0 0 0.688252 
0.285505 0 0.714495 0 0 0 0 0 0 0 
0 0 0 0 0 0 0 0 0 1 
0 0 0 0 0 0 0 0 0 1 
1 0 0 0 0 0 0 0 0 0 
0 0 0 0 0 0 1 0 0 0 
0 0 0 0 0 0 0 0 0 1 
0 0 1 0 0 0 0 0 0 0 
0 0 0 0 0 0 0 1 0 0 
0 1 0 0 0 0 0 0 0 0 
0 0 0 1 0 0 0 0 0 0 
0 0 0 0 0 0 1 0 0 0 
0 0 0 0 0 0 1 0 0 0 
0 0 1 0 0 0 0 0 0 0 
1 0 0 0 0 0 0 0 0 0 
0.265467 0 0 0 0.282374 0 0 0.452159 0 0 
0 0 0 1 0 0 0 0 0 0 
0 0 0 0 1 0 0 0 0 0 
0 0 1 0 0 0 0 0 0 0 
0 0 0 0 0 0 0 0 1 0 
0 0 0 0 0 0 0 1 0 0 
0 0 0 0 0 0 0 0 1 0 
1 0 0 0 0 0 0 0 0 0 
0 0 0 0 0 0 0 0 1 0 
1 0 0 0 0 0 0 0 0 0 
0 0 0 0 0 0 1 0 0 0 
0 0 0 0 0 0 0 0 0 1 
0 0 0.300364 0 0 0.699636 0 0 0 0 
0 0 1 0 0 0 0 0 0 0 
0 0 0 0 0.425068 0.257337 0 0 0 0.317594 
0 0 0 0 0 0 0 1 0 0 
0 0.832289 0 0 0 0 0.167711 0 0 0 
0 0 0 0 0 1 0 0 0 0 
0 0 0 1 0 0 0 0 0 0 
0 0 0 0 0.603951 0 0.396049 0 0 0 
0 1 0 0 0 0 0 0 0 0 
0 0 0 0 0 0 1 0 0 0 
1 0 0 0 0 0 0 0 0 0 
0 1 0 0 0 0 0 0 0 0 
0 0 0 0 1 0 0 0 0 0 
0 0 0 0 0 0 0 0 0 1 
0 0 0 0 0 0 1 0 0 0 
0 0 0 0.317211 0.682789 0 0 0 0 0 
0 0 0 0 1 0 0 0 0 0 
0 0 0 0 0 0 0 0 0 1 
0 0 0 0 0 0 0 0 0 1 
0.868921 0 0 0 0 0 0 0 0 0.131079 
0 0 0 0 0 0 0 1 0 0 
0 0.784061 0 0 0 0 0 0.215939 0 0 
0 0 0 0 1 0 0 0 0 0 
0 0 1 0 0 0 0 0 0 0 
0 0 0 0 0.502795 0 0 0 0.497205 0 
0 0 0 0 0 1 0 0 0 0 
0 0 0 0 0.345138 0.654862 0 0 0 0 
0 0 0 0 0 0 0 0 1 0 
0 0 0 0 0 0.317871 0 0 0.682129 0 
0.605961 0.394039 0 0 0 0 0 0 0 0 
0 0 0 0 0 0 1 0 0 0 
0 0 0 0 0 0 1 0 0 0 
1 0 0 0 0 0 0 0 0 0 
1 0 0 0 0 0 0 0 0 0 
0 0 1 0 0 0 0 0 0 0 
0.878251 0 0 0 0 0 0.121749 0 0 0 
0 0 0 0 0 0 1 0 0 0 
0 1 0 0 0 0 0 0 0 0 
0 0 0 0 0 0 0 0 1 0 
0 0 0 0 0 0 1 0 0 0 
0 0 1 0 0 0 0 0 0 0 
0 0 0 0 0 1 0 0 0 0 
0 0 0 0 0 0 0 0 0 1 
0 0 0 0 0 0 0 0 1 0 
0 1 0 0 0 0 0 0 0 0 
0 0 0.439376 0 0 0 0 0.560624 0 0 
0 0 0 1 0 0 0 0 0 0 
0 0 0 0 0 0 0 1 0 0 
0 0 0 0 0.550347 0 0 0.449653 0 0 
0 0 0 1 0 0 0 0 0 0 
0 0 0 0 0 0 0 0 1 0 
0 0 0 0 0 0 1 0 0 0 
0 0 0 1 0 0 0 0 0 0 
0 0 0 0.2867 0 0 0.7133 0 0 0 
0 1 0 0 0 0 0 0 0 0 
0 0 0 0 0 0 0 0 0 1 
0 0 0 0 0 1 0 0 0 0 
0 0 1 0 0 0 0 0 0 0 
0 0 0 0 0 0 0 0 1 0 
0 0 1 0 0 0 0 0 0 0 
0 0 0 0 0 0 0 0 0.38568 0.614319 
0 0 0 0 0 0 1 0 0 0 
0 0 1 0 0 0 0 0 0 0 
0 0 0 0 0 0 0 1 0 0 
0 0 1 0 0 0 0 0 0 0 
0 0 0 0.281294 0.0833916 0.490044 0 0 0 0.145271 
1 0 0 0 0 0 0 0 0 0 
0 0 0 0 1 0 0 0 0 0 
0 0 0 0 0 0 0 0 1 0 
0 0 0 0 0 0 1 0 0 0 
0 0 0 0 1 0 0 0 0 0 
0 0 0 0 1 0 0 0 0 0 
0 1 0 0 0 0 0 0 0 0 
0 0 0 0.85033 0.149671 0 0 0 0 0 
0 0 0 0 0 0 0 0 1 0 
0 0 0 0 0 0 0 0 0 1 
0 1 0 0 0 0 0 0 0 0 
0 1 0 0 0 0 0 0 0 0 
0 1 0 0 0 0 0 0 0 0 
0 1 0 0 0 0 0 0 0 0 
0 0 0 0 0 0 0 0 0 1 
0 0 0 1 0 0 0 0 0 0 
0 0 0 0 0 0 1 0 0 0 
0 0 0 0 1 0 0 0 0 0 
0 0 0 0 0 0 0 0 0 1 
0 0 0 0 0 1 0 0 0 0 
0 0 0 0 0.443655 0 0 0.556345 0 0 
0 0 0 1 0 0 0 0 0 0 
0 0 0 0 0 0 0 0 1 0 
0 0 0 0 0 0 0 0 0 1 
0 0 0 0 1 0 0 0 0 0 
0 0 0 0 1 0 0 0 0 0 
0 0.119268 0.225483 0 0 0.655249 0 0 0 0 
0 0 0 0 0 0 0 0 0 1 
0 0 0 0 1 0 0 0 0 0 
0 0 0 0 0 0 0 0 0 1 
0 0 0 0 0 0 1 0 0 0 
0 0 0 0 1 0 0 0 0 0 
0 0.670381 0 0 0 0.329619 0 0 0 0 
0 0 0 0 0 0 0 1 0 0 
1 0 0 0 0 0 0 0 0 0 
0 0 0 0 1 0 0 0 0 0 
0 0 0 0 1 0 0 0 0 0 
0 0 0 0 0 0 0 1 0 0 
0 0 0 0 1 0 0 0 0 0 
0 0 0 0 0 0 0 0 1 0 
0 0 0 0 0 1 0 0 0 0 
0 0 0 0 1 0 0 0 0 0 
0 0 0 0 0 0 0 0.42894 0.57106 0 
0 0 0 0 0 0 0 1 0 0 
0 0 0 0 1 0 0 0 0 0 
0 0 0 0 0 0 1 0 0 0 
0.386973 0 0 0 0 0 0.613027 0 0 0 
0 0 0 1 0 0 0 0 0 0 
0 0 0 0 0 0 0 0 0 1 
0 0 1 0 0 0 0 0 0 0 
0 0 0 0 1 0 0 0 0 0 
0 0 0 0 0 0 0 1 0 0 
0 0 0 1 0 0 0 0 0 0 
0.362148 0 0 0 0 0 0.348781 0 0 0.289071 
0.776386 0 0 0.223614 0 0 0 0 0 0 
0 0 0 0 0 0 0 1 0 0 
0 0.254651 0 0 0 0 0.745349 0 0 0 
0 0 0 0 0 0 0.513846 0 0.486154 0 
0 0 0 0 0 1 0 0 0 0 
0 0 0 0.585594 0 0 0 0.414407 0 0 
0 1 0 0 0 0 0 0 0 0 
0.281601 0 0 0 0 0 0.718399 0 0 0 
0 1 0 0 0 0 0 0 0 0 
0.703526 0 0 0.296474 0 0 0 0 0 0 
0 0 0 0 1 0 0 0 0 0 
1 0 0 0 0 0 0 0 0 0 
0 0.64919 0 0 0 0 0.35081 0 0 0 
0 0 0 0 0 0 0 1 0 0 
0 0 1 0 0 0 0 0 0 0 
0 0 0 1 0 0 0 0 0 0 
0 0 0 0 0 0 0 1 0 0 
0 0 0 0 0 0 0 0 1 0 
0 0 1 0 0 0 0 0 0 0 
0 0 0 0 0 0 0 0 0 1 
0 0 0 0 0 0 0 0 0 1 
0 0 0 0 0 0 0 1 0 0 
0 0 1 0 0 0 0 0 0 0 
0 0 1 0 0 0 0 0 0 0 
0 1 0 0 0 0 0 0 0 0 
0 0 0 0 1 0 0 0 0 0 
1 0 0 0 0 0 0 0 0 0 
0 0 0 0 0.300511 0.699489 0 0 0 0 
0 0 1 0 0 0 0 0 0 0 
0 0 0 0 0 0 0 1 0 0 
0 1 0 0 0 0 0 0 0 0 
0 0 0 0 0 0 0 0 1 0 
0 1 0 0 0 0 0 0 0 0 
0 0 0 0 0 0 0.663435 0 0.336565 0 
0 0 1 0 0 0 0 0 0 0 
0 1 0 0 0 0 0 0 0 0 
1 0 0 0 0 0 0 0 0 0 
0 0 1 0 0 0 0 0 0 0 
0 0 0 0 0 0 1 0 0 0 
0 0 0 0.445562 0 0 0.554438 0 0 0 
1 0 0 0 0 0 0 0 0 0 
0 0 0 0 0 1 0 0 0 0 
0 0 0 0 0 1 0 0 0 0 
0 0 0 1 0 0 0 0 0 0 
0 0 0 0 1 0 0 0 0 0 
0 0 0 1 0 0 0 0 0 0 
0 1 0 0 0 0 0 0 0 0 
0 0 0 0 1 0 0 0 0 0 
0 0 0 0 0 0 0 0 1 0 
0 0 0 0 0 0 1 0 0 0 
1 0 0 0 0 0 0 0 0 0 
0 0 0 0.111231 0 0.888769 0 0 0 0 
0 0 0 0 0 1 0 0 0 0 
0 0 0 1 0 0 0 0 0 0 
1 0 0 0 0 0 0 0 0 0 
0 1 0 0 0 0 0 0 0 0 
1 0 0 0 0 0 0 0 0 0 
0 1 0 0 0 0 0 0 0 0 
0 0 0 0 0 0 0 1 0 0 
0 0 0 0 0 1 0 0 0 0 
0 0 0 0 0 1 0 0 0 0 
0 0 0 0 0 0 1 0 0 0 
0 0 0 0 0 0 0 0 0 1 
0 0 0 0 0 0 0 0 0 1 
0 0 0 1 0 0 0 0 0 0 
0 0 0 0 0 0 0 0 0 1 
0 0 0 1 0 0 0 0 0 0 
0 0 0 1 0 0 0 0 0 0 
0 0 0 0 0 0 0 0 1 0 
0 1 0 0 0 0 0 0 0 0 
0 0 0 0 0 0 1 0 0 0 
0 0 0 0 0 0 0 0 0 1 
0 0 0 0 0 0 0 0 0 1 
0 0 0 0 1 0 0 0 0 0 
0 0 0 0 0 0 1 0 0 0 
0 0 0 0 0 0 0 1 0 0 
0 0 0 0 0 0 0 1 0 0 
0 0 0 0 0 0 0 0 1 0 
0 0 0 0 0 1 0 0 0 0 
0 0 0.375709 0 0 0.624291 0 0 0 0 
