10 500
0.705091
0.391521
0.533676
0.527271
0.709606
0.531725
0.663804
0.487654
0.412327
0.368503
11.7004 0.151746
11.4502 0.30626
11.4041 0.298585
11.3304 0.121991
11.0514 0.28367
10.9848 0.542481
10.7776 0.275596
10.4461 0.633178
10.3681 0.382516
10.0803 0.279562
9.86178 0.98439
9.84842 1.06787
9.77205 0.543241
9.76072 0.896576
9.70168 0.923985
9.64651 0.195403
9.60214 0.629212
9.57371 1.18888
9.51029 1.034
9.49505 1.4019
9.48424 0.179949
9.42444 0.835166
9.38007 1.40892
9.28435 1.4415
8.97543 1.2738
8.97331 0.512244
8.94133 1.86984
8.85481 1.32306
8.80876 0.856472
8.76851 1.36135
8.73223 1.50124
8.71955 0.829843
8.71604 1.75163
8.55461 0.566607
8.54101 0.25096
8.49959 0.579697
8.49125 0.915343
8.39149 1.05267
8.28307 0.635017
8.27816 0.744693
8.25434 0.222178
8.2342 0.291398
8.05406 1.08979
8.00235 0.452162
7.96203 1.10765
7.91162 0.794925
7.88895 1.61084
7.85916 0.541671
7.84096 0.35599
7.79507 1.43074
7.7011 0.447099
7.69578 0.498807
7.68504 1.28203
7.67051 0.524302
7.62694 0.706876
7.59931 0.735805
7.57717 0.436547
7.51404 1.50177
7.50696 1.28349
7.49953 0.673033
7.39804 1.41829
7.3806 2.25793
7.34602 1.3728
7.31467 1.863
7.2807 1.93256
7.21789 2.83327
7.19423 2.25156
7.1599 0.675893
7.13979 0.801579
7.10954 1.63122
7.08241 1.79363
7.05802 0.376114
7.05126 2.08313
7.0405 2.22096
7.03947 0.298496
7.00092 1.42694
6.97481 0.497583
6.95764 2.71318
6.83923 3.02649
6.82458 2.65142
6.81401 2.2484
6.74661 1.69588
6.63614 1.86335
6.63414 2.7249
6.61685 2.15895
6.61318 0.767844
6.6046 0.806485
6.58402 0.965248
6.57907 1.43183
6.55283 0.786063
6.54159 2.1525
6.47324 1.05127
6.46365 1.01633
6.45213 2.94281
6.44525 1.60555
6.4245 2.29298
6.39227 1.57324
6.36024 1.72917
6.3547 2.47607
6.33682 1.01144
6.33669 3.37498
6.30765 1.51707
6.27629 1.63548
6.22697 2.8472
6.20011 2.01571
6.15626 1.53528
6.12104 2.64166
6.11758 1.86241
6.0903 1.72394
6.08907 2.22654
6.06922 1.27447
6.0617 2.80879
6.04971 1.39929
5.95709 2.24745
5.94413 2.24533
5.93186 1.21377
5.91616 2.18177
5.86698 1.656
5.83533 3.37146
5.8345 2.17515
5.80309 2.07007
5.79846 2.36717
5.79537 0.952237
5.79088 2.3781
5.71698 2.4211
5.67623 3.22162
5.61578 1.28091
5.59347 2.99251
5.56408 2.07008
5.52294 3.01306
5.50188 3.46086
5.46019 2.20546
5.43691 2.95686
5.43207 3.08091
5.38025 3.21556
5.35534 2.94612
5.28117 2.54964
5.24303 2.09635
5.22529 2.83792
5.21785 2.20454
5.19816 3.06284
5.15385 2.67506
5.15032 2.29874
5.08528 2.46504
5.01858 2.65036
5.00674 2.44585
5.00403 3.88962
4.97793 3.30866
4.96751 2.17079
4.94089 4.1765
4.9255 3.40861
4.7916 3.57162
4.78499 2.00135
4.78224 3.36704
4.7696 2.84312
4.7574 2.475
4.67824 2.28567
4.6649 2.84442
4.64988 4.13959
4.58482 2.53633
4.56715 3.01253
4.49451 3.06188
4.4438 4.04715
4.43195 2.62037
4.40715 4.43794
4.31172 4.04433
4.26837 2.17908
4.21703 3.40696
4.19921 3.07847
4.18872 3.80224
4.182 3.43283
4.176 3.1366
4.15259 4.55009
4.13804 3.43054
4.1184 2.87969
4.11144 4.48151
4.09392 2.06857
4.08967 3.30848
4.0881 3.3838
4.08618 4.84387
4.03269 4.3303
4.01859 4.48342
3.93899 4.61214
3.89241 3.53601
3.872 4.36188
3.83354 4.14312
3.79928 2.55171
3.77034 4.4875
3.75202 3.07593
3.75134 2.99465
3.72839 4.49731
3.72314 3.17895
3.71916 3.59682
3.69662 3.56938
3.6949 3.31836
3.63798 3.91372
3.6204 2.92946
3.56013 3.23378
3.51938 4.46875
3.46888 4.33158
3.42595 3.32248
3.40835 3.32205
3.36829 5.17076
3.35221 4.67381
3.31117 4.40319
3.26374 5.31369
3.2489 4.03468
3.24277 4.85721
3.2258 3.476
3.21858 3.90416
3.21719 4.28071
3.18168 5.04211
3.16432 2.82353
3.13796 5.67341
3.13748 4.49411
3.12396 3.94446
3.06709 5.29677
3.06571 4.57845
3.06054 5.42476
3.04295 4.56204
3.03095 4.49438
3.00708 3.92833
2.96024 4.29881
2.95798 3.95082
2.95615 4.20438
2.93651 4.89428
2.93573 3.85614
2.93526 4.4588
2.92109 4.48721
2.90188 4.05571
2.87846 4.99021
2.87475 3.32015
2.86997 4.30505
2.84887 5.35554
2.84706 5.02932
2.83944 3.43849
2.82267 3.29365
2.80606 4.93547
2.79985 6.03993
2.79364 4.28985
2.75858 5.36449
2.74609 4.78507
2.74047 4.91122
2.73238 4.77396
2.71627 4.00191
2.68985 4.18596
2.67807 5.40933
2.66871 5.08342
2.65434 6.46268
2.62838 4.38695
2.61098 5.60963
2.59162 6.0529
2.57916 4.4413
2.54791 3.90716
2.52719 5.10614
2.50838 4.45983
2.4943 6.70432
2.48157 6.29876
2.48141 4.37791
2.46871 5.2277
2.40877 5.20174
2.39947 5.03749
2.38323 4.97899
2.37666 5.31517
2.36429 4.38165
2.35201 6.24565
2.35125 4.71418
2.32228 3.73532
2.28426 5.71024
2.25884 4.52307
2.24222 4.27484
2.23109 3.65176
2.22609 4.8097
2.22323 6.29256
2.11811 5.48905
2.11565 5.63838
2.06932 6.25551
2.06009 5.22803
2.00999 5.18354
2.00945 6.05003
1.9163 6.45775
1.90685 6.58349
1.89118 4.44347
1.86512 6.65604
1.82086 5.02265
1.80663 4.42549
1.77727 7.03697
1.7696 4.70139
1.7629 5.84014
1.75768 4.53264
1.74473 4.75373
1.72741 4.76577
1.69341 5.45047
1.68145 5.36071
1.67983 4.64995
1.67913 6.42421
1.65938 6.99639
1.6094 5.79117
1.59333 4.64622
1.57238 5.3568
1.56233 5.50263
1.55346 7.94196
1.54678 4.55025
1.54553 4.89439
1.53744 5.60723
1.53351 4.9239
1.51736 7.51682
1.4993 4.6966
1.49698 5.83823
1.48303 6.42479
1.43054 6.30735
1.40532 6.80655
1.40134 7.26654
1.40102 6.2667
1.39501 7.03189
1.38319 5.00954
1.38245 4.43392
1.37886 7.03742
1.36777 6.40916
1.30675 5.93106
1.28885 6.53589
1.2873 6.93778
1.28498 5.37014
1.28188 6.18928
1.27212 7.20324
1.25157 7.28756
1.24386 5.42544
1.241 7.77563
1.23791 7.28199
1.21298 4.95045
1.21006 6.63056
1.20544 8.16633
1.1936 6.53882
1.17945 7.40805
1.13873 6.89752
1.11183 6.92187
1.10325 7.46127
1.08153 4.97411
1.07788 7.28804
1.06439 5.53009
1.02968 5.49563
0.999315 6.50328
0.970742 5.07511
0.969513 6.67031
0.937519 8.78261
0.936977 6.37545
0.930083 7.06233
0.922452 6.48769
0.902975 5.79282
0.892402 8.46492
0.886836 6.81417
0.885023 7.72098
0.878533 8.28768
0.876387 6.89364
0.85707 8.06835
0.853809 5.73498
0.848078 8.42374
0.847766 6.76855
0.846955 6.51637
0.835972 7.37728
0.804785 8.14016
0.790911 7.1934
0.785388 6.57784
0.771225 8.88319
0.765568 8.32405
0.743412 5.70433
0.731728 5.7859
0.721183 8.60812
0.71103 8.13394
0.702653 6.40311
0.701632 6.3143
0.690548 6.0846
0.683401 6.84129
0.674857 6.1358
0.621895 9.22388
0.613373 8.12393
0.578336 7.81162
0.563728 7.58355
0.554571 6.57802
0.554041 6.66638
0.533277 5.75217
0.523894 8.77334
0.506069 8.88681
0.501436 7.07816
0.496402 9.19633
0.489289 8.92264
0.484352 7.71367
0.473041 6.56754
0.467365 6.65567
0.467036 7.42162
0.462962 9.60568
0.454292 7.08707
0.447546 8.68381
0.438431 6.45283
0.423078 6.4797
0.415838 7.9008
0.387519 7.94947
0.356111 8.28342
0.33023 9.55299
0.326509 8.38688
0.321512 5.99358
0.310248 7.19541
0.294631 8.68753
0.291022 8.09867
0.284872 7.21864
0.28114 7.15488
0.26597 8.03948
0.265485 6.80066
0.256533 7.09242
0.255169 8.09514
0.251008 8.5517
0.242011 7.98106
0.235859 9.61543
0.224876 10.2725
0.217581 6.82013
0.216659 7.9862
0.21381 6.90752
0.21283 7.92773
0.200158 9.99535
0.198069 9.24829
0.197351 8.98047
0.194617 7.89612
0.190274 7.24043
0.182851 6.47988
0.178369 7.83132
0.177263 6.97707
0.168389 8.94838
0.162449 8.34287
0.15948 10.5642
0.153657 8.65819
0.151696 8.28571
0.13819 7.05321
0.137167 7.65074
0.137019 7.23942
0.136902 10.2028
0.134135 7.26817
0.12573 10.3888
0.125249 9.37112
0.123937 10.5516
0.1212 8.78477
0.119367 11.0505
0.11819 6.74062
0.112698 10.1048
0.10938 11.0341
0.108364 9.09567
0.105196 11.0954
0.100409 9.03399
0.0943007 8.50093
0.0929422 8.35674
0.092861 10.7556
0.0884191 8.87934
0.0841278 11.2657
0.0833891 7.95384
0.0798217 10.9971
0.069524 8.02454
0.0693594 7.55284
0.0688162 11.3237
0.0634486 9.8343
0.0626679 7.20418
0.0603402 11.2742
0.0572099 7.14988
0.0511666 7.58881
0.0495858 9.01127
0.0493366 10.4886
0.0451211 7.37751
0.0422467 8.21634
0.0410745 8.10198
0.0402717 11.2676
0.0397655 10.2125
0.0382283 10.6256
0.0382274 8.75335
0.0292983 9.79534
0.0290715 8.90886
0.0273008 8.37582
0.0270969 8.45239
0.0222348 9.36918
0.0195357 11.3002
0.0190982 8.11595
0.0172438 10.2192
0.0170407 10.4926
0.0156325 8.35295
0.0146087 9.80034
0.0141347 11.9934
0.0133549 10.957
0.013108 9.20997
0.0117834 7.66101
0.0104389 9.92212
0.0102741 11.0355
0.00906244 10.8861
0.00869712 8.7432
0.00850346 7.4864
0.00821182 9.54026
0.00582767 8.40399
0.00537138 10.189
0.00474061 8.30778
0.00373348 8.27007
0.00350023 9.30506
0.00288499 7.66762
0.00279346 8.78951
0.00201004 8.18987
0 0 0 1 0 0 0 0 0 0 
0 0 0 0 0 0 0 0 1 0 
0 0.409218 0 0 0 0 0.345059 0 0.245723 0 
0 0 0 0 0 0 1 0 0 0 
0 0 0 0 0 1 0 0 0 0 
0 0 0 0 0 0 0 0 0 1 
0 0 0 0 0 0 0 0 1 0 
1 0 0 0 0 0 0 0 0 0 
0 0 0 1 0 0 0 0 0 0 
0 0 0 0 0 0 1 0 0 0 
0 0 0 0 0 0 1 0 0 0 
0 0 0 0 1 0 0 0 0 0 
0 0 1 0 0 0 0 0 0 0 
0 0 0 0 0 0 0.285745 0.714255 0 0 
1 0 0 0 0 0 0 0 0 0 
0 0 0 0 1 0 0 0 0 0 
0 0 0 0 0 1 0 0 0 0 
0 0 0 0 0 0 0 0 0 1 
0 0 1 0 0 0 0 0 0 0 
0 0 0 0 0 0 0 1 0 0 
0 0 0 0 0 0 0 1 0 0 
0 0 0 0 0 0 1 0 0 0 
0.663487 0 0 0 0 0 0 0 0 0.336513 
0 1 0 0 0 0 0 0 0 0 
0 0 0 0 0 0 0 1 0 0 
0 0 0 0 0.554433 0 0.445567 0 0 0 
0 0 0 0 0 0 0 1 0 0 
0 0 1 0 0 0 0 0 0 0 
1 0 0 0 0 0 0 0 0 0 
0 0 0 0 0 0 0 1 0 0 
0 0 0 0 0 0 0 0 1 0 
0 0 0 0 1 0 0 0 0 0 
0 0 0 0 0 1 0 0 0 0 
0 0 1 0 0 0 0 0 0 0 
1 0 0 0 0 0 0 0 0 0 
0 0 0 0 0 1 0 0 0 0 
0 0 0 0 0 1 0 0 0 0 
0 0 0 1 0 0 0 0 0 0 
0 0 0 0 0 0 0 0 0 1 
0 0.501806 0 0 0 0 0 0.498194 0 0 
0 0 1 0 0 0 0 0 0 0 
0.166933 0 0 0.833067 0 0 0 0 0 0 
0 0 0 0 0 0 0 0 1 0 
1 0 0 0 0 0 0 0 0 0 
0 0 1 0 0 0 0 0 0 0 
0 0 0 0 0 0 0 0 1 0 
1 0 0 0 0 0 0 0 0 0 
0 0 0 0 0 0 1 0 0 0 
0 0 0 0 0 0 1 0 0 0 
0 0 0 1 0 0 0 0 0 0 
0 0 0 0 0 0 0 1 0 0 
0 0 0 0 1 0 0 0 0 0 
0 0.609855 0 0 0 0 0.390146 0 0 0 
1 0 0 0 0 0 0 0 0 0 
0 0 0 1 0 0 0 0 0 0 
0 0 0 0 0 0 0 0.827711 0 0.172289 
0 0 0 0 0 0 0 0 0.455755 0.544246 
0 0 0 0.473148 0 0 0.526852 0 0 0 
1 0 0 0 0 0 0 0 0 0 
0 0 0 0 0 0 1 0 0 0 
0 0 0 0 0 1 0 0 0 0 
0 0 0 0 1 0 0 0 0 0 
0 0 0 0 0 0 0 1 0 0 
0 0 1 0 0 0 0 0 0 0 
0 0 0 0 0 0 0 0 1 0 
0 1 0 0 0 0 0 0 0 0 
0 0 0 0 0 1 0 0 0 0 
1 0 0 0 0 0 0 0 0 0 
0 0 0 0 1 0 0 0 0 0 
0 0 0.176944 0 0 0 0 0 0.823056 0 
0 0 1 0 0 0 0 0 0 0 
0.518994 0 0 0.481006 0 0 0 0 0 0 
0 0 0 0 1 0 0 0 0 0 
0 0 0 0 0 0 0 0 0 1 
0 0 0 0 0 0 0 1 0 0 
0 0 0 0 0 0 0 1 0 0 
1 0 0 0 0 0 0 0 0 0 
0 0 0 0 0 0 0 0 0 1 
0 0 0 0.429328 0.570672 0 0 0 0 0 
0 0 0 1 0 0 0 0 0 0 
0 0 0 0 0 0 0 0 1 0 
0 0 0 0 0 0 0 0 1 0 
1 0 0 0 0 0 0 0 0 0 
0.589099 0 0 0 0 0.410901 0 0 0 0 
1 0 0 0 0 0 0 0 0 0 
0 0 0 1 0 0 0 0 0 0 
0 0 0 0 0 0.752122 0 0.247878 0 0 
0 0 0 0 0 1 0 0 0 0 
0 0 0 0 0 0 0 1 0 0 
0.256318 0 0 0 0.743682 0 0 0 0 0 
0 1 0 0 0 0 0 0 0 0 
0 0 0 0 0 0 0 0 1 0 
0 0 0 0 1 0 0 0 0 0 
0.828582 0 0 0 0 0 0.171419 0 0 0 
0.596835 0.403165 0 0 0 0 0 0 0 0 
1 0 0 0 0 0 0 0 0 0 
0 0 0 0 0 0 0 0 1 0 
0 0 1 0 0 0 0 0 0 0 
0 0 0 0 0 0 0 1 0 0 
0 0 0 0 0.666576 0 0 0.333424 0 0 
0 0 1 0 0 0 0 0 0 0 
0 1 0 0 0 0 0 0 0 0 
0 0 0 0 1 0 0 0 0 0 
0 0 0 0 0 0 1 0 0 0 
0 0 1 0 0 0 0 0 0 0 
0 0 0 0 0 0 1 0 0 0 
0 0 0 0.576421 0.423579 0 0 0 0 0 
0 0 0 0 0 1 0 0 0 0 
0 1 0 0 0 0 0 0 0 0 
0 0 0 0 0 1 0 0 0 0 
0 0 0 0 0 0 0 0 0 1 
1 0 0 0 0 0 0 0 0 0 
0 0 0.669549 0 0.330451 0 0 0 0 0 
0 0 0 0 0 0 1 0 0 0 
0 0 0 0 0 0 1 0 0 0 
1 0 0 0 0 0 0 0 0 0 
0 0 0 0 0 0 0 0 1 0 
0 0 0 0 0 0 1 0 0 0 
0 0 0 0 0 0 0 0 1 0 
0 0 0 1 0 0 0 0 0 0 
0 0 0 1 0 0 0 0 0 0 
0 0 0 0 1 0 0 0 0 0 
0 0 0 1 0 0 0 0 0 0 
0 0 0 0 1 0 0 0 0 0 
0 0 0 0 0 0.1197 0 0 0 0.8803 
0 0 0 0 0 0 0 1 0 0 
0 0 0 0 0 1 0 0 0 0 
0 1 0 0 0 0 0 0 0 0 
0 0 1 0 0 0 0 0 0 0 
0 0 1 0 0 0 0 0 0 0 
0 0 0 0 0 0 0 0 1 0 
0 0 0 0 0 0 0 1 0 0 
0 0 0 0 0 0.48959 0 0 0 0.51041 
0 0 0 0 0 0 0 0 1 0 
0 0.455204 0 0 0 0 0.544796 0 0 0 
0 0 0 0 0 1 0 0 0 0 
0 0 0.869827 0 0 0 0 0.130173 0 0 
0 0 0 0 0 0 0 1 0 0 
0 0 0 0 0 0 0.502539 0 0.497461 0 
0 1 0 0 0 0 0 0 0 0 
0 0 1 0 0 0 0 0 0 0 
0 0 0 0.510063 0 0 0 0 0.489937 0 
0 0 0 0 0 0 0 0 1 0 
0 0 0 0 0 0 0 0 1 0 
0 0.739119 0 0 0 0 0 0.260881 0 0 
0 0 0 0 0 0 0 0 1 0 
0 0 0 0 1 0 0 0 0 0 
0 0 1 0 0 0 0 0 0 0 
0 0 0 0 0 0 0 0 1 0 
0 0 0 0 1 0 0 0 0 0 
0 0 0 1 0 0 0 0 0 0 
0 0 0 0 0 0.397134 0 0 0.602866 0 
0 0 0 0 0 0 0 0 1 0 
0 1 0 0 0 0 0 0 0 0 
0 0 0 0 0.499846 0.500154 0 0 0 0 
0.439925 0 0 0.560075 0 0 0 0 0 0 
0 0 1 0 0 0 0 0 0 0 
0 0 0 0 0 1 0 0 0 0 
0 0 0 0 0 0 0 0 1 0 
0 1 0 0 0 0 0 0 0 0 
0 0 0 0 0 1 0 0 0 0 
0 0 1 0 0 0 0 0 0 0 
0 0 0 0 0 0 1 0 0 0 
0 0 0 0 0 0 0 0 0 1 
0 0 0 0 0 0 1 0 0 0 
1 0 0 0 0 0 0 0 0 0 
0 0 1 0 0 0 0 0 0 0 
0 0 0 0 0 1 0 0 0 0 
0 0 0.111482 0 0 0 0 0 0.888518 0 
0 0 0 0 0 0 0 0 1 0 
0 1 0 0 0 0 0 0 0 0 
0 0 0 0 0 0 0 0 0 1 
0 0 0 0 0 0 0 0 0.456464 0.543536 
0 0 0 0 0 1 0 0 0 0 
0 0 0 0 0 0 0 0 1 0 
0 0 0 1 0 0 0 0 0 0 
0 0 0 0 0 0 0 1 0 0 
0 0 0 1 0 0 0 0 0 0 
1 0 0 0 0 0 0 0 0 0 
0 0.532861 0 0 0 0 0 0 0.467139 0 
0 0 0 0 0 0 1 0 0 0 
0 0 0 0 0 0 1 0 0 0 
0 0 0 0 1 0 0 0 0 0 
1 0 0 0 0 0 0 0 0 0 
0 0 0 0 0 0 0 0 0 1 
0 0 0 0 0 1 0 0 0 0 
0 0 0 0 0 0 0 0 0 1 
0 0 0 0 0 1 0 0 0 0 
1 0 0 0 0 0 0 0 0 0 
0 0 0 0 1 0 0 0 0 0 
0 0 0 0 0 0 0 0 1 0 
0 1 0 0 0 0 0 0 0 0 
0 0 0 1 0 0 0 0 0 0 
0 0 0 0 0 0 0 0 0 1 
0 0 0 0 0 0 0 1 0 0 
1 0 0 0 0 0 0 0 0 0 
0 0 0 0 0 0 0 1 0 0 
0 0 0 1 0 0 0 0 0 0 
0 0 0 0.411018 0 0 0 0 0.588982 0 
0 0 0 0 0 1 0 0 0 0 
0 0 0 1 0 0 0 0 0 0 
0 0 0 0 0 0 0 0 0 1 
0 0 0 0 0 0 1 0 0 0 
0.853819 0 0 0 0 0 0 0 0.146181 0 
0 0 0 0 0 1 0 0 0 0 
0 0 0 0 0 1 0 0 0 0 
0 0 0 1 0 0 0 0 0 0 
0 0 0 0 0 0 0 0 1 0 
0 0 1 0 0 0 0 0 0 0 
0 1 0 0 0 0 0 0 0 0 
0 0 0 0.703677 0 0 0.296323 0 0 0 
0 0 0 0 1 0 0 0 0 0 
0 0 0 0 0 0 0 1 0 0 
0 0 0 0 0 1 0 0 0 0 
0 0 1 0 0 0 0 0 0 0 
0 0 0 1 0 0 0 0 0 0 
0 0.365901 0 0 0.212481 0 0 0.421617 0 0 
0 0 0 0 0 0 0 0 0 1 
0 0 0 0 0 0 0 1 0 0 
0 0 0 0 1 0 0 0 0 0 
0 0 0 0 0 1 0 0 0 0 
0 0 0 0 0 0.542777 0.457223 0 0 0 
0 0 0 0 0.540454 0.152853 0.306694 0 0 0 
0 0 0 0 0 0 1 0 0 0 
0 0 0 0.583932 0 0 0 0.416068 0 0 
0 0 0 0 0 0 0 0 0 1 
0 0 0 0 0 0 0 0 1 0 
0 0 0 1 0 0 0 0 0 0 
0 1 0 0 0 0 0 0 0 0 
0 1 0 0 0 0 0 0 0 0 
0 0 0.493351 0 0 0 0 0 0 0.506649 
1 0 0 0 0 0 0 0 0 0 
0 0 0 0 0 0 0 0.529949 0.470051 0 
0 0 0 0 0 0 0 0 1 0 
0 0 0 0 0 0 0 0 0 1 
0 0 0 0 0 0 0 0.831564 0 0.168436 
0 0 0 1 0 0 0 0 0 0 
0 0 0 1 0 0 0 0 0 0 
0 0 0 0 0 0 0 0 1 0 
0 0 0 0 0 0 0 0 0 1 
0 0 0 0 0 0 0 1 0 0 
0 1 0 0 0 0 0 0 0 0 
0 1 0 0 0 0 0 0 0 0 
0 0.600661 0.399339 0 0 0 0 0 0 0 
0 0 0 1 0 0 0 0 0 0 
0 0 0 0 0 0 0 1 0 0 
0.468016 0 0 0 0 0 0 0 0.531985 0 
0 0 0 1 0 0 0 0 0 0 
0 0 0 0 0 0 0 1 0 0 
0 1 0 0 0 0 0 0 0 0 
0 0 0 0 0 0 1 0 0 0 
0 0 1 0 0 0 0 0 0 0 
0 0 1 0 0 0 0 0 0 0 
0 0 0 0 0 0 0 0 0 1 
0 0 0.211522 0 0 0 0.788477 0 0 0 
0 0 0 1 0 0 0 0 0 0 
0 0 0 0 0 0 1 0 0 0 
0 0 0 0 0 0 0 0 1 0 
0 0 0 0 0 0 0 0 0 1 
0 0.248887 0 0 0.164361 0 0 0 0.586752 0 
0 0 0 1 0 0 0 0 0 0 
0 0 0 0 0 0.207135 0 0 0 0.792865 
0 0 0 0 0 0 1 0 0 0 
0 0 0 0 0 0 0 1 0 0 
0 1 0 0 0 0 0 0 0 0 
1 0 0 0 0 0 0 0 0 0 
0 0 0 0 0 0 0 1 0 0 
0 0 0 0 0 0 0 1 0 0 
0 0 0 0 0 0 0 0 1 0 
0 0 1 0 0 0 0 0 0 0 
0 0 0 0 0 1 0 0 0 0 
0 0 0 0 0 0 0 0 1 0 
0 0.471856 0 0.528144 0 0 0 0 0 0 
0.143027 0 0 0 0 0 0 0 0.856973 0 
0 0 0 0.502038 0 0 0 0.497962 0 0 
0 0 0 0.214784 0 0 0 0.785216 0 0 
1 0 0 0 0 0 0 0 0 0 
0 1 0 0 0 0 0 0 0 0 
0 0 0 0 0 0 0 0 1 0 
1 0 0 0 0 0 0 0 0 0 
0 0 0 0 0 0 0 1 0 0 
0 0 0 0 0 0 0 1 0 0 
0 0 0 0 1 0 0 0 0 0 
0 0 0 0 0 0 1 0 0 0 
0 1 0 0 0 0 0 0 0 0 
0 0 0 0 0 0 0 1 0 0 
0 0 0 0 0 1 0 0 0 0 
0 0 0 0 0 0 0 0 1 0 
0 0 0.442552 0.557448 0 0 0 0 0 0 
0 0 0 0 0.870878 0 0.129122 0 0 0 
1 0 0 0 0 0 0 0 0 0 
1 0 0 0 0 0 0 0 0 0 
0 0 0 0 0 0 0 0 0 1 
0 0 0 0 0 0 0 0 1 0 
0 1 0 0 0 0 0 0 0 0 
0 0 0 0 0 0 0 1 0 0 
1 0 0 0 0 0 0 0 0 0 
0 0 0 0 1 0 0 0 0 0 
1 0 0 0 0 0 0 0 0 0 
0 0 0 0 0 0 0 1 0 0 
1 0 0 0 0 0 0 0 0 0 
0 0 0 0 0 0 0 1 0 0 
0 1 0 0 0 0 0 0 0 0 
0 1 0 0 0 0 0 0 0 0 
0 0 0 0 1 0 0 0 0 0 
0 0 0 0 1 0 0 0 0 0 
0 0 0 0 0 0 0 0 1 0 
0 0 0 0 0 0 1 0 0 0 
0 0 0 0 0 0 0 1 0 0 
0 0 0 0 0 1 0 0 0 0 
0 0 0 0 1 0 0 0 0 0 
0 0 0 0 0 0 0 1 0 0 
0 0 0 0 0 0 0 0 1 0 
0.330499 0 0 0 0 0 0 0 0 0.669501 
0 0 0 1 0 0 0 0 0 0 
1 0 0 0 0 0 0 0 0 0 
0 0 1 0 0 0 0 0 0 0 
0 0 0 0 0 0 0 0 1 0 
0 0 0 0.21492 0.78508 0 0 0 0 0 
0 0 0 0 0 0 0 0 1 0 
0 0 0 0 0 0 0 1 0 0 
0 0 0 0 1 0 0 0 0 0 
0 0 0 0 0 0 0 0 1 0 
0 0 0 0.410466 0 0 0.589534 0 0 0 
0 0 0 0 0 0 0.671985 0 0.328015 0 
0 0 0 0 1 0 0 0 0 0 
0 1 0 0 0 0 0 0 0 0 
0 0 0 0 0 0 0 1 0 0 
0 0 0 1 0 0 0 0 0 0 
0 0 0 0 0 0 0 0 1 0 
0 0 0 0 1 0 0 0 0 0 
1 0 0 0 0 0 0 0 0 0 
0 0 0 0 0 0 0 1 0 0 
1 0 0 0 0 0 0 0 0 0 
0 0 0 0 0 0 0 0 1 0 
0 1 0 0 0 0 0 0 0 0 
0 0 1 0 0 0 0 0 0 0 
1 0 0 0 0 0 0 0 0 0 
0 0 0 0 0 0 0 1 0 0 
0 0 0 0 0 0 0 1 0 0 
0 0.725372 0.274628 0 0 0 0 0 0 0 
0 0 0 0 0 1 0 0 0 0 
0.512255 0 0 0.487745 0 0 0 0 0 0 
0 0 1 0 0 0 0 0 0 0 
0 0 0.778161 0 0 0 0 0 0 0.221839 
0 0 0 0 1 0 0 0 0 0 
1 0 0 0 0 0 0 0 0 0 
0 0.497499 0.502501 0 0 0 0 0 0 0 
0 0 0 1 0 0 0 0 0 0 
0 0 0 0 0 0 0 0 0 1 
0 0.190341 0 0.809659 0 0 0 0 0 0 
0 0 0 0 0 0 1 0 0 0 
0 0 0 0 0 0 1 0 0 0 
0 0 0 0 0 1 0 0 0 0 
0 1 0 0 0 0 0 0 0 0 
0 0 0 0 0 0 0 1 0 0 
0 0.656018 0 0 0.343982 0 0 0 0 0 
0 0 0 0 0 0 0 1 0 0 
0 0 0 0 0 0 1 0 0 0 
0 0 0 0 0 1 0 0 0 0 
0 1 0 0 0 0 0 0 0 0 
1 0 0 0 0 0 0 0 0 0 
0 0 0 0 0.188294 0 0.811706 0 0 0 
0 0 0 0 0 0 0 0 0 1 
0 0 0 1 0 0 0 0 0 0 
0 0 0 0 0 0 0 0 0 1 
0.841187 0 0.158813 0 0 0 0 0 0 0 
0 0 0 0 0 0 0 0 1 0 
0 0 0 0 0.372969 0 0 0 0.627031 0 
0 1 0 0 0 0 0 0 0 0 
0 0 0 0 0 0 1 0 0 0 
1 0 0 0 0 0 0 0 0 0 
0 0 1 0 0 0 0 0 0 0 
0 0 0 0 0 0 0 0 1 0 
0 0 0.595904 0 0 0 0 0.404096 0 0 
0 0 0 0 1 0 0 0 0 0 
0 0 0 1 0 0 0 0 0 0 
1 0 0 0 0 0 0 0 0 0 
0 0 0 0 0 1 0 0 0 0 
0 0 0 0 0 0.287623 0.712377 0 0 0 
0 0 0 0 0 0 0 0 0 1 
0 0 0 1 0 0 0 0 0 0 
0 0 1 0 0 0 0 0 0 0 
0 0 0 0 0 0 0 1 0 0 
0.365344 0 0 0 0 0 0 0.634656 0 0 
0 0 0 1 0 0 0 0 0 0 
0 0 0 0 0 0 0 1 0 0 
0 0 0 0 1 0 0 0 0 0 
1 0 0 0 0 0 0 0 0 0 
0 0 0 0 0 0 0 1 0 0 
0 0 0 0.572556 0 0 0.427444 0 0 0 
0 0 0 0 0 0 1 0 0 0 
0 0 0 0 0 0 0 1 0 0 
0 0 0 0 0 0 0 0 1 0 
0 0 0 0 0 0 1 0 0 0 
0 0 0.407895 0 0 0 0 0 0.592105 0 
0 1 0 0 0 0 0 0 0 0 
0 0 0 0 0 1 0 0 0 0 
0 0 0 0 0 0 0 0 0 1 
0 1 0 0 0 0 0 0 0 0 
0 1 0 0 0 0 0 0 0 0 
0.567733 0 0 0 0 0 0 0 0 0.432267 
0 0 0 0 0 0 0 0 1 0 
0 0 0 0 0 0 0 0 1 0 
0 0 0 0 0 0 0 1 0 0 
0 0 0 0 0 0 1 0 0 0 
0 0 0 0 0 0 0 0 1 0 
0 0 0 0 0 1 0 0 0 0 
1 0 0 0 0 0 0 0 0 0 
0.420921 0 0 0 0 0 0 0 0 0.579079 
0 0 0 0 0 0 0 0 0 1 
0 0 1 0 0 0 0 0 0 0 
0 0 0 0 0 0 0 0 1 0 
0 0 0 0 0 0 0.43628 0.56372 0 0 
0 0.525261 0.474739 0 0 0 0 0 0 0 
0 0 0 1 0 0 0 0 0 0 
0 0 0 1 0 0 0 0 0 0 
0 0 0 1 0 0 0 0 0 0 
0 0 0 0 0 0 0 0 1 0 
1 0 0 0 0 0 0 0 0 0 
0 0 0 0 0 0 0 1 0 0 
0 0.317725 0 0 0 0 0 0 0.424891 0.257384 
1 0 0 0 0 0 0 0 0 0 
0 0 1 0 0 0 0 0 0 0 
0.45744 0 0.54256 0 0 0 0 0 0 0 
0 0 0 0 0 0 0 1 0 0 
0 0 0 1 0 0 0 0 0 0 
0.775726 0.224274 0 0 0 0 0 0 0 0 
0 0 0 0 0 0 0 0 0 1 
0 0 0 0 0 0 0 0 0 1 
0 0 0 0 0 0 1 0 0 0 
0.264609 0 0 0 0 0.735391 0 0 0 0 
0 0 0 0 0 0 0.619897 0 0.380103 0 
1 0 0 0 0 0 0 0 0 0 
0.417461 0 0 0 0 0 0 0.582539 0 0 
0 1 0 0 0 0 0 0 0 0 
0 0 0 0 0 0 0 0 1 0 
0 0 0 0 0.645497 0 0 0.354503 0 0 
0 0 0 0 0 0 0 0 0.511455 0.488545 
0 0 0 0 0 0 0 0 0 1 
0 0 0 0 0 0 0 0 0 1 
0 0 0 0 0 0 0 0 0 1 
0.459502 0 0 0 0 0 0 0.540498 0 0 
0 0 0 0 1 0 0 0 0 0 
0 0 0 0 0 0 0 0 0 1 
0 0 0 0 0 0 0 0 1 0 
0.329662 0 0 0 0 0 0 0.670338 0 0 
0 0 0 0 0.295616 0.704384 0 0 0 0 
0 0 0 0.617786 0 0 0 0.382214 0 0 
0 0 0 0 0 0 0 0 0 1 
0 0 0 0.822189 0 0 0 0.177811 0 0 
0 1 0 0 0 0 0 0 0 0 
0 0 0 0 1 0 0 0 0 0 
0 0 0 0 1 0 0 0 0 0 
0 0 0 1 0 0 0 0 0 0 
0 0 1 0 0 0 0 0 0 0 
1 0 0 0 0 0 0 0 0 0 
0 0 0 0 0 0 1 0 0 0 
0 0 0 0 1 0 0 0 0 0 
0 0 0 0 0 1 0 0 0 0 
0 0 0 0 0 1 0 0 0 0 
0 0 0 0 0 0 0 0.708613 0 0.291387 
0 0 0 0 0 0 0 0.527708 0 0.472292 
0 0 0 0 0 0 1 0 0 0 
0 1 0 0 0 0 0 0 0 0 
0 0 0 0 0 1 0 0 0 0 
0 0 0 0 0 0 1 0 0 0 
0 0 0 1 0 0 0 0 0 0 
0 0 0 1 0 0 0 0 0 0 
0 0 0 0 1 0 0 0 0 0 
0 1 0 0 0 0 0 0 0 0 
0 0 0 0 0 0 0 0 0 1 
0 0 0 0 0 0 0 0 0 1 
1 0 0 0 0 0 0 0 0 0 
0 0 0 0 0 0 1 0 0 0 
0 0 0 0 0 0 0 1 0 0 
0 1 0 0 0 0 0 0 0 0 
0 0 0 1 0 0 0 0 0 0 
0 1 0 0 0 0 0 0 0 0 
0 0 1 0 0 0 0 0 0 0 
0 0 0 0 0 1 0 0 0 0 
0 1 0 0 0 0 0 0 0 0 
0 0 0 0 0 1 0 0 0 0 
0 0 1 0 0 0 0 0 0 0 
0 1 0 0 0 0 0 0 0 0 
0 0 0 0 1 0 0 0 0 0 
0 0 0 1 0 0 0 0 0 0 
0 0 0 0 0 1 0 0 0 0 
0 0 0 0 0 0 0 0 0 1 
0 0 0 0 0 0 1 0 0 0 
0 0 1 0 0 0 0 0 0 0 
0 0 0 0 0 0 0 1 0 0 
1 0 0 0 0 0 0 0 0 0 
0 0 0 0.361948 0 0 0 0 0 0.638052 
0 1 0 0 0 0 0 0 0 0 
0 0 0 0 0 1 0 0 0 0 
0 0 0 0 0.357765 0 0 0 0.243922 0.398313 
0 0 0 0 0 0 0 0 1 0 
1 0 0 0 0 0 0 0 0 0 
0 0 0 0 0 0 0 1 0 0 
