10 150
0.476903
0.719733
0.681196
0.608305
0.668714
0.728074
0.641852
0.293835
0.736493
0.378457
12.1829 0.132172
10.3869 0.647161
10.1612 0.236865
9.91065 1.10472
9.07323 0.736499
8.55614 1.31127
8.53615 1.85194
8.39626 1.64457
8.26803 1.61104
8.23735 0.868068
8.21533 0.181836
8.0803 1.04595
7.7463 1.89446
7.74051 0.47613
7.5955 1.90947
7.58884 0.953004
7.53425 1.43015
7.21775 1.05467
7.126 0.606718
7.10615 1.40553
7.08714 1.54235
6.9422 2.8697
6.90503 2.26523
6.7907 0.656272
6.65599 1.93534
6.58053 2.66535
6.53505 3.08429
6.49717 2.73584
6.43165 2.65924
6.36671 2.49062
6.28858 3.12591
6.24934 1.05752
6.1279 2.06052
6.11947 1.78207
6.07182 3.0436
6.00243 2.15267
5.88024 1.47966
5.70273 2.74331
5.3747 3.01697
5.31052 2.3703
5.30806 2.46094
5.26696 2.57254
5.25039 4.01643
5.23838 2.67959
5.12268 2.13523
5.05027 4.14831
5.03642 2.44496
4.96876 1.75563
4.91314 2.25631
4.88114 4.59705
4.83254 3.25591
4.8322 2.78604
4.72183 2.47436
4.62483 1.87278
4.5509 2.84242
4.49729 2.50248
4.46267 3.08597
4.45057 3.26356
4.44148 1.8454
4.41108 2.70143
4.35436 3.14775
4.34217 3.40776
4.32424 4.45276
4.28072 4.05847
4.21403 2.26213
4.03253 2.73132
3.92357 3.75914
3.8258 2.97708
3.78403 2.71468
3.76121 3.2001
3.71675 4.94916
3.71485 3.88588
3.45066 3.91635
3.16407 4.36064
3.13955 3.87975
3.10202 4.16229
3.05649 4.17871
2.91572 4.93745
2.91515 5.75085
2.90338 5.30708
2.81072 4.70371
2.69902 5.68399
2.50725 5.99159
2.49887 5.05311
2.46934 5.78398
2.36842 4.40526
2.2799 6.00843
2.25268 5.77209
2.14471 6.55319
2.13562 5.66184
2.09635 4.27002
2.07183 7.00147
2.0408 4.79063
2.01316 5.07404
1.94566 4.49618
1.89989 4.66559
1.85176 6.28455
1.80023 4.67255
1.71685 5.89166
1.70951 5.58997
1.6496 5.00698
1.64472 5.63686
1.59733 6.54776
1.50379 5.91245
1.47048 6.09336
1.42873 4.78141
1.424 6.87769
1.40606 6.18806
1.36206 7.15495
1.3066 5.67968
1.30336 6.01966
1.27638 6.79552
1.0068 5.88298
0.998067 6.44758
0.964206 6.87117
0.94661 6.03127
0.927314 5.44819
0.830004 8.83825
0.82729 5.74591
0.766915 6.7737
0.759319 6.83025
0.719775 8.25604
0.680423 8.1666
0.629154 9.24792
0.60043 6.42518
0.594968 8.21472
0.425071 8.46472
0.412462 7.60683
0.36046 8.41855
0.318622 7.96658
0.312364 7.30229
0.272122 7.60027
0.268824 9.3108
0.236766 8.34222
0.184044 6.79073
0.144532 8.8893
0.136481 10.2786
0.134632 9.71184
0.131251 6.66673
0.121342 10.543
0.117358 6.70465
0.0812089 10.9653
0.066835 7.26273
0.0442052 9.04844
0.0311134 11.632
0.0307773 10.0671
0.0278665 10.8232
0.0103705 8.54385
0.00900443 10.7346
0.0049167 7.48182
0 0 0 0 0 0 0 1 0 0 
0 0 0 0 0 0 1 0 0 0 
1 0 0 0 0 0 0 0 0 0 
0 0 0 0 0 0 0 1 0 0 
0 0 0 0 0.781281 0 0 0 0 0.218719 
0 0 0 0 0.303407 0 0 0 0.696593 0 
0 0 0 0 0 0 0 0 0 1 
0 0 0 0 0 0 0 0 1 0 
1 0 0 0 0 0 0 0 0 0 
0 0 0 0 1 0 0 0 0 0 
0 0 1 0 0 0 0 0 0 0 
0 0 0 0 1 0 0 0 0 0 
0 0 1 0 0 0 0 0 0 0 
0 0 0 0 1 0 0 0 0 0 
0 0 0 0.872468 0 0.127532 0 0 0 0 
0 1 0 0 0 0 0 0 0 0 
0 0 0 0 0 0 0 0 1 0 
1 0 0 0 0 0 0 0 0 0 
0 0 0 0 0 1 0 0 0 0 
0 0 0 0 0 0 1 0 0 0 
0 0 0 0 0 0 0 1 0 0 
0 0 0 0 0 0 0 1 0 0 
1 0 0 0 0 0 0 0 0 0 
0 0 0 1 0 0 0 0 0 0 
0 0 0 0 0 0 0 0 1 0 
0 0 0 0 0 0.564789 0 0 0.286858 0.148353 
0 0 0 1 0 0 0 0 0 0 
0 0 0 0 0 1 0 0 0 0 
0 0 0 0 0 0 0 0 0 1 
0 0 0 0 0 1 0 0 0 0 
0 0 0 0 0 0 1 0 0 0 
0 0 0 0 0 1 0 0 0 0 
0 0 0 0 0 1 0 0 0 0 
0 0 0 1 0 0 0 0 0 0 
0 0 0 0 1 0 0 0 0 0 
1 0 0 0 0 0 0 0 0 0 
0 0 0 0 1 0 0 0 0 0 
0 0 0 0 0 0 0 0 1 0 
0 0 0 1 0 0 0 0 0 0 
0 0.656934 0 0 0 0.343066 0 0 0 0 
1 0 0 0 0 0 0 0 0 0 
0 0 0 1 0 0 0 0 0 0 
0 0 0 0 0 0 0 1 0 0 
1 0 0 0 0 0 0 0 0 0 
0 0 0 0 0 0 0 1 0 0 
0 0.335738 0 0.664262 0 0 0 0 0 0 
0 0 1 0 0 0 0 0 0 0 
0 0 0 0 0 0 0 0 0 1 
0 0 1 0 0 0 0 0 0 0 
0 0 0 0 0 0.586598 0 0 0.413402 0 
0 0 0 1 0 0 0 0 0 0 
0 0 0 0 0 0 0 1 0 0 
0 0 0 0.497571 0 0 0.502429 0 0 0 
0 0 1 0 0 0 0 0 0 0 
0 0 0 0 0 0 0 0 1 0 
0 0 1 0 0 0 0 0 0 0 
0 0 1 0 0 0 0 0 0 0 
0 0 1 0 0 0 0 0 0 0 
0 0 0 0 0.295481 0 0.704519 0 0 0 
0 0 0 0 0 0 0 0 1 0 
0 0 0 0 0 0 0 0 1 0 
0 0 0 0 0 0 1 0 0 0 
0 0 0 0 0 1 0 0 0 0 
0 0 0 0 0 0 0 0 0 1 
0 0 0 0 0 0 0 0 1 0 
0 0 0 0 1 0 0 0 0 0 
0 0 0.555444 0 0 0 0 0.444556 0 0 
1 0 0 0 0 0 0 0 0 0 
0 0 0 0 0 0 0 0 1 0 
0 0 0 0 1 0 0 0 0 0 
0.443698 0 0 0 0 0 0 0 0 0.556302 
0.211825 0 0 0 0 0.788175 0 0 0 0 
0 0 1 0 0 0 0 0 0 0 
0 0 0 0 1 0 0 0 0 0 
1 0 0 0 0 0 0 0 0 0 
0 0 0.502118 0 0 0 0 0 0.497882 0 
0 1 0 0 0 0 0 0 0 0 
0 0.423422 0 0 0 0 0 0 0 0.576578 
1 0 0 0 0 0 0 0 0 0 
0 0 0 0 0 1 0 0 0 0 
0 0 0 0 0 0 0 1 0 0 
0 1 0 0 0 0 0 0 0 0 
0 1 0 0 0 0 0 0 0 0 
0 0 0 0 0 0 0 0 1 0 
0.69076 0 0 0 0.30924 0 0 0 0 0 
0 0 0 0 0 0 0 1 0 0 
0.332757 0 0 0.667243 0 0 0 0 0 0 
0 0 0 0 0.383717 0 0 0 0.616283 0 
1 0 0 0 0 0 0 0 0 0 
0 0 0 0 0 0 0 0 0 1 
0 0 0 0 0 1 0 0 0 0 
0 0 0 0 0 0 0 0 0 1 
0 0 0 1 0 0 0 0 0 0 
0 0 0 1 0 0 0 0 0 0 
0 0 0 0 0 0 0 0 1 0 
0 0 1 0 0 0 0 0 0 0 
0 0 0 0 0 0 0 0 1 0 
0.0940108 0 0 0.27904 0 0 0.626949 0 0 0 
0 0 0 0 0 1 0 0 0 0 
1 0 0 0 0 0 0 0 0 0 
0 1 0 0 0 0 0 0 0 0 
0 0 0 0 0 1 0 0 0 0 
1 0 0 0 0 0 0 0 0 0 
0 0 0 0 1 0 0 0 0 0 
0 0 0 0 0 0 0.621493 0.378507 0 0 
0 1 0 0 0 0 0 0 0 0 
0 0 1 0 0 0 0 0 0 0 
0 0 0 0 0 0 0 0 1 0 
1 0 0 0 0 0 0 0 0 0 
0 0 0 0 0 0 0 0 0 1 
0 1 0 0 0 0 0 0 0 0 
0 0 0 0 0 1 0 0 0 0 
0 0 0 0 0 0 1 0 0 0 
0 0 0 0 0 0 0 0 0 1 
0 0.876767 0 0 0.123233 0 0 0 0 0 
0 0 1 0 0 0 0 0 0 0 
0 0 0 0 0 0 0 1 0 0 
0 0 0 0.417605 0 0 0 0 0.582395 0 
0 0 1 0 0 0 0 0 0 0 
0 0 0 0 0 0 0 0 0 1 
0 0 0 0 0 0 0 1 0 0 
0 1 0 0 0 0 0 0 0 0 
0 0 1 0 0 0 0 0 0 0 
0 0 0 0 0 1 0 0 0 0 
0 0 1 0 0 0 0 0 0 0 
0 0 1 0 0 0 0 0 0 0 
0 0 0 0 0 0 0 1 0 0 
0.361889 0 0 0.321428 0 0.316683 0 0 0 0 
0 0 0 1 0 0 0 0 0 0 
0 0 0 0 0 1 0 0 0 0 
0 0 0 0.367119 0 0.39477 0.238111 0 0 0 
0 0 0 0 1 0 0 0 0 0 
0 0 0 0 0 0 1 0 0 0 
0 0 0 0 0 0 0 0 0 1 
0 0 0 0 0 0 1 0 0 0 
0 0 0 0 0 0 0 0 1 0 
0 0 0 0 0 0 0 0 0 1 
0 0 0 1 0 0 0 0 0 0 
0 0 0 0 0 0 0 0 0 1 
0 0 0 0 0 1 0 0 0 0 
0 0 0 0 1 0 0 0 0 0 
0 0 0 0 0 1 0 0 0 0 
0 0 0 0 0 0 1 0 0 0 
0 0 0 0 1 0 0 0 0 0 
0 1 0 0 0 0 0 0 0 0 
0.259648 0.410026 0 0 0 0 0 0 0.330326 0 
0 0 0 0 0 0 0 0 0 1 
0 0 0.519525 0 0 0.480475 0 0 0 0 
0 0 0 0 0 0 1 0 0 0 
0 0 0 0 0 1 0 0 0 0 
