10 300
0.505626
0.446616
0.643652
0.650866
0.577973
0.256409
0.608185
0.431736
0.636276
0.7285
11.9119 0.109175
10.5893 0.437184
10.082 0.294802
10.0277 0.585861
9.80916 1.01287
9.48453 0.728467
9.24154 0.492229
9.03388 0.472945
9.0221 0.356564
8.97445 0.445434
8.88344 0.428444
8.82373 1.24416
8.79717 1.30161
8.78055 0.310858
8.75177 1.35384
8.67203 1.68419
8.67032 1.48828
8.6328 0.336819
8.57458 1.11042
8.54766 1.29415
8.53291 1.1313
8.44271 0.734472
8.39449 1.35803
8.38231 2.13909
8.31441 1.99852
8.17103 1.69125
8.16021 1.8172
8.14248 1.23919
8.01677 0.69373
7.98085 1.33858
7.86472 1.08158
7.86146 1.69826
7.80717 1.718
7.8033 0.761271
7.78397 1.3859
7.74067 0.637567
7.73678 0.38964
7.65995 0.255433
7.63013 1.6623
7.51591 1.84419
7.4636 0.153992
7.42646 0.506858
7.38033 0.428413
7.37883 2.23679
7.32678 2.09498
7.31141 0.560139
7.24167 1.3561
7.23829 1.76818
7.17859 0.970652
7.1627 1.13971
6.9932 0.392299
6.85425 2.55321
6.84102 1.34283
6.79687 1.16892
6.78833 0.838091
6.77643 1.22236
6.73934 0.943085
6.71728 0.658969
6.69674 1.32748
6.54434 0.724549
6.42093 1.99789
6.39257 2.11523
6.33792 1.2092
6.30532 3.05813
6.25202 1.99297
6.21275 1.84717
6.15356 2.06884
6.06528 1.26153
5.97353 3.27491
5.87978 3.28833
5.8563 2.49863
5.72666 2.6615
5.64188 1.52741
5.63464 2.94485
5.62375 2.70325
5.6033 1.50544
5.54425 2.22363
5.52657 2.07674
5.48307 1.95178
5.46114 2.0036
5.40779 2.59249
5.389 2.42558
5.28348 1.82421
5.27496 1.80372
5.2559 3.04229
5.22776 4.16596
5.21449 2.7436
5.16232 1.65744
5.1619 3.79496
5.129 2.57769
5.10621 2.02805
5.07954 3.10606
5.05854 2.89362
5.02151 2.22039
4.99314 3.28181
4.92104 2.55774
4.91232 3.16262
4.8357 4.06195
4.83509 3.39416
4.7456 4.33839
4.72901 2.15301
4.6536 4.02716
4.56965 3.23618
4.43371 2.74183
4.38668 2.65179
4.36636 4.0004
4.35014 3.78733
4.30843 2.86627
4.24845 3.69323
4.23208 3.64985
4.02517 2.96547
4.01589 3.32361
3.86625 2.79872
3.83327 3.76443
3.82413 3.18054
3.80952 3.35118
3.75323 4.89047
3.75137 2.79194
3.71736 2.44577
3.66796 5.42682
3.6524 3.47631
3.6125 5.0773
3.6005 3.72055
3.58906 3.34596
3.55068 4.75465
3.54458 4.57294
3.52232 4.15949
3.52069 3.46489
3.40521 3.80957
3.38512 3.93691
3.37639 3.28036
3.26267 3.85707
3.24848 4.77306
3.24384 3.99351
3.19252 5.27621
3.15179 4.89112
3.03325 5.29515
2.98956 5.88651
2.97791 6.10057
2.89217 4.30824
2.88519 6.16233
2.88349 6.03785
2.88184 4.80578
2.84087 3.56976
2.83959 4.02151
2.72151 5.87126
2.69395 4.29654
2.67527 5.93186
2.66572 5.03489
2.65557 3.76455
2.65544 5.7274
2.58967 6.13808
2.56943 3.64575
2.54379 4.43738
2.44576 5.51187
2.43892 3.7758
2.41096 4.08394
2.32434 3.80881
2.26437 5.86463
2.24224 5.41833
2.19262 6.28201
2.19012 4.51871
2.15695 4.43401
2.0761 5.1913
2.05756 4.41926
2.01361 5.68561
2.01349 5.34024
2.00917 5.88716
2.00703 4.7034
1.97404 5.36514
1.8177 5.48007
1.79969 4.86265
1.75739 4.72124
1.74734 6.68526
1.72904 6.02575
1.72262 5.83077
1.68856 5.6788
1.61139 5.88987
1.59805 5.98224
1.56959 6.89368
1.56729 4.53779
1.53531 6.40704
1.46162 5.73821
1.43388 5.88835
1.39445 5.16768
1.38939 5.98431
1.36551 7.32744
1.31329 6.99285
1.3118 5.32254
1.30565 5.16236
1.28262 5.0019
1.27859 5.96554
1.26059 7.51718
1.24049 6.13131
1.22606 4.74301
1.14069 5.6589
1.13209 6.61735
1.12113 5.75278
1.12033 7.58944
1.09538 6.51115
1.08326 5.60659
1.07632 6.70035
1.05712 6.92513
1.03647 5.72978
1.02258 5.45359
1.01941 8.70586
0.992052 6.57272
0.991306 7.10356
0.953745 6.73343
0.950258 7.83375
0.932041 5.60018
0.894154 8.52114
0.878308 7.53321
0.869102 6.23192
0.851896 5.71715
0.843435 6.02067
0.817135 7.3002
0.81047 8.52613
0.797221 6.87314
0.771917 6.33081
0.74633 6.26081
0.743606 7.10754
0.729545 6.55544
0.727944 5.69018
0.726415 5.84951
0.689714 6.65683
0.647822 8.63383
0.622989 8.78854
0.604638 6.28221
0.59713 6.24469
0.58432 9.1041
0.542116 6.46127
0.53849 8.46723
0.538103 6.52602
0.526864 8.51268
0.522757 8.25639
0.522255 7.65125
0.516132 7.64088
0.49671 7.26487
0.496685 8.8094
0.491243 6.76155
0.481009 7.36363
0.475436 6.84429
0.463904 7.8486
0.451387 6.88309
0.437156 9.95539
0.43443 6.22523
0.417621 6.50637
0.409561 6.67557
0.38343 9.61406
0.37138 8.28497
0.356991 8.78455
0.351282 9.19457
0.341405 7.61959
0.339548 8.2835
0.33413 10.2605
0.316018 8.01308
0.30668 8.45433
0.300278 8.22011
0.275234 6.84584
0.264384 8.89641
0.247035 7.57476
0.214392 8.30171
0.208807 9.17068
0.207526 8.06047
0.205862 8.73046
0.205786 8.44864
0.186988 7.58935
0.165317 8.77415
0.162747 9.87757
0.161746 8.85151
0.15892 7.22004
0.158138 8.90632
0.153303 9.61604
0.121497 8.80478
0.119984 9.84035
0.0996996 8.67168
0.0907305 10.9207
0.0897532 10.0147
0.0784147 9.8666
0.0601652 10.0769
0.0582786 6.93529
0.0582191 8.02359
0.0553614 10.8686
0.0540337 8.87578
0.0462692 6.9995
0.0460196 8.97362
0.0455569 11.3254
0.0405649 8.25785
0.0309437 9.5831
0.0274642 11.4109
0.021092 8.23673
0.0140731 7.59503
0.0132088 10.2922
0.0111316 9.42858
0.0087232 10.8716
0.00768703 11.3922
0.00408037 9.30807
0.00220528 9.17523
0.0021456 8.05629
0 0 0 0 0 0 1 0 0 0 
0 0 1 0 0 0 0 0 0 0 
0 0 0 1 0 0 0 0 0 0 
0 0 0 0 0 0 1 0 0 0 
0 0 0 0 1 0 0 0 0 0 
0 0 0 0 0 0 0 0 0 1 
1 0 0 0 0 0 0 0 0 0 
0 0.313186 0 0 0.26973 0 0 0 0 0.417084 
0 0 0 1 0 0 0 0 0 0 
0 0 0 0 0 0 1 0 0 0 
0 0.618204 0 0 0 0.381796 0 0 0 0 
0 0 0.57027 0 0 0.42973 0 0 0 0 
0 0 0 0 0 0 0 0 0 1 
0 0 0 0 0 0 0 0 0 1 
0 0 0 0 0 0 0.635851 0.364149 0 0 
0 1 0 0 0 0 0 0 0 0 
0 0 0 0 0 0 1 0 0 0 
0 0 0 0 0.494038 0 0.505962 0 0 0 
0 0 0 0 0 0 1 0 0 0 
0 0 1 0 0 0 0 0 0 0 
0 0 0 0 1 0 0 0 0 0 
0 0 0 0 0 1 0 0 0 0 
0 0 0 0 0 0 0 1 0 0 
0 0 0 0 0 0 1 0 0 0 
0.561469 0 0 0 0 0 0 0 0 0.438531 
0 0 0 0 0 0 0 0 1 0 
0 0 0 0 0 1 0 0 0 0 
0 0 0 1 0 0 0 0 0 0 
0 0 0 0 0 0 0 1 0 0 
0 0 0 0 0 0 0 0 1 0 
0 0 0 0 0 0 0 0.126027 0.873973 0 
0 0 0 0 0 0 0 0.657839 0 0.342161 
0 0 0 0 1 0 0 0 0 0 
0.767456 0 0.232544 0 0 0 0 0 0 0 
1 0 0 0 0 0 0 0 0 0 
0 1 0 0 0 0 0 0 0 0 
0 0 0 0 0 0 1 0 0 0 
1 0 0 0 0 0 0 0 0 0 
0 0 0.619944 0 0 0 0.380056 0 0 0 
0 0 0 0 1 0 0 0 0 0 
1 0 0 0 0 0 0 0 0 0 
0 0 0 0.384895 0 0.615105 0 0 0 0 
0 0 0 0 0 0 0 1 0 0 
0 0.602557 0 0.397443 0 0 0 0 0 0 
0 0 1 0 0 0 0 0 0 0 
1 0 0 0 0 0 0 0 0 0 
0.41722 0 0 0 0 0 0 0.58278 0 0 
0 0 0 1 0 0 0 0 0 0 
0 0 0 0 0 0 1 0 0 0 
0 0 0 0 1 0 0 0 0 0 
0 1 0 0 0 0 0 0 0 0 
0 0 1 0 0 0 0 0 0 0 
0 0 1 0 0 0 0 0 0 0 
0 0 0.456339 0 0 0 0 0 0.543661 0 
1 0 0 0 0 0 0 0 0 0 
0 0 0 0 0 0 0 0 1 0 
1 0 0 0 0 0 0 0 0 0 
0 0 0 0 0 0 1 0 0 0 
0 0 1 0 0 0 0 0 0 0 
0 0 0 1 0 0 0 0 0 0 
0 0 0 0 0 0 0 0 1 0 
0 0 0 0 0 0.467969 0 0.532031 0 0 
0 0 0 0 1 0 0 0 0 0 
0 0 1 0 0 0 0 0 0 0 
0 0 0 0 1 0 0 0 0 0 
0 0 0 0 0 0 0 0 1 0 
0 0 0 1 0 0 0 0 0 0 
0 0 0 1 0 0 0 0 0 0 
0 0 0 1 0 0 0 0 0 0 
0 1 0 0 0 0 0 0 0 0 
0 0 1 0 0 0 0 0 0 0 
0 0 0 1 0 0 0 0 0 0 
0 0 0 0 1 0 0 0 0 0 
0.458754 0.541246 0 0 0 0 0 0 0 0 
0 0 0 0 0 0 0 0 1 0 
0 0 0 1 0 0 0 0 0 0 
0 0 0 0 0 0 0 0.395597 0.604403 0 
0 0 0 0 0 1 0 0 0 0 
0 0 0 0 0 0 0 1 0 0 
0 0 0 1 0 0 0 0 0 0 
0 0 0 0 0 0 1 0 0 0 
0 0 0 0 0 0 0 0 1 0 
0 0 1 0 0 0 0 0 0 0 
0 0 0 0 0 1 0 0 0 0 
0 0 0 0 0 0 0 0 1 0 
0 0 0 0 0 0 0 0 1 0 
0 0 0 0 0 0 0 0 1 0 
0 0 0 0 1 0 0 0 0 0 
0 0 0 1 0 0 0 0 0 0 
0 0.225682 0 0 0 0.774318 0 0 0 0 
0 0 0 0 0 0 0 0 0 1 
0 0 0 0 0 0 0 0 0 1 
0 0 1 0 0 0 0 0 0 0 
0 0 0 0 0 0 0 0 0 1 
0 0 0 1 0 0 0 0 0 0 
0 0 1 0 0 0 0 0 0 0 
0 0 0 0 0 1 0 0 0 0 
0 0 0 0 0 0.485213 0 0.103241 0 0.411546 
0 0 0 1 0 0 0 0 0 0 
0 0 1 0 0 0 0 0 0 0 
0 0 0 1 0 0 0 0 0 0 
0 0 0 1 0 0 0 0 0 0 
0 0 0 1 0 0 0 0 0 0 
0 0 0 0 0 1 0 0 0 0 
0 0 0 1 0 0 0 0 0 0 
0 0 0 0 0 0 0 0 1 0 
1 0 0 0 0 0 0 0 0 0 
0 0 0 0.673652 0 0 0 0 0 0.326348 
0 0 0.507124 0 0 0 0.492876 0 0 0 
0 0 0 0 1 0 0 0 0 0 
0.543401 0 0.456599 0 0 0 0 0 0 0 
0 0 0 0 0 1 0 0 0 0 
0 0 0 0 0 0 0 0 1 0 
0 0 0 0 0 1 0 0 0 0 
1 0 0 0 0 0 0 0 0 0 
0 0 0 0 0.371364 0 0 0 0 0.628636 
0 0 0 0 0 0 0 0 1 0 
0 0 0 0 0 0 1 0 0 0 
0 0 0 0 0 0 1 0 0 0 
0 0 0 0 0 0 0 0 0 1 
0 0 0 0 0 0 0 0 1 0 
0 0.495521 0.504479 0 0 0 0 0 0 0 
0 0 0.768872 0 0 0.231128 0 0 0 0 
0 0 0.490515 0 0 0 0 0 0 0.509485 
1 0 0 0 0 0 0 0 0 0 
0 0 0 1 0 0 0 0 0 0 
0 0 0 0 1 0 0 0 0 0 
0 1 0 0 0 0 0 0 0 0 
0 0 0 0 0.647191 0 0 0 0.352809 0 
0 0 0 0 0 1 0 0 0 0 
0 0 0 0 1 0 0 0 0 0 
0 0 0 0 0 0 0 0 0 1 
0 0 0 0 0 0 0 0 1 0 
0 0 0 0 0 0 1 0 0 0 
0 0 0 0 0 0 0 1 0 0 
0 0 0 1 0 0 0 0 0 0 
0 0 1 0 0 0 0 0 0 0 
0 0 0 0 1 0 0 0 0 0 
0 0 0 0 0 0 1 0 0 0 
0 0 0 0 0 1 0 0 0 0 
0 0 0 0 1 0 0 0 0 0 
1 0 0 0 0 0 0 0 0 0 
0 0 0 0 0 0 0 1 0 0 
0 0 0.237931 0 0 0 0 0 0 0.762069 
0 0 0 0 0 0 0 0 1 0 
0 0 0 0 0 0 0 1 0 0 
0 0 0 0 0 0 0 0 1 0 
0 0 0 0 0 0 0 1 0 0 
0 0 1 0 0 0 0 0 0 0 
0 0 0.436753 0 0.32239 0.240857 0 0 0 0 
0 0 0 0 0 0 0 0 1 0 
0 0 0 0 1 0 0 0 0 0 
0 1 0 0 0 0 0 0 0 0 
0 0 0 0 0 0 0 0 1 0 
0 0 0 0 0 0 1 0 0 0 
0 0 0 0 0 1 0 0 0 0 
0 0 1 0 0 0 0 0 0 0 
1 0 0 0 0 0 0 0 0 0 
0 0 0 0 0 0 0 0 1 0 
0 0 1 0 0 0 0 0 0 0 
1 0 0 0 0 0 0 0 0 0 
0.544692 0 0 0 0 0 0 0 0.455308 0 
0 0 0 0 0 0 0 1 0 0 
0 0 0 0 0 0 0 1 0 0 
0 1 0 0 0 0 0 0 0 0 
0 0 0 0 0 0 0 0 1 0 
0 0 0 0 0 1 0 0 0 0 
1 0 0 0 0 0 0 0 0 0 
0 0 0.500712 0 0 0.499288 0 0 0 0 
0 0 0 0 0 1 0 0 0 0 
0 0 0 1 0 0 0 0 0 0 
0 0 0 0 0 0 0 0 0 1 
0 0 0 0 0 0 0 1 0 0 
0 0 0 0 0 0 0.432612 0 0 0.567388 
0 0 1 0 0 0 0 0 0 0 
0 0 1 0 0 0 0 0 0 0 
1 0 0 0 0 0 0 0 0 0 
0 0 0 1 0 0 0 0 0 0 
0 0.150747 0 0 0 0 0 0 0.849253 0 
0 0 0 0 0 0 1 0 0 0 
0 0 0 0.51031 0 0 0 0 0 0.48969 
0.484809 0 0.515191 0 0 0 0 0 0 0 
0 0 0 0 0 0 0 1 0 0 
0 0 0 1 0 0 0 0 0 0 
0 0 1 0 0 0 0 0 0 0 
0 0 0 0 0 0 0 0 1 0 
0.420026 0.170176 0 0 0 0 0 0 0 0.409798 
0 0 1 0 0 0 0 0 0 0 
0 0 0 0 0 0 0 0 1 0 
0 0 1 0 0 0 0 0 0 0 
0 0 0 0 0 0 0 0 0 1 
0 0 0 0 1 0 0 0 0 0 
0 0 0 0 0 0 0 0 1 0 
0 0 0 0 0 0 1 0 0 0 
0 0 0 0 0 0 0 1 0 0 
0 0.294661 0.705339 0 0 0 0 0 0 0 
0 0 0 0 0 0 0 1 0 0 
0 0 0 1 0 0 0 0 0 0 
0 0 0 0 0 0 0 1 0 0 
0 0 0 0 0 0 1 0 0 0 
0 0 0 0 0.553678 0.446322 0 0 0 0 
0 0 0 0 0 0 1 0 0 0 
0 0 0 1 0 0 0 0 0 0 
0 0 0 1 0 0 0 0 0 0 
0 0 0 0 0 0 0 0 1 0 
0 0 1 0 0 0 0 0 0 0 
0 1 0 0 0 0 0 0 0 0 
0 0 0 0 0 0 0 1 0 0 
0 0.622262 0 0.377738 0 0 0 0 0 0 
1 0 0 0 0 0 0 0 0 0 
0 0 0 0.748584 0 0 0 0.251416 0 0 
0 0 0 0 0 0 0 0 0 1 
0 0 0 0 0 0 0 1 0 0 
0 1 0 0 0 0 0 0 0 0 
0 0 0 0 0 0 0 0 0 1 
0 0 0 0 1 0 0 0 0 0 
0 0 1 0 0 0 0 0 0 0 
0 1 0 0 0 0 0 0 0 0 
0 0 0 0 0 0 0 0 0 1 
0 0 0 0 0 0 1 0 0 0 
1 0 0 0 0 0 0 0 0 0 
0.740401 0 0 0 0 0 0.259599 0 0 0 
0 0 0 0 0 0.57387 0 0 0 0.42613 
0 1 0 0 0 0 0 0 0 0 
0 0 0 0 0 0 0 0 1 0 
0 1 0 0 0 0 0 0 0 0 
0 0 0 1 0 0 0 0 0 0 
1 0 0 0 0 0 0 0 0 0 
0 0 0 0 1 0 0 0 0 0 
0 0 0.527053 0 0 0.472947 0 0 0 0 
0 0 0 0 0 0 0 0 0 1 
0 0 0 0.727691 0 0 0 0 0 0.272309 
0 1 0 0 0 0 0 0 0 0 
0 0 0 0 0.750021 0 0.249979 0 0 0 
0 0 0 0 1 0 0 0 0 0 
0 0 0.377716 0 0 0 0 0 0 0.622284 
0 0 1 0 0 0 0 0 0 0 
0 0 0 0 0 1 0 0 0 0 
1 0 0 0 0 0 0 0 0 0 
0 0 0 0 0 0 0 1 0 0 
0 0 0 0 0 0 0 0 1 0 
0 0 0 1 0 0 0 0 0 0 
1 0 0 0 0 0 0 0 0 0 
0 0 0 1 0 0 0 0 0 0 
0 0 0 0 0 0 1 0 0 0 
0 0 0 0 0 0 0 0 1 0 
0 0 0 0 0 0 0 0 0 1 
0 0 0 0 0 0 1 0 0 0 
0 0 0 0 0 0 0 1 0 0 
0 1 0 0 0 0 0 0 0 0 
0 0 0 0 0 0 1 0 0 0 
0 0 0 0 0 0 1 0 0 0 
0 0 0 0 0 0 1 0 0 0 
0 0 0 0 0 0 0 1 0 0 
0 0 0 0 0 0 0 0 0 1 
0 0 0 0 1 0 0 0 0 0 
0 0 0 0 1 0 0 0 0 0 
1 0 0 0 0 0 0 0 0 0 
0 0 0.387556 0.612444 0 0 0 0 0 0 
0 0 0 0 0 0 0 0 0 1 
0 0 0 1 0 0 0 0 0 0 
0 0 0.711776 0 0 0.288224 0 0 0 0 
0 0 0 0 1 0 0 0 0 0 
0 0 1 0 0 0 0 0 0 0 
0 0 0 0 0 1 0 0 0 0 
0 0 0 1 0 0 0 0 0 0 
0 0 0 0 1 0 0 0 0 0 
0 0 1 0 0 0 0 0 0 0 
0 1 0 0 0 0 0 0 0 0 
0 0 0 0 0 0 0.389853 0 0.610147 0 
0 0 0 0 0 1 0 0 0 0 
0 0 0 0 0 0 0 0 1 0 
0 1 0 0 0 0 0 0 0 0 
0 0 0 0 0 0.842522 0 0 0.157478 0 
0 0 0 0.416632 0.11399 0 0 0 0.469378 0 
0 0 0 0 1 0 0 0 0 0 
0 0 0 1 0 0 0 0 0 0 
0 0 0 0 0 0 0 0 0 1 
0 0 1 0 0 0 0 0 0 0 
1 0 0 0 0 0 0 0 0 0 
0 0 0 0 0 1 0 0 0 0 
0 1 0 0 0 0 0 0 0 0 
0 0 0 0 0.654159 0.345841 0 0 0 0 
0 1 0 0 0 0 0 0 0 0 
0 0 0 1 0 0 0 0 0 0 
0 0 0 0 0.131244 0 0 0.868756 0 0 
0 0 1 0 0 0 0 0 0 0 
0 0 0 0 0 0 0 0 0 1 
0 0 0 0 0 1 0 0 0 0 
0 0 0 0 0 0 0 0 0 1 
0 1 0 0 0 0 0 0 0 0 
0 0 0 0 0 0 0.352458 0 0 0.647542 
0 0 0 0 0 1 0 0 0 0 
0 0 1 0 0 0 0 0 0 0 
0 0 0 0 0 0 0 1 0 0 
0 0 0 0 0 0 1 0 0 0 
0 0 0 0 0.162927 0 0 0.837073 0 0 
0 0 0 1 0 0 0 0 0 0 
0 1 0 0 0 0 0 0 0 0 
0 0 0 0 0 0 0 0 1 0 
