10 500
0.415623
0.414817
0.394275
0.574645
0.356646
0.623352
0.509304
0.315637
0.614479
0.701598
12.1785 0.0974728
11.9027 0.202429
11.5359 0.342653
11.4421 0.312796
11.1533 0.102844
11.1084 0.498932
11.1064 0.471028
10.9724 0.188385
10.9077 0.413027
10.8061 0.111823
10.724 0.583387
10.6908 0.134249
10.6574 0.486102
10.5567 0.225808
10.4363 0.650851
10.151 0.246192
10.0239 0.880221
9.93774 1.05865
9.85093 0.502192
9.75455 0.610102
9.65137 0.858024
9.63885 0.547909
9.58335 1.22316
9.40841 0.425711
9.40475 1.27111
9.31552 0.993224
9.14889 0.628917
9.12572 0.679786
9.02373 0.31617
9.00054 0.859521
8.86887 1.0738
8.75351 0.81628
8.70142 0.736019
8.69184 0.70823
8.64429 1.27913
8.63672 1.28601
8.62448 0.537762
8.53501 1.31918
8.4568 1.43842
8.40308 1.26157
8.35556 1.29468
8.34695 1.95248
8.20278 0.638988
8.15209 0.311071
8.0494 0.140828
8.04806 1.85328
8.02205 0.747045
7.99852 1.10542
7.97886 0.397587
7.97797 0.133349
7.94629 1.0115
7.92678 0.241609
7.81477 0.301788
7.8103 0.191319
7.68747 1.50197
7.68616 0.245328
7.66909 0.38102
7.63005 0.70654
7.59901 0.981425
7.57302 1.33598
7.56514 1.09068
7.45221 0.398641
7.37842 0.973959
7.37586 1.8616
7.34263 1.66492
7.32317 2.15561
7.27554 0.347454
7.26304 2.22785
7.24762 1.61468
7.21764 1.76723
7.17692 0.562955
7.17641 0.35701
7.10162 1.55636
7.09227 0.328949
7.08711 1.55081
7.04446 2.35959
7.03819 2.0486
7.02733 1.58486
6.97345 0.98538
6.88963 1.12185
6.88017 2.15431
6.86825 1.03891
6.86677 1.8322
6.83925 1.96506
6.81787 2.67045
6.80661 0.67041
6.77775 1.6589
6.75303 2.45845
6.70307 1.38567
6.69622 2.44083
6.67112 2.05542
6.61805 1.95595
6.56973 1.75503
6.56387 1.00397
6.54896 2.92727
6.53354 2.31529
6.53173 1.31024
6.52865 2.53077
6.49254 1.06487
6.46793 1.22981
6.41193 1.78128
6.4093 1.89686
6.33497 1.39755
6.24869 1.54496
6.2257 0.894317
6.22335 2.64014
6.18457 1.78845
6.16417 3.23167
6.12396 3.19203
6.12314 1.22845
6.06637 1.68047
6.02204 0.847649
6.01251 1.33025
6.00029 2.26389
5.98645 1.6171
5.95682 2.3249
5.934 2.14948
5.9331 2.07845
5.93003 2.3258
5.92975 3.44814
5.92302 1.80641
5.87148 1.28932
5.83204 2.79427
5.8029 2.99736
5.77216 2.2815
5.77149 2.8882
5.6682 2.32142
5.61822 4.04711
5.54085 2.25404
5.4902 1.92617
5.44659 2.26596
5.41467 2.49711
5.41435 2.70818
5.38566 2.39639
5.38218 3.0425
5.36072 2.32558
5.34146 3.2979
5.32618 1.51097
5.30401 2.55274
5.24206 2.79526
5.20897 3.64312
5.18614 1.92965
5.11644 3.32892
5.1132 2.71446
5.09422 2.88092
5.09386 4.34653
5.05448 3.57892
5.05165 2.93951
5.03866 2.75107
5.03328 3.94753
5.02484 2.31042
4.99639 3.1667
4.98256 4.21962
4.92506 1.68792
4.91408 2.37683
4.898 3.29605
4.89012 2.54297
4.87895 4.50378
4.80129 2.99147
4.78731 2.07979
4.76478 2.05326
4.75634 2.3721
4.64193 2.94971
4.603 2.90978
4.57604 3.34351
4.48173 3.97099
4.48053 2.07164
4.47629 3.7945
4.43098 4.12055
4.38994 2.8345
4.37055 2.80075
4.34148 4.6598
4.33285 2.56293
4.31982 3.8007
4.29818 3.18455
4.23717 3.93881
4.23438 3.19536
4.22023 4.22491
4.20115 3.40256
4.18422 2.83096
4.18174 3.71414
4.16784 3.28765
4.06337 3.38689
4.02104 2.66097
4.01544 3.28546
4.00784 3.75023
3.96421 2.54093
3.95445 4.84157
3.93589 3.00898
3.85312 3.52962
3.83445 3.20763
3.81799 3.95309
3.80732 3.69073
3.74512 4.32798
3.72314 3.86416
3.71952 3.97057
3.70718 4.25353
3.69746 4.86546
3.67902 5.33613
3.5847 4.48467
3.58467 3.20705
3.57397 2.62611
3.53237 3.71447
3.48713 4.42591
3.48489 3.5925
3.48118 4.95239
3.43008 2.86494
3.42522 4.71179
3.41913 3.62655
3.41386 4.77321
3.3964 3.61845
3.31945 4.71965
3.27572 4.65946
3.27 3.9449
3.22646 5.25293
3.18466 5.95347
3.16673 3.99701
3.16603 4.47346
3.16457 5.03702
3.09814 3.37543
3.04295 3.63898
3.00529 4.25982
2.97542 5.26856
2.89603 5.53816
2.88565 4.86112
2.86191 5.18669
2.85846 4.53046
2.8484 4.27067
2.84497 5.27836
2.81839 4.99483
2.80676 4.36173
2.80144 4.54967
2.79733 4.80023
2.79695 5.39796
2.7953 5.00629
2.79256 4.41797
2.73718 4.97119
2.71867 3.82056
2.71041 5.65749
2.66853 4.44879
2.63225 4.45996
2.63132 5.84297
2.59102 4.31398
2.56191 4.65411
2.53963 4.25073
2.51191 5.42593
2.51169 4.61551
2.50741 4.55579
2.49949 4.35217
2.48066 5.9196
2.45739 5.6503
2.43988 4.41047
2.43499 5.56562
2.4347 5.46387
2.43242 4.73269
2.42253 4.21689
2.39321 4.71641
2.34453 5.78673
2.34217 6.70164
2.33172 3.46017
2.33101 5.53549
2.32927 3.85746
2.30501 5.9133
2.28612 5.64112
2.26802 3.69587
2.2481 4.62902
2.24169 4.50183
2.23436 6.86351
2.20176 5.8044
2.18303 4.27297
2.1769 5.68544
2.17206 4.78262
2.15028 5.05248
2.12715 5.46185
2.12495 6.34502
2.08359 4.9189
2.07651 4.52628
2.02999 4.90689
1.97619 4.14446
1.96902 4.82205
1.94879 5.96922
1.91237 4.75926
1.8774 4.49221
1.86603 5.89308
1.85676 5.20758
1.8302 4.26458
1.80099 5.423
1.79914 6.27749
1.79589 6.24944
1.79218 5.32631
1.79133 7.44091
1.78463 6.54866
1.75707 6.96929
1.74337 5.8545
1.73395 6.19884
1.72972 5.89912
1.72236 5.84865
1.71859 4.53173
1.70901 5.57544
1.69721 5.85843
1.68296 5.20786
1.66987 4.93541
1.66771 7.54863
1.64878 7.14205
1.62984 5.88879
1.61068 4.92568
1.57882 6.11716
1.5726 5.14447
1.54114 6.48606
1.53585 5.71365
1.53463 7.12896
1.53375 6.88513
1.53214 6.08862
1.52497 6.77643
1.52493 7.26777
1.524 6.47495
1.5143 5.74635
1.50807 4.18711
1.49492 6.67711
1.45315 7.52086
1.40251 5.09043
1.39646 5.90684
1.38146 5.82047
1.379 7.29909
1.37139 7.60807
1.37104 7.41033
1.36299 7.92062
1.35205 6.56798
1.3156 7.56041
1.31 6.22423
1.3062 6.44239
1.29221 7.44855
1.28548 5.15185
1.28009 6.10853
1.26925 5.11061
1.24617 7.51628
1.23687 6.50592
1.22984 7.08143
1.22212 6.06276
1.21653 6.94936
1.21229 6.61632
1.18143 7.8186
1.17396 7.77514
1.15392 6.30844
1.13571 6.24276
1.10825 5.3748
1.10682 7.69902
1.09992 5.18024
1.06577 7.81495
1.05714 7.07545
1.05563 6.74254
1.05486 7.57954
1.04983 7.54209
1.04878 7.93037
1.04216 5.68471
1.01861 7.1477
1.01702 8.61507
1.01262 5.35159
1.00546 5.44726
0.969335 7.67176
0.956277 7.77687
0.920679 5.80963
0.911204 5.55427
0.9029 6.29109
0.894164 6.61974
0.87525 7.0116
0.857274 5.69443
0.844609 6.08516
0.841007 8.1816
0.834532 7.0857
0.817154 7.14609
0.810562 6.55463
0.809845 9.03358
0.806277 5.53908
0.791437 7.59941
0.748291 6.99609
0.733555 6.11915
0.73129 5.53355
0.729623 8.82858
0.725585 8.84426
0.713668 9.43075
0.69912 7.27874
0.687388 5.90022
0.675697 5.9752
0.675086 6.20736
0.674995 7.59433
0.660576 7.40156
0.655825 8.85637
0.648213 8.94691
0.636528 6.27907
0.612167 7.63154
0.603535 7.02156
0.595811 8.23874
0.573966 7.26718
0.568801 8.13556
0.549297 7.22804
0.541065 7.19489
0.539275 8.25971
0.535869 7.52667
0.506509 6.14317
0.502959 8.85062
0.496732 9.01902
0.488344 6.82905
0.472889 8.0843
0.468829 7.91023
0.464993 8.47383
0.454404 7.96476
0.454246 8.11054
0.453779 8.84972
0.416931 7.09326
0.406286 9.594
0.40402 8.47136
0.398744 8.20164
0.393223 9.43776
0.386499 7.0034
0.382439 8.59738
0.375464 7.84495
0.365944 9.30841
0.363959 9.36549
0.360953 8.7767
0.355969 7.33287
0.333012 8.58053
0.331511 6.27832
0.322924 7.83808
0.307164 9.14544
0.302778 6.99978
0.30128 8.27064
0.299045 6.2876
0.283183 7.34736
0.279423 8.42045
0.264407 8.97845
0.253966 6.27021
0.252471 8.76369
0.246056 10.4087
0.241799 8.88609
0.24081 7.12813
0.23459 8.01615
0.231256 9.48491
0.228539 8.44099
0.223615 7.4237
0.220837 8.53452
0.21868 9.23175
0.217718 8.4489
0.211613 8.60717
0.208346 8.67715
0.201614 7.88172
0.19692 6.89597
0.186186 9.37839
0.185857 10.8026
0.184997 10.1338
0.17789 10.4565
0.163268 8.39429
0.159021 7.90906
0.150102 8.33351
0.143832 10.6288
0.143795 10.1836
0.125345 6.76264
0.12012 10.3032
0.110057 8.12022
0.101929 7.19113
0.0707784 10.0981
0.0691845 8.88211
0.0660734 10.1613
0.0626006 10.7343
0.0558326 10.1567
0.0513909 10.3223
0.0498616 9.39154
0.0472602 11.0275
0.0421094 10.8464
0.0409797 8.82777
0.0396213 11.4777
0.0395006 10.5651
0.0379137 9.32803
0.0356787 11.5811
0.0332661 9.73433
0.0325511 7.1958
0.0287721 11.6114
0.0282332 8.71051
0.0252313 8.93334
0.0249665 11.5524
0.0243996 8.90052
0.0240961 10.3781
0.0228305 8.07176
0.0226984 8.58061
0.0226218 9.06262
0.0212069 11.765
0.0208802 9.50055
0.0206063 10.5478
0.0163119 10.0054
0.0157856 8.41479
0.0146918 9.30447
0.0120008 7.90732
0.0117036 10.6082
0.0107205 8.94194
0.0105941 8.6347
0.00627739 8.13018
0.00554223 10.2498
0.00338018 11.475
0.00233277 10.8097
0.00158512 10.3871
0 0 0 0 0 0 0 1 0 0 
0 0 0 1 0 0 0 0 0 0 
0 0 0.842886 0 0.157114 0 0 0 0 0 
0 0 0 1 0 0 0 0 0 0 
0 0.50878 0 0 0.49122 0 0 0 0 0 
0 0 0 0 1 0 0 0 0 0 
0 1 0 0 0 0 0 0 0 0 
0 0 0 1 0 0 0 0 0 0 
0 0 0 0 0 0 0 0 1 0 
0 0 0 1 0 0 0 0 0 0 
0 0 0 0 0 0 0 0 0 1 
0 0 1 0 0 0 0 0 0 0 
0 0 0 0 0 0 0 0 1 0 
0 0 0 0 1 0 0 0 0 0 
0 0 0 0 1 0 0 0 0 0 
0 0 0 0.314321 0 0 0 0 0 0.685679 
0 0 0 0 0 0 0 1 0 0 
0 0 0 0 0 0 0 1 0 0 
0 0 0 0 0 0 0 1 0 0 
0 1 0 0 0 0 0 0 0 0 
0 0 0 0 0 0 0 0 1 0 
0 0 0 0 0 0 1 0 0 0 
0 0 0 0 1 0 0 0 0 0 
0 0 0 0 0 0 1 0 0 0 
0 0 0 0 0 1 0 0 0 0 
0 0 0 0 0 0 0 1 0 0 
0 1 0 0 0 0 0 0 0 0 
0 0 1 0 0 0 0 0 0 0 
0 0 0 0 0.225745 0 0 0 0 0.774255 
1 0 0 0 0 0 0 0 0 0 
0 0 0 0 0 0 0 1 0 0 
0 0 0 0 0 1 0 0 0 0 
1 0 0 0 0 0 0 0 0 0 
0 0 0 0 0 0 1 0 0 0 
0 0 1 0 0 0 0 0 0 0 
0 0 0 0 0 1 0 0 0 0 
0 0 0 0 0 1 0 0 0 0 
0 1 0 0 0 0 0 0 0 0 
0 0 1 0 0 0 0 0 0 0 
0 0 1 0 0 0 0 0 0 0 
0 0 0 0 0 0 0 1 0 0 
0.489278 0 0 0.510722 0 0 0 0 0 0 
1 0 0 0 0 0 0 0 0 0 
0 0 0 0 0 0 0 0 0 1 
0 0 1 0 0 0 0 0 0 0 
0 0 0 1 0 0 0 0 0 0 
0 0 0 1 0 0 0 0 0 0 
0 0 0 0 0 1 0 0 0 0 
0 0 1 0 0 0 0 0 0 0 
1 0 0 0 0 0 0 0 0 0 
1 0 0 0 0 0 0 0 0 0 
0 0.350952 0 0 0 0 0 0.403297 0.245752 0 
0 0 0 0 0 0 0 0 0 1 
0 0 0 0 0 0 1 0 0 0 
0 0 0 0 0 0 0 1 0 0 
1 0 0 0 0 0 0 0 0 0 
0 0 0 0 0 0 0 0 1 0 
0 0 0 0 1 0 0 0 0 0 
0 0 0 0 0 0 0 0 0 1 
0 0 0 0 0 0 0 0 0 1 
0 0 0 1 0 0 0 0 0 0 
0 0 1 0 0 0 0 0 0 0 
0 0 1 0 0 0 0 0 0 0 
1 0 0 0 0 0 0 0 0 0 
1 0 0 0 0 0 0 0 0 0 
1 0 0 0 0 0 0 0 0 0 
0 0 0 0 0 0 0 1 0 0 
0 0 0 0 0 0 0 1 0 0 
0 0 0 0 0 0 1 0 0 0 
0 0 0 0 0.630642 0 0 0 0 0.369358 
0 0 1 0 0 0 0 0 0 0 
0 0 0 0 0 0 0 0 0 1 
0 0 1 0 0 0 0 0 0 0 
0.539287 0 0.460713 0 0 0 0 0 0 0 
0 0 0 0 0 0 0 1 0 0 
0 0 0 0 0.480175 0.519825 0 0 0 0 
0 0 1 0 0 0 0 0 0 0 
0 0 0 0 0 0 0 0 1 0 
0 0 0 0 0 0 1 0 0 0 
1 0 0 0 0 0 0 0 0 0 
0 0 0 0 0 0 0 0 0 1 
0 0 0 0 0 0 0 1 0 0 
0 0 0 0 0 0 0 0 1 0 
0 0 0 0 1 0 0 0 0 0 
0 0 0 0 0 0 0 0 0 1 
0 0 0 0 0 0 0 0 0 1 
0 0 1 0 0 0 0 0 0 0 
0 0 0.585855 0.414145 0 0 0 0 0 0 
0 0 0 1 0 0 0 0 0 0 
0 0 0 0 0 0 0 0 1 0 
0 0 1 0 0 0 0 0 0 0 
0 0 1 0 0 0 0 0 0 0 
0 1 0 0 0 0 0 0 0 0 
0.449634 0 0 0 0 0 0.550366 0 0 0 
0 0 0 0 0 0 0 0 0 1 
0 0 0 1 0 0 0 0 0 0 
0 0.210451 0.789549 0 0 0 0 0 0 0 
0 0 0 0 0 0 1 0 0 0 
0 0 0 0 0 0 0 1 0 0 
0 0 0 0 0 0 1 0 0 0 
0 0 0 0 0 1 0 0 0 0 
0 0 0 0 0 0 0 1 0 0 
0 0 0 0 0 1 0 0 0 0 
0 0 0.494855 0 0.505145 0 0 0 0 0 
0 0 0 1 0 0 0 0 0 0 
0 0 0 0 0 0 0 0 0 1 
0 0 0 0 0 1 0 0 0 0 
0 0.363914 0 0.375351 0 0 0.260735 0 0 0 
0 0 1 0 0 0 0 0 0 0 
0 0 0 0 1 0 0 0 0 0 
0 0 1 0 0 0 0 0 0 0 
0 1 0 0 0 0 0 0 0 0 
0 0 0 0 0 0 0 0 0 1 
0 0 0 0 1 0 0 0 0 0 
1 0 0 0 0 0 0 0 0 0 
0 0 0.296813 0 0.314938 0 0 0 0 0.388249 
0 0 0 0 0 0 1 0 0 0 
0 0 0 0 1 0 0 0 0 0 
1 0 0 0 0 0 0 0 0 0 
0 0 0 0 0 0 0 0 0 1 
1 0 0 0 0 0 0 0 0 0 
1 0 0 0 0 0 0 0 0 0 
0 0.285268 0 0 0 0.714732 0 0 0 0 
0 0 0 0 1 0 0 0 0 0 
0 0 0 1 0 0 0 0 0 0 
0 0 0 0 0 0 1 0 0 0 
0 0 0 0 0 0 1 0 0 0 
0 0 0 0 0 0 0 0 0 1 
0 0 0 0 0 0 1 0 0 0 
0 0 1 0 0 0 0 0 0 0 
0 0 0 1 0 0 0 0 0 0 
0 0 0.496217 0 0 0.503783 0 0 0 0 
0 0 0 0 0 0 1 0 0 0 
1 0 0 0 0 0 0 0 0 0 
0 0 0 0 1 0 0 0 0 0 
0 1 0 0 0 0 0 0 0 0 
0 0 0 0 0 0 0 0 0 1 
0 0 1 0 0 0 0 0 0 0 
0 0 0 0.343363 0 0 0.371545 0.194669 0.090423 0 
0 0 0 0 1 0 0 0 0 0 
0 0 0 0 1 0 0 0 0 0 
0 0 1 0 0 0 0 0 0 0 
0 0 0 0 0 0 0 0 1 0 
0 0 0 0 0 0 0 1 0 0 
0 0 0 0 0 1 0 0 0 0 
0 0 1 0 0 0 0 0 0 0 
0 0 0 0 0 1 0 0 0 0 
0 0 0 0 0 0 0 0 1 0 
0 1 0 0 0 0 0 0 0 0 
0 0 0 0 0 0 0 0 1 0 
0 0 0 0 0 0 0 0 0 1 
0 1 0 0 0 0 0 0 0 0 
0 1 0 0 0 0 0 0 0 0 
0 0 0 0 0 0.600742 0 0 0 0.399258 
1 0 0 0 0 0 0 0 0 0 
0 0 0 0.462151 0 0 0 0 0 0.537849 
0 0 0 0 1 0 0 0 0 0 
0 0.118988 0 0 0 0 0.48853 0 0 0.392482 
0.681108 0 0 0 0 0 0 0 0.318892 0 
0 0 0 0 0 0 0.499334 0 0 0.500665 
0 0 0 0 1 0 0 0 0 0 
0 0 0.162134 0.837866 0 0 0 0 0 0 
0 0 0 0 0 0 1 0 0 0 
0 0 1 0 0 0 0 0 0 0 
1 0 0 0 0 0 0 0 0 0 
0 0 0 0 0.32571 0 0 0.67429 0 0 
0 0.779424 0 0 0 0 0 0 0.220576 0 
0 0 0 0 0 0 0 0 0 1 
0 1 0 0 0 0 0 0 0 0 
0 0 0 0 0 0 0.771553 0 0.228447 0 
0 0 0 1 0 0 0 0 0 0 
0 0 0 0 0 0 0 0.504463 0 0.495537 
0 0 0 0 0 0 0 1 0 0 
0 1 0 0 0 0 0 0 0 0 
0 0 0 0 0 0 0 0.793111 0.206889 0 
0 0 0 0 0 0 0 0 0 1 
0 0 1 0 0 0 0 0 0 0 
0 0 1 0 0 0 0 0 0 0 
0 0 0 1 0 0 0 0 0 0 
0 0 0 0 0 0 0 0 1 0 
0 0 0 0 0 1 0 0 0 0 
0 0 0 0 0.502793 0 0 0 0.497207 0 
0 0 0 0 0 0 0 0 0 1 
0 0 0 0 0 0 0 0 0 1 
0 0 0 1 0 0 0 0 0 0 
0 0 1 0 0 0 0 0 0 0 
1 0 0 0 0 0 0 0 0 0 
0 0 0 0 1 0 0 0 0 0 
0 0 0 0 1 0 0 0 0 0 
0 0 0 1 0 0 0 0 0 0 
0 0 0 0 0 0 0 1 0 0 
0 0 0 0 1 0 0 0 0 0 
0 0 0 0 0 0 1 0 0 0 
0 0 0 0 0 0 0 0 0 1 
0.531918 0.468082 0 0 0 0 0 0 0 0 
0 0 0 1 0 0 0 0 0 0 
0 1 0 0 0 0 0 0 0 0 
0 0 1 0 0 0 0 0 0 0 
0 0 1 0 0 0 0 0 0 0 
0 1 0 0 0 0 0 0 0 0 
1 0 0 0 0 0 0 0 0 0 
0 1 0 0 0 0 0 0 0 0 
0 0 0 0 1 0 0 0 0 0 
0 0 0 0 0 0 0 0 1 0 
0 0.322401 0 0 0 0.677599 0 0 0 0 
1 0 0 0 0 0 0 0 0 0 
0 0 0 0 0 0 1 0 0 0 
0.652624 0 0 0 0 0 0 0 0.347376 0 
0 1 0 0 0 0 0 0 0 0 
0 0 1 0 0 0 0 0 0 0 
0 0 0 0 0 0 1 0 0 0 
0 0 0 0 0 0 0 0 0 1 
0 0 0 0 1 0 0 0 0 0 
0 0 0 0 0 0 0 0 1 0 
0 0 0 0 1 0 0 0 0 0 
0 1 0 0 0 0 0 0 0 0 
0 0 0 0 0 1 0 0 0 0 
0 0 0 0.397775 0 0 0.602225 0 0 0 
0 0 0 0 0 0 0.264094 0 0.735906 0 
0 0.32144 0 0 0 0 0 0 0.67856 0 
0 0 0 0 0 0 0 1 0 0 
0 0 0 0 0 0 0 0 1 0 
0 0 0 0 1 0 0 0 0 0 
0 0 0 0 0 0 0 1 0 0 
0 0 0 0 0 1 0 0 0 0 
0 0 0 0 0 0 0 0 0 1 
0 0 0 0 0 0.560693 0 0.439307 0 0 
0 0 0 0 0 0 0 0 0 1 
1 0 0 0 0 0 0 0 0 0 
0 0 0 0 0 1 0 0 0 0 
0 0 0 0 0 0 0 0 1 0 
0 0 0.280942 0 0 0 0 0 0 0.719058 
0 0 0 0 0 0 0 0 1 0 
0 0 0 1 0 0 0 0 0 0 
0 1 0 0 0 0 0 0 0 0 
0 0 0 0 0 0 1 0 0 0 
1 0 0 0 0 0 0 0 0 0 
0 0 0 1 0 0 0 0 0 0 
0 1 0 0 0 0 0 0 0 0 
1 0 0 0 0 0 0 0 0 0 
1 0 0 0 0 0 0 0 0 0 
0 0 0 0 0 0 0 0 1 0 
0 0 0 0 0 0 0.315939 0 0.684062 0 
0 0 0 0 1 0 0 0 0 0 
0 0 0 0 0 1 0 0 0 0 
0 0 0 1 0 0 0 0 0 0 
0 0 0 0 0 0 1 0 0 0 
0 0 0 0 0 0 0 1 0 0 
0 0 0 0 0 0 0 0 0 1 
0 0 1 0 0 0 0 0 0 0 
0.480915 0.519085 0 0 0 0 0 0 0 0 
0 0 0 0.51559 0 0 0 0 0 0.48441 
0 0 0 1 0 0 0 0 0 0 
0 0 0 0 0 0 0 0.624484 0.375516 0 
0 0 0 0 1 0 0 0 0 0 
0 1 0 0 0 0 0 0 0 0 
0 0 0 0 0 0 0 0 1 0 
0 0 0 0 0 0 0 0 0 1 
0 0 0 0 0 0 1 0 0 0 
0 0 0 0 0 0.530318 0.469682 0 0 0 
0 0 0 0 1 0 0 0 0 0 
0 0 0 0 0 1 0 0 0 0 
0 0 0 1 0 0 0 0 0 0 
0 0 0 0 0 0 1 0 0 0 
0 0 0.239487 0.760513 0 0 0 0 0 0 
0 0.561682 0 0 0.438318 0 0 0 0 0 
0 0 0 0 0 0 1 0 0 0 
0 0 0 0 0 0 0 1 0 0 
0 0 0 0 0 0 0 0 1 0 
0 0 0 0 1 0 0 0 0 0 
0 0 0 1 0 0 0 0 0 0 
0 0 0 0 0 0 1 0 0 0 
0 0 0 0 0 1 0 0 0 0 
0 0 0 0 0 0 0 0 1 0 
0 0.367754 0 0 0 0 0.459444 0 0 0.172802 
0 0.475528 0 0 0.524472 0 0 0 0 0 
0 0 0 0 1 0 0 0 0 0 
0 0 0 0 0 0 1 0 0 0 
0 0 0 1 0 0 0 0 0 0 
0 1 0 0 0 0 0 0 0 0 
0.535138 0 0 0 0 0.464862 0 0 0 0 
0 0 1 0 0 0 0 0 0 0 
0.291925 0 0 0 0 0 0 0.708075 0 0 
0 0 0 0 0 0 0 1 0 0 
0 0 0 0 0 0.264566 0 0.735434 0 0 
0 1 0 0 0 0 0 0 0 0 
0 0 0 0 0 0 0 0 1 0 
1 0 0 0 0 0 0 0 0 0 
0 0 0 0 0 1 0 0 0 0 
0 0.396819 0 0 0 0 0.603181 0 0 0 
0 0 0 1 0 0 0 0 0 0 
0 1 0 0 0 0 0 0 0 0 
0 1 0 0 0 0 0 0 0 0 
0 0 0 0 0 1 0 0 0 0 
0 0.730211 0 0 0 0 0.269788 0 0 0 
0 0 1 0 0 0 0 0 0 0 
0 0 0 1 0 0 0 0 0 0 
0 0 0 0 0 0 0 0 0 1 
0 0 0 0 0 0 1 0 0 0 
0 0 0 1 0 0 0 0 0 0 
0 0 0 0 0 0 0 0 0 1 
0 1 0 0 0 0 0 0 0 0 
0 0 0 1 0 0 0 0 0 0 
0 1 0 0 0 0 0 0 0 0 
0 0.724305 0 0 0 0 0 0.275695 0 0 
0 0 0 0 1 0 0 0 0 0 
0 0 0 0 0 0 0 0 1 0 
0 0 0 1 0 0 0 0 0 0 
0 0 0 0 0 1 0 0 0 0 
0 0 0 0 0 0 1 0 0 0 
0 0 0.519275 0 0 0 0.480725 0 0 0 
0 0 0 0 0 0.221256 0 0 0.778744 0 
0 0 0 0 1 0 0 0 0 0 
0 0 0 1 0 0 0 0 0 0 
0 0 0 0 0 1 0 0 0 0 
0 0 0 1 0 0 0 0 0 0 
0 0 1 0 0 0 0 0 0 0 
0 0 1 0 0 0 0 0 0 0 
0 0 0 0 0 0 0 1 0 0 
0 0 0 1 0 0 0 0 0 0 
0 0 1 0 0 0 0 0 0 0 
0 0 0 0 1 0 0 0 0 0 
0 0 0 0 1 0 0 0 0 0 
0 1 0 0 0 0 0 0 0 0 
0 0 0 0 0 0 1 0 0 0 
0 0 0 0 0 0 1 0 0 0 
0 0.504114 0 0 0 0 0 0.495886 0 0 
0 0 1 0 0 0 0 0 0 0 
0 0 0 1 0 0 0 0 0 0 
0 0 1 0 0 0 0 0 0 0 
0 0 0 1 0 0 0 0 0 0 
0 0 0 1 0 0 0 0 0 0 
0 0.674947 0 0.182165 0 0 0.142888 0 0 0 
0 1 0 0 0 0 0 0 0 0 
0.545323 0 0 0 0.454677 0 0 0 0 0 
0 0.594414 0 0 0 0 0 0.405586 0 0 
0 0 1 0 0 0 0 0 0 0 
0 0 0 1 0 0 0 0 0 0 
0 0 0 0 0 0.192241 0 0 0 0.807759 
0 0 0 0 0 0 0 1 0 0 
0 0 0 1 0 0 0 0 0 0 
0 0 0 0 0 0 0 0 1 0 
0 0 0 0 0 0 0 0 0 1 
0 0 1 0 0 0 0 0 0 0 
0 0 0 0 0 0 1 0 0 0 
0 1 0 0 0 0 0 0 0 0 
0 1 0 0 0 0 0 0 0 0 
0 0 0 0 0 1 0 0 0 0 
1 0 0 0 0 0 0 0 0 0 
1 0 0 0 0 0 0 0 0 0 
0 1 0 0 0 0 0 0 0 0 
0 0 0 1 0 0 0 0 0 0 
1 0 0 0 0 0 0 0 0 0 
0 0 1 0 0 0 0 0 0 0 
0 0 1 0 0 0 0 0 0 0 
0 0 0 0 0 1 0 0 0 0 
0 0 0 0 1 0 0 0 0 0 
0 0 0 0 0 1 0 0 0 0 
0 0 0 0 1 0 0 0 0 0 
0 0 0 0 0 0 0 1 0 0 
0 0 1 0 0 0 0 0 0 0 
0 1 0 0 0 0 0 0 0 0 
0 0 1 0 0 0 0 0 0 0 
0 0 0 0 0 0 1 0 0 0 
0 0 0 0 1 0 0 0 0 0 
0 0 0 0 1 0 0 0 0 0 
0 0 0 0 0 0.678463 0 0 0.321537 0 
1 0 0 0 0 0 0 0 0 0 
0 0 0 0 1 0 0 0 0 0 
0 0 0 0 0 0 1 0 0 0 
0 0 0 1 0 0 0 0 0 0 
0 0 0.459881 0 0 0 0 0.540119 0 0 
0 0 0 0 0 1 0 0 0 0 
0 0 1 0 0 0 0 0 0 0 
0 0 0 0 0 0 1 0 0 0 
0.121023 0.878977 0 0 0 0 0 0 0 0 
0 0 0 0 0 0 0 1 0 0 
0 0 0.16618 0.83382 0 0 0 0 0 0 
1 0 0 0 0 0 0 0 0 0 
0 0 0.623682 0 0.376318 0 0 0 0 0 
0 0 0 0 0 0 1 0 0 0 
0.666979 0 0 0 0 0 0 0 0 0.333021 
0 0 0 0 0 0 0 1 0 0 
0 0 0 0 0 0 0 0 1 0 
0 0 1 0 0 0 0 0 0 0 
0 0.227967 0 0.17024 0 0 0 0 0 0.601793 
0 0 0.407133 0 0 0 0.592867 0 0 0 
0 0 0.741957 0.258043 0 0 0 0 0 0 
1 0 0 0 0 0 0 0 0 0 
0 0 0.605497 0 0.394503 0 0 0 0 0 
0 0 0 0 0 1 0 0 0 0 
0 0 0 0 0 1 0 0 0 0 
0 0 0 0 0 0 1 0 0 0 
0 0 0 1 0 0 0 0 0 0 
0 0 0 0 0 0 1 0 0 0 
0 1 0 0 0 0 0 0 0 0 
0 0 0 0 0 0 0 1 0 0 
0 0 0 0 1 0 0 0 0 0 
0 1 0 0 0 0 0 0 0 0 
0 0 0 0 0 0 1 0 0 0 
0 0 0 0 0 0 0 1 0 0 
0 0 0 0 0 0 0 0 0 1 
0 0 0 0 0 0 0 1 0 0 
0 0 0 0 0 0.511389 0 0.488611 0 0 
0 0 0 0 0 0 0 0 0 1 
0 0 0 0 1 0 0 0 0 0 
0 1 0 0 0 0 0 0 0 0 
0 0 0 0 0 0 0 1 0 0 
0 0 0 0 0 0 1 0 0 0 
0 0 0 0 1 0 0 0 0 0 
0 0 0 0 0 0 0 0 0 1 
0 0 0 0 0 0 0.530838 0 0 0.469162 
0 0 0 0 0 0 0 1 0 0 
0 1 0 0 0 0 0 0 0 0 
0 0 0 0 1 0 0 0 0 0 
0 0 1 0 0 0 0 0 0 0 
0 0 0 0 0.329593 0.670407 0 0 0 0 
0 0 0 0 0 0.236646 0 0 0 0.763354 
0.795112 0 0 0 0 0.204888 0 0 0 0 
0 0 0 0 0 0 0 0 0 1 
0 0 0 0 0 0.355652 0 0 0.644348 0 
0 0 0 0 0 0 0 0 0 1 
0 0 1 0 0 0 0 0 0 0 
0 0 0 0 0 0 0 1 0 0 
0 0 0 0 0 0 0 0 0 1 
0 0 0 1 0 0 0 0 0 0 
0 0 0 0 0 0 0 0 0.14512 0.85488 
0 0 0 0 0 0 1 0 0 0 
0 1 0 0 0 0 0 0 0 0 
0 0 0 1 0 0 0 0 0 0 
0 0 0 0 0 0 0 1 0 0 
0 0 0 0 0 0 0 1 0 0 
0 0 0 0 0 0 0 0 1 0 
0 0 0 1 0 0 0 0 0 0 
0 0 0 1 0 0 0 0 0 0 
0 0 0 0 0 0 0 0 0 1 
0 0 0 0 0 0 0 1 0 0 
1 0 0 0 0 0 0 0 0 0 
0 0 0 0 0 0 0 1 0 0 
0 0 0 0 0 0 0 0 0 1 
1 0 0 0 0 0 0 0 0 0 
0 0 0 0 0 0 1 0 0 0 
0 0 0 1 0 0 0 0 0 0 
0 0 0 1 0 0 0 0 0 0 
0 0 0.431371 0 0 0 0 0 0 0.568629 
0.170163 0 0 0 0 0 0 0.829837 0 0 
0 0 0 1 0 0 0 0 0 0 
0 1 0 0 0 0 0 0 0 0 
0 1 0 0 0 0 0 0 0 0 
0 0 0 0 0 0 1 0 0 0 
0 0 0.533029 0 0 0 0 0 0 0.466971 
0 0 0 0 0 0 1 0 0 0 
0 0 0 0 0 1 0 0 0 0 
0 0 0 0 0 0 1 0 0 0 
0 0 0 0 0 1 0 0 0 0 
0.616997 0 0 0 0 0 0 0 0.383003 0 
0 0 0 0 0 0 0 0 0 1 
0 0 0 1 0 0 0 0 0 0 
0.340411 0.659589 0 0 0 0 0 0 0 0 
0 0 0 0 0 0 0 1 0 0 
0 0 0 0 1 0 0 0 0 0 
0 0 0 1 0 0 0 0 0 0 
0 0 0 0 0 0 1 0 0 0 
1 0 0 0 0 0 0 0 0 0 
0 1 0 0 0 0 0 0 0 0 
0 0 0 1 0 0 0 0 0 0 
0 0 0 1 0 0 0 0 0 0 
0 0 0 0 0 0 1 0 0 0 
0 0 0 0 0 0 0 1 0 0 
0 0 0.373012 0 0 0 0.626988 0 0 0 
1 0 0 0 0 0 0 0 0 0 
0 0 0 0 0 0 0 0 1 0 
1 0 0 0 0 0 0 0 0 0 
0 0 0 1 0 0 0 0 0 0 
0 0 0 0 0.740902 0 0 0 0 0.259098 
0 0 0 0 0 1 0 0 0 0 
0.449008 0 0 0 0 0 0 0 0 0.550992 
0 0 1 0 0 0 0 0 0 0 
0 0 0 0 0 1 0 0 0 0 
0 0 0 0 1 0 0 0 0 0 
0 0 0 0 0 0 0 0 0 1 
0 0 0 0 0 0 0 1 0 0 
0 0 0 0 0 0 0 1 0 0 
0 0 1 0 0 0 0 0 0 0 
0 0 0 0 0 0 0 1 0 0 
0 0 0 0 0 0 0.51715 0.48285 0 0 
0 0 0 0 0 0 0.172916 0 0.827084 0 
0 0 0 0 0 0 0 1 0 0 
0 0 0 0 0 0 0 0 1 0 
1 0 0 0 0 0 0 0 0 0 
0 1 0 0 0 0 0 0 0 0 
0 0 1 0 0 0 0 0 0 0 
0 0 0 0 0 1 0 0 0 0 
0 0 0 0 0 0 0 0.248599 0 0.751401 
0 0 0 0 0 0 0 0 1 0 
0 0 0 0 0 0 0 1 0 0 
0.429845 0 0 0 0 0 0 0.570155 0 0 
0 0.767697 0 0.232303 0 0 0 0 0 0 
0 0 0 0 0 0 0 0 1 0 
0 0.130727 0.869273 0 0 0 0 0 0 0 
