5 500
0.348632
0.550557
0.63281
0.74049
0.647605
11.6507 0.279054
11.5539 0.154124
11.0086 0.480049
10.9131 0.605075
10.6441 0.330205
10.5951 0.196919
10.4529 0.429747
10.2473 0.698824
10.2345 0.131084
10.0682 1.03693
10.0606 0.65965
10.0445 0.693089
9.86687 0.696196
9.8499 0.533093
9.7501 0.366693
9.70946 0.197947
9.70313 0.378511
9.57653 0.49678
9.52584 1.31369
9.31605 0.109604
9.30912 0.453553
9.30393 1.09689
9.25655 0.402623
9.22229 0.507833
9.1181 0.217779
9.11701 0.210799
9.02111 0.389931
9.00305 1.53596
9.00242 1.07539
8.81702 1.10635
8.79632 1.58331
8.76355 0.39654
8.75278 0.686806
8.52899 1.57428
8.51281 1.2077
8.49629 1.27237
8.33783 2.10375
8.29524 0.802726
8.28434 0.953914
8.23165 0.219139
8.21459 0.719739
8.09595 1.68925
8.09337 0.499708
8.05035 0.566153
8.04429 0.474727
8.00204 0.422957
7.91236 0.436967
7.85701 2.48357
7.82354 1.14515
7.81588 1.75317
7.80817 1.62473
7.78737 0.638632
7.75404 0.997091
7.71942 0.658278
7.70121 0.436738
7.58725 1.16007
7.54824 0.214793
7.4868 1.83516
7.4498 1.22661
7.30469 1.39458
7.30331 1.43739
7.29822 1.07319
7.22796 1.20364
7.19219 0.456991
7.17154 2.00736
7.16781 1.72752
7.15321 1.35977
7.14725 1.95709
7.13554 1.88998
7.13404 1.75807
7.09233 1.53596
7.09169 2.00454
7.08519 2.58427
7.07301 1.77714
7.07121 1.73006
7.05203 1.1226
7.04421 1.9082
7.01952 1.97709
6.98087 1.77715
6.8059 0.964952
6.8019 1.50398
6.77871 2.22732
6.77635 0.65984
6.76686 1.55104
6.7199 0.589273
6.69263 1.32913
6.58126 2.58353
6.54589 1.87883
6.53621 1.64584
6.50884 2.15805
6.49646 2.09643
6.44937 2.7276
6.431 1.40443
6.42066 0.917887
6.3707 2.35286
6.34107 2.94957
6.32699 2.12807
6.32516 2.02769
6.2932 2.02273
6.28907 1.73824
6.1423 2.33777
6.12719 2.36069
6.09152 1.20605
5.9995 1.37321
5.97287 1.38098
5.95639 2.53358
5.88641 2.27473
5.8829 1.90926
5.84344 2.74662
5.83865 1.82232
5.83503 2.95311
5.83389 1.39529
5.7991 1.85001
5.78271 3.77631
5.77735 2.54373
5.76778 2.05942
5.70635 1.8477
5.70034 2.88215
5.66602 3.19776
5.63379 2.70266
5.62957 1.22902
5.60235 2.73162
5.59333 2.95596
5.5723 3.08016
5.52522 2.59009
5.51935 1.65114
5.51649 2.53834
5.51078 2.95328
5.4745 3.31585
5.46006 3.69782
5.43567 2.52708
5.42551 2.4528
5.40885 2.29144
5.35276 2.06946
5.34913 3.68061
5.26972 2.1021
5.25928 1.57832
5.25618 2.1987
5.13013 1.94286
5.09123 2.39401
5.08904 1.69494
5.02989 1.92822
5.01612 2.50773
4.97485 4.25354
4.94642 3.61987
4.91065 2.76275
4.86414 3.84119
4.82966 2.47502
4.8292 2.5168
4.82042 2.78102
4.80052 2.38132
4.78587 2.7994
4.75177 4.32766
4.63827 3.22237
4.62737 3.04775
4.60064 4.50151
4.55947 2.55446
4.54819 3.23451
4.54429 3.27832
4.52548 3.89522
4.51632 4.6218
4.48286 2.55504
4.4797 1.84769
4.4412 2.57758
4.43204 3.42947
4.41598 3.13943
4.39165 3.67935
4.37858 2.8359
4.31731 3.43888
4.31582 3.94166
4.30563 4.492
4.29966 2.93856
4.29787 2.61145
4.27072 4.52786
4.24537 2.26819
4.23838 4.1765
4.22541 3.86812
4.19749 4.04186
4.19681 4.19156
4.18494 3.22899
4.15599 4.07766
4.07045 2.98815
4.05131 2.9574
4.01464 2.67535
3.99203 3.78352
3.97733 3.421
3.92803 3.72817
3.92373 3.05837
3.90332 3.23183
3.90031 2.68583
3.7883 2.73709
3.76017 4.44722
3.73059 3.3751
3.71574 3.32951
3.68721 4.70502
3.64776 3.29476
3.63978 4.00533
3.61821 3.32775
3.58769 4.40578
3.58515 2.87457
3.5542 3.08665
3.52146 4.02896
3.50034 3.8954
3.47713 4.03499
3.46639 3.40448
3.46204 3.03274
3.43461 3.2189
3.41445 4.82448
3.37916 3.45152
3.34116 3.56582
3.33695 3.76932
3.31776 3.66073
3.31559 5.23389
3.30032 3.09039
3.29415 3.63303
3.28794 3.54551
3.22252 5.5225
3.20358 3.61111
3.20127 4.6478
3.18666 3.6665
3.17384 3.65131
3.16439 3.82622
3.14065 3.73375
3.12388 5.22978
3.11258 5.27377
3.10853 3.80935
3.09201 3.89548
3.08722 2.91942
3.04472 4.58782
3.00009 3.21745
2.96402 4.53709
2.96204 4.92842
2.94946 4.50417
2.94363 5.1284
2.89347 4.39398
2.87396 4.24455
2.85958 4.77242
2.85614 4.83706
2.84183 3.27065
2.83902 4.43188
2.836 3.22132
2.82288 3.58628
2.80612 4.54144
2.80605 3.58479
2.79357 3.70138
2.76506 5.68401
2.70083 5.3331
2.69969 4.63225
2.64498 4.67451
2.63487 4.97687
2.60882 5.0084
2.60598 5.29995
2.59792 4.34803
2.59277 3.77967
2.58187 4.83328
2.57449 4.55225
2.54434 5.8949
2.53235 5.19166
2.49216 5.54487
2.48982 5.72989
2.44881 6.07475
2.43269 4.38777
2.38779 5.60969
2.3867 6.21479
2.38511 3.94138
2.37029 4.3615
2.36566 3.66636
2.34739 4.29471
2.32761 3.91485
2.26061 6.03704
2.2573 5.70094
2.24935 3.6749
2.19506 3.49751
2.18833 3.70872
2.16213 6.59397
2.16186 6.82604
2.15303 4.67265
2.12192 6.89328
2.11851 6.36577
2.08418 5.49351
2.07334 6.0817
2.06705 5.37011
2.05995 5.63119
2.05141 6.681
2.04584 6.82773
2.03754 4.84354
2.03097 6.74659
2.02419 5.56566
1.99603 5.18416
1.99075 5.95856
1.99018 5.70352
1.9895 7.05048
1.97217 5.25663
1.96176 6.44881
1.95273 6.8427
1.93939 5.07617
1.9211 6.76208
1.89706 4.61842
1.86797 5.37666
1.85199 6.77723
1.84978 6.50182
1.84623 5.7949
1.83462 7.11717
1.83286 4.87421
1.82917 6.94488
1.78384 5.10317
1.75381 4.65034
1.75227 6.08374
1.75111 4.54794
1.73992 5.59844
1.7216 6.98834
1.72053 4.43307
1.71004 4.54137
1.67295 4.33945
1.66954 4.46755
1.63963 7.1861
1.62785 5.73094
1.58223 5.6691
1.57969 5.00962
1.56237 6.53275
1.55665 5.76076
1.49425 7.45129
1.47829 7.55685
1.42788 5.56388
1.41916 7.35549
1.41079 6.46196
1.40941 7.20199
1.39299 6.20863
1.37803 6.1038
1.37387 5.03207
1.30139 7.94736
1.29414 5.88284
1.28492 5.11382
1.28314 5.68142
1.27676 5.4444
1.23683 6.68916
1.21377 8.24425
1.20958 8.34793
1.19131 4.75058
1.19095 4.62952
1.16918 7.62808
1.13575 7.20193
1.11772 5.9572
1.10889 8.15581
1.09908 6.33843
1.08647 5.04761
1.07857 8.38586
1.06005 6.38293
1.04721 5.35338
1.03197 6.02367
1.0231 7.58273
1.01706 5.61996
0.992447 6.48427
0.983543 7.56223
0.981623 6.65203
0.976189 8.15442
0.944853 6.06306
0.943501 6.32387
0.936356 7.90823
0.93574 8.05877
0.929445 6.07783
0.906963 5.69436
0.883011 8.35029
0.861015 6.13794
0.85951 6.73934
0.850698 7.92836
0.823788 6.7507
0.802277 6.07615
0.794518 8.36282
0.787939 6.69523
0.785604 6.72634
0.754973 6.76365
0.746117 5.71454
0.745187 5.81038
0.744882 8.56423
0.714855 5.61925
0.701566 7.22192
0.677568 9.38058
0.669427 6.78301
0.626048 7.48587
0.610095 8.43983
0.584539 9.00582
0.582636 7.35844
0.547393 6.73685
0.544498 8.19711
0.528022 6.82112
0.521726 6.03701
0.520819 6.22625
0.520107 5.79446
0.517673 7.72007
0.508774 6.61882
0.48869 8.69511
0.484488 7.91777
0.479603 9.0109
0.478195 8.55857
0.478167 9.00137
0.473456 9.31
0.469377 8.17244
0.467101 5.86412
0.462903 6.35905
0.457207 7.40347
0.444177 6.74952
0.422971 6.67826
0.417823 6.10854
0.414228 6.8381
0.412971 6.6415
0.404813 6.98565
0.377278 6.96596
0.374536 8.46345
0.363426 8.43319
0.358271 8.85313
0.355721 9.83368
0.349592 7.59665
0.344744 6.42384
0.340811 9.31044
0.337028 8.93747
0.332938 8.20233
0.314577 8.57616
0.309605 9.37676
0.29423 7.27128
0.282878 8.58938
0.281272 9.47758
0.274707 6.53067
0.266577 9.60186
0.260109 7.44135
0.255157 7.44489
0.254734 9.57087
0.250001 8.59555
0.244614 7.29986
0.236953 6.68107
0.221967 7.52591
0.217464 9.63227
0.211774 9.27427
0.203098 10.516
0.199622 8.63755
0.196061 7.46341
0.194879 10.0867
0.193952 6.85013
0.193114 9.53993
0.189621 9.62639
0.183444 8.26743
0.170926 8.02209
0.162989 10.1188
0.162757 9.17733
0.159536 6.69213
0.155959 6.87584
0.15382 7.57644
0.146136 9.61291
0.129661 10.7294
0.127857 7.02076
0.114306 9.19898
0.111197 7.81447
0.104556 8.63257
0.0968926 6.80241
0.0871872 7.14968
0.0846195 9.49437
0.0800836 9.19809
0.0745761 8.67151
0.0710879 10.2238
0.0693428 9.08913
0.0688709 10.3679
0.0673709 7.82238
0.0659354 8.95829
0.0636778 7.22477
0.0630546 7.42787
0.0584615 7.1908
0.0534512 10.8892
0.0486539 11.5293
0.0415839 9.67255
0.0405479 8.81235
0.0389736 8.76224
0.0363103 10.8941
0.0292638 9.3305
0.0288546 8.07047
0.0282556 7.13747
0.0264434 7.6705
0.0242079 9.16638
0.0228298 8.15153
0.0220945 10.3356
0.0181337 9.76684
0.0173578 11.0904
0.0135412 7.62724
0.0131687 9.87186
0.0119666 11.962
0.0113247 11.0276
0.0108705 9.5869
0.010361 11.5122
0.00850483 7.79204
0.00794889 9.6268
0.00762406 8.96241
0.00726931 11.9407
0.00722543 7.54163
0.00457131 8.9128
0.00455414 10.3417
0.00362061 7.83822
0.00279113 9.53074
0.00255871 10.8294
0.00241442 9.39984
0.00241088 9.71272
0.00115538 8.77021
0 1 0 0 0 
1 0 0 0 0 
1 0 0 0 0 
0.842745 0.157255 0 0 0 
0 0 0 0 1 
0 0 1 0 0 
0 0 0 1 0 
0 1 0 0 0 
0 0.217609 0.782391 0 0 
0 0 0 0 1 
0 0 0 1 0 
0 0 0 1 0 
0 0 0 0 1 
0 1 0 0 0 
0 0 0.164467 0 0.835533 
0 1 0 0 0 
1 0 0 0 0 
0 0 1 0 0 
0 0 1 0 0 
0 0 0 0 1 
0 1 0 0 0 
0 0.902537 0 0.0974632 0 
0 0 0 0 1 
0 0 1 0 0 
0 1 0 0 0 
1 0 0 0 0 
0 0 0 1 0 
1 0 0 0 0 
1 0 0 0 0 
0 1 0 0 0 
0 0 1 0 0 
0 1 0 0 0 
0.689271 0 0 0.310729 0 
0 0 0 1 0 
0 0 0.55078 0.44922 0 
0 0 0 0 1 
0 0 0 1 0 
0 0 0 0 1 
0 0 1 0 0 
0 0 0 0 1 
0 0 0.216584 0.783416 0 
0 0 0 1 0 
0 0 1 0 0 
0 0 0 0.479774 0.520226 
0 1 0 0 0 
1 0 0 0 0 
0 0 0 0 1 
0.633389 0 0 0.366611 0 
0 0 1 0 0 
0 0 1 0 0 
0 1 0 0 0 
0 0 0.819295 0 0.180705 
0 0 0 0 1 
0 0 0 1 0 
1 0 0 0 0 
1 0 0 0 0 
0 0 1 0 0 
0 1 0 0 0 
0 0 1 0 0 
0 0 0 1 0 
0 1 0 0 0 
0 0 1 0 0 
0 0.661549 0 0 0.338451 
1 0 0 0 0 
0 0 0 1 0 
0 0 0 1 0 
0 0 0 0 1 
1 0 0 0 0 
0 1 0 0 0 
1 0 0 0 0 
0 0 1 0 0 
1 0 0 0 0 
1 0 0 0 0 
0 1 0 0 0 
0 0 1 0 0 
0 0 1 0 0 
0 0 0 0 1 
0 0 0 0 1 
0 0 0 1 0 
1 0 0 0 0 
0 0 0 1 0 
0 1 0 0 0 
0 1 0 0 0 
0 0.424189 0.575811 0 0 
0 1 0 0 0 
0 0 0 0.448032 0.551968 
0 0 1 0 0 
1 0 0 0 0 
0 1 0 0 0 
0 1 0 0 0 
0 1 0 0 0 
0 0 1 0 0 
0 0 0 1 0 
0 1 0 0 0 
0 0 1 0 0 
0 0 0 0.532718 0.467282 
1 0 0 0 0 
0 0 0.49827 0.50173 0 
0 0 0 1 0 
0 0 0 0 1 
0 1 0 0 0 
1 0 0 0 0 
0 0 0 1 0 
0 0.417329 0 0 0.582671 
0 1 0 0 0 
0 0 0 0 1 
0 1 0 0 0 
0 0.383442 0 0.616557 0 
0 0 0 0 1 
0 1 0 0 0 
1 0 0 0 0 
0 0 0 1 0 
0 0 1 0 0 
0 0 1 0 0 
0 0 1 0 0 
0.544917 0 0 0.455083 0 
0 1 0 0 0 
0 0 0 1 0 
0 1 0 0 0 
1 0 0 0 0 
0 0 0 1 0 
1 0 0 0 0 
0 0 1 0 0 
0 0 0 0 1 
0 0 0 1 0 
0 0 0 0 1 
0 0 0.588364 0 0.411636 
0 0.271484 0 0 0.728516 
1 0 0 0 0 
1 0 0 0 0 
0 0 0 0 1 
0 0 0 1 0 
0 1 0 0 0 
0.46983 0.53017 0 0 0 
0 0 1 0 0 
0.363379 0 0.636621 0 0 
0 1 0 0 0 
0.751348 0.248652 0 0 0 
1 0 0 0 0 
1 0 0 0 0 
0 0 1 0 0 
0 1 0 0 0 
0 0 1 0 0 
0 0 0 0 1 
0 0 0 1 0 
0 0 1 0 0 
1 0 0 0 0 
0 0 0 1 0 
0 0 1 0 0 
1 0 0 0 0 
0 0 0 0 1 
0 1 0 0 0 
0 0 1 0 0 
0 0 0 1 0 
0 0 1 0 0 
0 1 0 0 0 
0 0 0 1 0 
0 0 0.727764 0 0.272236 
0 0 0 0 1 
0 0 0 0 1 
0 0 0 1 0 
1 0 0 0 0 
0 0 0 1 0 
0 1 0 0 0 
0.276033 0 0.723967 0 0 
0 1 0 0 0 
0 0 0.559329 0.440671 0 
0 0 1 0 0 
1 0 0 0 0 
0 0 0 1 0 
0 0 0 0 1 
0.524795 0 0 0.475205 0 
0 0 0 1 0 
0 0 0.297575 0.377743 0.324682 
0 0 1 0 0 
0 1 0 0 0 
0 1 0 0 0 
1 0 0 0 0 
0 1 0 0 0 
0.456298 0.543702 0 0 0 
0 0 0 0 1 
0.398462 0 0 0.601538 0 
1 0 0 0 0 
0 0 0 1 0 
0 0 0 0 1 
0 0 0 0 1 
0 0 1 0 0 
0 0 1 0 0 
0 1 0 0 0 
0 0 0 1 0 
1 0 0 0 0 
0 0.533004 0 0 0.466996 
0 0 1 0 0 
0 1 0 0 0 
0 0 0 0.342657 0.657343 
0 0 1 0 0 
0.686484 0 0.313516 0 0 
0 0 1 0 0 
0 1 0 0 0 
0 0 0.319462 0 0.680538 
0 0 0 1 0 
1 0 0 0 0 
1 0 0 0 0 
0 1 0 0 0 
0 0 0.830548 0.169452 0 
0 1 0 0 0 
1 0 0 0 0 
0 1 0 0 0 
0 0 0 0 1 
0 0 0.708028 0.291972 0 
0 1 0 0 0 
0.718239 0 0 0.281761 0 
0 0 0 1 0 
0 0 1 0 0 
0 1 0 0 0 
0 0.56546 0 0.43454 0 
0 1 0 0 0 
1 0 0 0 0 
0 0 0 1 0 
0 0 0 1 0 
0 0 0 1 0 
0 0 1 0 0 
0 0.110439 0.889561 0 0 
0 0 1 0 0 
0 0 1 0 0 
0 1 0 0 0 
0 0 0 0.81683 0.18317 
1 0 0 0 0 
0 1 0 0 0 
0.47822 0 0 0.52178 0 
0 0 1 0 0 
0 0 0 1 0 
0 0.842471 0 0.157529 0 
1 0 0 0 0 
0 0 1 0 0 
0.683226 0 0.316774 0 0 
0.579459 0 0 0 0.420541 
0 0 0 0 1 
0.628776 0 0 0 0.371224 
0 0 0 0 1 
1 0 0 0 0 
1 0 0 0 0 
0 0.522479 0.477521 0 0 
0 0 0 1 0 
0 0 0 0 1 
0 1 0 0 0 
0 1 0 0 0 
1 0 0 0 0 
0 0 0 0 1 
0 0 0 1 0 
1 0 0 0 0 
0 0 1 0 0 
0 1 0 0 0 
0 0 1 0 0 
0 0 1 0 0 
0 0 0 1 0 
0 1 0 0 0 
0 0 0 1 0 
1 0 0 0 0 
1 0 0 0 0 
0 0 0 0 1 
0 1 0 0 0 
0 1 0 0 0 
0 0 0 0 1 
0 0.270386 0 0.729614 0 
0 0 1 0 0 
0 0 0 1 0 
0 0 0 1 0 
0 1 0 0 0 
0 0.695943 0.304057 0 0 
0 0 0.219446 0.780554 0 
0 0 1 0 0 
0 0 0 0 1 
0 0 0.525449 0.474551 0 
0 0 1 0 0 
1 0 0 0 0 
0 0 0 0 1 
0 0 1 0 0 
0 0 0 1 0 
0 0 1 0 0 
0 0 0 0.753951 0.246049 
1 0 0 0 0 
1 0 0 0 0 
0 0 0 0 1 
1 0 0 0 0 
1 0 0 0 0 
0 1 0 0 0 
0 1 0 0 0 
0 0 0 0.842996 0.157004 
0 1 0 0 0 
0 0.458415 0 0 0.541585 
0 0 0 1 0 
0 0 0 0 1 
0 0 1 0 0 
0 0 0 1 0 
0 0 0 0 1 
0 1 0 0 0 
1 0 0 0 0 
1 0 0 0 0 
0 0 0.533732 0.466268 0 
0 0.632056 0 0 0.367944 
0 0 0 1 0 
0.572775 0.0989522 0 0 0.328272 
0 0 0 1 0 
0 0 0 1 0 
1 0 0 0 0 
0 0 0 1 0 
0 1 0 0 0 
0 0 0 0.469018 0.530982 
1 0 0 0 0 
1 0 0 0 0 
0.300928 0.399057 0 0 0.300015 
1 0 0 0 0 
0 0 0 1 0 
0 1 0 0 0 
0 1 0 0 0 
0 0 0 0 1 
0 0 0 0 1 
0 0 0 0 1 
0 0 0 0 1 
0 0 0 0 1 
0 0 0 1 0 
0 0 0 1 0 
0 0 0 0 1 
0.618169 0 0 0 0.381831 
0 1 0 0 0 
0 0 0 0 1 
0 0 0.176231 0.823769 0 
0 0 0.139987 0.860013 0 
1 0 0 0 0 
0 1 0 0 0 
1 0 0 0 0 
0 1 0 0 0 
0 1 0 0 0 
0 0 0 1 0 
0 0 0 0 1 
0 1 0 0 0 
1 0 0 0 0 
0 0 0 1 0 
0 0 0 0.449458 0.550542 
0 0 0 0 1 
1 0 0 0 0 
0 1 0 0 0 
0 0 0 0 1 
0 0 1 0 0 
0 0 1 0 0 
0 0 1 0 0 
1 0 0 0 0 
0 0 1 0 0 
1 0 0 0 0 
0 0 0 0 1 
0 0 0 0 1 
0 0 0 1 0 
0 1 0 0 0 
0 0 0 0 1 
0 1 0 0 0 
0 1 0 0 0 
0 0 0 0 1 
0 0.521802 0 0 0.478198 
0 1 0 0 0 
0 0 0 0 1 
0 1 0 0 0 
0 1 0 0 0 
0 0 1 0 0 
0 0 0.600729 0 0.399271 
0.534842 0 0 0.465158 0 
0 0 1 0 0 
0 0 0 0 1 
0 0 0 0 1 
0 0 0 0.524013 0.475988 
0 0 0.612536 0.387464 0 
0 0 0 1 0 
0 0 1 0 0 
0 1 0 0 0 
0 0 1 0 0 
0 0 0 0 1 
0 1 0 0 0 
1 0 0 0 0 
0 0 0 1 0 
0 1 0 0 0 
0 0 0 0 1 
0 1 0 0 0 
0 1 0 0 0 
0 0 0 0 1 
0.460765 0 0.539235 0 0 
0 0 0 1 0 
0.609728 0 0 0 0.390272 
0 0 0 1 0 
1 0 0 0 0 
0 0 0 1 0 
0.480975 0.177931 0 0.341094 0 
0 0 0 0.780611 0.219389 
0 0 0 0.711704 0.288296 
0 0 0 0.628641 0.371359 
0 0 1 0 0 
0 0 0 0 1 
0 0 1 0 0 
0 0 0 0 1 
0.228882 0.771118 0 0 0 
0 0 0 1 0 
0 0 1 0 0 
0 0 0 1 0 
0 0 0 0 1 
0 0 0 1 0 
0 0 0 1 0 
0 0 1 0 0 
1 0 0 0 0 
0 0.419424 0.580576 0 0 
0 0 1 0 0 
0 1 0 0 0 
0 1 0 0 0 
0.329073 0.670927 0 0 0 
0 1 0 0 0 
0 1 0 0 0 
0 1 0 0 0 
0 0 1 0 0 
0 0 1 0 0 
1 0 0 0 0 
0 0 0 0 1 
0 0 1 0 0 
0.561372 0.438628 0 0 0 
0 0 0 0 1 
0 0 0 1 0 
0 1 0 0 0 
0 0 0 1 0 
0 0.361908 0 0 0.638092 
0 0 0 1 0 
0 0 0 0 1 
0 0 0 0 1 
0 0 0 1 0 
0 0.247505 0 0 0.752495 
1 0 0 0 0 
0 1 0 0 0 
0 1 0 0 0 
0.510393 0 0 0.489607 0 
0 0 0 1 0 
0.183438 0 0 0 0.816562 
0 0 0 1 0 
1 0 0 0 0 
0 0.132388 0 0.41437 0.453242 
0 0 1 0 0 
0 0 0 0 1 
0 0 0 1 0 
0 0 0 0 1 
0 0 0 0 1 
0 0 0 0 1 
0 0 0 1 0 
1 0 0 0 0 
1 0 0 0 0 
0 1 0 0 0 
0 1 0 0 0 
0 0 0 1 0 
0 0 1 0 0 
0 0 0 0 1 
0 0 1 0 0 
0.253488 0.746513 0 0 0 
0 0 0 1 0 
1 0 0 0 0 
0 0 0 0 1 
0.645106 0 0.354894 0 0 
0 0 0 0.591968 0.408032 
0.295489 0 0 0 0.704511 
0 0 0 0 1 
0 0 1 0 0 
0 0 0.688719 0 0.311281 
0.530036 0.469964 0 0 0 
0 0 0 1 0 
0 0 0.715761 0 0.284239 
0 0 1 0 0 
0 0 0 0 1 
0 1 0 0 0 
1 0 0 0 0 
0 0 1 0 0 
0 0 1 0 0 
1 0 0 0 0 
0 1 0 0 0 
0 1 0 0 0 
0.411808 0 0.588192 0 0 
0 1 0 0 0 
0 1 0 0 0 
0 1 0 0 0 
0 0.358135 0.641865 0 0 
0 0 0 1 0 
0 1 0 0 0 
0 0 0 0 1 
0 0 1 0 0 
0 1 0 0 0 
0.451865 0.548135 0 0 0 
0 0 1 0 0 
0 1 0 0 0 
1 0 0 0 0 
0 1 0 0 0 
0.552262 0 0 0.447738 0 
0 0 0 0 1 
0 0 0 0 1 
0 0 0.825413 0 0.174587 
0 0.674421 0 0 0.325579 
0 0 0 0 1 
0 0 0 1 0 
1 0 0 0 0 
