5 300
0.279253
0.515013
0.291087
0.563382
0.330377
10.9962 0.729437
10.1412 0.172932
10.0265 1.15159
9.74481 1.13996
9.56971 0.742689
9.5556 0.423322
9.51893 1.2221
9.50329 0.809114
9.47435 1.31768
9.42039 0.418785
9.30284 0.773151
9.12267 0.875106
9.12163 0.815484
8.88935 1.26202
8.74699 0.144744
8.73787 0.928031
8.73513 0.817703
8.69388 0.659866
8.68747 0.278422
8.62233 1.03732
8.59433 0.277795
8.58338 0.139147
8.55662 1.98794
8.54844 0.110767
8.4373 0.724814
8.3241 1.14273
8.23175 2.24724
8.14027 1.14638
7.82063 1.85374
7.79214 0.306469
7.79112 0.123811
7.78921 2.23303
7.77055 1.03635
7.62719 1.96877
7.54739 2.71893
7.53035 2.0761
7.52377 2.25266
7.46305 1.74894
7.42843 0.532571
7.40995 0.101063
7.37991 1.47911
7.3779 1.16432
7.24842 0.200329
7.19257 0.942056
7.14591 0.657351
7.13089 1.45361
7.10823 1.96797
7.02919 1.00051
6.99333 1.3457
6.98789 1.82328
6.97063 0.62721
6.87095 1.44664
6.82851 1.01673
6.80474 2.11565
6.77125 1.03186
6.65811 2.66695
6.56747 0.944815
6.45995 1.75715
6.45484 2.28094
6.43434 1.11752
6.32924 1.80663
6.30491 1.23456
6.26624 2.39079
6.21662 2.58012
6.12721 1.10179
6.07821 1.45618
6.07457 1.78931
6.05415 2.30568
6.02925 1.73337
6.00191 1.86788
5.98974 2.53129
5.88708 3.66395
5.7745 3.38278
5.76821 1.52133
5.73633 1.69818
5.50764 3.03665
5.49316 2.23706
5.41661 2.91903
5.39795 2.87694
5.39326 2.15422
5.35563 1.83163
5.33833 3.21243
5.32528 2.01923
5.29563 3.05016
5.27463 3.1183
5.27294 1.62284
5.16251 4.22967
5.1596 2.09781
5.07433 2.57468
5.001 3.72798
4.96141 4.33469
4.90938 2.92513
4.90366 1.90716
4.88129 3.06773
4.87595 2.80456
4.83925 3.11928
4.77224 2.91957
4.65069 3.91922
4.64931 1.99291
4.64884 3.37034
4.5653 2.77314
4.52593 2.19765
4.41194 2.89626
4.40016 3.76976
4.3745 4.12734
4.37272 2.64836
4.33179 3.34531
4.31221 4.34938
4.26928 3.96805
4.22782 4.09216
4.14845 2.4456
4.13809 3.53436
4.1006 2.49685
4.08085 4.2325
3.98665 3.07556
3.97775 4.34264
3.87297 3.48375
3.84818 3.06351
3.78703 2.44225
3.73022 4.25126
3.71759 3.59045
3.71253 3.35834
3.67584 3.62523
3.67206 2.59166
3.65815 2.91922
3.65221 5.28808
3.60594 3.99257
3.58815 2.97631
3.53696 4.3908
3.52781 3.22955
3.47967 4.02343
3.4531 4.25732
3.38937 3.29633
3.38345 4.32499
3.33979 5.14101
3.32207 3.47911
3.30308 4.48865
3.28979 4.8602
3.27759 5.6921
3.27416 4.26917
3.19773 4.691
3.17136 4.0271
3.09023 4.32188
3.08379 4.66539
3.05222 3.29572
3.02725 4.69328
3.00568 4.94645
3.00395 3.05994
2.97062 4.72434
2.96531 4.88343
2.95567 4.67437
2.94741 3.53657
2.93613 3.97375
2.91105 4.41801
2.89648 3.48937
2.87636 4.01778
2.82641 3.13226
2.77635 6.00975
2.75113 4.9722
2.75038 5.57569
2.71242 4.94285
2.6373 5.83397
2.58597 6.42943
2.57369 4.688
2.56041 3.59905
2.53049 5.85481
2.48182 3.78519
2.45749 4.90844
2.43094 6.15665
2.40255 6.188
2.36944 5.04218
2.36701 3.99849
2.32361 5.84976
2.31183 4.03985
2.3066 5.32635
2.29446 4.68366
2.29206 4.28941
2.26338 3.54945
2.25128 5.33285
2.24919 6.83176
2.18273 3.76857
2.17559 3.65776
2.16858 6.35298
2.16272 6.40866
2.15254 6.41492
2.09884 5.13968
2.03635 5.80772
2.02883 5.68545
2.01156 4.22116
1.96481 4.59164
1.94917 4.87114
1.89281 5.37407
1.86329 6.1934
1.86104 5.94475
1.79164 5.06928
1.78228 5.90815
1.76796 5.72158
1.69152 7.10772
1.64967 6.10456
1.60106 4.51718
1.55404 4.29759
1.51025 4.9382
1.4997 5.1288
1.49206 4.88823
1.49165 7.77854
1.42698 7.02572
1.39905 5.13907
1.35993 7.66569
1.35568 7.55457
1.35001 5.08003
1.31741 6.9174
1.19116 6.86911
1.15896 5.43058
1.15843 5.44284
1.15207 5.53543
1.13803 5.7202
1.13715 7.23784
1.13039 8.1455
1.11966 6.08454
1.07676 6.66897
1.04716 6.96501
1.04533 6.45513
1.03209 5.15669
1.02546 6.46734
1.00585 5.55205
0.942373 6.34737
0.927948 6.3392
0.901404 5.90573
0.88324 8.85772
0.81574 5.4251
0.780317 6.37779
0.762919 6.32792
0.741948 8.39261
0.727541 6.89477
0.725713 6.78196
0.706017 5.46929
0.700419 8.84058
0.669807 6.57936
0.665464 8.37412
0.643257 6.38043
0.625014 6.34887
0.614771 9.37547
0.6059 6.96429
0.601431 5.80105
0.567208 6.34486
0.557549 7.51301
0.541992 7.18327
0.541124 6.76074
0.538224 6.40669
0.505661 9.56297
0.476737 6.31258
0.476198 7.62601
0.466249 6.02815
0.458443 5.9343
0.449554 9.11249
0.423188 8.53597
0.390469 9.01384
0.36428 9.89318
0.363216 8.05024
0.351681 8.15671
0.30109 9.29811
0.292045 9.27944
0.291622 9.44802
0.279713 10.1516
0.27183 10.0135
0.254702 9.17152
0.23295 8.29805
0.210023 10.0697
0.201129 10.4035
0.179065 9.64554
0.175061 7.21561
0.174887 9.04078
0.164399 9.82469
0.15963 8.31532
0.149879 7.74901
0.139714 7.53647
0.11289 9.95447
0.105553 8.35301
0.101386 10.4827
0.100226 7.67058
0.0906347 11.2559
0.0902361 8.47207
0.0873797 9.09132
0.079746 9.24062
0.0688367 11.105
0.0621316 7.9686
0.0615627 8.83833
0.0572606 7.67688
0.0529823 11.0337
0.0415325 7.40798
0.0388971 11.0897
0.0348929 9.82736
0.0212567 8.74567
0.0203088 10.7361
0.0176199 7.84785
0.0141099 9.66186
0.0117585 8.02827
0.010586 7.65637
0.0056766 8.85891
0.00116396 8.50293
0 0 1 0 0 
0 0 0 0 1 
0 0 0 0 1 
0 0 0 1 0 
0 0 0 0 1 
0 1 0 0 0 
1 0 0 0 0 
0 0 1 0 0 
0 0 0 1 0 
1 0 0 0 0 
0.532208 0.467792 0 0 0 
0 0 0 0 1 
0 0 0.620059 0.379941 0 
0 0 0 0.642747 0.357253 
1 0 0 0 0 
0 0 0 1 0 
0 0 0 0 1 
1 0 0 0 0 
0 1 0 0 0 
0 0 1 0 0 
0 0 0 1 0 
0 0 0 0 1 
0 0 1 0 0 
1 0 0 0 0 
0 0 0 0 1 
0 0.841302 0 0.158698 0 
1 0 0 0 0 
0 0 1 0 0 
0 1 0 0 0 
1 0 0 0 0 
1 0 0 0 0 
0 0.845437 0 0 0.154563 
0 0 1 0 0 
0 0.173612 0 0 0.826388 
0 0 0 1 0 
0 0 0 0 1 
0 0.414237 0.105411 0 0.480353 
0 0.709003 0 0.290997 0 
0.360895 0 0.639105 0 0 
0 1 0 0 0 
0 0 0 1 0 
0.525494 0 0 0.474506 0 
0 0 0 1 0 
0 0 1 0 0 
1 0 0 0 0 
0 0 1 0 0 
0 0 1 0 0 
0 0 1 0 0 
0 0 1 0 0 
0 0 0 1 0 
0 0 0 1 0 
0 0 0 1 0 
0 0 1 0 0 
0 0 0 0 1 
0 0 1 0 0 
0 0 0 1 0 
1 0 0 0 0 
0.228341 0 0 0.771659 0 
0 0 1 0 0 
0.771693 0 0.228307 0 0 
0 0 0 1 0 
1 0 0 0 0 
0 0 0 0 1 
1 0 0 0 0 
0 0 0 0 1 
0.426791 0 0 0.573209 0 
0 0 1 0 0 
0 0 0 1 0 
0 1 0 0 0 
0 0 0 1 0 
0 0 0 1 0 
0 0 0 1 0 
1 0 0 0 0 
0 0 0 0 1 
0 0 0.643265 0.356735 0 
0 1 0 0 0 
0 0.373622 0 0.626378 0 
0 1 0 0 0 
0 0 0 0 1 
0 0 0 1 0 
0 1 0 0 0 
0.460268 0.539732 0 0 0 
0 0 0.839081 0.160919 0 
0 0.292293 0 0 0.707707 
0 0.642071 0 0.357929 0 
0 0 1 0 0 
0 0 0 0 1 
0.102679 0 0.897321 0 0 
0 0 0 1 0 
0 0 0 1 0 
0 0 0 0 1 
0 1 0 0 0 
0.42175 0.57825 0 0 0 
0 0 1 0 0 
1 0 0 0 0 
0 0 0 1 0 
0 1 0 0 0 
0.633212 0 0.366788 0 0 
0 0 0 1 0 
0 0 0 1 0 
0 1 0 0 0 
0 1 0 0 0 
0 0 0 1 0 
0 1 0 0 0 
0 1 0 0 0 
0 0 0 1 0 
0 0 0 1 0 
0 1 0 0 0 
0 0.196058 0 0.803942 0 
0.545224 0 0 0 0.454776 
0 0 0 1 0 
1 0 0 0 0 
0 0 0 0 1 
0 0 0 0 1 
1 0 0 0 0 
0 0 0 1 0 
0 0 0 0 1 
0 0 0 1 0 
0 1 0 0 0 
1 0 0 0 0 
0 0 0 1 0 
0 0 1 0 0 
0 0 0 0.682256 0.317744 
0 0 1 0 0 
0 1 0 0 0 
0 0.231305 0 0 0.768695 
0 0 1 0 0 
0 1 0 0 0 
0 0 0 1 0 
0 0 0 0 1 
0 0 0 0 1 
0 1 0 0 0 
0 0 1 0 0 
0 0 1 0 0 
0 0 0 1 0 
0 1 0 0 0 
0.650748 0 0 0.349252 0 
1 0 0 0 0 
0 0 1 0 0 
0 0 1 0 0 
0 1 0 0 0 
0 0 0 0 1 
0 0 1 0 0 
0 1 0 0 0 
0 1 0 0 0 
0.448271 0 0 0.231527 0.320202 
0 0 0 0 1 
1 0 0 0 0 
1 0 0 0 0 
1 0 0 0 0 
0 0 0 0 1 
0 1 0 0 0 
0 0.716678 0.283322 0 0 
1 0 0 0 0 
1 0 0 0 0 
0 0 1 0 0 
0 0 0 1 0 
0 0 1 0 0 
0 0 0.504404 0.495596 0 
1 0 0 0 0 
0.231854 0.768146 0 0 0 
0 1 0 0 0 
0 1 0 0 0 
0 1 0 0 0 
0 0 0 0 1 
0.416441 0 0 0.29555 0.288009 
1 0 0 0 0 
1 0 0 0 0 
0 0 0 0 1 
0 0 0 0 1 
0.434715 0 0 0.565285 0 
0 0 0 1 0 
0 0 0 0 1 
0 0 0 0.55262 0.44738 
1 0 0 0 0 
0 0 0 0 1 
0 0 0 0 1 
1 0 0 0 0 
0 0 0 1 0 
0 0 1 0 0 
1 0 0 0 0 
0 0 0 1 0 
1 0 0 0 0 
0 0.214238 0 0.182429 0.603333 
1 0 0 0 0 
0 1 0 0 0 
0 0 0 1 0 
0 0 0 1 0 
1 0 0 0 0 
0 1 0 0 0 
0 1 0 0 0 
0 1 0 0 0 
0 0 1 0 0 
0 0 1 0 0 
0.239148 0 0 0 0.760852 
0 0 0 0 1 
0.57279 0 0 0.42721 0 
0 1 0 0 0 
0 1 0 0 0 
0 0 0 0 1 
0 0.673692 0 0 0.326308 
0 0 0.447811 0.552189 0 
1 0 0 0 0 
0.393957 0.606043 0 0 0 
0 0 1 0 0 
0 0.415783 0.584218 0 0 
0 0 0 1 0 
1 0 0 0 0 
0 0 1 0 0 
0 0 1 0 0 
0 0 0 1 0 
0 0 0 1 0 
0 0 0 0 1 
0 0.412608 0.587392 0 0 
0 0 1 0 0 
0 0 1 0 0 
0 0 1 0 0 
0 0 0 0 1 
1 0 0 0 0 
0 0 0 0 1 
0 0 0 1 0 
0 1 0 0 0 
0 1 0 0 0 
0 0 0.288566 0.711434 0 
1 0 0 0 0 
0 0.598032 0 0 0.401968 
0 0 1 0 0 
1 0 0 0 0 
0 0 0.579405 0 0.420595 
0 0 1 0 0 
0 0 0 1 0 
0 0 0 0 1 
0 0 0 0 1 
0 0 0 1 0 
1 0 0 0 0 
0 0 1 0 0 
1 0 0 0 0 
0 1 0 0 0 
0 0 1 0 0 
0 1 0 0 0 
0 1 0 0 0 
0 1 0 0 0 
0 0 1 0 0 
0 1 0 0 0 
0 0 0 0 1 
0 0 0 0 1 
0 0 0 0 1 
0 0 0 1 0 
0 0 0 1 0 
0.393739 0 0 0.606261 0 
1 0 0 0 0 
0 0 1 0 0 
0 1 0 0 0 
0 0 0 1 0 
0 0 0 0 1 
1 0 0 0 0 
0 0 0.551403 0.448597 0 
0 0 0 0 1 
0 0 0 0 1 
0 0 1 0 0 
0.414687 0 0 0.585313 0 
0 1 0 0 0 
0.647135 0 0 0.352865 0 
0 0 0 1 0 
0 1 0 0 0 
0 0 1 0 0 
0 0 0 1 0 
0 0 1 0 0 
0 0 0 1 0 
0 0 0 1 0 
1 0 0 0 0 
0 0 0.552088 0.447912 0 
1 0 0 0 0 
0 0 0 1 0 
0 0 0 1 0 
0 0 0 0 1 
0 0 0.61464 0.38536 0 
0 0.578821 0 0.421179 0 
1 0 0 0 0 
0 1 0 0 0 
0 0 0 0 1 
0 0 0 0 1 
0 0 0 1 0 
0 0 0 0.419209 0.580791 
0 0 0 0.24044 0.75956 
0 0 0 0 1 
0 0 0 0 1 
0 0 0.232862 0 0.767138 
1 0 0 0 0 
0 1 0 0 0 
0 1 0 0 0 
0 0 0 1 0 
0.50885 0.49115 0 0 0 
0 1 0 0 0 
0 0 0 1 0 
0 0 0 0 1 
0 0 1 0 0 
0 1 0 0 0 
1 0 0 0 0 
0 0 0 1 0 
