10 100
0.656147
0.702075
0.595088
0.340577
0.726785
0.360329
0.59058
0.695191
0.272547
0.342965
10.4918 0.322611
9.63297 0.951056
9.62103 0.634868
9.4337 0.32239
8.87863 0.899202
8.77409 0.949373
8.50539 1.07075
8.28071 0.227355
7.90073 1.57026
7.83543 1.61958
7.49232 0.362991
7.03324 0.717219
6.8455 1.79543
6.59332 2.34802
6.45976 0.676595
6.18423 2.79662
6.17821 0.873041
5.99657 2.03934
5.85628 2.30138
5.83074 2.33479
5.74027 1.35413
5.71126 1.03131
5.70578 2.40254
5.36185 2.42773
5.24436 3.20374
5.2263 2.76201
4.78875 2.41304
4.78471 2.95977
4.77629 2.8445
4.72458 2.88347
4.61413 2.81892
4.34689 3.93424
4.1871 4.87385
4.06805 4.55044
3.90566 2.51057
3.88218 3.11337
3.74912 3.44989
3.65614 3.47594
3.64742 3.97235
3.3557 3.20853
3.33235 4.08472
3.20815 5.54916
3.07857 3.46554
3.04721 4.51679
3.01636 3.49302
2.95908 5.6292
2.89163 4.70268
2.80943 4.14511
2.7974 4.20571
2.78458 4.76469
2.66504 3.63802
2.193 3.92739
2.1176 5.5979
2.08913 5.74923
2.08444 5.88414
2.03921 6.25951
2.02343 6.51862
2.02151 6.38108
1.97278 5.7183
1.92758 4.74236
1.91612 6.49284
1.83394 6.09296
1.78898 6.41936
1.76733 4.95326
1.707 6.7879
1.50673 7.99404
1.48333 5.32797
1.46446 5.69062
1.27339 7.13959
1.23697 5.588
1.14277 8.09754
0.976404 6.13269
0.958299 6.35668
0.920158 8.24404
0.781515 9.14576
0.706184 7.29526
0.650027 8.78811
0.609786 9.08147
0.602915 8.5231
0.561811 6.76397
0.507994 6.74043
0.490957 8.62919
0.477668 5.97356
0.437559 6.96739
0.429148 6.58461
0.318302 9.15555
0.268007 9.06199
0.262665 8.66295
0.245926 9.33877
0.198102 8.09708
0.195665 6.97302
0.173712 9.79876
0.161151 9.78517
0.159701 10.9398
0.14133 7.00577
0.0739614 8.06448
0.0297812 9.92132
0.00458261 11.9493
0.00445469 11.1847
0.00164569 10.5593
0 0 0 0 0 0 0 1 0 0 
1 0 0 0 0 0 0 0 0 0 
0 0 0 0 0 0 1 0 0 0 
0 0 0 0 0 0.54747 0 0 0.45253 0 
0 0 0 0 1 0 0 0 0 0 
0 0 0 0 1 0 0 0 0 0 
0 0 0 0 0 0 0 0 0 1 
0 0 0 0 0 0 0 1 0 0 
0 0 0 0 0 1 0 0 0 0 
0 0 0 0 0 1 0 0 0 0 
0 0 0 0 0 0 0 0 0 1 
0 0 0 0 0 0 0 0.112659 0 0.887341 
0 0 0 0 0 0 0 0 0 1 
0 0 0 0 0 1 0 0 0 0 
1 0 0 0 0 0 0 0 0 0 
1 0 0 0 0 0 0 0 0 0 
0 0 0 0 1 0 0 0 0 0 
0 0 1 0 0 0 0 0 0 0 
0 0 0 0 1 0 0 0 0 0 
0 0 0 0 0 0 0 0 1 0 
0 0 0.238563 0 0.761437 0 0 0 0 0 
0 0 0 0 0 0 0 0 1 0 
0 0 0 1 0 0 0 0 0 0 
0.341053 0 0.364027 0 0 0 0.29492 0 0 0 
0 1 0 0 0 0 0 0 0 0 
0 0.248791 0.751209 0 0 0 0 0 0 0 
0 0 0 0.262907 0 0.737093 0 0 0 0 
0 0 0 0 0 0 0 0 0 1 
0 1 0 0 0 0 0 0 0 0 
0 0 0 0 0 0 0 0 0 1 
0 0.347643 0 0 0 0 0 0.652357 0 0 
1 0 0 0 0 0 0 0 0 0 
0 0 0 0 0 0 0 0 0 1 
0 0 1 0 0 0 0 0 0 0 
0 1 0 0 0 0 0 0 0 0 
0 0 0 1 0 0 0 0 0 0 
0 0 0 1 0 0 0 0 0 0 
0 0.519676 0 0 0 0 0.480324 0 0 0 
0 0 0 0 0 0 0 0 1 0 
0 0 0 0 0 0 1 0 0 0 
0 0 0 0 0 0 0 0 1 0 
0 0.282758 0 0 0 0 0 0.717242 0 0 
1 0 0 0 0 0 0 0 0 0 
0 0 0 0 0 1 0 0 0 0 
0.591694 0 0 0 0 0.408306 0 0 0 0 
0 0 0 1 0 0 0 0 0 0 
0 0 0 0 0.562621 0 0 0 0.437379 0 
0 0 0 0 0 1 0 0 0 0 
0 0 0 0 0 0 0 0 1 0 
0 0 0 0 0 0 0 0 0 1 
0.411855 0 0 0 0 0 0 0 0.588145 0 
0 0 0 0 0 1 0 0 0 0 
0 0 0 0 0 1 0 0 0 0 
0 0 0 0 0 0 0 0 0 1 
0 0 1 0 0 0 0 0 0 0 
0 0 0 1 0 0 0 0 0 0 
0 0 0 0 1 0 0 0 0 0 
0 1 0 0 0 0 0 0 0 0 
0 0 0 0 0 0.490202 0 0 0 0.509798 
0 0 0 0 0 1 0 0 0 0 
0 0 1 0 0 0 0 0 0 0 
0 0 0 0 1 0 0 0 0 0 
0 0 0 0 1 0 0 0 0 0 
0 0 1 0 0 0 0 0 0 0 
0 0 0 0 0 0 0 1 0 0 
0 0 0 0 1 0 0 0 0 0 
0 0 0 0 1 0 0 0 0 0 
0 0 0 0 0 0 0 0 0 1 
0 0 1 0 0 0 0 0 0 0 
0 0 0 1 0 0 0 0 0 0 
0 0 0 1 0 0 0 0 0 0 
0 0 0 0 1 0 0 0 0 0 
0 0 1 0 0 0 0 0 0 0 
0 0 1 0 0 0 0 0 0 0 
0 0 0 1 0 0 0 0 0 0 
0 0 0 0 0 0 0 0 0 1 
0 0 0 0 0 0 0 0.374111 0.625889 0 
0.677771 0 0.322229 0 0 0 0 0 0 0 
0 0 0 0 1 0 0 0 0 0 
0 0 0 0 0 0 1 0 0 0 
0 0 0 0 0 0 1 0 0 0 
0 0 0 0 0.377775 0.434874 0 0 0.0923867 0.0949636 
1 0 0 0 0 0 0 0 0 0 
1 0 0 0 0 0 0 0 0 0 
0 0 0 0 0 0 1 0 0 0 
0 0 0 0 0 0 0 1 0 0 
1 0 0 0 0 0 0 0 0 0 
0 0 0 0 0 0 0 0 1 0 
0 0 0 0 0 0 0 1 0 0 
1 0 0 0 0 0 0 0 0 0 
0 0 0 0 0 0 0 0 1 0 
0 0 0 0 0 0 0.622242 0 0 0.377758 
0 0 0 0 1 0 0 0 0 0 
1 0 0 0 0 0 0 0 0 0 
0 0 0 1 0 0 0 0 0 0 
1 0 0 0 0 0 0 0 0 0 
0 0 0 0 0 0 0 1 0 0 
1 0 0 0 0 0 0 0 0 0 
0 0 0 0 0 0 0 1 0 0 
0 1 0 0 0 0 0 0 0 0 
