10 100
0.47225
0.533656
0.26931
0.444949
0.431304
0.707097
0.670487
0.615804
0.634285
0.624298
11.5126 0.248556
11.025 0.281262
9.47863 0.536395
9.41608 0.27857
8.50017 1.33541
8.42121 0.95447
8.40225 0.838616
8.16133 1.96678
8.00297 0.761017
7.66533 1.5407
7.50216 1.52506
7.33035 0.569084
7.04069 0.861026
6.18678 3.14532
6.14668 1.70675
6.05194 2.50356
5.28474 2.15107
5.24704 2.80294
5.23571 2.33451
5.20825 2.5069
5.1748 1.92294
5.05678 2.38204
4.72728 2.99759
4.70024 2.57344
4.53767 2.317
4.53201 4.80762
4.37536 4.46456
4.27906 2.21638
4.25688 3.89767
4.20783 2.49418
3.89292 3.55732
3.89249 3.68235
3.77254 3.33276
3.44535 3.99213
3.43708 5.52677
3.41721 5.39958
3.37353 5.52624
3.37325 3.38808
3.36149 2.85736
3.27997 4.27423
3.27708 4.28752
3.12621 4.29113
3.11542 5.03246
2.94568 4.2958
2.84437 4.77095
2.81996 3.40685
2.68579 4.46313
2.67561 3.49196
2.45479 4.54623
2.4446 4.39651
2.43896 4.21175
2.41901 4.60989
2.41248 4.3119
2.21928 5.03234
2.16236 4.06959
2.15738 6.28889
2.07945 5.85402
2.07022 4.45222
1.89622 4.9132
1.82115 4.54519
1.78616 6.07811
1.76088 6.34733
1.76069 4.55752
1.57395 6.4317
1.52561 6.25636
1.33517 4.94552
1.13903 6.51635
1.13596 7.56279
1.08746 8.16598
0.998702 5.11988
0.966279 6.4372
0.958283 6.85239
0.946894 8.49769
0.895063 6.26168
0.802668 5.90512
0.774044 5.50177
0.715345 7.25035
0.475067 7.79654
0.388769 8.34594
0.382731 6.93379
0.36647 6.62282
0.362906 6.93681
0.354294 7.07833
0.33519 9.28269
0.332291 10.2837
0.31554 8.06359
0.270477 9.89794
0.269914 7.21627
0.222235 7.55371
0.15857 8.93625
0.148968 8.56423
0.123068 7.51412
0.0964654 7.35581
0.0688358 10.6683
0.0247259 7.77548
0.0210425 10.0927
0.0209357 8.98136
0.00679469 11.3234
0.00430044 7.62289
0.000889958 12.2294
1 0 0 0 0 0 0 0 0 0 
0 0 0 0 0 0 0 0 1 0 
0 0 0 0 0 0 1 0 0 0 
0 0 1 0 0 0 0 0 0 0 
0 0 0 0 0 1 0 0 0 0 
0 0 0 0 0 0 0 1 0 0 
0 0 0 0 0.27262 0 0 0 0 0.72738 
0 0 0 0 0 0 1 0 0 0 
0 0 0 0 0 1 0 0 0 0 
0 0 0 0.359291 0 0 0 0.14599 0.494719 0 
0 0 0 0 0 0 0 0 0 1 
0 0 0 1 0 0 0 0 0 0 
0 0 0 1 0 0 0 0 0 0 
0 0 0 0.580203 0 0 0 0.419797 0 0 
0 1 0 0 0 0 0 0 0 0 
0 0 0 1 0 0 0 0 0 0 
1 0 0 0 0 0 0 0 0 0 
0 0 1 0 0 0 0 0 0 0 
0 0 0 0 0 0.608761 0 0.391239 0 0 
0 1 0 0 0 0 0 0 0 0 
0 0 0 0 0 0 1 0 0 0 
0 0 0 0 0 0 0 0 1 0 
0 0 1 0 0 0 0 0 0 0 
0 0 0.261686 0 0 0 0 0 0.738314 0 
0.62777 0 0 0 0 0.37223 0 0 0 0 
0 0 0 0 0 0 0 0 0 1 
0 0 0 0 0 0 1 0 0 0 
0 0 0 0 0 0 1 0 0 0 
1 0 0 0 0 0 0 0 0 0 
0.719294 0 0.280706 0 0 0 0 0 0 0 
0 0 0 0 1 0 0 0 0 0 
0 0 0 1 0 0 0 0 0 0 
0 0 0.353624 0 0 0 0 0 0 0.646376 
0 0 1 0 0 0 0 0 0 0 
0 1 0 0 0 0 0 0 0 0 
0.481709 0 0 0 0 0 0.518291 0 0 0 
0 0 0 1 0 0 0 0 0 0 
0 0 0 0 0 0 0 0 0 1 
1 0 0 0 0 0 0 0 0 0 
0 0 0 1 0 0 0 0 0 0 
0 0 1 0 0 0 0 0 0 0 
1 0 0 0 0 0 0 0 0 0 
0 0 0 0 0 0 0 1 0 0 
0.356701 0 0 0 0 0 0 0 0 0.643299 
1 0 0 0 0 0 0 0 0 0 
1 0 0 0 0 0 0 0 0 0 
0 0 0 0 0 0 0 0 1 0 
0.796483 0 0 0 0 0 0 0 0.203517 0 
0.270941 0 0 0.729059 0 0 0 0 0 0 
0 0 0 0 1 0 0 0 0 0 
0 0 0 0 0 0 1 0 0 0 
0 0 0 0 0 0 0 0 0 1 
0 0 0 0 0 1 0 0 0 0 
0 0 0 0 0 1 0 0 0 0 
0 0 0 0 0 0 1 0 0 0 
0 0 1 0 0 0 0 0 0 0 
0 0 1 0 0 0 0 0 0 0 
0 0 0 0 0 0 0 0 1 0 
1 0 0 0 0 0 0 0 0 0 
0 0 0 0 0 0 0 1 0 0 
1 0 0 0 0 0 0 0 0 0 
0 0 0 0 0 1 0 0 0 0 
0 0 1 0 0 0 0 0 0 0 
0 0 0 0 0 0 0 1 0 0 
0 0 0 0 0 0 0 0 1 0 
0 0 0 1 0 0 0 0 0 0 
0 0 0.376635 0 0.302584 0 0 0 0 0.320781 
0 0 0 0 0.857737 0 0 0 0 0.142263 
0 0 1 0 0 0 0 0 0 0 
0 0 0 0 1 0 0 0 0 0 
0 0 0 0 0 0 0 0 1 0 
0 0 0 0 0 0 0 0 1 0 
0 0 0 0 0 0 0 0 0 1 
0 1 0 0 0 0 0 0 0 0 
0 0 0 0 1 0 0 0 0 0 
1 0 0 0 0 0 0 0 0 0 
0 0 0 0 0 0 0.727725 0.272275 0 0 
0 0 0 1 0 0 0 0 0 0 
0 1 0 0 0 0 0 0 0 0 
0 1 0 0 0 0 0 0 0 0 
0 0 1 0 0 0 0 0 0 0 
0 0 0 0 1 0 0 0 0 0 
0 0 0 0 0 0 0 0 1 0 
0 0 1 0 0 0 0 0 0 0 
0 0 0.462459 0 0 0 0 0 0.537541 0 
1 0 0 0 0 0 0 0 0 0 
0 0 0 0 1 0 0 0 0 0 
0 0 0 0 0 0 0 0 1 0 
0 0 0 0 1 0 0 0 0 0 
0 0 0 1 0 0 0 0 0 0 
0 0 0 0 0 0 0 0 1 0 
0 0 0 0 1 0 0 0 0 0 
1 0 0 0 0 0 0 0 0 0 
0 0.58011 0 0.41989 0 0 0 0 0 0 
0 0 0 0 0 0 0 0 1 0 
0 0 1 0 0 0 0 0 0 0 
1 0 0 0 0 0 0 0 0 0 
0 0 0 0 0 0 1 0 0 0 
0 0 0 0 0 0.745082 0 0 0 0.254918 
0 0 0 0 0 0 0 0 0 1 
