10 50
0.422969
0.533116
0.521576
0.40578
0.317089
0.388318
0.277802
0.379088
0.735208
0.518192
10.844 0.324295
8.85499 0.420855
8.38416 1.22759
7.76033 1.47568
7.73146 1.48583
7.61711 1.17358
7.24697 2.53938
7.0895 0.931161
7.0282 1.65769
6.75686 0.959884
6.70774 2.63107
6.20831 2.21899
6.16778 2.18592
6.0764 2.52106
5.62497 2.15189
4.70602 4.16494
4.68203 3.40163
4.22726 3.95945
4.21599 5.11383
3.63088 3.80988
3.58988 5.24008
3.36593 3.67337
2.58687 4.49764
2.55814 4.16351
2.4126 4.20241
2.11129 5.09891
2.09353 4.38865
2.07076 6.49825
1.94039 6.07923
1.81118 6.03412
1.59917 4.99105
1.51416 6.84804
1.13767 5.51583
1.1299 5.14523
1.02961 7.6461
0.942382 5.29913
0.91923 5.26759
0.830064 5.88502
0.633954 7.473
0.548972 7.90648
0.48421 9.90995
0.482611 7.47701
0.370587 6.65644
0.353604 9.69179
0.207779 9.01669
0.109672 6.91262
0.0648553 7.1136
0.0245565 7.43596
0.0163738 10.302
0.0131198 9.75792
0 0 0 0 0.522879 0 0 0 0.477121 0 
0 0 0 0 0 0 0 0 1 0 
0 0 0 0 0 0 1 0 0 0 
0 0 0 0 0 0 0 1 0 0 
0 0 0 0 1 0 0 0 0 0 
0 0 0 0 0 0 0 0 1 0 
0 0 0 0 0 0 0 1 0 0 
0 0 0 0 0 0 0 0 0 1 
0 0 0 0 0 0 0 0.23176 0.76824 0 
0 0 1 0 0 0 0 0 0 0 
1 0 0 0 0 0 0 0 0 0 
1 0 0 0 0 0 0 0 0 0 
0 0 1 0 0 0 0 0 0 0 
0 0 0 0 1 0 0 0 0 0 
0 0 0 0 1 0 0 0 0 0 
0 0 0 0 0 0 0.589794 0 0 0.410206 
0 0 0 0 0 0 0.670315 0 0 0.329685 
0 0 0 0 0 0 0 1 0 0 
0 0 0 0 0 0 0 0 0 1 
0 0 0 0 0 0 0 0 1 0 
0.453385 0 0.546615 0 0 0 0 0 0 0 
0 0.774633 0 0 0 0 0.225367 0 0 0 
0 1 0 0 0 0 0 0 0 0 
0 0.186366 0 0 0 0 0 0.813634 0 0 
0 0 0 1 0 0 0 0 0 0 
0 0 0 1 0 0 0 0 0 0 
0 0 0 0 0 1 0 0 0 0 
1 0 0 0 0 0 0 0 0 0 
0 1 0 0 0 0 0 0 0 0 
0 0 1 0 0 0 0 0 0 0 
0 0 0 0 0 1 0 0 0 0 
0 0 0 0 0 0 0 0 0 1 
0 0 1 0 0 0 0 0 0 0 
1 0 0 0 0 0 0 0 0 0 
1 0 0 0 0 0 0 0 0 0 
0 0 0 0 0 0 1 0 0 0 
0 0 0 0 0 1 0 0 0 0 
0 0 0 1 0 0 0 0 0 0 
0 0 0 0 0 0 0 0 0 1 
0 0 0 0 0 0 1 0 0 0 
1 0 0 0 0 0 0 0 0 0 
0 0 0 0 0 0 0 1 0 0 
0.244842 0 0 0.755158 0 0 0 0 0 0 
0 0 0 1 0 0 0 0 0 0 
0.351214 0 0.523608 0 0 0 0 0 0 0.125178 
1 0 0 0 0 0 0 0 0 0 
0 0 0 0 1 0 0 0 0 0 
0 0 0 1 0 0 0 0 0 0 
0 0 0 0 0 1 0 0 0 0 
0 0 0 0 0 0 0 0 0 1 
