5 300
0.682864
0.587265
0.439343
0.396158
0.588194
11.2719 0.362361
11.0804 0.11116
10.8439 0.199364
10.4783 0.670513
10.4519 0.744786
10.3527 0.436749
10.2479 0.217876
10.208 0.551908
9.97671 0.751936
9.80699 0.299025
9.77186 0.482736
9.4836 0.917083
9.36009 0.889868
9.32321 1.08932
9.23934 0.856912
9.15076 0.146933
9.12117 0.71618
9.10468 0.764583
9.08878 0.317575
8.95478 1.40697
8.93675 0.50671
8.88454 1.01395
8.74395 0.938861
8.64003 0.9785
8.56637 1.08059
8.45963 1.81663
8.39051 0.291282
8.38293 0.913354
8.37161 0.508945
8.34822 0.241468
8.30937 0.741967
8.21983 0.807344
8.13805 1.43206
7.97933 0.50717
7.67324 0.619772
7.63636 0.320353
7.57371 1.15373
7.51011 1.68604
7.39675 1.24769
7.36798 2.46198
7.34958 1.49301
7.24715 0.495022
7.23676 1.26555
7.20844 0.426456
7.19017 0.984687
7.14734 1.03282
7.12646 1.02275
7.09889 1.21762
7.03099 2.38123
6.98852 1.0439
6.72732 2.23771
6.69229 2.62805
6.61806 0.513129
6.55112 1.06717
6.48089 1.95968
6.43966 1.79106
6.37831 2.10031
6.34547 1.15042
6.31911 3.43343
6.12565 2.1428
6.07884 2.19977
6.02028 1.82898
5.98185 1.3522
5.96533 3.12371
5.74425 2.69556
5.73036 2.83673
5.68818 2.60148
5.67734 1.69026
5.62958 2.07475
5.53081 1.68333
5.5213 3.03992
5.50153 2.23797
5.47073 2.76924
5.41293 2.83035
5.39426 2.48062
5.36958 3.771
5.30012 3.29564
5.24274 3.06987
5.17673 2.93796
5.06966 2.66413
5.05263 3.07093
4.96248 2.6382
4.93794 2.96009
4.93061 2.22588
4.87151 3.37208
4.60226 4.52914
4.60222 2.27805
4.45071 2.99353
4.3781 2.69474
4.32938 3.21634
4.30836 3.33114
4.29843 3.66124
4.25858 3.87784
4.20452 3.34966
4.04452 2.99138
3.97674 3.31375
3.93849 3.77119
3.8886 3.16545
3.83633 4.70531
3.81153 3.39213
3.75903 3.2507
3.55761 4.31706
3.50981 3.09785
3.50465 3.08157
3.46495 3.2607
3.43805 5.21436
3.42598 3.70684
3.41233 4.0682
3.40825 3.48588
3.39672 3.25271
3.3574 3.69895
3.34669 5.01751
3.30712 4.10087
3.30002 4.05942
3.29548 4.30382
3.29343 4.47278
3.28464 3.99178
3.24614 4.36619
3.19636 4.24493
3.14513 4.59333
3.11008 4.37206
3.09426 4.74819
3.0805 3.16174
3.05323 4.65009
3.05278 3.21543
3.05266 5.14992
3.04296 5.20979
2.98044 3.86159
2.96472 2.993
2.95507 5.12051
2.94316 6.10832
2.93918 4.22604
2.87605 2.91838
2.80635 4.56968
2.75013 5.23686
2.71279 3.9908
2.69866 5.95611
2.69846 4.2225
2.67254 3.70637
2.66441 4.37269
2.6456 6.117
2.6455 5.16104
2.5498 4.86395
2.51786 4.34262
2.49196 4.11215
2.40426 5.45092
2.32538 5.03952
2.31861 4.8035
2.30748 6.43491
2.30522 4.15999
2.28889 3.802
2.26368 6.19132
2.19213 5.56929
2.14558 5.73021
2.09258 5.89823
2.09154 6.78458
2.08863 5.22717
2.07614 6.53406
1.94503 6.30576
1.92932 7.13758
1.90221 6.0484
1.83017 7.01426
1.80649 6.19636
1.78287 4.32621
1.76046 5.11785
1.70707 4.64056
1.69695 5.84348
1.69193 6.4184
1.63998 5.76915
1.59413 4.80686
1.58273 4.65627
1.54819 5.74202
1.54083 5.51655
1.53706 5.72345
1.52829 6.46317
1.51106 6.25822
1.48859 5.86126
1.46447 4.82768
1.45786 4.95245
1.44648 6.61042
1.43935 5.07763
1.41475 5.89623
1.38888 5.47188
1.33552 5.32398
1.32762 7.61308
1.29801 7.74176
1.27922 6.51903
1.27137 7.18794
1.27048 5.61036
1.26658 7.60895
1.26259 6.51661
1.2335 7.29582
1.21159 7.25875
1.20561 4.93436
1.20008 7.19908
1.16997 8.32437
1.16848 6.71304
1.15187 7.30671
1.15085 7.57397
1.15082 5.07768
1.11785 6.88602
1.05092 6.15944
1.04429 7.53009
1.01802 5.7741
1.01475 7.29706
0.993669 6.85028
0.94729 6.45758
0.938639 7.37298
0.869235 5.86178
0.862279 8.10798
0.85858 7.87495
0.818432 7.45539
0.78382 8.01128
0.779488 6.35874
0.759528 7.50506
0.725164 5.63052
0.69308 7.96407
0.687636 6.14606
0.676763 6.86809
0.662935 5.98638
0.660317 6.16909
0.639584 8.55809
0.627013 7.46822
0.601904 8.49567
0.580183 7.5646
0.567312 8.70767
0.556447 7.79269
0.55615 7.60953
0.550242 6.82999
0.499081 7.02639
0.490978 8.49598
0.454479 7.15085
0.43178 6.3586
0.431417 6.29477
0.425513 8.26873
0.415546 9.38972
0.401576 7.55087
0.391604 6.36065
0.377446 5.93966
0.361558 9.44986
0.356518 9.93567
0.348733 9.08307
0.330858 7.04235
0.318163 6.22552
0.317801 10.0927
0.311934 8.91191
0.310529 8.79978
0.29666 6.6823
0.286217 7.75785
0.2673 8.9457
0.257078 6.4116
0.255889 6.88824
0.250702 8.56224
0.248467 10.4326
0.23853 8.58004
0.236255 8.74687
0.233852 10.0203
0.223483 6.71742
0.218335 9.33535
0.186188 10.645
0.181491 9.81558
0.16955 7.50281
0.169483 10.691
0.146271 7.44719
0.13579 10.2362
0.124954 8.29605
0.106501 9.82138
0.106465 7.77489
0.10496 9.87293
0.0932412 10.3812
0.0785386 6.89507
0.0781722 7.08419
0.061911 11.2099
0.0613205 11.1705
0.059503 8.99312
0.0553929 7.78829
0.0552158 9.9614
0.0533829 7.14463
0.0467271 9.97406
0.0459189 8.92671
0.045106 9.94929
0.0389986 11.4201
0.0372577 11.0478
0.0334477 11.129
0.0309871 8.64132
0.0277136 8.51605
0.0188038 7.4865
0.0177979 8.10433
0.0136967 8.65741
0.013067 10.9296
0.0121585 10.2837
0.0105983 11.0426
0.00848628 10.2576
0.00815937 10.6243
0.00630674 10.923
0.00466827 8.20621
0.00361791 12.1815
0.00210709 11.1874
0.00182484 8.41847
0.00173241 9.06146
1 0 0 0 0 
0.327855 0 0 0.672145 0 
1 0 0 0 0 
0 0 0 0 1 
0 0 0 1 0 
0 0 0 1 0 
0 0 1 0 0 
0 0.770405 0 0 0.229595 
0 0 1 0 0 
0.84209 0.157909 0 0 0 
1 0 0 0 0 
0 0 0.430237 0 0.569763 
0 1 0 0 0 
0 0 1 0 0 
0 0 0 1 0 
0 0 0 1 0 
0 0 0 1 0 
1 0 0 0 0 
0 1 0 0 0 
0 0 1 0 0 
0 1 0 0 0 
1 0 0 0 0 
0 1 0 0 0 
0 1 0 0 0 
0 1 0 0 0 
0 0 0 1 0 
0 0 1 0 0 
1 0 0 0 0 
0 0 0 0 1 
0 0 0 0 1 
0 0 0 0 1 
0 0 1 0 0 
0 1 0 0 0 
0 1 0 0 0 
0.340818 0 0.659182 0 0 
0 0 1 0 0 
1 0 0 0 0 
0 0.652329 0 0.347671 0 
0 0 0 0 1 
0 1 0 0 0 
0 0 0 0 1 
0 0 0 1 0 
0 0 1 0 0 
0 1 0 0 0 
0 1 0 0 0 
1 0 0 0 0 
0 0 0 1 0 
0 0 1 0 0 
1 0 0 0 0 
0 0 1 0 0 
0 0 0 0.640244 0.359756 
0 1 0 0 0 
0 0 0 1 0 
1 0 0 0 0 
1 0 0 0 0 
0 0.775838 0 0.224162 0 
0 0.824355 0.175645 0 0 
0 0 0 1 0 
0 1 0 0 0 
0.239668 0.760332 0 0 0 
0 1 0 0 0 
0 0 0 1 0 
0 1 0 0 0 
0 0 0 0.379823 0.620177 
1 0 0 0 0 
0 0 0 0 1 
0 0 0 1 0 
0.291501 0 0 0.708499 0 
0 0 0 1 0 
0 0 0 0 1 
1 0 0 0 0 
1 0 0 0 0 
0 1 0 0 0 
0 1 0 0 0 
0 0 0.45602 0 0.54398 
1 0 0 0 0 
0 1 0 0 0 
0 0 0 0 1 
0 0 0 0 1 
0 0 0 0 1 
0 1 0 0 0 
0 0 0 1 0 
1 0 0 0 0 
0 0.539931 0 0 0.460069 
1 0 0 0 0 
0 0 0 1 0 
0 0 0 0 1 
0 0 0 1 0 
0 0 0.880238 0 0.119762 
0 0 0 1 0 
0 0 0 1 0 
0 0 1 0 0 
0 1 0 0 0 
0 0 1 0 0 
0 0.477478 0 0 0.522522 
0 0 0 0 1 
0 1 0 0 0 
0 0 0 1 0 
1 0 0 0 0 
0 1 0 0 0 
0 0.190972 0 0.809028 0 
0 0.455914 0.544086 0 0 
0 0 0 0 1 
0.620866 0 0.305712 0 0.0734226 
1 0 0 0 0 
0 0 0 0 1 
0 0.585492 0 0.414508 0 
0 0 0 1 0 
0 0 0.662219 0.337781 0 
0 0 0 0 1 
0 0 1 0 0 
0 0 0 0 1 
0 0 0 1 0 
0 1 0 0 0 
0 0 0 1 0 
0 0 0 0 1 
0 0 0 1 0 
0 1 0 0 0 
0 1 0 0 0 
0 0 0 0 1 
0 0.416478 0 0 0.583522 
0 0 0 0.5182 0.4818 
1 0 0 0 0 
0 1 0 0 0 
0 0 0 1 0 
0 0 0 0 1 
0 1 0 0 0 
0 0 0 0 1 
0.654804 0 0.345196 0 0 
0 0 1 0 0 
0 0 0 0 1 
0 1 0 0 0 
0 0 1 0 0 
0 0 0 0 1 
0 0 1 0 0 
1 0 0 0 0 
0 0 1 0 0 
0 0 0 0.476408 0.523592 
0 0 1 0 0 
0.41625 0.145063 0.438687 0 0 
0 1 0 0 0 
0 1 0 0 0 
0 0 0 0 1 
0 0 1 0 0 
0 0 1 0 0 
0 0 0.454566 0 0.545434 
0 1 0 0 0 
0 0 0 0 1 
0 1 0 0 0 
0 0 0 1 0 
0 0 1 0 0 
0 0 0 0 1 
0 0 0.479024 0.520976 0 
0 0.673595 0 0.326405 0 
0 0 0 1 0 
0 0 1 0 0 
0 0 0 1 0 
0 0 0 1 0 
0 1 0 0 0 
0 0 0 0 1 
1 0 0 0 0 
1 0 0 0 0 
0 0 0 0 1 
0 0.326843 0 0 0.673157 
0 0 0 1 0 
1 0 0 0 0 
0 0 0 1 0 
0.342759 0 0.657241 0 0 
0 0 0 1 0 
0 0 0 1 0 
0 0 0 0 1 
0.563707 0 0.436293 0 0 
1 0 0 0 0 
0 0.24192 0.430885 0.327194 0 
1 0 0 0 0 
1 0 0 0 0 
0 0.525624 0 0.474376 0 
0 0 0.424152 0.575848 0 
0 1 0 0 0 
0 0 1 0 0 
0 0 0 1 0 
0 1 0 0 0 
0 0 1 0 0 
0 0 0 0 1 
0 0 0.637076 0.362924 0 
0 0 0.402551 0.597449 0 
0 0 0 1 0 
0 1 0 0 0 
1 0 0 0 0 
0 1 0 0 0 
0 0 1 0 0 
0 0 1 0 0 
0 0 0 0 1 
0 0 0 0 1 
0 0 0 0 1 
0 1 0 0 0 
0 0 0 0 1 
1 0 0 0 0 
0.270414 0 0 0.729586 0 
0 0 0 0.354207 0.645793 
0 1 0 0 0 
0 0.514703 0 0 0.485297 
0 0 1 0 0 
0 0 0 0 1 
0 0 0 1 0 
0 0 0 0 1 
0 0 0 1 0 
0 0 0 0 1 
0 0.598282 0 0.401718 0 
0 0 0 1 0 
0 0.123225 0 0.876775 0 
0 0 0 1 0 
0 0 1 0 0 
0 0 0 1 0 
0 0 1 0 0 
0 0 0 1 0 
0 0 0 0 1 
0 0 0.582275 0 0.417725 
0 0 0 0 1 
1 0 0 0 0 
1 0 0 0 0 
0 0 0 1 0 
0 1 0 0 0 
1 0 0 0 0 
0 0 1 0 0 
0 0 0 0 1 
0 0 0 0 1 
0 0 0 0 1 
0 0 1 0 0 
0 0 0 0 1 
1 0 0 0 0 
0 0 0 0 1 
1 0 0 0 0 
0 0 1 0 0 
0 0 0 1 0 
0 0 1 0 0 
0 0 1 0 0 
0 0 1 0 0 
0 0 0.514703 0.485297 0 
0 0 0 1 0 
0 0 1 0 0 
0 0 0 0 1 
1 0 0 0 0 
0 0 0 0 1 
0 0 1 0 0 
0 0 1 0 0 
0 1 0 0 0 
0.453383 0 0 0.546616 0 
0 0.200502 0.28119 0.518308 0 
0.446972 0.447836 0.105192 0 0 
0 0 0 1 0 
0 0 0 1 0 
0 1 0 0 0 
0 1 0 0 0 
0 0 0 0 1 
0 1 0 0 0 
0 0 1 0 0 
0 0 0 0 1 
0 0 0 0 1 
1 0 0 0 0 
0 0 0.234925 0.765075 0 
0 0.804255 0 0 0.195745 
0.407155 0 0 0 0.592845 
0 0 0 1 0 
0 0 0 1 0 
0.362632 0 0.637368 0 0 
0 0.61406 0.38594 0 0 
0 0 0 1 0 
0 0 1 0 0 
0 0 0 0 1 
0 0 0 0 1 
0 0 0.374814 0 0.625186 
0 1 0 0 0 
0 0 0 0 1 
0 0 0 0 1 
0 0 1 0 0 
0 0 0 0.428509 0.571491 
0 0 0 1 0 
1 0 0 0 0 
0 0 1 0 0 
0 0 0 1 0 
0 1 0 0 0 
0 1 0 0 0 
0 0 0 1 0 
1 0 0 0 0 
0 1 0 0 0 
0 0 0 1 0 
0.402582 0.597418 0 0 0 
0 1 0 0 0 
1 0 0 0 0 
1 0 0 0 0 
0 0 0 1 0 
0 1 0 0 0 
0 0 0 0 1 
0 0 0 0 1 
0 1 0 0 0 
0 1 0 0 0 
0 0 0 1 0 
0 0 1 0 0 
0 1 0 0 0 
