5 100
0.372312
0.726339
0.363263
0.601278
0.427306
10.6876 0.587376
10.4834 0.488772
10.2645 0.385388
10.2399 0.214949
10.1419 0.618316
9.84843 1.1536
9.5031 0.594275
8.83663 1.35301
8.75225 1.15768
8.71349 1.37435
7.92916 0.837243
7.89196 0.848662
7.79934 0.209792
7.6135 1.96819
7.33285 1.43634
7.21677 2.27589
7.17111 0.442054
6.99599 1.23168
6.77159 1.17538
6.63634 2.31669
6.48392 1.24051
6.3108 2.44907
6.27759 1.00918
5.9562 2.63888
5.94535 3.01803
5.77895 2.54326
5.59947 2.1093
5.39936 3.20489
5.30988 3.07116
5.14444 1.71928
4.89307 3.2592
4.83766 3.60109
4.73789 2.06787
4.44256 3.29349
4.37365 3.05824
4.23635 3.36838
4.16191 3.49102
3.9834 2.73271
3.97929 3.61118
3.91442 2.9366
3.76172 2.92087
3.57886 3.11162
3.35141 3.43508
3.07108 3.94634
2.93266 3.54289
2.66316 4.26256
2.65931 4.38879
2.65412 5.30877
2.62987 4.34856
2.58032 5.63285
2.57418 3.89281
2.43299 4.74247
2.36737 5.69583
2.353 4.38332
2.29749 6.59534
2.26711 4.89479
1.96048 4.41439
1.92272 4.7589
1.87678 4.43766
1.84089 5.68179
1.8303 7.28181
1.81589 4.20958
1.71256 6.96272
1.66131 6.57778
1.61831 5.00138
1.59042 4.82238
1.56306 7.32802
1.54084 5.99193
1.44548 5.4654
1.32871 5.28809
1.1204 7.40509
1.00155 5.9994
0.86355 7.11096
0.861998 5.63896
0.804724 5.26606
0.798039 6.94991
0.612381 5.98863
0.534919 8.12929
0.425577 7.10646
0.406614 7.70309
0.377739 6.41294
0.26723 8.91463
0.261625 8.06654
0.18864 10.6602
0.187975 7.15701
0.169132 7.32182
0.137034 9.97435
0.136566 8.28418
0.133623 7.03285
0.126501 9.84332
0.0925383 9.13727
0.0887009 10.7385
0.0843423 7.63923
0.0842935 7.44473
0.0506145 8.12274
0.0339787 9.09427
0.0187696 9.84975
0.00630435 10.8794
0.00426506 8.02883
0.00144905 9.53821
0 0.287346 0.712654 0 0 
0 0 1 0 0 
0 1 0 0 0 
0 1 0 0 0 
0 0.549213 0 0 0.450787 
1 0 0 0 0 
0 0 0 1 0 
0 0 1 0 0 
0 0 0 1 0 
0 0 0 0 1 
0 0 1 0 0 
0 0 0 0 1 
0 1 0 0 0 
1 0 0 0 0 
0 0.117036 0.882964 0 0 
0.273346 0 0 0.726654 0 
0 1 0 0 0 
0 0 0 1 0 
0 0 1 0 0 
0 0 0 1 0 
0 0 0 0 1 
0.615036 0 0 0 0.384964 
0 0 1 0 0 
0 1 0 0 0 
0 0 1 0 0 
0 0 0 1 0 
0 0 0 1 0 
0 0 0 1 0 
1 0 0 0 0 
0 0 1 0 0 
0 0 0 1 0 
0 0 0.213182 0.786818 0 
0 0 1 0 0 
0 0 1 0 0 
0 1 0 0 0 
0 0 0 0 1 
0 1 0 0 0 
0 0 0 1 0 
0 1 0 0 0 
0 0.549977 0 0.450023 0 
1 0 0 0 0 
0 0 0 0 1 
0 0 1 0 0 
0 0 0 0 1 
0 0.368451 0 0.631549 0 
0 1 0 0 0 
0 0 0 0.843019 0.156981 
0 0 0 0 1 
0 1 0 0 0 
0 1 0 0 0 
0.45974 0 0 0 0.54026 
0 0 1 0 0 
1 0 0 0 0 
1 0 0 0 0 
1 0 0 0 0 
0 1 0 0 0 
0 1 0 0 0 
0 0 0 0 1 
0 0 0 0.53197 0.46803 
0 0 0 1 0 
0 1 0 0 0 
0.657841 0.342159 0 0 0 
0 0 0 0 1 
0 1 0 0 0 
0.412751 0 0.587249 0 0 
0 0 1 0 0 
0 0 0 0 1 
0 0 1 0 0 
0 1 0 0 0 
0 0 1 0 0 
1 0 0 0 0 
0 0 1 0 0 
0.397649 0 0.602351 0 0 
0 0 1 0 0 
0 0 1 0 0 
0 0 0 0 1 
1 0 0 0 0 
0 0 0 1 0 
0.315718 0.192107 0 0 0.492175 
0 0 0 0 1 
0 0 1 0 0 
0 0.365475 0 0.634525 0 
0 0 0.272838 0.727162 0 
0 0 1 0 0 
0 0 0 0 1 
1 0 0 0 0 
0 0.409244 0 0 0.590756 
0 0 1 0 0 
1 0 0 0 0 
0 0 0 0 1 
1 0 0 0 0 
0.133404 0 0 0 0.866596 
0 0 0 0 1 
0 0 0 0 1 
0 0 0 1 0 
1 0 0 0 0 
1 0 0 0 0 
0 0 1 0 0 
0 0 0 0 1 
1 0 0 0 0 
