10 25
0.426918
0.564826
0.437246
0.442505
0.512434
0.471484
0.513207
0.543071
0.741039
0.457725
11.3586 0.243474
8.71173 0.858238
7.7255 1.63123
7.14474 1.79269
7.1023 0.418618
7.08557 1.89201
6.89284 0.800973
6.10796 2.36901
6.04948 1.16155
5.9372 2.36737
5.78531 2.08491
5.03255 3.31039
3.80337 3.85124
2.92151 4.07467
2.67573 4.98238
2.62526 4.02257
1.91002 5.95998
1.434 6.38724
1.32801 4.86876
1.18307 5.99142
0.729962 7.74489
0.542046 5.99225
0.359641 9.69601
0.322682 9.49037
0.110475 8.56149
0 0 0 0 0 1 0 0 0 0 
0 0 0 0 0 0 0 1 0 0 
0 0 0 0 0 0 0 1 0 0 
0 0 0 0 0 0 0 1 0 0 
0 0 0 0 0 0 0 1 0 0 
0 0 1 0 0 0 0 0 0 0 
0 0 0 0 0 0 0 1 0 0 
0 0 0 0 0.605213 0.273017 0 0.12177 0 0 
0 0 0 0 0 0 1 0 0 0 
0 0 1 0 0 0 0 0 0 0 
0 0 0 1 0 0 0 0 0 0 
0 0 0 1 0 0 0 0 0 0 
0 0 0 1 0 0 0 0 0 0 
0.586737 0 0.413263 0 0 0 0 0 0 0 
0 0 0 0 0 0 1 0 0 0 
0 0.676493 0 0 0.323507 0 0 0 0 0 
0 0 0 0 1 0 0 0 0 0 
0 0 0 0 0 0 0 0 0 1 
0 1 0 0 0 0 0 0 0 0 
0 0 0 0 0 1 0 0 0 0 
0 0 0 0 0 0 0 0 0 1 
0 0 1 0 0 0 0 0 0 0 
0.582067 0 0 0.417933 0 0 0 0 0 0 
0 0 0 0 0 0 1 0 0 0 
0 0 0 0 0 0 0 0 0 1 
