5 500
0.326295
0.629059
0.666863
0.389046
0.592602
12.0142 0.191644
11.5955 0.16978
11.2525 0.31602
11.1329 0.389836
11.0861 0.399471
10.9091 0.708085
10.9 0.22363
10.691 0.561866
10.5103 0.462645
10.4615 0.512235
10.3702 0.396541
10.3211 0.831479
10.2976 0.192564
10.0656 0.397489
9.86053 0.236671
9.77408 0.606149
9.67408 0.492194
9.49064 0.831914
9.44711 0.927929
9.43626 1.11744
9.42726 0.973666
9.32494 0.248878
9.30486 1.33901
9.26471 1.17799
9.15261 0.844462
9.14213 1.43187
9.11276 0.107551
9.07428 1.18548
9.00883 0.997526
8.98989 0.683721
8.95284 0.506855
8.94415 0.116348
8.93869 1.01849
8.92972 0.505844
8.71741 0.988213
8.6584 0.721388
8.62712 0.280519
8.54467 0.768129
8.53972 1.24349
8.5089 1.44489
8.49152 0.992167
8.47834 1.25629
8.46554 0.79978
8.3904 1.51483
8.36908 1.02729
8.30657 1.77052
8.26457 0.167461
8.24603 1.10271
8.20512 1.44107
8.14674 0.817403
8.05778 1.33209
8.01841 0.636103
7.99614 1.28502
7.98882 1.09126
7.96904 0.616076
7.95429 1.12836
7.79403 0.099281
7.77903 0.22409
7.75752 0.702399
7.73531 1.60896
7.7323 1.74184
7.69457 0.800597
7.68325 1.497
7.65747 1.8753
7.61513 1.09611
7.55713 1.03963
7.55087 2.16416
7.44141 0.978328
7.43775 0.47889
7.41827 2.4953
7.41789 1.47218
7.37611 1.37035
7.25922 1.22215
7.23851 1.49058
7.22616 2.48091
7.19911 0.358605
7.16825 2.50522
7.15453 2.27166
7.13956 2.69713
7.11767 1.38733
7.11723 1.74737
7.11483 1.67788
7.03649 1.3301
7.02129 2.34789
7.00941 0.934736
6.90792 1.84057
6.82839 1.66217
6.79205 1.82496
6.74392 2.2498
6.69669 2.12152
6.63465 1.89399
6.62829 2.15614
6.61655 2.15167
6.61503 2.07823
6.49085 2.06995
6.47859 1.30964
6.43264 1.68213
6.41058 1.25294
6.38088 2.52391
6.35007 1.09601
6.33252 2.97899
6.32444 2.1292
6.30265 2.7756
6.29251 2.85662
6.28985 1.61917
6.26758 1.17017
6.23735 1.66175
6.20308 2.44951
6.18338 2.59889
6.16032 2.30438
6.1153 3.05858
6.07947 1.70736
6.07355 1.85934
6.03041 1.976
5.9717 1.29996
5.96863 2.2424
5.91127 2.11412
5.89682 1.94923
5.83102 1.77019
5.77866 2.04059
5.72732 2.26156
5.67477 2.7853
5.62719 1.94647
5.61017 2.79061
5.60726 3.39698
5.5848 3.51084
5.57852 3.6942
5.56804 1.30028
5.55632 2.54485
5.5356 1.88751
5.52301 3.61794
5.52069 2.62861
5.50635 2.90387
5.5033 3.57515
5.4724 1.54506
5.43052 2.58325
5.37911 1.71506
5.33841 2.92172
5.3339 3.04173
5.30713 3.47188
5.27649 1.90553
5.26643 2.4878
5.26243 2.61927
5.17315 2.15653
5.15649 2.40677
5.15079 2.42644
5.13709 2.76448
5.11523 2.76942
5.09048 3.22107
5.06629 3.99144
5.03253 1.51756
4.94293 2.56536
4.93061 2.63663
4.91587 2.91154
4.87872 2.95165
4.87422 2.72295
4.83573 2.22049
4.83204 1.67926
4.78944 2.1023
4.76633 2.42011
4.73872 3.13862
4.70698 2.93917
4.59652 3.87253
4.54094 2.90675
4.52126 2.88352
4.50678 2.69613
4.45424 4.22495
4.40336 2.83572
4.39358 2.74729
4.38893 2.42737
4.29367 3.09565
4.29152 3.75792
4.28231 2.80715
4.26691 2.45412
4.25588 3.25221
4.22803 3.56211
4.19534 3.10786
4.191 3.68627
4.17183 3.82133
4.14331 4.73788
4.12863 4.26059
4.03602 4.00109
4.02572 4.07796
4.00301 3.33827
3.9733 4.15313
3.95265 4.3887
3.94474 3.66224
3.92736 5.09496
3.90758 2.42433
3.90448 3.87144
3.90276 3.6792
3.87763 4.81523
3.8521 4.47427
3.85018 3.97737
3.76818 3.99325
3.75201 4.19783
3.71855 2.59965
3.71532 2.72134
3.71235 2.59343
3.66138 2.96519
3.64356 5.02866
3.63767 4.62186
3.58446 2.88109
3.54317 3.10555
3.50271 2.99342
3.43732 3.374
3.40849 5.46268
3.40687 4.55513
3.3517 3.77138
3.34604 4.67628
3.32623 4.14981
3.32621 5.76036
3.31609 3.53486
3.30475 4.45587
3.30365 5.7881
3.30104 4.04613
3.29367 4.37571
3.27271 4.2599
3.27102 3.89968
3.26932 3.24752
3.24568 5.20689
3.23757 4.62891
3.21772 4.18548
3.18795 3.63267
3.16646 4.02535
3.16084 3.54918
3.15412 5.321
3.11759 4.05348
3.09739 5.55452
3.07098 3.01373
3.06989 5.41653
3.04956 4.08028
2.9168 6.35848
2.88593 4.3124
2.87108 3.74859
2.82897 4.37449
2.82094 4.79002
2.79658 4.16554
2.70998 5.04969
2.70433 5.82954
2.69599 4.13946
2.6928 4.43847
2.69185 4.31999
2.67786 4.56304
2.61197 4.27067
2.5947 4.52526
2.58984 4.17525
2.54213 4.43246
2.5281 5.28486
2.52123 4.25036
2.51532 5.05003
2.48306 3.8002
2.45125 5.69196
2.44526 4.26856
2.43176 3.90771
2.42186 4.73636
2.4149 3.77527
2.41237 5.72809
2.3866 5.25191
2.36925 3.50854
2.36002 6.48932
2.33925 5.20205
2.33604 4.62216
2.31792 4.32182
2.31 6.42655
2.26628 5.43375
2.18936 4.82909
2.14487 6.73999
2.13166 5.23206
2.09341 3.92216
2.09314 7.27682
2.09117 4.71338
2.08198 4.67474
2.03495 4.77065
2.02929 4.4805
2.01375 6.21975
2.00909 5.8835
1.99235 6.4962
1.97245 5.52788
1.9172 4.51155
1.90534 4.93949
1.90524 5.76191
1.8975 5.27734
1.8874 6.41398
1.87538 4.53827
1.81354 5.98549
1.79306 4.70452
1.79232 6.90861
1.77568 5.60698
1.76556 5.98057
1.73064 6.20595
1.71053 6.37856
1.68763 4.52029
1.6669 4.76079
1.64787 5.52481
1.64116 5.04121
1.61731 6.96475
1.6142 6.85543
1.5164 4.96858
1.51361 5.13016
1.50182 6.4172
1.43691 6.79232
1.41946 6.17996
1.41067 5.29257
1.37113 6.58721
1.35081 7.882
1.33578 8.01141
1.33364 7.65253
1.30113 5.54742
1.26832 4.93979
1.26744 5.98349
1.23398 5.60228
1.23363 5.57705
1.21771 7.28079
1.19379 5.63046
1.19324 4.76748
1.19243 6.53295
1.1918 6.04451
1.16344 6.96347
1.15868 7.13338
1.14757 6.98496
1.12692 6.98972
1.12209 7.02379
1.09015 6.84361
1.08955 5.64701
1.07988 6.03582
1.07353 5.80505
1.04312 6.30679
1.0379 7.296
1.01738 5.72
1.01418 6.76001
1.0102 6.74596
1.00465 6.90561
0.993351 5.32437
0.986503 6.18301
0.963992 7.96686
0.955847 7.47631
0.954734 6.62457
0.940401 8.82438
0.927931 6.06507
0.927238 7.35403
0.900665 7.77942
0.871963 8.4926
0.865997 6.46906
0.863284 7.50807
0.858627 6.1819
0.852943 6.45297
0.844017 8.32843
0.833101 6.49805
0.831947 7.66057
0.824472 7.70649
0.814554 6.17217
0.802676 7.04737
0.79015 8.59223
0.781985 8.09615
0.776293 8.50122
0.75433 6.73114
0.727506 6.09469
0.726487 7.82603
0.724633 9.04847
0.715383 8.18541
0.672477 7.61598
0.662331 7.17877
0.659439 6.34985
0.634792 8.45664
0.609842 6.21867
0.607695 7.35405
0.594191 6.06311
0.59098 8.37775
0.581527 7.45191
0.580179 6.87608
0.576217 9.77285
0.5747 8.38737
0.574582 8.18738
0.553102 9.41579
0.545873 9.77031
0.545143 7.31242
0.542908 7.25119
0.5345 8.68205
0.530446 8.59214
0.520143 8.72497
0.511494 6.90296
0.497337 8.97819
0.496436 6.75582
0.483725 8.22887
0.4474 8.17274
0.427688 8.61228
0.425467 7.0514
0.424912 6.93095
0.423485 6.72106
0.418217 7.72359
0.414284 8.75794
0.40302 8.58501
0.401873 9.50237
0.393147 8.03668
0.387737 8.09696
0.378411 8.18522
0.376804 6.93693
0.373104 8.68246
0.347787 7.8252
0.338742 6.33875
0.334422 10.0415
0.325953 9.04373
0.319515 8.7786
0.313266 9.35893
0.307472 8.93223
0.303896 8.03563
0.29922 8.81524
0.2964 8.96196
0.293231 7.14229
0.292874 9.68288
0.286864 7.13096
0.270564 8.69407
0.264875 9.74674
0.26055 6.69805
0.252602 7.625
0.249252 7.76193
0.246789 9.30134
0.239608 6.49043
0.238735 10.4875
0.235126 9.76112
0.206983 10.2851
0.201062 6.68158
0.19724 10.0602
0.196519 7.00208
0.196387 7.98371
0.190327 7.59263
0.189861 9.98302
0.189369 7.88985
0.184699 9.7696
0.175367 10.8132
0.172355 8.9439
0.167177 9.04434
0.166714 9.90478
0.160748 6.95991
0.159206 6.67066
0.157821 7.83358
0.156581 8.14197
0.146261 7.81177
0.141033 9.79123
0.140177 10.7568
0.140121 11.0739
0.137973 7.20852
0.134407 8.8474
0.131009 7.82059
0.11951 9.70935
0.115931 9.06556
0.110442 9.52665
0.105045 9.87744
0.102828 8.31945
0.102816 9.49163
0.096361 10.0799
0.0903325 7.13979
0.0849769 6.99138
0.0847109 10.7178
0.0841515 8.70947
0.0830173 8.65421
0.0790296 8.53196
0.0768771 11.3603
0.0741216 10.5441
0.0713317 7.80752
0.0708809 8.7765
0.0668202 8.67938
0.0557008 9.50147
0.0542516 9.03214
0.0539475 11.1367
0.048005 8.08132
0.0461246 9.21907
0.0460499 9.68163
0.0441102 11.3566
0.0423066 9.84854
0.041959 10.6017
0.0373563 7.59733
0.0348497 11.6557
0.0325523 8.75935
0.0321146 10.0281
0.0319321 10.8336
0.0307589 11.7484
0.0305623 8.52997
0.0295332 9.45584
0.0258702 8.17531
0.0251658 9.96125
0.021325 10.3422
0.0212326 10.5761
0.0190847 10.8869
0.0185209 9.51802
0.0147652 8.74946
0.0141946 10.9389
0.0131888 9.85603
0.00882046 11.4127
0.00835417 7.989
0.00715654 10.2915
0.00596018 7.50743
0.00404096 8.37325
0.00306239 8.11071
0.00269101 11.7816
0.00256401 9.5046
0.00245296 7.85563
0.00172887 11.1706
0.00165766 7.63657
1 0 0 0 0 
0 0 1 0 0 
0 0 0 1 0 
0 0 0 1 0 
0 0 0 0 1 
0 1 0 0 0 
0 0 1 0 0 
0 0 0 1 0 
0 0 0 0 1 
0 0 1 0 0 
1 0 0 0 0 
0 0 0 0 1 
0 0 1 0 0 
0 1 0 0 0 
0 0 1 0 0 
0 1 0 0 0 
0 0 0 0 1 
0 0 1 0 0 
0 0 0 1 0 
0 0 1 0 0 
0 0 0 0 1 
0 0 1 0 0 
0.226223 0 0.773777 0 0 
0 0.284846 0 0 0.715154 
1 0 0 0 0 
1 0 0 0 0 
0 0 0 1 0 
0 0 0.31125 0.545214 0.143535 
0 0 1 0 0 
0 0 0 1 0 
1 0 0 0 0 
0 0 0 1 0 
0.468956 0 0 0 0.531044 
0.170759 0 0 0 0.829241 
0 1 0 0 0 
0 0.230581 0 0.769419 0 
1 0 0 0 0 
0 0 1 0 0 
0 0 0 0 1 
0 1 0 0 0 
0 0 0 1 0 
1 0 0 0 0 
0 0 1 0 0 
0 0 0 0.895787 0.104213 
0 0 0.518995 0 0.481005 
1 0 0 0 0 
0 0 0 1 0 
0 0 0.501596 0.498404 0 
1 0 0 0 0 
0 1 0 0 0 
0 0 0 1 0 
0 0 0 1 0 
0 0.370927 0.629073 0 0 
0 0.329854 0.670146 0 0 
0 0 0 1 0 
1 0 0 0 0 
0 0 0 0 1 
0 0 0 0 1 
1 0 0 0 0 
0 1 0 0 0 
1 0 0 0 0 
1 0 0 0 0 
0 1 0 0 0 
0 0 0.525556 0 0.474444 
0 1 0 0 0 
0 0 0 0 1 
0 1 0 0 0 
0 0 0 0.341857 0.658143 
0 0 0 1 0 
0 0 0 0 1 
0 0 1 0 0 
0 0.506246 0 0.493754 0 
0 1 0 0 0 
0 0 0.648263 0 0.351737 
1 0 0 0 0 
0 0 0 0 1 
0 0 0 1 0 
1 0 0 0 0 
0 0 0 1 0 
0 0 1 0 0 
0 1 0 0 0 
0 0 0 0 1 
0 0 0 0 1 
0 1 0 0 0 
0 0 0 0 1 
0 0 0 0 1 
0 1 0 0 0 
0 0 0.224575 0 0.775424 
1 0 0 0 0 
0.529648 0 0.470352 0 0 
1 0 0 0 0 
0 0 0 1 0 
0 0 0 0 1 
1 0 0 0 0 
0 0 1 0 0 
0 0 1 0 0 
1 0 0 0 0 
0 0 1 0 0 
1 0 0 0 0 
0 0 0 1 0 
1 0 0 0 0 
0 0 1 0 0 
0 1 0 0 0 
0 0 0 0 1 
0 0 1 0 0 
0 0 0 1 0 
0 0 0 0 1 
0 0 1 0 0 
1 0 0 0 0 
0 1 0 0 0 
0 0 0 0 1 
0 1 0 0 0 
0 1 0 0 0 
1 0 0 0 0 
0.381299 0 0.618701 0 0 
0 0 1 0 0 
0 1 0 0 0 
0 0.501352 0 0.498648 0 
0 0 0 1 0 
0 0.138167 0.677272 0 0.184561 
0 0 0 1 0 
0 0 0 1 0 
0 0 0 0 1 
0 0 1 0 0 
0 0 1 0 0 
0 1 0 0 0 
0 0 0 1 0 
0 0 1 0 0 
1 0 0 0 0 
0 0 1 0 0 
0 1 0 0 0 
1 0 0 0 0 
1 0 0 0 0 
0 0.511782 0.488218 0 0 
0 0 0 1 0 
0 0 0 0 1 
0 0 0 1 0 
1 0 0 0 0 
0 0 1 0 0 
0 0 0.626348 0.373652 0 
0 0 1 0 0 
0 0 1 0 0 
0 1 0 0 0 
0 1 0 0 0 
0 0.209655 0.790345 0 0 
1 0 0 0 0 
0 0 0 1 0 
0 0 1 0 0 
0 1 0 0 0 
0 0 0 1 0 
0 0 0 0 1 
0 0.643632 0.356368 0 0 
0 0 0 0 1 
0 1 0 0 0 
1 0 0 0 0 
0.304998 0 0.695002 0 0 
0 0 1 0 0 
0 0 0 0 1 
0 0 0 1 0 
0 0 1 0 0 
0 0 0 0 1 
1 0 0 0 0 
0 0 0 0 1 
0 0 1 0 0 
0 1 0 0 0 
1 0 0 0 0 
0 0 0 1 0 
1 0 0 0 0 
0.380869 0.619131 0 0 0 
1 0 0 0 0 
0.297074 0.702926 0 0 0 
0 0 0 1 0 
0 1 0 0 0 
0 0.780799 0 0.219201 0 
0 0 0 0 1 
0 1 0 0 0 
0 0 0 1 0 
0 0.368942 0.631058 0 0 
0 0 0 0 1 
0 0 0 0 1 
1 0 0 0 0 
0 0 1 0 0 
0 0 1 0 0 
0.501839 0.498162 0 0 0 
0.67155 0 0 0 0.32845 
0 0 0 1 0 
0 0 0 0 1 
0 0 0 0 1 
1 0 0 0 0 
0 1 0 0 0 
0 0 0 0 1 
0 0 0 0 1 
0 0 0 0 1 
0 1 0 0 0 
0 1 0 0 0 
0 0 0 0 1 
0 1 0 0 0 
0 0.58487 0 0.211392 0.203738 
0 0 0 0 1 
0 0 1 0 0 
1 0 0 0 0 
0 0 0 0 1 
0 0 0 1 0 
1 0 0 0 0 
0.51356 0 0.48644 0 0 
0 0 0 0 1 
0.681147 0 0.318853 0 0 
0 0 0 0 1 
1 0 0 0 0 
0 0 0 1 0 
0 0 0.562268 0 0.437732 
0 0 0 0 1 
0 0 0 0 1 
0 0 0 1 0 
0 0 0 0 1 
0 0 1 0 0 
0 1 0 0 0 
0 0 0 1 0 
1 0 0 0 0 
0 0 0 0 1 
0 1 0 0 0 
1 0 0 0 0 
0 0.836694 0 0.163306 0 
0 1 0 0 0 
0 1 0 0 0 
0 0 1 0 0 
0 1 0 0 0 
0 0 0 1 0 
0 0.682952 0 0.317048 0 
0 0 0 0 1 
0 0 1 0 0 
0 1 0 0 0 
0.407852 0.411674 0 0.180474 0 
0 0 0 0 1 
1 0 0 0 0 
0.613437 0 0.386563 0 0 
0 0 0 1 0 
0 0 0 1 0 
0 0.429447 0 0.570553 0 
0 0 1 0 0 
0 0 0 1 0 
1 0 0 0 0 
0.389228 0 0.610772 0 0 
0 1 0 0 0 
0.302083 0 0 0.697917 0 
0 0 0 1 0 
0 0 0.77224 0.22776 0 
0 1 0 0 0 
1 0 0 0 0 
0 1 0 0 0 
1 0 0 0 0 
0 0 1 0 0 
0 0 0.273384 0.726616 0 
0 0 1 0 0 
0 0 0 0 1 
0 1 0 0 0 
1 0 0 0 0 
0 0 0 1 0 
0 1 0 0 0 
0 0 0 1 0 
0 1 0 0 0 
0 0 0 0 1 
0 0.459121 0 0.540879 0 
0 0 1 0 0 
0 0 1 0 0 
0 0 0.404103 0.595897 0 
0 0 0 1 0 
0 0 0.577536 0 0.422464 
0.123964 0 0.876036 0 0 
0 0.372702 0.627298 0 0 
0 0 0 0 1 
1 0 0 0 0 
0 1 0 0 0 
0 0 1 0 0 
0 0 0 0 1 
0 0 0 0 1 
0 1 0 0 0 
0 1 0 0 0 
1 0 0 0 0 
0 1 0 0 0 
0 0 0 0.535884 0.464116 
0 0.343738 0 0.656262 0 
0 1 0 0 0 
0 0 1 0 0 
0 0 0.755868 0 0.244132 
1 0 0 0 0 
0 0 0 0 1 
0 0 0 0 1 
0 0 0 0 1 
0 0 0 1 0 
0 1 0 0 0 
1 0 0 0 0 
0 0 0.598107 0 0.401893 
0 0.518788 0.481212 0 0 
0.529203 0 0.470797 0 0 
0 1 0 0 0 
0 0 0.568547 0.431453 0 
0 0 1 0 0 
0 0 0.280466 0.719534 0 
0 0 1 0 0 
1 0 0 0 0 
0 1 0 0 0 
0 0 0 0.507753 0.492247 
0 1 0 0 0 
0 1 0 0 0 
0 0 1 0 0 
0 0 1 0 0 
0 0 1 0 0 
0 1 0 0 0 
0 0 1 0 0 
0 0 0 1 0 
0 0 0 0 1 
0 0 1 0 0 
0.580626 0 0.419374 0 0 
0 1 0 0 0 
0 1 0 0 0 
0.41466 0 0.58534 0 0 
0 1 0 0 0 
0 0 0 1 0 
0.247449 0 0.580973 0.171578 0 
0 0 0 1 0 
0 0 0 1 0 
0 0 0 1 0 
0 1 0 0 0 
1 0 0 0 0 
0 0 0 1 0 
0 0.191336 0.808664 0 0 
0 0 0 0 1 
0 0 0 1 0 
1 0 0 0 0 
0 0 0 0.389028 0.610972 
0 0 1 0 0 
0 0 0 0 1 
0 0 0 1 0 
0 0 0.26594 0.73406 0 
0 0 0.231616 0 0.768384 
0 1 0 0 0 
0 1 0 0 0 
0 1 0 0 0 
0 0 0 0 1 
0 1 0 0 0 
0.507058 0 0.492942 0 0 
1 0 0 0 0 
0 0 0 0 1 
0 0.845847 0 0 0.154153 
0 0 0 0 1 
0 0.62607 0.37393 0 0 
0 0 0 0 1 
0 0 0.659981 0.340019 0 
0 0 0 1 0 
0 0 0 0 1 
1 0 0 0 0 
0 0 1 0 0 
0 0 0 0 1 
1 0 0 0 0 
0 1 0 0 0 
0.48887 0 0.51113 0 0 
0 1 0 0 0 
0 0 0 1 0 
0 0 1 0 0 
1 0 0 0 0 
0 0 0 0 1 
0 0 0 0 1 
0 0 0 1 0 
0 1 0 0 0 
0 1 0 0 0 
0 0 0 0 1 
1 0 0 0 0 
0.479813 0 0 0 0.520187 
1 0 0 0 0 
1 0 0 0 0 
0 0 0.523979 0.476021 0 
0 0 0 0 1 
1 0 0 0 0 
0 0 0 0 1 
0 0 1 0 0 
0 0 0 0 1 
0 0 0 1 0 
1 0 0 0 0 
0 1 0 0 0 
0 0 0 0 1 
0 1 0 0 0 
1 0 0 0 0 
1 0 0 0 0 
0 0.743085 0 0.256915 0 
1 0 0 0 0 
0 0 1 0 0 
1 0 0 0 0 
0 1 0 0 0 
0 0 0 0 1 
0 0 0 1 0 
0 0.528326 0.471674 0 0 
0 0 0 1 0 
0 0 1 0 0 
0 1 0 0 0 
0 0 0 0 1 
0.509605 0.490395 0 0 0 
1 0 0 0 0 
0 0 0 0 1 
0 0 1 0 0 
0 0 1 0 0 
0.127027 0 0 0.872973 0 
1 0 0 0 0 
0 0 1 0 0 
0 0 0.374399 0.625601 0 
0 0 1 0 0 
0 0 0 0 1 
1 0 0 0 0 
0 0 0 0 1 
0 1 0 0 0 
0 1 0 0 0 
0 0 0 1 0 
0 0 1 0 0 
1 0 0 0 0 
1 0 0 0 0 
0 0 0 0 1 
1 0 0 0 0 
0 0 1 0 0 
0 0 0.188914 0 0.811086 
0 0 0 1 0 
0 0 1 0 0 
0 0 1 0 0 
1 0 0 0 0 
0 0 0 0 1 
0 0 0 0 1 
0 0 1 0 0 
0 1 0 0 0 
0 0 0 0 1 
0.859886 0 0 0 0.140114 
0 0 1 0 0 
0 0 1 0 0 
0 0 1 0 0 
0 0 1 0 0 
0 0 0 0 1 
0 1 0 0 0 
1 0 0 0 0 
0 0 0 1 0 
1 0 0 0 0 
1 0 0 0 0 
0.208475 0 0.791525 0 0 
0 1 0 0 0 
0 1 0 0 0 
0 0.701055 0.298945 0 0 
0 0.349047 0 0.650953 0 
0 1 0 0 0 
0 0 1 0 0 
0 0 1 0 0 
0 0 1 0 0 
0 0.478335 0 0 0.521665 
1 0 0 0 0 
1 0 0 0 0 
0 1 0 0 0 
0.582438 0 0 0 0.417563 
0.705099 0 0 0.294901 0 
0 0 1 0 0 
1 0 0 0 0 
1 0 0 0 0 
0 0 1 0 0 
0 0 0 0 1 
0 1 0 0 0 
0 1 0 0 0 
0.64843 0.35157 0 0 0 
1 0 0 0 0 
0 0 0 1 0 
1 0 0 0 0 
0 0 0 0.784141 0.215859 
1 0 0 0 0 
0.44238 0.389966 0 0 0.167654 
0 0 0 1 0 
0.647753 0.352247 0 0 0 
0 0 1 0 0 
0.546397 0 0.453603 0 0 
0 0 0 0 1 
0 1 0 0 0 
0 0 0 0 1 
1 0 0 0 0 
0 0 1 0 0 
0 0 0.533715 0.466285 0 
0 0 0 1 0 
0 0 0 1 0 
0 1 0 0 0 
0 0 0 0 1 
0 0 0 0 1 
0 0 0 1 0 
0 0 0 1 0 
0 0 0 0 1 
0 1 0 0 0 
0 0 0 1 0 
0 0 0 1 0 
1 0 0 0 0 
0 0 1 0 0 
0 0 0 0.683904 0.316096 
0 1 0 0 0 
0.881971 0.118029 0 0 0 
0 0 0 0 1 
0 0 0 0 1 
0 0 0 1 0 
0 0 0 0 1 
0 0.245023 0 0.754977 0 
0 1 0 0 0 
