10 100
0.733907
0.272482
0.627555
0.672707
0.653794
0.632314
0.712027
0.445145
0.636799
0.413893
11.4809 0.0895358
10.9584 0.476372
10.9479 0.633887
10.2568 0.336811
10.1499 0.374904
10.095 0.137286
10.083 0.476678
9.78016 0.488726
9.59486 0.137346
9.34637 0.299222
9.31841 0.991979
9.05353 1.14151
8.89814 1.35136
8.72787 0.17565
8.58266 1.26928
8.46604 1.60104
8.14252 1.84651
7.93233 1.68978
7.89499 1.67372
7.65835 1.38883
7.50814 1.99325
7.43768 1.15873
7.31909 0.31978
7.27372 1.53802
7.03119 2.3156
6.95746 1.00332
6.6876 0.593782
6.54093 1.25911
6.34424 1.68189
6.10299 1.73373
6.01046 2.40406
5.96777 1.73991
5.88153 3.33175
5.76726 2.41363
5.72877 1.42385
5.65888 2.84006
5.61527 3.08873
5.31648 3.30775
5.30295 1.45751
5.30002 2.60957
5.25383 2.53527
4.81042 2.59043
4.56862 2.82019
4.43189 2.63848
4.33807 3.65731
4.26517 4.75975
3.94891 3.32645
3.76301 2.58134
3.69262 3.44975
3.69204 3.83298
3.6317 3.69367
3.51554 4.04089
3.47421 3.94937
3.39183 4.3469
3.25943 4.60722
3.0857 3.96454
2.96955 5.44457
2.86998 5.7018
2.57687 5.90866
2.43172 5.29193
2.42599 6.78113
2.27791 3.4953
2.04118 5.08439
1.99868 5.31552
1.95303 6.21464
1.93231 5.62394
1.50914 5.35172
1.4801 7.56816
1.34464 7.66946
1.02247 8.51437
1.02013 7.16782
1.00113 5.00238
0.895943 6.5799
0.834302 5.69435
0.81267 5.66503
0.764891 7.13066
0.718916 8.71858
0.623323 9.00839
0.601477 7.71799
0.433221 8.67021
0.39109 6.21621
0.384863 9.16734
0.338075 7.72998
0.319101 9.69725
0.289021 9.80543
0.213637 9.69807
0.200292 8.93976
0.198515 8.06811
0.172709 9.93523
0.165686 10.6084
0.142248 10.1081
0.123379 11.1158
0.0877502 10.4535
0.0758101 8.15174
0.0697165 9.83735
0.0512178 9.19138
0.0482227 7.19395
0.0448316 11.4701
0.00284704 11.8016
0.00152754 8.37635
0 0 0 0 0 0 0 1 0 0 
0 0 0 0.547463 0 0 0 0.452537 0 0 
0 0 0 0 0 0 0 1 0 0 
0 0 0 0 0 1 0 0 0 0 
0 1 0 0 0 0 0 0 0 0 
0 0 0 1 0 0 0 0 0 0 
0 0 0 0 0 0 0 1 0 0 
1 0 0 0 0 0 0 0 0 0 
0 0 0 0 0.42221 0 0 0.57779 0 0 
0 0 0 0 0 1 0 0 0 0 
0 0 1 0 0 0 0 0 0 0 
0 0 0 0 0 0 1 0 0 0 
0 0 0 0 0 0 1 0 0 0 
0 0 0 0 0 0 0 0 1 0 
0 1 0 0 0 0 0 0 0 0 
0 1 0 0 0 0 0 0 0 0 
0 1 0 0 0 0 0 0 0 0 
0 0 0 1 0 0 0 0 0 0 
0 0 0 0 0 0 0 0 1 0 
0 0 0 0 0 0 1 0 0 0 
0 0 0 0 0 0 0 0 1 0 
0 0 0 0 1 0 0 0 0 0 
0 0 0 1 0 0 0 0 0 0 
0 0 0 1 0 0 0 0 0 0 
0 1 0 0 0 0 0 0 0 0 
0 0 0 0 0 1 0 0 0 0 
0 0 0 1 0 0 0 0 0 0 
0 0 0 0 0 0 1 0 0 0 
0 0 0 0 0 1 0 0 0 0 
0 0 0.735181 0.264819 0 0 0 0 0 0 
0 0 0 0 0 0 0 1 0 0 
0 0 0 0 0 1 0 0 0 0 
0 0 0 0 1 0 0 0 0 0 
0 0 0 0 0 0 0 0 0 1 
0 0 0 0 0 0 0 1 0 0 
0 0 0.475703 0 0 0 0.524297 0 0 0 
0 0 0 0 1 0 0 0 0 0 
0 1 0 0 0 0 0 0 0 0 
0 0 1 0 0 0 0 0 0 0 
0 0 0 0 0 1 0 0 0 0 
0 0 0 1 0 0 0 0 0 0 
0 0 0 0 0 0 0 1 0 0 
0 0 1 0 0 0 0 0 0 0 
0 0 0 0 0 0 0 1 0 0 
0 0 0 0 0 0 0 0 0 1 
0 0 0 0 1 0 0 0 0 0 
0 0 0 0 0 1 0 0 0 0 
0 0 0 0 0 0 0 1 0 0 
0 0 0 0 0 0 0 0 0 1 
0 0 0.684386 0 0 0 0 0 0.315614 0 
0 0 1 0 0 0 0 0 0 0 
0 0 0 1 0 0 0 0 0 0 
0 1 0 0 0 0 0 0 0 0 
0 0 0 0 1 0 0 0 0 0 
0 0 0 0 0 0 0 0 0 1 
0 0 0.722667 0 0 0 0 0 0.277333 0 
0 0.399692 0 0 0 0 0 0.600308 0 0 
1 0 0 0 0 0 0 0 0 0 
1 0 0 0 0 0 0 0 0 0 
0 0 0.150972 0.849029 0 0 0 0 0 0 
0 0 0 0 0 0 0 1 0 0 
0 0 0 0 0 0 0 1 0 0 
0 0 0 0 0 0 0 1 0 0 
0 0 1 0 0 0 0 0 0 0 
0 0 1 0 0 0 0 0 0 0 
0 0 0 0 0.40681 0 0 0 0.59319 0 
0 0.421258 0 0 0 0 0 0 0 0.578742 
0 1 0 0 0 0 0 0 0 0 
0 0 0.460258 0 0 0 0.539742 0 0 0 
0 0 0 0 0 0.175516 0.824484 0 0 0 
0 0 0 0 0 0 1 0 0 0 
0 0 0 0 1 0 0 0 0 0 
1 0 0 0 0 0 0 0 0 0 
0 0 1 0 0 0 0 0 0 0 
0 1 0 0 0 0 0 0 0 0 
0.500324 0 0 0 0.499676 0 0 0 0 0 
0 0.74585 0.25415 0 0 0 0 0 0 0 
0 0 1 0 0 0 0 0 0 0 
0 0 0 0 0.421998 0 0.578002 0 0 0 
0 0 0 0 0.245458 0 0.754542 0 0 0 
0 0 0 0 0 0 0 0 0 1 
1 0 0 0 0 0 0 0 0 0 
0 0 0 0 0 0 0 0 1 0 
1 0 0 0 0 0 0 0 0 0 
0 0 0 0 0 0 0 1 0 0 
0 0.487134 0 0 0 0 0 0 0 0.512866 
0 0.508929 0 0.491071 0 0 0 0 0 0 
0 0 0 1 0 0 0 0 0 0 
0.216618 0 0 0 0 0 0 0 0 0.783382 
0 1 0 0 0 0 0 0 0 0 
0.599009 0 0 0 0 0 0 0 0.400991 0 
0 1 0 0 0 0 0 0 0 0 
0 1 0 0 0 0 0 0 0 0 
1 0 0 0 0 0 0 0 0 0 
0 0 0 0 0 0 0 0 0 1 
0 0 1 0 0 0 0 0 0 0 
0 0 0 0 0 0 0 1 0 0 
0 0 0 0 0 0 0 0 1 0 
0 0 0 0 1 0 0 0 0 0 
0 0 0 0 0 0 1 0 0 0 
