10 300
0.45616
0.454849
0.702889
0.30541
0.50324
0.259383
0.635012
0.534829
0.601227
0.588099
11.7656 0.197076
11.3054 0.351988
11.2051 0.234726
10.8843 0.784966
10.8722 0.149224
10.8215 0.355052
10.2829 0.709572
10.2707 0.184394
10.1264 0.257795
9.9753 0.295724
9.83091 0.264144
9.63095 0.753445
9.38409 0.272155
9.35482 0.968746
9.29636 1.03588
9.03779 0.247484
8.95243 1.32745
8.89054 0.500523
8.78293 1.38609
8.76656 0.181328
8.74955 0.641551
8.74223 0.969508
8.67628 1.09493
8.61317 1.15799
8.55632 1.81789
8.52816 1.40372
8.51984 1.06812
8.28447 1.92743
8.18506 0.430763
8.18502 1.13034
8.15936 1.14511
8.11322 1.0304
8.02805 1.70079
7.95755 1.62143
7.94387 0.48286
7.88205 1.41912
7.80027 0.172492
7.75888 1.88403
7.75808 1.34234
7.73749 0.923236
7.7281 2.32786
7.70186 0.829584
7.67524 2.32391
7.64101 0.346531
7.5688 1.55134
7.37864 1.8248
7.30079 0.445461
7.28406 1.07573
7.22696 1.08129
7.21604 1.15082
7.14974 1.46158
7.12254 2.11552
6.99024 0.94292
6.93037 0.99278
6.89773 2.23393
6.88147 1.23806
6.86508 2.78526
6.6725 1.42615
6.54624 1.43377
6.54609 2.57611
6.50714 2.11258
6.47404 1.89252
6.44988 2.69027
6.43729 1.07494
6.38422 3.2433
6.26946 2.23743
6.22564 2.58664
6.20636 0.864679
6.13018 2.43715
6.1175 2.39855
5.93824 2.72775
5.78904 2.41695
5.69303 1.24545
5.64536 1.48815
5.6234 1.79386
5.58615 3.7703
5.5055 2.03281
5.46103 4.14003
5.38157 3.37831
5.38144 2.49636
5.34933 3.02566
5.24075 1.73824
5.22523 4.18556
5.20144 3.55735
5.10501 2.35639
5.00018 3.39584
4.93919 2.46118
4.90706 3.7163
4.75568 2.88509
4.68395 2.35295
4.67388 4.08464
4.64903 2.36124
4.63958 2.13546
4.5854 3.20589
4.49421 4.10433
4.47999 3.53322
4.42544 2.43957
4.32302 3.24557
4.29901 2.65826
4.26451 4.23285
4.21304 4.15029
4.20591 3.25892
4.14958 3.27147
3.97596 4.87894
3.96582 3.92567
3.91191 2.70715
3.89029 4.01382
3.88123 2.43667
3.81009 4.47437
3.75827 2.86491
3.70316 3.24761
3.67313 3.72019
3.65695 4.42826
3.63231 4.12022
3.56206 3.98942
3.5561 4.43499
3.51829 3.42272
3.5112 3.09156
3.50502 3.90067
3.45385 3.79438
3.44115 2.87714
3.4285 4.58379
3.40826 2.76589
3.40368 4.31231
3.39493 5.03646
3.35841 3.67707
3.29419 3.7792
3.24896 5.16293
3.22686 3.77891
3.15616 3.80856
3.12689 3.85184
3.1227 4.90744
3.01221 4.28949
2.98992 3.97085
2.91527 3.57277
2.91515 3.95163
2.86542 4.65624
2.82595 5.80418
2.82519 6.16416
2.81232 5.23151
2.70939 4.3955
2.63169 4.21824
2.57555 5.33108
2.50211 4.47622
2.47517 3.40506
2.45543 6.09982
2.43629 4.15467
2.39224 5.8938
2.37357 5.07147
2.34535 6.61909
2.29526 3.46861
2.2746 4.26661
2.26556 3.77878
2.26377 4.28332
2.25115 4.55313
2.22869 5.14564
2.22135 4.77591
2.16397 4.56973
2.1449 5.55763
2.10504 6.36414
2.09718 6.16623
2.09653 5.5425
2.08371 4.3926
2.07496 4.58972
2.06575 5.35104
2.04548 6.58556
2.03988 5.33998
2.01068 6.50121
2.00006 5.7125
1.96089 4.85113
1.95945 5.7432
1.87292 6.19268
1.84296 5.01859
1.82897 4.6761
1.82653 4.52965
1.7846 6.6096
1.76777 5.50309
1.7591 5.82728
1.66666 6.78892
1.6212 7.50993
1.58309 5.50219
1.57328 6.75664
1.52174 5.78994
1.51776 6.21833
1.48195 5.65001
1.46028 7.3087
1.45704 5.9615
1.44755 5.01098
1.36044 6.27037
1.32526 6.25154
1.26917 4.7691
1.26002 5.64814
1.21078 7.53231
1.20513 6.60973
1.20211 6.5202
1.18399 4.94565
1.03863 7.42733
1.01831 6.11277
0.996777 6.87453
0.990852 5.83388
0.977939 7.98157
0.974465 5.86495
0.956914 8.5981
0.956443 7.00948
0.932904 7.79469
0.922117 5.83774
0.879323 8.17586
0.85935 7.85308
0.851604 7.68744
0.840449 5.76941
0.825486 5.25325
0.824667 7.85157
0.813722 8.38136
0.791815 7.01023
0.785518 7.34009
0.768491 7.01937
0.746402 6.41973
0.726011 6.62519
0.718963 6.71816
0.698192 6.27526
0.64465 8.08733
0.634923 7.17372
0.626067 7.5145
0.618749 6.37389
0.612411 7.04941
0.606034 7.16164
0.566945 6.31446
0.563789 8.70586
0.560632 6.17973
0.5431 9.11784
0.515349 7.34696
0.510478 8.70438
0.494139 9.25825
0.488055 9.23863
0.476643 6.31686
0.459526 7.25056
0.449853 9.49296
0.449428 9.25816
0.422083 9.01585
0.406107 8.82344
0.405528 6.73986
0.393401 9.8738
0.388383 7.01298
0.387542 6.82502
0.385064 6.16352
0.382841 7.89796
0.310195 9.74804
0.306962 8.75511
0.298309 7.69739
0.281933 6.92694
0.279991 8.99897
0.262708 6.48966
0.262515 9.01699
0.259341 7.83005
0.228002 7.60628
0.211467 8.664
0.210456 6.66313
0.200284 7.05269
0.193344 10.6648
0.191247 7.79618
0.181373 7.12405
0.154984 6.6316
0.150937 8.10625
0.133273 11.0543
0.132188 9.56265
0.1272 9.0685
0.117648 10.1604
0.110235 7.9917
0.10815 7.9057
0.106256 8.49257
0.097661 8.09937
0.0829179 9.02349
0.0777485 11.0348
0.0772005 8.121
0.0763491 7.92833
0.07569 9.51973
0.0669903 8.34318
0.0559951 7.78641
0.0477342 7.17523
0.0434147 8.70646
0.0395659 9.44948
0.0328629 10.5342
0.0320878 9.27471
0.0286058 11.2497
0.0218106 11.3831
0.020403 10.9441
0.0195403 9.16751
0.0170806 8.22027
0.012927 10.4419
0.0104931 11.4655
0.0102894 9.72381
0.0084428 7.72816
0.00829924 7.34332
0.00688199 8.18501
0.00645641 8.92916
0.00615213 8.59319
0.00455345 9.99829
0.00436864 10.1411
0.00240335 8.37045
0.000876762 8.15822
0 0 1 0 0 0 0 0 0 0 
0 0.441928 0 0 0.558072 0 0 0 0 0 
0 0 0 0 0 1 0 0 0 0 
0 0 1 0 0 0 0 0 0 0 
0 0 0 0 1 0 0 0 0 0 
0 1 0 0 0 0 0 0 0 0 
1 0 0 0 0 0 0 0 0 0 
0 0 0 0 0 1 0 0 0 0 
0 0 0 0 0 0 1 0 0 0 
0 0 0 0 0 1 0 0 0 0 
0 0 0 0 0 0 0 1 0 0 
0 0 1 0 0 0 0 0 0 0 
0 0 0 0 1 0 0 0 0 0 
0 0 0 0 0 0 0 1 0 0 
0 0 0 0 1 0 0 0 0 0 
0 0 0 0 0 0 1 0 0 0 
1 0 0 0 0 0 0 0 0 0 
0 0 1 0 0 0 0 0 0 0 
0 0 0 0 0 1 0 0 0 0 
0 0 0 0 0 0 0 0 0 1 
0 1 0 0 0 0 0 0 0 0 
0 1 0 0 0 0 0 0 0 0 
0 0 1 0 0 0 0 0 0 0 
0 1 0 0 0 0 0 0 0 0 
1 0 0 0 0 0 0 0 0 0 
0 0 0 0 1 0 0 0 0 0 
0 0 0 0 0 1 0 0 0 0 
0 0 0 0 0 0 1 0 0 0 
0.660779 0 0 0 0 0 0 0.339221 0 0 
0 0 0 0 1 0 0 0 0 0 
0 0 0 1 0 0 0 0 0 0 
0 0 0 0 0 0 0 1 0 0 
0 0 0 0.449538 0.550462 0 0 0 0 0 
0.218209 0.781791 0 0 0 0 0 0 0 0 
0 0 0 0 1 0 0 0 0 0 
0 0 0 0 0 0 0 1 0 0 
0 0 1 0 0 0 0 0 0 0 
0 0 0 0 0 0 0 1 0 0 
0 0 0 0 0 1 0 0 0 0 
0 0 0 1 0 0 0 0 0 0 
0 0 0 0 0 0 1 0 0 0 
0 0 0 0 0.39649 0 0 0.60351 0 0 
0 0 0 0 0 0 1 0 0 0 
0 0 0 1 0 0 0 0 0 0 
0 0 0 0 1 0 0 0 0 0 
0 0 0 0 1 0 0 0 0 0 
0 0 0 0 0 0 0 0.670791 0 0.329209 
0 0 1 0 0 0 0 0 0 0 
0 0 1 0 0 0 0 0 0 0 
1 0 0 0 0 0 0 0 0 0 
0 0 0 0 1 0 0 0 0 0 
0 0 0 1 0 0 0 0 0 0 
0 0 0 0 0 0 0 1 0 0 
0 1 0 0 0 0 0 0 0 0 
1 0 0 0 0 0 0 0 0 0 
0 0 0 0 0 0 0 0 0 1 
0 0 0 0 1 0 0 0 0 0 
0.119145 0.367546 0.51331 0 0 0 0 0 0 0 
0 0 0 0 1 0 0 0 0 0 
0 0 0 0 1 0 0 0 0 0 
0 1 0 0 0 0 0 0 0 0 
0 0 0 0 0 0 0 1 0 0 
0 0 1 0 0 0 0 0 0 0 
0 0 1 0 0 0 0 0 0 0 
0 0 0 0.31941 0 0.68059 0 0 0 0 
0 0 1 0 0 0 0 0 0 0 
0 0.528849 0.349876 0 0 0 0 0 0.121275 0 
0 0.392308 0 0 0.607692 0 0 0 0 0 
0 0 0 0 0 0 1 0 0 0 
0 0 1 0 0 0 0 0 0 0 
0 1 0 0 0 0 0 0 0 0 
0 0 0 0 1 0 0 0 0 0 
0 0 0 0 0 0 1 0 0 0 
0 0 0 0 0 0 0.73008 0.26992 0 0 
0 0 0 0 0 0 0 0 1 0 
0 0 0 0 0 0 0 0 0 1 
0 1 0 0 0 0 0 0 0 0 
0 0 0 0 0 0 0 0 0 1 
0 0 0 0 0 0 1 0 0 0 
0 0 0 0 0 0 0 0 1 0 
0 0 0 0 0 1 0 0 0 0 
0 0 0 0 0 0 0 1 0 0 
0 0 0 0 0 0 1 0 0 0 
0 0 0 0 0 0 1 0 0 0 
0 0 0 0 0 0 0 0.540667 0.459333 0 
1 0 0 0 0 0 0 0 0 0 
0 1 0 0 0 0 0 0 0 0 
0 0 0 0 0 1 0 0 0 0 
1 0 0 0 0 0 0 0 0 0 
0 0 0 0 0 0 0 0 1 0 
0 0 0 0.757267 0 0.242733 0 0 0 0 
0 0 0 0 0 0 0 1 0 0 
0 0 0 0 0 1 0 0 0 0 
0 0 0 0 0 0 0 0 1 0 
0 0 0 0 0 0.52153 0 0 0 0.47847 
0 1 0 0 0 0 0 0 0 0 
0 0.382392 0 0 0 0 0 0 0.617608 0 
0 0 0 1 0 0 0 0 0 0 
0 0 0 0 0 0 0 0 0 1 
0 0 0 0 0 0 0 0 1 0 
0 0 0 0 0 0 0 0 0 1 
0 0 0 0 0 0 1 0 0 0 
0 0 0 0 1 0 0 0 0 0 
0 0 0 0 0 0 0 1 0 0 
0 0 0 1 0 0 0 0 0 0 
0 0 0.473309 0 0.526691 0 0 0 0 0 
0 0 0 1 0 0 0 0 0 0 
0 0 0.858819 0 0.141181 0 0 0 0 0 
0 0 0 0 0 0 0 0 0 1 
1 0 0 0 0 0 0 0 0 0 
0 0 0 0 0 0.784291 0 0.215709 0 0 
0 0 0 0 0 0.508916 0 0 0.491084 0 
0.857418 0 0 0 0 0 0 0.142582 0 0 
0 1 0 0 0 0 0 0 0 0 
0 0 0 0 0 0 0 0 1 0 
0 0 0 0 0 0 0 1 0 0 
0 0 0 0 0 0 0 0 0 1 
0 0 0 0 0 0 0 1 0 0 
0 0 0 0 0 1 0 0 0 0 
0 0 0 0.415387 0 0 0 0 0 0.584614 
0 1 0 0 0 0 0 0 0 0 
0 0 0 0 0 1 0 0 0 0 
0 0 0 0 0 0 1 0 0 0 
0 0 0 0 0.474248 0 0 0 0.525752 0 
0 0 0 0 0 0 0 0 1 0 
0 0 0 0 0 1 0 0 0 0 
0 0 0 0 0 0 1 0 0 0 
0.557283 0 0.442717 0 0 0 0 0 0 0 
0 0 0 0 0 0 0 0 0 1 
0 0 0 0 0 0 0 1 0 0 
0 0 0 0 0 0.310196 0 0 0.537541 0.152263 
0 0 0 0 0 1 0 0 0 0 
0 0 0 0 0 0 0 0 1 0 
0 0 0 0.596084 0 0 0 0 0 0.403916 
0 0 0 0 0 0 0 0 1 0 
0 0 1 0 0 0 0 0 0 0 
0 0 0 1 0 0 0 0 0 0 
0 0 0 0 0 1 0 0 0 0 
0 0 0 0 0 0.199859 0.800141 0 0 0 
0 0 0 0 0 0.525044 0 0 0.474956 0 
0 0 0 0 1 0 0 0 0 0 
0 1 0 0 0 0 0 0 0 0 
0 1 0 0 0 0 0 0 0 0 
0 0 0 0 0 0.558728 0 0.441272 0 0 
0 0 0 0 0 0 0 0 1 0 
0 0 0 0 0 0 0 0 1 0 
0 0 0 0 0 0 0 0 0 1 
0 0 0 0 0 0 0 0 1 0 
0 0 0 0 0 0 1 0 0 0 
0 0 1 0 0 0 0 0 0 0 
0 0 0 0 0 0 1 0 0 0 
0 0 0 0 1 0 0 0 0 0 
0 0 0 0.343365 0 0 0 0 0.656635 0 
0 0 0 0 0 0 0 0 0 1 
0 0 0 0 0 0.413687 0 0 0 0.586313 
0 0 0 0 1 0 0 0 0 0 
0 0 0 0 1 0 0 0 0 0 
0 0 0 0 1 0 0 0 0 0 
0.699377 0 0 0 0 0 0 0 0 0.300623 
0 0 0 0 0 0 1 0 0 0 
0 0 0 0 0 0 0 1 0 0 
0 0 1 0 0 0 0 0 0 0 
0 0 0 0 0 0 0 0 1 0 
0 0 0 0 0 0 1 0 0 0 
0 0 0 0 0 0 0 0 1 0 
0 0.378962 0 0 0 0 0 0.248842 0 0.372196 
0 0 0 0 1 0 0 0 0 0 
0 0 0 0 0 1 0 0 0 0 
0 0 0 0 0.544766 0 0.455234 0 0 0 
0 0 0 0 0 0 0 1 0 0 
0 0 0 0 0 0 0 0 0 1 
0 0 0 0 0 0 0 1 0 0 
0 0 0 0 0 0 0 0 1 0 
0.76085 0 0 0 0 0 0 0 0 0.23915 
0 0 0 0 1 0 0 0 0 0 
0 0 0 0 0 0 1 0 0 0 
0 0 0.864507 0 0 0 0 0.135493 0 0 
0 0 0 0 0 0 0 0 1 0 
0 0 0 0 0 0 0 0 0 1 
0 0 0 0 0 1 0 0 0 0 
0 0 0 1 0 0 0 0 0 0 
0 0 0 0.465883 0 0 0.534117 0 0 0 
1 0 0 0 0 0 0 0 0 0 
0 0 0 0 0 1 0 0 0 0 
0 0 0 0 1 0 0 0 0 0 
0 0 0 0 0 0 0 0 0 1 
0 0 0 0 0 1 0 0 0 0 
0 0 0 0 0 0 0 1 0 0 
0 0 0 0 0 0 0 0 0 1 
0 0.776157 0 0 0 0 0.223843 0 0 0 
0 0 0 0 1 0 0 0 0 0 
0 0 0 0 0 1 0 0 0 0 
0 0 0 0 0 0 1 0 0 0 
0 0 0 0 0 0 0 0 1 0 
0 0 0 0 0 0 0 0 0.340631 0.659369 
0 0 0 0 1 0 0 0 0 0 
0 0 0 0 0 0 0 0 0 1 
0 0 0 0 0 0 0 0 0 1 
0 0 0 0 0 0 0 1 0 0 
0 0 0 0 0 1 0 0 0 0 
0 0 0 0 0 0 0 0 0 1 
0 0 0 0 1 0 0 0 0 0 
0 0 1 0 0 0 0 0 0 0 
0 0 0 0 0 0 0 0 1 0 
0 0 0 0 0 0 0 0 0 1 
0.184847 0 0 0 0 0.815153 0 0 0 0 
0 0 0 0 0 0 0 0 1 0 
0 0 1 0 0 0 0 0 0 0 
0 0 0 0 1 0 0 0 0 0 
1 0 0 0 0 0 0 0 0 0 
0 0 0 0 1 0 0 0 0 0 
0 0 0 0 0 0.538361 0 0 0 0.461639 
0 0 1 0 0 0 0 0 0 0 
0 0 0 0 1 0 0 0 0 0 
1 0 0 0 0 0 0 0 0 0 
1 0 0 0 0 0 0 0 0 0 
0 0 0 0 0 0 1 0 0 0 
0 0 0 0 1 0 0 0 0 0 
0 0 0 0 0 0 0 1 0 0 
0 1 0 0 0 0 0 0 0 0 
0 0 0 0.459623 0 0 0.540377 0 0 0 
0 0 1 0 0 0 0 0 0 0 
0 0 0 0 0 0 0 1 0 0 
0 0 0 0 0 0 0 1 0 0 
0 0 0 0 1 0 0 0 0 0 
0 0 0 0 0 1 0 0 0 0 
0 0 1 0 0 0 0 0 0 0 
0 0 0 1 0 0 0 0 0 0 
0 0 0 0 0 0 1 0 0 0 
0 0 0 0 1 0 0 0 0 0 
0 0 0 0 0 0 0 0 1 0 
0 0 0 0 0 0 0 1 0 0 
0 1 0 0 0 0 0 0 0 0 
0 0 0 0 1 0 0 0 0 0 
0 0 0 0 0 1 0 0 0 0 
0 0 0 0 0 0 1 0 0 0 
0 0 1 0 0 0 0 0 0 0 
0 1 0 0 0 0 0 0 0 0 
0 0 0 1 0 0 0 0 0 0 
0 0 1 0 0 0 0 0 0 0 
0 0 0 0 0 0 1 0 0 0 
0 0 0 0 0 0 0 1 0 0 
0 0 0 0 0 0 0 0 0 1 
0 0 0 0 1 0 0 0 0 0 
0 0 0 0 0 0 0.479046 0 0 0.520954 
0 0 0 1 0 0 0 0 0 0 
0 0 0 0 1 0 0 0 0 0 
0 0 0 0 1 0 0 0 0 0 
0 0 1 0 0 0 0 0 0 0 
0 0.224463 0 0 0.392531 0 0 0 0.383006 0 
0 0 0 1 0 0 0 0 0 0 
0 0 0 0 0 0 1 0 0 0 
0 0 0 0 0 0 0 0 0 1 
0 0 0 0 0 0 1 0 0 0 
0 0 0.33338 0 0 0 0.344108 0.322513 0 0 
0 1 0 0 0 0 0 0 0 0 
0 0 0 0 0 0 0 1 0 0 
0 0 1 0 0 0 0 0 0 0 
0 1 0 0 0 0 0 0 0 0 
0 0 0 1 0 0 0 0 0 0 
0 0 0 0 0 1 0 0 0 0 
0.151569 0 0 0.556123 0 0 0 0.292307 0 0 
0 0 0 0 0 0 0 0 0.355505 0.644495 
0 0 0 0 0 1 0 0 0 0 
0 0 1 0 0 0 0 0 0 0 
0 0 0 0 0 0 0 1 0 0 
0.364509 0 0 0 0.635491 0 0 0 0 0 
0 0 1 0 0 0 0 0 0 0 
0 0 0 1 0 0 0 0 0 0 
0 0 0 1 0 0 0 0 0 0 
0 0 0 0 0 0 0 1 0 0 
0 0 0 1 0 0 0 0 0 0 
0 0.477475 0 0 0 0.522525 0 0 0 0 
0 0 0 1 0 0 0 0 0 0 
0 0 0 1 0 0 0 0 0 0 
0 0 0 0 0 0 0 1 0 0 
0 0 0 0 1 0 0 0 0 0 
0 0 0 0 0 0 0 0 0 1 
0 1 0 0 0 0 0 0 0 0 
0 0 1 0 0 0 0 0 0 0 
0 0 0 0 1 0 0 0 0 0 
1 0 0 0 0 0 0 0 0 0 
0 0 0 0.483986 0 0.516014 0 0 0 0 
0 0 0 0 0.781938 0.218062 0 0 0 0 
1 0 0 0 0 0 0 0 0 0 
0 0 0 0 0 0 0 0 1 0 
0 0 0 1 0 0 0 0 0 0 
0 0 0 0.841707 0 0 0 0.158294 0 0 
0 0 0 0 0 0 0 0 1 0 
0 0 0 0 0 1 0 0 0 0 
0 0 0 1 0 0 0 0 0 0 
1 0 0 0 0 0 0 0 0 0 
0 0.508261 0 0.491739 0 0 0 0 0 0 
0 1 0 0 0 0 0 0 0 0 
0 0 0 0 1 0 0 0 0 0 
0 0 0 0 0 0 0 1 0 0 
0 0 0 0 1 0 0 0 0 0 
0 0 0 0.747362 0 0 0 0 0.252638 0 
1 0 0 0 0 0 0 0 0 0 
0 0 0 0 0 0 0 0 1 0 
