10 500
0.287385
0.498966
0.63532
0.378278
0.569827
0.26253
0.680226
0.398659
0.273457
0.38414
11.5621 0.341867
11.5406 0.190197
11.4635 0.239217
11.077 0.459684
10.9001 0.427626
10.8186 0.405311
10.6397 0.45786
10.4008 0.816794
10.266 0.735378
10.1954 1.1334
10.0629 0.201733
9.90235 0.853696
9.81262 0.218611
9.71204 0.204932
9.52167 1.11771
9.43815 0.135362
9.26924 0.717224
9.26894 0.167523
9.23212 1.04865
9.19018 0.935034
9.13795 1.48028
9.08363 1.32109
9.01586 0.368826
8.99607 1.71508
8.91829 0.774472
8.85684 1.02625
8.7067 1.60443
8.60195 1.12877
8.55629 0.62127
8.4755 1.14192
8.46821 1.52458
8.41631 0.6952
8.3526 0.285698
8.2979 0.271693
8.27234 1.31099
8.25744 1.24866
8.25615 1.58844
8.24974 0.628044
8.03428 0.494281
8.00977 0.797797
7.97675 0.546624
7.95257 0.532977
7.95014 1.72872
7.93753 0.484793
7.88699 0.891285
7.86495 1.44382
7.8574 1.10049
7.82999 1.57734
7.79907 0.899475
7.79339 0.51495
7.78643 2.04156
7.78124 0.361087
7.77698 1.48834
7.73781 1.57806
7.73681 1.44952
7.72685 1.91709
7.71592 1.20412
7.71148 1.36508
7.58336 1.18108
7.5394 1.32549
7.49861 0.348829
7.46012 0.783581
7.37058 0.900235
7.29219 0.511094
7.23089 0.797685
7.15654 0.70871
7.11736 1.85186
7.09995 0.44716
7.06764 1.25496
7.05789 1.70836
6.95304 1.56893
6.91147 2.2645
6.90715 3.03524
6.8993 2.038
6.89306 2.27508
6.87539 0.627952
6.87079 2.28459
6.84772 2.72669
6.80109 2.08626
6.79167 2.3974
6.72587 1.12634
6.68537 1.97444
6.67605 1.79422
6.62923 1.4696
6.53406 1.11829
6.52944 2.44261
6.51644 2.35286
6.5065 1.24405
6.46978 0.835713
6.43649 2.54278
6.39955 2.95216
6.35981 1.61839
6.34972 1.61695
6.32532 1.70865
6.30932 3.13904
6.12901 2.64909
6.03895 1.31091
5.96517 2.68406
5.95448 1.36203
5.94718 2.23527
5.92409 2.71917
5.8906 1.03103
5.88885 3.1413
5.82741 2.47448
5.78606 2.11448
5.74761 2.85128
5.74571 1.5405
5.72861 1.7812
5.72391 2.50406
5.71664 3.05732
5.68497 3.56912
5.68373 2.13752
5.66742 2.494
5.65267 3.23777
5.61382 2.73762
5.57731 1.48188
5.55214 4.07275
5.50743 1.90523
5.50227 1.49221
5.449 1.9495
5.42997 3.31083
5.38873 2.06001
5.37958 3.99392
5.34833 1.84727
5.28758 2.63813
5.24664 2.11251
5.24171 1.57679
5.22102 2.92103
5.19346 2.09336
5.14956 2.07434
5.12741 3.79125
5.07381 3.03521
5.05448 2.077
5.04439 2.77877
4.98692 1.97216
4.95223 3.28215
4.93756 3.57252
4.93688 2.22353
4.91946 2.90124
4.91647 2.64271
4.7578 2.10575
4.70228 3.80007
4.70163 2.83465
4.6955 2.26509
4.66647 2.71015
4.6496 3.70429
4.62379 2.21306
4.59531 3.773
4.58099 3.3902
4.49832 2.52692
4.48659 3.41091
4.46244 4.4748
4.45725 2.45274
4.407 4.00955
4.38704 2.2885
4.35671 2.41857
4.34291 2.16048
4.34281 4.17782
4.34257 3.52146
4.32637 3.25091
4.31714 2.73489
4.308 3.50443
4.2947 3.05853
4.25533 3.9285
4.2551 4.93537
4.24627 3.00775
4.22467 4.29319
4.21565 2.15923
4.20926 3.33442
4.20674 3.28058
4.2046 3.58689
4.18358 2.99374
4.17992 3.00809
4.14633 4.55046
4.13743 2.7857
4.09383 3.96245
4.08961 4.82249
4.08613 3.86661
4.04785 2.91845
4.04338 3.35892
4.03642 4.08892
4.00979 2.66206
3.98599 3.2817
3.92257 3.80734
3.92235 3.58357
3.83973 3.43746
3.80359 3.06784
3.75509 3.06978
3.75079 4.29284
3.74446 5.31178
3.73474 4.26313
3.72799 3.65308
3.68267 3.72527
3.66601 4.08636
3.55789 3.97719
3.54537 2.92592
3.54452 4.12368
3.5405 3.21938
3.53159 4.74214
3.51799 3.32999
3.50137 5.10667
3.48461 3.59115
3.46927 3.96984
3.43995 4.26906
3.41924 3.25158
3.37667 4.77203
3.37654 3.73447
3.36647 3.6547
3.32504 5.41132
3.28786 3.24212
3.28719 5.51331
3.27617 5.05038
3.27418 3.52592
3.23251 3.59892
3.19862 4.17927
3.1555 3.68631
3.15519 4.79744
3.15475 4.60579
3.09658 3.40164
3.0569 4.54291
3.03459 3.14228
3.03056 4.73948
3.01254 3.78817
3.00025 3.6145
2.96202 5.04822
2.95719 5.41367
2.94981 3.72852
2.85624 4.25546
2.84652 5.29662
2.77308 5.40247
2.75914 5.1231
2.71052 4.13259
2.70804 4.12977
2.68072 4.19868
2.6585 3.38861
2.64015 4.96936
2.60888 6.72996
2.59648 4.82676
2.56935 5.46356
2.51939 4.93118
2.4926 5.85577
2.47957 3.887
2.478 3.74926
2.47325 4.22826
2.46977 4.75233
2.46407 5.66112
2.45453 4.39997
2.44979 4.1441
2.44969 5.2192
2.44667 5.30061
2.42462 3.56148
2.40934 4.39052
2.38495 5.72491
2.38423 5.56358
2.36719 4.15045
2.35929 4.81923
2.33665 5.40282
2.30411 3.81179
2.28822 4.40188
2.27855 4.40469
2.27548 6.23988
2.24591 5.87318
2.22548 4.52114
2.1825 5.29884
2.17562 4.69769
2.16247 5.86337
2.15382 5.96733
2.13601 6.24401
2.13012 4.56109
2.12346 5.1602
2.11626 6.25233
2.08877 6.43294
2.07696 4.67075
2.07636 4.7425
2.0721 4.51591
2.01697 5.26758
2.01643 4.65669
1.99792 4.36222
1.97276 5.17153
1.92981 4.58044
1.92632 6.27219
1.90667 6.62473
1.87804 5.15457
1.87726 5.87995
1.86612 5.14299
1.85265 6.12205
1.84519 4.00502
1.80777 6.30441
1.80051 4.79894
1.79621 5.3436
1.79072 6.82976
1.78306 5.06565
1.7728 5.22188
1.76559 4.55515
1.74617 4.58691
1.74608 6.22413
1.74516 5.72326
1.73652 5.88018
1.71726 6.19117
1.70884 5.88607
1.68561 5.02675
1.68093 5.43947
1.67057 5.28925
1.66438 4.57637
1.62698 5.60955
1.62607 6.29069
1.60389 7.68049
1.56018 4.39114
1.55261 5.99002
1.53523 4.38672
1.52188 5.95423
1.45436 5.23552
1.43447 4.73552
1.4329 6.25908
1.36917 6.08216
1.33364 6.13475
1.32968 7.72105
1.32932 5.62865
1.32459 7.06007
1.29357 6.1459
1.27113 7.31599
1.26458 7.61368
1.2207 7.49003
1.2203 5.38214
1.20206 5.34841
1.19968 6.31831
1.16967 6.43329
1.1396 8.33033
1.11509 5.61952
1.11495 5.56655
1.09757 5.50663
1.08476 7.60622
1.07516 8.12974
1.07157 5.34592
1.04805 6.90337
1.01442 6.79494
1.00473 5.58173
1.00236 5.66212
0.977622 7.07653
0.947476 7.6876
0.947109 7.64421
0.938778 8.3898
0.927678 6.19725
0.926854 6.74171
0.926466 8.43488
0.900004 8.18702
0.885217 5.85129
0.880581 7.77778
0.842589 5.555
0.837206 6.58055
0.833709 8.39429
0.82203 7.67114
0.776265 7.57505
0.744801 5.61655
0.742911 7.14917
0.739745 5.88982
0.694268 7.11768
0.689136 5.78256
0.686775 6.38016
0.668233 6.41825
0.659436 7.71388
0.657087 7.2212
0.598109 8.70956
0.586478 8.21757
0.581037 7.17974
0.578929 7.86016
0.57686 7.65621
0.571144 8.14256
0.570968 8.12697
0.566479 7.21212
0.565837 7.27668
0.561516 6.25771
0.554744 6.86751
0.550245 8.88618
0.547817 8.70524
0.536681 8.12735
0.521382 9.47228
0.51522 6.57985
0.502483 8.64781
0.488042 9.12849
0.465939 8.59373
0.463167 8.08826
0.452745 9.01
0.442421 8.8252
0.437975 6.27748
0.414414 9.89332
0.404611 8.86241
0.402418 6.12673
0.39886 7.49992
0.370756 9.58678
0.369844 8.10855
0.36642 7.94459
0.357913 8.66043
0.355112 7.63378
0.338 8.93075
0.3348 8.01762
0.329904 9.99563
0.324484 7.28339
0.314382 9.67348
0.292552 9.10748
0.292308 9.17277
0.292251 6.29446
0.291652 6.33299
0.282463 10.3609
0.274773 9.10704
0.272783 6.55617
0.268766 7.75116
0.265701 9.91256
0.249542 7.81685
0.234033 9.34308
0.230386 7.94233
0.22129 7.77532
0.218512 7.09764
0.208159 7.68392
0.207666 7.89788
0.207266 6.60487
0.198456 10.4191
0.194764 9.54439
0.180946 10.3198
0.177711 8.87465
0.169761 9.11017
0.164087 10.9643
0.163012 10.4964
0.157577 9.93693
0.152565 7.35492
0.145453 7.17439
0.142056 9.59265
0.139003 8.8266
0.130329 8.45932
0.121964 11.1118
0.120081 7.15826
0.11653 9.15304
0.111997 8.09664
0.111955 7.7053
0.11096 7.86472
0.107307 8.53243
0.104051 8.50222
0.103181 10.1345
0.102546 10.1866
0.0945633 9.96583
0.0890399 7.34322
0.087606 10.4662
0.0871619 6.85899
0.086684 6.85897
0.0849396 8.20019
0.0818491 9.36541
0.0802956 9.25951
0.0790757 9.94791
0.0729689 8.54302
0.072009 10.9707
0.0686145 10.3944
0.0685462 11.395
0.0584087 11.4856
0.0567096 9.83531
0.0553761 10.8477
0.049266 7.83716
0.0491261 10.1599
0.0469214 8.85062
0.0409447 9.90336
0.0404909 11.5351
0.0402656 7.80447
0.0378397 7.05779
0.0373991 9.85793
0.0340409 8.14174
0.0327457 10.6445
0.0325585 8.69547
0.0301144 9.59744
0.0286166 11.1388
0.0278602 11.5471
0.0254279 7.70408
0.025095 9.28926
0.0210718 9.79324
0.0164907 10.9577
0.0141534 10.3628
0.0115617 8.92865
0.0102818 10.1029
0.00955936 10.1674
0.00916661 7.39454
0.00912844 10.04
0.00857042 9.993
0.00786842 8.42509
0.00579095 10.9702
0.00530363 7.4073
0.00511979 10.3276
0.00505129 8.23717
0.00467989 9.7826
0.00444845 9.49385
0.00395634 10.7344
0.00377072 7.69997
0.00365506 11.788
0.00324928 8.69607
0.00231928 9.57784
0.00231299 12.0312
0.00213179 10.1818
0.00209662 8.21802
0.0017537 9.16079
0.00175277 8.22964
0.00156906 9.25706
0.00145452 11.3418
0.00145316 8.18
0 0 0 0 0 0 0 1 0 0 
0 0 0.410399 0 0 0 0 0.589601 0 0 
0 0 0 0 0 0 0 1 0 0 
0 0 0 0 0 1 0 0 0 0 
0.0992521 0 0.900748 0 0 0 0 0 0 0 
0 1 0 0 0 0 0 0 0 0 
0 0 0 0 0 0 0 1 0 0 
0 0 0 0 0 1 0 0 0 0 
0 0 0 0 1 0 0 0 0 0 
0 0 0 0 1 0 0 0 0 0 
0 1 0 0 0 0 0 0 0 0 
0 0 0 1 0 0 0 0 0 0 
0 0 0 0 0 0 0 0 0 1 
0 0 0 0 0 0 0 1 0 0 
0 0 1 0 0 0 0 0 0 0 
0 0 0 0 0 0 0 0 0 1 
0 0 0 0 0 0.582746 0 0 0.417254 0 
0 0 0 0 0.324237 0 0 0 0.675763 0 
0 0.223432 0 0 0 0 0 0 0.776568 0 
0 0 0 1 0 0 0 0 0 0 
0 0 0 0 0 0 0 0 0 1 
0 0 1 0 0 0 0 0 0 0 
0 0 0 0 0 0 0 1 0 0 
0 0 0 0 1 0 0 0 0 0 
0 0 0 0 0 0 0 0 0 1 
0 0.238924 0 0 0 0.761076 0 0 0 0 
0 0 1 0 0 0 0 0 0 0 
0 0 0 0 0 0 1 0 0 0 
0.673094 0.326906 0 0 0 0 0 0 0 0 
0 0.581646 0.418354 0 0 0 0 0 0 0 
0 0 0 0 0 0 0 1 0 0 
0 0 0 1 0 0 0 0 0 0 
0 0 0 0 0 0 0 1 0 0 
0 0 0 0 0 1 0 0 0 0 
0 0 0 0 0.327768 0 0 0.672231 0 0 
0 0 0 0 0 0 0 1 0 0 
0 0 0 0 1 0 0 0 0 0 
0 0 1 0 0 0 0 0 0 0 
0 0 0.409611 0 0 0 0 0 0.186804 0.403585 
0 0 0 1 0 0 0 0 0 0 
0 0 0 0 0 0 1 0 0 0 
1 0 0 0 0 0 0 0 0 0 
0 0.661737 0 0 0.338263 0 0 0 0 0 
0 0.370719 0 0 0 0 0 0.629281 0 0 
0 0 0 0 0 0 0 0 0 1 
0 0 0 0 0 0 1 0 0 0 
0 0 0 1 0 0 0 0 0 0 
0 0 0 0 0 0 0 0 0 1 
0.632686 0 0 0 0 0 0 0 0.367314 0 
0 0 0 0 0 0.207135 0 0.792865 0 0 
0 0 0 0 1 0 0 0 0 0 
0 1 0 0 0 0 0 0 0 0 
0 0 0 0 0 0 1 0 0 0 
0 1 0 0 0 0 0 0 0 0 
0 1 0 0 0 0 0 0 0 0 
0 0 0 0 0 1 0 0 0 0 
1 0 0 0 0 0 0 0 0 0 
0 0 0 0 0 0 1 0 0 0 
0 0.457208 0 0 0 0 0.542792 0 0 0 
0 0 0 0 1 0 0 0 0 0 
1 0 0 0 0 0 0 0 0 0 
0 0 0 0 0 0 0 1 0 0 
0 1 0 0 0 0 0 0 0 0 
0 0 0 0 0 0 1 0 0 0 
0 1 0 0 0 0 0 0 0 0 
0 0 0 0 1 0 0 0 0 0 
0.53447 0 0 0 0 0.46553 0 0 0 0 
0 0 0 0 0 1 0 0 0 0 
1 0 0 0 0 0 0 0 0 0 
0 0 1 0 0 0 0 0 0 0 
0 1 0 0 0 0 0 0 0 0 
0 0 0 0 0 0 0 0 0 1 
0 0 1 0 0 0 0 0 0 0 
0.502677 0 0 0 0.497323 0 0 0 0 0 
0 0 0 1 0 0 0 0 0 0 
0 0 0 0 0.255244 0 0 0.262206 0.48255 0 
1 0 0 0 0 0 0 0 0 0 
0 0 0 0 0 0 0 0 0 1 
0 0 0 0 0 0 0 0 1 0 
0 1 0 0 0 0 0 0 0 0 
0 0 0 0 0 0 0 0 0 1 
0 0 0.339392 0 0 0.660608 0 0 0 0 
0.130689 0.738642 0.130669 0 0 0 0 0 0 0 
0 0 0 0 0 0 1 0 0 0 
0 0 0 0 0 0 0 1 0 0 
0 0 0.283982 0.716018 0 0 0 0 0 0 
0 0 0 0 0 0 1 0 0 0 
0 0 1 0 0 0 0 0 0 0 
0 0 0 0 0 0 0 0 1 0 
0 0 0 1 0 0 0 0 0 0 
0 0 0 0 0 0 1 0 0 0 
0 0 0 0 0 0 0 1 0 0 
1 0 0 0 0 0 0 0 0 0 
0 0 0 0 0 0 0 0 0 1 
0 0 1 0 0 0 0 0 0 0 
0 0 0 0 0 0 0 0 0 1 
0 0 0 0 0 0 1 0 0 0 
0 1 0 0 0 0 0 0 0 0 
0 0 0 0 1 0 0 0 0 0 
0 1 0 0 0 0 0 0 0 0 
0 0 0 0 0 0 1 0 0 0 
0 0.655515 0 0 0.344485 0 0 0 0 0 
0 0 0 0.554511 0 0 0 0.445489 0 0 
0 0 1 0 0 0 0 0 0 0 
0.424455 0 0 0 0 0 0 0.575545 0 0 
0 0 0 0 0 0 0 0 0 1 
0 0 0 0 0 0.625694 0 0.374306 0 0 
0 0 0 0 1 0 0 0 0 0 
0 0 0 1 0 0 0 0 0 0 
0 0 0 0 0 1 0 0 0 0 
0 0 0 0 1 0 0 0 0 0 
0 0.634014 0 0 0 0 0.365986 0 0 0 
0 0 0 0 0.380421 0 0 0 0.619579 0 
1 0 0 0 0 0 0 0 0 0 
0 0 0 0 0 0 1 0 0 0 
0 0 0 0 0 0.716846 0.283154 0 0 0 
0 0 0 0 0 0 1 0 0 0 
0 0 0 0 0 0 1 0 0 0 
0 1 0 0 0 0 0 0 0 0 
1 0 0 0 0 0 0 0 0 0 
0 0 0 0 0 0.609395 0.390605 0 0 0 
0 0 0 0 0 0 0 0 0 1 
0 0 0 0 0 1 0 0 0 0 
0 0 0 0 0 0 0 1 0 0 
0 0 0 0 0 0.665325 0 0.334676 0 0 
0 0 0 0 1 0 0 0 0 0 
0 0 0 0 0 0 1 0 0 0 
0.377469 0 0.622531 0 0 0 0 0 0 0 
0 0 0 0 0 0 0 0 0 1 
0 0 0 0 0 0 0 0 0 1 
0 0 0 0 1 0 0 0 0 0 
0 0 0 0 0 0 0 0 1 0 
0 0 1 0 0 0 0 0 0 0 
0 0 0 0 1 0 0 0 0 0 
0 0 0 0 1 0 0 0 0 0 
0 0 0 0 0 0 1 0 0 0 
0 0 0 0 1 0 0 0 0 0 
0 1 0 0 0 0 0 0 0 0 
0 0 0 0 0 0 0 0 1 0 
0 0 0 0 0 0 0 0 1 0 
0.303403 0 0 0 0 0 0.696597 0 0 0 
0 0 0 0 0 0 0 1 0 0 
0 0 0 1 0 0 0 0 0 0 
0 0 0 1 0 0 0 0 0 0 
0 0 0 1 0 0 0 0 0 0 
0 0 0 0 0 0 0 0 0 1 
0 0 0 0.482004 0 0 0 0.517996 0 0 
0 0 0 0 0 0 0 0 1 0 
0 0 1 0 0 0 0 0 0 0 
0 0 0 0 1 0 0 0 0 0 
0 0 0 0 0 0 0 1 0 0 
0 0.795374 0 0 0 0 0 0.204626 0 0 
0 0 0 0 0 0 1 0 0 0 
0 1 0 0 0 0 0 0 0 0 
0 0 0 0 0 0 0.384461 0 0 0.615539 
1 0 0 0 0 0 0 0 0 0 
0 0 0 1 0 0 0 0 0 0 
0 0 0 0 0 1 0 0 0 0 
0 0 0 0 0 0 0 1 0 0 
1 0 0 0 0 0 0 0 0 0 
0 1 0 0 0 0 0 0 0 0 
0 0 0 0 0 0.516796 0 0.483204 0 0 
0 0 0 0 0 0 0 1 0 0 
0 0 0 0 0 0 0 0 0 1 
0 0 0 0 0 0 0.148512 0 0.293426 0.558062 
0 0 0 0 0 0 0 1 0 0 
0 0 0 0 0 0.345349 0 0.654651 0 0 
0 0 0 0 0 0 0 1 0 0 
0 0 1 0 0 0 0 0 0 0 
0 0 0 0 0 1 0 0 0 0 
0.571498 0 0 0.428502 0 0 0 0 0 0 
0 0 0 0 0 0 0 1 0 0 
0 0 0 1 0 0 0 0 0 0 
0.143051 0 0 0 0 0 0 0 0.856949 0 
0 1 0 0 0 0 0 0 0 0 
1 0 0 0 0 0 0 0 0 0 
0 1 0 0 0 0 0 0 0 0 
0 1 0 0 0 0 0 0 0 0 
0 0 0 0 1 0 0 0 0 0 
0 0 0 0 0 0 0 0 0 1 
0 0 0 0 1 0 0 0 0 0 
0 0 0 0 0 0 0 0 0 1 
0 1 0 0 0 0 0 0 0 0 
0 1 0 0 0 0 0 0 0 0 
0 0 0 0 0 0 0 1 0 0 
0 0 0 1 0 0 0 0 0 0 
0 0 0 1 0 0 0 0 0 0 
1 0 0 0 0 0 0 0 0 0 
0 0 0 1 0 0 0 0 0 0 
0 0 0 0 0 0 0 1 0 0 
0 0 0 0.52264 0 0 0 0.47736 0 0 
0 0 0 0 0 0 1 0 0 0 
0 0 0 0 0 0 1 0 0 0 
0 0 0 0 1 0 0 0 0 0 
0 0 0 0 0 0 0.52313 0 0.47687 0 
0.655261 0 0 0 0 0.344739 0 0 0 0 
0 1 0 0 0 0 0 0 0 0 
0 0 0 1 0 0 0 0 0 0 
0 0 1 0 0 0 0 0 0 0 
0 0 0 0 0 0 1 0 0 0 
0 1 0 0 0 0 0 0 0 0 
0 0 0 0 0 0 0 1 0 0 
1 0 0 0 0 0 0 0 0 0 
0 0.387404 0 0 0.612596 0 0 0 0 0 
0 0 0 0 0 0 0 0 0 1 
0 0 0 0 0 0 0 0 1 0 
0 0 0 0 0 0 0 1 0 0 
0 0 0 0 0 0 0 1 0 0 
0 0 0 1 0 0 0 0 0 0 
0.738069 0 0 0 0 0.261931 0 0 0 0 
0 0 0 0 0 0 1 0 0 0 
0 0 0 0 0 1 0 0 0 0 
0 0 0 0 0 0 0.7287 0.2713 0 0 
1 0 0 0 0 0 0 0 0 0 
0 0 0 1 0 0 0 0 0 0 
0 0 0 0 0 0 0 0 0 1 
0 0 0 0 0 0 0 1 0 0 
0 0 0 0 0 0 0 0 0 1 
0 0 0 0 0.364886 0.635114 0 0 0 0 
0 0 1 0 0 0 0 0 0 0 
0.802352 0 0 0 0 0 0 0 0 0.197647 
0 0 0 0 0 0 1 0 0 0 
0 0 0 0.654875 0 0 0.345125 0 0 0 
0 0.0998479 0 0 0 0 0 0 0.900152 0 
0 0 0 0 0 0 1 0 0 0 
0 0 1 0 0 0 0 0 0 0 
0 0 0 0 0 0 0 0 1 0 
0 1 0 0 0 0 0 0 0 0 
0 0 0 0 0 0 1 0 0 0 
0 0 0 0 1 0 0 0 0 0 
0 0 0 0 0 0 0 0 0 1 
0 0 0 0 1 0 0 0 0 0 
1 0 0 0 0 0 0 0 0 0 
0 0 0 0 0 1 0 0 0 0 
0 0 0 0 1 0 0 0 0 0 
0 0 0 0.415322 0 0 0 0 0.584678 0 
0 0 0 0 0 0 0 0 1 0 
0 1 0 0 0 0 0 0 0 0 
0 0 0 0 0 0 0 0 0 1 
0 0 0 0 0 1 0 0 0 0 
0 0 0 0 0 0 0 0 0 1 
1 0 0 0 0 0 0 0 0 0 
0 0 0 0 0 1 0 0 0 0 
0 0 0 1 0 0 0 0 0 0 
0 0 0 0 1 0 0 0 0 0 
0 1 0 0 0 0 0 0 0 0 
0 0.511642 0 0.488358 0 0 0 0 0 0 
1 0 0 0 0 0 0 0 0 0 
0 0 0 0 0 0 0 0 0 1 
0 0 0 0 0 0 1 0 0 0 
0 0 0 1 0 0 0 0 0 0 
0 0 0 0 0 0 0 1 0 0 
0 0 0 0 0 0 0 0 0 1 
0 0 0 0 0 0 0 1 0 0 
1 0 0 0 0 0 0 0 0 0 
0 0.721579 0 0 0 0 0.278421 0 0 0 
1 0 0 0 0 0 0 0 0 0 
0 0 0 0 0 0 0 0 1 0 
0 0 0 0 0 0 0 0 1 0 
0 0 0 0 0 0 0 1 0 0 
1 0 0 0 0 0 0 0 0 0 
0 0 0 0 0 0 1 0 0 0 
0 0 0 0 0 1 0 0 0 0 
0 0 1 0 0 0 0 0 0 0 
0 0 0 1 0 0 0 0 0 0 
0 0 0 0 0 0 0 0 1 0 
0 0 0 1 0 0 0 0 0 0 
0 0 0 0 0 0 0.354939 0.458206 0 0.186855 
0 0 0 0 1 0 0 0 0 0 
0 0 1 0 0 0 0 0 0 0 
1 0 0 0 0 0 0 0 0 0 
0 0 0 0 0 1 0 0 0 0 
0 0 0 0 0 1 0 0 0 0 
0 0 0 0 0 0 0 1 0 0 
0 0 0.593284 0 0 0 0.406716 0 0 0 
0 0 0 0 0 0 0 1 0 0 
0 0 0 0 1 0 0 0 0 0 
0 0 0 0 0.824995 0 0 0 0.175005 0 
1 0 0 0 0 0 0 0 0 0 
0 0 0 0 0 1 0 0 0 0 
1 0 0 0 0 0 0 0 0 0 
1 0 0 0 0 0 0 0 0 0 
0 0 0 0 0 0.446572 0 0 0 0.553428 
0 0 0 0 0 0.538326 0.461674 0 0 0 
0 0 0 0 0 0 0 0 1 0 
0 0 0 0 0 0 0 1 0 0 
0.502545 0 0 0 0 0 0 0 0.497455 0 
0 0 0 0 0 0 0 0.209604 0 0.790396 
0 0 0 0 0 0 0 1 0 0 
0 0 0 0 0 0 0 0 1 0 
0 1 0 0 0 0 0 0 0 0 
0 1 0 0 0 0 0 0 0 0 
0 0 0 0 0 0 0 0 0 1 
0 0 0 0 0 0 1 0 0 0 
0.460563 0.539437 0 0 0 0 0 0 0 0 
0 0 0 1 0 0 0 0 0 0 
0 0 0 0 0 0.3862 0.6138 0 0 0 
0 0 0 0 1 0 0 0 0 0 
0 0 0 0 0 0.173766 0 0.826234 0 0 
0 0 0 0 0 0 0 1 0 0 
0.47279 0 0 0 0 0 0.52721 0 0 0 
0 0 1 0 0 0 0 0 0 0 
0 0 0 0 0 0 0 0 1 0 
0 0 0 0 1 0 0 0 0 0 
0 0 0 0 0 0 0 0 0 1 
1 0 0 0 0 0 0 0 0 0 
0 0 0 0 0 0 0 0 0 1 
0 0 0 0 0 0 0 1 0 0 
0 1 0 0 0 0 0 0 0 0 
0 0 0 0 0 0 0 0 1 0 
0 0 0 0 0 0 0.217436 0 0.21018 0.572384 
0 0 1 0 0 0 0 0 0 0 
0 0 0 0 0 0 0 1 0 0 
0 0 0 0 0 0 1 0 0 0 
0 0 0 0 0 0 0 1 0 0 
0 0 0 0 0 0 1 0 0 0 
0 0 0 0 0 0 0 0 0 1 
0 0 0 0 0 0 0 0 1 0 
1 0 0 0 0 0 0 0 0 0 
0 0 0 0 1 0 0 0 0 0 
0 0 0.622702 0 0 0.377298 0 0 0 0 
1 0 0 0 0 0 0 0 0 0 
0 0 0 0 0 0 1 0 0 0 
0 0 0 1 0 0 0 0 0 0 
0 0 0 1 0 0 0 0 0 0 
0 0 0 0 0 0 0 0 0 1 
0 0 0 0 1 0 0 0 0 0 
0 1 0 0 0 0 0 0 0 0 
0 0 0 0 0 0 0 0 1 0 
0 0 0 1 0 0 0 0 0 0 
0 0 1 0 0 0 0 0 0 0 
0 0 0 0 1 0 0 0 0 0 
0 0 0.30859 0 0 0 0 0 0.69141 0 
0 0 0 0 0 0 0 0 0 1 
0 0 0.549708 0 0 0.450292 0 0 0 0 
0 0 0 0 0 0 0 0 1 0 
0 0 0 0 0 0 0 0 0 1 
0 0 0 0 0 1 0 0 0 0 
0 0 0 0 0 0 0 1 0 0 
0 0 0 0 1 0 0 0 0 0 
0 0 0 0 0 0 0 0 0 1 
1 0 0 0 0 0 0 0 0 0 
0 0 0 0 0 1 0 0 0 0 
0 0 0.627425 0 0 0.372575 0 0 0 0 
1 0 0 0 0 0 0 0 0 0 
1 0 0 0 0 0 0 0 0 0 
0 0 0 0 0 0 0 0 0 1 
0 0 0 0 1 0 0 0 0 0 
0 0 0 0 0 0 0 0 1 0 
0 0 0 0 0 0 1 0 0 0 
0 0 0 0 0 0 0 1 0 0 
0 0 0 1 0 0 0 0 0 0 
0 0 0 1 0 0 0 0 0 0 
0 0 1 0 0 0 0 0 0 0 
0 0 0 0 0 0 0.503383 0.496617 0 0 
0 0 1 0 0 0 0 0 0 0 
1 0 0 0 0 0 0 0 0 0 
0.769742 0 0 0.230258 0 0 0 0 0 0 
0 0 0 0 1 0 0 0 0 0 
1 0 0 0 0 0 0 0 0 0 
0 0 0 0 0 1 0 0 0 0 
0 0 0 0 0 0 0 1 0 0 
0 0 0 0 0 0 1 0 0 0 
0 1 0 0 0 0 0 0 0 0 
0 0 0 0 0 1 0 0 0 0 
0 0 0 0 0 0 0 1 0 0 
0 0 1 0 0 0 0 0 0 0 
0 0 0 0 0 0 0.47876 0 0 0.52124 
1 0 0 0 0 0 0 0 0 0 
0 0 0 0 0 0 0 0 1 0 
0 0 0 0 0 0 0 1 0 0 
0 0 0 0 1 0 0 0 0 0 
0 0 1 0 0 0 0 0 0 0 
0 0 0 0 1 0 0 0 0 0 
0 1 0 0 0 0 0 0 0 0 
0 0 1 0 0 0 0 0 0 0 
0 0 0 0 0 1 0 0 0 0 
1 0 0 0 0 0 0 0 0 0 
0 0 1 0 0 0 0 0 0 0 
0 0 0 0 0 1 0 0 0 0 
0.795551 0 0 0 0 0 0 0 0.204449 0 
1 0 0 0 0 0 0 0 0 0 
0 0 0 0 0 1 0 0 0 0 
0 0 0 0 0 0 0 0.266812 0 0.733188 
1 0 0 0 0 0 0 0 0 0 
0 0 0 1 0 0 0 0 0 0 
0 0 0 0 0 0 0 0 1 0 
0 0 0 0 0 0 0.195076 0 0 0.804924 
0 0 0 1 0 0 0 0 0 0 
0 0 0 0 0 0 0 1 0 0 
0 0 0 0 0 1 0 0 0 0 
0 1 0 0 0 0 0 0 0 0 
0 1 0 0 0 0 0 0 0 0 
0 0 1 0 0 0 0 0 0 0 
0 0 0 0 0 1 0 0 0 0 
0 1 0 0 0 0 0 0 0 0 
0 1 0 0 0 0 0 0 0 0 
0 0 0 0 0 0 0 0 0 1 
1 0 0 0 0 0 0 0 0 0 
0 0 0.313205 0 0.686795 0 0 0 0 0 
0 0 0 0 0 0 1 0 0 0 
0 0 0 0 0 0 0 0 0 1 
0 0 0 0 1 0 0 0 0 0 
0 0 0 0 0 1 0 0 0 0 
0 0 0 0 0 0 0 1 0 0 
0 0 0 1 0 0 0 0 0 0 
0 0 0 0 0.45421 0 0.545791 0 0 0 
0 0 0 1 0 0 0 0 0 0 
0 0 0 0 0 0 0 1 0 0 
0 0 0 0 0 0 0 0 1 0 
0 0 0 1 0 0 0 0 0 0 
0 0.59838 0 0 0 0 0 0 0.40162 0 
0 1 0 0 0 0 0 0 0 0 
0 1 0 0 0 0 0 0 0 0 
0 0 0 0 0 0 1 0 0 0 
0 0 0 1 0 0 0 0 0 0 
1 0 0 0 0 0 0 0 0 0 
0 0 0 0 0 0 0 0 1 0 
0 0 0 0 0 0 0 0 0 1 
0 0 1 0 0 0 0 0 0 0 
0 0 0 0 0 0 0 0 1 0 
0 0 0 0 0 0 0 0 0 1 
0.384576 0 0.615424 0 0 0 0 0 0 0 
0 0 0 0 0 0 0 0 1 0 
0 0 0 0 0 0 0 0 1 0 
0 0.140855 0 0 0 0.394723 0 0 0.464422 0 
0 0 0 0 0 0 1 0 0 0 
0 0 0 0 0 0 0 1 0 0 
0 0 0 0 0 0 0 1 0 0 
0.566185 0 0 0 0 0 0 0 0 0.433815 
0 0 0 1 0 0 0 0 0 0 
0 0 0 0 0 0 0 0 1 0 
0 0 0 0 0 0 0.686659 0 0 0.313341 
0 0 0 0 0 0 0 1 0 0 
0 0 1 0 0 0 0 0 0 0 
0 0 0 0.262413 0 0 0 0 0 0.737587 
0 0 0 0 0 0.459967 0.540033 0 0 0 
0 0 0 1 0 0 0 0 0 0 
0 0 0 0 0 1 0 0 0 0 
0.622001 0 0 0.377999 0 0 0 0 0 0 
0 0 0 0 0 0 0 0 1 0 
0 0 0 0 0 0 1 0 0 0 
0 0 0 0 0.545265 0 0.454735 0 0 0 
0 0 1 0 0 0 0 0 0 0 
0 0 1 0 0 0 0 0 0 0 
0 0 0 0 0 0 1 0 0 0 
0 0 0 0 1 0 0 0 0 0 
0 0 0 0 0 0 0 0 0 1 
0 0 0 1 0 0 0 0 0 0 
0 0 0 0 0 0 0 1 0 0 
0 0 0 0 0.844144 0 0 0.155856 0 0 
0 0 0 0 0 0 1 0 0 0 
0 0 0 1 0 0 0 0 0 0 
0 0 0 0 0 0 0 0 1 0 
1 0 0 0 0 0 0 0 0 0 
0 0 0 1 0 0 0 0 0 0 
0 0 0 0 0 0 1 0 0 0 
0 0 0 1 0 0 0 0 0 0 
0 0 0 1 0 0 0 0 0 0 
0 0 1 0 0 0 0 0 0 0 
0 0 0 0 0 0 0 1 0 0 
0 1 0 0 0 0 0 0 0 0 
0 0 0 0 0 1 0 0 0 0 
0 0 0 1 0 0 0 0 0 0 
0 0 0 0 0 0 0 0 0 1 
0 0 0 1 0 0 0 0 0 0 
0 1 0 0 0 0 0 0 0 0 
0 0 0 0 0 0 0 0 0 1 
0 0 0 0 0 0 0 0 0 1 
0 0 0 0 1 0 0 0 0 0 
0 0 0 0 0 0 0 0 0 1 
0 0 0 0 0 0 0 0 0 1 
0 0 0 0 0 0 0 0 1 0 
0 0 0 0 0 0 1 0 0 0 
0 0 0 0 0 0 0 0 1 0 
0 0 0 0 0 0 0 1 0 0 
0 0 0 0 0 0.504651 0 0 0.495349 0 
0 0 0 0 0 0 0 0 1 0 
0 1 0 0 0 0 0 0 0 0 
0 0 1 0 0 0 0 0 0 0 
0 0 0 0.542511 0 0 0 0 0.457489 0 
0 0.555129 0 0 0 0 0 0.444871 0 0 
0 0 0 0 0 0 1 0 0 0 
0 1 0 0 0 0 0 0 0 0 
0 0 0.595276 0 0 0.404724 0 0 0 0 
0 0 0 0 0 1 0 0 0 0 
0 0 0 0.337663 0.662337 0 0 0 0 0 
1 0 0 0 0 0 0 0 0 0 
0 0 0 0 0 0 0 1 0 0 
0 0 0 0 1 0 0 0 0 0 
0 0 0 0 0 0 1 0 0 0 
0 1 0 0 0 0 0 0 0 0 
0 0 1 0 0 0 0 0 0 0 
0 0 0 0.339088 0 0 0 0 0.660912 0 
0 0 1 0 0 0 0 0 0 0 
0 0 0 1 0 0 0 0 0 0 
0 0 0 0 0 0 1 0 0 0 
0 0 1 0 0 0 0 0 0 0 
0 0 0 0 0 0 0 1 0 0 
0 0 0 0 0 0 0 0 1 0 
