10 200
0.386183
0.577735
0.490894
0.398915
0.504452
0.509328
0.519916
0.748062
0.553266
0.737704
12.0188 0.140724
11.5693 0.100038
11.3141 0.485943
11.1401 0.431643
10.9834 0.177197
10.9448 0.374547
10.4981 0.377713
10.2598 0.140542
10.1027 0.518723
10.0787 0.24063
9.88446 1.07191
9.84596 0.185845
9.6409 0.462723
9.36854 0.130597
9.11947 0.389357
9.11297 0.45281
8.83815 1.43546
8.68952 0.16652
8.33971 0.614057
8.27121 0.934079
8.14795 2.17203
8.12776 0.37666
8.12647 1.09
8.11158 1.62034
8.08505 0.147226
7.86154 2.14656
7.83353 0.210012
7.71002 1.54972
7.60448 0.0947088
7.53674 1.03451
7.43873 0.953625
7.29458 2.20973
7.21008 0.220944
7.1048 1.83247
6.8976 1.23975
6.81853 1.60621
6.70988 2.08711
6.59712 2.84155
6.49883 2.24466
6.4565 0.926444
6.45324 1.83403
6.37723 1.11478
6.37568 2.14774
6.25456 2.41978
5.98201 1.52235
5.88493 2.87649
5.81792 1.50357
5.80713 2.81779
5.79091 2.6472
5.69475 1.74959
5.65235 2.42723
5.35654 1.75693
5.24808 2.39721
5.24193 1.98819
5.14564 3.41617
5.05892 1.7379
4.95971 2.66599
4.92672 3.20084
4.84702 3.85792
4.81279 3.53485
4.73592 2.28238
4.73499 3.29954
4.65719 3.9804
4.54188 2.16339
4.54141 4.18099
4.54117 3.29644
4.49586 2.71139
4.40693 2.40687
4.34013 4.93589
4.03913 2.95955
3.98178 2.85351
3.81473 3.25027
3.76244 3.48915
3.75544 4.64188
3.71783 2.89184
3.38777 3.70282
3.28276 4.4988
3.20906 3.28999
3.19119 5.55205
3.02662 4.58582
3.02161 3.62251
2.83066 4.50005
2.77905 6.18822
2.75217 4.88035
2.74356 4.54847
2.70366 5.68539
2.68845 4.45975
2.65327 4.48336
2.38867 4.42488
2.38537 3.47155
2.37432 4.04769
2.33495 5.237
2.32147 4.49759
2.32111 6.11551
2.29786 5.196
2.28777 4.89489
2.27744 5.12127
2.2109 5.70217
2.17585 5.03139
2.12407 5.81628
2.12317 5.76693
2.08583 3.73435
2.02221 5.95177
1.99095 5.57663
1.9695 4.77245
1.95992 6.54469
1.95357 5.95548
1.85638 5.73479
1.84453 6.79093
1.83575 4.81707
1.7966 5.47659
1.79092 7.2105
1.68821 5.1947
1.67643 6.89311
1.65302 6.19469
1.64727 6.58003
1.60489 5.20037
1.4937 7.06049
1.47508 7.58101
1.4501 7.25467
1.35465 7.95726
1.35461 5.92504
1.35065 6.05137
1.33658 5.88152
1.33576 7.70472
1.28308 6.57329
1.2653 5.28857
1.24433 5.53353
1.17152 6.71036
1.13763 6.51083
1.12846 6.60965
1.10836 7.95114
1.00117 7.96043
0.9883 5.50044
0.946315 7.65582
0.945187 5.97786
0.942068 7.13659
0.903247 7.28778
0.899782 8.45197
0.888339 5.3291
0.877381 7.86957
0.74488 5.74291
0.71063 8.7903
0.656548 7.57184
0.629529 6.52039
0.615946 6.37625
0.601605 6.97781
0.597185 8.53102
0.565152 8.85483
0.562396 6.46911
0.557585 8.51701
0.554567 8.05791
0.5497 8.93555
0.534488 6.51274
0.495639 7.15694
0.485819 6.43355
0.47493 7.39483
0.434607 8.56569
0.416334 8.82296
0.40773 7.18721
0.381872 8.19891
0.376509 9.59163
0.283563 7.04779
0.279663 8.4185
0.278378 6.69356
0.241013 9.7841
0.203599 6.5464
0.188928 8.77927
0.18812 8.856
0.18648 10.0494
0.172986 7.09928
0.170956 6.92461
0.158948 10.247
0.119576 9.55603
0.113811 10.3787
0.106074 9.43922
0.0906337 9.65621
0.0865359 10.6963
0.0863483 6.96175
0.0643439 10.0448
0.0539304 11.4466
0.0504559 7.25047
0.04886 10.3768
0.0445705 7.38666
0.0438753 11.5113
0.0428977 10.4751
0.0395418 8.2796
0.0345216 7.63928
0.032246 8.79212
0.0288328 8.88945
0.0270913 11.5399
0.0195191 7.56888
0.0190289 7.59377
0.0174372 7.82262
0.0166807 9.643
0.0123795 8.01222
0.0114639 9.67671
0.00982699 9.20342
0.00865744 11.6014
0.00850011 8.53483
0 0 0 0.452091 0 0 0.547908 0 0 0 
0 0 0 0 0 0 1 0 0 0 
0 0 0 0 0 0 1 0 0 0 
0 0 0 0 0.35859 0 0 0 0.64141 0 
0 0 0 0 0 1 0 0 0 0 
0 0 0 0 0 0 1 0 0 0 
0 0 0 1 0 0 0 0 0 0 
0 0 0 0 0 0 0.55556 0 0.44444 0 
0 0 0 0 0 0 0 0 1 0 
0 0 0 0 0 0 0 1 0 0 
0 0 0 0 0 0 1 0 0 0 
0 0 0 0 0 0 1 0 0 0 
0 0 0 0 0 0 0 1 0 0 
1 0 0 0 0 0 0 0 0 0 
0 0 0 0 0 0 0 0 1 0 
0 0 0 0 0.108823 0 0.503205 0.387971 0 0 
0 0 0 0 0 0 1 0 0 0 
0 0 0 1 0 0 0 0 0 0 
0 0 0 0 0 1 0 0 0 0 
1 0 0 0 0 0 0 0 0 0 
0 0.528773 0 0 0 0.471227 0 0 0 0 
0 0 1 0 0 0 0 0 0 0 
0 0 0 1 0 0 0 0 0 0 
0 0 0 1 0 0 0 0 0 0 
0 0 0 0 0.78829 0 0.21171 0 0 0 
0.244106 0.755894 0 0 0 0 0 0 0 0 
1 0 0 0 0 0 0 0 0 0 
0 0 0 0 0.864316 0 0 0 0.135684 0 
0 0 1 0 0 0 0 0 0 0 
0 0 0 1 0 0 0 0 0 0 
0 0 1 0 0 0 0 0 0 0 
0 0 0 0 0 1 0 0 0 0 
0 0 0 0 0 0 1 0 0 0 
0 1 0 0 0 0 0 0 0 0 
1 0 0 0 0 0 0 0 0 0 
0 0 0 0 1 0 0 0 0 0 
0.461448 0 0 0 0 0 0 0 0.538552 0 
0 0 0 0 1 0 0 0 0 0 
0 0 0 0 0 0 1 0 0 0 
0 0 0 1 0 0 0 0 0 0 
0 0 0 0 0 0 0 0 0 1 
0 0 0 0 0 1 0 0 0 0 
0 0 1 0 0 0 0 0 0 0 
0 0 0 0 0 0 0 0 0.360958 0.639042 
0 0 0 0 1 0 0 0 0 0 
0 0 0 0 0 1 0 0 0 0 
0 0 0 0 1 0 0 0 0 0 
0 0 0 0 1 0 0 0 0 0 
1 0 0 0 0 0 0 0 0 0 
0 0 1 0 0 0 0 0 0 0 
0 0 0 0 0 0 0 1 0 0 
0 0 0 0 0 0 1 0 0 0 
0 0 0 1 0 0 0 0 0 0 
0 0 0 0 0 0 0 0 1 0 
0 0 0 0 0 0 0 0 0 1 
0 0 1 0 0 0 0 0 0 0 
0 0 0 0 0 0 0 1 0 0 
0 0 0 0 0 0 0 0 0 1 
0 0 0 0.220038 0 0 0 0 0.779962 0 
0 0 0 0 0 1 0 0 0 0 
1 0 0 0 0 0 0 0 0 0 
0.557764 0 0 0 0 0 0 0 0 0.442236 
0 0 0.425355 0 0.574644 0 0 0 0 0 
0 0 0 0 1 0 0 0 0 0 
0.583181 0 0 0 0 0 0 0 0 0.416819 
0 0 0 0 1 0 0 0 0 0 
0 0 0 0 1 0 0 0 0 0 
0 0 0 0 1 0 0 0 0 0 
0.717017 0.282983 0 0 0 0 0 0 0 0 
0 0 0 0 0 0 0 1 0 0 
0 0 0 0 1 0 0 0 0 0 
1 0 0 0 0 0 0 0 0 0 
0 0 0 0 0 0 0 0 1 0 
0 0 1 0 0 0 0 0 0 0 
0 0 0 0 0 0 0 1 0 0 
1 0 0 0 0 0 0 0 0 0 
0 0 0 0 0 0 0 0 1 0 
0 0 0.275592 0 0.724408 0 0 0 0 0 
0 0 0 1 0 0 0 0 0 0 
0 0 0 0 1 0 0 0 0 0 
0 0 0 0 0 1 0 0 0 0 
0 0 1 0 0 0 0 0 0 0 
0 0 0 0 0 0 0 0 0 1 
0 0 0 0 0 0 0 1 0 0 
0 0 0 0 0 0 0 0 1 0 
0 0 1 0 0 0 0 0 0 0 
0 0 0 0 0 1 0 0 0 0 
0 0 0 0 0 1 0 0 0 0 
0 0 1 0 0 0 0 0 0 0 
0 0.269764 0 0 0.730236 0 0 0 0 0 
0 0 0 0 0 1 0 0 0 0 
0 0 0 0 0 0 0 0 1 0 
0 1 0 0 0 0 0 0 0 0 
0 0 0 0 0 1 0 0 0 0 
0 0 0 0 0 0 0 0 1 0 
0 0 0 0 0 0 0 0 0 1 
0 0 0 0 0 0 0 0 1 0 
0 0 1 0 0 0 0 0 0 0 
0 0 0 0 0 0 0 1 0 0 
0 0 0 0 0 0 0 0 1 0 
0 0 0 0 0 1 0 0 0 0 
0 0 0 0.810369 0 0 0 0 0 0.18963 
0 0 0 0 0.531827 0 0 0 0.468173 0 
0 0 0 0 0 1 0 0 0 0 
0 0 0 0 1 0 0 0 0 0 
0 0 0 0 0.53437 0 0 0.0610492 0 0.404581 
0 0 0 0 0 0 0 0 1 0 
0 0 0 0 1 0 0 0 0 0 
0 0 0 0 0 0 1 0 0 0 
0 0 0 0 1 0 0 0 0 0 
0.526458 0 0 0 0 0 0 0.473542 0 0 
0.453338 0 0 0 0 0 0 0.546662 0 0 
0 0 0 0 0 1 0 0 0 0 
0 0 0 0 0 0 0 1 0 0 
1 0 0 0 0 0 0 0 0 0 
0 0 0 0 0 0 0 0 0 1 
0 0 0 0 0 0 0 1 0 0 
0 0 0 0 0 0 1 0 0 0 
0 0 0 0 0 1 0 0 0 0 
0 0 0 0 0 0 0 0 0 1 
0 0 0 0 0 0.322511 0 0 0 0.677489 
0.522139 0 0 0 0 0 0 0 0 0.477861 
0 0 0 1 0 0 0 0 0 0 
0 0 0 0 0 0 0 1 0 0 
0 0 0 0 1 0 0 0 0 0 
0 0 0 0 1 0 0 0 0 0 
0 0 0 0 0 0 1 0 0 0 
0 0 0 0 0 1 0 0 0 0 
0 0 1 0 0 0 0 0 0 0 
0 0 0 0 0 1 0 0 0 0 
0 0 0 0 0 0 0 0 0 1 
0 0 0 0 0 0 0 0 0 1 
0 0 0 0 1 0 0 0 0 0 
0 0 0 0 0 0 0 0.481735 0 0.518265 
0 0 0 0 0 0 0 0 1 0 
0 0 0 0 0 0 0 0 1 0 
0 0 0 0 0 0 1 0 0 0 
0 0 0 0 0 1 0 0 0 0 
0 0 0.413968 0 0 0 0 0 0 0.586032 
0 0 0 0 0 0 0 0 0 1 
0 0 0 0 0 1 0 0 0 0 
0 0 0 1 0 0 0 0 0 0 
0 0 0 0 0 1 0 0 0 0 
0 0 0 0 1 0 0 0 0 0 
0 1 0 0 0 0 0 0 0 0 
0.86152 0 0.13848 0 0 0 0 0 0 0 
0 0 0 0 1 0 0 0 0 0 
0 0 0 0 0 0 0 1 0 0 
0 0 0 0 0 0 0 1 0 0 
0 0 0 0 0 0 0 0 1 0 
0 0 0 0 0 0 1 0 0 0 
0 0 0 0 1 0 0 0 0 0 
0 0 0 0 0 1 0 0 0 0 
0 0 1 0 0 0 0 0 0 0 
0 0 1 0 0 0 0 0 0 0 
0 0 0 0 0 1 0 0 0 0 
0.181201 0 0 0 0 0.818799 0 0 0 0 
1 0 0 0 0 0 0 0 0 0 
0 0 0 0 0 0 1 0 0 0 
0.741544 0 0 0 0 0.258456 0 0 0 0 
0 0 0 0 1 0 0 0 0 0 
0 0 0 0 0 0 0.519403 0 0.480597 0 
0 0 0 0 1 0 0 0 0 0 
0 0 0 0 0 0 0 1 0 0 
0 0 0 0 1 0 0 0 0 0 
0 0 0 0 0 0 0 0 1 0 
0 0 1 0 0 0 0 0 0 0 
0 0 0 0 0.600524 0 0.399476 0 0 0 
0 0 1 0 0 0 0 0 0 0 
0.393976 0 0 0 0 0.606024 0 0 0 0 
0 0 0 0 0 0 0 0 1 0 
0 0 0 1 0 0 0 0 0 0 
0 0 0 0 0 0 0 0 0 1 
0 0 0 0 0 1 0 0 0 0 
0 0 0 0 0 0 0 1 0 0 
0 0 0 0 1 0 0 0 0 0 
0 0 0 0 0 0 0 0 1 0 
1 0 0 0 0 0 0 0 0 0 
0.695209 0 0 0 0.304791 0 0 0 0 0 
0 0.385598 0 0 0.614402 0 0 0 0 0 
0 0 1 0 0 0 0 0 0 0 
0 0 0 0 0 1 0 0 0 0 
0 0 0 0 0 0 1 0 0 0 
0 0 1 0 0 0 0 0 0 0 
0 0 0 0 0 0.456306 0.543694 0 0 0 
0 0 0 1 0 0 0 0 0 0 
0 0 0 0 0 0 0 0 0 1 
0 0 0 0 0 0 0 0 1 0 
1 0 0 0 0 0 0 0 0 0 
0 0 0 0 0 0 1 0 0 0 
0.318063 0 0 0.681937 0 0 0 0 0 0 
0 0 0 0 0 0 0 0 0 1 
0.485639 0 0 0 0.514361 0 0 0 0 0 
0 1 0 0 0 0 0 0 0 0 
0 0 0 0 0 0 1 0 0 0 
0 0 0 0 0 0 0 0 0 1 
0 0 0 0 0 0 0 0 0.206256 0.793744 
0 0 0 0 1 0 0 0 0 0 
0 0 0 0 1 0 0 0 0 0 
0 0 0 0 1 0 0 0 0 0 
