10 100
0.499372
0.745383
0.268941
0.588434
0.672542
0.263915
0.32895
0.452695
0.654707
0.299012
11.1421 0.431932
10.3087 0.771248
9.69491 1.33057
8.76801 1.38996
8.50867 1.42097
8.29736 1.6587
8.21051 1.27623
8.1476 0.694325
8.14632 1.01993
8.01564 1.79697
7.88627 1.74758
7.84122 1.43879
7.80869 1.73615
7.59157 0.737093
7.49471 0.591024
7.49233 0.290933
7.14993 0.928157
7.12948 1.19588
7.0312 1.81866
6.6974 2.18149
6.58086 1.34123
6.21785 1.83165
6.05422 3.50189
5.96566 2.97979
5.62054 2.72971
5.40273 1.80636
5.35309 1.77705
4.97 3.73386
4.74098 2.36119
4.70557 2.69074
4.57197 2.439
4.35889 3.30202
4.34443 3.37428
4.30614 3.07175
4.27127 2.95764
4.21912 3.05334
4.20269 4.47229
4.12487 3.15992
3.92882 2.7335
3.76625 5.47995
3.671 4.45906
3.52088 3.83231
3.40779 2.53779
3.37366 3.51513
3.37277 4.73478
3.3693 5.06087
3.00164 5.84173
2.99109 4.68872
2.79464 4.18424
2.7424 5.02683
2.53892 3.97625
2.51121 5.34598
2.49612 5.62631
2.48797 4.75777
2.35704 5.05474
2.03003 6.06445
1.97835 4.60172
1.86166 5.2665
1.75326 5.24802
1.55895 6.90688
1.5482 5.62056
1.48017 7.50497
1.37875 7.22972
1.32999 5.44694
1.24729 6.02825
1.20395 7.20102
1.16147 7.76477
1.14654 6.21764
1.12247 7.21235
0.944633 8.52499
0.933825 8.42311
0.926548 6.56349
0.896936 6.49455
0.867065 7.03438
0.750675 8.48305
0.66541 6.00255
0.610649 6.52488
0.604441 8.10538
0.472945 8.58961
0.443485 5.90653
0.396216 5.89571
0.391734 9.23345
0.291156 8.83172
0.272957 8.77088
0.25853 9.27215
0.180017 10.3385
0.143042 8.34858
0.125608 7.08426
0.108413 7.05673
0.0849415 10.0136
0.0801387 6.8828
0.0718498 11.1773
0.0514487 7.14916
0.049348 8.9052
0.0382854 7.10796
0.0200888 7.51769
0.00425723 12.1254
0.00391851 9.11609
0.00347026 9.25828
0.00269893 11.6808
1 0 0 0 0 0 0 0 0 0 
0 0 0 0.139453 0 0.860547 0 0 0 0 
0 0 0 0 0 1 0 0 0 0 
0 0 0 0 0 0 0 0 0 1 
0 0 0 0 1 0 0 0 0 0 
0 0 0 0 0 0 0 1 0 0 
0.877297 0 0 0 0 0 0.122703 0 0 0 
0 0 0 0 0 0 0 0 1 0 
0 0 0 0 0 1 0 0 0 0 
0 0 0 0 0 0 1 0 0 0 
0 0 0 0 0 0 0 0 0 1 
0 0 0 0 0 1 0 0 0 0 
0 0 0 0 0.268218 0 0 0.731782 0 0 
0 0 1 0 0 0 0 0 0 0 
0 0 0 0 0 1 0 0 0 0 
0 0 0 0 0 0 1 0 0 0 
0 1 0 0 0 0 0 0 0 0 
0 0 0 0 0 0 1 0 0 0 
0 0 0 0 0 0 0 0 1 0 
0 0 0 0 0.404272 0 0 0 0.595728 0 
0 0 0 0 0 0 0 0 0 1 
0 0 0.329252 0 0.566381 0 0 0 0 0.104366 
0 0 0 0 0 1 0 0 0 0 
0 0 0 0 0 0 0 1 0 0 
0 0 0 0 0 0 0 0.371294 0 0.628706 
0 0 0 0 0 0 0 0 1 0 
0 0.341381 0 0 0 0 0.658619 0 0 0 
0 0 1 0 0 0 0 0 0 0 
0 0 0 0.531173 0 0.468827 0 0 0 0 
1 0 0 0 0 0 0 0 0 0 
0 0 0 0 0 0 0 0 0 1 
0 0 0 0 0 0 1 0 0 0 
0 0 0 0 0 0 0 1 0 0 
0 0 0 0 0 0 0 0 0 1 
0 0 0 0 0 0 0 1 0 0 
0 0 0 0 0 0 0 0 1 0 
0 0 0 1 0 0 0 0 0 0 
0 0 0 0 0 0 0 0 1 0 
0 0 0 0 0 1 0 0 0 0 
1 0 0 0 0 0 0 0 0 0 
0 0 0 0 0 0 0 0 0 1 
0 0 0 0 0 0 0 0 0 1 
0 0 1 0 0 0 0 0 0 0 
0 0 0 0 0 0 0 0 1 0 
0 0 0 0 0 0 0 0 1 0 
0 0 0 0 0 0.474531 0 0 0.525469 0 
0 0 0 0.725089 0 0.274911 0 0 0 0 
0 0 0 0 0 0 0 0 0 1 
0 0.13556 0 0 0.86444 0 0 0 0 0 
0 0 0 0 0 0 0 0 1 0 
0 0 0 0 0 1 0 0 0 0 
1 0 0 0 0 0 0 0 0 0 
0 0 0 0.817662 0 0 0 0 0 0.182338 
0 0 0 0 0 0 0 0 1 0 
0 0 0 0 1 0 0 0 0 0 
0 1 0 0 0 0 0 0 0 0 
0 0 0 0 0 0 0 1 0 0 
0 0 0 0 0 1 0 0 0 0 
0 0 0 0 1 0 0 0 0 0 
0 0 0 0 0 0.430072 0.569928 0 0 0 
0 0 0 1 0 0 0 0 0 0 
0.888682 0 0 0 0 0.111318 0 0 0 0 
0 0 0 1 0 0 0 0 0 0 
0 0 1 0 0 0 0 0 0 0 
0 0 0.140289 0.751504 0 0 0 0 0.108207 0 
1 0 0 0 0 0 0 0 0 0 
0 0 0 0 0 0 1 0 0 0 
0 0 0 1 0 0 0 0 0 0 
0 0 0 0 0 0 0 0 0 1 
0 0 0 0 0.476346 0 0 0 0 0.523654 
1 0 0 0 0 0 0 0 0 0 
0 0 0 0 0 0 0 1 0 0 
0 0 0 1 0 0 0 0 0 0 
0 0 0 0 0 0 0 1 0 0 
0 0 0 0 0 0 0 1 0 0 
0 0 0 0 0 0 0 0 0 1 
0 0 0 0 1 0 0 0 0 0 
0 0 0 0 0 0 0 0 0 1 
0 0 0 0 0 0 0 0 0 1 
0 0 0 0 0 0 0 1 0 0 
0 0 1 0 0 0 0 0 0 0 
0 0.419599 0 0.580401 0 0 0 0 0 0 
0.565367 0 0 0 0 0 0 0 0 0.434633 
0 0 0 0 0 0 0 0 0 1 
0 0 0 0 0 0 0 0 1 0 
0 0 1 0 0 0 0 0 0 0 
0 1 0 0 0 0 0 0 0 0 
0 0 0 0 0 0 1 0 0 0 
0 0 1 0 0 0 0 0 0 0 
0 1 0 0 0 0 0 0 0 0 
0 0 0 0 0 0 1 0 0 0 
1 0 0 0 0 0 0 0 0 0 
0 1 0 0 0 0 0 0 0 0 
1 0 0 0 0 0 0 0 0 0 
0 0 1 0 0 0 0 0 0 0 
0 0 0 0 0 0 0 0 0 1 
0 0 0 0 0 1 0 0 0 0 
0 0 0 1 0 0 0 0 0 0 
0 0 0 0 0 0 0 0 0 1 
0 0 0 0 1 0 0 0 0 0 
