10 50
0.45805
0.636385
0.614423
0.518648
0.396802
0.5802
0.408958
0.6375
0.331092
0.633554
10.3805 0.126962
9.44816 0.208902
9.43648 0.130348
9.35283 0.597012
8.63553 0.354069
8.32566 0.464383
7.97775 0.219642
7.93304 1.916
7.90494 1.61277
7.19644 1.55129
7.17349 2.25051
6.69957 1.02539
5.89713 2.17592
5.63957 2.93338
5.30436 3.22751
5.30115 3.31502
4.86557 3.07608
4.72445 2.55105
4.72054 3.67181
4.37736 4.2227
4.00383 2.95734
3.76257 3.05411
3.72579 4.77919
3.62365 4.81703
3.40753 5.06284
3.27502 3.61349
2.05411 4.93642
1.99076 5.51967
1.81176 5.81504
1.49089 7.29844
1.41078 5.3154
1.38208 7.30175
1.3555 6.75169
1.07028 6.32656
0.970357 7.68376
0.89824 5.41584
0.800602 5.78048
0.660085 9.25568
0.340527 8.33552
0.286951 8.41295
0.227586 7.45437
0.203476 6.7016
0.143635 8.94106
0.121764 7.50995
0.0804241 9.25652
0.0594049 9.05117
0.0154961 11.0101
0.00590777 8.35159
0.00473734 11.4387
0.00342182 8.53601
0 0 0 0.663242 0 0 0 0 0 0.336758 
0 0 0 0 0 0 0 0 1 0 
0 0 0 0 0 0 0 1 0 0 
0 0 0 0 0 0 0.456861 0 0 0.543139 
0 1 0 0 0 0 0 0 0 0 
0 0 0 0 0 0 0 0 0 1 
0 1 0 0 0 0 0 0 0 0 
0 0 0 0 0 1 0 0 0 0 
0 0 0 0 0 0 0 1 0 0 
0 0 0 0 0 0 0 0 1 0 
0 0 1 0 0 0 0 0 0 0 
0 1 0 0 0 0 0 0 0 0 
0 0 0 0 0 0 0 0 0 1 
0 0 0 0 0 0 0 1 0 0 
0 0 1 0 0 0 0 0 0 0 
0 0 0 0 0 0 0 1 0 0 
0 0 0 0 0 0 0 1 0 0 
0 0 0 0 0 0 0 0 1 0 
0 0 0 0 0 0 0 0 0 1 
1 0 0 0 0 0 0 0 0 0 
0 0 0 1 0 0 0 0 0 0 
0 0 0 1 0 0 0 0 0 0 
0 0 0 0 0 0 0 0 0 1 
0 0 0 0 0 0 0 0 1 0 
0 0 1 0 0 0 0 0 0 0 
0 0 0 0 1 0 0 0 0 0 
0.280885 0 0.421705 0 0 0 0 0 0.29741 0 
0 0 0 0.624909 0 0 0 0 0 0.375091 
0 0 0 0 0 0.808136 0 0 0 0.191864 
0 0 1 0 0 0 0 0 0 0 
0 0 0 0 0 1 0 0 0 0 
0 0 0 0 1 0 0 0 0 0 
0 0 0 0 0 1 0 0 0 0 
0 0 0 0 0 0 0 0 0 1 
0 1 0 0 0 0 0 0 0 0 
0 0 0 0 0 1 0 0 0 0 
0 0 0 0 0 0 0 0.507407 0 0.492593 
1 0 0 0 0 0 0 0 0 0 
0 0 0 0 0 0 0 0 1 0 
0 0 0 0 1 0 0 0 0 0 
0 0 0 0 0 1 0 0 0 0 
0 0 0 0 0 0 0.322652 0 0.677348 0 
0 0 0 0 0 0.571162 0 0 0.428838 0 
0 1 0 0 0 0 0 0 0 0 
1 0 0 0 0 0 0 0 0 0 
0 0 0 0 0 1 0 0 0 0 
0 0 0 1 0 0 0 0 0 0 
0 0 0 0.257678 0 0 0 0 0 0.742322 
0 0 1 0 0 0 0 0 0 0 
0 0 0 1 0 0 0 0 0 0 
