5 50
0.312197
0.664991
0.738159
0.372822
0.409948
10.4792 0.299048
9.20121 0.609747
8.31903 0.876271
7.8427 1.33706
7.10321 0.721392
7.05299 2.22926
6.5148 3.17394
6.48357 2.47411
6.06341 3.22801
6.00513 2.87227
5.88691 3.16581
5.83664 2.6795
5.81884 1.28905
5.19216 2.16353
5.04056 3.66776
3.70017 4.24386
3.18438 3.90617
3.13109 3.20795
3.12087 5.01307
2.96095 5.10553
2.81773 4.72992
2.6708 5.2495
2.61875 5.02987
2.32374 6.14249
2.19448 4.39987
2.16645 4.70507
2.16014 5.87588
2.13628 4.40699
1.97913 4.2429
1.81059 6.44733
1.72807 4.60961
1.22721 5.99048
1.02561 8.55464
0.973275 8.17342
0.973256 6.7766
0.748606 7.96535
0.645319 7.34445
0.529084 8.39243
0.528579 8.4169
0.436833 7.10486
0.43213 8.30801
0.412735 8.15776
0.36055 9.4906
0.359531 8.51861
0.216031 7.00016
0.215489 6.88019
0.211087 8.99132
0.0774633 11.2515
0.0206013 11.4809
0.00427259 10.0007
0.199473 0 0.288358 0.31755 0.194618 
0.380678 0.467768 0 0 0.151554 
0 0 0 0.81608 0.18392 
0.129509 0.519348 0 0 0.351143 
0 0.301689 0.22321 0.15629 0.318811 
0.525158 0 0.474842 0 0 
0.315518 0 0.353585 0 0.330898 
0.202228 0.228698 0.179098 0.307905 0.0820715 
0.36247 0 0.229621 0 0.407908 
0.250737 0.299714 0.277236 0 0.172313 
0 0.252417 0.275198 0.218593 0.253792 
0.236777 0 0.399445 0.363778 0 
0.11874 0.51673 0.276143 0.0883871 0 
0 0 0 0 1 
0.664492 0 0.335508 0 0 
0.443059 0.255894 0 0.301046 0 
0.655656 0.344344 0 0 0 
0 0.0680345 0.400136 0.409869 0.121961 
0 0.509995 0.490005 0 0 
0.336608 0 0.352977 0.217431 0.0929837 
0.255322 0.366403 0.190501 0 0.187773 
0.242352 0.647213 0 0.110435 0 
0.315985 0.407193 0 0.276822 0 
0.532144 0 0 0.467856 0 
0.376738 0 0 0.623262 0 
0.394542 0.058475 0.213862 0.151785 0.181336 
0.184409 0 0 0.408671 0.40692 
0 0 0 0.619789 0.380211 
0 0 0.499232 0.500768 0 
0 0.113612 0.557481 0.328907 0 
0.233591 0 0.552028 0.214381 0 
0.046443 0.297059 0.262491 0.194592 0.199414 
0.100683 0.381411 0 0.398458 0.119447 
0 0.171316 0 0.828684 0 
0.158537 0.384596 0 0.29634 0.160527 
0 0.475368 0 0 0.524632 
0.557005 0 0.442995 0 0 
1 0 0 0 0 
0 0 0.619051 0.195599 0.18535 
0 0 0 1 0 
0.497327 0 0.102304 0.400369 0 
0 0.383603 0 0.185037 0.431361 
0.316194 0.0575667 0 0.357213 0.269026 
0.510126 0 0.489874 0 0 
0 0.361889 0.240144 0 0.397966 
0.739744 0 0 0 0.260256 
0.276437 0.456162 0.267401 0 0 
0.0528178 0.111906 0.40654 0.271322 0.157414 
0.171285 0.253677 0.0832571 0.208932 0.282849 
0 0.660247 0 0 0.339753 
