5 50
0.650555
0.52723
0.669645
0.323183
0.675626
10.4338 0.673998
8.92931 1.09307
8.80809 1.80255
8.70924 1.5858
8.63886 0.877508
8.4196 0.814576
8.32469 1.06206
7.28081 1.89283
6.88423 1.13907
6.8149 2.56541
6.58362 1.63934
5.97995 2.04629
5.94741 1.67173
5.27759 3.33627
5.27392 3.41482
5.25175 2.97879
5.24112 2.13023
4.77869 3.00385
4.71625 4.13378
4.33845 3.27521
4.32955 3.79032
3.83109 3.04378
3.77452 4.48158
3.73145 3.37481
3.63258 3.50825
3.58041 4.23917
3.16812 5.43445
3.06193 4.4219
2.9653 5.47235
2.71879 4.32611
2.67234 5.0421
2.63736 4.83037
2.54402 6.13397
2.27153 5.63169
1.98918 5.5992
1.83371 6.04155
1.40091 7.86453
1.13784 5.13429
1.08566 6.54235
1.07886 6.17343
1.07453 7.67747
0.903294 7.60721
0.613596 8.84848
0.371514 9.09933
0.292305 8.34337
0.237107 8.47724
0.141548 10.5336
0.116112 8.55529
0.0131357 11.7021
0.0054611 11.4939
0 0 0 0 1 
0 1 0 0 0 
0 1 0 0 0 
0 1 0 0 0 
0 0 0 0 1 
0 1 0 0 0 
0 0 1 0 0 
1 0 0 0 0 
1 0 0 0 0 
0 1 0 0 0 
0 1 0 0 0 
1 0 0 0 0 
0 1 0 0 0 
0 0 0 0 1 
0 0 0 0 1 
0 0 1 0 0 
1 0 0 0 0 
0 1 0 0 0 
0 0 0 0 1 
0 1 0 0 0 
1 0 0 0 0 
1 0 0 0 0 
0 1 0 0 0 
0 0 0 1 0 
0 0 0 0 1 
0 1 0 0 0 
0 1 0 0 0 
0 0 1 0 0 
0 0 0 1 0 
0 0 0 0 1 
0 0 0 1 0 
0 0 0 0 1 
0 0 1 0 0 
0 0 0 0 1 
1 0 0 0 0 
0 1 0 0 0 
0 1 0 0 0 
1 0 0 0 0 
0 0 0 0 1 
0 0 0 1 0 
1 0 0 0 0 
0 0 0 0 1 
0 0 0 0 1 
0 0 0 1 0 
0 0 0 0 1 
0 0 0 1 0 
0 0 0 1 0 
0 0 0 0 1 
0 1 0 0 0 
0 0 1 0 0 
