5 200
0.523034
0.389424
0.341769
0.437399
0.721099
11.1758 0.279529
10.5683 0.38145
10.5217 0.673806
10.3108 0.137389
9.31001 1.30215
9.25772 1.08803
9.21509 1.25139
8.95879 1.14646
8.89113 1.26545
8.70544 1.44036
8.56837 0.953315
8.41559 0.21433
8.34947 0.282243
8.01745 0.391299
7.97875 1.47045
7.92861 1.96093
7.86497 0.721684
7.76321 0.151377
7.76272 1.21539
7.72858 0.647741
7.54934 1.78173
7.48772 1.35395
7.48352 0.900816
7.36402 2.20507
7.30152 2.38193
7.29842 1.01054
7.29361 0.572055
7.28516 2.29512
7.27698 1.15268
7.263 0.634445
7.11838 0.233686
7.06342 1.48265
7.05655 0.872755
7.02889 1.5476
6.97085 1.53084
6.9678 0.605546
6.91715 2.07366
6.91672 2.38763
6.7759 0.614111
6.66561 2.85222
6.34195 1.22773
6.27674 2.22337
6.27363 3.23839
6.23364 2.51249
6.21854 2.21549
6.19911 2.41723
6.19098 2.65148
6.0892 2.87637
6.00276 3.72132
5.97583 1.9648
5.9654 1.2568
5.95661 1.63585
5.82382 1.47961
5.80571 1.25383
5.71812 1.80209
5.68727 1.83092
5.57172 3.18026
5.56245 2.4886
5.43049 1.80286
5.38442 2.74587
5.33024 2.03079
5.25817 2.85813
5.22872 3.46195
5.04743 2.40901
4.73496 3.35098
4.70701 2.82973
4.59762 2.73202
4.55594 2.66695
4.36651 4.46074
4.26071 3.07
4.21281 3.75214
4.18163 4.05771
4.13436 2.93569
4.12496 3.78752
3.96378 2.29431
3.95033 3.82319
3.85451 2.38713
3.6744 4.7438
3.67365 4.14563
3.66452 4.3562
3.65913 4.94421
3.64938 4.67342
3.49689 5.69741
3.49141 3.16261
3.43673 4.11352
3.3454 4.65634
3.30564 3.41233
3.2813 4.69482
3.26737 3.65941
3.14385 4.90506
3.08832 4.4777
2.95858 5.28387
2.88085 4.07036
2.85498 3.78021
2.82845 5.75827
2.80657 5.61446
2.77039 4.26646
2.7368 4.21549
2.71016 4.64769
2.68097 5.73014
2.51062 4.65461
2.44886 5.17577
2.42903 5.3049
2.25844 5.35385
2.18539 4.33375
2.18044 5.1502
2.07064 6.34759
2.03366 4.09208
2.02961 7.13876
2.01977 5.99353
1.95669 5.54083
1.93571 4.74296
1.71369 6.10471
1.64283 7.37111
1.62688 7.35157
1.5666 6.03232
1.55324 6.44335
1.54768 5.69539
1.52097 5.94858
1.43129 7.52173
1.41872 6.74161
1.40092 4.95055
1.3953 5.29796
1.38302 6.51652
1.28904 6.8182
1.2655 7.13959
1.22094 5.64712
1.1751 5.0723
1.15336 5.74825
1.13644 6.08276
0.992512 5.52763
0.95463 8.33265
0.950753 7.9655
0.913016 8.70005
0.887576 7.77572
0.880305 8.14639
0.825983 6.97154
0.808781 5.94298
0.779384 5.92478
0.765956 7.45565
0.755989 6.95529
0.745738 7.86507
0.742526 7.5974
0.741243 8.36435
0.725573 6.75556
0.693429 6.062
0.648339 6.90161
0.626286 8.22025
0.545369 6.58413
0.502288 7.74739
0.484835 6.5867
0.443426 7.55771
0.427573 9.46253
0.416258 7.45059
0.381725 7.03168
0.380826 9.26298
0.379168 9.19828
0.357624 7.68682
0.348058 9.95118
0.347935 6.5472
0.294475 10.1798
0.27254 10.3894
0.266589 6.80731
0.260995 9.60137
0.252797 9.10976
0.231869 7.41771
0.229497 6.21311
0.176162 6.48464
0.175889 10.5244
0.172071 9.69482
0.171636 6.72759
0.168664 8.82109
0.164581 7.04978
0.152851 7.72414
0.151847 7.72872
0.149875 8.91315
0.147569 7.3619
0.147026 8.00993
0.131064 10.4466
0.0884633 8.43223
0.076197 7.17272
0.0706344 9.18829
0.0612173 9.66629
0.0605124 10.0281
0.0555381 8.4074
0.0536252 7.61796
0.0517202 10.9013
0.05027 9.48807
0.033913 7.68946
0.0292625 11.1958
0.0137121 11.821
0.0132074 8.32224
0.013195 10.9428
0.00777578 10.6775
0.00735127 7.92012
0.00395935 9.82022
0.00203331 7.93985
0.00168881 9.28396
0.00134826 9.21142
0.000980802 8.94555
0.30985 0 0.0886053 0.534247 0.067298 
1 0 0 0 0 
0 0 0 0.454392 0.545608 
0 0 1 0 0 
0.546041 0 0.453959 0 0 
0 0 0 1 0 
0 0 0 0.561831 0.43817 
0.312251 0.181737 0.285891 0.220122 0 
0.528871 0.471129 0 0 0 
0 0.338761 0.393077 0 0.268162 
0.393068 0.606932 0 0 0 
0 0 0 1 0 
0.0944928 0.150444 0.215463 0 0.5396 
1 0 0 0 0 
0 0.437897 0 0 0.562102 
0 0.128668 0.619408 0 0.251924 
0.222849 0.279089 0.272233 0.225829 0 
0.402945 0 0.338275 0.139259 0.119521 
0 0 0.204748 0.346514 0.448739 
0 0.18788 0.177292 0.355633 0.279195 
0 0 0.419736 0.296639 0.283625 
0 0 0 0.493994 0.506006 
0 0 0.432266 0.107054 0.460679 
0.403547 0.148522 0.392997 0 0.0549334 
0.145383 0.325735 0 0.173516 0.355366 
1 0 0 0 0 
0 1 0 0 0 
0 0.118584 0.356492 0.524924 0 
0 0.10426 0.3178 0.231056 0.346885 
0 0.370724 0.0886484 0.196024 0.344604 
0 0.418707 0 0.320406 0.260888 
0 0 0 1 0 
0 0 0.527553 0.472447 0 
0 0 0.802379 0.197621 0 
0 0 0.34448 0.195126 0.460394 
0 1 0 0 0 
0 0 0.197176 0 0.802824 
0 0 0.366571 0.0989956 0.534433 
0 0 0 0 1 
0.333404 0.116198 0 0 0.550399 
0.170458 0 0.633326 0.196216 0 
0.0877102 0.0441564 0.350486 0.303392 0.214255 
0.219853 0.348571 0 0.431576 0 
0 1 0 0 0 
0 0.592229 0 0 0.407771 
0 0.592967 0 0.407033 0 
0.209002 0.0604049 0.221469 0.251921 0.257204 
0.373473 0 0 0.626527 0 
0 0 0.161824 0.30101 0.537166 
0.440391 0.559609 0 0 0 
0 0 0 1 0 
0.337071 0 0.52983 0.133099 0 
0 0.423867 0 0.517814 0.0583194 
0 0 0 1 0 
0 0 0 0 1 
0 0 0.3946 0 0.6054 
1 0 0 0 0 
0.381863 0 0.368314 0.249823 0 
0.23151 0.106859 0.362983 0 0.298648 
1 0 0 0 0 
1 0 0 0 0 
0.530125 0.374998 0 0 0.0948778 
0 0.744697 0 0 0.255303 
0.562342 0 0.437658 0 0 
0.431996 0 0 0.183165 0.384839 
0 0.194505 0 0.805495 0 
0.617447 0 0 0.382553 0 
0 0 0.202093 0 0.797908 
0 0.422094 0.577906 0 0 
0.279454 0 0.456732 0 0.263814 
0 0 0 0.545337 0.454663 
0.0981507 0 0.488267 0.413582 0 
0.238856 0.103257 0.657888 0 0 
0 1 0 0 0 
0 1 0 0 0 
0 0 1 0 0 
0.343619 0 0.291267 0 0.365114 
0.427901 0.219402 0.177907 0.17479 0 
0.254617 0 0.478518 0 0.266865 
0 0 0 0 1 
0.135663 0 0.5345 0.140416 0.189422 
0.198235 0 0.27457 0.0937602 0.433435 
0.263181 0 0 0.507926 0.228893 
0.617058 0 0 0 0.382942 
0 0.288306 0.391197 0.320497 0 
0.502313 0.497687 0 0 0 
1 0 0 0 0 
0 0.416399 0 0.583601 0 
0.314911 0.291497 0.393593 0 0 
0 0 0.177143 0.822857 0 
0 0 0 0 1 
0.102523 0.216464 0.329234 0 0.35178 
0.120616 0.0831886 0.413755 0 0.38244 
0.308883 0.0923019 0 0 0.598815 
0.247136 0.222766 0.308621 0.221477 0 
0.547837 0 0.452163 0 0 
0.552717 0.312378 0.134905 0 0 
0 0.118504 0.655334 0.226162 0 
0.335172 0.0778231 0.189056 0.349521 0.0484277 
0.480345 0 0 0.519655 0 
1 0 0 0 0 
0 1 0 0 0 
0.362982 0.17542 0 0.269166 0.192432 
0 0.279954 0.363562 0.356484 0 
0 0.396047 0.310649 0 0.293304 
0.474796 0 0.345257 0 0.179947 
0.416095 0.447741 0 0.136164 0 
0.180319 0.316977 0.264561 0 0.238143 
0.358104 0 0 0.276085 0.365811 
0 0.656391 0 0 0.343609 
0 0.524094 0 0 0.475906 
0.301969 0.39982 0.298211 0 0 
0 0.199433 0 0.800567 0 
0.862607 0.137393 0 0 0 
0.461867 0.538133 0 0 0 
0 0.337801 0 0.662199 0 
1 0 0 0 0 
0.313994 0 0.591327 0.0946796 0 
0.128557 0.229645 0 0 0.641798 
0.438738 0.154544 0.174525 0.232193 0 
0 0 0.475959 0.524041 0 
0.457207 0 0.261653 0 0.281139 
0 0.370701 0 0.126412 0.502887 
0 1 0 0 0 
0.445982 0.554018 0 0 0 
0.406948 0.329964 0 0 0.263087 
0 0.469805 0.530195 0 0 
0.410758 0.36588 0 0 0.223362 
0 0.735071 0.138603 0.126326 0 
0 0.37595 0.435561 0 0.188489 
0 0 0.283161 0.716839 0 
0 0 0.733093 0 0.266907 
0.277346 0 0 0 0.722654 
0.399939 0.305837 0 0 0.294224 
0.0767563 0.289227 0 0.288052 0.345965 
0 0.401666 0.268616 0.329718 0 
0.112696 0.464022 0 0.423282 0 
1 0 0 0 0 
0 0 0.413917 0 0.586083 
0 0.173896 0.49747 0.328635 0 
0 0.389599 0.610401 0 0 
0.502176 0 0.396047 0.101778 0 
0.146777 0.264447 0.158422 0.197389 0.232966 
0.135095 0.232398 0.232434 0 0.400072 
0.622729 0 0 0.377271 0 
0 0 0.662039 0 0.337961 
0 0 0 0.784263 0.215737 
0.368098 0 0.631902 0 0 
0.492475 0.507525 0 0 0 
0 1 0 0 0 
0 0.305689 0 0.69431 0 
0 0.0851574 0.192832 0.388874 0.333136 
0.219233 0 0 0.780767 0 
0 0 0 0 1 
0 0.525107 0 0 0.474893 
0 0 0 1 0 
0 0 0 0 1 
0 0.318114 0.237997 0.298927 0.144962 
0 0 0.353649 0.343432 0.302918 
0.308905 0.691095 0 0 0 
0 0.155714 0.22257 0 0.621716 
0.453592 0.068224 0.17202 0 0.306164 
1 0 0 0 0 
0.478168 0 0 0.521832 0 
0.718288 0 0 0.281712 0 
0 0 0.405307 0.341276 0.253417 
0.318266 0 0.312849 0 0.368885 
0.722711 0 0 0.277289 0 
0.507637 0 0 0.310459 0.181904 
0.400993 0.260812 0.338196 0 0 
0.188902 0 0 0.353301 0.457797 
0 0 0.379319 0.620681 0 
0 0 0.520896 0.479104 0 
0.467903 0.232555 0.299542 0 0 
0.209111 0.478326 0.312563 0 0 
0 0.327571 0 0.207251 0.465178 
0.365308 0 0 0.310061 0.324632 
0 0.339165 0.1626 0.32799 0.170245 
0 0 0 1 0 
0 0.141192 0.312239 0.308787 0.237782 
0.187406 0 0.388748 0.354071 0.0697752 
0 0 0.406355 0.593645 0 
1 0 0 0 0 
0.430193 0 0.44851 0.121297 0 
0 0.174438 0.321199 0.133934 0.370429 
0.810154 0 0 0.189846 0 
0.163264 0.299324 0.249141 0.288272 0 
0 0 0 0 1 
0.327736 0.421324 0 0.0788016 0.172138 
0 0.252044 0 0.747956 0 
0 0 0.373598 0.626402 0 
1 0 0 0 0 
0 0 0 0.630775 0.369225 
0.321387 0 0 0.678613 0 
0 0.418629 0.581371 0 0 
0 0 0.534543 0 0.465457 
0 0 0.518674 0.159011 0.322316 
0 0.488722 0 0 0.511278 
0 0.408299 0.23413 0.253312 0.104259 
0.547214 0.452786 0 0 0 
