5 100
0.432745
0.523293
0.263337
0.466834
0.459235
9.86312 0.50804
9.3934 0.159199
9.20049 0.868114
9.12047 0.621341
9.09409 1.12474
9.05766 1.18678
8.67782 0.600688
8.55569 1.47163
8.47416 0.91603
8.02577 1.06003
7.72543 2.3767
7.58596 0.573465
7.52986 1.41239
7.46858 1.12571
7.41134 0.517988
7.19295 0.367485
7.13023 1.04253
6.91161 1.15471
6.71581 1.56893
6.37012 2.41543
6.15778 2.85038
5.76545 1.64466
5.47352 1.33529
5.41739 2.57845
5.23869 2.21766
5.02074 3.94064
4.82075 2.74992
4.65408 2.32206
4.55643 3.84716
4.29851 3.06848
4.27614 3.80015
4.08288 3.66464
4.06692 3.85202
3.96141 3.59113
3.73026 2.95716
3.71057 4.81385
3.63758 3.94408
3.49073 3.5042
3.48241 4.89388
3.45815 3.78947
3.36012 4.28558
3.33838 4.49979
3.27755 4.51528
3.18216 5.1691
3.11538 4.95398
3.07506 3.28005
2.75222 3.98637
2.55452 4.38521
2.52774 5.13205
2.36587 3.99203
2.3648 4.016
2.33035 4.39657
2.20946 6.50835
1.95869 7.02556
1.93545 4.58588
1.91417 5.94151
1.88275 6.41651
1.84603 4.61339
1.81623 5.87341
1.77464 7.11772
1.44425 4.48582
1.4188 8.12157
1.1986 6.61123
1.12709 8.02403
1.09961 8.36889
1.03247 6.10097
1.02333 7.46639
0.920129 8.02814
0.852366 8.49121
0.819133 5.46227
0.752895 5.93651
0.69442 5.83418
0.660238 8.95966
0.649078 8.1474
0.559502 7.53215
0.54305 6.11219
0.401869 8.30367
0.401046 9.46808
0.327172 7.05296
0.278462 6.63255
0.263757 10.2481
0.255779 10.2582
0.238396 7.45519
0.227391 10.1084
0.216136 9.87755
0.207133 7.59886
0.148305 8.87791
0.136125 10.2459
0.115504 6.79815
0.0931258 11.2279
0.0548142 7.53997
0.0517205 8.69203
0.0451277 10.867
0.0418245 7.74577
0.0288584 10.5843
0.0157337 7.94461
0.00909004 10.4693
0.00446457 7.79597
0.00229051 7.85525
0.00115037 8.14994
0 0 1 0 0 
0.641465 0 0.358535 0 0 
1 0 0 0 0 
1 0 0 0 0 
0 1 0 0 0 
0 1 0 0 0 
0 1 0 0 0 
0 0 1 0 0 
1 0 0 0 0 
0 0 0.463273 0.536727 0 
0 0 0 1 0 
1 0 0 0 0 
0 0 1 0 0 
0 0 0 1 0 
0 0.481641 0 0.518359 0 
0 0 0.900883 0 0.0991166 
1 0 0 0 0 
0 0 0 0 1 
0.494841 0 0 0 0.505159 
1 0 0 0 0 
0 0 0 0 1 
0 0.210405 0.390464 0.399131 0 
0 0 1 0 0 
0 0 0 1 0 
0 0 0 0 1 
0 0 1 0 0 
1 0 0 0 0 
0 0 0 0.428327 0.571674 
0 0.299502 0 0.700498 0 
0 1 0 0 0 
0.311747 0.688253 0 0 0 
0.154492 0.557332 0.0884159 0 0.19976 
0.611269 0 0 0.388731 0 
0 0 0 0 1 
0 1 0 0 0 
0.406206 0 0.529919 0.0638751 0 
0 0 1 0 0 
0 0 0 0.387434 0.612566 
0.538893 0 0 0.461107 0 
1 0 0 0 0 
0.556897 0 0 0 0.443103 
0 0 0 1 0 
0 0 1 0 0 
0.190394 0 0.505842 0 0.303764 
0 0 0 1 0 
0.5872 0 0.4128 0 0 
0 0.438804 0 0.442178 0.119017 
0.325464 0.377296 0 0.29724 0 
0 0 0 0 1 
0 0 1 0 0 
0.456238 0 0 0 0.543762 
0 0 0 1 0 
0 0 0 0.495746 0.504254 
0.269666 0 0.730334 0 0 
0 1 0 0 0 
0 1 0 0 0 
0 0 0 0 1 
0 0.489762 0.373863 0 0.136375 
0 1 0 0 0 
0 0 0 0 1 
0 1 0 0 0 
0 0 1 0 0 
0 0.226319 0 0 0.773681 
0.750908 0 0 0 0.249092 
0 0 0.48879 0 0.51121 
0 0 1 0 0 
0 0 0.269829 0.730171 0 
0 0.458389 0 0.541611 0 
0 0 0 0 1 
0 0 0 0 1 
0 1 0 0 0 
0 0 0 0 1 
0.704728 0 0.295272 0 0 
0.477476 0 0 0.522524 0 
0 1 0 0 0 
0 0 0 1 0 
0.774904 0 0 0 0.225096 
0 0 0.414576 0 0.585424 
0 0 1 0 0 
0 0.747695 0 0.252305 0 
0 0 0.129552 0.50711 0.363338 
0 0 0 0 1 
0 0 0 0.40375 0.59625 
0 0 0 1 0 
0 0.594985 0.405015 0 0 
0 0.480131 0 0.519869 0 
0 0 1 0 0 
1 0 0 0 0 
0 0 1 0 0 
0 1 0 0 0 
0 1 0 0 0 
0.453954 0 0.546046 0 0 
0 1 0 0 0 
0.533941 0 0 0.466059 0 
0 0 1 0 0 
0 0 0 0 1 
0 0.430698 0.451142 0 0.118161 
0 0 0 0 1 
0 1 0 0 0 
0 0 0 0 1 
