5 150
0.58736
0.268791
0.275849
0.734549
0.409874
11.2112 0.309084
10.0582 0.953662
10.0056 1.14715
9.99148 1.03003
9.86084 0.578926
9.8478 0.144146
9.81616 0.440788
9.42109 0.891388
8.99684 1.42214
8.81559 0.809966
8.26426 1.24682
8.15219 1.30389
8.01659 0.598257
7.92363 1.00619
7.85981 1.72242
7.7942 1.42984
7.76528 2.21116
7.63086 0.676883
7.49021 2.47389
7.28433 1.9356
7.2455 1.56534
7.22426 2.64975
7.06039 2.3821
6.83206 1.19017
6.65157 1.14
6.54245 1.74503
6.52839 1.92042
6.43961 2.71117
6.42154 0.99674
6.16119 1.62451
6.13824 2.39102
6.12282 2.35447
5.85044 2.90729
5.82108 2.07529
5.72844 1.43312
5.63373 2.49565
5.52695 2.76287
5.48888 1.81778
5.39895 3.12832
5.38261 2.76664
5.34298 3.19101
5.31261 2.28205
5.15815 3.29564
5.08744 3.12256
4.98632 3.07463
4.94709 3.01604
4.78595 2.28678
4.70101 2.59117
4.6562 2.86338
4.64684 2.51365
4.64381 3.07783
4.59246 2.58335
4.57662 3.45714
4.47148 2.87541
4.44166 3.40071
4.34937 2.14891
4.25923 3.76662
4.1893 2.81097
4.09872 4.05059
3.93189 3.63185
3.89984 4.84733
3.76814 3.48911
3.75233 4.10582
3.72505 4.04295
3.71859 3.65586
3.48056 4.66584
3.47659 3.76441
3.46608 4.11383
3.13155 4.55631
3.03935 4.47265
2.95701 5.44843
2.73133 4.12158
2.71995 4.51197
2.58833 5.73783
2.51522 4.1288
2.48788 5.78628
2.4508 5.77468
2.44205 5.38753
2.42599 5.58317
2.24707 4.28114
2.19639 4.58724
2.15488 6.19939
2.1527 5.71058
1.99482 4.50335
1.98721 6.11588
1.97992 6.18925
1.967 5.14906
1.73418 4.60484
1.51358 6.53077
1.51196 6.12119
1.50727 7.24341
1.47129 7.4361
1.44973 5.61116
1.42803 4.85968
1.30418 5.68725
1.2321 4.95792
1.08938 7.76003
1.07196 6.38716
1.02835 7.87073
1.01119 6.07005
0.986858 6.31773
0.979071 5.85924
0.807527 6.55989
0.764866 5.4874
0.75589 6.2122
0.645227 8.44356
0.582498 7.83869
0.57131 7.36035
0.521543 9.19338
0.491916 6.29416
0.429234 8.02914
0.419342 9.46525
0.413604 9.73439
0.412996 8.88244
0.39926 6.61336
0.391883 7.21938
0.367228 8.94351
0.332891 9.6321
0.280166 6.36371
0.274231 8.77804
0.272321 9.42302
0.270803 8.05327
0.264558 7.88205
0.262608 8.16132
0.194471 10.3036
0.157958 7.86512
0.156853 10.6633
0.14744 8.62583
0.143519 8.92216
0.123475 7.34048
0.114387 8.18949
0.110427 10.4955
0.108592 8.75804
0.100187 8.33533
0.074875 11.2478
0.0737854 11.2386
0.0710474 11.541
0.0706021 10.1241
0.0528654 10.8105
0.0460179 10.1492
0.0456341 9.38224
0.0439004 9.10076
0.0425119 10.3667
0.0421931 9.77126
0.0409876 11.0003
0.0280574 9.22519
0.0225075 11.5161
0.0223957 9.1821
0.00335158 11.5153
0.000960317 11.3502
0 1 0 0 0 
1 0 0 0 0 
1 0 0 0 0 
1 0 0 0 0 
0.601424 0 0.398576 0 0 
0 1 0 0 0 
0 0.234434 0.765566 0 0 
0 0 0.660127 0.339873 0 
0.420473 0.579527 0 0 0 
0 0 0 1 0 
1 0 0 0 0 
0 1 0 0 0 
1 0 0 0 0 
0 0 0 0 1 
0 1 0 0 0 
0.1748 0 0 0 0.8252 
0 1 0 0 0 
0 0 0 0 1 
0 0 1 0 0 
0 0 0 1 0 
0 0 0 1 0 
0 0 0 1 0 
0 1 0 0 0 
1 0 0 0 0 
0 0 0 1 0 
0 0.339244 0 0.255601 0.405155 
0 0 0 0 1 
0 0.520882 0 0.479118 0 
1 0 0 0 0 
0 0 0 1 0 
0 0 1 0 0 
1 0 0 0 0 
0 0 0 1 0 
0 1 0 0 0 
0 1 0 0 0 
0 1 0 0 0 
0 0 0 0 1 
0 0 0 0 1 
0 0.647024 0 0 0.352976 
0 0 0 0 1 
0 0 0 0 1 
0 0 1 0 0 
0 0 0 1 0 
0 0 0 1 0 
0 0 0 0 1 
0 1 0 0 0 
0 0 0 0 1 
0 1 0 0 0 
0 0 0 1 0 
0 0 0 0 1 
0 1 0 0 0 
0 0 0 0 1 
0.461039 0.538961 0 0 0 
0 1 0 0 0 
0.689177 0 0 0 0.310823 
0 0 0 0 1 
0 1 0 0 0 
0 0 1 0 0 
0 0 0 1 0 
0 0 0 0 1 
0 1 0 0 0 
0 0 0 0 1 
0 0 0 0 1 
0 0 0 0 1 
0 0 1 0 0 
0 0 0 1 0 
0.291594 0 0.147836 0 0.56057 
0.422443 0 0 0.577557 0 
0 1 0 0 0 
0 0 1 0 0 
0 0 0 1 0 
0 0 0 1 0 
0 0 0 0 1 
0.397567 0 0.602434 0 0 
0 1 0 0 0 
1 0 0 0 0 
0 0 1 0 0 
0 0 0 0 1 
1 0 0 0 0 
0 0 0 0 1 
0 0 0 1 0 
0 0 1 0 0 
1 0 0 0 0 
0 0 0 0 1 
0 0.596341 0 0.403659 0 
0 1 0 0 0 
0 0 0.844374 0 0.155626 
1 0 0 0 0 
0 1 0 0 0 
0 0 1 0 0 
0 1 0 0 0 
0 0 0 0 1 
0 0 1 0 0 
0.75006 0 0.24994 0 0 
0 0 0 1 0 
0 1 0 0 0 
0 0 0 1 0 
0 0 0 0.561802 0.438198 
0 0 0 1 0 
0.591542 0 0.408458 0 0 
0 1 0 0 0 
0 0.613392 0 0 0.386608 
0 0.851547 0 0.148453 0 
1 0 0 0 0 
1 0 0 0 0 
0 0 0 0 1 
1 0 0 0 0 
0 1 0 0 0 
0 0 0 1 0 
0 0 1 0 0 
0 0.520168 0.479832 0 0 
0 0 0 1 0 
0 0 0 1 0 
0 0 0 0 1 
0 0 1 0 0 
0 1 0 0 0 
0 1 0 0 0 
1 0 0 0 0 
1 0 0 0 0 
1 0 0 0 0 
0 0 0 0 1 
0 0 1 0 0 
1 0 0 0 0 
0 0 0 0 1 
0.517151 0.482849 0 0 0 
0 0.386192 0 0.613808 0 
1 0 0 0 0 
0 0 0 1 0 
0 0 1 0 0 
0 1 0 0 0 
0 1 0 0 0 
0 0 0 0.405762 0.594238 
0 0 0 1 0 
1 0 0 0 0 
0 1 0 0 0 
0 0 0 0 1 
0 0.559337 0.440663 0 0 
0 1 0 0 0 
0 1 0 0 0 
0 0 1 0 0 
0 1 0 0 0 
0 0 0 0 1 
0 0.41353 0 0.58647 0 
0 0 1 0 0 
1 0 0 0 0 
0 1 0 0 0 
0 1 0 0 0 
0.240194 0 0 0.759806 0 
0 0 0 0 1 
0 0.742694 0 0 0.257306 
