5 150
0.53283
0.330752
0.473121
0.325106
0.519494
10.6696 0.770463
10.2686 0.381934
9.98859 0.552288
9.75582 0.278521
9.5814 0.707045
9.47014 1.21355
9.33583 0.309427
9.2235 0.353603
9.00735 0.868226
8.78048 0.897079
8.66599 1.09714
8.57144 0.347849
8.52675 0.839346
8.46695 0.624283
8.44983 0.481477
8.38198 1.28884
8.16488 0.807317
7.94396 1.82226
7.89468 1.07768
7.77677 1.97962
7.5301 1.49185
7.04157 1.28792
6.97118 1.2635
6.91645 2.15978
6.88509 2.64842
6.65323 1.22777
6.62316 1.61488
6.58771 2.10723
6.54179 2.86088
6.54177 1.63749
6.38168 1.29617
6.33675 2.05634
6.30565 2.29521
6.30554 1.34591
6.28805 1.03865
6.21576 3.09425
6.09787 3.02045
6.06513 2.64628
5.96102 1.28385
5.78612 3.08586
5.77853 1.58523
5.76048 2.52845
5.73075 3.41379
5.72581 1.44296
5.69189 2.40063
5.57958 2.78119
5.57794 1.73317
5.52399 2.84576
5.51454 2.64897
5.48056 3.01116
5.44449 3.54283
5.22868 2.06889
4.97718 3.78446
4.95849 2.75543
4.79947 1.86501
4.75595 3.29471
4.74341 3.73061
4.68293 2.34007
4.52174 2.80588
4.43999 4.5477
4.42389 4.23844
4.31638 4.32761
4.3119 3.42731
4.20771 4.10467
4.11684 4.01283
4.09329 2.71172
4.08597 2.9488
3.93986 3.94451
3.91765 3.47097
3.89862 4.34516
3.64115 5.24909
3.63182 3.28423
3.5261 3.94319
3.45026 4.23296
3.42506 3.98355
3.41547 3.52607
3.19471 4.90973
2.81812 6.24794
2.78065 4.70542
2.75248 3.51671
2.67255 4.52649
2.62831 4.64143
2.56282 3.91275
2.46926 5.73203
2.42436 6.56374
2.40461 3.77528
2.30761 6.36812
2.30636 6.18689
2.29215 6.62562
2.05955 4.58303
2.00113 6.68946
1.95221 5.43801
1.92845 6.01185
1.83905 7.03421
1.7398 5.04584
1.6753 5.36583
1.65842 6.44085
1.6493 6.77344
1.61975 4.42306
1.59454 6.34322
1.58624 5.19998
1.54123 4.95796
1.51426 6.79227
1.4145 4.57038
1.33086 8.20188
1.21713 7.54448
1.19271 5.90927
1.1674 5.9856
1.12609 7.00967
1.01427 7.14648
1.00929 7.24817
0.980753 6.17268
0.948899 5.37213
0.850873 7.27632
0.845188 7.36732
0.819319 7.14878
0.795407 7.06868
0.764749 7.98106
0.724727 5.93097
0.715486 7.81931
0.693351 6.0106
0.674268 7.85544
0.616359 7.18268
0.573066 6.54161
0.557325 7.53771
0.538019 7.01152
0.489557 5.87724
0.436414 7.43594
0.423573 7.10696
0.363871 6.30588
0.344575 9.29185
0.219919 10.3193
0.209587 6.55055
0.147988 10.1697
0.142633 10.7875
0.138763 10.4625
0.125705 8.36086
0.120664 9.36891
0.11642 7.11987
0.106489 10.4842
0.0666985 7.57511
0.0562792 8.87328
0.0532485 8.69003
0.039751 9.37153
0.018487 7.54706
0.0130205 11.4196
0.0119311 7.87223
0.00945381 11.7633
0.00232816 8.31604
0.00120795 8.3802
0 1 0 0 0 
0 1 0 0 0 
1 0 0 0 0 
0 0 1 0 0 
0 1 0 0 0 
0 0 0 1 0 
0 0 0 1 0 
0 0 1 0 0 
1 0 0 0 0 
0 1 0 0 0 
0 0 0 0 1 
0 0 0 1 0 
1 0 0 0 0 
0 0 0 0 1 
0 0 0 0 1 
0 0 1 0 0 
0 1 0 0 0 
1 0 0 0 0 
0 0 0 0 1 
0 0 1 0 0 
0 0 0 1 0 
0 1 0 0 0 
1 0 0 0 0 
0 0 0 0 1 
0 0 0 0 1 
0 0 1 0 0 
0 0 1 0 0 
0 0 0 0 1 
1 0 0 0 0 
0 0 0 1 0 
0 0 1 0 0 
0 0 0 0 1 
0 0 0 0 1 
0 0 0 1 0 
0 0 1 0 0 
0 0 0 0 1 
0 0 0 1 0 
0 0 0 1 0 
0 0 1 0 0 
0 0 1 0 0 
0 0 1 0 0 
1 0 0 0 0 
0 0 0 0 1 
0 0 0 1 0 
0 0 0 0 1 
0 0 1 0 0 
0 1 0 0 0 
0 1 0 0 0 
0 0 1 0 0 
0 0 0 0 1 
0 1 0 0 0 
1 0 0 0 0 
0 0 1 0 0 
0 0 1 0 0 
0 0 1 0 0 
0 1 0 0 0 
1 0 0 0 0 
0 1 0 0 0 
0 0 0 1 0 
1 0 0 0 0 
0 1 0 0 0 
0 1 0 0 0 
1 0 0 0 0 
0 0 1 0 0 
0 1 0 0 0 
0 0 0 1 0 
0 0 0 0 1 
0 0 1 0 0 
1 0 0 0 0 
0 0 0 1 0 
0 0 0 1 0 
1 0 0 0 0 
0 0 0 0 1 
0 0 1 0 0 
0 0 0 0 1 
0 0 0 1 0 
0 0 0 0 1 
0 0 1 0 0 
0 0 0 0 1 
0 0 1 0 0 
0 0 0 1 0 
1 0 0 0 0 
0 0 0 0 1 
0 0 0 0 1 
0 0 0 0 1 
0 1 0 0 0 
0 1 0 0 0 
0 1 0 0 0 
0 0 1 0 0 
0 0 0 0 1 
0 0 0 0 1 
0 0 1 0 0 
0 0 1 0 0 
0 1 0 0 0 
0 0 0 1 0 
0 0 0 1 0 
0 0 0 0 1 
0 0 1 0 0 
0 0 0 1 0 
0 0 0 0 1 
0 0 0 1 0 
0 0 0 1 0 
0 0 1 0 0 
0 0 1 0 0 
0 0 0 1 0 
1 0 0 0 0 
0 0 1 0 0 
0 0 0 0 1 
0 0 1 0 0 
1 0 0 0 0 
1 0 0 0 0 
0 0 0 0 1 
0 0 1 0 0 
0 0 0 1 0 
0 0 1 0 0 
0 1 0 0 0 
0 1 0 0 0 
0 0 1 0 0 
0 1 0 0 0 
0 0 1 0 0 
0 0 1 0 0 
0 0 0 1 0 
0 0 1 0 0 
0 0 0 1 0 
1 0 0 0 0 
0 0 0 1 0 
1 0 0 0 0 
0 0 1 0 0 
0 0 1 0 0 
0 0 0 1 0 
0 1 0 0 0 
0 1 0 0 0 
0 0 1 0 0 
0 0 0 1 0 
1 0 0 0 0 
0 1 0 0 0 
0 0 0 1 0 
1 0 0 0 0 
0 0 0 1 0 
0 0 0 1 0 
0 0 0 1 0 
0 0 1 0 0 
0 0 1 0 0 
1 0 0 0 0 
0 0 0 1 0 
0 0 0 1 0 
0 0 1 0 0 
0 0 0 0 1 
0 0 0 1 0 
0 0 1 0 0 
