5 50
0.671751
0.396565
0.401616
0.691404
0.626705
8.73474 1.24593
8.72228 0.215808
8.66328 0.836348
8.1111 1.13047
8.09604 0.130208
6.7767 0.763013
6.40327 1.03996
6.34646 1.93618
6.27205 2.7899
5.51539 2.71519
5.46567 2.73557
5.30202 2.77742
4.64875 4.01005
4.40964 2.73143
4.19135 4.18468
4.07356 2.72279
4.05385 2.88107
3.92056 3.30739
3.50206 4.55659
3.47555 3.97529
3.40639 4.46682
3.37165 2.66015
3.29409 4.24911
3.03306 3.85795
2.95242 4.71557
2.62411 4.36085
2.03868 4.21942
1.6962 6.41981
1.6538 6.57501
1.38186 6.28931
1.34862 5.92707
1.33874 5.40009
1.14472 8.17705
1.04533 5.12917
1.04516 7.44667
0.968499 7.367
0.961904 5.67073
0.886251 8.3952
0.834526 6.50473
0.728507 6.51828
0.472316 8.08211
0.404462 6.57019
0.246203 9.57059
0.209109 10.0343
0.136977 8.0879
0.113952 9.03741
0.0661619 8.23646
0.0644677 11.034
0.0177603 10.7887
0.00224358 9.36664
0 0 0.773081 0 0.226919 
0 1 0 0 0 
1 0 0 0 0 
0.446957 0 0 0.553043 0 
0 0 0 0 1 
0.407912 0.592088 0 0 0 
0 0.774587 0 0.225413 0 
0 0.545313 0.454687 0 0 
0 0 0 1 0 
0 1 0 0 0 
0 0 0 0 1 
0 0 0 0 1 
0 0 0.497817 0.123777 0.378406 
0.409194 0.590806 0 0 0 
0 0 0 1 0 
0 0 0 0 1 
0 1 0 0 0 
1 0 0 0 0 
0.262713 0 0 0.737287 0 
0 0 0.28301 0.71699 0 
1 0 0 0 0 
0.458992 0.541008 0 0 0 
0.337647 0 0 0 0.662352 
0 0.205043 0.794957 0 0 
0.70194 0 0 0 0.29806 
0 0 0 1 0 
0 1 0 0 0 
0.50219 0.49781 0 0 0 
0.256751 0 0 0.372318 0.370932 
0 1 0 0 0 
0 1 0 0 0 
0 0 1 0 0 
0 0.139538 0.860462 0 0 
0.38531 0.61469 0 0 0 
0 1 0 0 0 
0.756103 0 0.243897 0 0 
0 0 0 0 1 
1 0 0 0 0 
0 1 0 0 0 
0.600113 0 0 0.399887 0 
0 0 0 0 1 
0 1 0 0 0 
0 0 0 0.42125 0.57875 
0 0.285146 0 0.714854 0 
0 0.637225 0 0.362775 0 
0 0 0 0 1 
0 0 0 1 0 
1 0 0 0 0 
0 0.775013 0 0.224987 0 
0 1 0 0 0 
