5 50
0.402791
0.409429
0.550592
0.264786
0.596568
10.3235 0.694311
9.49213 0.933379
9.37088 0.43871
8.7382 1.09722
7.92546 2.18582
7.11682 0.689553
6.44813 1.23167
6.26993 2.3781
6.02509 2.24337
5.64921 2.00005
5.24521 2.49906
5.11081 3.59765
5.01548 2.78171
4.95325 2.62725
4.79346 3.42377
3.73842 2.50918
3.69505 2.6679
3.63737 4.26449
3.39424 3.97501
3.31668 2.55758
3.00911 4.0663
2.79973 4.17295
2.49591 4.57156
2.41392 4.46921
2.3821 4.85119
2.31525 5.92386
2.25741 5.54723
1.81591 5.65916
1.80008 4.75165
1.78575 7.62949
1.59461 4.60423
1.23622 6.11775
1.19413 5.73074
0.880015 5.36528
0.709068 8.90274
0.699389 5.91248
0.658372 6.10059
0.591692 9.24147
0.560441 6.89352
0.439742 9.20326
0.408622 8.38795
0.402074 6.63939
0.385555 8.19107
0.261168 9.70107
0.186561 7.8648
0.169102 9.23281
0.149516 11.0628
0.12273 10.239
0.0586923 9.16117
0.0124687 10.5536
0 0.100518 0 0.899482 0 
0 0 0.491412 0.508588 0 
0 0 0.520871 0.479129 0 
0 0 1 0 0 
0 0 0.433949 0.566051 0 
0 0 0 1 0 
0.3541 0 0 0.6459 0 
0 1 0 0 0 
0.340916 0.422818 0.236266 0 0 
0 0 0 0.441844 0.558156 
0 0 0 0 1 
0 0 0.235706 0.764294 0 
1 0 0 0 0 
0 0 0 0 1 
1 0 0 0 0 
0 0 0 0 1 
1 0 0 0 0 
0 0.534429 0.465571 0 0 
0 0 0 0 1 
0 1 0 0 0 
0 0.541352 0.114835 0.343813 0 
0 0.46868 0.53132 0 0 
0 0 0 1 0 
0 0.731199 0.268801 0 0 
0 0 0 0 1 
0 0 0.379913 0.620087 0 
0 0 0 1 0 
0 0 0 0 1 
0 0 1 0 0 
0 0 0 0 1 
0 0 1 0 0 
0 0.222843 0 0 0.777157 
0 1 0 0 0 
0 0 0 1 0 
0 0 0.676113 0.128005 0.195882 
0.550612 0 0 0.449388 0 
0 0 0 1 0 
0 0 0 0 1 
1 0 0 0 0 
1 0 0 0 0 
0 0 0.423009 0.576991 0 
0 0 0 0 1 
0.191462 0.808538 0 0 0 
0.179464 0.450159 0.370377 0 0 
1 0 0 0 0 
0 0.279574 0.720426 0 0 
0.447588 0 0.552412 0 0 
0 0 1 0 0 
0 1 0 0 0 
1 0 0 0 0 
