5 200
0.546701
0.479621
0.272019
0.741134
0.68527
10.7983 0.225518
10.3359 0.780182
10.1028 0.391897
9.65189 1.11429
9.30301 0.649625
9.20255 0.553449
8.99424 0.352782
8.96296 0.195047
8.96288 0.57404
8.92945 1.23171
8.29729 1.18485
8.02253 0.601699
7.96211 1.91246
7.87398 1.21291
7.87134 0.711773
7.79485 0.888172
7.72212 1.23555
7.66436 0.624083
7.63834 0.993936
7.62801 0.939563
7.58011 2.2548
7.54994 0.884587
7.51928 2.3736
7.27088 0.92242
7.13699 1.36814
7.10112 0.55075
7.07948 0.482564
6.98574 1.61032
6.90285 0.9436
6.83085 2.73001
6.6189 1.23839
6.61562 0.787854
6.49814 1.66214
6.40384 2.09998
6.35442 2.15887
6.27772 2.3555
6.26927 2.63577
6.26736 1.46501
6.21159 1.01676
6.11401 1.90587
5.93592 2.35317
5.9306 2.64783
5.84617 1.78932
5.76265 2.83291
5.73841 2.84093
5.49729 4.0829
5.48475 3.26097
5.47387 2.45618
5.36211 2.24813
5.02151 3.07654
5.02128 2.3562
4.93843 2.65366
4.93615 2.33091
4.90941 2.47212
4.88584 3.70663
4.7937 1.87005
4.74345 2.40567
4.62729 2.88616
4.57111 3.62729
4.55433 1.94509
4.47963 2.48373
4.46554 2.2848
4.38718 2.50621
4.30704 3.61836
4.22472 3.14416
4.18006 4.55246
4.13307 4.13409
4.09754 4.271
4.09593 3.07984
3.91594 4.40617
3.88222 2.94906
3.78767 2.93597
3.74167 4.86001
3.74041 3.79553
3.60997 3.14376
3.60895 4.27064
3.59689 3.67141
3.54708 3.77776
3.54399 5.49574
3.47524 3.91565
3.38938 4.64886
3.16867 4.83121
3.07941 5.12043
3.01467 5.01593
2.92603 3.32242
2.81444 3.39125
2.79112 6.05683
2.76408 3.65692
2.7142 4.47033
2.70811 4.6945
2.69002 3.56464
2.6758 4.56956
2.66927 4.87191
2.61869 4.07811
2.5824 5.26754
2.567 5.15955
2.49905 4.93128
2.49887 3.55714
2.49782 5.47592
2.4483 4.51512
2.31806 3.50352
2.26511 5.74138
2.24669 3.72197
2.22229 6.42441
2.05958 4.66699
2.02774 5.22824
1.98377 4.55114
1.96239 6.72045
1.95954 5.15294
1.92059 4.67054
1.89167 5.39888
1.88463 6.26644
1.75539 5.91764
1.73441 5.37121
1.72708 5.64868
1.70355 6.33081
1.69741 6.43794
1.65177 5.33647
1.58982 6.59549
1.57147 6.9791
1.54149 6.54353
1.52971 6.4985
1.52886 7.07482
1.40977 5.73703
1.38446 7.15264
1.27246 8.1556
1.19102 6.96171
1.11748 7.96013
1.08844 7.31777
1.07259 8.06323
1.04624 8.3325
1.04417 5.8158
1.00796 7.22458
0.974118 6.15511
0.970525 6.19829
0.936483 6.18249
0.920096 5.85361
0.836824 7.70882
0.828713 6.96476
0.806271 5.68608
0.769628 8.24057
0.766505 6.26425
0.76059 6.90416
0.754237 5.75078
0.746821 8.87305
0.72264 5.31737
0.66814 9.47032
0.657845 8.31476
0.63421 7.30347
0.621498 8.78642
0.593041 8.8649
0.561404 6.85084
0.560043 7.6693
0.558726 6.12507
0.552563 7.58129
0.524733 8.46109
0.519706 6.12634
0.51563 6.95028
0.497259 6.34494
0.463859 8.95824
0.462145 6.37406
0.385211 6.26596
0.3549 9.4021
0.351231 9.51764
0.350612 7.85729
0.346548 7.0849
0.327268 7.1436
0.286519 6.30357
0.273457 7.43899
0.269131 9.18734
0.267563 7.90967
0.231125 8.73316
0.186538 9.54482
0.182389 10.5076
0.166391 9.43761
0.151403 10.1853
0.13787 7.90868
0.130279 10.2208
0.12702 9.11329
0.118669 7.67645
0.111222 8.85399
0.100942 9.06937
0.0944186 10.0676
0.0761547 11.3991
0.0702336 7.60331
0.0626207 7.24882
0.0613852 10.7736
0.0493508 9.57504
0.0472957 8.29481
0.039237 7.72741
0.037273 8.62053
0.034518 10.22
0.0285936 8.26921
0.0198542 8.28015
0.0198269 11.7312
0.0188294 9.16297
0.0131664 7.36119
0.00792675 9.72373
0.00351412 12.1654
0.00140013 9.74917
0 0 1 0 0 
0 0 1 0 0 
0 1 0 0 0 
0 0 1 0 0 
0 0 0 0 1 
0 1 0 0 0 
0 0 0 1 0 
0 0 0 0 1 
0 0 0 0 1 
1 0 0 0 0 
0 0 1 0 0 
0 0 1 0 0 
0 1 0 0 0 
0 0 0 0 1 
0 1 0 0 0 
0 1 0 0 0 
1 0 0 0 0 
1 0 0 0 0 
0 0 0 0 1 
0 0 0 0 1 
0 1 0 0 0 
0 0 0 0 1 
0 0 0 0 1 
0 0 0 0 1 
0 0 1 0 0 
1 0 0 0 0 
0 0 0 1 0 
0 0 1 0 0 
0 1 0 0 0 
0 0 0 1 0 
0 0 1 0 0 
0 0 0 0 1 
0 1 0 0 0 
0 1 0 0 0 
0 0 1 0 0 
0 0 0 0 1 
1 0 0 0 0 
1 0 0 0 0 
0 1 0 0 0 
0 1 0 0 0 
0 0 1 0 0 
1 0 0 0 0 
0 0 0 0 1 
0 1 0 0 0 
1 0 0 0 0 
0 0 1 0 0 
1 0 0 0 0 
0 0 0 0 1 
0 1 0 0 0 
0 0 0 0 1 
0 1 0 0 0 
0 1 0 0 0 
0 0 0 0 1 
0 0 0 0 1 
0 0 0 1 0 
0 1 0 0 0 
1 0 0 0 0 
0 1 0 0 0 
0 1 0 0 0 
1 0 0 0 0 
1 0 0 0 0 
0 0 1 0 0 
0 0 0 0 1 
0 0 0 1 0 
0 0 1 0 0 
1 0 0 0 0 
1 0 0 0 0 
0 0 0 0 1 
0 0 0 0 1 
1 0 0 0 0 
1 0 0 0 0 
0 0 1 0 0 
0 0 0 1 0 
0 0 0 0 1 
1 0 0 0 0 
1 0 0 0 0 
0 1 0 0 0 
0 0 1 0 0 
0 1 0 0 0 
0 0 1 0 0 
0 0 1 0 0 
0 1 0 0 0 
1 0 0 0 0 
0 0 0 0 1 
0 0 1 0 0 
0 1 0 0 0 
0 1 0 0 0 
0 0 0 1 0 
0 0 0 0 1 
0 1 0 0 0 
0 0 0 1 0 
1 0 0 0 0 
0 1 0 0 0 
1 0 0 0 0 
0 1 0 0 0 
1 0 0 0 0 
0 0 1 0 0 
1 0 0 0 0 
0 0 0 1 0 
0 0 0 0 1 
0 0 0 1 0 
0 0 0 0 1 
0 0 0 1 0 
0 0 0 1 0 
1 0 0 0 0 
0 0 1 0 0 
1 0 0 0 0 
0 0 0 0 1 
0 1 0 0 0 
0 1 0 0 0 
0 0 1 0 0 
0 1 0 0 0 
1 0 0 0 0 
0 0 0 1 0 
0 0 0 1 0 
0 0 0 0 1 
0 0 1 0 0 
1 0 0 0 0 
0 0 0 1 0 
1 0 0 0 0 
0 0 0 1 0 
0 0 0 1 0 
0 0 0 0 1 
0 0 0 1 0 
0 0 0 1 0 
1 0 0 0 0 
0 0 0 1 0 
0 0 1 0 0 
0 0 0 0 1 
1 0 0 0 0 
0 0 1 0 0 
0 0 1 0 0 
0 0 0 1 0 
0 0 0 1 0 
0 1 0 0 0 
0 0 0 1 0 
0 0 1 0 0 
1 0 0 0 0 
1 0 0 0 0 
0 0 0 1 0 
1 0 0 0 0 
0 0 1 0 0 
0 0 0 0 1 
0 1 0 0 0 
0 0 1 0 0 
1 0 0 0 0 
0 0 0 1 0 
0 0 0 1 0 
0 1 0 0 0 
0 0 0 1 0 
0 0 1 0 0 
1 0 0 0 0 
0 0 0 0 1 
0 0 1 0 0 
0 1 0 0 0 
0 1 0 0 0 
0 0 0 0 1 
0 0 1 0 0 
0 0 0 0 1 
1 0 0 0 0 
0 1 0 0 0 
0 1 0 0 0 
1 0 0 0 0 
0 1 0 0 0 
0 1 0 0 0 
0 0 1 0 0 
0 0 1 0 0 
0 0 0 1 0 
0 0 1 0 0 
0 0 0 1 0 
0 0 0 0 1 
0 0 0 1 0 
0 1 0 0 0 
1 0 0 0 0 
0 0 0 1 0 
0 0 0 1 0 
1 0 0 0 0 
0 0 0 0 1 
0 0 0 0 1 
1 0 0 0 0 
0 0 1 0 0 
0 1 0 0 0 
0 0 1 0 0 
0 0 0 1 0 
0 0 0 0 1 
1 0 0 0 0 
1 0 0 0 0 
0 0 0 0 1 
0 1 0 0 0 
0 0 0 0 1 
1 0 0 0 0 
0 0 0 0 1 
0 1 0 0 0 
0 1 0 0 0 
0 0 1 0 0 
0 0 1 0 0 
1 0 0 0 0 
0 1 0 0 0 
0 0 0 1 0 
0 1 0 0 0 
