5 200
0.272538
0.622417
0.617763
0.42626
0.578776
11.4306 0.212979
10.8044 0.251932
10.1802 0.74819
9.96146 0.857783
9.95261 1.06996
9.86058 0.594616
9.08227 0.709343
9.07051 0.379981
8.93726 0.429175
8.73725 0.776254
8.71728 1.32084
8.3554 0.265428
8.22945 0.973351
8.21957 1.76536
8.13163 0.779773
8.04165 0.523966
7.87006 1.1208
7.82648 1.36127
7.82527 1.59428
7.80574 0.260308
7.6739 2.11879
7.53592 1.56707
7.50194 2.22559
7.21114 2.5128
7.16496 0.716384
6.7379 1.31693
6.55461 2.15869
6.31455 3.14598
6.27048 1.84413
6.25972 1.40801
6.25831 1.49347
6.2091 1.01423
6.17642 1.55309
6.16364 2.15471
6.12286 1.89463
6.10899 2.69123
5.96402 1.7345
5.94734 2.64644
5.71659 2.25543
5.65992 2.52648
5.62852 2.83345
5.49073 1.65708
5.43036 2.10212
5.42271 1.68602
5.29476 3.2624
5.20986 2.0452
5.1584 2.6784
5.01089 2.50832
4.9789 2.20298
4.93946 3.3247
4.80311 2.58964
4.7421 3.1997
4.63901 2.88261
4.63164 3.1086
4.6302 3.45242
4.60454 3.02739
4.59105 3.34709
4.56535 4.77123
4.56252 2.78902
4.48244 4.09521
4.43896 2.05218
4.31709 3.66352
4.3116 3.21593
4.29631 3.17299
4.26674 2.81515
4.14944 4.34555
4.1285 2.2154
4.11871 4.70273
4.11353 3.90159
4.10083 3.40319
4.05311 4.28425
4.05266 4.83147
4.02882 3.86281
3.7632 4.3065
3.74209 5.19129
3.73426 3.81179
3.71844 3.72458
3.66462 3.23296
3.6211 4.51624
3.47147 4.21175
3.40455 3.10705
3.40355 4.46496
3.39599 4.07433
3.37458 2.75893
3.33675 4.21891
3.30524 3.22574
3.2967 5.5807
3.29035 5.58281
3.23248 3.69448
3.19106 5.27923
3.18367 4.18309
3.02226 4.87912
2.96117 3.86058
2.89487 3.45862
2.84766 5.53951
2.72608 5.40399
2.68342 5.63593
2.62841 6.18062
2.60862 5.36233
2.5517 5.54351
2.44506 5.01981
2.39272 4.19289
2.29093 4.97523
2.27986 6.26347
2.18927 4.96577
2.13087 6.68713
2.08272 6.79219
2.02555 4.59071
2.0017 6.69643
1.99599 6.95807
1.9721 5.01339
1.93639 6.35672
1.93353 4.16736
1.93026 7.12873
1.89978 5.66076
1.87674 6.26043
1.82971 5.58691
1.78764 6.87432
1.74743 6.83562
1.71859 6.1052
1.70458 7.06638
1.58695 6.6332
1.49654 6.80406
1.45835 6.96705
1.43614 5.10313
1.35927 5.53943
1.34655 6.77703
1.28838 6.71687
1.23919 6.31786
1.23435 6.89144
1.22822 5.89012
1.21333 6.81854
1.18717 6.15195
1.18491 5.60427
1.16453 5.15839
1.0681 8.33359
1.03867 7.33213
0.956037 7.22957
0.953424 5.13595
0.814993 6.84604
0.810727 6.94362
0.73609 8.41124
0.720239 5.58722
0.714673 6.08698
0.694064 7.67497
0.673311 5.85031
0.620568 6.2487
0.59633 8.18281
0.528928 6.12272
0.524364 7.10881
0.494931 6.15053
0.493425 6.16354
0.48599 6.41997
0.458586 8.29953
0.453922 6.82704
0.431327 6.89735
0.426187 9.98518
0.41281 8.07435
0.397723 8.55921
0.393427 6.21984
0.382943 8.69612
0.366405 9.73571
0.341744 6.82363
0.320377 10.3371
0.310941 7.76495
0.299255 9.25434
0.264256 8.72702
0.262752 8.08697
0.242423 8.91686
0.22553 7.72284
0.220425 8.2632
0.190489 7.25664
0.18701 9.82936
0.173987 7.88436
0.173607 8.67196
0.162854 9.56129
0.16134 7.51615
0.158335 7.08713
0.153032 7.41179
0.140466 9.98093
0.128932 9.33846
0.117074 6.67463
0.104197 8.11315
0.0998643 8.936
0.0951712 9.17423
0.0751492 8.10745
0.0736558 9.26995
0.0664954 10.0862
0.0572915 8.86154
0.0541569 8.48836
0.0414364 9.20016
0.0262653 8.88323
0.0213051 11.1254
0.0140778 10.0587
0.0136404 8.44472
0.0117568 7.5632
0.00205853 11.1854
0.00204319 7.55942
0.0013886 8.50902
0.00101641 11.3499
0.614765 0 0 0 0.385235 
0.799898 0 0.200102 0 0 
0.122972 0.176287 0.268129 0.138437 0.294176 
0 0 0 0 1 
0 0.718808 0 0.281192 0 
0.165303 0.421811 0 0.412886 0 
0 0 0.437994 0.343983 0.218023 
0 0 0.50649 0 0.49351 
0.644639 0 0.355361 0 0 
0 0 0.44049 0 0.55951 
0 0.542798 0.140881 0 0.31632 
0 0 1 0 0 
0.397154 0.337068 0.265777 0 0 
0 0 0 1 0 
0.677678 0 0.322322 0 0 
0.621503 0 0.378497 0 0 
0 0.58645 0 0 0.41355 
0 0 0 0 1 
0.059105 0.418078 0.22665 0.250126 0.0460404 
0.480584 0 0 0.519416 0 
0 0.58999 0 0.41001 0 
0 0 0.396759 0 0.603241 
0 0.208478 0.289888 0 0.501634 
0 0.563171 0 0.436829 0 
0 0.604094 0 0.395906 0 
0.413028 0 0 0.278917 0.308055 
0 1 0 0 0 
0.154239 0 0 0.845761 0 
0.35649 0.0771148 0 0.372064 0.194332 
0 0 0.661743 0 0.338257 
0 0.446477 0.553523 0 0 
0.263562 0 0.257619 0.137847 0.340972 
0 0.805594 0 0.194406 0 
0.337081 0.353295 0.233695 0.0759298 0 
0.258487 0.278121 0.463392 0 0 
0 1 0 0 0 
0 0.366448 0.326351 0.0427827 0.264419 
0 0 0 0.810865 0.189135 
0.22929 0.220641 0.430419 0.11965 0 
0.189627 0.810373 0 0 0 
0 1 0 0 0 
0 0 0 1 0 
0 0 0.648875 0 0.351125 
0 0 0.355529 0.644471 0 
0.165231 0.834769 0 0 0 
0 0 0 1 0 
0.118064 0.281908 0.262393 0.337634 0 
0 0.450697 0.359963 0 0.189339 
0.222099 0.213162 0 0.116286 0.448453 
0.310551 0 0 0.689449 0 
0 0.398548 0 0.601452 0 
0.123285 0.556001 0 0.122881 0.197834 
0.180928 0.819072 0 0 0 
0.522963 0.255798 0.22124 0 0 
0.416671 0.431838 0.151491 0 0 
0.337448 0.191254 0 0.365642 0.105657 
0.173215 0.381009 0 0.11473 0.331047 
0 0.117237 0 0 0.882763 
0 0.165071 0 0.834929 0 
0.311865 0.31964 0 0.368496 0 
0 0 0.411281 0 0.588719 
0.281655 0.311184 0 0.0849832 0.322178 
1 0 0 0 0 
0.336493 0.364283 0 0.162668 0.136556 
0 0 0.181582 0.390974 0.427444 
0 0.217749 0.782251 0 0 
0.34778 0 0 0.65222 0 
0 1 0 0 0 
0 0 0 0 1 
0.602364 0 0 0.199879 0.197757 
0 0.31262 0 0.68738 0 
0.555588 0.444412 0 0 0 
0.426752 0.180329 0 0.111216 0.281703 
0 0 0 0.395872 0.604128 
0 0.168991 0 0 0.831009 
0 0.446324 0.553676 0 0 
0 0.275211 0 0.302354 0.422435 
0 0 1 0 0 
0.226825 0.103777 0 0 0.669398 
0 0.0860298 0 0.352624 0.561346 
1 0 0 0 0 
1 0 0 0 0 
0.586745 0 0.293544 0.119711 0 
0.231075 0.414136 0 0.354789 0 
0 1 0 0 0 
0.504752 0 0 0.0944805 0.400768 
0 0.212962 0.201943 0 0.585094 
0.157154 0.267159 0.137463 0.0919579 0.346266 
0.286136 0.55064 0 0 0.163224 
0 0 0.144506 0.293428 0.562066 
0.41492 0 0.205343 0.379737 0 
0.123467 0.171583 0 0.461356 0.243594 
0 0.437112 0 0.562888 0 
0.546395 0 0 0.385674 0.0679307 
0 0.431705 0 0 0.568295 
0.17972 0 0 0 0.82028 
0 0 0 0.411391 0.588609 
0 0 0.483214 0 0.516786 
0.559642 0 0.300386 0.139972 0 
0 0 0.579638 0 0.420362 
0 0 0 0.309063 0.690937 
0.175088 0 0.340612 0 0.4843 
0.277285 0.368746 0.201548 0 0.152422 
0.352042 0 0.394746 0.253212 0 
0.107996 0.608894 0 0 0.28311 
0.190189 0.395552 0.414259 0 0 
0.602553 0 0 0.397447 0 
0.520114 0 0 0.333977 0.145909 
0 0.533181 0.121073 0 0.345746 
0.136556 0.148508 0.48699 0 0.227946 
0.383647 0.0794855 0.415904 0 0.120964 
0.175344 0.640411 0 0 0.184246 
0.13358 0 0 0.513916 0.352504 
0 0 0.72218 0 0.27782 
0 0.500882 0.499118 0 0 
0 0.267625 0.732375 0 0 
0.573096 0 0.155313 0 0.271591 
0 0 0.68083 0.31917 0 
0.594434 0 0 0.405566 0 
0.413423 0 0.396376 0.190201 0 
0 0.36049 0 0.217261 0.422249 
0.558274 0 0 0 0.441726 
0.0622465 0.417962 0.276533 0.243259 0 
0.773745 0 0.226255 0 0 
0.691216 0 0 0 0.308784 
0.369724 0 0.307476 0.322799 0 
0.719525 0 0 0 0.280475 
0 0 0.196067 0.512973 0.290959 
0.352519 0 0 0.105624 0.541857 
0 0 0.598536 0 0.401464 
0 0.296191 0 0.337464 0.366345 
0 0.484464 0 0.176374 0.339162 
0 0.382919 0.617081 0 0 
0.131382 0.50879 0.240447 0.119382 0 
0 0.798226 0 0 0.201774 
0.380244 0.221542 0.292264 0.10595 0 
0 0 0.396319 0.60368 0 
0 0.511751 0 0 0.488249 
0.181045 0 0 0.367633 0.451323 
0 0 0.232697 0.563326 0.203977 
0.306842 0 0.235771 0.37796 0.0794268 
0 0.276898 0 0.470434 0.252669 
0 0.390779 0 0 0.609221 
0 0.283696 0 0 0.716304 
0 0.541942 0 0 0.458057 
0.257244 0.365805 0 0 0.376952 
0 0 0 1 0 
0.424721 0 0.43639 0 0.138889 
0 0 0.455788 0.544212 0 
0.641275 0.0791252 0.2796 0 0 
0 0.439287 0 0 0.560713 
0.483106 0.516894 0 0 0 
0.383642 0.527853 0 0.0885049 0 
0.163703 0.256989 0.212796 0.366511 0 
0 0 1 0 0 
0 0 1 0 0 
0 0 0 0.705149 0.294851 
0 0.393278 0 0 0.606722 
0.44886 0 0.376085 0 0.175055 
0.37995 0.44939 0 0 0.170659 
0 0.135827 0 0.864173 0 
0 0.301428 0 0 0.698572 
0 0 0.192889 0.807111 0 
0 1 0 0 0 
0 1 0 0 0 
0 0 0.554509 0.445491 0 
0.355697 0.240219 0.0704445 0.33364 0 
0 0 0.237375 0.376966 0.385659 
0.277191 0 0.182193 0.236929 0.303686 
0 0 1 0 0 
0.253794 0.428584 0.317622 0 0 
0.719653 0 0 0.280347 0 
0 0.360605 0 0.495934 0.143461 
0 0 0 0.558052 0.441948 
0.119316 0.218829 0 0.661854 0 
0 0 0.510182 0.489818 0 
0 0.335078 0.507526 0 0.157395 
0.618208 0 0 0.1527 0.229091 
0 0.371418 0 0.355677 0.272905 
0 0.336888 0 0 0.663112 
0.434851 0 0.565149 0 0 
0.35589 0 0.143007 0.13168 0.369423 
0 0.238226 0.165889 0.122378 0.473507 
0 0 0 0 1 
0 0 0 1 0 
0 0 1 0 0 
0.636713 0 0 0.363287 0 
0.196837 0 0.191101 0.612062 0 
0 0 0 1 0 
0 0 0 0.78435 0.21565 
0.499188 0 0.500812 0 0 
0 0 0.415059 0 0.584941 
0.243575 0.160973 0.172923 0.238192 0.184338 
0.195224 0 0.469884 0.0837806 0.251111 
0.267117 0.476359 0 0.256524 0 
0 0.140717 0 0.11929 0.739993 
0 0 1 0 0 
0.449042 0.242191 0 0.308767 0 
0 0.493137 0 0 0.506863 
0.517381 0 0 0.482619 0 
