5 100
0.402279
0.595632
0.680634
0.284492
0.608545
11.1297 0.117722
10.0731 0.799397
9.699 1.1529
9.63509 0.846076
9.56321 1.41761
9.11642 0.891131
9.03202 0.561904
8.75349 1.81487
8.6503 1.79265
8.50511 1.26335
8.35524 0.591068
7.95316 0.770254
7.85029 1.29611
7.83188 2.13959
7.82774 0.405313
7.34141 0.955946
7.1644 2.38461
7.07158 2.39691
7.05558 1.61772
6.401 2.88446
6.26244 1.74131
5.58161 2.13214
5.56313 1.48402
5.4231 2.35313
5.39317 3.49352
5.0591 2.78905
5.00176 3.60892
4.90127 2.32199
4.3993 2.12576
4.21052 3.04763
4.15197 2.90584
3.96823 3.72656
3.90832 4.58566
3.83114 5.11872
3.80986 3.78614
3.70735 4.29422
3.7053 5.26371
3.43693 4.49149
3.3981 3.95535
3.28549 3.20304
3.28226 4.47883
3.23344 4.97304
3.22762 4.60774
3.12861 3.85776
3.08384 4.16483
2.7996 2.93351
2.68386 5.59088
2.5828 5.08399
2.57709 5.32373
2.57186 4.66039
2.56992 6.05013
2.51088 4.43999
2.41575 5.25449
2.40222 5.21053
2.3343 5.28259
2.25381 6.24581
2.14161 4.92133
1.82006 6.57647
1.78699 4.51748
1.74695 5.37696
1.74113 6.75034
1.68908 7.0304
1.68142 4.83843
1.67586 5.2303
1.64944 4.76554
1.29171 5.70276
1.27332 5.80743
1.27205 6.8284
1.13004 7.28379
1.08511 7.67083
1.06722 5.95534
0.959129 6.80357
0.910996 5.48107
0.862687 8.40274
0.703404 7.63375
0.695438 8.11884
0.694263 7.31076
0.692422 8.54442
0.690284 6.51254
0.661534 6.56819
0.592516 5.90651
0.586958 9.02939
0.545282 7.8112
0.420894 9.26676
0.375255 6.60318
0.285374 10.161
0.271686 6.94041
0.198334 9.37034
0.160949 7.20054
0.156194 8.16295
0.137216 8.73841
0.134454 8.93507
0.0979928 8.29991
0.0645529 10.2646
0.058455 8.7087
0.053022 10.7367
0.0310432 11.1128
0.0304548 7.1877
0.00314055 9.15443
0.00287346 9.10918
0 1 0 0 0 
1 0 0 0 0 
0 0 0 0 1 
0 0 0 0 1 
1 0 0 0 0 
0 0 1 0 0 
0 0 0 0 1 
0 1 0 0 0 
0 0 0 0 1 
0 0 1 0 0 
0 0 0 0 1 
0 0 0 1 0 
0 0 1 0 0 
0 0 0 0 1 
0 0.334887 0 0.463527 0.201586 
0 0.703744 0.296256 0 0 
0 0 1 0 0 
0.640886 0 0 0 0.359114 
0 0 0 1 0 
0 0 0 1 0 
0 0 0 0 1 
0 0.460642 0.539358 0 0 
0.541767 0 0 0.458233 0 
0 0 0 1 0 
0 0.742503 0 0.257497 0 
0 0 1 0 0 
1 0 0 0 0 
0 1 0 0 0 
0 0 1 0 0 
0 0 0 0 1 
0 0 0 1 0 
0 0.22664 0 0 0.77336 
0.808121 0 0 0 0.191879 
0 0 1 0 0 
0 0 0 0 1 
0.548791 0 0.451209 0 0 
0 1 0 0 0 
0 0 1 0 0 
0 0.492964 0.507036 0 0 
0 0 0.119917 0.880083 0 
0 0 1 0 0 
0 0 0 1 0 
0 0.705041 0 0.294959 0 
0 1 0 0 0 
1 0 0 0 0 
1 0 0 0 0 
0 0 0 1 0 
1 0 0 0 0 
0 0 0 1 0 
0 1 0 0 0 
0 0 0 0 1 
0 1 0 0 0 
0 0 1 0 0 
0 0.300605 0.699395 0 0 
0.625083 0 0.374917 0 0 
0 0 0 0 1 
1 0 0 0 0 
0 1 0 0 0 
0 1 0 0 0 
0 1 0 0 0 
0 0 0 1 0 
0 1 0 0 0 
0 0 0 0 1 
0.640583 0 0 0 0.359417 
1 0 0 0 0 
0 0 0 0 1 
0 0 0 0 1 
0 0 0 0 1 
1 0 0 0 0 
1 0 0 0 0 
0 0 1 0 0 
0 0 0 1 0 
0 0 1 0 0 
0 0 0 1 0 
0 0 1 0 0 
0 1 0 0 0 
0 0 1 0 0 
0 0 0 1 0 
0.41398 0 0 0.58602 0 
0 0 0 1 0 
0 0 0 0 1 
1 0 0 0 0 
0 0 0 0 1 
1 0 0 0 0 
0 0 1 0 0 
0 0 0 0 1 
0 0.466835 0.533165 0 0 
0 1 0 0 0 
0 0 0 1 0 
0 0 1 0 0 
1 0 0 0 0 
0.225458 0 0.774542 0 0 
0 1 0 0 0 
0 0 0 0 1 
0 0 0 1 0 
0 0 1 0 0 
0 1 0 0 0 
0.471061 0 0.528939 0 0 
0 0 0 1 0 
1 0 0 0 0 
