5 150
0.725445
0.482542
0.382781
0.648901
0.378574
11.2714 0.461108
10.7431 0.351233
10.6597 0.51643
10.4002 0.34049
10.181 0.612777
9.83457 1.05001
9.81518 0.279168
9.79873 0.769416
9.73073 0.794871
9.51506 0.466634
9.49878 1.15721
9.44387 0.913689
9.4387 1.07841
9.43222 0.257319
9.15268 0.191951
9.12038 1.36458
8.80112 0.479653
8.69832 1.76026
8.61137 0.114869
8.55309 0.86046
8.46691 0.350304
8.35768 0.846042
8.22077 2.06993
8.21787 2.12371
8.1046 0.894877
7.9843 0.943684
7.85906 0.714851
7.72702 1.92654
7.68426 1.59925
7.6487 1.21195
7.33779 0.314052
7.24749 2.52364
7.0832 1.96454
6.96116 1.09947
6.95903 0.761361
6.88412 0.400042
6.70426 1.21496
6.68719 1.15803
6.21483 1.74993
6.01305 1.47415
5.89659 2.5461
5.83272 1.56036
5.78127 2.932
5.72619 3.18797
5.60845 1.88265
5.59859 3.29248
5.55419 3.08133
5.49199 2.21422
5.43144 1.85963
5.40496 2.7609
5.3651 2.55592
5.32882 2.77898
5.19158 2.72373
5.14642 2.30263
5.08207 3.39368
5.06518 3.18124
5.04912 3.53072
4.98867 2.95612
4.92702 1.96643
4.82351 3.29197
4.7158 2.46635
4.63148 4.35776
4.63006 3.65348
4.57092 2.85467
4.48468 3.1563
4.11659 3.39274
3.61169 2.95028
3.58021 2.87921
3.30638 3.4052
3.29517 4.15244
3.18886 3.96562
3.08653 3.88649
3.03705 3.65446
2.86776 5.66851
2.75994 5.47813
2.74949 5.15049
2.7293 3.58177
2.71193 5.17078
2.68703 4.59194
2.65055 4.61757
2.64444 3.90486
2.62945 5.2924
2.5498 4.42107
2.53066 6.01392
2.48393 6.38007
2.42883 5.93824
2.38206 4.35437
2.30411 6.30077
2.2059 3.99779
2.20308 5.62799
2.13901 4.38922
2.07078 5.97994
1.98539 5.68102
1.94906 4.06895
1.93236 6.34978
1.91812 4.05414
1.78947 5.55486
1.74318 4.12602
1.71742 4.91292
1.68686 5.21658
1.64808 6.34339
1.6206 6.8905
1.61148 4.86928
1.53927 6.37247
1.52366 5.32914
1.45223 6.65556
1.42961 6.36981
1.42636 6.812
1.41953 6.77733
1.37561 6.13499
1.32236 7.6358
1.31309 5.43888
1.27945 7.28472
1.27015 6.89109
1.14137 8.5802
1.1023 5.4159
1.0303 7.13735
0.99286 7.00334
0.820013 6.91523
0.761613 7.38801
0.760925 6.94207
0.752762 7.81154
0.752413 6.15281
0.698669 6.06985
0.697367 7.33121
0.576464 8.25523
0.411098 7.12325
0.404906 6.05702
0.376755 8.20592
0.368286 7.18578
0.310574 9.91763
0.268567 9.01854
0.236752 10.0467
0.236094 8.00963
0.216889 8.05624
0.212182 9.68312
0.200532 6.58043
0.130546 8.34593
0.12814 10.915
0.110797 9.82033
0.09396 7.23153
0.0907712 8.39982
0.060868 7.93059
0.0552563 10.8763
0.0218427 8.71023
0.0192122 9.74951
0.0182219 10.7489
0.0109793 10.7128
0.0037607 8.02474
0.00374765 10.9466
0 0 0 0 1 
0 1 0 0 0 
0 0 0 0 1 
0 0 0 1 0 
0 1 0 0 0 
0 0 0 0.351751 0.648249 
0 0 0 1 0 
1 0 0 0 0 
0 0 0 1 0 
0 0 0 0 1 
1 0 0 0 0 
0 1 0 0 0 
0 1 0 0 0 
0 0 1 0 0 
0 1 0 0 0 
0 0 0 0 1 
0 1 0 0 0 
0 0 0 1 0 
0 1 0 0 0 
0 0 0 1 0 
1 0 0 0 0 
0 1 0 0 0 
0 0 1 0 0 
0 0 1 0 0 
0 0 0 0 1 
0 0 0.404663 0.595337 0 
0 0 0 0 1 
0 0 0 0 1 
0 0 0 0 1 
0 0 0 0 1 
0.5713 0 0.4287 0 0 
0 0 0 1 0 
0.366501 0 0 0 0.633499 
0 0 1 0 0 
1 0 0 0 0 
0 0 0 0 1 
0 0 0 1 0 
0 0 0 0 1 
0 0 0.321376 0.678624 0 
0 0.402023 0.597977 0 0 
0 0 0 1 0 
0 0 0 1 0 
0 0 0 1 0 
0 0 1 0 0 
0 0 0 0 1 
0 0 0 0 1 
0.406994 0.309115 0.283891 0 0 
0 1 0 0 0 
1 0 0 0 0 
0 0 0 1 0 
0 0 0 0 1 
1 0 0 0 0 
0 0 0 1 0 
0 0 0 0 1 
0 1 0 0 0 
0 0 0 0 1 
0 0 0 0 1 
0.496904 0 0.503096 0 0 
1 0 0 0 0 
1 0 0 0 0 
0 0 1 0 0 
0 0 0 0 1 
0 0 0 1 0 
1 0 0 0 0 
0 0 0 0 1 
0 0 0 1 0 
0.480246 0.519754 0 0 0 
0 0 1 0 0 
0 0 0 0.64227 0.35773 
1 0 0 0 0 
0 0 1 0 0 
1 0 0 0 0 
0 0 1 0 0 
0 0 0 0 1 
0 0 1 0 0 
0 0 1 0 0 
0 0 0 0 1 
0.484105 0 0 0 0.515895 
0 0 0.519052 0.480948 0 
1 0 0 0 0 
0 0 0 1 0 
0 0 1 0 0 
0 0 0 1 0 
0 0 1 0 0 
0 1 0 0 0 
0 0 0 0 1 
0 0 0 1 0 
1 0 0 0 0 
0 0 1 0 0 
0 0 0 1 0 
0 0 0 1 0 
0 0.471472 0.528528 0 0 
0 0 1 0 0 
0 0.290082 0 0 0.709918 
1 0 0 0 0 
0 0 1 0 0 
0.506796 0.493204 0 0 0 
0 0 0.491276 0 0.508724 
0 0 0 0 1 
0 0 1 0 0 
0 0 0 1 0 
1 0 0 0 0 
0 0.216667 0.783333 0 0 
0 0 1 0 0 
1 0 0 0 0 
0 0 0 0 1 
0 1 0 0 0 
0.432878 0 0.567122 0 0 
0 1 0 0 0 
0 0 0 1 0 
1 0 0 0 0 
1 0 0 0 0 
1 0 0 0 0 
0 1 0 0 0 
0 0 0 1 0 
0 1 0 0 0 
1 0 0 0 0 
0 0 0 1 0 
0 0 1 0 0 
1 0 0 0 0 
0 1 0 0 0 
0 0.601341 0 0.398659 0 
0 0.834616 0.165384 0 0 
0 1 0 0 0 
0 0 1 0 0 
1 0 0 0 0 
0 1 0 0 0 
1 0 0 0 0 
0 0 0 1 0 
0 0 1 0 0 
0 0 0.464683 0 0.535317 
0 0 0 1 0 
1 0 0 0 0 
0 1 0 0 0 
0 0 0.797322 0 0.202678 
0.857848 0 0.142152 0 0 
0 0 1 0 0 
1 0 0 0 0 
0 1 0 0 0 
0 0 1 0 0 
0 0.405097 0.193603 0.4013 0 
0 0 0.581464 0.418536 0 
0 0 1 0 0 
0 0 0 0 1 
0 0.477454 0 0 0.522546 
0 0 0 1 0 
0 1 0 0 0 
0 0 0 0 1 
0 0.272052 0 0 0.727948 
0.415304 0 0 0 0.584696 
