5 150
0.50898
0.31328
0.534478
0.638318
0.265564
10.0944 0.646412
9.81036 0.702235
9.70832 1.01465
9.52524 0.619625
9.00906 0.783573
8.9662 1.16744
8.75837 0.272788
8.18254 0.844934
8.14779 1.51385
8.07942 0.666253
8.02514 0.988471
7.98297 1.93089
7.86552 1.73669
7.85819 1.64275
7.79789 2.44991
7.74288 0.335256
7.66416 1.73623
7.61963 0.80777
7.33463 1.30776
7.15356 0.337617
7.13861 2.27578
7.11942 1.78755
7.09606 3.00455
7.04442 2.18455
7.0277 2.73575
7.00155 0.491837
6.80444 1.8367
6.63703 1.46533
6.56843 3.03508
6.38564 1.46543
6.2077 2.84568
6.1947 1.35005
6.15883 2.65317
6.12421 0.894465
5.6772 1.68011
5.60379 2.08297
5.53154 2.90104
5.49983 3.48316
5.37336 3.554
5.37054 3.83398
5.29558 3.92875
5.25846 3.07092
5.17527 2.81084
5.17303 2.78942
5.11936 1.99988
5.11147 2.78464
5.0812 2.89787
4.96523 3.0375
4.95001 3.30562
4.78598 2.21918
4.78555 4.32126
4.59026 2.81473
4.53571 2.88809
4.40159 2.99667
4.40043 2.91548
4.33431 3.65028
4.32606 4.37849
4.2795 4.38976
4.1826 2.97424
4.03846 2.88869
3.95932 3.77461
3.88853 2.9568
3.82352 3.82656
3.7724 4.21033
3.73769 4.0926
3.70541 3.18275
3.65174 3.87739
3.60342 4.60295
3.50144 3.85687
3.46875 4.32487
3.41122 3.55699
3.35506 4.57909
3.3497 5.02756
3.08929 5.49813
3.01668 5.8157
2.98667 5.51868
2.93796 3.66012
2.90882 4.22686
2.8596 5.27821
2.82104 5.73995
2.77998 5.26222
2.72275 6.42635
2.70426 4.21022
2.60938 5.76502
2.60243 4.17018
2.49674 4.97452
2.45696 4.67729
2.23057 6.82755
2.21669 6.08919
2.06946 6.40971
2.04587 5.66432
1.93655 6.80639
1.86045 5.16083
1.82138 5.41378
1.67127 5.54362
1.64869 5.1186
1.6421 7.82975
1.56351 4.93415
1.55756 6.22881
1.45183 7.6648
1.43301 7.77456
1.4208 5.35418
1.40175 6.92821
1.33776 7.1339
1.24397 6.21236
1.09359 5.41851
0.983766 8.14401
0.914845 6.33419
0.788846 7.63686
0.787493 7.88279
0.766233 5.79982
0.616453 8.91056
0.58123 7.81431
0.573089 6.18119
0.562162 8.87005
0.538617 7.78773
0.538067 7.98941
0.497591 9.30616
0.44094 6.30518
0.415314 7.658
0.408571 7.0487
0.35514 6.74749
0.314521 9.47659
0.301795 6.92141
0.246983 9.30945
0.177012 9.6892
0.173324 7.03818
0.163226 6.70944
0.16176 9.66377
0.147483 6.66549
0.145615 10.1643
0.129283 7.13383
0.121627 9.43739
0.117039 8.16839
0.113825 8.75349
0.108281 8.4971
0.0908512 10.7717
0.0883583 10.0624
0.0866301 9.10584
0.0672735 9.94219
0.0560243 8.10195
0.0369927 10.7391
0.0245628 10.5288
0.0198627 11.1822
0.00580721 9.84466
0.00576424 8.13645
0.00396904 9.44857
0.00249389 11.1705
0.00201845 12.0089
0.00197852 11.7094
0 1 0 0 0 
0 1 0 0 0 
0 0 1 0 0 
0 1 0 0 0 
0 0 0 0 1 
0 0 0 0 1 
0 0 0 1 0 
0 0 1 0 0 
0 0 0 1 0 
0 0 0 0 1 
1 0 0 0 0 
0 1 0 0 0 
0 1 0 0 0 
0 0 0 1 0 
0 0 1 0 0 
0 1 0 0 0 
1 0 0 0 0 
0 1 0 0 0 
1 0 0 0 0 
1 0 0 0 0 
0 0 0 0 1 
0 0 0 1 0 
0 0 0 0 1 
1 0 0 0 0 
0 0 1 0 0 
0 0 1 0 0 
0 1 0 0 0 
1 0 0 0 0 
0 1 0 0 0 
0 1 0 0 0 
0 0 0 1 0 
1 0 0 0 0 
0 0 0 1 0 
0 0 0 0 1 
0 0 0 0 1 
0 0 0 1 0 
0 1 0 0 0 
0 1 0 0 0 
0 1 0 0 0 
0 0 0 1 0 
0 0 1 0 0 
0 0 0 1 0 
1 0 0 0 0 
0 0 0 0 1 
0 0 1 0 0 
0 0 1 0 0 
0 0 0 1 0 
0 1 0 0 0 
0 0 0 1 0 
0 1 0 0 0 
0 1 0 0 0 
0 0 0 1 0 
1 0 0 0 0 
0 1 0 0 0 
1 0 0 0 0 
1 0 0 0 0 
0 0 0 0 1 
1 0 0 0 0 
0 0 0 0 1 
0 0 1 0 0 
0 1 0 0 0 
0 0 0 0 1 
0 0 0 0 1 
0 0 0 1 0 
0 0 1 0 0 
0 0 0 1 0 
1 0 0 0 0 
0 1 0 0 0 
0 0 0 0 1 
0 0 1 0 0 
0 0 0 0 1 
0 0 0 1 0 
0 0 0 0 1 
0 0 0 1 0 
0 0 1 0 0 
0 0 0 0 1 
0 1 0 0 0 
0 0 0 0 1 
1 0 0 0 0 
0 0 1 0 0 
0 0 0 1 0 
0 0 1 0 0 
0 0 1 0 0 
0 0 0 1 0 
0 1 0 0 0 
1 0 0 0 0 
1 0 0 0 0 
0 0 0 1 0 
0 0 0 1 0 
0 1 0 0 0 
1 0 0 0 0 
0 1 0 0 0 
0 1 0 0 0 
0 0 1 0 0 
0 0 0 1 0 
0 0 1 0 0 
0 1 0 0 0 
0 1 0 0 0 
0 1 0 0 0 
0 0 0 0 1 
0 0 0 0 1 
0 0 0 1 0 
0 0 0 1 0 
0 0 1 0 0 
0 1 0 0 0 
0 0 1 0 0 
0 1 0 0 0 
0 1 0 0 0 
1 0 0 0 0 
0 0 1 0 0 
0 0 0 0 1 
1 0 0 0 0 
0 0 0 0 1 
0 0 0 1 0 
1 0 0 0 0 
0 0 1 0 0 
1 0 0 0 0 
1 0 0 0 0 
1 0 0 0 0 
0 0 0 1 0 
0 1 0 0 0 
0 0 1 0 0 
0 0 0 1 0 
0 0 0 0 1 
0 0 1 0 0 
0 1 0 0 0 
0 0 0 1 0 
0 0 0 1 0 
1 0 0 0 0 
0 0 0 0 1 
0 0 0 0 1 
0 1 0 0 0 
1 0 0 0 0 
0 1 0 0 0 
1 0 0 0 0 
0 1 0 0 0 
0 0 0 1 0 
0 0 0 1 0 
0 1 0 0 0 
0 0 1 0 0 
0 0 0 1 0 
0 0 1 0 0 
1 0 0 0 0 
0 0 1 0 0 
1 0 0 0 0 
0 0 1 0 0 
1 0 0 0 0 
0 0 0 0 1 
0 1 0 0 0 
1 0 0 0 0 
