5 150
0.613796
0.628796
0.484397
0.740875
0.676145
10.7166 0.319269
9.89361 0.849889
9.69625 0.819956
9.2422 0.494741
9.04229 0.220714
8.96343 0.332245
8.89013 0.641572
8.76239 0.517691
8.57866 1.33462
8.55369 0.75413
8.42301 1.69146
8.42181 1.4043
8.37897 0.741175
8.19836 0.551
7.88221 1.59765
7.86631 2.44689
7.75862 1.90341
7.55649 2.17496
7.36971 0.530386
7.26738 1.59024
7.03935 2.15562
6.92014 0.402201
6.8518 0.84784
6.69684 1.87246
6.41673 1.40352
6.35921 1.62013
6.09251 2.20294
5.87781 2.9006
5.79344 2.32425
5.59135 3.99273
5.53235 1.59237
5.12178 1.65979
5.02321 3.09969
4.99783 3.54795
4.98085 2.89077
4.92631 2.94659
4.87278 2.76398
4.73156 1.91015
4.6917 2.94973
4.51591 3.32557
4.51294 3.04312
4.41941 3.47791
4.40543 3.14841
4.27284 2.22607
4.24641 3.24338
4.17652 3.667
4.153 4.19697
4.04768 4.07883
3.74783 3.29815
3.53546 3.60054
3.40958 5.32282
3.37337 4.08911
3.06771 3.17751
2.96709 4.41062
2.72803 5.32611
2.70483 4.37497
2.65981 4.12797
2.63152 5.28172
2.6108 4.38429
2.54277 4.34799
2.54137 5.65725
2.38774 4.90448
2.37518 3.92271
2.36721 5.35171
2.36143 5.00666
2.28502 5.94391
2.279 3.91294
2.22202 6.45315
2.19218 3.75738
2.17647 5.29015
2.15759 4.66531
2.13384 5.12534
2.06268 5.75513
2.04575 4.85366
1.97886 7.45609
1.87353 6.33424
1.80231 5.99344
1.78577 5.62133
1.73112 6.34168
1.72389 6.85557
1.70588 7.44657
1.70262 6.05562
1.68217 6.61192
1.66867 5.54698
1.59893 6.10547
1.50367 7.35066
1.39178 5.44014
1.29597 6.01683
1.27216 4.92362
1.19495 4.68163
1.17196 5.39852
1.04918 4.74605
1.0211 7.40317
0.964501 5.14408
0.957264 7.03298
0.923057 6.10795
0.895328 6.79324
0.841221 5.86416
0.839563 5.15552
0.768403 6.29714
0.728473 5.69626
0.707236 8.696
0.657195 6.82794
0.65649 7.6628
0.610267 8.67795
0.593083 5.86271
0.549995 7.59172
0.505087 5.67908
0.453292 5.96768
0.442312 6.54532
0.438648 6.60721
0.407287 7.50848
0.395316 7.61585
0.379012 9.63992
0.358584 9.41166
0.338777 8.95578
0.322041 10.2854
0.281049 7.38433
0.27054 9.6948
0.248036 7.79457
0.233968 7.19195
0.23272 6.99476
0.223024 8.74367
0.211151 7.23755
0.205758 9.97402
0.20413 6.88288
0.16254 8.35639
0.160437 8.55323
0.143647 6.77216
0.140431 8.3605
0.138344 7.82718
0.131519 10.7164
0.130615 10.0849
0.113631 10.3067
0.0986425 7.30812
0.0714235 9.32339
0.0629862 10.8188
0.0592259 9.8617
0.0438113 11.1804
0.0428696 9.41212
0.038902 11.3729
0.0271919 9.68346
0.0246127 7.92287
0.0207246 11.236
0.0149038 8.19968
0.0148827 11.17
0.0130991 8.12374
0.0122119 11.0441
0.00969985 10.6607
0.00119946 9.12568
1 0 0 0 0 
0 0 1 0 0 
0 1 0 0 0 
0 0 1 0 0 
1 0 0 0 0 
0 0 0 1 0 
0 0 1 0 0 
0 1 0 0 0 
0 1 0 0 0 
0 0 0 0 1 
1 0 0 0 0 
0 0 0 1 0 
0 0 0 1 0 
0 0 0 0 1 
1 0 0 0 0 
0 0 0 1 0 
0 1 0 0 0 
0 0 0 0 1 
1 0 0 0 0 
0 0 0 0 1 
1 0 0 0 0 
0 0 1 0 0 
0 1 0 0 0 
0 0 1 0 0 
0 1 0 0 0 
0 1 0 0 0 
0 0 0 1 0 
0 0 1 0 0 
0 0 0 0 1 
1 0 0 0 0 
0 1 0 0 0 
1 0 0 0 0 
0 1 0 0 0 
1 0 0 0 0 
0 1 0 0 0 
0 0 0 0 1 
0 0 0 0 1 
0 0 0 1 0 
0 0 0 0 1 
0 0 0 1 0 
0 0 0 0 1 
0 0 1 0 0 
0 0 0 0 1 
0 1 0 0 0 
1 0 0 0 0 
0 1 0 0 0 
0 0 0 0 1 
0 0 0 0 1 
0 1 0 0 0 
1 0 0 0 0 
0 0 1 0 0 
1 0 0 0 0 
0 1 0 0 0 
0 0 1 0 0 
0 0 0 1 0 
0 0 0 0 1 
0 0 0 0 1 
1 0 0 0 0 
0 0 0 1 0 
0 1 0 0 0 
0 0 0 1 0 
0 0 1 0 0 
0 0 0 1 0 
0 0 0 0 1 
0 0 0 0 1 
1 0 0 0 0 
0 0 1 0 0 
0 0 0 0 1 
0 0 1 0 0 
0 1 0 0 0 
0 0 0 1 0 
0 1 0 0 0 
0 0 1 0 0 
0 0 0 1 0 
1 0 0 0 0 
0 0 1 0 0 
1 0 0 0 0 
0 0 1 0 0 
0 0 1 0 0 
0 1 0 0 0 
0 0 1 0 0 
0 1 0 0 0 
1 0 0 0 0 
0 0 0 0 1 
0 0 0 0 1 
0 0 1 0 0 
1 0 0 0 0 
0 0 1 0 0 
0 1 0 0 0 
0 0 1 0 0 
0 0 0 1 0 
0 0 0 0 1 
0 0 1 0 0 
0 0 1 0 0 
0 1 0 0 0 
0 0 1 0 0 
0 0 0 1 0 
0 0 0 1 0 
0 1 0 0 0 
0 0 0 0 1 
0 1 0 0 0 
1 0 0 0 0 
0 0 0 1 0 
1 0 0 0 0 
0 0 1 0 0 
0 0 1 0 0 
0 1 0 0 0 
0 0 0 1 0 
0 0 0 0 1 
0 0 1 0 0 
0 0 0 1 0 
0 0 0 1 0 
0 0 1 0 0 
0 1 0 0 0 
0 0 0 0 1 
1 0 0 0 0 
0 1 0 0 0 
0 0 0 1 0 
0 0 1 0 0 
0 0 1 0 0 
0 1 0 0 0 
0 0 0 0 1 
0 0 1 0 0 
1 0 0 0 0 
0 0 1 0 0 
0 0 1 0 0 
1 0 0 0 0 
0 0 0 0 1 
1 0 0 0 0 
0 0 1 0 0 
0 0 0 0 1 
0 1 0 0 0 
0 0 1 0 0 
0 1 0 0 0 
1 0 0 0 0 
0 1 0 0 0 
0 0 0 0 1 
0 1 0 0 0 
0 0 0 1 0 
0 0 0 0 1 
1 0 0 0 0 
0 0 1 0 0 
1 0 0 0 0 
0 1 0 0 0 
0 0 1 0 0 
1 0 0 0 0 
0 0 0 1 0 
1 0 0 0 0 
0 1 0 0 0 
1 0 0 0 0 
