5 150
0.503548
0.490837
0.479316
0.737747
0.316042
11.9377 0.136518
11.8384 0.321856
10.7659 0.22456
10.6728 0.5669
9.04612 1.48564
8.54402 1.46141
8.50342 0.309563
8.37471 0.668109
8.14828 0.699501
7.97268 0.697493
7.91981 1.00958
7.81758 1.44544
7.79147 1.39143
7.57864 1.19659
7.57577 1.72665
7.49734 2.09781
7.36658 0.804812
7.33864 1.31434
7.17532 1.18397
6.98881 1.1958
6.91146 1.28913
6.70113 0.614028
6.67249 0.476621
6.52585 1.76036
6.49785 1.32839
6.47888 0.891907
6.22761 2.68222
6.20536 1.98334
6.12208 2.61269
6.05993 2.76987
6.00517 3.46386
5.9482 2.29573
5.86009 3.015
5.80003 2.62167
5.78479 2.19238
5.74308 3.25678
5.71842 2.00394
5.62116 1.57974
5.56265 3.24922
5.54113 2.64685
5.32471 3.91137
5.24885 1.56832
5.16077 2.21846
5.12234 3.58791
4.9825 2.26245
4.85232 2.32242
4.58069 3.09081
4.48467 2.25769
4.47155 2.64315
4.21765 3.94116
4.12483 2.68868
4.08711 3.72142
4.08462 3.53749
4.05371 3.25556
4.02622 3.26728
4.02237 4.49163
3.94133 3.73596
3.90197 2.90286
3.8545 3.3165
3.84326 3.65307
3.72321 2.8771
3.59658 3.67821
3.57531 3.28836
3.28666 4.61259
3.25123 4.75644
3.20156 5.13018
3.12846 3.61683
3.09802 5.02521
2.94893 3.97358
2.89864 4.15654
2.82528 3.16923
2.71181 3.59317
2.70948 3.14582
2.6495 5.61007
2.51599 5.43309
2.44183 5.28436
2.28841 5.39776
2.2853 6.59337
2.2461 5.89386
2.23364 5.03187
2.14743 5.63311
2.11114 4.85549
1.71871 6.73823
1.61103 4.97426
1.6066 6.48858
1.55433 5.86804
1.45614 5.69861
1.35848 5.2981
1.33887 7.0214
1.30053 5.68228
1.28353 5.91849
1.27071 7.4652
1.20214 7.13106
1.18883 5.18602
1.07359 5.75308
1.04087 5.77338
0.988603 5.15006
0.968911 8.03324
0.942162 7.54317
0.89587 8.48738
0.894992 7.34594
0.876609 7.07904
0.849719 7.28453
0.84194 8.2568
0.827974 7.72259
0.79739 7.02473
0.796905 8.34778
0.783405 7.70428
0.761564 7.50611
0.756119 5.43299
0.712151 6.15322
0.680497 8.06684
0.660262 8.51093
0.649408 7.8209
0.629875 6.67091
0.612083 8.57783
0.572413 8.22221
0.56814 9.23893
0.566001 7.33032
0.509703 7.74424
0.454141 7.98262
0.415646 6.38886
0.34108 6.3697
0.316151 7.9411
0.299751 9.66948
0.295175 8.78851
0.288516 6.40082
0.247026 7.25085
0.230885 10.2353
0.199999 7.426
0.193631 9.92984
0.189727 10.1507
0.185226 7.21458
0.16148 8.07609
0.160526 8.47193
0.159121 6.87505
0.155072 10.5049
0.144572 9.28577
0.143949 9.22401
0.135732 8.70803
0.0749719 7.16436
0.0585529 11.1002
0.0554163 7.60371
0.0383885 8.96307
0.0250417 8.45346
0.0175289 7.95431
0.0120156 10.3346
0.00864388 11.4114
0.00551798 8.86908
0.00348355 10.7282
0.235663 0.202126 0.562211 0 0 
0 0 0 1 0 
0.3562 0.226206 0 0 0.417594 
0 0 0 1 0 
0.378789 0.429788 0 0 0.191423 
0.366353 0.633647 0 0 0 
0.432717 0 0 0.195205 0.372077 
0.150294 0.409439 0.25037 0.189897 0 
0 0.471442 0 0 0.528558 
0.667347 0 0.173954 0 0.1587 
0 1 0 0 0 
0.364889 0 0.494978 0.140133 0 
0 0 1 0 0 
0.189397 0 0.276953 0.242711 0.290939 
0.487517 0.512483 0 0 0 
0 0 0.213389 0.786611 0 
0.295195 0.340716 0.281806 0 0.0822829 
0 0 0.448281 0 0.551719 
0 1 0 0 0 
0.224397 0.287931 0.27889 0 0.208782 
0.412902 0.125198 0 0 0.4619 
0.452404 0.338697 0.208899 0 0 
0.367393 0 0.632607 0 0 
0.48592 0.51408 0 0 0 
0.355954 0.528407 0.115639 0 0 
0.190064 0 0 0.452724 0.357212 
0 0 0.496864 0.234241 0.268895 
0 0.31745 0.29659 0.190423 0.195537 
0.219766 0.296312 0.483922 0 0 
0 0.468794 0 0.219861 0.311346 
0.122524 0.471184 0.239868 0 0.166423 
0.356514 0 0.147085 0.303419 0.192981 
0 0 0 0 1 
0 0 0.567211 0.432789 0 
0 0 0 0 1 
0 0 0.491142 0.154944 0.353914 
0.315864 0 0.352485 0 0.331651 
0.188427 0 0 0.405068 0.406504 
0.394867 0.395567 0 0 0.209566 
0 0 0.316462 0 0.683538 
0 0.636564 0.145569 0 0.217866 
0.265067 0.237596 0.497338 0 0 
0.486201 0 0.142173 0.371626 0 
0 0 0.478617 0.33057 0.190813 
0.265127 0 0 0.207902 0.526971 
0.684283 0 0.315717 0 0 
0 0 0.840771 0.159228 0 
0 0.228345 0.407147 0.364509 0 
0 1 0 0 0 
0 0.624112 0 0 0.375888 
0.0554448 0.24463 0.302011 0 0.397914 
0 0 1 0 0 
0.308319 0.164367 0.153045 0 0.374269 
0 0 0.440023 0.270464 0.289513 
0.714402 0 0 0.285598 0 
0 0 0.527289 0.472711 0 
0.350363 0 0.269912 0 0.379724 
0 0 0 1 0 
0.174655 0.236711 0.388797 0 0.199837 
0.0840631 0 0 0.448925 0.467012 
0.361101 0 0 0 0.638899 
0 0.455018 0 0 0.544982 
0.369735 0 0.13103 0.367425 0.13181 
0.83767 0.16233 0 0 0 
0.22226 0.209071 0 0.260952 0.307718 
0 0 0.154285 0.845715 0 
0 0 0.259801 0 0.740199 
0.425527 0 0.104838 0.109116 0.360519 
0 0 0 0 1 
0 0 1 0 0 
0 0.263584 0.510294 0 0.226121 
0 0 0.398916 0.601084 0 
0 0 0.531924 0 0.468076 
0.109303 0.593146 0 0 0.297552 
0.0906002 0 0.117092 0 0.792308 
0.2123 0.346743 0.440957 0 0 
0.705372 0 0.294628 0 0 
0 0.212962 0 0 0.787038 
0 0.17539 0.82461 0 0 
0 0.484699 0.515301 0 0 
0 1 0 0 0 
0.204964 0 0 0.288306 0.50673 
0.315241 0.305712 0 0.379047 0 
0.340652 0.201225 0 0.102188 0.355935 
0 0 0 0.49282 0.50718 
0.463661 0.294355 0 0.163655 0.0783295 
0.274682 0.179511 0.545807 0 0 
0 0 0.564319 0.3538 0.0818809 
0 0.256669 0.344673 0 0.398658 
0 0 0.379303 0.620697 0 
1 0 0 0 0 
0.270997 0.239235 0 0.166878 0.322889 
0 0 0.445876 0 0.554124 
0.768927 0 0.231073 0 0 
0 0.25451 0.36558 0.37991 0 
0.156536 0 0 0.843464 0 
0.310446 0 0.382561 0.306993 0 
0 0 0.630632 0.369368 0 
0 0 0.493483 0.226215 0.280302 
0 0 0.499429 0 0.500571 
0 0 0.26358 0.365586 0.370833 
0 1 0 0 0 
0 0 0 1 0 
0 1 0 0 0 
0 0 1 0 0 
0.10875 0 0.179804 0.711446 0 
0 0 0 0 1 
0 0 1 0 0 
1 0 0 0 0 
0 0 0 1 0 
0.223511 0.327114 0.449375 0 0 
0 0.383339 0 0.0907894 0.525872 
1 0 0 0 0 
0 0.258107 0.305194 0 0.436699 
0 0 0 1 0 
0 0 0 0.367208 0.632792 
0.340474 0.141676 0 0.44676 0.0710899 
0.325318 0.138964 0 0 0.535718 
0 0.506839 0.288248 0 0.204913 
0.428018 0.396039 0.175944 0 0 
0.540859 0 0.459141 0 0 
0 0.434751 0.483894 0.0813547 0 
0.294429 0 0.068493 0.323157 0.313921 
0 0.481176 0.228574 0 0.29025 
0.26187 0.365284 0.372846 0 0 
0 0 0 0.42554 0.57446 
0 0.505052 0.370763 0.124185 0 
0 0.312427 0.217373 0 0.470201 
0 1 0 0 0 
0.400563 0.314596 0 0 0.284841 
0 0 0 0.603001 0.396999 
0 0 0.208051 0.290064 0.501885 
0 0.254104 0.745896 0 0 
0.867808 0 0 0 0.132192 
0.176985 0 0 0.537996 0.285019 
0.713402 0 0.286598 0 0 
0 0 0.458377 0 0.541623 
0.162782 0 0.837218 0 0 
0.326101 0.2312 0.116069 0 0.32663 
0 0.548643 0 0.383093 0.0682636 
0 0.271376 0.527421 0.201203 0 
0 0 0.58838 0.41162 0 
0.0889557 0 0.191425 0.430627 0.288992 
0 0 0.248358 0.550337 0.201306 
0.141322 0.234632 0 0.403182 0.220863 
0 0 0 1 0 
0 1 0 0 0 
0.407881 0 0 0 0.592119 
0.2414 0.161616 0.177584 0.160039 0.259362 
0 0 0.819164 0 0.180836 
