5 100
0.425588
0.302492
0.549203
0.298662
0.466025
12.0951 0.122323
8.85022 0.390009
8.34255 1.66185
8.29177 1.86422
8.21953 1.61363
7.79466 1.09452
7.68227 1.95692
7.5759 1.2664
7.282 0.248111
7.23808 2.33008
7.12963 2.59224
7.08561 1.09048
7.05233 0.92594
6.79677 2.31983
6.40837 2.17672
6.34621 1.23545
6.33981 1.38549
6.20405 1.56794
6.1152 2.31125
6.07898 1.24554
6.07075 1.66287
6.06584 3.15721
5.76413 1.32985
5.52691 2.11407
5.43086 2.03581
5.30685 1.86446
5.14644 3.08514
5.08116 3.47775
5.06195 3.84554
4.66328 1.7162
4.5474 2.89832
4.24042 3.00617
4.18208 2.92418
4.13126 3.80655
4.1103 2.74797
4.09155 3.45729
3.87167 4.19518
3.68621 3.72688
3.34823 4.61335
3.2505 4.31872
2.68887 4.75572
2.60505 6.27025
2.34944 6.36969
2.32709 5.697
2.32055 5.3968
2.30133 3.90439
2.23897 5.318
2.03027 6.05561
1.91359 5.67337
1.84928 6.72282
1.68372 5.35259
1.60531 4.56041
1.46565 7.77542
1.44098 4.69841
1.36045 6.51482
1.35175 6.99983
1.32699 6.46693
1.32687 5.42727
1.30142 7.24103
1.25402 8.41434
1.24609 7.20897
1.21712 5.46319
1.18972 8.03816
1.10624 6.43458
1.06841 5.25516
1.0467 6.08389
1.03589 6.21168
0.978279 5.77422
0.971905 7.62436
0.909005 5.96601
0.574939 7.56691
0.56667 7.91133
0.552373 6.60942
0.535229 8.01739
0.486037 7.5979
0.463257 7.86839
0.45537 6.66855
0.447497 7.36981
0.418629 8.2448
0.339911 8.3438
0.292985 9.79044
0.286352 7.89434
0.264615 7.10258
0.259146 9.85699
0.258841 7.37453
0.254827 9.18993
0.212176 10.3808
0.210922 8.3344
0.115935 8.20005
0.102282 6.84977
0.0951599 10.2441
0.0940104 7.2056
0.0503735 10.686
0.0489327 10.4176
0.0359308 7.43847
0.0207427 7.67957
0.016417 7.75244
0.00908428 8.84542
0.00377177 11.3326
0.00239948 9.58448
0 0.246459 0.753541 0 0 
0 0.49161 0.340217 0 0.168172 
0.325785 0.102539 0 0 0.571676 
0.354175 0 0 0.645825 0 
0.638322 0.256199 0 0.105479 0 
0 0.26 0.0791565 0.191806 0.469037 
0.191586 0.233126 0 0 0.575289 
0 0.44202 0.181342 0 0.376639 
0.152443 0 0.374452 0.473105 0 
0 0.138146 0.338613 0 0.52324 
0 0 0 1 0 
0.291907 0.258945 0.404448 0.0447007 0 
0 0.18373 0.646063 0 0.170207 
0 0 0 0.663512 0.336488 
0.276765 0.299183 0.304731 0 0.119322 
0 1 0 0 0 
0 0.5562 0.4438 0 0 
0.131786 0.585444 0 0.28277 0 
0.835287 0 0 0.164713 0 
0 0.485447 0 0 0.514553 
0.336631 0.4164 0.246969 0 0 
0.899892 0.100108 0 0 0 
0 0.118287 0 0.881713 0 
1 0 0 0 0 
0 0.321785 0.548711 0 0.129504 
0.49067 0.447549 0 0.0617811 0 
0.210645 0 0.142745 0.319036 0.327575 
0 0.328118 0 0.432962 0.23892 
0 0.195471 0.353967 0.450561 0 
0.0939644 0 0.223383 0.682652 0 
0 0.225542 0.263888 0.51057 0 
0.148638 0.49255 0 0.0914501 0.267362 
0.455804 0.544196 0 0 0 
0 0.319498 0.306088 0.374415 0 
0.412585 0.393047 0 0.194369 0 
0 0 0.0902341 0.479798 0.429967 
0 0 0.40328 0.410353 0.186367 
0.27434 0 0.103525 0.399705 0.22243 
0 0.363831 0.340949 0.0923405 0.20288 
0.814978 0 0.185022 0 0 
0 0.159321 0.391261 0 0.449418 
0.219875 0.450311 0 0.329814 0 
0 0 0 0 1 
0.488785 0.511215 0 0 0 
0 0 0.102736 0.628069 0.269195 
0 1 0 0 0 
0 0 1 0 0 
0 0 1 0 0 
0 0.684336 0 0 0.315664 
0.619595 0 0.380405 0 0 
0.271384 0 0 0 0.728616 
0 0 0 1 0 
0 0 0.284282 0.715718 0 
0.385024 0.106506 0 0.360603 0.147867 
0.139182 0 0.560247 0 0.300572 
0 0.347456 0 0 0.652544 
0.601682 0 0 0 0.398318 
0 0.425948 0.574052 0 0 
0.120794 0 0.121269 0 0.757937 
0.66443 0 0 0 0.33557 
0 0 0.498338 0 0.501662 
0 0 0 1 0 
0 0.377726 0.150456 0.340311 0.131507 
0 0.415417 0 0 0.584583 
0 0 0.429457 0.127859 0.442684 
0.420023 0 0.579977 0 0 
0.234689 0.38901 0 0.3763 0 
0.74911 0 0 0 0.25089 
0 0.683405 0 0 0.316595 
0 0.396003 0 0 0.603997 
0.517114 0 0 0.482886 0 
0.455553 0.310925 0 0.233522 0 
0 0 0.381212 0.618788 0 
0.735081 0 0.264919 0 0 
0 0 0 1 0 
0 0.412072 0.250364 0.337565 0 
0 0.389475 0.241044 0.369481 0 
0.614711 0 0 0 0.385289 
0.111741 0.333668 0.0903414 0.46425 0 
0.566983 0 0.433017 0 0 
0.764624 0 0 0 0.235376 
0 0 1 0 0 
0.372725 0 0.420996 0.206279 0 
0 0 0 1 0 
0 0 0 0 1 
0 0 0.392515 0.347954 0.259531 
0 0 0.493304 0.506696 0 
0.129014 0.371803 0.077315 0.354948 0.06692 
0.33619 0.66381 0 0 0 
0 0 0 0.732967 0.267033 
0.0970359 0 0.304247 0 0.598717 
0.186417 0.377208 0 0 0.436375 
0.104541 0.0867142 0.421672 0.387073 0 
0 0.279653 0.323773 0.181409 0.215164 
0.216665 0.278703 0 0.265259 0.239373 
0.375297 0.467365 0 0 0.157338 
1 0 0 0 0 
0.646651 0.353349 0 0 0 
0.369718 0.16079 0 0 0.469492 
0 1 0 0 0 
