5 200
0.651081
0.391718
0.361677
0.391084
0.404496
11.5273 0.0873003
10.9643 0.426497
10.6382 0.473811
10.3723 0.518259
10.2946 0.24752
10.2482 0.816832
10.171 0.749394
9.19492 0.871019
9.14317 0.826593
9.04469 1.09339
9.00692 1.23592
8.9592 1.31619
8.57538 0.514127
8.07685 1.78205
8.04204 1.86755
8.01226 1.47956
7.99061 1.32195
7.94848 0.767167
7.84887 1.6716
7.43646 1.78919
7.40369 2.23369
7.36259 0.269982
7.27184 1.5337
7.1665 1.22127
7.0623 3.00971
7.0342 1.17147
6.99315 2.17954
6.81551 1.22924
6.77855 2.46538
6.74907 1.64877
6.72464 1.51776
6.5415 0.81649
6.4299 2.65121
6.41439 1.16053
6.41293 1.5229
6.38295 2.34018
6.3781 2.67185
6.24926 3.05045
6.22802 0.927306
6.18836 2.31754
6.16674 0.90766
6.14528 1.61025
6.12118 2.21441
6.09925 2.2318
6.07615 1.92814
6.06767 1.33147
5.95485 2.88108
5.94465 0.824169
5.79337 3.0126
5.7342 2.37176
5.69038 2.4277
5.59513 2.28867
5.57965 3.3932
5.53096 2.77727
5.52182 3.03244
5.49611 2.79872
5.32749 1.53016
5.30104 3.19377
5.22118 2.26482
5.19822 3.03932
5.17324 4.21128
5.14429 3.41996
4.94057 1.93692
4.9242 3.16232
4.91436 2.5066
4.84151 3.8754
4.58516 2.6442
4.4853 1.93098
4.44747 2.56219
4.41393 2.58324
4.21719 2.56103
4.11559 3.97103
4.03334 3.58785
3.99339 3.60255
3.92461 3.41926
3.92042 3.83171
3.90144 2.55577
3.87915 2.61999
3.79461 3.84402
3.76481 3.8269
3.68014 4.04219
3.67441 3.66745
3.65655 5.10265
3.64685 3.52008
3.46658 4.31323
3.4427 3.94543
3.33776 3.82533
3.26539 4.08975
3.22753 4.07025
3.1913 2.91716
3.15292 4.40236
3.10061 4.1082
3.01487 3.61957
2.9536 5.11593
2.87404 4.16545
2.79938 5.16264
2.78989 5.18182
2.74963 5.6523
2.66132 4.44141
2.57486 5.03033
2.46026 4.94224
2.39087 4.3443
2.38415 5.59134
2.32809 5.45918
2.29579 4.6809
2.25333 5.7135
2.21441 3.92136
2.09311 4.03151
1.98162 4.54892
1.94764 6.21409
1.79321 5.16231
1.77455 6.2156
1.77094 5.05624
1.74268 4.19052
1.69809 4.35386
1.69598 5.91993
1.68188 4.98229
1.67622 6.33097
1.65952 6.9078
1.56822 6.30784
1.55732 5.9925
1.45713 4.6188
1.37736 5.16213
1.36134 7.17213
1.33987 5.74802
1.31517 5.68423
1.2902 7.48317
1.26901 6.97048
1.20789 7.8985
1.20482 6.61456
1.15652 5.37712
1.07512 5.34438
1.07464 5.23522
1.03067 7.78096
0.950104 7.42988
0.926888 7.19648
0.850398 6.80108
0.847935 7.64173
0.790213 6.62842
0.778009 6.62604
0.7632 8.33745
0.752922 7.85483
0.63105 7.43082
0.602057 8.19334
0.588618 6.69845
0.580717 5.68993
0.569447 6.57963
0.568342 6.98199
0.53996 7.02342
0.493384 8.19934
0.461582 9.36529
0.459279 7.5605
0.374595 9.40929
0.354573 6.11964
0.334947 9.42876
0.294911 9.06375
0.293283 9.30334
0.242363 6.46106
0.232757 9.69068
0.224038 7.96476
0.218519 9.49656
0.218221 9.58471
0.204104 8.28128
0.199297 7.93167
0.184803 6.81399
0.167867 6.97162
0.16269 7.97173
0.154816 9.91938
0.148186 8.04854
0.13644 10.9459
0.126706 10.5379
0.122652 10.1004
0.114015 10.132
0.111197 7.52082
0.101121 10.7889
0.099829 8.87589
0.0927934 8.19578
0.0924015 8.9127
0.0869588 10.6034
0.0823602 8.15269
0.0632885 8.45963
0.0628139 9.65839
0.0582447 7.62656
0.0388321 9.08064
0.0376119 10.996
0.0337593 9.37666
0.0320077 9.13463
0.0249016 7.26233
0.018396 7.49081
0.0176179 10.2207
0.0169233 7.49931
0.0155399 9.16495
0.0105245 11.7309
0.00971411 7.91297
0.00573247 10.9085
0.00372776 11.7284
0.00353842 10.8628
0.00271985 9.89982
0.00242583 11.7319
0.00135012 7.65944
0.395182 0 0 0 0.604818 
0 1 0 0 0 
1 0 0 0 0 
0 0 0 0 1 
0 0 1 0 0 
0 1 0 0 0 
0 0 1 0 0 
0.507816 0 0 0 0.492184 
0 1 0 0 0 
0 0 1 0 0 
0 0 0 0 1 
0 0 1 0 0 
0 0 0 0.198915 0.801085 
0 0 0 1 0 
1 0 0 0 0 
0.774599 0 0.225401 0 0 
0 0 1 0 0 
0 0 0 0 1 
0 1 0 0 0 
0 0 0 0 1 
1 0 0 0 0 
0 1 0 0 0 
0 1 0 0 0 
0.266769 0.733231 0 0 0 
1 0 0 0 0 
0 0 0 1 0 
0 0 0 0 1 
0 1 0 0 0 
0 1 0 0 0 
0 0 0 0 1 
0 0 0.74766 0.25234 0 
0 0 1 0 0 
1 0 0 0 0 
0 0 0 1 0 
0 0 1 0 0 
0 1 0 0 0 
0 0 0 1 0 
0 0 0 0 1 
0 0 0 0 1 
0 0 1 0 0 
1 0 0 0 0 
0 0.480154 0 0.519846 0 
0.25454 0 0.74546 0 0 
0 0 0 1 0 
0 0 1 0 0 
1 0 0 0 0 
0.131848 0 0 0 0.868152 
0.458691 0 0 0 0.541309 
0 1 0 0 0 
0 0.4178 0.5822 0 0 
1 0 0 0 0 
1 0 0 0 0 
0 1 0 0 0 
0 0 0 1 0 
0.495873 0 0.504127 0 0 
1 0 0 0 0 
0 0 0 1 0 
0 0 0 1 0 
0 0 0 0 1 
0 0 0 0 1 
1 0 0 0 0 
0 1 0 0 0 
0 0 0 1 0 
0 0 0 0 1 
0 0 0 1 0 
0 0 1 0 0 
0 0 0 0 1 
0 0 1 0 0 
0 0 1 0 0 
0 1 0 0 0 
0 0 0.731085 0 0.268915 
0 0 0.311823 0 0.688177 
0 0 0 1 0 
0 1 0 0 0 
0 0 0 0 1 
0 0 0 0 1 
0.284535 0 0.715465 0 0 
0 0 0 0 1 
1 0 0 0 0 
0 0.535962 0 0.464038 0 
1 0 0 0 0 
0 0 1 0 0 
0.506117 0 0 0.493883 0 
1 0 0 0 0 
1 0 0 0 0 
0 0.859818 0 0 0.140182 
0 0 0 1 0 
0 0 0 1 0 
0 1 0 0 0 
1 0 0 0 0 
0 1 0 0 0 
0 0 0 0 1 
0 0 0 0 1 
1 0 0 0 0 
0 0 1 0 0 
0 0 0 0 1 
0.389145 0.610855 0 0 0 
0 0 0 1 0 
0 1 0 0 0 
1 0 0 0 0 
1 0 0 0 0 
0 0 0 0.225165 0.774835 
0 1 0 0 0 
0 1 0 0 0 
0 0 0 0 1 
0 0 0 1 0 
0 1 0 0 0 
0 0 1 0 0 
0 1 0 0 0 
0 1 0 0 0 
0 0 1 0 0 
0 0 1 0 0 
0 0 0 1 0 
0 1 0 0 0 
0 0 0 0 1 
0 1 0 0 0 
0.261343 0 0 0 0.738657 
0 0 0 0 1 
1 0 0 0 0 
0 0 0 1 0 
0 0 0 1 0 
0.495826 0 0 0 0.504174 
0 0 0 0 1 
1 0 0 0 0 
0 0 0 0 1 
1 0 0 0 0 
0 0 1 0 0 
0.657123 0 0 0 0.342877 
0 0 0 1 0 
1 0 0 0 0 
0 0 0 0.604118 0.395882 
0 0 1 0 0 
0 0 0 1 0 
0 0 0 1 0 
0.561996 0 0 0.438004 0 
0 0 1 0 0 
0 0 0 0 1 
1 0 0 0 0 
0 0 0 0.341584 0.658416 
1 0 0 0 0 
0 0 0.285637 0.714363 0 
1 0 0 0 0 
0 0 0 1 0 
0 1 0 0 0 
0 1 0 0 0 
0 0 0 0 1 
0 0 0 1 0 
0.340286 0 0 0.659714 0 
0 0 0 0 1 
1 0 0 0 0 
1 0 0 0 0 
0 0 0 1 0 
0 0.362507 0 0 0.637493 
0 0.32101 0 0 0.67899 
1 0 0 0 0 
1 0 0 0 0 
0 1 0 0 0 
0 0 0 0 1 
0 1 0 0 0 
0 0 0.599449 0.400551 0 
0 0 1 0 0 
0 0 0 1 0 
0.56535 0 0 0 0.434649 
0 0 0 1 0 
0 0.240955 0 0.759045 0 
0 1 0 0 0 
0.270562 0 0 0.729438 0 
0 0 0 1 0 
0.417636 0.582364 0 0 0 
0 0 0 1 0 
0 0 0 1 0 
1 0 0 0 0 
0 0 0 0.484568 0.515432 
1 0 0 0 0 
0.429596 0 0 0.570404 0 
0 0 0 0 1 
1 0 0 0 0 
0 0 0 0 1 
0 0 0 1 0 
1 0 0 0 0 
0.79191 0 0 0.20809 0 
0.323474 0 0.676526 0 0 
0 0 1 0 0 
0 1 0 0 0 
0 1 0 0 0 
1 0 0 0 0 
0 0 0 1 0 
0 0 0 0 1 
1 0 0 0 0 
0 0 0 0 1 
0 0 0 0.648326 0.351674 
0 0 0 0 1 
1 0 0 0 0 
1 0 0 0 0 
0 1 0 0 0 
1 0 0 0 0 
0 0 1 0 0 
0 0 1 0 0 
0 0 0 0 1 
0 0 0 1 0 
