5 200
0.718383
0.718398
0.689863
0.398686
0.538995
11.5008 0.332595
11.2019 0.371035
11.1126 0.332117
10.8032 0.666896
10.6219 0.305232
10.5198 0.308954
10.4421 0.649954
10.1813 0.953632
9.51352 0.249383
9.45736 0.615867
9.44579 1.10322
9.12469 1.08056
9.08833 0.518378
9.03799 1.07671
8.97726 1.03078
8.69996 1.04537
8.19211 0.290402
7.97889 0.919308
7.90841 0.0979519
7.89884 1.94315
7.84908 1.46112
7.84493 0.919109
7.83917 0.399622
7.82361 1.26527
7.78012 2.3265
7.77219 1.905
7.66004 1.85173
7.37713 0.43129
7.332 0.762575
7.31607 2.13956
7.27821 2.62846
7.14465 1.15559
6.99114 1.34819
6.93539 1.92801
6.87929 2.49366
6.87357 2.24918
6.8186 2.13719
6.79152 0.549937
6.76692 0.506206
6.72302 2.20109
6.70991 2.3858
6.5727 1.17217
6.56714 1.83902
6.54034 1.77902
6.42359 2.04955
6.41955 2.60768
6.40231 1.42363
6.26916 0.839756
6.23658 2.17115
6.17632 1.10949
6.14956 1.74396
6.14671 2.84715
6.13724 2.31358
6.11676 2.02627
5.97301 2.25123
5.9615 1.70983
5.87307 1.6198
5.86192 2.17113
5.84243 2.04068
5.73622 3.29054
5.72533 2.13017
5.64829 1.71871
5.64105 3.0484
5.59034 3.26397
5.56335 2.40555
5.08325 3.99077
5.00269 4.17273
4.93664 3.0465
4.92653 3.17383
4.86905 2.80112
4.79802 2.59131
4.78021 1.88647
4.70303 3.51497
4.63698 4.1109
4.58249 3.36851
4.38484 3.50851
4.37036 3.58958
4.36486 2.4091
4.28396 3.7915
4.19208 4.07624
4.11009 2.87201
4.05053 2.69772
3.98161 3.5079
3.91759 3.13941
3.87326 3.34385
3.83345 3.52597
3.75877 5.54648
3.7375 4.28081
3.69823 3.54598
3.69371 5.14942
3.52313 5.69289
3.50001 3.2739
3.46514 3.61479
3.11417 4.86466
3.08264 3.14136
3.07347 5.57882
2.94565 4.58596
2.76093 3.90274
2.497 4.51946
2.46481 5.10003
2.44218 6.23284
2.38042 5.25148
2.26583 5.50467
2.18522 6.0318
2.17508 5.53131
2.17387 4.93944
2.03724 4.79107
2.0256 6.91718
1.98049 6.19204
1.96618 5.21191
1.95294 5.32317
1.88704 4.87257
1.88295 4.87891
1.87173 4.99621
1.83334 4.85972
1.82384 6.89365
1.77 5.58638
1.67636 5.99226
1.65006 5.01139
1.54971 7.10171
1.52483 5.83598
1.46733 7.04184
1.46135 5.2035
1.40358 5.59733
1.35649 5.76151
1.30278 6.68242
1.28917 7.53893
1.25425 7.49923
1.21726 4.74663
1.19843 6.1989
1.18084 6.58422
1.18079 6.11888
1.13371 6.61722
1.11114 7.43576
1.08434 5.21468
0.996682 5.68609
0.965955 5.55075
0.949413 7.88615
0.918142 5.37969
0.867704 6.88341
0.852486 7.22532
0.84268 6.66408
0.839501 7.32654
0.836489 7.74691
0.805231 7.49923
0.793561 8.44335
0.688848 6.2743
0.667355 7.63487
0.66695 6.32266
0.657874 7.69769
0.635511 6.37821
0.634502 7.47928
0.631587 8.68653
0.591915 6.61355
0.584336 6.07589
0.561689 6.45869
0.550148 5.62891
0.540585 7.64755
0.501837 9.79327
0.478511 6.57023
0.474337 8.31848
0.463227 6.76338
0.43484 8.43949
0.416799 6.85338
0.387297 7.25366
0.346767 9.19816
0.308738 9.82016
0.290566 8.74444
0.237793 9.51227
0.23774 9.99729
0.23165 9.25107
0.227205 8.01021
0.212785 8.14748
0.2086 8.90452
0.196708 8.38142
0.178128 10.1275
0.156424 9.64912
0.137944 7.59475
0.137659 7.32898
0.137402 7.17706
0.127298 11.0019
0.125555 8.23276
0.0852713 9.49825
0.0799627 7.71464
0.0717707 10.1392
0.0711082 10.8289
0.0614279 10.4476
0.0568041 7.72396
0.0407035 9.20514
0.0404396 10.6198
0.0363522 9.35805
0.0352463 9.38593
0.0235492 10.7558
0.0193643 9.40698
0.0135088 10.9501
0.0114245 7.615
0.00630641 7.62456
0.00469953 11.7601
0.00452961 8.58323
0.0021489 11.2676
0 0 0.391919 0.345911 0.26217 
0.266091 0.203905 0.183391 0.16341 0.183204 
0 0.590669 0.409331 0 0 
0.191923 0.0519813 0.114698 0.349203 0.292195 
0.511526 0.292363 0.19611 0 0 
0.118494 0.670787 0.210719 0 0 
0.223519 0.320259 0 0.269395 0.186827 
0.402781 0.262976 0.221795 0.112448 0 
0.647297 0.200589 0 0 0.152115 
0 0.549858 0 0 0.450142 
0 0 0 0.389657 0.610343 
0 0.239877 0.370333 0.286491 0.103299 
0.827914 0 0 0.172086 0 
0.686355 0 0.313645 0 0 
0.177901 0.150134 0.220449 0.162534 0.288982 
0.417746 0.255675 0 0 0.32658 
0.133802 0 0.213831 0.652368 0 
0.393363 0.473452 0 0.133185 0 
0 0.270176 0.0710301 0.547377 0.111417 
0 0.066792 0.477983 0.455225 0 
0 0 0.566804 0 0.433196 
0.519487 0.213401 0 0.267112 0 
0.162133 0 0.139925 0.203022 0.49492 
0 0 0.315244 0.684756 0 
0.477276 0.522724 0 0 0 
0.210619 0 0.131668 0 0.657713 
0.188052 0.252663 0.413767 0 0.145518 
0.233649 0.238154 0.190798 0.267768 0.069631 
0.120536 0.154041 0 0.295443 0.42998 
0 0.396511 0.24929 0.354199 0 
0.191281 0.326096 0 0.120069 0.362554 
0 0.732348 0 0.267652 0 
0.563325 0.0801455 0 0.356529 0 
0.340523 0.201999 0.457478 0 0 
0 0 0 1 0 
0 0 0.566584 0.200385 0.233031 
0.650543 0 0 0 0.349457 
0.811738 0.188262 0 0 0 
0 0.255336 0.382556 0.362108 0 
0 0 0 0.415375 0.584625 
0 0 0.697321 0 0.302679 
0.325541 0.199295 0.120971 0.0486099 0.305583 
0 0.373081 0 0.397802 0.229117 
0.171274 0.180588 0.296097 0.113797 0.238244 
0 0.679921 0 0 0.320079 
0.246098 0.448224 0.305678 0 0 
0 0 0 1 0 
0.515054 0.278491 0 0.0965315 0.109923 
0.227445 0 0.0893619 0.472408 0.210785 
0 0.200465 0.34505 0.298361 0.156123 
0.161892 0 0.655546 0 0.182562 
0 0 0 0.251368 0.748632 
0 0.164754 0 0.445977 0.389269 
0 0.32899 0 0 0.67101 
0.217404 0.303765 0.251977 0.226854 0 
0.0934405 0.588834 0.317726 0 0 
0 0.233003 0.37256 0.160246 0.23419 
0 0 0.38951 0.157488 0.453002 
0.745409 0 0 0.254591 0 
0 0.187536 0.312529 0.427458 0.0724779 
0 0 0 0.139008 0.860992 
0.140781 0 0.15021 0.709009 0 
0.230335 0.225888 0.168343 0.208211 0.167223 
0.440825 0.141695 0 0.41748 0 
0.173969 0.222881 0.318521 0.284629 0 
0.549173 0.133 0 0 0.317827 
0.33057 0 0.302961 0.366468 0 
0 0 0 0.392017 0.607983 
0.304795 0 0.565238 0.129967 0 
0 0 1 0 0 
0 1 0 0 0 
0 0 0.420492 0.0985536 0.480955 
0 0.586129 0 0.413871 0 
0.167464 0.228 0.334852 0.156005 0.113678 
0 0.173593 0.429272 0 0.397134 
0.338629 0.266004 0.163192 0 0.232176 
0.321569 0.169388 0.275254 0.148918 0.0848716 
0 0.18373 0.335007 0.316979 0.164283 
0 0 0 1 0 
0.381864 0 0.225205 0.392931 0 
0.400512 0 0.202984 0.197479 0.199024 
0.0854891 0.257947 0.0702325 0.393023 0.193308 
0.181541 0 0.192569 0.62589 0 
0.570554 0.0968622 0 0 0.332584 
0.146465 0 0.336329 0.390006 0.1272 
0.366777 0.247586 0 0 0.385638 
0.739209 0 0 0 0.260791 
0.557214 0.442786 0 0 0 
0.389978 0.165971 0.44405 0 0 
0.121021 0.202153 0.0937976 0.583028 0 
0.492445 0 0.100049 0 0.407505 
0 0 0.272366 0.164345 0.563289 
0.0990491 0.570093 0 0 0.330858 
0 0 0.693312 0 0.306688 
0.576408 0 0 0 0.423592 
0 0 0 0.382124 0.617876 
0 0.479383 0 0.220488 0.300129 
0.810795 0 0 0.189205 0 
0.400776 0.342393 0.0566195 0.200212 0 
0.129684 0.311523 0.326242 0.232551 0 
0.280548 0 0.3863 0 0.333152 
0.146149 0 0 0.639959 0.213892 
0 0.305631 0.214724 0 0.479645 
0 0.401756 0.181107 0.085872 0.331265 
0 0.535237 0.355737 0.109026 0 
0.292752 0.0898024 0.209953 0.25783 0.149662 
0.0855703 0 0.299986 0.248177 0.366266 
0 0 0 0 1 
0.0932924 0.669843 0 0.236864 0 
0 0 0.51454 0.165659 0.319801 
0.689365 0 0 0.310635 0 
0.215678 0.142847 0.307575 0.3339 0 
0.408706 0 0.147215 0 0.444079 
0.174431 0.129215 0.321881 0.374473 0 
0 0.169185 0.182299 0 0.648517 
0.576488 0.314977 0 0.108534 0 
0 0.869458 0 0.130542 0 
0.622108 0 0 0 0.377892 
0.253101 0.0830828 0.216355 0.223589 0.223871 
0 0.464469 0.535531 0 0 
0 0.528007 0 0.23896 0.233033 
0 0 0.153239 0.236441 0.61032 
0.399474 0 0.373258 0 0.227268 
0 0 0.244112 0 0.755888 
0.49107 0 0 0 0.50893 
0.28278 0.355169 0.362051 0 0 
0.120104 0 0.415054 0.0599432 0.404899 
1 0 0 0 0 
0.568714 0 0.22573 0 0.205556 
0 0.143964 0.111383 0.513291 0.231361 
0.445969 0.311822 0.242209 0 0 
0 0.158052 0.841948 0 0 
0.0893175 0 0.336867 0.295094 0.278722 
0.15301 0.430641 0 0.184066 0.232283 
0 0 0.31681 0.198616 0.484574 
0.391185 0 0.130328 0.216445 0.262042 
0.716836 0 0 0 0.283164 
0.156052 0.354465 0.0859854 0.206394 0.197104 
0 0.374053 0 0.380959 0.244987 
0.350632 0.404507 0.244862 0 0 
0.364612 0.153469 0 0.0975373 0.384382 
0.682764 0 0 0.152165 0.165071 
0 0 0.50812 0.49188 0 
0 0 0 0 1 
0.253604 0 0.545071 0.201324 0 
0.253321 0 0.183621 0 0.563057 
0 0 0.279931 0.720069 0 
0.112298 0.255666 0 0.255453 0.376582 
0 0 0.166962 0.401658 0.43138 
0 0.237981 0.524954 0 0.237065 
0.580058 0.419942 0 0 0 
0.389579 0 0 0.298048 0.312373 
0.867693 0 0 0.132307 0 
0.388566 0.235138 0.376295 0 0 
0.273509 0.446084 0.187955 0.0924508 0 
0 0.427101 0.422681 0 0.150218 
0.338103 0 0.27207 0.0971524 0.292676 
0.363927 0.231827 0.317167 0 0.0870784 
0 1 0 0 0 
0.0956067 0.368966 0.249124 0 0.286303 
0.177026 0.0710051 0 0.176763 0.575206 
0 0 0 0.79068 0.20932 
0 0 0.68837 0.31163 0 
0 0.423381 0.296285 0.280334 0 
0.579661 0 0.251593 0.168747 0 
0 0 0.494511 0.505489 0 
0.572168 0.0635538 0 0 0.364279 
0.48027 0.095768 0 0.423962 0 
0.889129 0 0 0.110871 0 
0 0.308889 0 0 0.691112 
0.309518 0 0 0.690482 0 
0 0 0.0984729 0.67519 0.226337 
0 0.258226 0 0.52924 0.212535 
0.511671 0.488329 0 0 0 
0 0 0.189079 0.398364 0.412557 
0.141373 0.326696 0.219474 0.312457 0 
0.828531 0.171469 0 0 0 
0.369248 0.337667 0 0 0.293084 
0 0 0 0.232425 0.767575 
0 0 0 0.395862 0.604138 
0.132628 0.211288 0.248923 0.0757511 0.33141 
0 0 0.762012 0.237988 0 
0.306539 0.126072 0.252614 0.190017 0.124757 
0.358906 0 0.149008 0 0.492085 
0.0593035 0.255155 0.29431 0 0.391231 
0.146999 0 0.345832 0.257087 0.250082 
0.765614 0 0 0 0.234386 
0 0 0.453892 0.149252 0.396857 
0.382812 0 0 0.329447 0.287741 
0.498289 0 0 0 0.501711 
1 0 0 0 0 
0.414619 0 0 0.350964 0.234416 
0 0.0843835 0 0.57935 0.336266 
0 0.648019 0 0 0.351981 
0.243493 0.445032 0.311474 0 0 
0 0.261661 0.464206 0.274133 0 
0 0.29084 0 0.501476 0.207684 
0.452497 0.28456 0.262943 0 0 
0.255742 0.229305 0.0613967 0.196034 0.257522 
0.373566 0 0.626434 0 0 
