5 150
0.365986
0.359149
0.58047
0.347079
0.406667
11.4248 0.213014
10.9055 0.382148
10.4369 0.880367
10.3915 0.479545
9.97759 0.296899
9.83147 0.786469
8.79976 0.57506
8.75838 1.31694
8.4475 0.587872
8.43561 0.825507
8.24546 0.468586
8.2274 1.14346
8.20774 1.23557
8.10128 1.77819
7.77134 0.347851
7.67598 2.22617
7.58629 0.767525
7.58406 1.28466
7.40822 2.31675
7.12579 2.78442
6.99798 2.40098
6.99316 0.394958
6.8736 2.21145
6.86133 1.74464
6.76476 1.18587
6.17436 2.32347
6.16813 1.35024
6.14358 2.01877
6.00918 2.44673
5.94888 3.60264
5.94004 2.52517
5.93264 3.28625
5.74753 2.23972
5.74007 2.65974
5.67072 2.70903
5.51394 2.88742
5.34215 2.92124
5.20869 1.62101
5.13614 3.73003
5.07271 3.36621
4.71543 2.86683
4.68286 2.62347
4.66743 3.42622
4.57444 2.91041
4.5575 4.55429
4.47279 2.86765
4.43705 2.84873
4.3064 2.82136
4.29932 4.1404
4.28498 3.04453
4.17005 3.58224
3.90251 5.14326
3.66627 3.71017
3.60601 5.09125
3.58249 3.52194
3.46482 4.12685
3.40356 4.25487
3.24929 4.51405
3.07423 4.735
3.04942 3.33148
2.97739 4.42353
2.85692 4.10311
2.64622 5.55723
2.64012 4.57949
2.63177 3.95626
2.62618 4.97536
2.57296 4.6595
2.56385 4.53022
2.54676 4.98134
2.53192 5.06522
2.37745 5.24555
2.21729 5.72366
2.18598 6.44857
2.17743 6.0969
2.16552 5.54967
2.11547 3.76823
2.09598 6.52586
2.09244 5.68856
2.03393 6.13871
2.00444 5.60012
1.96409 6.80943
1.91144 5.64936
1.89935 4.50028
1.79796 6.85737
1.77523 6.87803
1.77465 5.99642
1.76038 4.78126
1.69933 4.23299
1.60853 5.01908
1.59453 6.7144
1.57957 7.18906
1.56996 4.62973
1.53099 6.32684
1.48373 5.52944
1.47743 7.11252
1.44099 4.46426
1.40943 5.67927
1.33183 6.85784
1.29106 7.02558
1.26334 6.79466
1.25707 6.26294
1.21803 4.66631
1.15354 5.13027
1.12005 4.85563
1.11047 6.54514
1.10386 8.26869
1.05375 5.23463
0.99388 7.67379
0.949993 8.5919
0.883346 8.59879
0.786378 5.98259
0.760399 7.39211
0.735757 6.26579
0.689687 8.86405
0.661342 8.59783
0.606434 7.57292
0.604822 8.83585
0.575219 7.21488
0.546209 6.39176
0.515445 8.45573
0.482216 8.31969
0.408831 7.12485
0.400291 7.53273
0.390495 9.76448
0.361658 7.21822
0.332385 10.0573
0.316586 9.56736
0.296575 6.94939
0.29366 6.53967
0.289092 9.82597
0.277636 6.94893
0.213512 7.48769
0.213268 9.37321
0.192075 9.59685
0.167221 10.3839
0.164283 9.0984
0.0913729 8.48032
0.0877207 9.87621
0.0837147 8.15254
0.0686211 8.92591
0.0658225 9.50491
0.055803 9.67281
0.0540888 7.50196
0.0417466 8.90213
0.0347759 8.9018
0.0241869 7.90404
0.0202708 7.57151
0.0156877 7.34529
0.0125838 7.43422
0.00797075 9.94858
0.186347 0 0 0.813653 0 
0.247928 0.15778 0.45756 0.136733 0 
0 0 0.465625 0.534375 0 
0.218907 0.219638 0 0.184616 0.376839 
0 0 0 0 1 
0.336075 0.0524083 0 0.239958 0.371559 
0.540846 0.459154 0 0 0 
0 0.280668 0.128988 0.497971 0.0923727 
0.279227 0.205931 0.0565464 0.334039 0.124256 
0.331674 0 0 0 0.668326 
0.64855 0 0 0.129889 0.221561 
0.39445 0.204357 0.246825 0.154368 0 
0.36606 0 0.356724 0.20332 0.073897 
0.136604 0.332485 0 0.330962 0.199948 
0.64866 0 0 0 0.35134 
0 0.485513 0 0.432773 0.081714 
0.430581 0.569419 0 0 0 
0.145094 0.324528 0.530378 0 0 
0.21069 0 0.329486 0.174727 0.285097 
0 0.353243 0 0.293141 0.353616 
0.459954 0 0 0.085048 0.454998 
0.173829 0 0 0.399959 0.426212 
0.368699 0.218215 0 0.413086 0 
0.387813 0 0.359356 0 0.252832 
0 0 0.274436 0.377779 0.347785 
0.28699 0 0.360785 0.352225 0 
0.210305 0 0.206092 0.583604 0 
0.360683 0 0.198553 0 0.440765 
0.462447 0.17327 0.0681969 0 0.296086 
0.509171 0.329007 0 0 0.161822 
0.243228 0 0.325492 0 0.43128 
0 0.23824 0.204221 0.346423 0.211115 
0 0 0.346621 0.423473 0.229906 
0.303394 0.557513 0 0 0.139094 
0 0.468634 0 0 0.531366 
0 0.325829 0.345669 0.328502 0 
0 0.42749 0 0.167221 0.405289 
0.382987 0.219062 0 0 0.397951 
0.0851554 0.341069 0 0.389038 0.184737 
0 0.454956 0 0.545044 0 
0 0.182381 0.0937353 0.366052 0.357832 
0.303411 0 0.411061 0 0.285528 
0 0 0.174609 0.455615 0.369776 
1 0 0 0 0 
0 0.239142 0 0 0.760858 
0.303396 0 0.696604 0 0 
0.132873 0 0.628626 0 0.238501 
0.272478 0.350112 0 0.273975 0.103436 
0.305358 0.0628038 0.239045 0.392793 0 
0 0 0.374241 0 0.625759 
0.430353 0.451794 0 0.117853 0 
0 0.384961 0.180205 0.434833 0 
0.259516 0 0 0.331224 0.40926 
0.389215 0.148292 0.194828 0.267664 0 
0 0.244802 0 0.411394 0.343804 
0.400796 0 0.599204 0 0 
0.263896 0.28125 0.171845 0.283008 0 
0 0 1 0 0 
0.596748 0.108462 0.29479 0 0 
0.545717 0 0 0.132152 0.322132 
0 0.417757 0.249231 0 0.333012 
0.251186 0.244193 0.279794 0 0.224827 
0 0.29913 0 0.70087 0 
0 0.382133 0.374372 0 0.243496 
0.196152 0.235259 0 0.568588 0 
0.380272 0.274279 0.0628216 0.149439 0.133189 
0.337386 0.318966 0 0 0.343648 
1 0 0 0 0 
0 0.709662 0 0.290338 0 
0.334414 0.139246 0 0.361222 0.165118 
0.593132 0 0.406868 0 0 
0.251859 0.16916 0.302733 0.276248 0 
0.297612 0 0.29919 0.403197 0 
0.129061 0.421116 0 0.300584 0.149239 
0.127501 0.504108 0 0 0.368391 
0.154573 0 0.339133 0.0838231 0.422471 
0 0.242461 0.156103 0.317386 0.28405 
0 0.505053 0 0 0.494947 
0.142126 0.23439 0 0.0824299 0.541054 
0.388556 0.204351 0 0 0.407093 
0 0 0.576086 0.423914 0 
0.332054 0.313249 0.206134 0 0.148563 
0.247668 0 0.253691 0 0.498642 
0.259559 0.176205 0.244395 0.319841 0 
0 0.102356 0 0.520506 0.377138 
0.354131 0 0 0.189622 0.456247 
0.353281 0.248574 0.398145 0 0 
0 1 0 0 0 
0 0 0 0.273824 0.726176 
0.442146 0.424339 0 0.133515 0 
0.58163 0 0.41837 0 0 
0.221678 0.334144 0 0.359486 0.0846922 
0 0 1 0 0 
0 0 0.4931 0.314385 0.192515 
0.140386 0.0786875 0.421326 0.359601 0 
0.482815 0.458132 0.0590529 0 0 
0.0980105 0 0.332991 0.380597 0.188402 
0 0.37901 0.079707 0.434204 0.10708 
0.363925 0 0.441431 0 0.194644 
0.153651 0.503033 0 0 0.343316 
0 0.364254 0.431597 0.20415 0 
0 0 0.420835 0.579165 0 
0.212732 0.259086 0.156667 0.142407 0.229108 
0 0.51899 0 0.282233 0.198777 
0 0.508437 0 0.249053 0.24251 
0 0.355171 0.101232 0.277777 0.26582 
0.273388 0.169602 0.144915 0.249825 0.16227 
0 1 0 0 0 
0.443728 0 0 0.556272 0 
0.1645 0 0.406879 0.428621 0 
0.163032 0 0.2044 0.632567 0 
0.127885 0.412029 0.347672 0.112414 0 
0 0 0 0.26742 0.73258 
0 0 0.417096 0 0.582904 
0 0 0 0.79822 0.20178 
0 0.416679 0.342322 0 0.240999 
0.346137 0.10338 0.0728412 0.243089 0.234552 
0.604368 0.395632 0 0 0 
0.325095 0.336566 0 0.338339 0 
0.617076 0.382924 0 0 0 
0.495273 0 0.316162 0 0.188564 
0 0 0.426502 0.271001 0.302496 
0 0.361306 0.277963 0 0.360731 
0 0 0 1 0 
0 0.393396 0.367122 0.239482 0 
0.542823 0.114911 0 0 0.342266 
1 0 0 0 0 
0.242991 0 0 0.757009 0 
0.480355 0.347966 0 0 0.171679 
0.160989 0 0.144806 0.378394 0.315811 
0.0697251 0.432177 0.498098 0 0 
0 0.480757 0.156889 0.362354 0 
0 0.410483 0.223507 0 0.36601 
0.293392 0.0821601 0.338757 0.285691 0 
0.275308 0 0.213592 0 0.511101 
0 0.286962 0.351304 0.361734 0 
0 0.344007 0.655993 0 0 
0.140461 0.345886 0.167633 0.258064 0.0879564 
0.484244 0.220356 0 0.2954 0 
0.358272 0.641728 0 0 0 
0 0.469946 0.136172 0.393882 0 
0.220078 0.132444 0.437254 0 0.210225 
0 0.398449 0.108361 0.269893 0.223297 
0 0.314317 0.218057 0.348722 0.118904 
0.240754 0 0.204487 0.25247 0.302289 
0 0.747478 0 0 0.252522 
0 0 0 0.50126 0.49874 
0.1379 0.471593 0.390507 0 0 
0.311043 0 0.0725846 0.616373 0 
0.297514 0.195572 0.506914 0 0 
