5 50
0.371494
0.398152
0.711989
0.461859
0.269745
10.3694 0.520906
10.0973 0.670606
6.58717 1.36775
6.52415 1.13117
6.42901 1.10925
6.39258 0.952925
6.37552 1.15221
6.22192 1.27964
5.92486 2.04336
5.91087 1.8736
5.8879 1.65948
5.80414 2.60627
5.69206 2.29998
5.40566 2.17293
5.07643 2.03637
5.06114 2.38811
4.73296 2.77112
4.66291 3.68797
4.48817 3.57182
3.36711 5.40366
2.7486 4.87066
2.48804 5.16061
2.305 5.73259
2.12269 4.88151
1.97823 5.79858
1.77843 5.00132
1.54187 6.00383
1.5028 5.75054
1.49861 6.4114
1.3862 6.49314
1.148 6.93568
1.03464 6.2704
1.01504 8.25527
0.996061 6.98534
0.739609 6.09244
0.631615 8.57223
0.476854 6.26168
0.430864 6.93501
0.423647 7.00531
0.344521 6.51026
0.24985 8.3651
0.241678 6.82657
0.195086 8.01744
0.147856 10.6965
0.031482 8.26546
0.0313635 10.4231
0.0172255 9.11343
0.0167059 7.28982
0.0148288 10.082
0.00608133 9.34503
0.291923 0 0 0 0.708077 
0.702709 0.297291 0 0 0 
0 0 0 0 1 
0 0.558647 0.441353 0 0 
0 0 1 0 0 
0.28156 0 0 0.71844 0 
0.419039 0.131183 0 0.449779 0 
1 0 0 0 0 
0 0 1 0 0 
0.430722 0 0.343454 0.225824 0 
0 0 1 0 0 
0.230867 0 0.371008 0.398125 0 
0.758767 0 0 0 0.241233 
0 0 0 1 0 
0.693922 0 0 0.306078 0 
0.549526 0 0.15716 0.293314 0 
1 0 0 0 0 
0 0.337953 0.307462 0.354585 0 
0.518596 0 0.481404 0 0 
0 1 0 0 0 
0 1 0 0 0 
0.228021 0 0 0.61483 0.157148 
0.393336 0.606664 0 0 0 
0 0 0 0 1 
0 0.396974 0.214017 0.389009 0 
0 0 0.405633 0.594367 0 
0 0.476407 0.523593 0 0 
0.612844 0 0 0.387156 0 
0.504632 0 0.240385 0.254983 0 
0.39437 0.0533073 0.185743 0.36658 0 
0.490451 0.509549 0 0 0 
0 1 0 0 0 
0.343989 0.656011 0 0 0 
0.537077 0 0.462923 0 0 
0 0 0 1 0 
0 0 0 1 0 
0.717018 0 0 0.282982 0 
0 0.273661 0.497188 0 0.229151 
0 0 0 0 1 
0 0.561026 0 0 0.438974 
0 0.281726 0.384379 0.333895 0 
0.364238 0 0.635762 0 0 
0.213236 0 0.270674 0 0.51609 
0 0.50881 0 0.49119 0 
0.543688 0 0 0.456312 0 
0.254123 0.052846 0.382896 0.310135 0 
0 1 0 0 0 
0 0 0.550666 0 0.449334 
0.340995 0.659005 0 0 0 
0.473277 0 0 0.526723 0 
