5 200
0.732253
0.418477
0.711425
0.677763
0.292848
11.0782 0.322707
10.4083 0.714959
10.2741 0.715688
10.1969 0.284113
10.1371 0.430602
10.0575 0.365847
10.0172 0.47433
9.64666 0.968316
9.08572 0.516342
9.00244 0.160069
8.53596 1.82881
7.75835 0.801378
7.68532 1.38774
7.54258 1.76129
7.53346 1.97672
7.45314 2.24611
7.42191 1.0428
7.21509 0.389609
7.21327 0.240999
7.20269 1.80664
6.90102 1.19419
6.56757 1.46651
6.5392 2.51776
6.3542 1.05952
6.27092 2.21807
6.1416 2.80031
6.13909 2.61338
6.05396 1.67654
5.98727 1.74177
5.98274 2.10962
5.92782 3.37806
5.89407 1.37805
5.8616 1.3963
5.842 2.30344
5.80685 2.38229
5.75749 2.86128
5.45251 2.49212
5.43189 2.91746
5.38817 2.98702
5.27125 2.44598
5.26808 2.84102
5.26451 2.24377
5.24563 2.91536
5.22273 2.60298
5.21834 2.21506
5.00215 3.93676
4.97727 3.0793
4.93122 3.46922
4.77469 2.28217
4.73145 2.4058
4.72772 3.49327
4.72519 2.41849
4.70245 3.12758
4.65532 3.16656
4.61406 3.02243
4.60106 2.53145
4.35735 3.71515
4.2509 2.61934
4.22097 2.91201
4.00111 3.76609
3.9958 3.13026
3.93031 2.62249
3.90526 4.42967
3.67186 4.73427
3.65867 4.91638
3.64715 4.60594
3.6291 3.48378
3.62382 3.71576
3.54863 3.32616
3.43377 4.02721
3.42909 4.74369
3.35455 3.82844
3.28063 3.81144
3.24637 4.18933
3.23593 4.13527
3.23011 4.27516
3.1885 5.03278
3.06392 3.23108
3.02574 3.24102
3.00794 4.03092
2.99766 4.24856
2.98373 4.16263
2.92942 3.60549
2.89783 5.99662
2.79003 4.41518
2.77765 4.8107
2.75933 3.94075
2.75043 4.51172
2.71169 4.05675
2.59838 3.69276
2.37183 5.44137
2.336 4.15972
2.33396 6.0249
2.30615 5.97911
2.24474 4.00664
2.23976 5.53792
2.22201 5.46716
2.21456 4.79652
2.20841 6.87891
2.20753 5.05726
2.14973 4.40326
2.13849 6.01707
2.08747 5.88544
2.07823 6.27322
2.06049 4.56701
2.0552 5.20253
2.04885 4.78327
2.0458 3.95234
1.9551 6.37701
1.93802 4.98744
1.93785 4.22885
1.9221 4.95015
1.84636 5.66181
1.81682 5.4031
1.79342 5.83124
1.72758 6.55281
1.66388 5.96163
1.60691 6.43763
1.56519 5.63479
1.52446 5.30819
1.44919 4.71011
1.43086 6.90127
1.40933 6.41678
1.39674 7.54278
1.37161 5.58213
1.36591 5.09322
1.34248 7.98249
1.31646 5.4881
1.30704 5.83067
1.29761 4.42365
1.25719 6.37087
1.19889 4.85194
1.14088 6.86332
1.10534 5.48052
1.10367 5.92164
1.09223 6.63313
1.04808 6.18176
1.00055 4.9761
0.962524 6.40932
0.93953 8.71975
0.929501 5.24283
0.920552 6.21767
0.912067 6.16076
0.902425 7.65355
0.88756 6.96135
0.880319 7.77207
0.81812 5.56695
0.80838 7.54833
0.784439 5.11357
0.775293 5.44809
0.77292 5.89629
0.76296 5.82572
0.56781 7.22803
0.557506 5.68657
0.557129 6.07982
0.531193 6.66147
0.463 5.97585
0.415459 7.66573
0.379291 6.82741
0.35969 6.48662
0.34756 7.92211
0.342157 6.9574
0.299456 8.21082
0.286305 8.10667
0.279417 6.89921
0.260056 8.21345
0.254592 7.40708
0.213227 7.90494
0.19374 7.52988
0.182689 10.7373
0.16371 10.3066
0.153399 10.2439
0.149156 7.69412
0.148808 7.57714
0.109952 9.7893
0.099587 10.732
0.0881566 10.9753
0.086564 10.4915
0.0821092 10.6281
0.0815814 10.1273
0.0627485 7.2784
0.0618315 11.0305
0.0496527 8.02102
0.0401811 10.1882
0.0384468 7.99754
0.0367342 9.56495
0.0338448 9.29532
0.0337173 7.0552
0.0229685 10.3236
0.0184203 9.07603
0.0113239 9.6972
0.0112177 9.07202
0.00702618 8.79762
0.00605458 9.705
0.00464297 8.51579
0.00403286 9.37375
0.00365359 10.2763
0.0034022 8.49494
0.00111686 11.3242
0.000989631 11.9313
0 0 0 1 0 
1 0 0 0 0 
0 0 0 1 0 
0 1 0 0 0 
0 1 0 0 0 
0 0 0 0 1 
0 0 0 0 1 
1 0 0 0 0 
0 0 0 0 1 
0 0 0 1 0 
0 0 0 0 1 
1 0 0 0 0 
1 0 0 0 0 
1 0 0 0 0 
1 0 0 0 0 
0 1 0 0 0 
0 0 1 0 0 
0 0 1 0 0 
0 1 0 0 0 
1 0 0 0 0 
0 1 0 0 0 
0 1 0 0 0 
0 1 0 0 0 
0 1 0 0 0 
1 0 0 0 0 
0 0 1 0 0 
0 0 1 0 0 
1 0 0 0 0 
1 0 0 0 0 
0 0 0 1 0 
0 0 1 0 0 
0 1 0 0 0 
0 1 0 0 0 
0 0 0 1 0 
0 1 0 0 0 
0 0 0 1 0 
0 0 0 1 0 
0 0 0 0 1 
0 0 1 0 0 
0 0 0 1 0 
1 0 0 0 0 
0 1 0 0 0 
0 1 0 0 0 
0 0 1 0 0 
0 1 0 0 0 
1 0 0 0 0 
0 0 0 0 1 
0 1 0 0 0 
0 0 1 0 0 
1 0 0 0 0 
0 0 1 0 0 
0 0 1 0 0 
0 1 0 0 0 
1 0 0 0 0 
0 0 1 0 0 
0 1 0 0 0 
1 0 0 0 0 
0 0 0 1 0 
0 0 0 1 0 
0 0 0 1 0 
1 0 0 0 0 
0 1 0 0 0 
0 0 1 0 0 
1 0 0 0 0 
0 0 0 0 1 
0 0 0 1 0 
0 1 0 0 0 
0 0 1 0 0 
0 0 1 0 0 
0 0 0 0 1 
0 0 1 0 0 
0 0 0 0 1 
0 0 0 1 0 
1 0 0 0 0 
0 0 0 1 0 
0 1 0 0 0 
0 0 1 0 0 
0 0 0 0 1 
0 1 0 0 0 
0 0 0 0 1 
0 0 0 0 1 
0 1 0 0 0 
0 0 0 0 1 
0 0 1 0 0 
0 0 0 0 1 
0 0 1 0 0 
0 0 0 1 0 
0 0 1 0 0 
1 0 0 0 0 
0 1 0 0 0 
1 0 0 0 0 
0 1 0 0 0 
0 0 0 0 1 
0 0 1 0 0 
1 0 0 0 0 
0 1 0 0 0 
0 0 0 1 0 
0 0 0 0 1 
0 0 0 0 1 
0 0 1 0 0 
0 0 1 0 0 
0 0 0 0 1 
0 0 1 0 0 
0 0 1 0 0 
0 0 1 0 0 
0 0 1 0 0 
0 0 1 0 0 
0 0 0 1 0 
0 0 0 1 0 
0 1 0 0 0 
0 0 0 1 0 
0 0 0 1 0 
1 0 0 0 0 
0 0 1 0 0 
0 0 0 0 1 
0 0 1 0 0 
0 0 1 0 0 
0 0 0 0 1 
0 0 0 1 0 
0 0 1 0 0 
0 1 0 0 0 
0 0 0 1 0 
0 1 0 0 0 
0 0 0 1 0 
0 0 0 0 1 
1 0 0 0 0 
0 0 1 0 0 
1 0 0 0 0 
0 0 0 1 0 
0 0 1 0 0 
0 0 0 0 1 
1 0 0 0 0 
0 0 1 0 0 
0 0 1 0 0 
0 0 0 0 1 
0 0 0 0 1 
0 0 0 0 1 
0 0 1 0 0 
0 0 0 1 0 
0 1 0 0 0 
0 0 0 0 1 
0 0 0 1 0 
0 0 0 1 0 
0 0 0 0 1 
0 1 0 0 0 
0 0 0 0 1 
0 0 0 0 1 
0 0 0 0 1 
0 1 0 0 0 
0 1 0 0 0 
1 0 0 0 0 
1 0 0 0 0 
0 1 0 0 0 
0 0 1 0 0 
0 0 1 0 0 
1 0 0 0 0 
1 0 0 0 0 
0 0 1 0 0 
0 0 0 0 1 
1 0 0 0 0 
1 0 0 0 0 
0 0 0 1 0 
0 0 0 1 0 
0 0 1 0 0 
0 0 1 0 0 
0 0 0 0 1 
1 0 0 0 0 
0 1 0 0 0 
1 0 0 0 0 
0 0 0 0 1 
0 1 0 0 0 
0 0 0 0 1 
0 1 0 0 0 
0 1 0 0 0 
0 0 0 1 0 
0 0 1 0 0 
1 0 0 0 0 
0 0 0 1 0 
1 0 0 0 0 
0 1 0 0 0 
0 1 0 0 0 
0 0 0 1 0 
0 1 0 0 0 
0 0 0 0 1 
0 0 1 0 0 
0 0 0 1 0 
1 0 0 0 0 
0 0 0 1 0 
1 0 0 0 0 
0 0 1 0 0 
0 0 0 1 0 
0 1 0 0 0 
0 0 0 1 0 
1 0 0 0 0 
1 0 0 0 0 
0 0 0 1 0 
0 0 1 0 0 
0 1 0 0 0 
1 0 0 0 0 
0 0 0 1 0 
