5 200
0.532815
0.494606
0.739273
0.506478
0.277192
11.5482 0.378264
11.3907 0.209921
11.1773 0.460537
10.3973 0.885779
10.2012 0.751063
10.0312 0.183849
9.93719 0.785888
9.75489 0.873113
9.52684 0.51711
9.51318 0.905519
9.50756 0.271807
9.16064 0.787569
9.1161 1.31659
9.061 0.525523
9.04116 0.630203
8.88397 0.746036
8.5056 1.22321
8.50534 0.545392
8.48511 1.20002
8.4749 1.11932
8.43677 0.10513
8.29641 1.52677
8.2248 1.94029
8.1472 0.936277
8.09488 2.10083
7.7369 0.502391
7.72368 0.275876
7.23469 1.27673
7.19957 1.4761
7.18915 1.29862
6.94362 1.10136
6.83782 2.11931
6.78132 0.62261
6.38759 1.03195
6.19148 2.06188
6.18763 2.48269
6.01913 0.900542
5.98223 2.32234
5.86843 1.79522
5.78972 3.10409
5.74853 1.05395
5.69505 1.97848
5.66143 3.47157
5.6517 3.30494
5.50994 2.3228
5.42668 2.07532
5.30502 3.28468
5.19753 2.3058
5.00575 2.27131
4.93823 2.34052
4.78145 2.66621
4.76693 3.63686
4.76412 3.78742
4.72144 4.27394
4.68705 3.88229
4.54728 2.42433
4.47598 3.79869
4.41872 3.42173
4.4176 4.64136
4.30519 3.63754
4.2633 2.97664
4.10095 2.24181
4.05987 3.19084
4.04121 3.48582
3.96491 3.81567
3.93685 2.85325
3.87074 2.70557
3.86414 4.41964
3.69946 3.60388
3.66144 5.48918
3.49974 2.44732
3.4982 4.3195
3.43917 3.42794
3.3938 3.70825
3.33175 4.54007
3.30676 2.82702
3.23709 3.78126
3.19515 4.53106
3.15718 4.36156
3.04956 5.98194
3.04142 2.79815
2.99083 4.7589
2.90706 4.6225
2.9056 4.7202
2.869 4.30322
2.83451 4.23371
2.80805 3.76242
2.78986 5.20829
2.78898 3.91488
2.6509 4.22031
2.64132 4.59147
2.63547 6.37176
2.6016 5.1111
2.56586 3.46581
2.48731 5.27736
2.42613 5.04885
2.3483 4.6495
2.34096 5.48822
2.33221 3.79324
2.24383 4.9685
1.93126 4.50436
1.9186 6.79427
1.83773 7.37106
1.77936 6.32693
1.75952 5.12549
1.68115 4.67453
1.67698 5.32508
1.62371 6.23497
1.59242 5.29985
1.54382 5.19146
1.54146 6.17487
1.53276 5.63806
1.50295 5.34001
1.49809 4.84087
1.47017 7.1924
1.45168 6.58986
1.40553 5.02697
1.36674 5.57479
1.35568 7.90575
1.26062 5.97026
1.24725 5.0273
1.23634 6.3256
1.21328 6.40822
1.17828 6.24689
1.16174 8.15295
1.14226 7.89249
1.12332 6.13439
1.11084 5.68281
1.09839 6.82948
1.08112 6.90001
1.06093 5.32469
1.043 6.19282
0.991836 8.35904
0.934363 5.53683
0.925034 8.80179
0.844897 6.25272
0.833818 7.4584
0.802767 7.61708
0.799536 8.05379
0.786163 5.13015
0.776121 8.98392
0.77501 5.44836
0.703819 8.0651
0.691037 6.78792
0.644316 5.77188
0.558167 9.15382
0.526996 8.2668
0.514382 5.89423
0.512189 7.55878
0.506857 7.60751
0.497781 6.13746
0.480955 6.20916
0.407749 6.54166
0.404393 6.3933
0.388798 8.33087
0.385934 8.86297
0.385294 9.86278
0.348131 10.0831
0.341235 8.96334
0.32853 9.50159
0.324477 9.78596
0.298563 10.2477
0.280283 6.4447
0.278996 8.44063
0.273543 9.6923
0.267935 8.16908
0.266715 8.84017
0.260657 10.1327
0.250127 8.67435
0.242912 9.24973
0.227466 7.0039
0.207044 6.53664
0.205862 10.1123
0.20325 9.53055
0.196862 9.43048
0.180291 10.1186
0.16978 10.6658
0.13524 7.74455
0.124381 10.5369
0.116336 10.1657
0.110136 7.68075
0.090365 10.3618
0.0815729 7.97071
0.0784082 7.88346
0.0748532 9.73338
0.0728181 9.87449
0.0627549 11.3821
0.0605539 10.8715
0.0429089 10.0474
0.0396694 11.279
0.025992 10.3466
0.015115 8.23523
0.0143597 7.90498
0.00671548 11.1267
0.00658234 11.8263
0.00322924 10.6017
0.0028748 9.20822
0.00221461 10.4765
0.0015086 10.5865
0.00107501 10.7012
0.452014 0 0.40293 0 0.145056 
0 0 0 0 1 
0 0 0.781 0.219 0 
0 1 0 0 0 
0 0.393002 0 0 0.606998 
1 0 0 0 0 
0.613684 0 0 0 0.386316 
0 0 0.39644 0 0.60356 
0.248655 0.588327 0.163018 0 0 
0 0.522606 0 0.477394 0 
0.389793 0 0 0.190837 0.41937 
0 0.489569 0.510431 0 0 
0 0 0 1 0 
0.582851 0.295971 0.121177 0 0 
0.678931 0.321069 0 0 0 
0 0.563056 0.367458 0.0694866 0 
0 0.209766 0 0 0.790234 
0 0 0 0.322438 0.677562 
0.719595 0.280405 0 0 0 
0 0.776678 0 0 0.223322 
0 0 0.232934 0.767066 0 
0.299641 0.38672 0.13015 0.183489 0 
0.0996961 0 0 0.444203 0.456101 
0 0.641752 0 0 0.358248 
0 0 0.43788 0.56212 0 
0 0.473556 0 0.526444 0 
0 0 0 1 0 
0 0.345214 0.307244 0.347542 0 
0.503629 0.496371 0 0 0 
0.51399 0 0 0 0.486011 
0.533694 0 0 0 0.466306 
0.224834 0.520729 0.254437 0 0 
0 1 0 0 0 
0 0 0.378894 0 0.621106 
0 0 0 0 1 
0 0 0 1 0 
0 0 1 0 0 
0.35783 0.64217 0 0 0 
0.536748 0 0 0.463252 0 
1 0 0 0 0 
0.426045 0.299777 0.274179 0 0 
0.41829 0.58171 0 0 0 
0 0 0.803304 0 0.196696 
0 1 0 0 0 
0 0 0 1 0 
1 0 0 0 0 
0 0 0 1 0 
0 0 0 0 1 
0 0.798516 0 0.201484 0 
0 0 0 0.688149 0.311851 
0.454511 0.297309 0.248179 0 0 
0.115958 0.420354 0 0 0.463688 
0.534181 0 0.465819 0 0 
0 0 0.393085 0 0.606915 
0 0.524947 0.0979814 0 0.377072 
0.421944 0 0.260204 0 0.317851 
0 0 1 0 0 
0 0.235713 0.488446 0 0.275841 
0 0 0 0 1 
0 1 0 0 0 
0.689764 0 0 0.310236 0 
0.453255 0 0 0.546745 0 
0 0 0 0.609541 0.390459 
0.156018 0 0.642127 0 0.201855 
0 0 0 0 1 
0 0 0.701566 0.298434 0 
0.446368 0 0.553632 0 0 
0 0.107224 0 0.462405 0.430371 
0.405599 0 0.161195 0.0953311 0.337874 
0 1 0 0 0 
0 0 0 0.598074 0.401926 
0 0 1 0 0 
0.683376 0 0 0 0.316624 
0 0.611737 0 0 0.388263 
0.463177 0.347084 0.189739 0 0 
0 0 0.596099 0 0.403901 
0.289544 0 0 0.0775086 0.632947 
0 0 0.660641 0 0.339359 
1 0 0 0 0 
0 0 0 1 0 
0.362691 0.319902 0 0.317408 0 
0.415124 0 0.584876 0 0 
0.562187 0 0 0 0.437813 
0 0.344259 0 0 0.65574 
1 0 0 0 0 
1 0 0 0 0 
0 0 1 0 0 
0.398385 0 0.361552 0 0.240063 
0 0 0.544099 0.455901 0 
0 0 0 0 1 
0 0 0.467483 0 0.532517 
0 0 0 1 0 
0.633285 0 0 0 0.366715 
0 0.485798 0.514202 0 0 
0.272592 0 0.727408 0 0 
0.352574 0 0.385752 0 0.261674 
0.475505 0.192932 0.205471 0.126092 0 
0.308525 0.266225 0.270498 0 0.154751 
0 0 0 0 1 
0 1 0 0 0 
0 0 0.482101 0.340599 0.177299 
0 0 1 0 0 
0 0.438597 0 0 0.561403 
0 0 0 1 0 
0 0 1 0 0 
0 0 1 0 0 
1 0 0 0 0 
0.34345 0 0.65655 0 0 
0 0.64183 0.35817 0 0 
0 0 0 1 0 
0.0661671 0 0.595873 0.33796 0 
0.26069 0 0 0.73931 0 
0.332124 0 0 0.667876 0 
0.379209 0.530953 0 0 0.0898389 
0 0.584215 0.415785 0 0 
0 0.260775 0.559641 0 0.179584 
0 0 1 0 0 
0 0.264953 0 0 0.735047 
0 0 0.859767 0 0.140233 
0 0.868525 0 0.131475 0 
1 0 0 0 0 
0 0.47973 0 0.52027 0 
0.307974 0.603312 0 0 0.0887145 
0 0 0.12093 0 0.87907 
0.349852 0.346337 0 0.163461 0.14035 
0 0.431017 0 0 0.568983 
0 0 0 1 0 
0 0 0 1 0 
0 0 0.383373 0.254235 0.362392 
0 0 0.212455 0.499601 0.287944 
0 0.312511 0 0.514303 0.173186 
0 0 0 0 1 
0 0.187618 0 0 0.812382 
0.647594 0 0.352406 0 0 
0.372657 0.110956 0 0 0.516387 
0 0.461536 0.161368 0.377096 0 
0 0.525672 0 0.474328 0 
0 0 0 0 1 
0 0.149334 0.331287 0 0.51938 
0.513732 0 0 0.486268 0 
0 0.472223 0 0 0.527777 
0 0.57158 0 0 0.42842 
0 1 0 0 0 
0 0 0 0 1 
0.187025 0 0 0 0.812975 
0.247278 0.427673 0.199839 0.12521 0 
0.706056 0.293944 0 0 0 
0.254704 0 0 0.188413 0.556883 
0.494586 0 0 0.505414 0 
0 0 0 1 0 
0 0.72665 0.27335 0 0 
0 0 0.545874 0.454126 0 
0.358597 0.246746 0 0.394657 0 
0.440164 0.218066 0.34177 0 0 
0 0 0 1 0 
0 0.483372 0.377832 0 0.138796 
0.5491 0.0924577 0 0.358443 0 
0 0.383617 0 0.121345 0.495039 
1 0 0 0 0 
0 0.2805 0 0 0.7195 
0.25347 0.405056 0 0.341474 0 
0 0 1 0 0 
0 0 0.277115 0 0.722885 
0 0 0 1 0 
0 0.438265 0.561735 0 0 
0.699391 0 0 0.300609 0 
1 0 0 0 0 
0 0 0 0 1 
0.680934 0.319066 0 0 0 
0 0.443694 0 0.556306 0 
0 0 0 1 0 
0 0 0.214479 0.41935 0.36617 
0 0.44871 0.390655 0 0.160634 
0 0 0 0 1 
0 1 0 0 0 
0 0.32634 0 0.0716418 0.602019 
0 0 0 1 0 
0 0 0.799808 0.200192 0 
0.542962 0.457038 0 0 0 
1 0 0 0 0 
0.362829 0 0 0 0.637171 
0 0.275008 0 0 0.724992 
0.761452 0 0.238548 0 0 
0 0 0.692113 0.307887 0 
0 0 0.357295 0.642705 0 
0 0.680267 0 0 0.319733 
0.198841 0.417185 0 0.383974 0 
0 0 0 0.419983 0.580017 
0 0.198066 0.400108 0 0.401826 
0 0.443291 0 0.556709 0 
0.367738 0 0 0.632262 0 
0 0.479006 0.430041 0 0.090953 
0 1 0 0 0 
0 0.46462 0.152397 0 0.382984 
0 0 1 0 0 
0 0 0 0.734032 0.265968 
0.186715 0 0.396575 0 0.416711 
0 0 1 0 0 
0 0 1 0 0 
0.189372 0 0.501916 0 0.308712 
