5 50
0.53367
0.602168
0.602062
0.564112
0.309114
9.11022 0.463831
9.08378 0.661331
8.85026 1.07576
8.83559 0.602365
7.55843 1.24595
7.32396 1.12917
7.30223 0.122334
6.67633 1.61923
6.62726 1.80874
5.44935 1.77649
5.03364 3.59235
4.96863 2.92145
4.74255 3.76235
4.58983 2.34099
4.33985 4.56263
3.9416 3.53976
3.82151 3.53667
3.35302 4.33185
3.04485 4.10731
2.69085 5.52077
2.39421 4.37847
2.18647 4.19431
2.16298 5.39283
1.81965 6.52695
1.79099 5.76645
1.75577 6.96785
1.68649 6.533
1.56151 6.59869
1.47929 7.20747
1.19403 8.18712
1.15726 8.55491
1.08795 6.04883
1.01499 7.11065
0.968454 8.76255
0.637226 7.30701
0.627459 6.2029
0.565967 7.73434
0.47917 8.87758
0.324976 6.49203
0.323025 10.1626
0.309124 9.99611
0.29863 9.9545
0.149052 9.36654
0.135819 8.92225
0.105769 10.7194
0.0402905 10.3057
0.0246372 9.08097
0.00347011 12.0024
0.0026782 10.309
0.00154667 12.1643
0 0 0.641731 0.358269 0 
1 0 0 0 0 
0 0 0 1 0 
0.487433 0 0 0 0.512567 
0 0 0 0 1 
0 0.394143 0 0.191752 0.414106 
0.606272 0 0 0.393728 0 
0 0 0.867777 0 0.132223 
0 0.682335 0 0 0.317665 
0.201405 0 0 0.427711 0.370884 
0.298153 0.304134 0.152031 0.245682 0 
0 0.57736 0 0.42264 0 
0 0 0 0 1 
0 1 0 0 0 
0 0 0 1 0 
0 0 0.346093 0.30349 0.350417 
0.390055 0 0 0.609945 0 
0 0 0.332555 0.667445 0 
0.45041 0 0.349451 0.200139 0 
0.350362 0.38727 0.177161 0 0.0852074 
0 0 0 0 1 
0 0.730157 0 0 0.269843 
1 0 0 0 0 
0 0 0.163853 0.0998877 0.73626 
0.608593 0 0 0.391407 0 
0.778985 0.221015 0 0 0 
0.342191 0 0 0.657809 0 
0 0.623455 0.376545 0 0 
0 0 0 1 0 
0 0 0 0.569894 0.430106 
0.454935 0.336575 0 0.20849 0 
0.523082 0 0 0.476918 0 
0 0.660494 0 0.339506 0 
0.613419 0 0 0 0.386581 
0 0.525298 0 0 0.474702 
0 0.358103 0.375728 0 0.266169 
0.262681 0.434509 0 0.0671912 0.235618 
0 0 1 0 0 
0 0.490406 0.295479 0 0.214115 
0.380706 0 0.395503 0 0.223791 
0 0 0 0 1 
0 0 0 0.565277 0.434723 
0 0 0 1 0 
0.673077 0 0.326923 0 0 
1 0 0 0 0 
0 0 1 0 0 
0.17102 0 0 0.82898 0 
0 0 0 1 0 
0 0 0.43073 0.56927 0 
0.405779 0.594221 0 0 0 
