5 150
0.355472
0.742737
0.352466
0.576609
0.390309
11.065 0.278504
10.9987 0.155963
10.9845 0.447252
10.5875 0.796596
10.3804 0.732016
10.2705 0.648619
9.65001 0.826763
9.25864 0.870601
9.18386 1.50209
9.17737 0.203547
9.02832 1.72672
8.6167 1.32297
8.39226 1.65526
7.83928 1.47903
7.78362 1.65193
7.62834 0.171833
7.60556 0.957817
7.59219 2.43013
7.53226 1.95323
7.34224 0.895379
7.05826 0.736163
6.97882 2.07507
6.94594 1.08387
6.91854 1.7275
6.7236 1.63466
6.64106 1.61587
6.61163 1.28203
6.46442 1.52479
6.42919 2.64354
6.35768 2.4494
6.33892 1.59426
6.10465 1.09865
6.08795 2.27651
5.96457 2.36985
5.91045 1.76667
5.72712 1.57928
5.71235 1.7684
5.51795 2.04603
5.22885 3.56152
5.03959 3.21336
4.95921 2.30192
4.84393 3.26803
4.73566 2.28399
4.73067 2.29894
4.69343 2.26912
4.47379 2.78093
4.40776 3.2099
4.39444 3.42698
4.16888 4.83423
4.05541 2.89227
3.71462 5.3756
3.59516 2.51949
3.57134 3.37101
3.35998 3.56702
3.27448 4.78599
3.14827 3.2483
3.13579 3.7884
3.07567 5.95946
2.89578 4.03619
2.87594 3.11182
2.86844 5.40729
2.69786 3.80369
2.69337 4.78996
2.67779 4.98203
2.44585 4.47337
2.24313 5.20606
2.19267 5.07586
2.0846 5.24973
2.06302 5.09438
2.06178 4.18397
1.94611 4.97325
1.90854 6.32214
1.82623 6.35272
1.75769 7.1701
1.67396 6.52502
1.60834 5.57945
1.56535 5.01188
1.55804 6.83445
1.54223 5.83468
1.51103 6.5275
1.44883 5.53018
1.4076 4.80326
1.37012 5.53167
1.36051 5.19762
1.32207 5.90554
1.32004 6.56829
1.27286 4.92539
1.24027 7.30759
1.23246 5.23349
1.17962 6.57996
1.15508 6.93858
1.14695 6.37698
1.13655 6.9401
1.1165 6.1508
1.04669 6.59137
0.970028 7.51232
0.916345 6.76387
0.890711 7.14667
0.854736 7.76106
0.85316 8.65463
0.737971 5.89478
0.695927 8.84373
0.673019 7.6605
0.641213 6.65728
0.631496 8.8797
0.520628 8.77237
0.508251 8.55602
0.49281 8.59152
0.469981 7.82834
0.444452 7.03684
0.437091 7.08225
0.392465 7.96988
0.362276 7.87959
0.351166 7.14811
0.350613 7.11737
0.350305 9.8445
0.322991 6.41801
0.32196 8.94304
0.290499 9.19686
0.288016 9.55832
0.283456 9.02116
0.258356 6.76859
0.239472 7.98394
0.239142 6.44399
0.221057 6.5013
0.214742 6.81424
0.170395 9.3398
0.170115 6.92889
0.170106 10.1103
0.166055 8.77838
0.155163 6.62634
0.140475 7.27421
0.127062 7.19363
0.103849 7.00761
0.10021 7.85083
0.0824457 9.10887
0.076003 8.18414
0.0667845 8.49645
0.0517396 11.1122
0.0330773 8.75819
0.0253145 9.67509
0.0212038 8.21503
0.0191089 7.85569
0.0165871 9.90245
0.0104834 7.5339
0.00740512 11.2706
0.00338071 11.1173
0.00236649 10.3012
0.00212045 8.66941
0.00143668 11.244
0 0.324684 0 0 0.675316 
1 0 0 0 0 
0 0 0 1 0 
0.515559 0 0 0.484441 0 
0 0.52319 0 0 0.47681 
0 0 1 0 0 
0 0 0 0 1 
0 0.568898 0.431102 0 0 
0 1 0 0 0 
0.432503 0 0.331185 0.127584 0.108728 
0 0.201757 0 0.331186 0.467056 
0 0 0.574936 0.425064 0 
0.185867 0 0 0.814133 0 
0.153471 0 0.691167 0.155362 0 
0 1 0 0 0 
0.425724 0.574276 0 0 0 
0.527637 0 0.472363 0 0 
0 0 0 1 0 
0 0.761533 0 0 0.238467 
0 0.513496 0.486504 0 0 
0 0 0 1 0 
1 0 0 0 0 
0 0 0 1 0 
0 0.41683 0 0 0.58317 
0.215146 0.381292 0 0.403562 0 
0 1 0 0 0 
0.469171 0.530829 0 0 0 
0 0 0 1 0 
0 1 0 0 0 
0 0.629839 0.370161 0 0 
0 0 0 0.691812 0.308188 
0 0.415345 0.101644 0 0.483011 
0.807242 0 0.192758 0 0 
0.605792 0 0.394208 0 0 
0 0 0 1 0 
0 1 0 0 0 
0.824982 0 0 0.175018 0 
0.484457 0.515543 0 0 0 
0.458345 0 0 0.541655 0 
0 0 0 1 0 
0.340814 0 0.596774 0.0624122 0 
0 0 1 0 0 
0 0 0.143885 0.856115 0 
0 0.455505 0 0 0.544495 
0.31429 0 0.685709 0 0 
0.535964 0 0 0.464036 0 
0 0 1 0 0 
0 0 0 1 0 
1 0 0 0 0 
1 0 0 0 0 
0 0 0 0 1 
0 0 0 0 1 
0 0 0 1 0 
1 0 0 0 0 
0 0 1 0 0 
0 1 0 0 0 
0 0 0 0.235431 0.764569 
0 0 0 1 0 
0.284818 0.434155 0.190751 0 0.090276 
0.74937 0 0 0.25063 0 
0 0 0 1 0 
0 0 1 0 0 
0 0 0 0 1 
1 0 0 0 0 
0.651524 0 0 0.348476 0 
0.703286 0 0.296714 0 0 
1 0 0 0 0 
0.483018 0.516982 0 0 0 
0 0 1 0 0 
0 0 0 0 1 
0 0.40606 0 0.59394 0 
0 0 0 0 1 
0 0 0 0.607535 0.392465 
0 0 1 0 0 
0 1 0 0 0 
1 0 0 0 0 
0 0.211658 0.788342 0 0 
0 1 0 0 0 
0 0 0 0.672853 0.327147 
0 0 1 0 0 
0 0.194001 0.805999 0 0 
0 0 0 1 0 
0 0 0 1 0 
0 1 0 0 0 
0 0 1 0 0 
0 0 0 0.582602 0.417398 
1 0 0 0 0 
0 0 0 0 1 
0.569119 0 0 0 0.430881 
0 0.285139 0 0.714861 0 
1 0 0 0 0 
0 1 0 0 0 
0 0.260294 0.493815 0 0.245892 
0 0 1 0 0 
0 0 1 0 0 
0 0 1 0 0 
0 0.500935 0.499065 0 0 
0 0 0 0 1 
0 0 0.679481 0 0.320519 
0 0 1 0 0 
0 0.597528 0 0.402472 0 
0 1 0 0 0 
0 0 1 0 0 
0 0 0 0.580087 0.419913 
1 0 0 0 0 
0 0.660499 0 0 0.339501 
0 0 0 0.425834 0.574166 
0 0 1 0 0 
0 0 0.48226 0 0.51774 
0 0 1 0 0 
0 0 1 0 0 
0 0 0 1 0 
0 1 0 0 0 
0 0 1 0 0 
0 0 0 0 1 
1 0 0 0 0 
0 0 0.466841 0 0.533159 
0 0 0 0.47621 0.52379 
0 0.639354 0.360646 0 0 
0 0.410742 0 0 0.589258 
0 0 0 1 0 
0 0 0 1 0 
0 0 1 0 0 
0 1 0 0 0 
0 0 0.714923 0 0.285077 
0 0 0.55324 0 0.44676 
0 0 0 0 1 
0 1 0 0 0 
0 0 1 0 0 
0.396314 0.319392 0 0 0.284294 
0.523875 0 0 0.476125 0 
0 0 0 0 1 
0.739054 0.260946 0 0 0 
1 0 0 0 0 
0 0 0 1 0 
0 0 0 0 1 
0 1 0 0 0 
0.544441 0 0 0.455559 0 
0 0 1 0 0 
1 0 0 0 0 
0 0 0.501613 0.0773555 0.421031 
0 0 0 0 1 
0.463829 0.536171 0 0 0 
0 0 1 0 0 
1 0 0 0 0 
0 0 0 1 0 
0 0 0 1 0 
0 1 0 0 0 
1 0 0 0 0 
0 1 0 0 0 
