5 100
0.268527
0.476749
0.578929
0.358481
0.734583
10.8654 0.512991
9.86162 0.167965
9.61958 0.509551
9.3628 1.01
9.11532 1.18829
8.43207 0.719907
8.04533 2.08514
7.78158 0.388452
7.71557 1.48506
7.6242 1.43917
7.1493 1.54967
7.00695 2.32166
6.68051 0.929267
6.29526 1.07789
6.27882 2.39261
6.27458 1.84298
6.22725 2.45713
6.05469 1.66578
5.97654 2.31829
5.97647 2.30636
5.59945 2.76272
5.47768 1.62465
5.39869 2.34352
5.28227 2.6438
5.1575 2.34515
4.95202 2.34119
4.88865 3.53947
4.82188 2.60604
4.7716 1.65995
4.71324 3.15329
4.46856 3.56199
4.41007 3.46151
4.37945 2.13117
4.11413 3.49759
3.70171 3.22055
3.48549 4.96688
3.40087 2.98074
3.11254 3.22536
3.03298 4.39973
2.94134 3.47895
2.86167 4.42958
2.80944 3.2371
2.78465 4.77382
2.7004 5.97467
2.68994 4.11677
2.66685 5.07838
2.64079 4.22747
2.57337 4.66383
2.5473 5.49885
2.54498 6.00823
2.23461 5.01587
2.14405 5.97455
2.07585 6.19723
2.06197 4.28836
1.98013 4.9866
1.92946 4.46791
1.92769 6.73176
1.87391 5.56094
1.74051 7.16306
1.54834 7.57559
1.4278 7.05599
1.28301 7.93848
1.27015 7.17521
1.26223 5.79285
1.24029 8.10883
1.21544 6.04944
1.18017 5.24382
0.941129 7.91883
0.935442 5.29197
0.934004 6.5987
0.93105 6.60388
0.910817 5.00137
0.909459 6.12559
0.828448 8.17165
0.816362 6.27759
0.730546 8.9681
0.72739 8.5238
0.711523 8.43439
0.700128 8.65557
0.63263 8.06408
0.544588 9.19589
0.532041 7.62551
0.43814 6.52481
0.42022 10.1041
0.410375 9.53429
0.39221 6.37397
0.364889 9.00004
0.342439 6.84688
0.328592 9.18349
0.328134 6.91429
0.302602 8.835
0.298146 8.11812
0.291104 6.65608
0.159868 8.6889
0.147583 10.7085
0.126636 10.15
0.0890132 9.51024
0.0873772 10.3604
0.0866029 8.0747
0.00952021 7.89064
0 0 0.67003 0 0.32997 
1 0 0 0 0 
0 0 0.572127 0 0.427873 
0 0 0 0.614063 0.385937 
0 0.316871 0 0 0.683129 
1 0 0 0 0 
0 0 0 0 1 
0 0 0 1 0 
0 1 0 0 0 
1 0 0 0 0 
0 0 0 0 1 
0 0 1 0 0 
0 0 1 0 0 
0 0 1 0 0 
1 0 0 0 0 
0 1 0 0 0 
0 0 0 0 1 
0.660674 0 0 0.339326 0 
0 1 0 0 0 
1 0 0 0 0 
0.473939 0.526061 0 0 0 
1 0 0 0 0 
0 0 1 0 0 
0 0 0 0 1 
0 1 0 0 0 
0 0 0 0 1 
0 0 1 0 0 
0 1 0 0 0 
0.228241 0 0 0 0.771759 
0.819235 0.180765 0 0 0 
0 0 0 0 1 
0 0 1 0 0 
1 0 0 0 0 
0 0 0 0 1 
0 1 0 0 0 
0 0 0 0 1 
0 1 0 0 0 
0 1 0 0 0 
0 0 0 0 1 
0 0 1 0 0 
0 1 0 0 0 
0 1 0 0 0 
0 0 0 0 1 
0 0 0 1 0 
0 0 1 0 0 
0 0 0 0 1 
0 0 1 0 0 
0 1 0 0 0 
0 0 0 1 0 
0 0 0 0 1 
1 0 0 0 0 
0 0 1 0 0 
0 0 0 0 1 
1 0 0 0 0 
0.451349 0 0 0.548651 0 
0 0.634753 0 0 0.365247 
1 0 0 0 0 
0.227553 0 0 0 0.772447 
0 0 0 0 1 
0.28587 0 0.71413 0 0 
0 0 0 1 0 
0 0 0 1 0 
1 0 0 0 0 
0 0 0 1 0 
1 0 0 0 0 
1 0 0 0 0 
0 1 0 0 0 
0 0 1 0 0 
0 0 1 0 0 
0 0 0.369469 0 0.630531 
0 1 0 0 0 
1 0 0 0 0 
1 0 0 0 0 
0 0 1 0 0 
1 0 0 0 0 
0 0.669725 0 0.330275 0 
0.29541 0 0.106319 0.598271 0 
0 0 0 0 1 
1 0 0 0 0 
0 0 0.282617 0.717383 0 
0.669161 0 0 0 0.330839 
0 0 1 0 0 
0 1 0 0 0 
0 0 0 1 0 
0 0 1 0 0 
0 0 1 0 0 
0 0 1 0 0 
1 0 0 0 0 
0 0 0 1 0 
0 0 0 1 0 
0 0.805736 0 0 0.194264 
0 0 1 0 0 
1 0 0 0 0 
1 0 0 0 0 
0 0 0 0 1 
0 1 0 0 0 
0 0.480971 0 0.519029 0 
0 0 0 1 0 
0 0 0 0 1 
0 1 0 0 0 
