5 100
0.535882
0.624905
0.417089
0.304918
0.271775
11.3638 0.128504
11.2734 0.122339
10.9925 0.290475
10.4774 0.578634
9.93988 0.97027
9.74615 0.678074
9.12358 0.227616
9.01786 0.518509
8.99294 0.194899
8.76754 1.11753
8.75838 1.31434
8.73882 0.352507
7.52676 1.28916
7.48757 0.478236
7.43689 0.595001
7.15199 0.727326
7.01615 1.22167
7.00082 0.387834
6.93307 0.510815
6.84836 2.84633
6.72852 1.6421
6.72114 0.767574
6.58536 1.94989
6.4732 1.83898
6.2847 2.0392
5.65548 2.04963
5.64723 2.89245
5.57408 1.99332
5.48803 1.46477
5.48576 1.59521
5.41991 1.82204
5.3973 2.83418
5.16215 2.7944
5.14889 3.35208
5.04389 4.32493
4.94488 1.84997
4.88861 3.37713
4.87265 4.41136
4.73791 4.50994
4.61986 3.01957
4.60665 2.5015
4.54962 4.53045
4.50155 2.11124
4.42759 3.53845
4.34668 2.30482
4.19964 3.18347
4.17097 3.04305
4.08709 3.63811
3.87839 3.58668
3.794 3.66469
3.68042 2.44297
3.30591 3.86565
3.17137 4.85448
3.08365 3.82189
2.90704 3.44165
2.66005 3.92905
2.46648 5.60772
2.31509 4.17477
2.2844 4.70398
2.1935 4.33295
2.1814 5.1143
2.17558 5.32033
2.16422 4.50336
2.0615 6.17947
2.001 5.13669
1.95287 5.08936
1.89923 5.87003
1.66904 6.72223
1.5828 4.90631
1.46412 7.10193
1.38418 6.63294
1.37272 6.64308
1.28926 7.74646
1.21892 6.00597
1.07221 7.98009
0.975147 7.02241
0.936259 8.05969
0.769447 8.26795
0.658151 8.23558
0.579406 8.64524
0.544276 8.81254
0.485548 6.21067
0.407464 7.88255
0.404064 6.68439
0.340711 6.96258
0.340232 10.2694
0.223263 7.48964
0.214897 9.7169
0.183661 9.81331
0.152296 8.38678
0.144024 10.1923
0.137381 8.03903
0.115752 8.56895
0.0887834 8.36027
0.0294129 7.34611
0.0193007 11.6075
0.0118846 10.9618
0.00344268 11.1978
0.00261544 10.821
0.00152868 9.63004
0 0.251042 0.294828 0 0.454131 
0 0.602375 0 0.397625 0 
0 0 0 0.520105 0.479895 
0.123401 0.102108 0.218461 0.290412 0.265619 
0.103402 0 0.311033 0.186203 0.399361 
0 0.100185 0.418445 0 0.481371 
0 0.456674 0.543326 0 0 
1 0 0 0 0 
0.331174 0 0 0.266696 0.40213 
0.484122 0.515878 0 0 0 
0 0 0.578398 0.421602 0 
0 0 0 0.490213 0.509787 
0 0 1 0 0 
0 0.421361 0.578639 0 0 
0.240812 0.257509 0.0514971 0.196748 0.253435 
0.486711 0.216242 0.297047 0 0 
0.140596 0 0.572577 0 0.286827 
0.236923 0.292073 0.260737 0 0.210267 
0.692535 0.307465 0 0 0 
0 0.674827 0 0.325173 0 
0.416138 0.255959 0 0.327904 0 
0.406734 0.290911 0.302355 0 0 
0.383661 0 0 0.616339 0 
0 0 0 0.551253 0.448747 
0 0 0.873446 0.126553 0 
0.136738 0.634751 0.228511 0 0 
0.243794 0.308845 0.447361 0 0 
0 0.153023 0 0.846977 0 
0 0 0 0 1 
0.76569 0 0 0.23431 0 
0.324914 0.0682973 0 0.307986 0.298803 
0 0 1 0 0 
0.81396 0 0 0 0.18604 
0 0.222228 0.347067 0.430705 0 
0.302304 0.379247 0 0.318449 0 
0 1 0 0 0 
0.331628 0.29058 0.197277 0 0.180515 
0.2345 0.194385 0.193409 0.377706 0 
0.716371 0.283629 0 0 0 
0 0.472373 0.140386 0.170706 0.216535 
0 0.267332 0.322292 0.410376 0 
0.0753472 0.519221 0.0887948 0 0.316637 
0 0 0.253796 0.746204 0 
0 0.123529 0.381767 0.0878528 0.406851 
0 0 0 0.453919 0.54608 
1 0 0 0 0 
0.365163 0 0.318895 0 0.315942 
0 0 0 0 1 
0 0 0 0.577029 0.422971 
0 0.530295 0 0.469705 0 
0 0 1 0 0 
0 0.491268 0 0.508732 0 
0.775461 0.224539 0 0 0 
0 0.232872 0.513949 0.25318 0 
0 0 0.802406 0 0.197594 
0 0 1 0 0 
0.630262 0 0.136775 0 0.232963 
0 0.761352 0 0.238648 0 
0 0 0 1 0 
0.228518 0.281027 0.270755 0 0.2197 
0.193568 0 0 0.382051 0.424381 
0.320414 0 0.284676 0 0.39491 
0 0 0.534479 0 0.465521 
0.292495 0.264199 0.304001 0 0.139304 
1 0 0 0 0 
0.64777 0 0.35223 0 0 
0 0.274004 0.216912 0 0.509083 
0 0.358747 0 0.121382 0.519872 
0.222255 0.0832829 0 0.694462 0 
0 0 0.560201 0.439799 0 
0.371642 0 0 0.544586 0.0837716 
0.136729 0.328826 0 0.144282 0.390162 
0 0 1 0 0 
0.52659 0 0 0 0.47341 
0 0 0 0.607594 0.392406 
0 0 1 0 0 
0.18651 0 0.568869 0.244621 0 
0 0 0 1 0 
0 0.52491 0.47509 0 0 
0 0.225334 0.325776 0.44889 0 
0.591807 0.408193 0 0 0 
0.438344 0 0 0.561656 0 
0.229052 0.172189 0.0822226 0 0.516536 
0.243564 0.310447 0.267086 0.178903 0 
0.239143 0 0 0.379978 0.380879 
0.527722 0.472277 0 0 0 
0.457826 0.302183 0.239991 0 0 
0 0.137454 0.434773 0 0.427773 
0 0.487431 0 0.512569 0 
0.216626 0.209 0 0 0.574374 
0.197485 0.370557 0.315544 0 0.116414 
0 0 0 0.31324 0.68676 
0 0.260768 0.48368 0 0.255552 
0.595727 0 0.404273 0 0 
0.403961 0 0 0.203312 0.392727 
0.352715 0 0.647285 0 0 
0.592497 0 0.112229 0.295274 0 
0.412124 0 0 0.587876 0 
0 0 0.232873 0 0.767127 
0 0.523442 0.476558 0 0 
