5 100
0.735733
0.708495
0.59695
0.533624
0.600841
11.0964 0.225026
9.90011 0.735144
9.5399 0.251806
9.41975 0.184197
8.95118 0.471393
8.86164 0.301436
8.82672 0.303601
8.8038 0.764289
8.20549 1.08978
8.14269 1.10585
8.14036 1.92186
8.07454 0.76656
7.97414 0.232845
7.94222 2.25934
7.9164 1.03066
7.83235 0.992742
7.55077 1.88391
7.39644 0.660889
7.27223 2.11583
6.79988 0.467764
6.76975 1.40893
6.65275 1.18939
6.25365 2.04844
5.82986 3.24403
5.59173 1.48952
5.3972 4.13488
5.13146 3.05678
5.04776 2.94438
4.99689 2.44148
4.83888 2.29637
4.72154 4.08453
4.54727 3.96964
4.41975 2.95828
4.3137 2.63557
4.2795 3.82679
4.24918 2.86045
4.12891 3.69953
4.07485 2.54176
3.91678 3.69398
3.91324 4.2149
3.6741 3.31713
3.63534 4.97546
3.56187 3.44749
3.37834 4.64067
3.37103 4.22209
3.1885 5.127
2.93717 3.40558
2.91303 4.3164
2.84981 5.3177
2.8118 6.08334
2.65406 5.10694
2.60483 3.95191
2.54564 5.91683
2.34212 5.12364
2.31194 4.52069
2.25744 5.8156
2.16121 4.76193
2.04418 5.36051
1.99686 4.72752
1.8995 5.34466
1.8207 7.51075
1.54975 5.85169
1.54668 6.98658
1.4448 7.4219
1.26204 7.22833
1.2546 5.71737
1.18879 6.79261
1.01455 5.49893
0.976457 5.22118
0.926415 5.94201
0.886132 5.2097
0.795473 7.75786
0.686536 7.69347
0.612699 5.89097
0.507462 7.32934
0.453278 6.71588
0.443726 6.50249
0.402116 7.45235
0.340907 9.29237
0.315877 9.67548
0.315647 8.52415
0.310281 7.7216
0.292696 8.33228
0.260419 8.9199
0.238559 6.95068
0.2324 7.23352
0.180355 6.97014
0.145445 10.0993
0.143653 6.80035
0.11673 8.46633
0.103853 10.2724
0.0976614 10.671
0.0952451 8.00632
0.0463231 10.9462
0.0328043 7.77218
0.0196176 8.23123
0.018561 9.46011
0.0100965 12.0543
0.00410181 11.2839
0.00104711 7.48294
0.798129 0 0 0.201871 0 
0 0 1 0 0 
0.175493 0 0 0.824507 0 
0 1 0 0 0 
0 1 0 0 0 
0 0 1 0 0 
0 0.49001 0 0 0.50999 
0 1 0 0 0 
0 0.229408 0 0 0.770592 
0 0 0 0 1 
0.516951 0.483049 0 0 0 
0 0.362791 0 0.637209 0 
0.26366 0 0 0.73634 0 
0 1 0 0 0 
0 1 0 0 0 
0 0 0 1 0 
0 1 0 0 0 
0 0 0 1 0 
0.207048 0 0.360048 0.432904 0 
0 0.518437 0 0 0.481563 
0 0 0.54699 0 0.45301 
0 1 0 0 0 
0 0 0 0 1 
0 0.418015 0 0 0.581985 
0 0 0.4339 0.5661 0 
0 0 1 0 0 
0 0 0 1 0 
0 0 0 1 0 
0 0 0 1 0 
0.580359 0 0 0 0.419641 
1 0 0 0 0 
0 0 1 0 0 
0.30161 0 0.515549 0 0.182841 
0.691529 0.188652 0 0 0.119819 
0 0 1 0 0 
0 0.127755 0 0 0.872245 
0 0.351266 0.648735 0 0 
0.218226 0 0.45145 0 0.330324 
0.617172 0.382828 0 0 0 
0 0 0 0 1 
0 0.43535 0 0 0.56465 
1 0 0 0 0 
1 0 0 0 0 
0 0.356566 0 0 0.643434 
0 0.52621 0 0.47379 0 
0.52873 0.28125 0.19002 0 0 
0.67678 0 0 0 0.32322 
0 0 0 0 1 
1 0 0 0 0 
0 0 0 1 0 
0 0 0 0 1 
0 1 0 0 0 
0 1 0 0 0 
0 0 1 0 0 
0.530268 0 0 0 0.469732 
0 0 0 0 1 
0 0 0 1 0 
0.227319 0.772681 0 0 0 
0 1 0 0 0 
0 0 0.427137 0 0.572863 
0 0 0 0 1 
0 0 0 0 1 
0 0.361884 0.638116 0 0 
0 0 0 1 0 
1 0 0 0 0 
0 0 0.473689 0.526311 0 
0 0 0 1 0 
0 0 1 0 0 
0 0 0.810978 0.189022 0 
0 0 0.203978 0 0.796022 
0 0 0 0 1 
0 0.62398 0 0.37602 0 
0 1 0 0 0 
0 0 0 0 1 
0.666285 0.333715 0 0 0 
1 0 0 0 0 
0 0 0 0.108975 0.891025 
0 0 0.240525 0.759475 0 
0.680767 0 0 0 0.319233 
0 0 1 0 0 
0 0.359509 0 0.309394 0.331097 
0 0.239905 0 0 0.760095 
0 0 0 1 0 
1 0 0 0 0 
0 0 0 1 0 
0 0 0 0 1 
0 1 0 0 0 
1 0 0 0 0 
0 0 0 0.567313 0.432687 
0 0 0 0.806921 0.193079 
0 0 0 1 0 
0 0 0 1 0 
0.610728 0 0 0.389272 0 
0 0 1 0 0 
0 0.46829 0 0 0.53171 
0.660471 0.339529 0 0 0 
1 0 0 0 0 
0.277125 0 0 0 0.722875 
0 0 1 0 0 
0 1 0 0 0 
