5 150
0.52163
0.540613
0.447119
0.695433
0.722442
10.4547 0.431949
9.81738 0.137381
9.78784 0.516672
9.78258 0.937394
9.75587 0.163276
9.50789 0.99321
9.50294 1.05792
9.40242 1.36138
9.26591 0.806501
9.15922 0.562277
9.08826 0.84441
8.83303 1.63077
8.79793 1.36269
8.4406 0.392194
8.2301 1.77527
8.08907 1.72114
8.01209 0.820956
7.82052 2.01079
7.78008 1.05416
7.69897 0.981128
7.63632 2.16774
7.49367 1.62667
7.45073 1.0923
6.80665 1.67172
6.79049 2.11437
6.73396 1.34904
6.63942 1.99984
6.30929 1.1103
6.18673 2.28059
6.06651 2.85061
5.97915 2.07169
5.95703 3.64546
5.87479 1.77067
5.85481 1.1358
5.55356 1.59503
5.48513 3.0342
5.07468 2.44303
4.79465 3.24289
4.7586 3.40199
4.43812 2.89338
4.20572 4.5437
4.11494 3.87984
4.10872 3.91037
3.94703 4.2888
3.91047 3.82666
3.8736 4.50454
3.86987 3.6955
3.85052 3.77998
3.83749 3.22645
3.69141 3.07396
3.50638 4.39511
3.47162 3.92698
3.46274 4.07784
3.436 4.34356
3.30974 5.76215
3.29122 4.98552
3.28049 2.84978
3.26837 4.71985
3.26606 4.63378
3.25724 4.89282
3.12074 4.38183
3.11569 4.29944
3.08597 4.67383
3.01992 3.68438
3.01416 4.60958
2.9979 4.56403
2.88336 5.7009
2.83116 5.22922
2.77581 4.30984
2.68643 6.26071
2.67673 4.95144
2.57895 4.77036
2.54775 6.32627
2.53392 4.90958
2.46214 4.02927
2.37668 4.42176
2.37476 3.67506
2.3606 3.61566
2.34943 5.90613
2.26523 5.75147
2.26332 6.24889
2.26285 5.1663
2.21059 4.77316
2.20388 4.1176
2.12625 4.31549
2.0022 4.7397
1.986 4.82531
1.9371 6.46903
1.78923 6.30351
1.66581 6.97078
1.55919 4.60081
1.54416 5.61791
1.54389 5.02128
1.45674 7.2643
1.41654 6.77778
1.37637 5.15488
1.32041 6.53886
1.26472 6.68637
1.25627 6.58706
1.19536 6.54868
1.09312 6.16111
1.00312 5.50741
0.933847 5.42
0.917466 6.33429
0.799368 8.19204
0.79454 7.95616
0.748069 6.87017
0.743678 8.4157
0.735113 5.90394
0.638142 6.76294
0.630861 8.81594
0.624592 8.24194
0.615862 9.49785
0.605117 5.9099
0.576395 7.31334
0.559761 5.49641
0.54884 6.61442
0.5049 6.05127
0.489213 5.99988
0.485378 7.47281
0.47745 5.97484
0.449487 8.13266
0.408 9.6178
0.375629 6.13505
0.312207 7.49814
0.288634 6.84539
0.264487 7.21631
0.234571 10.0412
0.207365 10.157
0.206014 9.46509
0.186501 7.61629
0.177106 6.983
0.153785 9.11533
0.13901 9.86067
0.137982 9.26071
0.121811 7.75079
0.120454 8.73244
0.100688 7.21615
0.0913886 10.2115
0.0890275 9.7315
0.0836269 10.7878
0.0817679 8.47443
0.0701183 8.00836
0.0552645 8.92426
0.0493065 10.4387
0.0301609 9.94211
0.0296439 7.51911
0.0163785 9.00389
0.0116394 7.96231
0.00245466 9.12355
0 1 0 0 0 
0 1 0 0 0 
0.386078 0 0 0.297881 0.316041 
0 0 0 0 1 
0.348913 0 0.494646 0.156441 0 
0 0 0 0 1 
0 0.230842 0.166244 0.087357 0.515557 
0 0.363735 0 0.636265 0 
0.466892 0.332956 0.200152 0 0 
0 0 1 0 0 
0.503009 0.192949 0 0.304042 0 
0.137426 0.149459 0.310674 0 0.402441 
0.36493 0.232423 0 0 0.402646 
0.154427 0.339263 0 0.379608 0.126702 
0.102641 0.465119 0.282571 0.149669 0 
1 0 0 0 0 
0.384202 0.469261 0.146537 0 0 
0.366896 0.340777 0.106444 0 0.185883 
0 0 1 0 0 
0.511437 0 0 0 0.488563 
0.69423 0 0 0 0.30577 
0.317485 0 0.597085 0 0.0854303 
0 1 0 0 0 
0.273808 0.232756 0.116384 0.377051 0 
0 0.209163 0 0.511793 0.279044 
0 0 0 0 1 
0.0777586 0 0.415314 0.506928 0 
0 0.45277 0.238151 0 0.309079 
0.463276 0.456987 0.0797372 0 0 
1 0 0 0 0 
0 0 0.564692 0.435308 0 
0.142791 0 0.502881 0.354328 0 
0 0.24532 0.215229 0.539451 0 
0 0 1 0 0 
0.643002 0.219979 0 0.137019 0 
0.673513 0.326487 0 0 0 
0.166735 0 0 0 0.833265 
0.28119 0.359912 0 0 0.358897 
0 0.764469 0 0.235531 0 
0 0 0 1 0 
0 1 0 0 0 
0.479921 0.279028 0 0.241051 0 
0.253812 0.3114 0 0.128684 0.306104 
0.160236 0 0.250677 0.307947 0.281139 
0 0.20454 0.328433 0.467027 0 
0 0.44477 0 0.55523 0 
0 0.103507 0.303109 0.593385 0 
0.628375 0 0.08936 0.282265 0 
0 0 0 0.544178 0.455822 
0.175845 0.548344 0 0.275811 0 
0.253407 0.382989 0 0 0.363604 
0.458937 0.477792 0 0.0632718 0 
0 0.345167 0.170323 0 0.48451 
0 0 0 1 0 
0 0 0.464385 0.535615 0 
0.313548 0.24059 0.0839923 0.361869 0 
0.285649 0.714351 0 0 0 
1 0 0 0 0 
0.41235 0 0 0 0.58765 
0 1 0 0 0 
0.171732 0.463081 0 0 0.365186 
0.678961 0 0 0 0.321039 
0 0 0.816493 0 0.183507 
0 0.241693 0.502242 0.256064 0 
0 0.315763 0 0.171954 0.512283 
1 0 0 0 0 
0.446619 0 0.462241 0 0.0911404 
0 0.33939 0.319584 0 0.341026 
0.575483 0 0 0 0.424517 
0 0 0.468894 0.414627 0.116479 
0 0 0.237706 0.513436 0.248858 
0.491441 0 0 0.508559 0 
0.349733 0 0.246356 0.403911 0 
0 0 0.275538 0.724462 0 
0.194767 0 0.663283 0.141949 0 
0 0 0.684421 0.315579 0 
0 0.247248 0 0.182122 0.570631 
0 0 0.34496 0.414475 0.240565 
0 0.470101 0 0.40708 0.122819 
0 0.211922 0.235854 0 0.552224 
0.350969 0.246592 0 0.0934966 0.308942 
0.475558 0.261605 0.131238 0.131599 0 
0 0 0.591931 0 0.408069 
0 0 0 0 1 
0.42098 0 0.401352 0 0.177668 
0 0 0.787809 0.212191 0 
0.306229 0 0.32823 0 0.36554 
0.452046 0 0.441887 0 0.106067 
0 0 0.578678 0.421322 0 
0.549515 0.134891 0 0.315593 0 
0.313332 0.250689 0.187672 0.248307 0 
0.416204 0 0.583796 0 0 
0.865109 0 0 0 0.134891 
0 0.109362 0.460072 0.430566 0 
0 0.252499 0.295565 0.356653 0.095283 
0 0 0.290367 0.709633 0 
0.129731 0 0.424923 0 0.445347 
0 0.329092 0 0 0.670908 
0 0 0.566611 0.433389 0 
0 0.668236 0 0 0.331764 
0.212109 0.409426 0.204249 0.174215 0 
0.382659 0.340024 0 0.180879 0.096438 
0 0.580526 0.336302 0.0831718 0 
0.742586 0 0 0.257414 0 
0.533071 0.0975754 0.369353 0 0 
0.243373 0.756627 0 0 0 
0 0 0 0 1 
0 0 0 0 1 
0.459628 0 0.264674 0.275698 0 
0.53266 0 0.314089 0 0.153251 
0 1 0 0 0 
0 0.232418 0.767582 0 0 
0.316606 0.233663 0.34584 0.103891 0 
0.184405 0 0 0.815595 0 
0 0 0 0 1 
0 0 0.547564 0.452436 0 
0.292216 0.411744 0 0.29604 0 
0 0.819947 0 0.180053 0 
0 0.139597 0.33635 0.19258 0.331473 
0.161996 0.341949 0.145962 0.350092 0 
0 0 0 0 1 
0 0 0.47305 0.448842 0.0781073 
0.114387 0.35228 0.21215 0.321184 0 
0 0 0.708416 0.291584 0 
0 0.251836 0.265135 0.138018 0.345011 
0 0.40125 0 0.59875 0 
0.787635 0.212365 0 0 0 
0.108103 0.349383 0 0 0.542514 
0.158811 0.345727 0 0 0.495462 
0.305721 0 0 0 0.694279 
0 0 0.298919 0.701081 0 
0 0 0.610408 0.389592 0 
0.25792 0 0 0 0.74208 
0.586372 0.334598 0 0 0.0790303 
0.54819 0.109081 0 0.34273 0 
0 0 0 0.204083 0.795918 
0.530797 0.408914 0 0.0602891 0 
0 0.526804 0.150197 0 0.322999 
0 0 0 1 0 
0 0 0.408626 0.198155 0.393219 
0 1 0 0 0 
0 0 0 0.134311 0.865689 
0.163824 0.276792 0 0.260807 0.298576 
0 0 0.602086 0.397914 0 
0 0 0.191875 0.418967 0.389157 
0.807175 0 0.192825 0 0 
0 0.233317 0.305914 0.46077 0 
0.637378 0 0 0 0.362622 
0.252748 0.525473 0.221779 0 0 
0 0 0 0.608875 0.391125 
