5 150
0.622555
0.379673
0.641263
0.568918
0.464896
10.8446 0.485468
10.7218 0.405542
10.4551 0.536065
9.25505 1.33258
9.14881 1.30507
8.66482 1.04488
8.66062 0.175043
8.5814 0.666329
8.24976 0.504185
8.23595 0.652118
8.08269 1.18215
7.91124 0.7851
7.86985 1.19425
7.77855 0.220337
7.75659 1.33226
7.75061 1.5086
7.73224 1.72481
7.63007 1.8759
7.62486 1.41589
7.61861 0.881864
7.53983 0.932178
7.50432 0.249447
7.28583 1.97474
7.25074 1.76006
6.90168 0.65918
6.85068 0.773784
6.4051 1.62246
6.38693 1.03144
6.30775 1.95357
6.23735 2.54668
6.14631 0.847595
5.72533 3.39592
5.71909 1.81384
5.56638 2.37861
5.55678 2.86063
5.37714 2.52667
5.34686 2.3545
5.33177 3.10469
5.2471 4.10163
5.23196 2.18873
5.08252 2.5855
5.0378 3.43062
5.02111 2.8266
4.98131 1.94818
4.94796 3.75016
4.70823 2.19424
4.5572 2.43825
4.48755 3.89495
4.47109 3.37103
4.36717 3.51436
4.31541 3.3403
4.30531 4.00097
4.29825 3.24128
4.00973 2.72894
3.98118 2.71449
3.96119 2.58901
3.86453 3.38571
3.7688 3.31301
3.74594 3.6682
3.74304 3.33852
3.62587 3.6913
3.6099 4.41975
3.59097 2.49813
3.48717 4.69755
3.46983 2.92085
3.46435 5.01535
3.45436 3.10725
3.24408 2.90564
3.14915 4.00514
3.10332 4.31241
3.08052 4.51165
3.05144 3.35622
2.91819 4.00272
2.902 5.02975
2.86198 5.08206
2.85664 5.44402
2.83218 3.9026
2.70609 4.89127
2.63034 3.90395
2.51737 4.02619
2.3811 5.28124
2.32418 4.36212
2.29456 6.06889
2.27569 5.81977
2.26454 5.75064
2.2316 4.91865
2.19558 4.53202
2.14405 5.36156
2.14344 4.27118
2.11561 4.99931
2.11438 5.30629
2.04539 4.19938
2.0037 6.46843
1.90391 4.21449
1.85355 6.88377
1.68841 6.72505
1.48152 5.23241
1.44435 5.30301
1.40597 7.30275
1.32899 7.23761
1.21444 6.68288
1.20947 5.68043
1.20588 7.74575
1.19842 4.87493
1.02956 7.79575
1.02525 5.98251
1.0228 6.80323
1.01391 6.73458
0.946229 8.80087
0.922157 7.0589
0.918172 7.20395
0.851121 7.95849
0.786808 5.68348
0.727431 8.74063
0.724304 8.26389
0.723211 8.23283
0.648705 9.43834
0.547187 6.02009
0.524444 7.54104
0.48172 9.28815
0.465543 6.17518
0.346182 10.0065
0.345745 7.03913
0.343672 6.31712
0.321733 9.70932
0.296252 8.469
0.293646 9.18715
0.293504 6.5798
0.279994 10.1834
0.250243 7.64924
0.230358 7.4326
0.225853 8.72086
0.179967 8.15101
0.172203 6.78468
0.105883 9.25498
0.0888133 9.40492
0.0836157 8.19205
0.0833225 7.2688
0.0669148 10.8536
0.0650619 10.169
0.0371622 11.0324
0.0357067 7.68215
0.0316794 10.0219
0.0238722 11.2943
0.0167973 11.8277
0.0167104 8.35321
0.00919319 8.48953
0.00820398 11.2321
0.00504931 9.10705
0.00329209 8.74341
0 0 0.310011 0 0.689989 
0 0 0 0 1 
0.399991 0 0 0.600009 0 
0 0.620836 0.379164 0 0 
0 0.468833 0 0.531167 0 
0.52587 0 0 0.147506 0.326624 
0 0 0.702316 0.297684 0 
0 0 0.507902 0.492098 0 
0.596568 0 0 0 0.403432 
0.73899 0.26101 0 0 0 
0.568827 0 0 0 0.431173 
0 0 0.346442 0.653558 0 
0.690311 0 0.206794 0 0.102895 
0.56994 0.087745 0.342315 0 0 
0.434565 0 0 0.565435 0 
0.734569 0 0 0 0.265431 
0 0 0.66032 0.33968 0 
0 0.139257 0.477855 0.0727927 0.310096 
0 0.411201 0 0.394215 0.194584 
0 0 0.18516 0.81484 0 
0.284333 0.385807 0 0.32986 0 
0.182312 0.63535 0 0 0.182337 
0 0 0.276166 0 0.723833 
0 0 0.682191 0.317809 0 
0.570977 0 0 0.211217 0.217806 
0.39737 0.292746 0 0.256987 0.0528968 
0.21989 0 0 0.458253 0.321857 
0 0 0 1 0 
0 1 0 0 0 
0.552741 0 0.285574 0.0806941 0.0809906 
0.0943354 0.348726 0.246632 0.310307 0 
0.388389 0.462662 0 0.148949 0 
0 0 0 0 1 
0.309098 0.358697 0.268452 0.0637527 0 
0 0 0.77909 0.22091 0 
0 0 0 1 0 
0.323916 0 0 0.255346 0.420738 
0.329023 0 0.170604 0 0.500373 
0 0 0.444616 0.469173 0.0862115 
0 0.193993 0 0.470219 0.335788 
0.348053 0 0 0 0.651946 
0 0 0.260434 0.267074 0.472492 
0.556937 0 0 0.443063 0 
0 0.375169 0 0.624831 0 
0 1 0 0 0 
0.223133 0 0.396705 0.380163 0 
0 0.67241 0 0.32759 0 
0 0.503122 0.496878 0 0 
0 0.11404 0.727235 0.158725 0 
0.459894 0 0.133063 0 0.407043 
0 0 0.423964 0 0.576036 
0 0.362342 0.102024 0 0.535634 
0.608255 0 0.391745 0 0 
0 0.423673 0 0 0.576327 
0 0 0.386191 0.394355 0.219454 
0.356446 0 0.257776 0.304558 0.0812208 
0 0 0 0.539243 0.460757 
0.0908545 0 0.402986 0.50616 0 
0.13804 0.24515 0 0.479794 0.137015 
0.299806 0.447327 0 0.252867 0 
0.182163 0.204396 0.371625 0.241816 0 
0.444161 0.292836 0.263003 0 0 
0.324515 0.249887 0.306282 0 0.119315 
0 1 0 0 0 
0 1 0 0 0 
0 0.492719 0 0.0929772 0.414304 
0 0.553415 0.140223 0.184276 0.122086 
0.267732 0.279243 0 0.335948 0.117077 
1 0 0 0 0 
0 0 0.888699 0 0.111301 
0.149776 0.301629 0 0.359504 0.189091 
0.387649 0.425496 0 0 0.186855 
0 0 0 0 1 
0 0 0.187327 0 0.812673 
0 0 0 0.377833 0.622168 
0.357719 0.315527 0.326754 0 0 
0 0.297526 0.450282 0.077558 0.174634 
0 0.235265 0.764735 0 0 
0 0.714707 0.285293 0 0 
0.213688 0 0.369892 0.41642 0 
0 0 0.574219 0.206838 0.218943 
0 0.197946 0.306567 0.33432 0.161167 
0.283905 0 0.564548 0.151547 0 
0 0 0 0 1 
0.250363 0.40533 0 0.344307 0 
0 0 0.479129 0.520871 0 
0 0 0.0883003 0.596119 0.31558 
0 0.585759 0.414241 0 0 
0 0 0 0.270914 0.729086 
0.622189 0.171702 0 0.206109 0 
0.211692 0 0.512881 0 0.275427 
0 0.180576 0.434002 0 0.385422 
0.834653 0.165346 0 0 0 
0 0.399797 0.41378 0 0.186423 
0.155787 0.157957 0.39017 0.296086 0 
0.343285 0 0.366156 0 0.290559 
0.288795 0.244818 0 0.303641 0.162746 
0 0 0 0.666867 0.333133 
0 0.390436 0 0.609564 0 
0.47195 0 0.223351 0 0.304698 
0 1 0 0 0 
0.209536 0.314877 0.346679 0.128907 0 
0.224829 0 0 0.775171 0 
0.102007 0 0.169245 0 0.728748 
0 0 0.31967 0.68033 0 
0 0 0.406906 0 0.593094 
0 0 1 0 0 
0.39787 0 0.345651 0.256479 0 
0 0.518331 0.481669 0 0 
0 0.194299 0 0.276614 0.529087 
0.579031 0 0.176427 0 0.244542 
0 0.44037 0 0 0.55963 
0.379621 0.620379 0 0 0 
0.371885 0.214474 0.35057 0 0.0630711 
0 0.475878 0.154911 0 0.369211 
0 0.380067 0 0.619933 0 
0 0 0.640758 0 0.359242 
0.798247 0 0 0.201753 0 
0 0 0 1 0 
0 0 0.443023 0.341199 0.215778 
0 0.754228 0 0 0.245772 
0 0.273661 0 0 0.726339 
0 0 0.337577 0.0908522 0.571571 
0 0 0.74671 0 0.25329 
0.145038 0 0.482164 0.372798 0 
0 0 0 0 1 
0 1 0 0 0 
0 0 0.694955 0 0.305045 
0.213337 0 0.786663 0 0 
0 0 0.634015 0.365985 0 
0.28296 0 0.201888 0.22546 0.289691 
0.346333 0 0.118256 0.126476 0.408935 
0 0 0.56195 0.43805 0 
0.242078 0.184932 0 0.371209 0.201781 
0.538472 0.267362 0 0 0.194166 
0.77451 0 0 0 0.22549 
0.283116 0.320871 0 0.103037 0.292976 
0.390172 0 0 0.468713 0.141115 
0 0.2428 0.155878 0.285122 0.316201 
0 0 0 1 0 
0.533793 0.466207 0 0 0 
0 0.207073 0.363208 0.429719 0 
0.515109 0 0 0.484891 0 
0 0 0.657907 0 0.342093 
0 0 0.334296 0.665704 0 
0 1 0 0 0 
0 0.489416 0.510584 0 0 
0 0 0 0.587596 0.412403 
0 0 1 0 0 
0.345803 0 0.255719 0 0.398478 
