5 100
0.258301
0.456488
0.748779
0.611614
0.353626
11.5273 0.158647
11.2062 0.302807
11.1921 0.558311
11.079 0.687288
10.1632 1.16948
10.1022 0.537478
9.86627 0.611038
9.16137 1.18135
8.69707 0.348668
8.50673 1.03415
8.49248 0.778476
8.28961 0.37576
7.96339 2.12837
7.7455 1.45999
7.39082 0.756943
7.29477 2.34855
7.17644 0.772183
7.09228 0.99213
7.03996 2.42882
6.23487 2.64271
6.13345 3.4758
6.12422 1.30938
5.90875 2.01706
5.89014 1.38728
5.87309 2.75591
5.82076 1.91213
5.31054 2.10046
4.88932 2.7765
4.87622 3.52529
4.78426 2.28641
4.65735 2.25896
4.54269 3.99156
4.32075 3.14924
4.14137 3.47956
4.08404 4.63419
4.07552 3.12786
4.01405 3.36908
3.8848 2.68361
3.83581 4.80304
3.74478 3.55621
3.68508 4.45697
3.62597 5.25119
3.47197 3.61569
3.28063 3.58791
3.21416 4.31625
3.1575 4.58404
3.12039 3.53918
3.0032 4.90419
2.86541 5.27322
2.79329 4.08938
2.62576 4.19992
2.61218 6.12233
2.59154 5.4102
2.52635 5.21865
2.23711 6.17723
2.19158 5.36941
2.11563 6.16318
2.11205 6.98763
2.05036 5.51794
2.00833 4.17944
1.96259 5.13298
1.7561 5.40331
1.74878 4.76849
1.62562 6.34004
1.50464 5.06055
1.44067 6.66038
1.38734 7.14113
1.25774 5.53072
1.22825 5.28389
1.14339 6.85068
1.0658 7.18855
0.944098 7.39509
0.872409 6.91881
0.864486 6.54015
0.833728 6.04154
0.802367 8.33955
0.705531 8.4429
0.674586 7.77255
0.587224 7.23621
0.495267 8.6992
0.488813 8.15484
0.424803 6.34628
0.407488 7.18359
0.384241 8.40013
0.310959 7.7692
0.250653 9.17722
0.218534 7.92992
0.206639 8.14004
0.204749 10.4278
0.151162 8.99298
0.114955 7.94768
0.0653847 9.67902
0.0543244 10.7919
0.0500209 7.95414
0.0185233 11.4297
0.0170717 8.20501
0.0166074 10.0948
0.0148646 11.6399
0.00917468 9.46584
0.00202205 9.59145
0.158743 0.136055 0.374895 0.330306 0 
0.221484 0.133442 0.19297 0.141502 0.310601 
0 0.578791 0 0 0.421209 
0.261842 0.303955 0.332871 0 0.101332 
0 0 0.402102 0.392366 0.205532 
0.222896 0.340697 0 0 0.436407 
0 0.362417 0 0.392334 0.245248 
0.555573 0 0 0.188986 0.25544 
0 0 0 1 0 
0 0.23964 0.113535 0.646824 0 
0.231468 0 0.465082 0.122329 0.181121 
0 0 0.501487 0.301308 0.197205 
0.36975 0 0.297886 0.332364 0 
0.251957 0.0858581 0.362639 0.164105 0.135441 
0.444212 0.0990805 0.456708 0 0 
0.372196 0 0.121517 0.23658 0.269707 
0.52986 0 0.376799 0 0.0933406 
0.266614 0 0.169724 0.419331 0.144331 
0 0 0.52351 0.47649 0 
0.377744 0 0.342909 0 0.279347 
0.328619 0.349049 0 0.322333 0 
0 0.140634 0.606327 0 0.253039 
0.278876 0 0.276638 0.103185 0.341301 
0 1 0 0 0 
0.539264 0 0.460736 0 0 
0 0 0.540333 0.459667 0 
0 0.352078 0.363141 0.0944578 0.190323 
0.315131 0.0431887 0.305884 0.246501 0.0892949 
0.259442 0.484538 0.25602 0 0 
0 0.506405 0.493595 0 0 
0.388775 0.458436 0 0 0.152788 
0 0 0.228196 0 0.771804 
0.667772 0 0 0.332228 0 
0 0 0.719625 0.280375 0 
0.355949 0.118689 0 0.0581425 0.46722 
0 0.378632 0 0.180526 0.440842 
0 0.416018 0 0 0.583982 
0 0 0 0 1 
0.120299 0.444879 0.110083 0 0.324739 
0.393031 0.46702 0 0.139949 0 
0 0.795765 0 0.204235 0 
1 0 0 0 0 
0.121297 0 0.398417 0.345678 0.134608 
0.340476 0.220642 0 0 0.438882 
0 0.472126 0 0 0.527874 
0.133172 0.359838 0.50699 0 0 
0 0.487415 0.203108 0 0.309478 
0 0 0.154372 0.369201 0.476427 
0.261223 0 0 0.212241 0.526536 
0.380185 0.229141 0 0.390673 0 
0.283946 0 0 0.406441 0.309613 
0.521452 0 0.478548 0 0 
0 0.201788 0 0.288921 0.509291 
0.143182 0.299206 0.288049 0 0.269563 
0.86279 0.13721 0 0 0 
0.234664 0.470519 0.0498555 0.244961 0 
0 0 0 0.44254 0.55746 
0.375481 0 0.527296 0.0972228 0 
0.218506 0 0.29016 0.408554 0.0827799 
0.545717 0 0 0.0818615 0.372421 
0.225141 0 0.309172 0.325552 0.140135 
0 0.335543 0.519909 0.144548 0 
0 0.371627 0.183135 0 0.445238 
0 0.376418 0.168859 0.454723 0 
0.27649 0.47453 0 0.24898 0 
0 0.591458 0.257891 0 0.150651 
0.356289 0 0.469989 0.173721 0 
0 0 0.284433 0.715567 0 
0.213481 0 0.354946 0.366929 0.0646441 
0.230715 0 0.418393 0.350892 0 
0.305849 0 0.0992966 0.0928955 0.501959 
0 0 0.177003 0.250361 0.572636 
0.195787 0 0.43737 0 0.366843 
0.269893 0.11709 0.44375 0.0874318 0.0818359 
0.548245 0.0731801 0.378575 0 0 
0 0 0 1 0 
0.21193 0.383204 0 0 0.404866 
0.301383 0.111239 0.24835 0 0.339027 
0 0 0.397801 0.211797 0.390401 
0.564306 0 0 0 0.435694 
0.235278 0.133308 0.287748 0.343667 0 
0.236035 0.199249 0.293237 0.271479 0 
0.360518 0.430038 0.0772348 0 0.13221 
0 0.715964 0 0.284036 0 
0.770498 0 0.229502 0 0 
1 0 0 0 0 
0.0849042 0 0.236351 0.278681 0.400064 
0 0 0.805661 0 0.194339 
0.10255 0.373291 0 0.524159 0 
0.395835 0 0.240034 0 0.364131 
0.212846 0.31779 0 0.237237 0.232127 
0 0 1 0 0 
0 0.187902 0.701086 0 0.111012 
0 0.110672 0.350449 0.387931 0.150948 
0 0 0 0.534797 0.465203 
0 0.210999 0.789001 0 0 
0.228744 0.167667 0 0.286207 0.317382 
0.216007 0.216633 0.327019 0.0636898 0.176652 
0 0.32671 0.30734 0.248291 0.117658 
0.529079 0.0731116 0 0.397809 0 
