5 200
0.497002
0.331256
0.312059
0.728332
0.725539
11.2863 0.177279
10.9064 0.16517
10.7894 0.37417
10.7 0.513417
10.0026 0.847162
9.69028 0.224978
9.61893 1.0499
9.54432 1.29789
9.28644 0.483464
9.05057 0.171874
9.02533 0.853451
8.90964 0.731252
8.67007 1.51621
8.22672 1.68864
8.18456 0.858037
8.04648 1.81422
7.93654 1.44573
7.88587 0.384862
7.63869 0.199841
7.62516 1.58896
7.59191 1.17844
7.5838 1.06627
7.52917 1.35243
7.43513 1.46908
7.30562 0.63836
7.24846 1.30194
7.24063 1.85019
7.20853 2.04675
7.06212 1.34332
7.03587 2.34605
6.96569 1.91324
6.96046 1.77088
6.9228 1.45788
6.91868 1.31939
6.85926 2.0121
6.85636 2.61629
6.69826 1.18382
6.6908 2.11645
6.51368 2.30555
6.39715 2.43962
6.33935 2.76617
6.03474 1.4321
5.9865 1.05847
5.8852 2.61887
5.82826 2.04962
5.80823 1.48548
5.61544 1.62382
5.56547 2.21896
5.53593 2.55706
5.45071 2.42251
5.42003 2.68403
5.29681 2.98814
5.28667 3.66311
5.27086 2.55134
5.24653 3.12134
5.24087 2.64278
5.20529 2.10477
5.19755 2.20225
5.13324 2.63713
5.08216 1.98825
5.04071 3.98882
4.96543 3.088
4.91142 3.76588
4.90528 3.49427
4.87112 2.97802
4.65794 2.81852
4.59511 3.24301
4.54306 3.14793
4.42624 3.14703
4.28432 3.47754
4.21623 2.67477
4.16638 2.845
4.15292 5.08467
4.13199 3.52399
4.09132 5.06945
4.07048 4.11896
3.98748 4.33537
3.97485 4.90549
3.91262 2.78527
3.86581 3.36022
3.84377 2.67938
3.70077 5.42523
3.66853 2.5347
3.61977 4.02832
3.58403 4.54247
3.57909 3.22376
3.57383 2.74464
3.4693 4.02072
3.41701 5.31683
3.36394 5.30002
3.32566 5.20238
3.19686 4.59979
3.18854 4.40921
3.10392 3.36808
2.99313 4.54317
2.98018 4.83866
2.81429 4.79947
2.80165 4.15467
2.75214 4.72426
2.72632 5.00454
2.7132 5.49275
2.68614 5.59596
2.68511 3.82775
2.66369 3.57415
2.47946 6.12451
2.39495 4.73282
2.37279 4.68455
2.31059 5.64956
2.30121 6.38326
2.27084 5.17501
2.26007 6.61506
2.25683 4.23468
2.25407 5.61468
2.08256 5.23214
2.08204 4.0835
2.06559 6.32524
2.03081 4.73662
2.00941 5.13387
1.93751 4.82666
1.91359 5.81715
1.90177 4.43384
1.87555 5.72051
1.87042 4.91407
1.78053 4.65095
1.72794 5.63554
1.71118 7.0623
1.56481 6.73337
1.56246 7.19575
1.55591 5.4776
1.4986 4.99242
1.4871 4.89867
1.48668 7.79307
1.46024 7.24872
1.41827 7.87461
1.37604 7.4161
1.23317 7.82466
1.22235 7.89823
1.20573 7.45024
1.19379 6.47678
1.14318 7.31934
1.13167 6.57078
1.11836 8.57576
1.06013 7.62537
1.05306 8.01036
1.02568 5.47847
1.02325 6.85349
1.01748 8.35033
1.01582 6.34828
0.913934 6.92014
0.854453 5.44893
0.805808 6.09132
0.77227 7.06213
0.751057 8.36669
0.747506 7.7178
0.710876 6.4884
0.708933 6.28414
0.663677 7.64113
0.645369 8.36065
0.609692 8.33665
0.592343 8.48822
0.534369 8.40119
0.51845 9.33759
0.506144 6.30868
0.50129 7.48388
0.479598 9.18168
0.467178 9.64524
0.360255 6.57028
0.345684 9.0133
0.33889 10.0359
0.32742 8.36221
0.318606 8.84758
0.312761 6.54977
0.279421 6.91551
0.22978 8.85408
0.227553 6.5255
0.210368 7.29805
0.185483 10.6819
0.183814 9.30429
0.160377 8.86417
0.156232 9.61104
0.153502 6.64505
0.145475 10.6238
0.126437 7.83129
0.122144 10.1894
0.12187 9.33106
0.108832 9.29399
0.10631 9.20263
0.106003 8.4114
0.0990984 9.23555
0.0456777 9.2619
0.0411673 8.0007
0.0381441 10.8872
0.0340824 9.41206
0.0337393 9.3626
0.0307414 9.26066
0.0259387 8.74532
0.0198551 11.1537
0.0145434 8.09963
0.00932433 8.81449
0.00330386 8.36841
0.153263 0.302274 0.0619599 0.313963 0.16854 
0.342203 0 0 0.340928 0.316869 
0 0.219757 0.318598 0.461645 0 
0.555061 0 0.374682 0.0702571 0 
0.274071 0.195162 0 0.299367 0.2314 
0.143679 0 0.305516 0.282548 0.268258 
0.239404 0.215706 0 0.180199 0.364691 
0.296881 0.297762 0.405357 0 0 
0.0972139 0.301645 0 0 0.601141 
0.209389 0.146634 0.643978 0 0 
0 0 0 1 0 
0.181875 0.340601 0.289383 0.0605194 0.127621 
0 0 0 0.695763 0.304237 
0 0.362302 0.197826 0 0.439872 
0.507123 0.492877 0 0 0 
0 0.244133 0.0797025 0.321107 0.355057 
0.434532 0 0.33587 0.229597 0 
0.335245 0 0.664755 0 0 
0.0705035 0.290599 0 0.342464 0.296433 
0 0 1 0 0 
0 1 0 0 0 
0.286144 0.318141 0.106157 0 0.289558 
0.281453 0.245852 0.138807 0 0.333889 
0.71866 0.28134 0 0 0 
0 0.361096 0.305434 0 0.33347 
0.220476 0.226106 0.176542 0.203053 0.173821 
0.20733 0.549002 0 0 0.243668 
0.428362 0.177692 0 0.119985 0.273961 
0.677445 0 0 0.322554 0 
0.0870017 0 0.221044 0.182839 0.509115 
0.129106 0.354755 0.445452 0.070687 0 
0 0 0.680482 0 0.319518 
0.390153 0 0 0.176873 0.432974 
0.201703 0.184157 0 0.408711 0.20543 
0.257315 0.152227 0.138957 0.331745 0.119756 
0 0.772018 0 0.227982 0 
0.4093 0 0.332371 0 0.258329 
0 0 0.436907 0.299812 0.263281 
0.212802 0.182032 0.605167 0 0 
0 0.568523 0 0.133739 0.297738 
0 0 0.818972 0.181028 0 
0.217196 0.131528 0.126539 0.524736 0 
0.0938268 0.27244 0.354517 0.279216 0 
0.408492 0 0 0 0.591508 
0.243629 0.100667 0.131081 0.165415 0.359208 
0.188072 0.413648 0.39828 0 0 
0.0946151 0.40599 0.373696 0 0.125699 
0.155055 0 0.590231 0 0.254714 
0 0.616848 0 0.383152 0 
0 0.371742 0 0.18755 0.440709 
0.5027 0 0 0.129414 0.367886 
0 0 0 0.492356 0.507644 
0.440133 0.16339 0.396477 0 0 
0.183242 0.0784346 0.195521 0.542803 0 
0 0.335491 0.664509 0 0 
0.122429 0.227859 0.198197 0.203832 0.247682 
0 0 0 0.759329 0.24067 
0.834338 0 0.165662 0 0 
0.294677 0 0 0.705323 0 
0.670488 0 0 0.329512 0 
0.103116 0.317962 0.250214 0.328708 0 
0.313118 0.182817 0.164014 0.143274 0.196777 
0.251466 0.138355 0.502208 0.107971 0 
0.0985751 0.206674 0 0.33707 0.357681 
0.332234 0.50042 0 0.167346 0 
0.297654 0 0.365226 0 0.33712 
0 0 0.238634 0.761366 0 
0.175269 0.165796 0.236617 0.32235 0.0999675 
0 0 0.417986 0.582014 0 
0 0 0.475473 0 0.524527 
0.318689 0 0 0.248005 0.433305 
0.0564755 0 0.394514 0.361079 0.187931 
0.146522 0.566073 0.287405 0 0 
0.29243 0.197927 0 0.509643 0 
0.0841459 0.33868 0.255157 0.322017 0 
0.154846 0.720743 0 0 0.124412 
0 0.454867 0.408213 0.136919 0 
0 0 0.218994 0.781006 0 
0.348532 0.134259 0 0 0.517209 
0 0 0.497391 0 0.502609 
0.136148 0.238392 0.241343 0.232912 0.151205 
0 0 0.27498 0.72502 0 
0.169307 0.208542 0 0.260675 0.361476 
0.298461 0 0 0.550429 0.15111 
0.574784 0.425216 0 0 0 
0 0 1 0 0 
0 0.14615 0.342225 0.511625 0 
0 0 0 0.344804 0.655196 
0 0.341559 0.203793 0 0.454648 
0.598822 0 0 0.146099 0.255079 
0.130188 0.337049 0 0.469793 0.0629695 
1 0 0 0 0 
0.158984 0 0.330988 0.251445 0.258583 
0.353424 0.137353 0.395712 0 0.113511 
0.588961 0 0.411039 0 0 
0 0.603605 0.280539 0.115856 0 
0.720531 0 0 0.279469 0 
0.404189 0 0.117583 0.17371 0.304517 
0.481165 0.273643 0.245192 0 0 
0.604083 0 0 0 0.395917 
0.387957 0.148339 0 0 0.463704 
0 0 0 0 1 
0 0.320361 0.679639 0 0 
0 0.6208 0.3792 0 0 
0.315558 0 0.568366 0.116076 0 
0.236924 0.201154 0.377901 0 0.18402 
0.151064 0 0.38878 0.39226 0.0678959 
0 0.154485 0.622211 0.223304 0 
0 1 0 0 0 
0 0 0 0.651103 0.348897 
0 0 0 0.531222 0.468778 
0.181388 0.347005 0 0.471608 0 
0.366245 0.0431627 0.24536 0.205375 0.139858 
0 0 0.21741 0 0.78259 
0.271792 0 0.256801 0.236388 0.235019 
0.41975 0.179921 0 0.302767 0.0975615 
0 0.364724 0 0 0.635276 
0.36403 0.360897 0.067996 0.207076 0 
0.390388 0.472561 0.137051 0 0 
0 0.278227 0.360557 0.361215 0 
0 0 0.323234 0.676766 0 
0.2108 0.169612 0.114112 0.224505 0.280971 
0.197852 0.223549 0.147371 0.224686 0.206542 
0 0 0 0.245593 0.754407 
0 0 0.221375 0.578953 0.199672 
0 0 0.303786 0.269614 0.426601 
0.227307 0 0.325627 0 0.447066 
0 0.717369 0 0.185981 0.0966494 
0.63084 0 0 0 0.36916 
0.186228 0.183351 0.164295 0.156917 0.309209 
0 0 0 1 0 
0.228909 0.54784 0 0 0.223251 
0 0.235579 0.591346 0 0.173076 
0.559297 0.440703 0 0 0 
0.266059 0.319458 0.220267 0.194216 0 
0.297409 0 0 0 0.702591 
0.437531 0.281706 0.151559 0.129204 0 
0.0870765 0.286343 0 0.172349 0.454231 
0.548185 0 0.361615 0 0.0902003 
0.511092 0 0 0 0.488908 
0 0 0 0.313429 0.686571 
0.115081 0.598093 0 0.286826 0 
0 0 0.164329 0.411646 0.424025 
0.194035 0.348087 0 0.457878 0 
0.304473 0.196748 0.206471 0.292307 0 
0.0353314 0.0910211 0.322265 0.233477 0.317905 
0.314555 0.361088 0 0.324357 0 
0.267135 0.222319 0.119599 0.390947 0 
0.381183 0.618817 0 0 0 
0.32414 0.30763 0 0 0.368231 
0 0 0.436241 0.225192 0.338567 
0.319309 0.240331 0 0.44036 0 
0.761507 0.238493 0 0 0 
0.424854 0.16254 0 0.157353 0.255253 
0.477242 0 0.0648336 0.457924 0 
0 0 0.394829 0 0.605171 
0.42214 0 0 0 0.57786 
0.0828533 0.403999 0.513147 0 0 
0 0 0.699563 0 0.300437 
0 0.524091 0.475909 0 0 
0 0 0.31741 0 0.68259 
0.0894724 0.238683 0.156968 0.398767 0.11611 
0.391503 0.39467 0.0707965 0 0.14303 
0.223776 0.377174 0 0 0.39905 
0.143669 0 0.48089 0 0.375441 
0.176074 0 0 0.823926 0 
0.0892929 0 0.239446 0.180484 0.490777 
0.373399 0 0.299153 0.248988 0.0784598 
0.211092 0.298907 0 0.300187 0.189814 
0.577274 0.241833 0 0.180893 0 
0.321158 0.0991269 0 0.579715 0 
0.465558 0 0 0.0948942 0.439547 
0 0 0.283122 0.344042 0.372836 
0 0.564844 0.179965 0 0.255191 
0.357308 0.266786 0.0938633 0.282043 0 
0 0.396356 0.146697 0.121288 0.335659 
0.418881 0 0 0.436795 0.144324 
0.456837 0 0 0.173588 0.369575 
0.773103 0 0.226897 0 0 
0 0 0.239987 0.328977 0.431036 
0.445706 0 0 0.182305 0.371989 
0 0 0 0.556693 0.443307 
0.326093 0 0.301492 0 0.372415 
0.219903 0.280071 0 0.269498 0.230528 
0 0.285532 0.350998 0.278657 0.0848122 
0 0.200045 0.600813 0 0.199142 
0.217565 0.120988 0.166183 0.268084 0.227179 
0 1 0 0 0 
0.322538 0 0.115079 0.562383 0 
0 0 0 0 1 
0 1 0 0 0 
0 1 0 0 0 
0 0.290926 0 0.709074 0 
0.114028 0 0.287301 0.215064 0.383606 
0 0 0.248837 0.282651 0.468512 
0 0.725605 0 0.274395 0 
0 0 0.456164 0.543836 0 
0 0.352645 0 0.647355 0 
0.458616 0 0 0.541384 0 
0.260764 0.245557 0.130197 0.205238 0.158245 
