5 150
0.358417
0.545251
0.344256
0.402562
0.509865
10.9004 0.162968
10.6143 0.417324
10.3037 0.389458
10.2861 0.36639
10.151 0.726206
9.81458 0.140239
9.69677 0.929802
9.59818 1.26752
9.50262 0.369808
9.28135 1.15697
9.19754 1.39195
9.01892 0.713783
8.79363 1.67514
8.78425 1.6358
8.50549 1.51271
8.47114 0.252439
8.37053 1.64247
8.34191 1.26598
8.24657 1.00409
8.23958 0.841668
8.19261 2.17791
7.9469 0.298537
7.90484 0.338521
7.71936 0.128486
7.70589 1.3849
7.59339 0.90793
7.5465 0.222939
7.40427 1.97633
7.35012 1.42228
7.35002 0.475058
7.29882 1.51233
7.20186 1.82434
7.13923 0.567497
7.1289 2.2092
7.04972 0.357712
6.76355 1.38566
6.68998 1.52829
6.66144 1.28531
6.55652 0.781308
6.52002 0.938864
6.35418 1.6122
6.32479 2.11636
6.31373 1.51165
6.29943 1.0912
6.29558 3.07988
6.26349 1.37796
6.10312 2.0828
6.05979 0.919365
6.05634 2.99415
6.00731 2.27287
6.00501 1.05259
5.74948 2.50391
5.64921 3.12459
5.64914 3.27193
5.64196 2.61361
5.57908 1.56244
5.57665 1.3875
5.5731 2.73825
5.53606 1.6755
5.35737 2.97978
5.22812 2.12441
5.10655 1.53409
5.04707 4.17905
5.03275 3.94876
5.00673 2.49041
4.6708 2.96766
4.65932 3.30349
4.55761 3.05091
4.04475 3.48932
3.87916 3.68802
3.85352 3.53207
3.7393 3.2979
3.54701 5.58581
3.45902 3.40948
3.42175 3.12247
3.20942 3.38959
3.1719 4.55485
3.12116 4.77315
3.12062 5.13155
3.03743 5.40681
3.03405 5.34147
3.01994 5.85944
2.97617 4.45945
2.89185 3.82095
2.8401 4.74048
2.82974 3.44614
2.57187 4.44191
2.33459 5.46524
2.26057 4.53564
2.25576 6.55343
2.23718 4.00975
2.22552 4.61749
2.13786 5.17739
2.05043 4.35093
2.02706 6.2451
1.99926 6.09616
1.98297 4.60158
1.83647 5.68538
1.81147 5.59042
1.80433 6.25544
1.77293 4.94453
1.75814 4.14091
1.68612 5.95969
1.67196 7.2941
1.5109 5.17581
1.39435 6.3941
1.32228 6.22843
1.31845 5.93844
1.19337 7.2753
1.19229 6.15165
1.14776 6.29745
1.14072 5.54792
0.904107 7.69037
0.798067 5.60043
0.78468 8.85811
0.757194 9.12984
0.704804 7.02384
0.686751 5.88294
0.624608 7.50091
0.608377 6.42384
0.60359 6.28537
0.599026 8.81884
0.589382 6.71097
0.585373 8.32913
0.567371 9.53047
0.534823 8.05973
0.495785 6.64305
0.472053 7.08276
0.449914 6.12674
0.393133 8.32673
0.330721 7.11347
0.319113 6.51616
0.283511 7.14048
0.24184 8.23607
0.240975 10.2987
0.225159 8.07651
0.196661 7.37009
0.166166 9.91063
0.153925 7.64771
0.148814 8.07139
0.0903476 9.32303
0.0835369 10.7707
0.0806852 8.30307
0.0735451 8.63607
0.0564023 10.5586
0.0468599 11.3212
0.0271048 8.15491
0.0245711 10.646
0.0152253 10.0421
0.00258598 7.54339
0 0 0.426544 0 0.573456 
0.505293 0 0.26957 0 0.225138 
0.275118 0.0690106 0.18198 0.249203 0.224688 
0 0.220292 0.521959 0 0.257749 
0 0.173939 0.424943 0.401119 0 
0 1 0 0 0 
0.307693 0.165891 0 0.148597 0.377819 
0 0.257337 0 0.424068 0.318595 
0.176075 0.353676 0 0.47025 0 
0 0 0.57387 0.42613 0 
1 0 0 0 0 
0.203053 0.234166 0.207633 0.123643 0.231504 
0.0786009 0 0.293812 0.288993 0.338594 
0.275415 0 0.376837 0.347748 0 
0.142259 0.24273 0.221014 0 0.393997 
0.534233 0 0 0.465767 0 
0.107783 0.206584 0.161135 0.524498 0 
0 0.329569 0.371127 0.0515662 0.247738 
0.388516 0 0 0 0.611484 
0 0.582739 0 0 0.417261 
0 0.491958 0 0 0.508042 
0.144477 0.294808 0.179274 0.231673 0.149768 
0.344714 0 0.120326 0.105859 0.4291 
0 0.379677 0.406641 0.213682 0 
0 0.219046 0.204583 0 0.57637 
0.0916291 0 0 0.519957 0.388414 
0.333099 0 0.666902 0 0 
0.32214 0 0.486177 0 0.191683 
0.459592 0.0869743 0.453433 0 0 
0.27406 0.335299 0 0.26924 0.1214 
0 0 0.367603 0.217266 0.415131 
0 0.291627 0.275725 0.277147 0.155501 
0.375903 0.624097 0 0 0 
0 0.0658081 0 0.447471 0.486721 
0.173417 0.364826 0.0688467 0.131482 0.261429 
0.234567 0.220184 0.331015 0 0.214234 
0 0 0 0.751269 0.248731 
0.237229 0 0.217043 0.213517 0.332211 
0 1 0 0 0 
0.400341 0 0.599659 0 0 
0.308335 0.305965 0 0.196744 0.188957 
0 0 0.332852 0 0.667148 
0 0.242946 0.187502 0.305983 0.26357 
0.0858754 0.231553 0.307005 0.0714886 0.304078 
0 0.227035 0.601483 0.171482 0 
0.291607 0 0.39864 0 0.309753 
0 0.403489 0 0.524617 0.0718932 
0.337983 0 0.313882 0 0.348136 
0 0.351249 0.274882 0.0466984 0.327171 
1 0 0 0 0 
0 0.263181 0.292243 0.270691 0.173885 
0.416751 0 0 0.354565 0.228683 
0.223007 0.44095 0 0.106118 0.229924 
0 0 0.446919 0.111944 0.441137 
0 0 0.142154 0.410076 0.44777 
0.28101 0 0.353133 0.0921126 0.273744 
0 0.860824 0 0.139176 0 
0 0 0.534619 0.465381 0 
0 0.413668 0 0.296352 0.28998 
0 0.509047 0.237911 0.253042 0 
0.0920755 0.549399 0.101743 0 0.256783 
0 0 0 0.486983 0.513017 
0.339117 0.182091 0 0 0.478792 
0.167005 0 0 0.409556 0.423438 
0.144687 0 0.303654 0.551659 0 
0.217958 0 0 0.372398 0.409644 
0.153198 0.236717 0 0.235247 0.374838 
0.281514 0.283459 0 0.364049 0.0709785 
0 0 0.249383 0.305819 0.444798 
0.418414 0 0.134798 0.446788 0 
0 0 0.725092 0.137574 0.137333 
0 0.180338 0.169685 0.324326 0.325652 
0 0.267685 0.478916 0 0.253399 
0 0 0 1 0 
0.294539 0.379202 0.134125 0 0.192133 
0.172585 0 0.415962 0 0.411453 
0 0.271877 0.0996807 0.324742 0.3037 
0 0 0.462984 0 0.537016 
0.097705 0.0512473 0.332994 0.262764 0.25529 
0 0.163538 0.591522 0.244941 0 
0 0.361964 0.189812 0 0.448224 
0.489555 0 0 0 0.510445 
0 0 0.21523 0.520407 0.264363 
0.299761 0 0.107235 0.227599 0.365405 
0 0.553396 0 0.446604 0 
0 0 0 0.17996 0.82004 
0.40375 0.59625 0 0 0 
0.780577 0.219423 0 0 0 
0.122039 0.125752 0.227222 0.283097 0.24189 
0.359903 0 0 0.445505 0.194592 
0 0 0.348483 0.373841 0.277676 
0 0.238842 0.194715 0.166505 0.399938 
0 0.855412 0 0.144588 0 
0.453742 0 0 0.546258 0 
0.315938 0 0.277666 0.406396 0 
0 0 0 0.380588 0.619412 
0 0.423991 0.383427 0 0.192582 
0.218311 0 0 0.406653 0.375037 
0.0749543 0.170266 0.352722 0.23292 0.169137 
0.209946 0.260798 0.326197 0 0.203059 
0.319095 0.094523 0.354897 0.231485 0 
1 0 0 0 0 
0.149536 0 0.501249 0 0.349216 
0.472332 0.37825 0 0 0.149418 
0 0 0.328257 0.496562 0.17518 
0 0.590554 0.409446 0 0 
0 0.329272 0 0.30802 0.362708 
0.372205 0 0.211337 0.353536 0.0629227 
0.438351 0.444301 0 0.117349 0 
0 0.834967 0.165033 0 0 
0 0.14132 0.573178 0 0.285502 
0.749791 0 0.250209 0 0 
0 0.44339 0 0 0.55661 
0 0.255724 0.267909 0.430098 0.0462685 
0 0.568736 0 0 0.431264 
0.156465 0.150404 0.11961 0.283784 0.289737 
0.64016 0 0.35984 0 0 
0 0 0.657132 0.342868 0 
0 0.434635 0.248021 0 0.317345 
0 0.2186 0.418589 0 0.362811 
0.296471 0.381499 0 0.322029 0 
0.429226 0.0636166 0 0.507157 0 
0.559047 0.274821 0.166132 0 0 
0.20616 0 0.455803 0.0994574 0.23858 
0 0 0.133119 0.245238 0.621643 
0 0 0 0 1 
1 0 0 0 0 
0.651252 0 0 0 0.348748 
0 0 0 0.510752 0.489248 
0.160963 0.561436 0 0.277601 0 
0 0.156204 0 0.36297 0.480826 
0.35899 0.0547377 0.269239 0.317033 0 
0.066701 0.324442 0 0.0961471 0.51271 
0 0.383496 0.192582 0 0.423922 
0.47279 0 0.219038 0 0.308171 
0.281082 0.0855156 0 0.294444 0.338958 
1 0 0 0 0 
0 0.0730498 0 0.463301 0.463649 
0.0545693 0.259668 0.225993 0.305861 0.153908 
0 1 0 0 0 
0 0.214022 0.371079 0 0.414899 
0.602285 0 0.397715 0 0 
0.227291 0.267211 0.228729 0.276768 0 
0 0 0.773752 0.226248 0 
0.467256 0 0 0.532744 0 
0.432559 0.176227 0 0.169037 0.222176 
0 0.458794 0.541206 0 0 
0 0.29982 0.472432 0.227748 0 
0 0.250914 0.142293 0.332169 0.274624 
0.307503 0 0.165191 0.152492 0.374814 
