5 50
0.629192
0.398122
0.467032
0.70912
0.658658
10.0144 0.334407
9.33373 0.111256
8.77321 1.63858
7.88076 0.962963
7.43871 1.45094
6.93131 2.0679
6.27756 2.74861
6.05703 1.69787
5.60744 3.16916
5.47518 3.31855
4.98676 3.05377
4.7003 2.69927
4.68111 3.21576
4.65334 3.25219
4.37133 2.52293
4.12015 2.45419
4.08531 3.95986
3.57584 3.39748
3.01122 4.36913
2.93561 4.03638
2.91373 3.82603
2.85691 4.84625
2.62671 4.82242
2.58904 4.21937
2.3977 5.28683
2.26607 5.31014
2.22115 5.16182
2.16502 3.85462
1.8607 7.43117
1.67022 4.03281
1.64277 6.13184
1.45776 4.54314
1.04088 8.03338
0.96172 6.94429
0.762341 7.76367
0.749934 7.56257
0.731971 8.24651
0.649264 8.1048
0.601556 5.91546
0.527058 6.96698
0.507104 9.64027
0.490551 7.16743
0.306547 9.78532
0.287539 8.59199
0.254389 7.98991
0.0870692 11.362
0.0857059 11.1314
0.0380755 8.28971
0.0253345 7.32767
0.00601065 10.7228
0.114111 0 0 0.885889 0 
0.119472 0 0.324079 0.330247 0.226202 
0 0.815582 0 0.184418 0 
0.257204 0 0.742796 0 0 
0 0.678044 0.321956 0 0 
0 0.467835 0.532165 0 0 
0 0 0 0.682716 0.317284 
0 0 1 0 0 
0 0 0.205574 0 0.794425 
0.0973029 0 0.902697 0 0 
0.409724 0 0.280067 0 0.310209 
0 0 0.824678 0.175322 0 
0 0 0.28418 0 0.71582 
0 0 0.815313 0.184687 0 
0 0 0 0 1 
0 0.424389 0 0 0.575611 
0.527067 0 0 0.472933 0 
0.393628 0 0.508353 0.0980187 0 
0 0.151241 0.848759 0 0 
0 0 1 0 0 
0 0 0 1 0 
0 0.469358 0 0.384118 0.146524 
0.372751 0.0748921 0 0.3806 0.171757 
0 0 0 0 1 
0 1 0 0 0 
0 0.428205 0 0.571795 0 
0 0.556195 0 0 0.443805 
0 0.353967 0.124267 0.521766 0 
0.296431 0 0 0.188321 0.515248 
1 0 0 0 0 
0 0 0 0 1 
0 0.129347 0 0.870653 0 
0 0.208229 0.0655913 0.323359 0.40282 
0 0 0.671292 0 0.328708 
0 0 0 0 1 
0 0.433233 0 0.566767 0 
0 0.817025 0 0 0.182975 
1 0 0 0 0 
0 0.397041 0 0.345204 0.257755 
0 0.446031 0 0.553969 0 
0.312167 0 0.139877 0 0.547956 
0 0 1 0 0 
0 0.462928 0.537072 0 0 
1 0 0 0 0 
0 1 0 0 0 
0.80908 0.19092 0 0 0 
0 0.228832 0.771168 0 0 
0 0.60183 0 0.39817 0 
0.499269 0 0 0 0.500731 
0 0.409256 0 0 0.590744 
