5 150
0.582545
0.575419
0.735595
0.515114
0.616817
11.6316 0.133891
10.8536 0.423545
10.2113 1.05206
9.8331 1.11933
9.34978 0.703387
9.07703 1.0936
8.85554 0.164816
8.83719 0.934828
8.79007 0.466952
8.7498 1.04629
8.54223 1.3605
8.4092 0.454423
8.31689 1.83837
8.12868 1.16585
8.11954 0.820757
7.7734 1.16449
7.72002 0.435072
7.56403 0.211689
7.55715 1.20231
7.49375 1.39329
7.48674 1.97741
7.30106 0.620057
7.2193 0.983273
7.10795 1.0237
7.09206 1.75287
6.85502 2.17742
6.81507 1.24378
6.77846 1.90683
6.5601 1.68625
6.47817 1.67032
6.0776 2.21229
5.91424 1.93784
5.80251 1.82084
5.72837 2.60103
5.67834 2.49367
5.61551 1.65183
5.44277 2.99062
5.11301 3.17728
5.10352 3.24636
4.897 2.61298
4.88366 3.25727
4.84888 2.14869
4.41148 3.64054
4.40367 4.4611
4.25645 3.83991
4.02236 4.53099
3.97119 4.61315
3.9236 2.89099
3.83277 4.88477
3.82677 3.49672
3.75171 4.30025
3.59358 3.95923
3.46715 5.27168
3.39918 4.01304
3.39321 3.91384
3.34986 3.52569
3.24034 3.42966
3.05567 3.15405
2.98063 5.51887
2.88065 4.22713
2.82833 3.77876
2.80842 5.31607
2.76701 4.90423
2.7523 3.65022
2.62591 4.31637
2.58848 5.78098
2.58323 5.52654
2.56804 5.14043
2.49325 5.20543
2.43534 4.45209
2.33861 4.96871
2.11694 4.09654
2.11537 5.29301
2.09909 5.69344
1.97624 5.18452
1.96368 5.42574
1.86981 4.78929
1.66284 5.08468
1.64747 5.59385
1.56609 7.84644
1.54476 5.92841
1.54436 6.71306
1.49167 6.90793
1.48285 5.41704
1.47969 6.89599
1.47102 6.39782
1.42301 5.93739
1.39897 5.4724
1.37103 4.7083
1.3625 7.65377
1.35091 4.98879
1.2795 7.8825
1.25416 7.33587
1.17706 8.23419
1.12286 8.11
1.09685 7.3661
1.02363 6.28742
0.942925 6.51787
0.84587 7.80689
0.841547 5.6789
0.832596 7.4128
0.762124 6.14612
0.759707 6.65013
0.754235 7.89784
0.747575 7.06702
0.725448 5.74873
0.625573 8.49588
0.61108 5.82456
0.554042 7.40747
0.54636 9.19221
0.540173 5.86476
0.499473 8.94226
0.489615 8.17989
0.481488 7.11327
0.477937 6.31226
0.442716 6.22208
0.418724 5.85566
0.411079 8.11733
0.39341 7.2659
0.383767 6.87985
0.383151 9.54207
0.375637 9.3166
0.345199 6.98653
0.341394 8.42044
0.322284 9.64502
0.28364 9.04404
0.275797 6.30969
0.273898 7.01406
0.269773 8.72796
0.248903 8.72567
0.241219 10.2657
0.229716 7.32204
0.203591 9.74656
0.199465 10.0692
0.188709 8.95456
0.135135 10.8897
0.135053 10.0688
0.131906 10.4649
0.101812 7.23276
0.0705823 9.82381
0.0585971 8.08591
0.034633 7.58078
0.0342093 7.61154
0.0310539 8.1673
0.0218553 11.692
0.018357 7.58116
0.0127244 10.0178
0.00813132 8.44903
0.00582421 11.6337
0.0033537 8.77876
0.336585 0.663415 0 0 0 
0 1 0 0 0 
0 0 0.497471 0.502529 0 
1 0 0 0 0 
1 0 0 0 0 
0.363208 0.390313 0.0678506 0 0.178629 
0 0.141129 0.442075 0 0.416796 
0.300229 0.478703 0.221068 0 0 
0 0 0 0.418329 0.581671 
0 0 1 0 0 
1 0 0 0 0 
0 0 0 1 0 
0 1 0 0 0 
0 0 0 0 1 
0.782012 0.217988 0 0 0 
0 0 0 0 1 
0 1 0 0 0 
0 1 0 0 0 
0 0 0 0 1 
0 0 0 0 1 
0 0.442092 0 0 0.557908 
0 0.13098 0 0.482102 0.386918 
0.710618 0 0 0 0.289382 
0 0 0 0 1 
0.361667 0 0 0.638333 0 
1 0 0 0 0 
0.468211 0 0 0 0.531789 
0 0 0.313655 0 0.686345 
0 0 0 1 0 
0 0 0.518367 0.481633 0 
1 0 0 0 0 
0 0 0.332927 0.173133 0.49394 
0 0 0 0.605177 0.394823 
0 1 0 0 0 
0 0 1 0 0 
0 0 0 0 1 
0 0.481309 0 0 0.518691 
0 0 1 0 0 
0 0 0.128173 0 0.871827 
0 0 1 0 0 
0 0 0.168513 0.831487 0 
0 1 0 0 0 
0.55919 0.44081 0 0 0 
0 0 1 0 0 
0 0.429219 0 0.570781 0 
0 0.743282 0.256718 0 0 
0.335962 0 0.664038 0 0 
0 0 0 1 0 
0 0 0 0 1 
0 0 1 0 0 
0 0.148011 0 0 0.851989 
1 0 0 0 0 
0 1 0 0 0 
0 0 0 1 0 
0 0 0 1 0 
1 0 0 0 0 
0 0 1 0 0 
1 0 0 0 0 
0 0.807941 0 0 0.192059 
1 0 0 0 0 
1 0 0 0 0 
1 0 0 0 0 
0 0 0 1 0 
0 0 1 0 0 
0 0.19966 0 0.80034 0 
0 0 1 0 0 
0.549354 0.450646 0 0 0 
0.354828 0.645172 0 0 0 
0 1 0 0 0 
0 0 0 0.543232 0.456768 
1 0 0 0 0 
1 0 0 0 0 
0 0 0 0.425698 0.574302 
0 1 0 0 0 
0 0.396613 0 0.603387 0 
0 0 1 0 0 
0 0 0 1 0 
1 0 0 0 0 
0 0 0 1 0 
0 0 0 0 1 
0.458557 0 0 0 0.541443 
0.53633 0 0 0.46367 0 
0 1 0 0 0 
0 1 0 0 0 
0 0.451165 0 0.234937 0.313898 
0 0 0 0 1 
0.496597 0 0.503403 0 0 
0 0 0.424176 0.575824 0 
0.547571 0 0 0.452429 0 
0 0 1 0 0 
0 0.532268 0.467732 0 0 
0 0.651793 0.114036 0.234171 0 
0 0.598631 0.401369 0 0 
1 0 0 0 0 
0.151954 0 0 0.848046 0 
1 0 0 0 0 
1 0 0 0 0 
0.173439 0 0.826561 0 0 
0 0 0 0 1 
0 0.1947 0 0.588215 0.217085 
0.565988 0 0 0.434012 0 
0 0 0 0 1 
0 0 0 0 1 
0 0 0 0 1 
0 1 0 0 0 
1 0 0 0 0 
1 0 0 0 0 
0 0 0 0 1 
0 0.563868 0.436132 0 0 
0.594494 0 0 0.405506 0 
0 1 0 0 0 
0 0 0 1 0 
0 0 0.631682 0 0.368318 
1 0 0 0 0 
0 0.645201 0 0.354799 0 
0 0 0 1 0 
0 0 0.223112 0.776888 0 
0.486736 0 0 0 0.513264 
0 0.164235 0.835765 0 0 
0 0 0 1 0 
0 0.365119 0.363409 0.271472 0 
0 1 0 0 0 
0.527449 0.303962 0 0 0.168589 
1 0 0 0 0 
0 1 0 0 0 
0.718789 0.281211 0 0 0 
0.589229 0 0.227233 0 0.183539 
0 0.56628 0 0.43372 0 
0 0 0 0.438398 0.561602 
0 0 0.269833 0 0.730167 
0 0 0.491174 0.508826 0 
0 0 0 1 0 
0 0 0 0 1 
0 0 0 0 1 
0.532943 0 0.467057 0 0 
0 1 0 0 0 
0 0 1 0 0 
0.661841 0 0 0 0.338159 
0 0 0 0 1 
0 0 0.338096 0 0.661904 
0 0 1 0 0 
0 0 0 0 1 
1 0 0 0 0 
0 1 0 0 0 
0 0 0 0 1 
0 0 0 1 0 
0 1 0 0 0 
0 0 1 0 0 
0 0 0 0 1 
0 0 0.445211 0.554788 0 
