5 200
0.703932
0.30092
0.705077
0.423635
0.675855
11.846 0.131537
11.7004 0.116147
11.0596 0.28485
10.4443 0.36885
10.363 0.730592
10.3347 0.484436
9.88355 0.700036
9.83555 0.378571
9.62739 1.07054
9.54395 0.689335
9.54318 0.875093
9.37286 0.68718
8.91616 0.88286
8.71576 0.391763
8.64609 0.733165
8.48792 1.13992
8.45828 1.24732
8.11921 1.36765
8.01313 0.798703
7.81033 1.12583
7.60096 2.33579
7.58481 0.863155
7.34898 0.225031
7.18489 1.20594
7.05225 1.968
7.05173 2.28773
6.85995 2.79701
6.79573 2.3911
6.79497 0.442128
6.73244 1.90226
6.66543 2.37665
6.65043 1.48833
6.62497 2.87183
6.60381 1.81193
6.57722 1.47557
6.54834 2.28345
6.52516 1.11145
6.22297 2.87749
6.12962 1.21582
5.84681 2.37976
5.81834 1.60095
5.73332 2.17745
5.61196 1.83597
5.59271 3.12499
5.57081 2.30387
5.4976 3.47501
5.32621 2.47254
5.319 1.65355
5.31577 2.6013
5.29769 2.13638
5.21378 1.93104
5.12265 2.91946
5.0657 2.46929
4.79822 3.07762
4.74864 1.95961
4.68924 2.17226
4.6521 2.41207
4.62081 2.57039
4.60187 3.22068
4.49203 2.22869
4.40643 3.23735
4.28686 2.78913
4.24953 2.89787
4.17717 2.60784
4.16971 3.34959
3.99453 3.06794
3.91562 3.70173
3.91486 2.9731
3.91441 3.83862
3.88783 3.46484
3.84731 5.38237
3.83006 4.14462
3.7612 4.43747
3.68407 2.97861
3.68041 4.58291
3.61529 4.51899
3.60814 2.41375
3.5548 4.83511
3.52639 3.78317
3.37901 4.49253
3.31027 4.28363
3.30341 3.60609
3.27522 4.17309
3.2125 4.14871
3.08947 4.78706
3.04642 5.49044
3.04519 4.3051
2.89765 3.78401
2.89331 3.82365
2.87651 3.16096
2.83304 5.52082
2.78199 5.16804
2.70503 4.24974
2.61464 4.56624
2.53752 4.11081
2.53398 5.06104
2.52793 3.49806
2.45828 3.70907
2.31005 4.23779
2.26414 4.14293
2.2251 6.10394
2.20072 5.14002
2.15261 6.07695
2.10325 6.49743
2.08862 5.46507
2.08356 4.02956
1.98607 6.06329
1.9359 6.29625
1.88945 4.91975
1.79744 7.16145
1.77738 5.98165
1.74884 4.85718
1.60565 6.76971
1.56796 6.11195
1.52176 6.76016
1.43733 7.7023
1.42293 6.06243
1.36419 5.04732
1.32405 5.84163
1.29622 5.06497
1.19529 6.48532
1.19259 5.99051
1.16387 6.15146
1.09387 8.37426
1.0775 6.29104
1.03601 6.99244
1.02644 7.51721
0.997619 8.23986
0.892574 5.45034
0.831819 6.99273
0.831455 7.53872
0.811216 7.90708
0.804176 8.00967
0.757741 7.08939
0.742194 7.02318
0.716312 9.40628
0.680962 9.23805
0.676526 5.97902
0.646877 8.90241
0.617571 7.71674
0.616281 8.85489
0.543382 7.50689
0.542598 9.07651
0.539361 8.60279
0.530654 9.58882
0.517847 9.68786
0.510895 9.24615
0.500004 7.08658
0.472056 8.95659
0.467333 8.96923
0.451904 8.74921
0.44109 8.32547
0.429975 9.59569
0.429125 7.32594
0.414433 8.29385
0.412115 8.91821
0.390294 6.47543
0.382878 6.52668
0.382625 6.64315
0.356569 7.07217
0.347299 7.99103
0.346594 9.86625
0.333303 7.39839
0.322968 7.9086
0.27429 10.2858
0.27286 8.65245
0.253119 8.22819
0.226903 8.92588
0.226244 6.88214
0.209097 7.59725
0.206288 7.72862
0.20074 7.61977
0.195755 10.3896
0.179484 7.82634
0.174962 9.11845
0.119729 10.9867
0.116417 9.72212
0.0934362 9.39172
0.0862888 8.87376
0.0815923 7.66489
0.0772579 9.34876
0.0587472 9.61599
0.0559423 10.1049
0.0465431 9.81597
0.0434178 9.01039
0.0375457 10.7366
0.0338446 9.61975
0.019896 9.92785
0.0185922 10.3273
0.0127646 8.26291
0.0116457 8.34821
0.0116177 8.73405
0.0077086 11.2787
0.00610208 10.8984
0.00519785 9.81811
0.00466448 9.95576
0.00300873 12.1922
0.00218042 12.219
0.00168926 11.0672
0.00141548 9.76513
0.736553 0 0 1 0 
0 1 0 0 0 
0 0.490758 0 0.509242 0 
0.645244 0.354756 0 0 0 
0.437965 0 0.562035 0 0 
0.310123 0.324272 0 0 0.365605 
0.103592 0 0.210184 0.231364 0.454859 
0 0.680477 0 0 0.319523 
0 0.329525 0.380397 0 0.290078 
0 0 0 0.303388 0.696612 
0 0.777082 0.222918 0 0 
0 0 0 0.628032 0.371968 
0.147504 0.277967 0.2571 0.317429 0 
0 0.707641 0 0 0.292359 
0 0.326382 0.673618 0 0 
0.611848 0.194372 0 0.19378 0 
0.295604 0.0827413 0.293525 0 0.32813 
0 0.423586 0.297651 0.278762 0 
0.370058 0 0.442854 0.112716 0.0743719 
0 1 0 0 0 
0.756174 0.243826 0 0 0 
0 0 0.397832 0 0.602168 
0 0.443519 0 0 0.556481 
0.150685 0.533364 0 0.31595 0 
0 0 0 1 0 
0 0.402385 0 0 0.597615 
0.728003 0.271997 0 0 0 
0 0.58136 0 0.315662 0.102978 
1 0 0 0 0 
0 0.23955 0.76045 0 0 
0.382052 0.37555 0.242398 0 0 
0 0 0.622447 0.377553 0 
0 0.47766 0 0 0.52234 
0 0.707053 0 0.292947 0 
0 0.379921 0.620079 0 0 
0 1 0 0 0 
0.278603 0.105297 0 0 0.6161 
0 0.665131 0.334869 0 0 
0.305248 0 0 0.294268 0.400484 
0 0.439943 0.243257 0.163471 0.153329 
0 0 0.892254 0 0.107746 
0 0.622411 0 0 0.377589 
0.42129 0.138395 0.339476 0 0.100838 
0.242727 0.179922 0.283202 0.294149 0 
0.690219 0 0 0 0.309781 
0 0.465625 0.534375 0 0 
0 0.318975 0 0.299629 0.381395 
0.463357 0.139748 0 0.396895 0 
0 0.738972 0 0 0.261028 
0 0 0.26706 0.73294 0 
0.735552 0 0 0.15477 0.109677 
0.205434 0 0.794566 0 0 
0.370134 0.216558 0 0.413308 0 
0 0 0.436542 0.353439 0.210019 
0 0.260247 0 0.739753 0 
0 0.733333 0 0 0.266668 
0.181138 0.092281 0.205725 0 0.520856 
0.301211 0.176198 0.116579 0.406011 0 
0.0919525 0.555119 0 0.352928 0 
0.377297 0 0.622703 0 0 
0 0.559638 0 0 0.440362 
0 0.289265 0.372473 0.338263 0 
0 0 0 0.57268 0.427319 
1 0 0 0 0 
0 0 0 1 0 
0 0 0 0.478569 0.521431 
0.194178 0 0.179331 0.4063 0.22019 
0 0 0.419974 0.355122 0.224904 
0 0 1 0 0 
0.196575 0 0.53936 0.264065 0 
0.481053 0.0514969 0.373458 0.0939917 0 
0 0 0.668199 0 0.331801 
0 0.211377 0.54557 0.243053 0 
0 0 1 0 0 
0 0 0.250713 0 0.749287 
0.20635 0 0.272409 0.225868 0.295373 
0.508514 0 0.491486 0 0 
0.455276 0 0 0.544724 0 
0 0 0.52578 0.47422 0 
0.263813 0 0.736187 0 0 
0 0 0 0.761514 0.238486 
0 0 1 0 0 
0 0 0.436259 0.563741 0 
0.265087 0.310013 0 0.424899 0 
0.397238 0 0 0.108454 0.494309 
0.554499 0.154147 0 0 0.291353 
0.305993 0 0.194386 0.499621 0 
0 0.253012 0.451216 0.173549 0.122224 
0.366395 0.359472 0 0 0.274133 
0.104171 0 0.546508 0.349321 0 
0.10406 0 0.446148 0.298071 0.15172 
0.275679 0 0.350743 0.213466 0.160111 
0.129618 0.370008 0 0 0.500374 
0.359965 0 0 0.307546 0.332488 
0 1 0 0 0 
0.265885 0.374689 0 0 0.359426 
0.770042 0 0.229958 0 0 
0 0 0.256211 0.319933 0.423857 
0.0619044 0.353685 0.259011 0.3254 0 
0 1 0 0 0 
0 1 0 0 0 
0 0.477204 0.522796 0 0 
0 0.483557 0.516443 0 0 
0.522562 0 0.477438 0 0 
0.207541 0.187175 0 0.605284 0 
0.298334 0 0.266443 0 0.435223 
0 0.439994 0 0.0913149 0.468691 
0.149444 0.341947 0.236951 0.0615683 0.210089 
0 0.254837 0 0.745163 0 
0.465126 0.123391 0.411482 0 0 
0 0.159541 0.840459 0 0 
0 0 1 0 0 
0 0 0.127218 0.437409 0.435373 
0 0 0 0 1 
0.145004 0 0.33944 0 0.515556 
0 0.160931 0 0.487999 0.351071 
0 1 0 0 0 
0 1 0 0 0 
0 0.0873637 0 0.419273 0.493363 
0 0 0.563766 0.124603 0.311632 
0 0.635153 0.364847 0 0 
0.363679 0.233776 0 0.33873 0.0638147 
0.355545 0.151494 0 0.148768 0.344193 
0 0 0.492909 0 0.507091 
0.11121 0 0.166495 0.484724 0.237571 
0 0.170145 0 0.829855 0 
0 0 1 0 0 
0.142615 0.518702 0.127119 0.211565 0 
0.341719 0 0 0.397923 0.260358 
0.262666 0.319068 0 0.30379 0.114476 
0 0 0.559699 0 0.440301 
0 0.0865436 0 0.471079 0.442377 
0.187159 0.388472 0 0.424368 0 
0 0.504425 0 0.495575 0 
0 0 0.288492 0.480095 0.231412 
0.0956146 0.283068 0.479713 0.141605 0 
0.407748 0.216808 0 0.375444 0 
0.257314 0.363081 0.379605 0 0 
0 0 0 1 0 
0.10206 0 0.0628298 0.47828 0.35683 
0 0.414199 0.0716386 0 0.514162 
0 0.499009 0 0.0861903 0.414801 
0.13386 0.320098 0.546042 0 0 
0.459735 0 0 0.273903 0.266362 
0.643677 0.251795 0 0.104528 0 
0 0 1 0 0 
0 0 0 0 1 
0.346683 0.161919 0.0765092 0 0.414889 
0.121837 0 0.456992 0.421172 0 
0 0.695973 0.304027 0 0 
0 0.354235 0 0 0.645765 
0 0.210801 0.412505 0.376694 0 
0 0.175456 0 0.180243 0.644301 
0.393307 0 0.503277 0 0.103417 
0 0 0.287879 0 0.712121 
0 0 0.744952 0.255048 0 
1 0 0 0 0 
0 0 0 0 1 
0.141834 0.361361 0 0.496805 0 
0 0 0.593203 0.406797 0 
0.309833 0.318207 0.371959 0 0 
0 0.388265 0 0.230082 0.381653 
0 0 0 1 0 
0 0.318144 0 0 0.681856 
1 0 0 0 0 
0 0 0.644395 0 0.355605 
0 0 0.502684 0 0.497316 
0 0.573767 0 0.426233 0 
0 0 1 0 0 
0.319198 0.35985 0.320952 0 0 
0.129045 0.25162 0.370091 0 0.249245 
0 0 0.625276 0 0.374724 
0 0.508643 0 0 0.491357 
0.426596 0.279995 0.293409 0 0 
0.520104 0.479896 0 0 0 
0.750175 0 0 0.249825 0 
0.310133 0.338767 0 0.0722481 0.278852 
0.57954 0 0 0 0.42046 
0 0 0.60761 0.39239 0 
0.171405 0.279186 0 0.549409 0 
0.206316 0 0.370333 0.423351 0 
0 0.310297 0.146293 0.39893 0.14448 
0 0 0.482169 0 0.517831 
0 0.330977 0.225301 0 0.443722 
0.393323 0 0 0.606677 0 
0.0873377 0 0 0.387653 0.52501 
0.422446 0.391597 0 0.185957 0 
0 0 0.247596 0.245591 0.506813 
0.818041 0.181959 0 0 0 
0.252035 0.366566 0.381399 0 0 
0.352814 0.080969 0 0.25241 0.313807 
0.773367 0 0 0 0.226633 
0.52149 0.47851 0 0 0 
0.573217 0 0 0.426783 0 
0 0 0 0 1 
0.432516 0.293389 0 0.274095 0 
0.199658 0.317137 0 0 0.483206 
0 0 0.55434 0.0618344 0.383825 
0 0 0 0 1 
0 0.385164 0.288853 0 0.325983 
