5 150
0.528359
0.334979
0.744858
0.386143
0.519219
11.271 0.452332
11.1547 0.457697
10.641 0.834523
10.5837 0.628682
10.3652 0.120773
10.2986 0.989936
10.1173 0.913787
9.56992 0.732624
9.25288 0.345947
9.03942 0.114633
9.0267 0.149351
8.95995 0.895128
8.45779 0.600919
8.1735 0.257983
8.13819 1.4953
8.07866 2.17099
7.83896 0.855213
7.56999 1.02001
7.30608 0.347996
7.30315 0.500762
7.13212 2.1952
7.10265 1.74038
7.01695 2.04963
6.99296 0.952553
6.97419 1.67487
6.7753 1.08477
6.75136 1.83626
6.69356 2.03591
6.66535 1.15709
6.47929 1.9696
6.34135 2.26556
6.3069 3.23476
6.2906 2.53266
6.24227 2.5819
6.1612 2.47805
6.08987 2.14853
6.06841 2.66373
5.98571 3.50703
5.9536 1.6705
5.81549 2.07439
5.80794 2.45104
5.75134 3.8606
5.33087 1.69382
5.28071 2.55399
5.13727 3.44257
4.8685 2.7121
4.79158 2.56426
4.65807 3.89446
4.60703 3.11634
4.59489 3.14648
4.51323 3.82528
4.48814 4.38477
4.37621 3.1096
4.36493 3.39435
4.21779 3.85187
4.10743 4.12517
3.92176 3.35296
3.91494 4.72127
3.87231 2.59201
3.83232 5.07415
3.8106 3.33985
3.80255 3.3523
3.74709 3.00725
3.71236 3.84631
3.70824 4.75746
3.34672 3.1082
3.32019 3.46434
3.31281 5.3379
3.2667 4.40327
3.25971 5.6301
3.25178 5.60798
3.20996 5.06303
3.00447 4.56232
2.97262 3.73532
2.91418 5.64549
2.7779 3.30912
2.74777 3.36161
2.67141 4.17498
2.62541 4.19679
2.61986 3.13187
2.4793 4.28018
2.44078 5.11981
2.3872 5.774
2.34047 5.0201
2.30969 5.11307
2.01707 6.72213
1.99979 4.20068
1.92559 5.31753
1.90194 4.88274
1.87128 6.01075
1.82392 6.95557
1.81877 5.19552
1.81599 6.99814
1.62572 6.41636
1.55229 6.93239
1.5332 5.09142
1.52693 7.32106
1.47892 4.88659
1.45991 6.85283
1.41304 5.17808
1.39183 5.63378
1.35033 6.37101
1.32797 6.75125
1.27991 6.44368
1.18939 6.48635
1.04713 6.22878
1.00771 5.56447
0.991348 6.99928
0.970715 5.88518
0.954876 7.43903
0.873302 5.59552
0.859617 7.18961
0.787551 7.61059
0.777254 8.02947
0.620815 5.81993
0.570274 7.39977
0.499249 8.0554
0.483546 7.2358
0.467057 8.8023
0.31559 6.64932
0.302193 7.21774
0.30119 7.62591
0.256824 6.78669
0.256623 6.49973
0.245849 6.32054
0.240102 6.83156
0.235261 9.95265
0.204655 9.61248
0.180731 8.25954
0.13064 8.01213
0.112054 6.8923
0.0877491 7.3034
0.0771258 8.98096
0.07016 9.36241
0.0626322 8.71721
0.0593173 7.55563
0.0558379 6.98895
0.0481035 9.31799
0.0406238 8.22816
0.0318579 9.8846
0.0314993 8.26639
0.02405 8.60604
0.018728 11.4145
0.0144499 8.04372
0.0128376 8.12105
0.00798757 10.218
0.00419988 8.11964
0.00385378 11.1805
0.00299787 11.6284
0.00129185 12.0219
1 0 0 0 0 
0 0 0.402959 0.597041 0 
0 0 0 0 1 
0 0 1 0 0 
0.667755 0 0 0.332245 0 
0.591593 0 0 0.408407 0 
1 0 0 0 0 
0.365527 0.200911 0 0 0.433562 
0 0 1 0 0 
0 0 0 0 1 
0.143897 0 0 0.856103 0 
0 0 0 0.606011 0.393989 
0 0 0.514527 0.485473 0 
0 1 0 0 0 
0 1 0 0 0 
0 1 0 0 0 
0 0.227325 0.300097 0 0.472578 
1 0 0 0 0 
0 0.527332 0 0 0.472668 
0 1 0 0 0 
0 0 0 0 1 
0 1 0 0 0 
0 0 1 0 0 
0 0 1 0 0 
0 0 0 1 0 
1 0 0 0 0 
1 0 0 0 0 
1 0 0 0 0 
0 0 0 0 1 
0.724054 0 0.275946 0 0 
0 1 0 0 0 
0 0 0 1 0 
0 0 0.499281 0 0.500719 
1 0 0 0 0 
1 0 0 0 0 
1 0 0 0 0 
0 0.646796 0 0.353204 0 
0 0 1 0 0 
0.491737 0 0 0.508263 0 
0 0 1 0 0 
0.124842 0.42963 0 0 0.445528 
0 0 0 1 0 
1 0 0 0 0 
0 0 1 0 0 
0 1 0 0 0 
0 0.200532 0 0.799468 0 
0 0.565241 0 0 0.434759 
0 0.325994 0.311628 0.362378 0 
0 0 1 0 0 
0.313222 0 0.686778 0 0 
0 0 0.308833 0 0.691167 
0 0 0 1 0 
0 0 0 0 1 
0 0 0 0.731471 0.268529 
0 0 0 0 1 
0.532868 0 0.467132 0 0 
0 1 0 0 0 
0.14568 0 0.518761 0.335559 0 
0 0 0 0 1 
0 0 1 0 0 
0 1 0 0 0 
0 0.288926 0 0.711074 0 
0.562104 0 0 0.437896 0 
0 1 0 0 0 
0 0 0 0 1 
0 0 0 0 1 
0.545476 0.454524 0 0 0 
0 0 0 0.335673 0.664327 
0 0.539903 0.460097 0 0 
1 0 0 0 0 
1 0 0 0 0 
0 0 0 0 1 
0 0.780788 0 0.219212 0 
0 0 0 1 0 
0 0 0 1 0 
0.311433 0 0 0.351128 0.337439 
0 0 0 1 0 
0 0 1 0 0 
0.367398 0 0.632602 0 0 
0 0 0.756774 0.243226 0 
0 0.407687 0.214932 0.377381 0 
0 0 0 0 1 
0.487785 0 0.512215 0 0 
0 0 0 1 0 
0 0 0.474688 0 0.525312 
0 0.813665 0 0 0.186335 
0 0 1 0 0 
0 0 0.516394 0 0.483606 
0 0 0 0 1 
0 0 0 0 1 
0 0 0 0.144673 0.855327 
0 0 0 1 0 
1 0 0 0 0 
0 0 0 1 0 
0 0.663095 0.336905 0 0 
0 0.138998 0.861002 0 0 
0 0 1 0 0 
0 0 0 0 1 
0 0 0.676032 0 0.323968 
0.314584 0 0.141435 0 0.543981 
1 0 0 0 0 
0 0 0 0 1 
0 1 0 0 0 
0 0.626365 0 0 0.373635 
0.175814 0.289637 0.135859 0 0.39869 
0 0 0 0 1 
0.489742 0 0 0.510258 0 
0 1 0 0 0 
0.552969 0 0 0 0.447031 
0 1 0 0 0 
0.399647 0.201079 0.399274 0 0 
0.519656 0 0 0 0.480344 
0 0 1 0 0 
0 0 0 0 1 
0 0.777285 0 0.222715 0 
0 0.768259 0.231741 0 0 
0 0 1 0 0 
0 1 0 0 0 
0.242667 0 0.757333 0 0 
0.704052 0.295948 0 0 0 
0 0 0 1 0 
0 0 0 1 0 
0 0 1 0 0 
0 0.434563 0 0 0.565437 
0 0 1 0 0 
1 0 0 0 0 
0.480187 0 0.519813 0 0 
0 1 0 0 0 
1 0 0 0 0 
0 0 0.428358 0 0.571642 
0 0.201038 0 0.436497 0.362465 
0 0 1 0 0 
0 0 0.548014 0 0.451986 
0.630831 0 0 0 0.369169 
0 0 0 1 0 
0.855668 0 0 0 0.144332 
0 0 0 0 1 
0 0 1 0 0 
0 0 1 0 0 
0 0 0 1 0 
0 0 0 0 1 
0 1 0 0 0 
0 0 0 0 1 
0.542616 0 0.457384 0 0 
0 0 0 1 0 
0.538635 0 0 0 0.461365 
0 0 1 0 0 
0 0.403068 0.470296 0.126636 0 
0 0 0 0.358416 0.641584 
0 0 0 0 1 
