5 100
0.386387
0.393925
0.346698
0.711364
0.250931
10.6034 0.765886
10.4653 0.27478
9.89537 0.873207
9.52853 0.943755
9.02835 1.67709
8.2681 0.995746
8.23573 0.695323
8.10265 1.05492
7.65125 0.856115
7.47144 1.83717
7.39932 0.1562
7.30583 1.07045
7.14399 1.87572
7.12156 2.14867
7.11718 1.6286
6.87977 2.11057
6.86657 2.17806
6.75487 1.57537
6.64094 2.54327
6.45454 2.31779
6.30321 2.88599
6.22459 1.55938
6.11499 1.818
5.79034 1.2573
5.78528 3.87486
5.49695 2.76356
5.33917 1.37031
5.0378 3.16949
4.86532 2.33531
4.76941 1.83107
4.74952 2.21118
4.51431 2.28927
4.4511 3.17407
4.28804 2.887
4.1686 3.93967
4.14927 4.5415
3.8375 5.31535
3.78595 2.67033
3.58554 4.23867
3.41813 3.67059
3.40543 3.80751
3.38257 3.40213
3.29459 3.2743
3.26346 5.60379
3.14695 4.37933
3.05501 3.61681
3.03149 4.37471
3.00818 4.28744
2.97978 4.00429
2.85876 4.00769
2.84941 3.68545
2.78869 4.60159
2.61501 4.09089
2.59569 4.47289
2.54225 4.94846
2.43318 5.36162
2.39951 4.76993
2.37976 4.11394
2.3586 5.28332
2.27045 6.04529
2.07287 5.76387
1.56486 6.20572
1.42218 7.24829
1.34616 5.69569
1.21914 4.89844
1.16447 5.53201
1.16381 6.5858
1.10342 5.85039
1.03073 5.29733
1.00211 7.73307
0.948494 7.47897
0.941825 6.31072
0.921575 8.19774
0.893301 5.01478
0.883523 7.48914
0.880017 6.60589
0.846641 6.1254
0.846475 6.53033
0.671269 7.37671
0.650399 6.28296
0.624676 6.63955
0.620764 8.2421
0.543889 8.03896
0.495098 7.42185
0.405215 9.71797
0.341006 8.59854
0.2641 10.4943
0.241618 9.79271
0.17434 9.65869
0.154693 10.7978
0.143089 8.20433
0.106602 9.49247
0.0818095 10.0452
0.0781586 7.42132
0.0589488 9.78477
0.0469896 7.05819
0.0256341 10.1056
0.00793362 9.28496
0.0065508 8.90399
0.00176367 8.06469
0.211656 0.326857 0.116059 0 0.345428 
0 0.325053 0.147847 0.305995 0.221106 
0.517747 0 0 0.482253 0 
0 0 0 1 0 
0 0 0.402209 0.597791 0 
0.27531 0 0.189785 0.288235 0.24667 
1 0 0 0 0 
0.355747 0.286141 0.140446 0 0.217666 
0.0867086 0.19989 0.303509 0.203726 0.206167 
0 0.793904 0.206096 0 0 
0.124313 0 0 0.875687 0 
0.579524 0 0 0 0.420477 
0 0.162407 0 0.368014 0.469579 
0 0.54538 0 0 0.454619 
0 0.306372 0.277042 0.195335 0.221252 
0 0.282043 0.366207 0.184151 0.167599 
0 0 0 0 1 
0 0.82178 0.17822 0 0 
0.259122 0 0.306233 0 0.434645 
0.285799 0 0.496165 0 0.218036 
0 0.506538 0.329128 0.164334 0 
0.383935 0 0.369504 0.246561 0 
0 0 0 0 1 
1 0 0 0 0 
0.130139 0 0.470455 0.399407 0 
0.177862 0.482581 0 0.13685 0.202708 
0.309457 0 0.394197 0.296346 0 
0.501982 0 0.26252 0.235498 0 
0.725131 0 0 0 0.274869 
0.275165 0.373223 0 0.107505 0.244107 
0.342804 0.270061 0 0.387135 0 
0 0 0 1 0 
0.466703 0.533297 0 0 0 
0.259342 0.327208 0.101925 0.178778 0.132747 
0 0.611215 0.0845195 0.304266 0 
0 0 0.716835 0 0.283165 
0.249349 0.361962 0 0 0.388689 
0 0.250387 0.749613 0 0 
0.778076 0 0.221924 0 0 
0 0 0.170317 0.829683 0 
0 0.460525 0.539475 0 0 
0.408568 0 0.319304 0 0.272128 
0 0 0 0.720429 0.279571 
0.491341 0 0 0.508659 0 
0 0 0 0 1 
1 0 0 0 0 
0.24011 0 0.333269 0.321791 0.104829 
0.671245 0.328755 0 0 0 
0 0 1 0 0 
0.695221 0 0.304779 0 0 
0 0 0.79794 0 0.20206 
0 0.364195 0 0.635805 0 
0.270665 0.337653 0 0.176172 0.21551 
0 1 0 0 0 
0.366511 0 0.633489 0 0 
0.259812 0.363494 0.307672 0.0690223 0 
0.777709 0.222291 0 0 0 
0.388303 0.260937 0.350759 0 0 
0 0.245978 0.385266 0 0.368756 
0 0.272692 0.516834 0.210474 0 
0 0 0.749898 0 0.250102 
0.383636 0 0.616364 0 0 
0.402711 0 0.173734 0.423554 0 
0.851773 0 0 0 0.148227 
0 0.512992 0.487008 0 0 
0 0 0.305993 0.694007 0 
0.503256 0 0 0.496744 0 
0 0.421583 0.578417 0 0 
0.319944 0.169778 0 0.510278 0 
0.178939 0 0.224648 0 0.596413 
0 0 1 0 0 
0.283947 0.185897 0.267501 0.262656 0 
0 0.703099 0 0.296901 0 
0.519191 0 0 0 0.480809 
0 0 0.564076 0 0.435924 
0.497029 0.502971 0 0 0 
0.795448 0 0 0.204551 0 
0.374214 0 0.0698479 0.268164 0.287774 
0 0 1 0 0 
0.306327 0.152092 0.0626637 0.282543 0.196374 
0 1 0 0 0 
0 0.197077 0 0.228948 0.573975 
0.273221 0.219161 0 0 0.507618 
0.292655 0.437969 0 0 0.269376 
0.167368 0.476299 0.356333 0 0 
0 0.742248 0 0 0.257752 
0 0.804667 0 0.195333 0 
0.667445 0 0 0 0.332555 
0.219576 0.369952 0 0.410472 0 
0.539927 0.33225 0 0 0.127822 
0 0.233563 0.157092 0.253738 0.355606 
0.12928 0 0 0.87072 0 
0 0 1 0 0 
0 0 0.25062 0 0.74938 
0 0.223915 0.311441 0.198256 0.266388 
0 0.582459 0.417541 0 0 
0.436029 0.166715 0 0 0.397256 
0.272578 0 0.727422 0 0 
0 0 0.450016 0.549984 0 
0.656142 0 0 0.343858 0 
