5 150
0.282228
0.743103
0.477073
0.422307
0.404592
11.5518 0.215417
11.2236 0.120996
10.4542 0.367141
10.2883 0.367001
10.1549 0.787002
10.0075 0.905621
9.43745 1.2057
9.23807 0.682101
9.02206 0.362486
8.72217 0.281701
8.12787 0.180218
7.89154 0.86627
7.60729 2.02984
7.49312 1.44943
7.48949 1.88291
7.25597 0.901738
7.13237 0.319646
6.72192 1.19026
6.64687 0.757323
6.58711 0.86393
6.29874 2.02649
6.26222 1.88802
6.01353 1.53685
6.01004 2.27506
6.00128 3.18185
5.95433 1.3802
5.77009 2.83016
5.71836 3.84859
5.69985 2.21229
5.58841 3.06503
5.55868 2.56117
5.41531 2.66375
5.33354 3.96913
5.33219 2.33519
5.05338 3.73981
4.95125 2.42753
4.90873 3.87805
4.7035 2.71713
4.6297 2.33688
4.49939 3.32344
4.29436 3.87095
4.22372 3.14078
4.12704 3.15631
4.04545 4.874
3.96148 3.15935
3.87667 4.69895
3.80234 4.15918
3.71672 4.91489
3.56693 3.70898
3.41104 3.65562
3.38881 3.07833
3.3139 4.1437
3.19463 4.33659
3.15981 5.88062
3.1278 3.66327
3.08491 4.24964
2.93003 3.88472
2.89496 4.66098
2.88031 3.62992
2.87032 3.69197
2.847 5.15078
2.68846 5.97834
2.65196 4.04753
2.61102 5.79397
2.49587 4.76677
2.45522 4.40093
2.43582 4.56721
2.40939 5.3398
2.23619 5.51806
2.13308 6.72823
2.11719 4.91064
2.04133 4.57388
1.99985 6.22023
1.99734 4.86682
1.97236 4.62502
1.94442 5.63952
1.89022 7.29636
1.88549 7.5846
1.88116 5.1334
1.86718 5.31298
1.82014 6.03765
1.78715 6.76453
1.72798 5.76275
1.68462 6.88276
1.66243 4.92989
1.64675 5.85176
1.60069 7.65445
1.55108 7.77396
1.52558 4.87545
1.42945 6.53051
1.40895 7.02597
1.37183 5.47839
1.27908 5.18334
1.27741 4.56698
1.19298 7.3317
1.18922 7.38455
1.15141 5.04898
1.14807 5.73635
1.07028 6.49978
1.05792 8.07739
1.03891 5.26407
0.981438 7.79915
0.974576 8.35201
0.924333 7.16255
0.914097 7.63014
0.84372 6.50799
0.834871 6.43284
0.818244 7.86964
0.788898 5.63925
0.775396 7.55739
0.771258 8.84886
0.750292 5.75853
0.746815 6.75939
0.724787 7.04425
0.705858 6.32835
0.694165 5.96329
0.68481 7.4385
0.662601 5.65284
0.600674 7.62641
0.597717 7.82564
0.559853 5.9489
0.537477 8.48344
0.524257 6.82339
0.522608 7.92707
0.419104 6.6622
0.392036 9.03673
0.366198 8.6602
0.366192 9.54691
0.309127 9.91302
0.28409 7.67359
0.269806 7.9047
0.205812 6.88291
0.171786 10.2562
0.169141 9.9148
0.168208 9.20024
0.137704 10.7693
0.1075 11.202
0.10315 8.89912
0.0995308 8.83676
0.0899973 10.0086
0.0700143 7.35705
0.0637066 9.37372
0.0560085 11.168
0.0500083 11.5185
0.0397671 7.00392
0.0100755 8.10979
0.00998089 7.26005
0.00534454 7.87436
0.0047063 7.51782
0.00160246 8.46686
0 0 0 0 1 
0 0 1 0 0 
0 1 0 0 0 
0 0 0 0 1 
0 0 0 0 1 
0 0 1 0 0 
0 1 0 0 0 
0 0.414118 0.585882 0 0 
0 0 0 0.359786 0.640214 
1 0 0 0 0 
0 0 0.820464 0 0.179536 
0 0 0.559917 0.440083 0 
1 0 0 0 0 
0.652694 0.347306 0 0 0 
0 0 0 0 1 
0.608946 0 0.391054 0 0 
1 0 0 0 0 
0 0 1 0 0 
0 0 0 0 1 
0.387092 0 0 0.219695 0.393213 
0 0 0 0 1 
0 0 0.394823 0 0.605177 
0 0 0 0.452055 0.547945 
0 1 0 0 0 
0 0 1 0 0 
0 0 0 0 1 
0 1 0 0 0 
0.252983 0 0 0.747017 0 
0 0 1 0 0 
0.723847 0.276153 0 0 0 
1 0 0 0 0 
0 0 1 0 0 
0.314127 0 0.685873 0 0 
0 0 0 0.535486 0.464514 
1 0 0 0 0 
0 1 0 0 0 
0 0 0 1 0 
0 0 0 1 0 
0 0.262852 0 0 0.737148 
1 0 0 0 0 
0 0 0 0.523444 0.476556 
0 0 0 0 1 
0 0 1 0 0 
0 1 0 0 0 
0.641744 0 0.358256 0 0 
0 0 0.293305 0 0.706695 
0 0 0 0.548589 0.451411 
0.608986 0 0 0 0.391014 
0 0 0 0 1 
0 0 0 1 0 
1 0 0 0 0 
0 0 1 0 0 
0 1 0 0 0 
0.49303 0.50697 0 0 0 
0 1 0 0 0 
0 0 0 0 1 
0 0 0 1 0 
0 0.620068 0 0.379932 0 
0 0.496031 0 0.503969 0 
0 0 0.822585 0.177416 0 
0 0.820504 0.179496 0 0 
0 0 0 0.373937 0.626063 
0.44793 0 0 0 0.55207 
1 0 0 0 0 
0.225059 0 0 0.774941 0 
0 0.532023 0.467977 0 0 
0.670306 0.329694 0 0 0 
0 0 1 0 0 
1 0 0 0 0 
0 0 1 0 0 
1 0 0 0 0 
0 0.512542 0 0 0.487458 
0 0.275616 0.392954 0.331431 0 
0.387732 0.299815 0.312453 0 0 
0 0.393922 0 0.606078 0 
0 0.534591 0.465409 0 0 
0 1 0 0 0 
0 0 0 1 0 
1 0 0 0 0 
0 0.27217 0 0.72783 0 
0.530975 0 0.469025 0 0 
0 0 1 0 0 
0 0.296616 0 0.703385 0 
0 0.589731 0 0.410269 0 
0.473621 0 0.526379 0 0 
1 0 0 0 0 
0.232691 0.22744 0 0.539868 0 
0 0 0 0 1 
0 0 1 0 0 
0 0 0 0.537894 0.462106 
0 0 0 0 1 
0 0 1 0 0 
1 0 0 0 0 
0.241264 0 0 0.382841 0.375896 
0 0 0 0 1 
0 0 1 0 0 
0 1 0 0 0 
0.492579 0.507421 0 0 0 
0 0 0.375824 0.624176 0 
0 1 0 0 0 
0 0 0 0 1 
0 0 1 0 0 
0 0 0 0.591442 0.408558 
1 0 0 0 0 
1 0 0 0 0 
0 0.234331 0.491534 0 0.274136 
0.313923 0 0.565372 0 0.120705 
0.469571 0 0 0 0.530429 
1 0 0 0 0 
0 0.398172 0 0.381067 0.220761 
0 0 0 1 0 
0 0 1 0 0 
0 0 0 1 0 
0 1 0 0 0 
0 0 0 1 0 
0 1 0 0 0 
1 0 0 0 0 
0.287306 0.346746 0.365948 0 0 
0.403566 0 0 0 0.596434 
1 0 0 0 0 
0 0 0 1 0 
1 0 0 0 0 
0 0.575336 0 0 0.424664 
0 0 0.356143 0.643857 0 
0 0.394433 0.257076 0.194799 0.153693 
0 0.121635 0 0.878365 0 
0 0 1 0 0 
0 0 0 1 0 
0 0 1 0 0 
1 0 0 0 0 
0 0 0 1 0 
1 0 0 0 0 
0 0 1 0 0 
0 0 0 0 1 
0 0 0 1 0 
0.414152 0 0 0 0.585848 
0.139901 0.254895 0.290585 0.314619 0 
0 1 0 0 0 
0 0 0 1 0 
0 0 1 0 0 
0 0 0 1 0 
1 0 0 0 0 
0 0 0 0 1 
0 0 0.449106 0.550894 0 
0 0 1 0 0 
1 0 0 0 0 
0 0 1 0 0 
0.620956 0.379044 0 0 0 
0.131335 0.682038 0 0 0.186627 
0 0 0.516254 0.483746 0 
