5 200
0.585307
0.691939
0.619808
0.586802
0.702208
11.6797 0.163785
9.68808 0.977713
9.4195 0.172472
9.38144 0.708407
9.21857 1.12297
8.75178 1.67456
8.66343 1.75352
8.4996 0.372025
8.44138 2.16696
8.32815 1.82305
8.21513 0.969308
8.20649 0.927291
8.00129 0.295316
7.92125 0.118187
7.9185 2.31139
7.89335 0.162698
7.8704 0.627005
7.86857 1.90154
7.70733 0.860861
7.56059 0.899323
7.53723 1.62653
7.49622 2.65087
7.47726 0.358088
7.42821 2.38282
7.40825 0.628063
7.33008 1.76063
6.83016 1.75611
6.81424 2.25107
6.80351 2.37986
6.61166 1.88304
6.6061 1.92043
6.57196 2.12829
6.56443 0.813295
6.44777 1.50317
6.40664 2.33949
6.17624 2.09912
6.16992 1.93522
5.9028 2.22485
5.84454 2.18372
5.83499 1.76545
5.76736 1.9116
5.7464 3.50709
5.72573 1.88427
5.72276 1.40993
5.65093 2.2078
5.43229 2.64285
5.24043 3.23004
5.23424 2.47287
5.21072 2.58231
5.20089 2.76436
5.09539 3.47176
5.05019 2.85943
5.0101 1.81461
4.8796 1.76825
4.74343 2.83693
4.61086 3.48351
4.56034 3.6132
4.51466 2.21315
4.49734 2.14846
4.36145 3.44683
4.25636 4.09091
4.22825 3.35246
4.17514 5.13255
4.11003 3.39897
4.04655 2.81756
3.96853 4.59133
3.96408 2.9308
3.94704 4.65892
3.9222 4.37412
3.90425 3.58098
3.8675 4.15583
3.75292 5.14887
3.75173 2.96543
3.73056 4.41984
3.69946 3.01783
3.6458 4.15841
3.56413 3.17996
3.53882 3.45173
3.52744 4.30468
3.41184 4.21135
3.40124 4.08246
3.24804 4.59874
3.24719 2.87446
3.08362 4.64315
2.96885 3.64945
2.9664 4.24642
2.95569 5.42649
2.83742 3.84868
2.82961 3.72325
2.81384 3.74467
2.80141 5.61838
2.73524 5.5304
2.73239 5.78371
2.65319 5.01459
2.57008 3.87367
2.5395 4.05532
2.46013 5.02802
2.37504 4.25128
2.31332 6.66662
2.30835 4.082
2.30738 4.94738
2.2989 5.27421
2.24187 6.40207
2.2417 4.69555
2.11855 4.43824
2.09143 6.11324
2.03913 5.92446
1.8749 4.76696
1.84041 5.20116
1.83935 4.32693
1.80256 6.2466
1.7945 7.54605
1.79137 6.23584
1.72463 7.64159
1.72073 6.90803
1.71917 5.92094
1.69221 5.53675
1.68465 5.19341
1.64314 4.5709
1.58792 4.65905
1.53646 6.75781
1.52637 6.23768
1.51926 6.33137
1.33309 7.83035
1.24191 6.59533
1.23067 7.12466
1.21746 7.87876
1.17115 5.81125
1.16779 5.9654
1.08329 7.40658
1.06729 8.33194
1.0644 5.67886
1.05882 6.06807
1.05351 7.68598
1.01808 5.82331
1.00054 5.37884
0.996516 6.91883
0.942824 8.59293
0.892242 6.2216
0.84976 6.74722
0.825408 6.12505
0.818025 7.41101
0.735111 8.54363
0.726903 5.6681
0.689861 8.89254
0.688185 6.18794
0.685509 7.60286
0.658886 7.21126
0.63483 8.57479
0.579225 6.64858
0.568594 6.68597
0.539683 8.2088
0.516132 7.51751
0.515758 8.29336
0.49905 6.85332
0.479536 8.63212
0.447446 5.83447
0.439218 9.20606
0.425898 9.21264
0.389223 9.16
0.363444 8.37811
0.353789 8.7406
0.353721 9.85424
0.318963 10.3555
0.272186 8.64435
0.244675 6.71767
0.238252 8.91513
0.215284 8.31584
0.209294 10.0996
0.206883 10.2732
0.186085 9.05285
0.140916 10.2413
0.137762 8.22389
0.137147 10.1461
0.134919 8.88219
0.112693 9.55327
0.0947956 10.5403
0.0911381 9.97755
0.0797648 10.0841
0.0684152 7.06814
0.0648581 9.08194
0.0597179 8.28645
0.0561288 7.67926
0.0492394 8.31266
0.0449354 7.50226
0.0402577 7.313
0.0387625 9.96797
0.0328715 11.5877
0.0319941 11.4634
0.0292427 10.163
0.0206084 10.4343
0.0188153 7.75151
0.0165945 11.1704
0.011447 11.2366
0.00671144 7.75328
0.00544184 9.35818
0.0048167 10.0584
0.0027695 10.3458
0.00153317 9.06117
0.00126785 7.51178
0 0 0 1 0 
0 0 0 0.619793 0.380207 
0 0 0.394801 0.0893345 0.515865 
0.705505 0 0.294495 0 0 
0.721549 0 0 0.278451 0 
0.355395 0.644605 0 0 0 
0 0 1 0 0 
1 0 0 0 0 
0 0.164676 0.689708 0 0.145616 
0 1 0 0 0 
0.647875 0 0.352125 0 0 
0 0 0 0 1 
0 0 1 0 0 
0 0 0.653032 0 0.346968 
1 0 0 0 0 
0 0 0 1 0 
0 0 1 0 0 
0 0 0 0.694398 0.305602 
0.346034 0 0.356034 0 0.297932 
0 1 0 0 0 
0 0.520507 0 0.479493 0 
0 0 0 0 1 
0 0 1 0 0 
0 0 1 0 0 
0 0 1 0 0 
0 0 0 0 1 
0 0 0 1 0 
0.213454 0.355534 0.431011 0 0 
0 0.772736 0.227264 0 0 
0 0 0 0 1 
0 0 1 0 0 
0 0 0.532918 0 0.467082 
0 0 0 1 0 
0 0 1 0 0 
0 0 0 0 1 
0 0 1 0 0 
0 0 1 0 0 
0.456076 0 0.132905 0.411019 0 
0 1 0 0 0 
0 0 1 0 0 
0 0 1 0 0 
0 0 1 0 0 
0 0 0 1 0 
0 1 0 0 0 
0 0.201479 0.798521 0 0 
0 0 1 0 0 
0 0 0 0 1 
0 0 0 1 0 
0 1 0 0 0 
0 0 0 1 0 
0 1 0 0 0 
0.783358 0 0 0.216642 0 
0.56226 0 0 0.43774 0 
0 1 0 0 0 
0 1 0 0 0 
0.489617 0 0 0.413949 0.0964335 
0.292112 0 0.635057 0 0.0728311 
0 0.222425 0 0 0.777575 
0 0 0 0 1 
0.277675 0 0.444273 0.278052 0 
0.255952 0 0.744048 0 0 
0 0 0 0 1 
1 0 0 0 0 
0.806881 0 0.193119 0 0 
0 0 1 0 0 
0 1 0 0 0 
0.22034 0 0 0.77966 0 
0.716703 0 0 0 0.283297 
0.529343 0 0 0 0.470657 
0 0 0 1 0 
0 0 0 0 1 
0.618394 0.381606 0 0 0 
1 0 0 0 0 
0 0 0 0 1 
1 0 0 0 0 
0.209339 0 0 0 0.790661 
0 0 0.827539 0 0.172461 
1 0 0 0 0 
0 0 0.370213 0 0.629787 
0.23132 0 0 0 0.76868 
0 1 0 0 0 
0 0 0 1 0 
0 0 0 0 1 
0.359328 0 0 0.640672 0 
0 0 0 0 1 
0 1 0 0 0 
0 0.445113 0 0 0.554887 
0 0 0 0 1 
0 1 0 0 0 
0.345015 0 0 0 0.654985 
1 0 0 0 0 
0.666855 0 0 0 0.333145 
0.535859 0 0 0.464141 0 
0 0 1 0 0 
0.489207 0 0.510793 0 0 
0 0 0.152602 0 0.847398 
1 0 0 0 0 
0 0 1 0 0 
0 0 0 0.165778 0.834222 
0 0.533923 0 0.466077 0 
0.736183 0 0 0.263817 0 
0 1 0 0 0 
0 0 0.579525 0 0.420475 
0 0 0 0.523323 0.476677 
0.464168 0.276326 0 0 0.259506 
0 0 0 0 1 
1 0 0 0 0 
0.533486 0 0.466514 0 0 
0 1 0 0 0 
0 1 0 0 0 
0 1 0 0 0 
0 0 0 0 1 
0 1 0 0 0 
1 0 0 0 0 
0 1 0 0 0 
1 0 0 0 0 
0 1 0 0 0 
0 0 0 1 0 
0 1 0 0 0 
0 0 0.590509 0 0.409491 
0 0 0.368895 0.631105 0 
0.259388 0 0.451287 0 0.289326 
0.429989 0 0 0 0.570011 
0.612318 0 0 0 0.387682 
0 0 0.507421 0.352497 0.140082 
1 0 0 0 0 
0 0 0 1 0 
0 0 0 0 1 
0 0 1 0 0 
0 0.68054 0 0 0.31946 
0 0 0 0 1 
0 0 0 1 0 
0 0 0 1 0 
0.55804 0.347205 0 0 0.0947554 
0 0 0.199224 0 0.800776 
0 0 1 0 0 
0 1 0 0 0 
0 1 0 0 0 
1 0 0 0 0 
0 1 0 0 0 
0.345705 0 0 0 0.654295 
0 1 0 0 0 
1 0 0 0 0 
0 0 1 0 0 
0 0 0 1 0 
0 0 1 0 0 
0 0 0.661774 0 0.338226 
0 1 0 0 0 
0 0 0 1 0 
0 0.6168 0.3832 0 0 
0 1 0 0 0 
0 1 0 0 0 
0 0 0.331181 0 0.668819 
0.749977 0 0 0 0.250023 
0 0 0 0 1 
0 0 1 0 0 
0.381421 0 0 0.618579 0 
0 1 0 0 0 
0 1 0 0 0 
0 0.236319 0.763681 0 0 
0 0.493166 0.506834 0 0 
0 0.359885 0 0.640115 0 
0 0 0 0.15539 0.84461 
0 0 1 0 0 
0 0 0 0 1 
0.58018 0.199451 0.22037 0 0 
0.356597 0 0.110268 0.374469 0.158667 
0 0 0.306686 0.693314 0 
1 0 0 0 0 
0.194875 0 0.280303 0.244163 0.280659 
0 0.627892 0 0 0.372108 
0 0.239465 0 0.760535 0 
0 0 0.603272 0 0.396728 
0 1 0 0 0 
0 0 1 0 0 
1 0 0 0 0 
1 0 0 0 0 
0.382861 0 0.337531 0.279609 0 
0 0 1 0 0 
0.380081 0.619919 0 0 0 
0 1 0 0 0 
0.469397 0.0936094 0 0.436993 0 
0 0 0 0 1 
0.174684 0 0 0.825316 0 
0 0 0 0 1 
0 1 0 0 0 
0 0.398402 0 0 0.601598 
0 1 0 0 0 
0 0 0 0.216591 0.783409 
0 1 0 0 0 
0 0 0 1 0 
0 1 0 0 0 
0 0 0 1 0 
0 1 0 0 0 
0 0 0 1 0 
0 0 0.229533 0.770467 0 
0 0 0 1 0 
0 0 0.406659 0 0.593341 
0.512036 0 0.487964 0 0 
0 0 0 0 1 
