5 50
0.68759
0.711165
0.704482
0.543893
0.283021
11.3088 0.357727
9.80534 0.41861
8.77078 1.20801
8.57858 1.15968
7.98093 0.194296
7.54108 1.52335
7.33207 1.455
6.56663 2.26649
6.48118 2.55262
6.41617 1.9862
6.01315 0.901237
5.94328 2.29893
5.10636 2.35203
4.86863 2.94092
4.73536 1.91061
4.70346 3.42221
4.61513 2.95315
4.51153 2.54172
4.25811 2.89794
4.07044 3.00961
3.33173 4.33671
3.06434 3.412
2.98608 5.85216
2.86569 5.37905
2.18816 4.97817
2.18782 5.39138
2.11751 4.32303
2.05491 5.45952
1.91798 5.89811
1.82232 5.14038
1.36335 5.57101
0.997982 8.21846
0.934548 7.18957
0.887931 5.43971
0.752422 6.52565
0.669373 8.20238
0.577312 7.86234
0.531859 7.92151
0.447295 6.78132
0.283343 10.5181
0.254257 8.50799
0.243871 7.05068
0.22563 6.39277
0.158151 6.72347
0.128042 10.9233
0.049705 11.4681
0.0276609 8.36148
0.0121839 9.12617
0.00752052 12.0736
0.00213215 8.30963
0 0.480154 0 0 0.519846 
0 0 1 0 0 
0 0.424601 0.284515 0.290884 0 
0.113537 0.455325 0.431138 0 0 
0.348876 0 0 0 0.651124 
0 0 0 1 0 
0.423809 0.17146 0 0 0.404731 
0 0.626751 0.373249 0 0 
0 0 1 0 0 
0.0784396 0.453025 0 0.17552 0.293015 
0 0 0.350143 0.649857 0 
0 0 0 1 0 
0.397041 0.375655 0.227304 0 0 
0.282795 0.0838389 0.288597 0 0.344769 
0.430741 0 0.569259 0 0 
0.14486 0 0 0 0.85514 
0.491177 0.308147 0 0.200676 0 
0.500974 0.295786 0 0.203241 0 
0.447222 0.255749 0.137182 0.159846 0 
0 0.242194 0.345489 0 0.412318 
0 0.413431 0 0.207578 0.378991 
0 0.264662 0 0.735338 0 
0.132404 0.394392 0 0.251417 0.221787 
0 1 0 0 0 
0 0 0.18869 0.368376 0.442934 
0 0 0.600423 0 0.399577 
0.168927 0.294511 0 0.536562 0 
0 0.285622 0.346087 0.165015 0.203275 
0 0 0 0.430594 0.569406 
0.486606 0 0 0.513394 0 
0 0 0 0.445068 0.554932 
0 0 1 0 0 
0 0 0.432591 0.203727 0.363682 
0 0.106793 0.669789 0.223417 0 
0.314441 0.28492 0 0 0.400639 
0 0.0844139 0.129565 0.38054 0.405482 
0 0 1 0 0 
0 0 1 0 0 
0 0.328442 0.671558 0 0 
0 0.394432 0.27445 0.331119 0 
0.371387 0.239236 0.389377 0 0 
0.563621 0 0 0 0.436379 
0 0 0.676391 0.323609 0 
0.288547 0.122689 0.158387 0.18482 0.245558 
0.304856 0.291679 0 0.190663 0.212802 
0 0 1 0 0 
0 0 1 0 0 
0.132688 0.231202 0.207231 0.428878 0 
0 0 0.534556 0.170463 0.29498 
0.510243 0.489757 0 0 0 
