5 200
0.550912
0.643231
0.721053
0.419088
0.292909
11.344 0.269886
11.3032 0.111551
10.9287 0.253221
10.0962 0.60045
9.98899 0.531216
9.86932 0.403838
9.77212 0.823047
9.60029 1.08342
9.59706 0.626448
9.37397 1.24458
9.10803 1.25123
8.97334 0.73082
8.81747 0.956492
8.78399 1.41088
8.7736 0.390044
8.73767 0.440435
8.60078 1.09198
8.56187 0.129491
8.50502 0.762139
8.13993 1.21416
8.10952 1.29223
8.05404 0.688605
7.99249 0.923963
7.97775 1.00391
7.82024 1.05773
7.72355 0.675341
7.64019 2.17223
7.63291 0.657668
7.55195 2.39041
7.46204 1.03161
7.38415 1.2933
7.36532 1.7542
7.35536 1.70704
7.33372 1.9772
7.04251 2.55784
6.94792 2.59809
6.898 1.93697
6.82804 1.99833
6.75208 1.02433
6.7099 0.785752
6.68938 2.21596
6.68681 0.56043
6.57866 1.99743
6.51231 1.91991
6.425 2.08803
6.31591 1.87722
6.30856 2.69605
6.30044 1.10508
6.29083 2.28142
6.08787 2.35096
6.04154 2.58667
5.98952 3.06217
5.9731 2.76572
5.92225 1.23439
5.82178 2.42004
5.81233 1.94972
5.62122 2.71139
5.6173 2.11096
5.58799 2.17663
5.58493 1.22221
5.51215 2.02903
5.34732 1.77343
5.29519 1.58423
5.29302 2.85377
5.21465 1.98543
5.17133 3.20524
5.11254 2.03779
5.08928 1.71236
4.94993 2.5798
4.91842 2.923
4.83092 4.41656
4.82045 2.19101
4.527 3.72761
4.5099 2.52922
4.44699 3.61738
4.42379 3.75801
4.14124 4.75435
4.11375 3.98257
4.02736 4.98977
3.93536 3.60348
3.81244 4.21293
3.80081 3.49685
3.65023 3.08108
3.62481 3.19281
3.53165 4.14874
3.47585 4.07556
3.40679 4.27659
3.40256 4.29711
3.39826 4.43274
3.35993 3.09046
3.34452 5.16811
3.33568 3.50969
3.28512 2.99705
3.23315 4.02875
3.20317 3.48526
3.01059 4.56612
2.99523 5.42723
2.98656 4.77384
2.9846 4.38361
2.94321 5.99569
2.94163 4.45481
2.84684 6.07696
2.8261 5.96714
2.75081 3.31802
2.6547 4.80067
2.53181 3.63068
2.47488 4.65132
2.31939 4.2665
2.30796 4.0206
2.21249 5.82034
1.98562 5.88978
1.96143 6.11658
1.92897 6.62644
1.92156 5.47582
1.91496 5.37074
1.81448 7.06632
1.79119 6.12583
1.77445 5.84425
1.76877 6.8519
1.76629 5.92325
1.7143 5.61502
1.69411 5.64702
1.69405 6.87858
1.69164 6.91712
1.65069 6.67961
1.60732 4.79443
1.53774 5.32948
1.51162 5.78284
1.50496 7.18517
1.48289 5.97825
1.48158 6.86723
1.44921 5.5849
1.38728 7.33151
1.34055 6.00261
1.33357 4.81885
1.22641 7.81358
1.1721 7.73039
1.1275 6.39317
1.08097 6.83365
1.07721 6.25954
1.0169 5.94655
0.989469 6.09946
0.966052 7.07713
0.963174 7.62394
0.941025 6.48439
0.918363 6.76712
0.905747 6.84241
0.890938 8.37136
0.862695 6.66156
0.828107 7.54066
0.799541 7.89846
0.75509 6.86062
0.712309 8.06674
0.708108 7.20016
0.697955 5.58891
0.675761 7.85855
0.661917 6.44143
0.649864 5.50488
0.583903 6.20516
0.564489 7.12812
0.556616 5.916
0.53884 8.90575
0.449095 8.89126
0.393638 7.82725
0.376233 7.46574
0.363495 8.38522
0.360319 9.64989
0.328809 7.28846
0.287562 8.15245
0.277742 7.8915
0.252257 9.64949
0.241828 6.43228
0.217507 6.69725
0.209589 8.77194
0.196117 8.56091
0.191112 10.5959
0.184424 8.19999
0.179385 7.02663
0.173744 9.63968
0.164897 10.0668
0.146588 8.17862
0.145355 10.7006
0.139156 10.743
0.130424 8.27873
0.117214 10.1179
0.0645907 9.91462
0.0634119 9.10241
0.0585391 8.41103
0.0558425 8.51473
0.0329672 11.5027
0.0281779 7.30676
0.0221763 8.27498
0.0206748 9.23612
0.0179015 8.57518
0.0146618 9.88021
0.0100291 8.15201
0.00767338 9.94616
0.00761147 10.1058
0.00759032 7.32906
0.00686632 11.9407
1 0 0 0 0 
0 0 0 1 0 
0 0 1 0 0 
1 0 0 0 0 
0 0 0 0 1 
0 0 0 1 0 
0 0 0 0 1 
0 0 0 0 1 
0 0 0 0 1 
0 0 0 1 0 
1 0 0 0 0 
0 0 0 1 0 
0 0 1 0 0 
1 0 0 0 0 
0 0 0 0 1 
0 0 1 0 0 
0 0 0 1 0 
0 0 1 0 0 
1 0 0 0 0 
0 0 0 1 0 
1 0 0 0 0 
0 1 0 0 0 
0 0 0 1 0 
0 0 1 0 0 
0 0 1 0 0 
1 0 0 0 0 
0 0 0 1 0 
0 0 0 0 1 
1 0 0 0 0 
0 0 1 0 0 
0 0 1 0 0 
0 0 1 0 0 
0 0 1 0 0 
1 0 0 0 0 
0 1 0 0 0 
0 0 1 0 0 
0 0 0 0 1 
0 0 0 0 1 
0 0 1 0 0 
0 0 0 0 1 
0 0 1 0 0 
0 0 0 0 1 
0 0 0 1 0 
0 0 0 1 0 
0 0 0 1 0 
0 0 0 0 1 
1 0 0 0 0 
0 0 1 0 0 
0 0 0 0 1 
0 1 0 0 0 
0 1 0 0 0 
0 1 0 0 0 
0 0 1 0 0 
0 0 1 0 0 
0 0 0 0 1 
0 0 0 0 1 
0 0 0 1 0 
0 0 0 0 1 
0 0 0 0 1 
0 0 1 0 0 
0 0 1 0 0 
0 0 1 0 0 
0 0 1 0 0 
0 1 0 0 0 
0 0 0 1 0 
1 0 0 0 0 
1 0 0 0 0 
0 0 1 0 0 
0 0 1 0 0 
0 1 0 0 0 
0 1 0 0 0 
0 0 0 0 1 
0 0 0 0 1 
0 0 0 1 0 
0 1 0 0 0 
0 0 1 0 0 
0 0 0 0 1 
1 0 0 0 0 
0 1 0 0 0 
0 0 1 0 0 
1 0 0 0 0 
0 0 0 0 1 
0 0 0 1 0 
0 1 0 0 0 
0 1 0 0 0 
0 0 0 0 1 
0 0 0 1 0 
0 0 0 1 0 
0 0 0 1 0 
0 0 0 0 1 
1 0 0 0 0 
0 0 0 0 1 
0 0 0 1 0 
0 0 1 0 0 
0 0 0 0 1 
0 0 0 0 1 
0 0 0 0 1 
0 0 0 0 1 
0 0 0 0 1 
0 1 0 0 0 
0 0 1 0 0 
0 0 0 0 1 
0 1 0 0 0 
0 0 0 0 1 
0 0 0 1 0 
1 0 0 0 0 
0 0 0 1 0 
1 0 0 0 0 
0 0 1 0 0 
0 0 1 0 0 
0 0 0 1 0 
0 1 0 0 0 
0 0 0 0 1 
0 0 1 0 0 
0 0 1 0 0 
0 0 0 0 1 
1 0 0 0 0 
1 0 0 0 0 
0 1 0 0 0 
0 0 0 0 1 
0 1 0 0 0 
0 0 0 0 1 
1 0 0 0 0 
0 1 0 0 0 
0 0 0 1 0 
0 0 1 0 0 
1 0 0 0 0 
0 0 0 0 1 
0 0 1 0 0 
0 1 0 0 0 
0 0 0 0 1 
1 0 0 0 0 
0 1 0 0 0 
0 1 0 0 0 
1 0 0 0 0 
0 0 0 1 0 
0 1 0 0 0 
0 0 0 1 0 
0 0 0 1 0 
0 0 0 1 0 
0 0 1 0 0 
0 0 1 0 0 
0 1 0 0 0 
0 0 0 0 1 
0 0 0 0 1 
0 0 1 0 0 
0 0 0 0 1 
0 0 1 0 0 
0 1 0 0 0 
0 0 0 0 1 
0 0 0 1 0 
0 0 0 1 0 
0 0 1 0 0 
0 1 0 0 0 
0 0 0 0 1 
0 0 0 0 1 
0 1 0 0 0 
0 0 0 0 1 
0 1 0 0 0 
0 0 0 1 0 
0 0 0 0 1 
0 0 0 1 0 
0 0 0 1 0 
0 0 1 0 0 
0 0 0 0 1 
0 0 0 0 1 
0 1 0 0 0 
1 0 0 0 0 
0 1 0 0 0 
0 1 0 0 0 
0 1 0 0 0 
0 0 0 1 0 
0 1 0 0 0 
0 0 0 1 0 
1 0 0 0 0 
1 0 0 0 0 
0 0 1 0 0 
1 0 0 0 0 
1 0 0 0 0 
1 0 0 0 0 
1 0 0 0 0 
0 0 0 0 1 
0 0 0 0 1 
0 0 0 0 1 
0 0 0 1 0 
0 0 0 0 1 
0 1 0 0 0 
0 0 1 0 0 
0 0 0 1 0 
1 0 0 0 0 
0 0 1 0 0 
0 0 0 1 0 
0 0 1 0 0 
1 0 0 0 0 
0 0 0 0 1 
0 0 0 0 1 
0 0 0 1 0 
0 1 0 0 0 
0 1 0 0 0 
0 0 0 1 0 
