5 150
0.680616
0.746475
0.38686
0.637097
0.566279
11.8829 0.204741
10.4868 0.491686
10.005 0.486494
9.96769 0.860145
9.27126 0.514679
9.14225 0.431326
9.11731 1.435
8.90627 0.258094
8.80763 1.85914
8.7022 1.11712
8.58675 0.895964
8.54622 1.17121
8.32563 1.06891
8.14289 0.567994
8.00493 1.14845
7.69884 0.268058
7.63855 0.885212
7.61092 1.49125
7.37101 0.193723
7.14008 1.70879
6.97124 1.68671
6.96619 2.62884
6.7899 1.93294
6.77655 1.75053
6.73098 1.35826
6.72674 1.64388
6.58714 1.99752
6.51667 1.53466
6.42293 1.33599
6.34973 2.35503
6.22733 2.90597
6.14813 1.65057
6.13784 2.69945
5.88195 1.49774
5.72301 2.92424
5.55243 3.75908
5.53601 2.16649
5.5002 1.51095
5.29374 2.73359
5.10866 2.6036
4.99843 3.00266
4.98164 2.4211
4.98135 2.14077
4.94666 2.03097
4.80262 2.42932
4.74001 1.9991
4.71236 4.07103
4.69564 3.67707
4.68434 3.82341
4.61292 3.24561
4.47608 4.02438
4.39181 3.06875
4.32335 2.71663
4.246 3.86616
4.23111 3.36814
3.95487 2.94341
3.9043 3.98756
3.89228 2.66426
3.85863 3.80524
3.77024 2.23675
3.75634 4.10129
3.69351 3.6391
3.66665 5.23928
3.53522 4.34818
3.52013 5.29479
3.50559 4.03711
3.31444 3.92927
3.16997 4.3705
3.16228 4.6825
3.0532 4.92946
2.94691 4.74826
2.88575 5.78256
2.74358 4.86696
2.69226 4.75093
2.6159 5.2293
2.50556 4.26631
2.46715 6.25087
2.45384 4.40908
2.40237 5.8832
2.29949 4.56704
2.28821 4.18296
2.28801 6.3532
2.24748 5.70061
2.24133 4.78314
2.08855 5.84978
2.0829 4.9449
2.06164 4.82998
1.75821 5.49551
1.74266 4.79329
1.73557 5.06714
1.71817 6.28627
1.69451 5.03796
1.67009 4.46042
1.58592 5.60059
1.54209 4.51684
1.52275 5.33442
1.44362 5.35294
1.26289 5.92195
1.26047 5.16771
1.25611 7.82056
1.25214 5.65374
1.18925 7.6586
1.15696 8.30313
1.01417 7.59293
0.991333 7.27111
0.986543 7.18865
0.98336 5.847
0.938305 7.11171
0.876131 6.30216
0.854667 8.02279
0.843354 6.65869
0.763307 5.71217
0.740655 7.41515
0.735675 8.94541
0.680856 6.43098
0.578302 5.69063
0.559786 7.20441
0.554529 6.78146
0.553839 8.47999
0.54114 7.07333
0.528922 6.75987
0.52522 9.24902
0.503091 7.91546
0.47206 7.17588
0.442422 8.71523
0.367529 8.29707
0.335328 8.43028
0.330357 7.93835
0.299665 9.87215
0.27131 9.01515
0.260067 9.13272
0.255536 8.38643
0.200173 8.21686
0.195334 7.97974
0.189838 6.91381
0.125847 7.82643
0.121756 6.7249
0.108945 6.78888
0.0915343 10.6693
0.0817806 9.66116
0.0764051 7.66449
0.0729349 8.0519
0.0719004 8.40067
0.0658565 9.48354
0.0456604 9.05873
0.0418087 7.77737
0.0397224 9.3715
0.0268173 11.4436
0.0210729 7.99107
0.017452 11.307
0 0 0 1 0 
0 1 0 0 0 
0 0 0 0 1 
0 1 0 0 0 
0 1 0 0 0 
0 0 0 0 1 
1 0 0 0 0 
0 0 0 1 0 
0 0 1 0 0 
1 0 0 0 0 
0 0 1 0 0 
1 0 0 0 0 
0 0 1 0 0 
0 0 0 0 1 
0 0 0 1 0 
0 0 0 1 0 
0 0 1 0 0 
0 0 0 1 0 
0 0 0 0 1 
0 0 1 0 0 
1 0 0 0 0 
0 1 0 0 0 
0 0 1 0 0 
0 0 0 0 1 
0 0 0 1 0 
0 0 0 1 0 
1 0 0 0 0 
0 0 0 1 0 
0 0 0 1 0 
0 1 0 0 0 
1 0 0 0 0 
0 1 0 0 0 
0 0 0 1 0 
0 0 0 0 1 
0 1 0 0 0 
1 0 0 0 0 
0 1 0 0 0 
0 0 0 1 0 
0 0 0 1 0 
0 1 0 0 0 
0 0 0 0 1 
1 0 0 0 0 
0 1 0 0 0 
0 0 0 0 1 
0 1 0 0 0 
1 0 0 0 0 
0 0 0 1 0 
1 0 0 0 0 
0 0 0 0 1 
0 1 0 0 0 
1 0 0 0 0 
0 0 1 0 0 
0 0 1 0 0 
0 0 1 0 0 
0 0 1 0 0 
0 1 0 0 0 
0 0 1 0 0 
1 0 0 0 0 
0 0 0 1 0 
0 0 0 0 1 
0 0 0 1 0 
0 1 0 0 0 
0 0 0 1 0 
0 0 0 0 1 
0 1 0 0 0 
0 1 0 0 0 
0 0 0 0 1 
1 0 0 0 0 
0 1 0 0 0 
0 0 1 0 0 
0 1 0 0 0 
0 0 0 1 0 
1 0 0 0 0 
0 0 1 0 0 
1 0 0 0 0 
0 0 1 0 0 
1 0 0 0 0 
0 0 1 0 0 
0 0 0 0 1 
1 0 0 0 0 
0 1 0 0 0 
0 0 0 1 0 
1 0 0 0 0 
0 0 1 0 0 
1 0 0 0 0 
1 0 0 0 0 
0 0 1 0 0 
1 0 0 0 0 
0 0 0 0 1 
0 1 0 0 0 
0 0 0 0 1 
0 1 0 0 0 
0 0 0 1 0 
1 0 0 0 0 
1 0 0 0 0 
0 0 0 0 1 
0 0 0 0 1 
1 0 0 0 0 
0 0 1 0 0 
0 0 1 0 0 
0 0 1 0 0 
0 1 0 0 0 
0 0 1 0 0 
0 0 1 0 0 
0 0 0 1 0 
0 0 1 0 0 
0 0 1 0 0 
0 1 0 0 0 
0 0 1 0 0 
0 0 0 0 1 
0 1 0 0 0 
0 0 0 0 1 
0 1 0 0 0 
0 0 0 1 0 
1 0 0 0 0 
0 0 0 0 1 
0 1 0 0 0 
0 0 0 0 1 
0 1 0 0 0 
0 1 0 0 0 
0 0 1 0 0 
0 0 0 1 0 
0 1 0 0 0 
1 0 0 0 0 
0 0 1 0 0 
0 1 0 0 0 
0 0 0 0 1 
0 0 0 0 1 
0 1 0 0 0 
0 0 1 0 0 
0 0 1 0 0 
1 0 0 0 0 
0 1 0 0 0 
0 1 0 0 0 
0 1 0 0 0 
0 1 0 0 0 
0 0 1 0 0 
0 0 0 0 1 
0 0 1 0 0 
0 0 1 0 0 
0 0 0 1 0 
0 0 0 0 1 
0 0 0 1 0 
0 0 1 0 0 
0 0 0 0 1 
0 0 0 1 0 
0 0 0 0 1 
0 1 0 0 0 
1 0 0 0 0 
0 0 0 1 0 
