5 50
0.258484
0.73262
0.729308
0.576533
0.489555
11.4811 0.42424
11.0072 0.297913
9.08168 0.64982
8.97521 1.39906
8.2695 0.136902
7.88247 0.52383
7.66219 0.733815
7.48619 1.36755
7.01907 0.759023
6.70083 1.88166
6.53994 1.35696
6.22887 1.53707
5.83705 2.28786
5.76677 3.00736
5.44184 1.64488
5.37953 1.78761
5.04039 3.73902
4.90275 2.47334
4.57658 3.02967
4.47842 1.99507
4.1017 2.72598
3.7814 4.80306
3.28326 4.23575
3.19851 3.52428
2.99118 3.64002
2.72174 5.49142
2.21119 6.57437
2.02519 6.44384
1.60598 7.9891
1.11506 6.82447
1.06355 7.00964
1.04547 8.51673
0.868965 7.92326
0.722353 8.59236
0.696978 5.91984
0.680119 9.04076
0.640437 6.73823
0.296333 7.32263
0.291576 8.87415
0.265417 6.9087
0.195909 10.8597
0.189899 7.93791
0.170535 9.12493
0.130005 7.38734
0.12195 10.6345
0.120823 9.81627
0.115371 9.39801
0.0847987 7.21581
0.0601719 10.968
0.0235319 10.7847
0 0 1 0 0 
0.664901 0 0.335099 0 0 
0.482225 0.312874 0 0.204901 0 
0.292617 0 0.344067 0.043735 0.319581 
0 0.550321 0 0 0.449679 
0 0.376439 0.623561 0 0 
0.588019 0.411981 0 0 0 
0.64707 0 0.208065 0 0.144865 
0.451639 0 0.102552 0.445809 0 
0.362839 0 0 0.637161 0 
0.509948 0 0.490052 0 0 
0 0.398766 0.601234 0 0 
0 0.522433 0 0.477567 0 
0 0 0.370186 0.629813 0 
0.393837 0.357526 0 0.248637 0 
0 0 0.25588 0.74412 0 
0 0 0 1 0 
0 0 0 0 1 
0 1 0 0 0 
0 1 0 0 0 
0 0 0 0.788429 0.211571 
0 1 0 0 0 
0.499515 0 0.500485 0 0 
0 0 0.568655 0 0.431345 
0.347555 0 0 0.652445 0 
0 0 0.502535 0 0.497465 
0.430343 0 0.569657 0 0 
0.309292 0.187383 0.335361 0.167964 0 
0 0.836672 0.163328 0 0 
0 0 0.368824 0.631176 0 
0 0 1 0 0 
1 0 0 0 0 
0 0 0 0 1 
0.379526 0 0 0 0.620474 
0.662128 0.337872 0 0 0 
0 0 0.580698 0.419302 0 
0 0 0.464025 0.535975 0 
0.316304 0.236472 0.447224 0 0 
0.658061 0 0.341939 0 0 
0 1 0 0 0 
0.108841 0 0 0.161846 0.729313 
0 0 0 1 0 
0 0 0.296515 0 0.703485 
0 0 0 0 1 
0.220011 0.319649 0 0.332294 0.128046 
0.447512 0.379307 0.173181 0 0 
0.540133 0 0.103226 0 0.356642 
0 0 0 0 1 
0 0.603874 0.396126 0 0 
1 0 0 0 0 
