5 100
0.650342
0.578532
0.299821
0.272279
0.733734
11.2286 0.301446
10.3072 0.301422
8.82443 0.809797
8.80761 1.00883
8.72737 0.937383
8.5364 0.506919
8.46806 0.982838
8.31275 0.325259
8.12423 0.710352
7.54502 1.32743
7.36669 1.81762
7.30651 1.37546
6.93889 1.37356
6.8712 2.40994
6.84925 1.67218
6.74163 2.06439
6.72992 1.87947
6.68457 0.743501
6.68269 3.05283
6.12705 2.51541
5.98187 1.74858
5.9284 2.20218
5.8375 1.99306
5.54207 1.35152
5.42874 1.70673
5.41316 2.5893
5.39955 1.94674
5.01009 1.54256
4.89756 1.45478
4.66832 2.82633
4.56969 2.49226
4.24232 3.1027
4.21083 4.69252
4.18757 3.41249
4.07007 3.25885
4.06659 3.59501
4.04086 3.92322
3.92427 3.36589
3.91792 2.78592
3.87937 2.99393
3.83853 4.11634
3.73043 3.67258
3.4942 4.0968
3.45068 4.15787
3.33735 4.08541
3.3364 5.33792
3.33205 3.33295
3.32725 4.30076
3.28897 4.13654
3.24893 3.06733
3.18244 4.46673
3.13989 4.16599
2.98587 3.50038
2.88466 3.71198
2.80928 4.1213
2.59207 5.90266
2.56772 5.16807
2.49471 6.23895
2.38785 4.72672
2.21105 5.21647
2.12318 5.50051
2.10228 6.95821
1.95834 4.21332
1.9493 5.78226
1.74738 5.45302
1.67977 5.2095
1.66711 6.12634
1.60733 6.85803
1.60064 5.51851
1.51916 5.03237
1.5035 6.83965
1.49347 5.99364
1.45311 7.14459
1.25999 8.34894
1.23851 7.10736
0.843886 7.07445
0.760539 6.37309
0.689684 6.95399
0.535848 6.77658
0.478242 8.02387
0.455042 6.18683
0.423077 8.46027
0.385203 8.33218
0.361728 6.23631
0.353841 8.17418
0.326265 9.56666
0.297655 9.85608
0.229684 9.51127
0.148474 9.48825
0.138322 9.74292
0.131809 8.452
0.121866 9.70256
0.100384 8.20183
0.071645 8.60289
0.0603262 11.3691
0.0147303 9.11095
0.00954568 10.7373
0.00745594 8.05392
0.00609189 11.9713
0.00285548 10.343
0 1 0 0 0 
0 0 1 0 0 
0.746489 0 0 0 0.253511 
0.334324 0 0 0.665676 0 
0.565441 0 0.434559 0 0 
0 0 0.726617 0 0.273383 
0 0 1 0 0 
0 0 0 0 1 
0.452792 0 0.270812 0 0.276396 
1 0 0 0 0 
0.536874 0 0 0.463126 0 
0 0 1 0 0 
1 0 0 0 0 
0 0 1 0 0 
0.236481 0.238891 0.399596 0 0.125032 
0 0 0 0.31181 0.68819 
0 0 0 1 0 
0 0 0 0 1 
0 0.480218 0 0.519782 0 
0 0 0 1 0 
0 0 1 0 0 
0 0 0 1 0 
0 1 0 0 0 
0 0 0 1 0 
0.245637 0 0 0 0.754363 
0 0 0 0 1 
0.415102 0 0.298978 0.28592 0 
0.283693 0 0 0.40045 0.315857 
0 1 0 0 0 
0 0.501447 0 0 0.498553 
0 0 0 0 1 
1 0 0 0 0 
0 0 0 1 0 
0.419358 0 0.580642 0 0 
0.772199 0 0.227801 0 0 
0 1 0 0 0 
0.487132 0 0 0.512868 0 
0 0 1 0 0 
0 0 0.544987 0.455013 0 
0 0 0.486416 0.513584 0 
0 0 0 0 1 
0 0 1 0 0 
0 0 0 1 0 
0 0 0 1 0 
1 0 0 0 0 
0 0.54774 0 0.45226 0 
0.646739 0.353261 0 0 0 
1 0 0 0 0 
0.191129 0 0 0 0.808871 
0 0 0 1 0 
0 0.484137 0 0.515863 0 
0 1 0 0 0 
0.48359 0 0 0.51641 0 
0 0 0 0 1 
0 0 1 0 0 
0 0 0.541794 0.458206 0 
0 0.475962 0.524038 0 0 
0 0.336863 0.139225 0 0.523913 
0 0 0 0 1 
0 0 0 0 1 
0 1 0 0 0 
0 1 0 0 0 
0 0 0 1 0 
0.512924 0 0 0.487076 0 
0 0.478042 0 0 0.521958 
0.498765 0 0 0 0.501235 
0 1 0 0 0 
0 1 0 0 0 
0 0 0 0 1 
0 0 0 1 0 
0 0.527639 0 0.472361 0 
0 0 0 0 1 
0 0.568817 0.431183 0 0 
0 0 0.321784 0 0.678216 
1 0 0 0 0 
1 0 0 0 0 
0 0 0 0 1 
0.74313 0 0 0.25687 0 
0.566983 0.433017 0 0 0 
0 0 1 0 0 
0.272927 0 0 0.727073 0 
0 0 0 0.657483 0.342517 
0 0 0.435639 0.564361 0 
0.242295 0.757705 0 0 0 
0 1 0 0 0 
0 0 0 1 0 
0 0 0 0 1 
1 0 0 0 0 
0 1 0 0 0 
0 0.59322 0.40678 0 0 
0 0 1 0 0 
1 0 0 0 0 
0.454838 0 0 0 0.545162 
0 0.537335 0.462665 0 0 
0 0 1 0 0 
0 1 0 0 0 
0.853358 0.146642 0 0 0 
0 0 0 1 0 
0.393467 0.361525 0 0 0.245008 
0 0 0 1 0 
