5 200
0.717009
0.346515
0.637509
0.447378
0.555002
11.5423 0.246259
11.0725 0.486816
11.0095 0.128114
10.7071 0.159513
10.0556 0.726558
9.92116 0.259204
9.85562 0.650669
9.71157 0.665103
9.20605 0.460552
9.1062 0.216863
8.81686 0.856477
8.79039 1.10434
8.76338 1.25693
8.72689 1.37232
8.68604 0.836068
8.68583 0.970186
8.57732 0.671587
8.56521 0.970217
8.5647 0.60525
8.55092 0.784154
8.54835 1.12637
8.05179 1.28402
7.80791 1.11833
7.76036 0.36429
7.76001 0.729432
7.66888 0.428909
7.38962 1.30413
7.26151 1.21266
7.24629 1.39194
6.94487 2.22666
6.26845 2.27342
6.25376 3.39649
6.17805 2.37469
6.15762 2.14823
6.1051 2.58241
6.09252 1.78866
5.95668 1.32702
5.95285 1.26963
5.83641 2.61996
5.83587 2.26631
5.73615 2.63887
5.66069 1.77641
5.59211 2.12956
5.55884 2.11323
5.55023 1.68415
5.52953 2.48376
5.36166 2.10649
5.26131 1.78826
5.24841 1.82658
5.22288 3.85771
5.15142 2.35847
5.1497 2.12514
4.98957 3.44465
4.87758 3.37311
4.76763 1.83787
4.68892 3.24613
4.59676 2.50302
4.50357 3.80249
4.43757 4.95128
4.36375 2.96025
4.15839 3.66214
4.15831 4.51209
4.14795 2.57113
4.13179 3.17935
4.12217 4.11766
4.00822 4.13028
3.9612 3.72977
3.94539 4.57101
3.7856 4.59191
3.73746 4.25804
3.68282 5.28573
3.67757 3.59137
3.66449 4.07746
3.6075 4.78122
3.60474 3.78462
3.59328 4.60361
3.53676 4.73389
3.50664 3.79118
3.36075 3.53725
3.3082 4.33776
3.27654 5.68721
3.1437 3.05263
3.09439 3.78885
3.0613 3.17607
3.05068 5.19614
3.04757 5.60848
2.98043 3.28309
2.89533 3.94358
2.87643 5.8506
2.69948 4.44685
2.67996 3.13173
2.63695 5.61061
2.59481 6.29969
2.54352 4.95721
2.46266 3.47334
2.44731 4.19676
2.39942 5.46516
2.39745 5.15796
2.34734 5.93846
2.31545 5.67749
2.29081 6.41631
2.25749 4.9258
2.24878 4.76065
2.18154 4.18087
2.17883 4.41366
2.16719 4.24753
2.13288 6.3518
2.10173 4.48475
2.09418 4.11201
2.08472 4.57089
2.04664 6.02089
1.91482 6.77748
1.71581 5.78621
1.67774 7.15508
1.6574 7.69235
1.63554 5.22272
1.63376 6.81845
1.6207 5.31634
1.56085 6.34961
1.50781 6.93945
1.46677 4.96565
1.44009 7.22521
1.4059 6.2783
1.37504 5.34617
1.32297 6.80955
1.31498 5.91344
1.30382 5.84294
1.29326 4.95802
1.25966 5.79434
1.23328 5.10043
1.16417 8.14324
1.12116 6.61962
1.12002 7.18925
1.08183 5.32003
1.06219 7.74156
1.05286 5.19275
1.02752 5.9858
1.00498 8.59371
0.969295 7.5813
0.91722 6.51115
0.901147 7.60132
0.870833 6.4029
0.818356 7.58172
0.813939 7.30068
0.810179 7.92282
0.806117 7.7357
0.74077 7.98134
0.716341 7.11475
0.711629 8.2181
0.706021 7.67881
0.680746 6.83399
0.680673 7.37681
0.676024 6.1773
0.665841 8.28613
0.656862 6.85024
0.650866 6.16912
0.637776 7.82017
0.578889 7.27277
0.556211 5.57168
0.468115 9.00994
0.437366 8.28316
0.435629 7.919
0.433359 7.49516
0.405638 9.90442
0.402448 9.01291
0.394953 6.14019
0.337399 7.30729
0.294348 8.27795
0.283721 7.75683
0.248302 7.73652
0.244538 7.31515
0.234383 7.11661
0.214005 7.4501
0.21026 10.423
0.201482 6.92513
0.197724 8.87373
0.183725 10.8091
0.176319 9.68681
0.175542 6.8562
0.168835 9.73816
0.168721 8.27985
0.168401 7.43969
0.164604 9.11896
0.155716 7.67048
0.129819 9.01662
0.104369 8.90897
0.0532502 10.6827
0.0500958 8.25125
0.0451753 7.28216
0.0332895 7.0487
0.0322751 9.33015
0.0251701 10.2118
0.0222402 7.62411
0.0189062 9.07434
0.0168814 11.5951
0.0135151 8.53499
0.00803933 11.3485
0.00330725 8.33042
0.00269354 11.2887
0.00201552 8.09063
0 0.34642 0 0.65358 0 
0 0 0.158835 0.238884 0.602281 
0 0.299361 0 0.46323 0.237409 
0.056214 0.20583 0 0.461753 0.276204 
0.285709 0 0.341367 0.372924 0 
0 0 0.0915831 0.228814 0.679603 
1 0 0 0 0 
0.442868 0 0 0.557132 0 
0 0.491847 0.251209 0.256944 0 
0.378973 0.298735 0 0.322292 0 
0.255936 0.380209 0.363854 0 0 
0 0 0.364374 0 0.635626 
0 0.38343 0.266612 0.349958 0 
0.716795 0 0 0 0.283205 
0 0.571951 0 0 0.428049 
0.44577 0.55423 0 0 0 
0.30567 0.203046 0.318825 0.172459 0 
0 1 0 0 0 
0.330515 0 0 0.669485 0 
0 1 0 0 0 
0 0.311881 0.119651 0.337448 0.231019 
1 0 0 0 0 
0 0.323724 0 0 0.676276 
0.256284 0.124742 0.618974 0 0 
0 0.311262 0.289154 0.057556 0.342028 
0 0.42371 0 0 0.576289 
1 0 0 0 0 
0 0 0.528531 0.224997 0.246472 
0.385521 0 0 0.614479 0 
0 0.365075 0.384441 0 0.250484 
0.355361 0.432839 0 0.211801 0 
0 0.107329 0.442117 0.450555 0 
0.0999316 0 0.802102 0.0979664 0 
0 0 0.847833 0 0.152167 
0 0 0 1 0 
0 0.56172 0 0 0.43828 
0.379691 0 0.620309 0 0 
0.259798 0.167659 0.273668 0 0.298876 
0 0.341325 0.313112 0.345563 0 
0 0.352998 0 0.647002 0 
0 0 1 0 0 
1 0 0 0 0 
0 0 0.539861 0.300241 0.159898 
0.100189 0.339577 0.128419 0.431815 0 
0 0 1 0 0 
0 0.357356 0 0.503495 0.139149 
0.172692 0 0.473674 0.353634 0 
0 0 0 0 1 
0.173515 0.608236 0.218249 0 0 
0 0 0.420188 0 0.579812 
0 0.421208 0 0 0.578793 
0 0.124275 0.348247 0.203337 0.324141 
0 0.706073 0 0 0.293927 
0.136759 0 0 0.863241 0 
0 0.505023 0 0.494977 0 
0 0 0 0.32904 0.67096 
0 0 0.375324 0.455128 0.169548 
0 0.679577 0.320423 0 0 
0 0.578238 0 0 0.421762 
0.883643 0.116357 0 0 0 
0 0 0 0 1 
0.205243 0 0 0.794757 0 
0 0 0.820153 0 0.179847 
1 0 0 0 0 
0 0 1 0 0 
0.62314 0 0 0.37686 0 
0 0.412588 0.437911 0 0.149501 
0.179119 0.504615 0 0 0.316266 
0 0 0.451458 0.548542 0 
0.4188 0 0.444105 0.137095 0 
0 0.508595 0.491405 0 0 
0.139245 0 0.276393 0.295964 0.288398 
0.38842 0 0.190407 0.421172 0 
0 0 0 0.349063 0.650937 
0.309542 0.160579 0.529879 0 0 
0.146109 0.142314 0.359736 0 0.351841 
0.702982 0 0.297018 0 0 
0 0 0 1 0 
0 0.636459 0 0 0.363541 
0 1 0 0 0 
0 0 0.620562 0 0.379438 
0 0.254404 0.310202 0 0.435394 
0 0 1 0 0 
0.474042 0.525958 0 0 0 
0.460639 0.221219 0 0 0.318142 
0 0.294406 0.121514 0.58408 0 
1 0 0 0 0 
0 0.25431 0.235448 0.23368 0.276562 
0 0 0 0 1 
0.213858 0 0 0.439555 0.346588 
0.2719 0 0 0.275921 0.452179 
0.295811 0 0.30295 0.214739 0.186501 
0.367416 0.186078 0.446505 0 0 
0 0 0.419169 0.580831 0 
0.0696175 0 0.381014 0 0.549369 
0 0 0 0 1 
0 0 0.501655 0 0.498345 
0.262567 0.2098 0.277283 0.250351 0 
0.364429 0 0 0.251374 0.384197 
0.167082 0 0 0 0.832918 
0 0 0 0 1 
0.518418 0 0 0 0.481582 
0.343606 0.245827 0 0.193454 0.217113 
0.479401 0 0.520599 0 0 
0 0 0 0.504289 0.495711 
0 0 0.796579 0.203421 0 
0.390623 0 0.173613 0.435765 0 
0.234766 0.111539 0.310195 0 0.3435 
0.477976 0 0.178556 0.343469 0 
0.421847 0.402296 0 0.175858 0 
0.0709808 0.196952 0.117632 0 0.614435 
0 0.352766 0.364016 0.283218 0 
0.597733 0 0 0.402267 0 
0.457703 0 0.16508 0 0.377217 
0.312439 0.330703 0.0402366 0.316621 0 
0 0 0.13139 0 0.86861 
0.421046 0.578954 0 0 0 
0.271423 0.551867 0 0.17671 0 
0.832288 0 0.167712 0 0 
0.305994 0 0.43604 0.257966 0 
0 0.571533 0 0 0.428467 
0.779822 0 0.220178 0 0 
0 0.322162 0 0.585439 0.0923989 
0 0.253209 0 0.480756 0.266035 
0 0.434164 0 0.565836 0 
0 0.367265 0.251402 0.381333 0 
0.523178 0.476822 0 0 0 
0.418168 0.283596 0.298236 0 0 
0 0.586601 0.413399 0 0 
0.326284 0.128807 0 0 0.544908 
0 0.540363 0.459637 0 0 
0.203069 0.162106 0 0.331164 0.303661 
0 0 0.357271 0.541886 0.100843 
0 0.231688 0.22398 0 0.544333 
0 0.244889 0 0.669381 0.0857303 
0.451289 0 0.548711 0 0 
0 0 0.159669 0 0.840331 
0 0.35379 0.240056 0.336731 0.069422 
0 0.217169 0.442688 0.340144 0 
0 0.50949 0.318507 0.172003 0 
0 0.431738 0.568262 0 0 
0.272189 0.0968925 0.174033 0 0.456885 
0 0 0 0.436424 0.563576 
0 0 0 0 1 
0.199983 0.800017 0 0 0 
1 0 0 0 0 
0.235654 0.0697501 0.190745 0 0.503851 
0.297395 0 0 0.702605 0 
0 0 0.329271 0 0.670729 
0.154616 0 0 0 0.845384 
0 1 0 0 0 
0 0.607531 0.161164 0 0.231305 
0.122142 0.259171 0.338879 0 0.279808 
0.46947 0.096567 0.433962 0 0 
0.605013 0.167108 0 0.227879 0 
0.220727 0 0.650024 0 0.129249 
0.389878 0 0.267028 0.343094 0 
0.298872 0.325674 0.318077 0.0573766 0 
0.285264 0.138223 0.320214 0 0.256298 
0 0.422001 0.381973 0 0.196026 
0 0.477846 0 0.458906 0.063248 
0.301339 0.292371 0 0.406289 0 
0.454449 0.545551 0 0 0 
0.284334 0.124036 0.222092 0.286085 0.0834532 
0.271671 0.302102 0.220211 0.206016 0 
0.735772 0 0 0 0.264228 
0 0.40686 0.227854 0 0.365287 
0.831301 0 0 0 0.168699 
0 0.582452 0 0.299483 0.118065 
0 0 0 0 1 
0 0.635227 0 0 0.364773 
0 0 1 0 0 
0 0.129194 0.870806 0 0 
0.38092 0.060928 0.0770451 0.049338 0.431769 
0 0 0 0 1 
1 0 0 0 0 
0.544523 0.0726423 0 0 0.382835 
0 0.426114 0 0.377601 0.196284 
0.238106 0 0.383591 0.378303 0 
0.597925 0.111317 0 0 0.290759 
0 0.484717 0.515283 0 0 
0.558334 0 0.441666 0 0 
0 0 0 1 0 
0.452645 0 0.154814 0 0.392541 
0 0.446807 0.363998 0 0.189195 
0.288554 0.711446 0 0 0 
0 0.373035 0.251218 0.375747 0 
0 0 0 1 0 
0.440449 0.175974 0 0.23426 0.149317 
0.482412 0 0.517588 0 0 
0 0 0 0.618543 0.381457 
0.43585 0 0.420545 0 0.143605 
0.61913 0 0 0.38087 0 
0 0.431051 0.568949 0 0 
0.388074 0 0 0.366322 0.245605 
0.189998 0 0 0.411492 0.398509 
0 0.4199 0 0.5801 0 
0.0479855 0.323125 0.306912 0.187229 0.134749 
0 0 1 0 0 
0 0.131384 0.313464 0.555152 0 
