5 100
0.390767
0.301851
0.669507
0.423727
0.35979
10.1859 0.358951
9.61703 1.19604
9.03742 0.112376
8.96399 0.904272
8.63389 0.47891
8.46672 1.16405
8.34053 1.54359
7.68904 0.676686
7.58858 1.61802
7.37281 1.01851
7.21881 1.21398
7.17387 0.48313
7.16404 2.44227
7.12898 1.80351
6.97267 2.45825
6.8614 2.87278
6.76265 1.84831
6.61542 2.03507
6.59936 1.22733
6.57419 1.92014
6.52681 1.25505
6.52016 2.03451
6.41652 2.43131
6.29068 2.90336
6.24008 1.45989
6.14388 1.43355
5.95684 2.3785
5.9403 1.79056
5.85141 2.51282
5.68703 2.46403
5.66914 1.8844
5.05916 2.78803
4.92835 2.44594
4.9193 2.91964
4.65014 2.7361
4.4036 3.16014
4.31163 3.0802
4.17384 3.36391
4.04664 2.33717
3.91223 4.40003
3.60782 3.01617
3.5612 5.02996
3.52212 5.30208
3.39929 3.88883
3.24343 3.16173
3.23466 4.45932
3.22093 5.45003
3.13241 4.38355
2.79507 6.31542
2.63982 4.84923
2.63532 4.95892
2.57965 4.49903
2.50325 4.31817
2.4498 4.78353
2.14871 4.03962
1.98372 6.34997
1.93456 6.36565
1.87589 5.7636
1.83072 5.10107
1.73562 4.31109
1.72109 4.98509
1.7206 5.82349
1.49482 7.10418
1.43906 5.51488
1.27156 7.49149
1.21558 5.35005
1.21368 5.96585
1.18652 6.45857
1.18598 7.03772
1.16624 5.88005
1.10062 8.40511
1.05955 5.04978
1.04533 5.79902
1.02729 7.33872
0.921357 8.61194
0.827798 7.2726
0.742488 6.99985
0.676881 7.48453
0.630173 7.17953
0.546454 9.37025
0.493552 6.04797
0.390561 8.66635
0.367575 9.42973
0.24581 7.9819
0.167209 7.69219
0.167072 7.78894
0.155578 7.46732
0.0838248 10.6826
0.0756 6.99617
0.0659743 11.2866
0.0572231 7.88258
0.0509426 10.0996
0.0456081 10.6405
0.018252 10.305
0.0106881 7.88943
0.0048443 7.4579
0.00334259 8.88943
0.00259518 11.4201
0.00130154 7.47095
0.00127661 8.04623
0 0 0 0 1 
0.405982 0 0 0.38514 0.208878 
0.205497 0.794503 0 0 0 
0.527119 0 0 0 0.472881 
0.358819 0.294914 0 0.346268 0 
0.38766 0 0.356275 0.133139 0.122926 
0.412952 0.080709 0.506339 0 0 
0 0 0.220138 0 0.779862 
0 0.643756 0 0 0.356244 
0 1 0 0 0 
0.678332 0 0 0 0.321668 
0.145447 0 0.360465 0.291219 0.202869 
0 0.786646 0.213354 0 0 
0.21249 0.434723 0.352786 0 0 
0 0.288283 0.317987 0.260186 0.133544 
0.23688 0.428637 0 0.0493652 0.285117 
0.30997 0.425376 0 0.264654 0 
0.0460074 0.424374 0.144952 0.384667 0 
0 0 0 1 0 
0 0 0 0 1 
1 0 0 0 0 
0 0 0 1 0 
0 0.290971 0 0.243262 0.465767 
0 0 0.509729 0.352409 0.137862 
0 0 0 0.18406 0.81594 
0.797453 0 0.202547 0 0 
0 0 0 1 0 
0 0.288098 0.171713 0.35364 0.186549 
0.514625 0 0 0 0.485375 
0.440798 0.0581173 0 0 0.501085 
0 0 1 0 0 
0.186272 0 0.813728 0 0 
1 0 0 0 0 
0.318918 0.33573 0 0.198403 0.146949 
0.162774 0.354248 0.2406 0 0.242378 
0 0.267005 0.463478 0.269518 0 
0.176598 0.288164 0.307748 0 0.22749 
0 0.275502 0 0.724498 0 
0 0 1 0 0 
0 1 0 0 0 
0 0.281635 0.182865 0.256587 0.278913 
0 0.185021 0.814979 0 0 
0.125041 0.394288 0 0 0.480671 
0 0 0.373107 0 0.626893 
0 0 1 0 0 
0 0.605987 0 0 0.394013 
0.396251 0 0 0.603749 0 
1 0 0 0 0 
0.213626 0.223859 0.280229 0.25011 0.0321763 
0.343039 0.208192 0 0.448769 0 
1 0 0 0 0 
0 0.660201 0 0 0.339799 
0.266745 0 0.733255 0 0 
0.124498 0.667718 0.207784 0 0 
0.10722 0.631423 0 0 0.261357 
0.359575 0.323966 0 0.316458 0 
0.298143 0.556722 0 0.145135 0 
0.570402 0 0.319342 0.110256 0 
0 0.849519 0 0 0.150481 
0.183539 0.485504 0.234839 0.0961177 0 
0.782648 0 0.217352 0 0 
0.749216 0 0 0.250784 0 
0.525425 0 0.198762 0.275814 0 
0.274585 0.250817 0 0.474597 0 
0 0 0.14591 0.180617 0.673473 
0 0 0.757027 0 0.242973 
0.604013 0 0 0 0.395987 
0.256765 0.536616 0.206619 0 0 
0.367457 0 0 0 0.632543 
1 0 0 0 0 
0 0.246211 0.603197 0 0.150592 
0.181288 0.262525 0 0.345473 0.210715 
0.122347 0.169477 0 0.350011 0.358164 
1 0 0 0 0 
0.229315 0.540024 0 0 0.230662 
0 1 0 0 0 
0.745866 0 0 0 0.254134 
0.469575 0 0.374547 0.155877 0 
1 0 0 0 0 
0 0 0.152613 0.847387 0 
0.367199 0.119266 0.152053 0 0.361482 
0.0813285 0.227364 0.3387 0.352607 0 
0.12335 0 0.580794 0.295856 0 
0.173884 0.241759 0.449428 0 0.13493 
0 0.644154 0.190861 0 0.164985 
0.572536 0.152961 0 0.274503 0 
0.155764 0 0 0.492167 0.352068 
0.0791453 0.684061 0 0 0.236794 
0.354733 0.380219 0 0 0.265048 
0 0 1 0 0 
0.280855 0.12327 0 0.595875 0 
0.096757 0 0.38725 0.515993 0 
0 0.47635 0 0.52365 0 
0.400123 0 0 0 0.599877 
0.20849 0 0.79151 0 0 
0.0739691 0 0.457736 0.329896 0.138399 
0 0 0 0 1 
0.608893 0.160917 0.23019 0 0 
0 0.377311 0.622689 0 0 
0 0.387145 0.269082 0 0.343773 
