5 200
0.671216
0.267289
0.304506
0.569651
0.334094
11.2158 0.21605
11.023 0.488558
10.5499 0.380026
10.5096 0.198082
10.3597 0.589576
10.3339 0.566931
9.82779 0.800274
9.77848 0.973447
9.57491 0.493767
9.21487 0.516347
8.80691 0.688717
8.72466 1.82677
8.59086 0.898744
8.40061 1.93676
8.39433 1.24222
8.21534 1.58446
8.19729 0.189469
7.95073 0.641426
7.93723 0.610106
7.49405 0.846726
7.41896 0.447458
7.40879 1.17988
7.35665 0.161314
7.34 1.66417
7.3284 1.30591
7.32222 1.60273
7.28715 1.10831
7.25439 0.423142
7.15301 0.287655
7.06057 1.39613
7.04536 1.26207
7.00099 2.53539
6.99892 1.88263
6.96346 2.29628
6.8568 2.63787
6.81237 2.52481
6.75167 2.50962
6.71839 2.37803
6.68514 0.776588
6.58849 2.41878
6.5792 1.84543
6.56053 1.8858
6.50079 0.791524
6.48912 2.01305
6.48818 1.16592
6.43945 2.1722
6.42577 1.84215
6.31559 1.87183
6.28089 2.50564
6.16317 1.35265
6.15447 0.826679
6.13306 2.72678
5.79987 2.30121
5.69632 2.2839
5.6327 1.65601
5.59609 2.52203
5.4198 2.40494
5.3658 1.41569
5.31853 2.75729
5.27746 2.13222
5.18851 2.82122
4.9781 2.11181
4.96159 2.43503
4.91115 3.25818
4.83755 1.86493
4.80502 2.42731
4.74795 2.61002
4.7383 4.37666
4.56478 2.83158
4.48276 2.6339
4.45638 3.40698
4.42656 2.36563
4.42204 4.4592
4.34323 4.38671
4.3384 3.09581
4.32355 4.21811
4.18677 3.73636
4.13059 3.07164
4.12326 3.7594
4.11087 3.12729
4.04374 4.81726
4.03972 4.08588
4.03475 3.70003
4.03232 2.63314
3.98066 2.55304
3.96263 2.68877
3.94515 4.86798
3.85922 3.61846
3.80694 3.50794
3.76382 3.52727
3.69074 2.76124
3.51073 3.75716
3.38833 2.58855
3.35404 4.43561
3.33494 4.09101
3.16167 5.3252
3.15804 5.29065
3.13036 3.71357
3.11473 3.24
3.04453 4.42912
3.00497 4.46396
2.99144 3.9689
2.89346 4.35848
2.83529 6.02208
2.81705 5.23414
2.78545 5.19727
2.73979 5.43
2.67455 5.1642
2.61998 3.93729
2.48937 5.70989
2.48548 3.98008
2.45268 4.0406
2.41762 5.64648
2.4103 3.91662
2.39068 3.67103
2.34304 4.39697
2.26154 5.6527
2.24632 6.58052
2.21755 3.95544
2.19033 5.27251
2.08382 5.44887
2.03082 6.32161
1.96794 4.92536
1.89579 5.72555
1.89485 4.49864
1.89026 5.5687
1.73598 5.14728
1.69454 6.4047
1.66674 4.85838
1.64345 4.90918
1.52225 7.43606
1.51693 7.37106
1.51528 5.28279
1.46344 4.4211
1.44671 5.13908
1.44323 5.17784
1.44188 5.83043
1.42615 4.67672
1.27739 6.89575
1.2754 5.14544
1.26041 7.98954
1.24481 4.67486
1.23588 7.66791
1.16036 7.82822
1.1557 7.68313
1.09168 6.8688
1.05574 7.21346
0.942494 6.08005
0.940614 7.7542
0.921741 5.0836
0.919907 8.20866
0.908254 8.27128
0.771757 6.2833
0.753421 8.17918
0.732082 7.15109
0.693447 6.18048
0.684544 6.36388
0.578544 6.96908
0.571502 5.4602
0.517061 6.38031
0.501891 8.27971
0.479276 6.82636
0.453 6.45041
0.406091 9.42253
0.381609 8.20962
0.380309 8.99879
0.326503 10.1166
0.303034 7.73453
0.2755 6.68526
0.248654 8.95997
0.236533 7.80851
0.235165 9.52418
0.218929 8.87924
0.206532 6.93043
0.205902 7.10115
0.162207 7.07015
0.160777 8.08552
0.153753 9.92828
0.121006 9.78974
0.119246 9.01548
0.118108 7.03521
0.102836 7.40541
0.0998241 7.20893
0.0997764 8.32785
0.0881045 6.88708
0.0800704 7.07863
0.0766463 8.36695
0.0747092 6.8836
0.0699549 11.0088
0.0556299 7.48977
0.0303125 11.672
0.0292092 8.88899
0.0252274 8.17926
0.0206628 8.01429
0.0133219 11.2996
0.0117578 7.25274
0.0112743 8.13086
0.0108888 7.81538
0.0090807 7.56689
0.00379847 7.45934
0 0.244911 0 0.22365 0.531439 
0 0.383224 0 0.616776 0 
0 0 0 1 0 
0.0826877 0.159112 0.303181 0.455019 0 
0 0 0 1 0 
1 0 0 0 0 
1 0 0 0 0 
0 0 0 0 1 
0 0 0.474278 0.525722 0 
0 0 0 1 0 
0.372202 0 0 0.627798 0 
0 0 0 1 0 
0 0.482454 0 0 0.517546 
0.480609 0 0 0.405669 0.113723 
0.380858 0 0 0.619142 0 
0 0 0.715191 0 0.284809 
0.168136 0 0.229983 0.307125 0.294756 
0 0 0 1 0 
0 0 1 0 0 
0.142679 0.0714846 0.531174 0 0.254662 
0.53881 0.46119 0 0 0 
0.342066 0 0.190843 0.467091 0 
0 0 0 1 0 
1 0 0 0 0 
0 0 0 0.267045 0.732955 
1 0 0 0 0 
1 0 0 0 0 
0.538071 0 0 0 0.461929 
0 0.192725 0.521433 0 0.285843 
0 0.380533 0.530146 0.0893212 0 
0 0.257947 0 0 0.742053 
0 0.417504 0 0.582496 0 
0.546957 0 0 0 0.453043 
0 0 0 1 0 
0 0 0.471561 0.528439 0 
0 0.113404 0 0.690937 0.195659 
0 1 0 0 0 
0 0 0.481806 0.518194 0 
0.63034 0.36966 0 0 0 
0.616887 0 0 0 0.383113 
1 0 0 0 0 
0 0 0 0 1 
1 0 0 0 0 
0.464677 0 0 0 0.535323 
1 0 0 0 0 
0.601964 0 0 0 0.398036 
0 0.477807 0.26553 0.256663 0 
0 0.581492 0 0.418508 0 
0.701797 0 0 0 0.298203 
0.218732 0 0 0.781268 0 
0.675076 0 0.324924 0 0 
0 0.434129 0.565871 0 0 
0.459056 0.348496 0.0816021 0 0.110845 
0 1 0 0 0 
0.722228 0.155928 0 0 0.121844 
0 0.637106 0 0.362894 0 
0 0 0 1 0 
0.101274 0.18571 0.713016 0 0 
0.480848 0 0 0.519152 0 
0 0.365806 0 0.323766 0.310428 
0.598217 0.401783 0 0 0 
1 0 0 0 0 
0 0.409374 0 0.590626 0 
0.297739 0 0 0.137257 0.565004 
0 1 0 0 0 
0 0.647124 0 0 0.352876 
0.116113 0.467023 0 0.0651632 0.351701 
0 0 0.602882 0.397118 0 
0.232323 0.290589 0.249219 0.227869 0 
0 0.594403 0.405597 0 0 
0 0.247648 0 0 0.752352 
0 1 0 0 0 
0.274659 0 0 0 0.725341 
0 0.243922 0.756078 0 0 
0 0 1 0 0 
0 0.689093 0 0.310907 0 
0 0 0.29012 0.253947 0.455933 
0 0 0 0 1 
0.629405 0 0.370595 0 0 
0 0.241097 0.758903 0 0 
0 0 0 0 1 
0.889753 0 0 0 0.110247 
0 0.868918 0 0 0.131082 
0 0 0 0 1 
0 0.352607 0 0.647394 0 
0 0 0.633799 0.366201 0 
0 0.462026 0 0 0.537974 
0 0.329661 0.22024 0.450099 0 
0 0 0 1 0 
0.496657 0.157692 0.345651 0 0 
0 0 0.357936 0.24204 0.400025 
0.293584 0 0 0.706416 0 
0 0 0.636685 0 0.363315 
0.366362 0.478124 0 0.155515 0 
0.15141 0 0.84859 0 0 
0 0 0 0.552885 0.447115 
0.47456 0 0 0.52544 0 
1 0 0 0 0 
0.123218 0.432339 0 0.244035 0.200408 
0 0.142907 0.433332 0 0.423761 
0 0.491219 0 0 0.508781 
1 0 0 0 0 
0.253464 0 0 0 0.746536 
0 1 0 0 0 
0 0 0 0.610127 0.389873 
0 0 0 1 0 
0 0 0.524294 0.475706 0 
0.478354 0 0.187913 0.333733 0 
0 0 0 0.426694 0.573306 
0.447244 0.101037 0.451719 0 0 
0.42069 0.57931 0 0 0 
0.196623 0 0.568973 0 0.234404 
0 0.309693 0 0 0.690307 
0 0.299779 0.700221 0 0 
0 0.403204 0 0.486994 0.109803 
0.694135 0 0 0.305865 0 
0 0 0 0 1 
1 0 0 0 0 
0 0 0 0 1 
0 0 0.366584 0 0.633416 
0 0 1 0 0 
0 0.501994 0.498006 0 0 
0.632678 0.197471 0.169851 0 0 
0.621464 0 0 0 0.378536 
0.772425 0.227575 0 0 0 
0 0.2442 0.164676 0.375644 0.21548 
0.71558 0 0.28442 0 0 
0 0 0 1 0 
0 0 1 0 0 
0 0 0 0 1 
0 0.694127 0 0 0.305873 
0 0.544352 0 0 0.455648 
0 0.472465 0.216586 0.188813 0.122136 
0 0.147076 0.366432 0.486491 0 
0 0.816974 0 0 0.183026 
0.293297 0.706703 0 0 0 
0 0 0 0.532325 0.467675 
0.329111 0.0675988 0.603291 0 0 
0 0.404697 0 0.27882 0.316483 
0.601832 0 0 0.398168 0 
0.212942 0.431338 0 0.355719 0 
0 0 0 0.554522 0.445478 
0 0 0.332194 0 0.667806 
0 1 0 0 0 
0 0 0 1 0 
0.208021 0.170548 0 0.295861 0.32557 
0 0.626674 0.373326 0 0 
0.563622 0 0.436378 0 0 
0.175255 0 0 0 0.824745 
0 0.451569 0.548431 0 0 
0.144111 0.0701267 0.503108 0 0.282654 
0 0 0.379199 0.32602 0.294781 
1 0 0 0 0 
0.765036 0 0.234964 0 0 
0 0 0 1 0 
1 0 0 0 0 
0 0 0 1 0 
0 0 1 0 0 
0.466807 0.533193 0 0 0 
0 0 0 0 1 
0 0.394485 0.152031 0.141364 0.31212 
0 0 1 0 0 
0 0 0.45324 0 0.54676 
0 0 0 1 0 
0 0 0 1 0 
0.425408 0.211442 0 0.36315 0 
0.396228 0 0.508219 0.0955531 0 
0 0 1 0 0 
0.498642 0 0.0614385 0.43992 0 
0 0 0 0 1 
0.343268 0 0.391882 0.26485 0 
0 0 0 1 0 
0 0 1 0 0 
0 0.117589 0.38652 0.495891 0 
0.296757 0 0.146093 0.306594 0.250555 
0 1 0 0 0 
0 0 0 1 0 
0 0 0.782558 0.217442 0 
0.140396 0.859604 0 0 0 
0 0 0.513805 0.360776 0.125419 
0 0.478646 0 0.123431 0.397923 
0 0 0 0 1 
0.364852 0.284664 0.183022 0 0.167462 
0.657675 0.342325 0 0 0 
0.502998 0 0 0 0.497003 
0 0 0 0.514848 0.485152 
0 0 0 1 0 
0 0 0 0 1 
0 0.319326 0 0 0.680674 
0.212016 0 0 0 0.787983 
0 1 0 0 0 
0 0 0 1 0 
0 0.139896 0.860104 0 0 
0 0 0 0 1 
0 0.501031 0 0 0.498969 
0 0 0.850302 0 0.149698 
0 1 0 0 0 
0.350267 0 0.380273 0.269459 0 
0.437346 0 0 0.250645 0.312009 
0 0.28304 0.71696 0 0 
