5 150
0.43639
0.620754
0.499054
0.259326
0.382903
11.4272 0.289686
11.0894 0.230473
8.96416 0.789889
8.94769 1.09486
8.74146 0.341552
8.65301 1.53588
8.55907 1.87411
8.52535 0.746572
8.30714 0.201291
8.04042 1.90272
8.01328 1.88287
7.63048 0.733773
7.58705 1.6547
7.58063 1.48905
7.53814 1.21802
7.35597 1.4413
7.34653 0.352705
7.34284 2.28444
7.3382 2.28728
7.19483 0.299729
7.03101 2.68737
6.50408 2.01423
6.32497 0.912548
6.11855 2.61166
5.99823 2.49702
5.99787 2.59121
5.99302 1.29121
5.94994 2.81924
5.94775 1.65601
5.81676 1.85697
5.72463 2.49523
5.72343 3.73757
5.55141 2.08161
5.29365 3.08081
5.14997 3.03603
5.14332 3.81206
5.03481 3.14613
5.01501 1.76677
5.00476 1.92417
4.83521 3.80743
4.60936 1.7496
4.58873 4.59209
4.45006 2.02715
4.1728 2.41555
4.14788 3.10967
3.93834 4.0337
3.81238 3.69157
3.80034 3.19947
3.77917 4.08993
3.72799 4.63242
3.71621 4.20475
3.5545 3.66555
3.36153 3.10501
3.33223 5.83902
3.31854 3.20452
3.26518 3.22272
3.23169 4.4029
3.21384 3.10134
3.14971 4.65423
3.06531 5.2936
3.01098 5.64854
3.00029 3.93569
2.9851 3.35798
2.64289 4.96856
2.57943 5.41794
2.41752 4.12409
2.33707 4.59058
2.25369 5.07056
2.23494 5.37252
2.17306 4.79919
2.13643 5.44145
2.1339 5.29015
2.09725 4.07526
2.07004 5.1461
2.01275 6.55326
1.99148 6.57177
1.854 5.39012
1.83807 6.31335
1.80348 5.08236
1.78532 4.76748
1.71083 6.54865
1.64794 5.62007
1.57581 5.91555
1.51896 5.26381
1.42927 5.16638
1.28955 8.22321
1.19142 5.04185
1.17688 6.28152
1.13621 7.05296
1.04357 7.16496
1.04315 6.25862
0.975214 7.57078
0.951127 5.07329
0.943905 5.40194
0.838156 8.95681
0.810317 7.75796
0.802025 7.59017
0.797232 5.44331
0.790169 5.73095
0.774995 8.44431
0.676165 8.37335
0.663146 7.23703
0.651685 8.59119
0.62356 6.00394
0.574917 8.375
0.567243 6.20716
0.514829 5.85101
0.494037 5.99884
0.487967 9.36458
0.440522 9.01597
0.411375 7.60948
0.403163 6.42357
0.381578 9.51381
0.376914 9.15969
0.351352 8.20419
0.320614 7.81238
0.290831 6.52704
0.2793 7.81249
0.250012 7.38987
0.245309 6.93847
0.222141 7.20794
0.220164 7.71645
0.191969 6.98429
0.169855 9.72459
0.164829 9.91467
0.164008 7.91214
0.161506 7.9788
0.148741 6.72396
0.138131 8.74123
0.12806 9.32673
0.119103 10.5465
0.100308 7.28996
0.0984566 7.85899
0.0849849 11.0312
0.0793111 7.73198
0.0524743 10.9052
0.0503561 9.85025
0.0427325 11.5058
0.0320154 7.58978
0.0279368 7.38141
0.0249789 10.4474
0.0227363 8.94783
0.0214525 7.49396
0.0206306 10.2227
0.0192891 11.8051
0.00732742 11.8695
0.00632303 9.24611
0.00244028 9.35409
0.00141512 12.2272
0.00114241 8.44393
0 0.261031 0 0.738969 0 
0.433967 0.2566 0.309433 0 0 
0 0.428757 0.571243 0 0 
0 0 0 1 0 
0 0 1 0 0 
0 0 0.36268 0 0.63732 
1 0 0 0 0 
0 0 1 0 0 
0 0 0 1 0 
0 0 0 0 1 
0 0 1 0 0 
0 1 0 0 0 
0 1 0 0 0 
0 0 1 0 0 
0 1 0 0 0 
0 0.257819 0.39045 0.351731 0 
0 0 1 0 0 
1 0 0 0 0 
0 1 0 0 0 
0 0 0 1 0 
0 0 0.419104 0 0.580896 
0.560195 0 0.439805 0 0 
0 1 0 0 0 
0.761557 0 0 0.238443 0 
0 0 0 1 0 
0.383385 0 0 0.616615 0 
0 1 0 0 0 
0 0 1 0 0 
0 0 0 0 1 
0 0 0 0.876378 0.123622 
0 1 0 0 0 
0 0 1 0 0 
1 0 0 0 0 
0 1 0 0 0 
0 1 0 0 0 
0 0.894635 0 0 0.105365 
0 0 0 1 0 
0 0 0.155023 0.844977 0 
0 0 0 0 1 
1 0 0 0 0 
0 0 0 0 1 
0 0 0 1 0 
0 0 1 0 0 
0 0 0 0 1 
0 1 0 0 0 
0 1 0 0 0 
1 0 0 0 0 
1 0 0 0 0 
0 0.430209 0.569791 0 0 
0.385169 0 0 0.614831 0 
0 0 1 0 0 
0 0 0 1 0 
0 0 0 1 0 
0.574181 0.425819 0 0 0 
0 0 0 0 1 
1 0 0 0 0 
0 0 1 0 0 
0 0 0 0 1 
1 0 0 0 0 
0 0.317079 0 0.682921 0 
0 0 1 0 0 
0 0 0 0 1 
0 0 1 0 0 
0.391157 0 0 0 0.608843 
0 0 1 0 0 
0 0 0 1 0 
0 0 0 1 0 
0 1 0 0 0 
0 0 1 0 0 
0 0 0 0 1 
0 0 0.835638 0 0.164363 
0.713207 0 0.286793 0 0 
0 0 0 0 1 
0 1 0 0 0 
0 0 1 0 0 
0 0.281444 0 0.718556 0 
1 0 0 0 0 
0 0 0 1 0 
0 1 0 0 0 
0 0 1 0 0 
0 1 0 0 0 
0 0 0 1 0 
0 0 1 0 0 
0 1 0 0 0 
0 0 0 1 0 
0 1 0 0 0 
0 0 1 0 0 
1 0 0 0 0 
0 1 0 0 0 
0 1 0 0 0 
0 0 0 0 1 
1 0 0 0 0 
0 0 0 0 1 
0 1 0 0 0 
0 0 1 0 0 
0 0 0 0 1 
0 0 0 0 1 
0 0 0 0 1 
0 0 0 1 0 
0 0 1 0 0 
0 0 1 0 0 
0.597354 0 0.402646 0 0 
0 1 0 0 0 
0 0.39579 0 0 0.60421 
0 1 0 0 0 
0 0 1 0 0 
0 1 0 0 0 
1 0 0 0 0 
0 1 0 0 0 
0 0 1 0 0 
1 0 0 0 0 
0 0 0 1 0 
0 1 0 0 0 
0 0 1 0 0 
0 0 0 0.299621 0.700379 
0 0 1 0 0 
0 0 0 0 1 
1 0 0 0 0 
0 0 1 0 0 
0 0 0 0 1 
1 0 0 0 0 
0.480695 0 0.519305 0 0 
0 0 0 1 0 
0 0.512287 0 0.487713 0 
0 0 0 1 0 
0 0 0 0 1 
0 0 0 0 1 
0 0 0 0 1 
1 0 0 0 0 
1 0 0 0 0 
0 0 1 0 0 
0 0 0 0 1 
1 0 0 0 0 
0 0 0 1 0 
0.605173 0 0.394827 0 0 
0 0 1 0 0 
0 0 0 0 1 
0 0 0 0 1 
0 0 0 0 1 
0 0 0 1 0 
0.588326 0 0 0 0.411674 
0 1 0 0 0 
0.314464 0 0 0.685536 0 
0 0 0 0 1 
0 0 0 1 0 
0 0 0 0 1 
0 0 1 0 0 
0 0 0 0 1 
0 0 0 0 1 
0 1 0 0 0 
