5 150
0.325228
0.372333
0.455802
0.463401
0.619518
11.588 0.0918373
10.2359 0.452739
9.51326 0.373258
9.39586 0.660333
9.3547 0.334733
9.27317 0.192628
8.87492 1.32494
8.52757 0.866177
8.33281 0.512423
8.21783 0.93758
7.88286 0.50393
7.78054 0.553623
7.47125 1.20261
7.23382 0.83997
7.13358 0.858712
6.99048 0.484647
6.92334 2.71731
6.78825 1.1509
6.71097 1.52014
6.6787 2.02474
6.55826 0.804758
6.52495 0.615731
6.50842 2.15439
6.47834 1.72279
6.37233 2.47951
6.1445 1.39541
5.9804 2.37711
5.86977 2.09149
5.80069 2.64896
5.79299 1.25972
5.78252 2.45679
5.76023 1.28982
5.75343 1.46306
5.73679 2.92999
5.6634 3.19116
5.56574 3.23911
5.45594 2.4658
5.37615 2.1671
5.2661 2.7927
5.2433 3.67751
5.17134 1.69171
5.17018 2.73193
4.91725 2.59187
4.78516 2.272
4.71889 4.44265
4.63756 3.13743
4.4882 2.49282
4.46333 2.50728
4.12936 2.88232
4.11625 2.78616
3.80702 2.32028
3.76607 4.70913
3.73614 3.61031
3.71527 4.29976
3.62002 3.35958
3.53095 3.9867
3.36926 4.00286
3.34984 3.87807
3.1309 3.9259
3.12252 4.67226
3.07311 5.25906
3.0386 4.13549
2.95943 4.38919
2.84218 3.5485
2.7039 4.05628
2.55954 4.45902
2.4659 5.61905
2.42877 4.83622
2.4028 5.40573
2.38931 5.40851
2.24652 3.84599
2.22081 6.00471
2.12076 5.98871
2.09341 5.28557
2.08315 6.0716
2.044 4.93598
2.02738 5.80464
1.99537 6.59071
1.99235 5.37147
1.91486 6.1089
1.81427 7.32087
1.70922 4.44093
1.6972 6.56823
1.56658 5.423
1.50151 6.16513
1.47584 6.79601
1.40242 7.995
1.39654 6.36371
1.34397 6.44861
1.23833 4.55047
1.18539 5.2113
1.16646 7.72489
1.15421 5.32229
1.13849 5.56286
1.1041 5.11562
0.993097 8.16707
0.9652 6.1462
0.953355 7.24031
0.889899 6.25481
0.84768 7.45895
0.764678 8.46826
0.685318 5.99758
0.629809 7.11589
0.618917 6.59755
0.613142 5.85909
0.612695 5.66948
0.601223 8.47623
0.580414 6.48448
0.557375 5.76668
0.540224 8.4921
0.537113 5.56967
0.504689 6.92555
0.417911 9.59543
0.379398 7.85268
0.336397 6.5407
0.32972 8.86867
0.327293 7.24252
0.296636 6.27994
0.287166 8.68829
0.283941 10.0221
0.276154 6.3136
0.269641 6.91
0.250057 10.3168
0.234063 10.3062
0.143336 9.4193
0.13967 10.3626
0.119284 8.84167
0.110516 8.87692
0.106598 9.22393
0.106211 9.66686
0.102816 8.44792
0.0874609 9.60126
0.0807848 9.66487
0.0797312 9.36082
0.0746643 10.459
0.0700765 8.02434
0.0691955 8.97547
0.0616931 7.50443
0.0613942 8.56846
0.0527586 10.421
0.0450452 9.66467
0.0440296 7.28581
0.0344359 7.74769
0.0314129 7.15316
0.0275647 9.01477
0.0267757 8.48428
0.0243848 8.95559
0.0124013 7.59544
0.00415867 8.69731
0.00294904 8.10979
0.149367 0.602453 0.24818 0 0 
0 0.255988 0 0 0.744012 
0 0.341558 0.148101 0.372391 0.13795 
0.631746 0 0 0.15816 0.210094 
0 0 0.352754 0.277563 0.369682 
0 0.449113 0.270122 0 0.280765 
0.317898 0 0.366165 0.315937 0 
0 0.636038 0 0.363962 0 
0.518883 0.412702 0 0.0684154 0 
0 0.407084 0.338591 0.254325 0 
0.501659 0.309326 0 0.189015 0 
0.10539 0 0 0.106084 0.788527 
0.385782 0 0 0.614218 0 
0.27541 0 0.352415 0 0.372175 
0.197001 0.250436 0.141745 0.231757 0.179061 
0 0.56129 0.209418 0.229293 0 
0.450378 0 0.373021 0.176601 0 
0 0.318867 0.25424 0.426894 0 
0 0.816941 0.0993268 0 0.0837325 
0.279301 0.349305 0.145549 0.225845 0 
0.668588 0 0 0 0.331412 
0 0.0818042 0.063394 0.385237 0.469565 
0 0.435116 0.564884 0 0 
0 0.574437 0 0 0.425563 
0 0.496253 0 0.170363 0.333384 
0.100519 0.514821 0.384659 0 0 
0 0 0.357036 0 0.642964 
0 0 0.433364 0.140161 0.426475 
0.187125 0 0.427257 0.137332 0.248286 
0.0934701 0.377667 0.331286 0.197577 0 
0.271742 0.252168 0 0.201623 0.274467 
0 0.344758 0.100639 0.554603 0 
0 0.447006 0 0.304443 0.248551 
0.159025 0 0.840975 0 0 
0.613823 0.386177 0 0 0 
0.195156 0.0819492 0.3922 0.0579928 0.272702 
0.287635 0 0 0.0897777 0.622587 
0 0 0 0.611713 0.388287 
0 0.264424 0.24297 0.148871 0.343735 
0.435764 0 0.294972 0.269264 0 
0 0.20994 0 0.550984 0.239077 
0.23749 0.286578 0.0880017 0.150212 0.237719 
0 0 0 0.410877 0.589123 
0.187607 0.578697 0 0 0.233696 
0 0 0.217901 0 0.782099 
0.214527 0.252789 0.362421 0 0.170262 
0.221026 0 0 0 0.778974 
1 0 0 0 0 
0.256188 0 0.23141 0.372568 0.139834 
0 0 1 0 0 
0.132163 0.46481 0 0.0604153 0.342611 
0 0.275983 0.529774 0 0.194244 
0.12231 0.421636 0.114185 0.34187 0 
0.122644 0.260723 0 0.31878 0.297853 
0.202249 0 0 0.515484 0.282267 
0 0.566326 0.275191 0 0.158482 
0.376876 0.16383 0 0.459294 0 
0 0.169729 0.189317 0.30625 0.334703 
0 0.400648 0.502275 0 0.0970773 
0.183554 0 0 0.816446 0 
0 0.126611 0.378558 0.350328 0.144503 
0 0.535096 0 0.464904 0 
0.439177 0 0 0.106148 0.454675 
0.163148 0.387567 0.356002 0.0932838 0 
0 0.254732 0.341644 0.278926 0.124698 
0 0.172005 0.392411 0.285723 0.149862 
0.433329 0.280929 0.285742 0 0 
0 0.101347 0.283681 0.614972 0 
0 0.34222 0.336321 0 0.321459 
0.305812 0.478179 0.216009 0 0 
0.785995 0 0 0 0.214005 
0.417995 0 0.198873 0 0.383132 
0 0.392936 0.607064 0 0 
0 0.277764 0.248886 0.265256 0.208094 
0.349719 0 0 0.650281 0 
1 0 0 0 0 
0.276814 0.350004 0.228283 0 0.144899 
0.288115 0.3298 0.149062 0 0.233024 
0.109462 0.313036 0.436451 0.141051 0 
0 0.645156 0 0.354844 0 
0 0 0 0.80876 0.19124 
0 0.108759 0.207172 0.516508 0.16756 
0.192669 0.413606 0 0 0.393725 
0 1 0 0 0 
0 0 0.3584 0.319746 0.321854 
0 0 0.226311 0 0.773689 
0.416035 0.583965 0 0 0 
0.136194 0.329638 0.422328 0 0.11184 
0.791426 0 0 0.208574 0 
0 0 0.373546 0 0.626454 
0.13336 0 0.588343 0.0986338 0.179663 
0 0 1 0 0 
0.239404 0.121651 0 0.531811 0.107134 
0 0.229296 0 0.353859 0.416845 
0.182626 0.325015 0.394472 0 0.0978873 
0 0.306454 0.312166 0 0.38138 
0.201985 0.331559 0.289006 0.17745 0 
0 0.215614 0 0.784386 0 
0.128633 0.265654 0.421555 0 0.184158 
0.889299 0.110701 0 0 0 
0 0.642684 0 0 0.357316 
0.321537 0.142873 0 0.190861 0.344729 
0.386186 0 0.192763 0.365427 0.0556241 
0.19833 0.0781349 0.190724 0.199771 0.33304 
0.469105 0.200811 0 0.330084 0 
0.379231 0 0.299906 0 0.320862 
0.545015 0 0.0894643 0.365521 0 
0.178645 0.182869 0.12856 0.277507 0.232419 
0.307365 0.25034 0 0.226561 0.215735 
0.239168 0.28335 0 0.12427 0.353212 
0 0.273158 0.220512 0.129415 0.376916 
0 0.42869 0.391083 0 0.180228 
0.504147 0 0 0.146363 0.34949 
0.818071 0 0 0.181929 0 
0.468902 0 0 0.531098 0 
0 0 0.2357 0.439061 0.325239 
0 0.45593 0 0.358016 0.186055 
0 0.858909 0 0 0.141091 
0.380855 0.139478 0.479667 0 0 
0.408855 0.105515 0.245995 0 0.239635 
0.416448 0 0.155614 0.427939 0 
0.44491 0 0.137384 0.417706 0 
0.231768 0.280913 0.0889239 0.148919 0.249477 
0.646043 0 0 0.109438 0.244519 
0.302762 0 0.244375 0 0.452863 
0 0 0 0 1 
0 0.167974 0.490226 0.3418 0 
0 0.711112 0.152581 0.136307 0 
0 0.625825 0.374175 0 0 
0.371283 0.481829 0 0 0.146888 
0 0.55291 0 0.0878389 0.359251 
0 0 0.561761 0 0.438239 
0 0 0 0 1 
0.0645075 0.173155 0.394879 0.367458 0 
0 0.267481 0.224204 0.159284 0.349031 
0.253122 0.184583 0.210872 0.351423 0 
0.644978 0.355022 0 0 0 
0.105361 0 0 0.323364 0.571275 
0.671813 0.137235 0.190951 0 0 
0 0 0 0.257396 0.742604 
0.144032 0.236125 0.321505 0 0.298337 
0.14913 0.241523 0.233874 0.113954 0.26152 
0 0 1 0 0 
0.07728 0.212684 0.414214 0.295821 0 
0.405454 0 0.254463 0 0.340083 
0 0 0.490208 0 0.509791 
0 0 0.457084 0.542916 0 
0.0670673 0 0 0.310323 0.62261 
0 0 0.321296 0 0.678704 
0.2635 0.554686 0 0 0.181814 
