5 100
0.640149
0.42394
0.490669
0.253632
0.672666
10.2874 0.460587
10.0688 0.191637
9.17799 1.10124
9.17284 1.26768
9.0696 0.936582
8.91433 0.452905
8.79262 0.176347
8.74429 0.104206
8.6533 0.129677
8.64527 0.92234
8.25233 0.433486
8.12257 1.16481
8.06324 0.823879
7.98289 1.99745
7.81186 1.65293
7.56797 1.29954
7.39673 2.38253
7.36765 2.03104
7.35883 1.80055
6.79916 1.80439
6.69295 1.60785
6.61367 1.90924
6.47736 1.66234
6.38552 1.13435
6.25801 1.86417
6.00586 2.33649
5.91359 1.78062
5.50693 1.50271
5.35238 3.1242
5.32008 1.64058
5.24536 2.64879
5.17354 2.81268
4.97642 2.41483
4.786 2.82414
4.43835 2.82567
4.4154 3.26
4.22049 3.87368
3.92353 3.69553
3.67474 2.87146
3.50907 4.72077
3.35013 3.68934
3.1082 4.59824
3.04092 3.78802
3.03383 3.86967
2.93604 5.86689
2.84176 3.82113
2.77102 3.59129
2.76726 4.35025
2.73766 5.01245
2.62149 5.28472
2.30765 3.51556
2.14918 6.22408
2.08617 5.1057
2.00548 5.55925
1.9192 5.9549
1.81416 6.6263
1.77078 6.4446
1.73022 6.5079
1.60389 5.14592
1.534 7.31249
1.48838 6.44377
1.44816 6.03552
1.26433 6.07467
1.22985 6.19169
1.22558 5.65623
1.20654 8.21114
1.14397 7.16155
0.958823 6.65122
0.946131 7.20544
0.937387 5.67166
0.851086 6.72368
0.814909 8.10476
0.713594 8.18864
0.642925 7.01798
0.527806 6.19787
0.467852 8.22748
0.409666 9.72525
0.404752 5.85094
0.367965 7.58107
0.362885 9.25476
0.348566 8.62994
0.303233 10.2774
0.270902 9.65724
0.248994 8.07654
0.222126 6.88845
0.202111 10.3069
0.103134 8.07855
0.0688917 8.07
0.0669241 7.69697
0.0609599 9.83641
0.0552202 8.12421
0.0427741 8.01197
0.0365385 10.414
0.0282945 10.2956
0.0136865 8.5355
0.0118138 11.1282
0.00535808 10.8543
0.00384674 9.6719
0.00241319 7.914
0.00127684 11.681
0.509959 0 0.490041 0 0 
0 0.409751 0 0 0.590249 
0 1 0 0 0 
0 0 0 1 0 
0 0 0 1 0 
0.335881 0.545697 0 0.118423 0 
0 0 0 0 1 
0 0 1 0 0 
0 0 0 1 0 
0 1 0 0 0 
0.544888 0 0.455112 0 0 
0 0 0 1 0 
0 0 1 0 0 
0 1 0 0 0 
0 0 0.483892 0 0.516108 
0.231758 0 0.10478 0.663463 0 
0 0 0.360311 0 0.639689 
1 0 0 0 0 
0 0 1 0 0 
0 0 0.424528 0 0.575472 
0 1 0 0 0 
0 0 0 1 0 
0 0 0.577212 0.422788 0 
0 0 1 0 0 
0.714688 0.285312 0 0 0 
0 0 1 0 0 
0 0 1 0 0 
0.110667 0.157919 0 0.731414 0 
0 0 0.276984 0.204563 0.518453 
0 0.109188 0.302094 0.214577 0.374141 
0 0 0 0 1 
0 1 0 0 0 
0 0 0.581718 0.418282 0 
0 0 0 1 0 
0 0.374491 0.625508 0 0 
0 0 1 0 0 
0 0 0.819618 0 0.180382 
0 0 0 1 0 
0 0.244799 0 0.755201 0 
1 0 0 0 0 
0.179834 0.820166 0 0 0 
1 0 0 0 0 
0 0 0 0 1 
0.49454 0.50546 0 0 0 
0 0 0 0 1 
1 0 0 0 0 
0 1 0 0 0 
0.631075 0 0 0.368925 0 
1 0 0 0 0 
0 0.668947 0 0 0.331053 
0 0 0 1 0 
0 0 0 0 1 
0 0 0 1 0 
0 0 1 0 0 
0.559864 0 0 0 0.440136 
1 0 0 0 0 
0 0.464931 0 0.535069 0 
0 0 1 0 0 
0 0.465887 0 0 0.534113 
0 1 0 0 0 
0 0 0 1 0 
0 1 0 0 0 
0 0.241476 0 0.758524 0 
0 0 0 1 0 
0 0 0 1 0 
0 1 0 0 0 
0 0 1 0 0 
0.666045 0 0 0.333955 0 
0 0.385021 0.614979 0 0 
0 0 1 0 0 
0 0 0.475703 0.219696 0.304601 
0 0 0 1 0 
0.506621 0 0.493379 0 0 
0 0.576998 0 0.423002 0 
0 0.567528 0 0 0.432472 
0 1 0 0 0 
0 0.666574 0 0.333426 0 
0 0 0 1 0 
0 0 1 0 0 
0 0.503531 0 0.496469 0 
0.378856 0 0.357753 0.26339 0 
0.823747 0 0.176253 0 0 
0 0 0 1 0 
0.467935 0 0 0.532065 0 
1 0 0 0 0 
0 0.313507 0.686493 0 0 
0 0 0 1 0 
1 0 0 0 0 
0 0 0 1 0 
0 0 1 0 0 
0 0 1 0 0 
0.391207 0 0 0.608793 0 
0 0 0 1 0 
0.316522 0.153846 0 0 0.529632 
0 0 0 0 1 
1 0 0 0 0 
0 0 0 0 1 
0 0 0 1 0 
0.383939 0 0 0.616061 0 
0 0.495428 0.504572 0 0 
