5 150
0.283052
0.344424
0.255234
0.660642
0.513161
11.2907 0.481276
10.9507 0.391907
10.7504 0.301249
10.0667 0.848005
9.88388 0.334484
9.45636 0.108781
9.45525 0.736638
9.42903 0.703467
9.19646 0.311345
9.17479 0.277052
9.10426 0.798067
9.00663 1.03673
8.97473 1.08706
8.68593 0.459676
8.54979 0.747049
8.50453 0.993687
8.39359 1.63006
8.31049 0.974146
7.64416 0.799359
7.57801 2.22102
7.55415 0.775716
7.48619 0.848875
7.37812 0.965776
7.36396 1.0726
7.35303 1.75138
7.26053 1.32296
7.24872 0.942602
6.78468 0.956735
6.76777 1.70952
6.72352 2.83043
6.65604 1.27086
6.52836 1.50183
6.52406 2.37016
6.13171 2.80333
6.05427 1.47036
5.93021 2.46097
5.85292 2.35355
5.6485 3.34053
5.58467 3.44335
5.53597 3.75866
5.53271 2.79282
5.49797 2.07096
5.49654 3.14705
5.43152 1.87014
4.95428 3.24238
4.93103 3.76953
4.90097 3.61232
4.806 3.07955
4.79563 3.30624
4.76159 1.70279
4.75399 3.38704
4.71032 2.25132
4.43998 3.9282
4.37522 3.79827
4.33752 2.80676
4.22921 4.47976
4.19962 2.94248
4.1048 4.69271
4.04219 2.67662
3.96588 2.69131
3.96585 4.03395
3.83474 3.42661
3.83463 2.9383
3.66845 3.71524
3.57668 3.10748
3.57484 5.58142
3.49691 2.89474
3.48084 4.77242
3.2619 3.86689
3.26086 4.99253
3.24299 4.88799
3.10594 4.45444
3.06299 5.51103
3.04945 4.76141
2.80342 4.23123
2.77831 3.37723
2.74297 4.21381
2.7276 4.86706
2.66023 4.68913
2.60236 4.26103
2.52656 5.86401
2.49147 4.46797
2.42216 4.26102
2.2632 5.94964
2.20813 6.4625
2.20743 4.58043
2.1611 6.84998
2.11247 4.88251
2.01987 4.44233
1.98037 4.69913
1.90004 4.38804
1.83151 4.74222
1.80907 7.50133
1.70265 7.50257
1.52161 4.97131
1.39104 5.04225
1.31566 4.87086
1.31312 6.48015
1.24353 7.80395
1.23333 5.14432
1.2062 7.04121
1.12152 8.35225
1.07992 5.8019
1.05471 7.00107
1.05425 7.80495
1.01575 7.86868
0.923837 7.92413
0.843226 7.89092
0.719156 7.56943
0.708047 8.28035
0.705365 7.76688
0.605526 5.85705
0.585324 6.29128
0.56667 7.60085
0.491005 6.42059
0.468222 6.7926
0.415897 5.98707
0.403365 6.7502
0.400382 5.95242
0.341098 7.49452
0.314787 6.4222
0.302844 7.92072
0.289456 6.59016
0.280749 9.94271
0.258477 9.85354
0.218773 10.398
0.195315 9.70289
0.189206 7.84718
0.182762 8.83661
0.131756 7.18239
0.121948 9.4971
0.120462 7.86494
0.112285 7.89825
0.0985846 9.23949
0.0911576 10.7148
0.0667441 8.65588
0.0638283 8.07842
0.0524673 7.06755
0.0490486 10.9856
0.0402443 10.451
0.0349007 8.74829
0.0341288 10.0516
0.031874 10.8456
0.0214952 8.57658
0.0173083 8.56445
0.0158073 11.5762
0.0155163 8.69929
0.0112659 9.29599
0.00498484 7.86684
0.00495433 11.4198
0.247414 0.393045 0.359541 0 0 
0 0 0 1 0 
0 0 1 0 0 
0.280591 0 0.719409 0 0 
1 0 0 0 0 
0.19395 0 0.238316 0.261044 0.30669 
0 1 0 0 0 
0 0.468257 0.531743 0 0 
0 0 0 1 0 
0.385055 0 0.25892 0.204345 0.151679 
0 0 0.273569 0 0.726431 
0 0.492306 0.507694 0 0 
0.229051 0.106315 0 0 0.664635 
0.606334 0 0 0 0.393666 
0 0 0 0.786683 0.213317 
0 0 1 0 0 
0 0 0.274403 0.291746 0.43385 
0 1 0 0 0 
0 0 1 0 0 
0 0 0 1 0 
0 0.788762 0 0 0.211238 
0.0911963 0.477116 0 0.431687 0 
0 1 0 0 0 
1 0 0 0 0 
0 0 0 0 1 
0 1 0 0 0 
1 0 0 0 0 
0 0 0 0 1 
0.213265 0 0.381551 0 0.405183 
0 0 0.227833 0.772167 0 
0 0 1 0 0 
0 0.0980074 0 0.631781 0.270212 
0 1 0 0 0 
0 0 1 0 0 
0 0 0 1 0 
0 1 0 0 0 
0 0 0 0 1 
0.480756 0 0 0.519244 0 
0 0.420736 0.357582 0.221682 0 
0 0.306446 0 0.693554 0 
0 0 0 0 1 
0 0 1 0 0 
0.17257 0 0.399939 0 0.427491 
0 0 1 0 0 
0 1 0 0 0 
0 0 0 1 0 
0 0.173441 0.469837 0 0.356722 
0 0 0 0 1 
1 0 0 0 0 
0.678596 0.321404 0 0 0 
0.502904 0.497096 0 0 0 
0 0 0 0 1 
0 0 1 0 0 
1 0 0 0 0 
0 0 0 0 1 
0 0 0 0 1 
0 0 0 0 1 
0.282926 0.717074 0 0 0 
0 0 0.335524 0.481942 0.182534 
0 1 0 0 0 
0 1 0 0 0 
0 0 0 1 0 
0 0 1 0 0 
0 0 0.645124 0 0.354876 
0 0 0.306139 0.693861 0 
0 0 0 1 0 
0.12914 0.870861 0 0 0 
1 0 0 0 0 
1 0 0 0 0 
0 0.779296 0 0.220704 0 
0 1 0 0 0 
0 0 0.765294 0.234706 0 
0 0 1 0 0 
0.337137 0 0 0 0.662863 
0 0 0 0 1 
0 1 0 0 0 
1 0 0 0 0 
0 0 0 0 1 
0.271237 0.205078 0 0.523685 0 
0.454658 0 0.545342 0 0 
0 0 0 0 1 
0 0 0.515169 0.484831 0 
0 0 0 1 0 
0 0 1 0 0 
0 1 0 0 0 
1 0 0 0 0 
1 0 0 0 0 
1 0 0 0 0 
0.266365 0.733635 0 0 0 
0 1 0 0 0 
0 0 1 0 0 
0.389803 0.221667 0 0.38853 0 
0 1 0 0 0 
1 0 0 0 0 
0 0 1 0 0 
0 0 0 0 1 
0 0 1 0 0 
0 0.564633 0 0 0.435367 
1 0 0 0 0 
0 0 0.154011 0 0.845989 
0 0 1 0 0 
0 0 1 0 0 
0 0.709504 0.290496 0 0 
0 0 0 0 1 
0 1 0 0 0 
0 0.269056 0 0.545364 0.18558 
0 0 1 0 0 
0 1 0 0 0 
0 0 0.687518 0 0.312482 
0 1 0 0 0 
0.484719 0 0 0.515281 0 
0 0 1 0 0 
0 1 0 0 0 
0 1 0 0 0 
0.542061 0 0 0.457939 0 
0.526062 0.473938 0 0 0 
0 1 0 0 0 
1 0 0 0 0 
0 0 0 0 1 
0 0 0 0 1 
0 0 1 0 0 
0 0.48224 0.366494 0.151265 0 
1 0 0 0 0 
1 0 0 0 0 
0 0 1 0 0 
0.529614 0.470386 0 0 0 
0 1 0 0 0 
1 0 0 0 0 
0.485784 0 0.514216 0 0 
0 0 1 0 0 
0.398171 0 0 0.601829 0 
0.344172 0 0.301523 0.354304 0 
0 1 0 0 0 
0 0 1 0 0 
0 0.448048 0 0 0.551952 
0.472304 0 0 0 0.527696 
0 0 0 1 0 
0 0 0 0.495956 0.504044 
0 0 0 1 0 
0 0 0 1 0 
1 0 0 0 0 
0 0 0 1 0 
0.684642 0 0 0 0.315358 
0 0 1 0 0 
0 0 0 1 0 
0.277888 0 0.198226 0 0.523886 
0 1 0 0 0 
0.386404 0 0 0.613596 0 
0 0 0 0 1 
0 0 0 1 0 
