5 200
0.702773
0.570475
0.311556
0.71849
0.368625
11.6083 0.418724
10.7888 0.680674
10.6966 0.640074
10.4862 0.371445
10.4262 0.585621
10.3962 0.283963
10.2251 1.02256
10.0929 0.22225
9.87782 0.874345
9.79349 0.418644
9.77968 1.1517
9.40273 0.788219
9.26944 1.40176
9.02786 0.735497
8.90275 0.322928
8.84823 0.247765
8.83944 0.721034
8.804 0.949184
8.57423 1.25694
8.50288 0.427825
8.31434 1.38061
8.2858 1.28745
8.21257 0.943349
8.14347 1.36363
8.05493 0.136573
8.0442 0.721443
7.9917 1.71699
7.9708 1.99499
7.87756 1.42575
7.72839 1.63985
7.52444 0.795276
7.45534 0.734789
7.26924 0.940995
7.22633 0.588395
7.13618 1.71368
7.11863 0.434817
7.11255 1.64769
7.11167 0.86483
7.0999 2.63116
7.02459 1.56322
6.99491 2.23591
6.84877 0.474721
6.82745 0.972715
6.82087 2.66976
6.71862 1.14835
6.5745 2.06755
6.55931 1.01382
6.45262 2.42961
6.30022 0.72502
6.23649 2.22226
6.12879 2.86537
6.11538 3.13501
5.84058 1.98797
5.63847 2.43733
5.60933 2.45982
5.51442 2.2476
5.48283 2.56197
5.48076 2.82426
5.44835 2.93499
5.43962 1.95263
5.42786 1.55993
5.34791 1.57076
5.26794 2.72513
5.23061 2.73687
5.20688 3.29097
5.20501 2.75686
5.18337 3.51061
5.08076 3.53629
4.94926 3.26652
4.94239 2.98828
4.81076 2.98606
4.74809 3.1753
4.72248 2.71796
4.69617 4.39561
4.49913 3.39842
4.39748 3.36431
4.38766 2.27306
4.33519 2.24686
4.30866 2.84503
4.27414 4.95937
4.09405 4.04929
4.00208 3.37917
3.93643 4.47725
3.90148 4.63843
3.88129 2.99354
3.8335 5.00167
3.82849 2.99132
3.80357 2.67361
3.6908 4.19539
3.63283 3.98084
3.60747 4.13142
3.59716 4.92482
3.57142 3.75158
3.53455 3.53532
3.52526 2.71951
3.52415 4.75958
3.51016 3.05
3.47642 5.17122
3.40196 3.47748
3.27885 3.42919
3.18582 3.67939
2.88532 4.92527
2.80416 3.4039
2.71405 4.33021
2.68122 3.86671
2.51659 4.57547
2.46475 3.86308
2.4395 4.79417
2.32898 5.1549
2.28649 4.44732
2.26336 4.9374
2.11166 6.13816
2.06898 4.21281
2.0573 6.02073
1.98782 5.89231
1.93929 5.85318
1.92626 6.38358
1.88792 4.58613
1.87906 5.81482
1.851 6.12503
1.84476 4.78274
1.82543 6.25026
1.73155 5.40264
1.72424 6.88676
1.69057 4.75275
1.68712 5.12276
1.64703 7.43606
1.57586 4.67407
1.53586 6.68054
1.48125 5.77593
1.47304 5.33407
1.33271 6.97061
1.3014 6.20293
1.25062 4.80212
1.21061 5.41212
1.1987 6.39644
1.17902 5.87515
1.17672 6.02546
1.13239 6.89924
1.08747 6.0123
1.08582 6.69658
1.04018 6.97236
0.966033 7.97014
0.954503 7.63562
0.949231 6.89036
0.935006 5.27797
0.827126 8.56947
0.826327 7.04894
0.808814 7.73731
0.750543 7.37406
0.73393 6.05635
0.694947 6.30269
0.682961 9.31369
0.6471 6.115
0.632329 6.98539
0.622649 6.31349
0.615555 9.18116
0.576989 6.55193
0.568852 6.35239
0.511972 7.09158
0.494553 6.97975
0.491812 9.31229
0.449753 6.66983
0.421154 7.00263
0.393663 7.18642
0.389346 6.51456
0.384955 9.40445
0.332254 6.34248
0.321718 9.49068
0.296633 8.65562
0.256824 6.85336
0.243568 8.37718
0.232679 10.1243
0.22111 9.0498
0.201824 10.7019
0.156169 10.5938
0.148909 10.5653
0.133736 10.5918
0.130905 6.96554
0.127626 10.6538
0.12356 7.98141
0.118534 6.81242
0.114176 11.0222
0.10607 7.23622
0.103481 9.75048
0.101131 9.91273
0.0974987 7.0861
0.095186 7.49712
0.078186 7.82037
0.0609008 11.5598
0.042597 10.5012
0.0385183 10.5981
0.0383661 8.52052
0.0375467 8.04817
0.0315774 9.65785
0.0287515 11.6561
0.0225434 8.55863
0.0222205 9.31687
0.0178443 7.52569
0.0145114 9.64541
0 0.248343 0.296763 0.181425 0.273469 
0.194931 0.573287 0.0794918 0 0.152289 
0 0.389072 0.351038 0.25989 0 
0 0 0.222776 0.420824 0.3564 
0 0.148309 0.541224 0.310467 0 
0.286043 0 0.364713 0.0676708 0.281573 
0.357675 0 0 0.268912 0.373413 
0.624188 0 0.375811 0 0 
0.119304 0 0.720442 0 0.160254 
0 0.608293 0.0969823 0 0.294725 
0 0 0.18712 0.81288 0 
0.341759 0.0520978 0.323464 0 0.282679 
0 0 0 0.22109 0.77891 
0.0835186 0.190922 0.263649 0.178923 0.282988 
0.0885387 0 0.553251 0.285073 0.0731374 
0.27641 0 0.17907 0.191063 0.353457 
0.409979 0 0 0.383686 0.206335 
0.160094 0.0962062 0.363562 0 0.380137 
0.235435 0.321121 0.443443 0 0 
0.0534232 0.251538 0.24752 0.15842 0.289099 
0 0 0.168364 0.619106 0.21253 
0.351923 0 0.255205 0.392872 0 
0.136579 0 0 0.335386 0.528035 
0.579778 0 0 0.420222 0 
0 0.373954 0.4574 0 0.168646 
0 0.560933 0 0 0.439067 
0 0 0.701313 0.298687 0 
0.171927 0 0.17049 0 0.657583 
0 0 0 0.657066 0.342934 
0.261902 0.349238 0 0.191103 0.197757 
0.347134 0.652866 0 0 0 
0.0682933 0.297798 0.293973 0.339936 0 
0.179102 0.376306 0 0.444592 0 
0 0 0.358269 0.561963 0.079768 
0 0 0.258565 0.622775 0.11866 
0.665177 0 0 0.334823 0 
0 0 0.75888 0.24112 0 
0.425343 0 0.574657 0 0 
0.463579 0 0.176261 0 0.36016 
0.432542 0.162688 0 0.40477 0 
0.520062 0.145341 0.202959 0.131639 0 
0.358843 0 0.318148 0.323009 0 
0 0.183147 0.33782 0.30333 0.175703 
0.476385 0.0739224 0.230949 0.218743 0 
0.158736 0 0.201565 0.411415 0.228285 
0.396757 0 0 0.603243 0 
0.223927 0.776073 0 0 0 
0 0.444417 0.555583 0 0 
0 0.359271 0.351393 0.150426 0.13891 
0.111264 0 0.618047 0.270689 0 
0.187937 0 0.286952 0.236871 0.28824 
0.261515 0 0.369417 0 0.369068 
1 0 0 0 0 
0.15468 0.228707 0.170551 0.23605 0.210011 
0 0 0.5317 0.366861 0.101439 
0.198614 0 0.462462 0.0660267 0.272897 
0.314671 0.485905 0 0.199424 0 
0.432866 0.147857 0.189761 0.229516 0 
0.254069 0.373194 0.270066 0 0.10267 
0.461943 0 0.404422 0 0.133634 
0.362919 0.159249 0.322626 0 0.155206 
0.105053 0.143623 0.434486 0.169078 0.147759 
0 0 0 0 1 
0 0.583515 0 0.416485 0 
0.243783 0.248347 0 0.507869 0 
0 0 0.372427 0.199036 0.428537 
0.0618404 0.171199 0.20123 0.323197 0.242534 
0 0.529854 0 0.470146 0 
0 0.673052 0 0.093726 0.233222 
0.570541 0 0.249934 0.179525 0 
0.181428 0 0.179678 0.311031 0.327864 
0.298267 0.458972 0 0.242761 0 
0 0.684073 0 0 0.315927 
0 0 0.469666 0 0.530334 
0.458521 0 0.257705 0.0840899 0.199684 
0.206873 0 0.402471 0 0.390656 
0.468547 0.200086 0.331367 0 0 
0 0.439902 0.560098 0 0 
0 0.307807 0.225785 0 0.466408 
0.764409 0 0 0.235591 0 
0.139138 0.33343 0 0.241956 0.285476 
0 0.172968 0 0.424752 0.40228 
0.427138 0.152422 0.42044 0 0 
0.445982 0 0.19048 0.306007 0.0575305 
0.322813 0.264388 0.0599239 0.0674651 0.28541 
0.425319 0.242955 0 0 0.331725 
0.13823 0.0612792 0 0.424918 0.375573 
0.117774 0 0.493899 0 0.388327 
0.276218 0.425813 0 0.224263 0.0737063 
0 0 0.50964 0.49036 0 
0 0.238667 0 0.324824 0.436509 
0.181732 0.193892 0 0.624376 0 
0 0.127232 0.286157 0.58661 0 
0.45876 0.156807 0 0.384433 0 
0.35788 0.479906 0 0.0747796 0.0874344 
0.300386 0 0 0.194454 0.50516 
0 0 0 0.23164 0.76836 
0 0.723873 0.276127 0 0 
0.403737 0 0.596263 0 0 
0 1 0 0 0 
0.178913 0.285849 0 0.361409 0.173829 
0.202736 0.325015 0.472248 0 0 
0.0685885 0.464328 0.467084 0 0 
0.187851 0.388713 0.100561 0 0.322874 
0.225678 0 0.296855 0 0.477467 
0 0.185061 0.814939 0 0 
0 0.241005 0.578801 0.110481 0.069712 
0.109529 0.356044 0 0.196467 0.337961 
0.267712 0.176787 0.125917 0.227741 0.201844 
0 0.35514 0 0 0.64486 
0 0.377024 0.23986 0 0.383116 
0 0.163158 0.836842 0 0 
0 0.461056 0.12315 0.415794 0 
0.215924 0.171335 0 0.352855 0.259886 
0.411763 0.36762 0 0 0.220616 
0.797148 0 0.202852 0 0 
0.310785 0 0.589582 0.0996327 0 
0 1 0 0 0 
0 0 0.208144 0.530172 0.261684 
0 0.508078 0.23329 0.258632 0 
0.262131 0.221002 0 0.175045 0.341821 
0 0.506193 0.191769 0.302038 0 
0 0.280207 0 0 0.719793 
0.293427 0.139621 0.322043 0.244908 0 
0.300849 0.268756 0 0.193319 0.237077 
0.323204 0.213153 0.18806 0 0.275582 
0 0 0 0.53916 0.46084 
0.251476 0 0.290657 0.457867 0 
0.31175 0.68825 0 0 0 
0.129892 0.0861024 0.367738 0.416267 0 
0 0 0.48493 0.131321 0.383749 
0 0 0 0.653912 0.346088 
0.272367 0.365592 0.362042 0 0 
0.397258 0.356709 0.132808 0 0.113226 
0 0.130826 0.360736 0 0.508437 
0.201872 0 0.31099 0 0.487138 
0 0 0.481323 0 0.518677 
0.0657917 0.42656 0.441312 0 0.0663368 
0 0.455474 0.261802 0 0.282723 
0.143075 0.568537 0 0.288388 0 
0 0.399116 0.388151 0 0.212733 
0 0.279054 0.30243 0 0.418516 
0 0 0 0.482998 0.517002 
0.641997 0 0.155324 0 0.202679 
0 0 0.0733725 0.2599 0.666727 
0 0 0.586443 0.413557 0 
0 0 0.431943 0.568057 0 
0.568568 0 0 0.431432 0 
0 0.44927 0 0.265184 0.285546 
0.492559 0 0 0.507441 0 
0.437179 0.252602 0 0 0.31022 
0 0.291242 0 0 0.708758 
0.281057 0 0.108341 0 0.610601 
0 0.623648 0.376352 0 0 
0.257575 0 0.299803 0 0.442622 
0 0 0.593853 0.406147 0 
0 0.745618 0 0.254382 0 
0.778574 0 0 0.221426 0 
0.226651 0.397546 0.281562 0 0.0942415 
0.254651 0 0 0.295161 0.450189 
0.230354 0 0 0.769646 0 
0 0.112267 0.887733 0 0 
0.562082 0.271511 0.06769 0.0987169 0 
0.500732 0 0.183171 0.316097 0 
1 0 0 0 0 
0 0 0.548252 0 0.451748 
0 0.177482 0.164425 0.532022 0.12607 
0.288092 0 0.59512 0 0.116788 
0.458446 0.138543 0.403012 0 0 
0 1 0 0 0 
0.238028 0.148013 0.37758 0.236378 0 
0 0.333395 0.344628 0.321977 0 
0.571143 0 0 0 0.428857 
0.68303 0 0 0.31697 0 
0.0589991 0.172467 0.274905 0.270853 0.222776 
0.236089 0.337003 0 0 0.426908 
0 0.255836 0 0.0826793 0.661485 
0.299118 0.272289 0 0.178591 0.250002 
0.513418 0 0.226278 0.260303 0 
0.349622 0 0 0.450155 0.200223 
0.129335 0 0.134699 0.735966 0 
0.185173 0.117259 0 0.302027 0.395541 
0.265958 0.240678 0.193224 0.211811 0.0883296 
0.191083 0.155202 0.340784 0.31293 0 
0.385594 0.339581 0.0474077 0 0.227417 
0.497467 0.185868 0 0 0.316665 
0 0 0.616852 0.383148 0 
0.31488 0 0.404043 0.220789 0.0602871 
0.434537 0.160335 0.28762 0 0.117508 
0 0 0 0.61627 0.38373 
0 0.352382 0.23737 0 0.410248 
0 0.52533 0 0.47467 0 
0.210445 0 0.165544 0 0.624011 
0 0.307844 0 0 0.692156 
0.373779 0 0.559247 0.0669738 0 
0.407546 0.0528135 0.326097 0 0.213544 
0.252937 0 0.747063 0 0 
0 0 0 1 0 
0.13907 0.86093 0 0 0 
0 0.136879 0.236611 0.416317 0.210194 
