5 100
0.685392
0.375462
0.442511
0.524651
0.593196
12.091 0.135795
11.1625 0.269391
11.1383 0.221605
10.1539 0.306844
9.17522 1.13389
9.1567 1.07359
8.79554 0.894369
8.43265 0.581664
8.21398 0.770161
8.12739 1.20257
7.87333 0.355827
7.81399 0.620199
7.80116 0.814503
7.68966 1.7022
7.37884 0.752839
7.37536 0.973855
7.32644 2.06203
7.11424 1.33017
6.98178 0.510124
6.89692 1.91081
6.78901 0.835356
6.74753 2.87263
6.65301 1.79336
6.4134 0.979951
6.33033 1.21823
6.03751 3.33485
5.97958 1.63453
5.87564 2.63833
5.58843 2.88017
5.50281 3.54808
5.4084 2.91468
5.27121 3.91011
5.11387 2.50898
5.09716 3.20139
5.03055 2.85129
4.379 2.96952
4.33652 2.61459
4.17901 3.72896
4.13374 4.0155
4.05001 4.54511
3.8817 4.02268
3.69225 2.72825
3.6203 2.62366
2.97633 4.92133
2.9107 4.68931
2.9094 3.77504
2.64661 4.78203
2.57857 5.07696
2.55081 4.04628
2.54421 4.418
2.47179 4.92268
2.45142 6.02729
2.3622 4.84398
2.31835 4.32385
2.14482 5.6522
2.1049 6.77014
2.08777 4.57721
1.98559 4.5618
1.96151 5.44446
1.80052 5.90028
1.70989 6.6808
1.689 4.85933
1.60547 6.48329
1.56524 4.67853
1.38381 6.53138
1.36108 6.58574
1.19709 7.16208
1.0875 5.48362
0.973896 6.16121
0.935523 5.47999
0.838206 7.60701
0.81662 5.38817
0.810813 5.57697
0.801882 6.88608
0.79458 5.70314
0.682962 7.85125
0.667267 5.94583
0.65323 6.47173
0.598988 8.02026
0.525689 6.39804
0.458374 5.97394
0.414473 7.04445
0.349527 7.3763
0.322988 6.26423
0.2542 8.71851
0.251055 9.66536
0.250548 6.56486
0.238201 8.96129
0.215581 10.4327
0.149558 9.185
0.129198 8.59438
0.102754 9.46447
0.102716 7.09728
0.0987475 8.21001
0.0758379 9.21019
0.0563206 10.8406
0.046613 8.34875
0.0383325 7.26103
0.0297491 8.49942
0.00300759 7.63687
0 0 0.432617 0 0.567383 
0 0.071329 0 0.356448 0.572223 
0.376195 0.0734957 0.34179 0.208519 0 
0 0 0.400155 0.21644 0.383405 
0 0.491686 0 0.508314 0 
0.355241 0.283462 0 0 0.361297 
0.14986 0.371274 0.102374 0.217539 0.158954 
0 0.491694 0.508306 0 0 
0.364029 0.182773 0 0.117233 0.335965 
0.190012 0.427345 0.382642 0 0 
0.401486 0 0.598514 0 0 
0 0.209483 0 0 0.790517 
0.197999 0.150844 0.142516 0.508641 0 
0 0 0.289655 0 0.710345 
0 0.419698 0 0.580302 0 
0 0.705579 0.145908 0 0.148513 
0.0979875 0 0.505953 0.287332 0.108728 
0.339241 0.0452589 0 0.254936 0.360565 
0.174602 0 0 0.711717 0.113681 
0 0.399065 0.298161 0 0.302773 
0 0.173799 0 0.536754 0.289447 
0.2124 0 0 0.259794 0.527806 
0 0.449758 0.181836 0 0.368407 
0.528108 0.107029 0 0.364863 0 
0.483523 0.263876 0.252601 0 0 
0 0 0 0.614427 0.385573 
0.219615 0.0986568 0.315846 0.0375871 0.328296 
0.404602 0.240401 0 0 0.354997 
0 0 0 0 1 
0.448622 0.364268 0 0.18711 0 
0.150544 0 0.849456 0 0 
0 0.675293 0 0.324707 0 
0.0799765 0.171904 0 0.433647 0.314473 
0 0 0 0.881763 0.118238 
0 0.13896 0.423916 0 0.437124 
0.851528 0 0 0.148472 0 
0.32372 0.104261 0 0.10474 0.467279 
0 0.109241 0.373705 0.233082 0.283971 
0 0 0 0 1 
0 0.839447 0.160553 0 0 
0 0 0.341072 0.305753 0.353175 
0.370091 0.33489 0 0 0.295019 
0.580977 0 0 0.419023 0 
0.29517 0 0.499287 0 0.205543 
0.200131 0.322956 0.174225 0.302688 0 
0.322994 0 0.677006 0 0 
0.152597 0.344974 0 0.502429 0 
0.375738 0.415419 0 0.15373 0.0551128 
0.316514 0 0.196408 0.142242 0.344836 
0 0.565677 0.288132 0 0.146191 
0.0456835 0 0.373868 0.253111 0.327337 
0.106624 0 0.449874 0 0.443502 
0.238269 0.270352 0.159963 0 0.331416 
0 0.63605 0 0 0.36395 
0.288379 0 0 0.323599 0.388022 
0 0.153897 0 0.24374 0.602363 
0.141215 0 0.217439 0.216445 0.424901 
0 0 0.269262 0 0.730738 
0.510426 0 0.489574 0 0 
0.182807 0 0.391294 0.343379 0.0825189 
0.209542 0 0.355763 0 0.434695 
0.422779 0 0 0.577221 0 
0.295552 0.0826119 0.32911 0.292727 0 
0 0.493888 0 0 0.506112 
0.115713 0.258598 0.184116 0.137445 0.304129 
0.374647 0.625354 0 0 0 
0.111927 0 0 0.432567 0.455506 
0.512583 0.154219 0.108182 0 0.225017 
0.233642 0 0.538137 0 0.228221 
0.313315 0 0 0 0.686685 
0 0.166158 0.485625 0 0.348217 
0 0.225191 0 0.373126 0.401683 
0 0 0 0.505284 0.494716 
0.198607 0.475651 0.325743 0 0 
0 0.225986 0.501888 0 0.272126 
0.38201 0.121511 0 0.231925 0.264554 
0.222241 0.327757 0.319715 0.130288 0 
0 0.29283 0.385132 0 0.322038 
0.316073 0 0.172518 0.282786 0.228624 
0.126215 0 0 0.497352 0.376434 
0.325965 0 0.238087 0.435948 0 
0 0.108482 0.242834 0.32086 0.327824 
0.16369 0 0.314809 0.452277 0.069224 
0.0966654 0.338066 0.184656 0.380612 0 
0.348958 0 0 0.182546 0.468496 
0.189286 0.23297 0.155759 0.421985 0 
0 0.291841 0.239794 0.197482 0.270883 
0 0.50483 0 0.132367 0.362803 
0.286902 0.27872 0.284902 0.149476 0 
0.243694 0.221701 0 0.302632 0.231973 
0 0.471605 0.202514 0.325881 0 
0 0 0.770107 0 0.229893 
0 0.377155 0 0.31002 0.312825 
0 0 1 0 0 
0 0 0.438282 0.206683 0.355036 
0 0 0.280931 0.719069 0 
0 0 0 0 1 
0 0.903974 0 0.0960255 0 
0.735681 0 0 0 0.264319 
0.172521 0.298825 0.148807 0.103228 0.276619 
