5 150
0.52311
0.260422
0.61758
0.436224
0.267808
11.4532 0.15043
10.3811 0.26437
10.1144 0.638223
9.84037 0.909646
9.83438 0.704341
9.45607 1.01977
8.82343 1.5433
8.76631 0.534064
8.62897 0.162981
8.60244 1.52785
8.35159 0.604332
8.03029 0.741586
7.98107 0.148661
7.73621 1.83486
7.68167 0.131758
7.62566 1.61752
7.62129 0.91624
7.26355 0.954174
7.20671 0.85575
7.19852 2.82023
7.06239 0.691052
6.99721 1.67856
6.87508 2.08593
6.85928 1.89277
6.8284 1.30819
6.78319 0.73063
6.76462 1.47815
6.7112 0.540963
6.55776 2.4581
6.3643 1.89416
6.35864 2.10612
6.34843 1.65917
6.34645 2.32413
6.30476 1.67974
6.28163 2.28711
6.19156 2.35289
6.17949 0.949334
5.82359 3.36141
5.70145 1.98298
5.69423 2.10856
5.69072 2.14339
5.5261 3.47801
5.51963 2.34078
5.36149 4.03633
5.3549 3.05084
5.0707 3.10996
5.0532 3.26986
4.91483 2.66285
4.84213 1.80691
4.8395 3.11146
4.74228 3.28764
4.67791 2.22223
4.57319 2.67672
4.55252 2.94028
4.48836 3.45699
4.40609 2.50853
4.23123 3.04902
4.04449 3.60679
4.04211 3.05191
3.88151 4.44081
3.84104 3.81801
3.7673 2.78264
3.68998 4.89144
3.68393 4.4521
3.51556 3.0614
3.50818 4.75379
3.50747 2.97967
3.43893 5.2824
3.41129 3.18574
3.28873 4.34447
3.21354 5.28295
3.18545 3.72355
3.10412 4.44873
3.02531 2.8762
3.0117 4.9836
2.98126 3.60171
2.9183 4.70891
2.88779 4.40123
2.83486 5.43963
2.77402 4.63545
2.47838 4.37728
2.45442 4.99721
2.44546 5.67335
2.19104 5.65891
2.13002 5.69033
2.12219 7.06564
1.98671 6.40941
1.81807 4.8955
1.79406 5.90992
1.77381 5.75471
1.69158 5.69701
1.61977 4.24845
1.61066 5.51248
1.59496 5.55014
1.59216 7.32165
1.31118 7.42711
1.25531 7.56597
1.226 4.77735
1.19223 7.58311
1.15213 7.83958
1.06973 6.9451
1.00339 8.53572
0.992684 5.85057
0.942408 5.95775
0.940405 8.1787
0.892937 5.58964
0.862519 7.1922
0.803088 7.58956
0.711118 8.16963
0.697186 8.87896
0.689708 6.44054
0.626143 7.47505
0.575323 8.83216
0.547634 7.32776
0.54034 9.23386
0.517308 5.97079
0.511698 7.10903
0.500895 6.78418
0.419541 7.26995
0.415288 10.1101
0.398004 7.38656
0.384085 6.8112
0.38037 8.32763
0.377239 6.29345
0.350865 7.85088
0.344514 7.35866
0.333544 6.75867
0.330716 6.39128
0.318517 8.41191
0.255961 7.83916
0.245686 7.39661
0.244728 8.40044
0.237736 6.87551
0.192321 10.0748
0.16142 10.3596
0.108677 8.65621
0.0979916 11.1615
0.0908073 8.65522
0.0552394 8.29665
0.0526838 7.14145
0.0395157 8.45607
0.0378512 9.75548
0.0348881 9.67757
0.0323168 7.44052
0.0274662 9.9545
0.0130759 8.73449
0.010648 9.45606
0.00327943 11.6041
0.0025924 10.6177
0.0016208 9.13251
0.679833 0 0.320167 0 0 
0 0.74751 0 0.25249 0 
0 1 0 0 0 
0.721958 0 0 0 0.278042 
0 0 0 0 1 
0 0 0.415417 0.394504 0.190079 
0.52041 0.479591 0 0 0 
0 0.579443 0 0 0.420557 
0 0 0.308887 0 0.691113 
0.438925 0.37108 0 0.189995 0 
0 0 0 1 0 
0 0.504402 0.495598 0 0 
0.417907 0.582093 0 0 0 
1 0 0 0 0 
0.217512 0.298899 0.138213 0.30034 0.0450363 
0.231125 0 0.768875 0 0 
0 0 0.768067 0 0.231933 
0 0 0 0 1 
0 0.535255 0.107821 0 0.356924 
0 0 0.693615 0.306385 0 
0 0.671495 0.328505 0 0 
0 0 1 0 0 
0.107039 0.465876 0 0 0.427085 
0 0 0 0 1 
0.369398 0 0.367162 0.26344 0 
1 0 0 0 0 
0.229236 0.375114 0 0 0.39565 
0 0.354509 0.375327 0.136238 0.133927 
0.309343 0.252909 0.325385 0.112362 0 
0 0 0 0 1 
0 0 0.568321 0.431679 0 
0 0.483791 0.516209 0 0 
0 1 0 0 0 
0 0 0 0 1 
0.393643 0 0.206423 0 0.399934 
0.81507 0 0 0 0.18493 
0 0.163279 0.0590132 0.391319 0.386389 
0 1 0 0 0 
0.573573 0 0 0 0.426427 
0 0.272887 0.173789 0.252703 0.300622 
0 0.635336 0.364664 0 0 
0 0 0 1 0 
0 0 1 0 0 
0 0.343969 0 0.656031 0 
0.328238 0 0 0 0.671762 
0 0.406363 0 0 0.593637 
0 0 0 1 0 
0 0.501617 0.198823 0.145828 0.153732 
0 0 0 1 0 
0 0.465701 0 0 0.534299 
0 0 0 0.297583 0.702417 
0 0.802971 0.197029 0 0 
0.257825 0.381557 0 0.360618 0 
0 0 1 0 0 
1 0 0 0 0 
0 0 0 0.589357 0.410643 
0.11983 0.188418 0.215019 0.476732 0 
0.663604 0 0 0.336396 0 
0.187606 0 0.812394 0 0 
1 0 0 0 0 
0 0.316862 0.160271 0.213722 0.309145 
0 0 0 1 0 
0 0 0 0.721267 0.278733 
0 0 0.219197 0 0.780803 
0 0 0 0.339758 0.660242 
1 0 0 0 0 
0.286286 0 0 0 0.713714 
0.227251 0 0 0.772749 0 
0.479501 0.395732 0 0 0.124767 
0 0 1 0 0 
0 0 0 0.662268 0.337732 
0 0 0 0 1 
0 1 0 0 0 
0.542573 0 0 0 0.457427 
0 0.468176 0 0 0.531824 
0 1 0 0 0 
0 0.257297 0 0.742703 0 
0 0 1 0 0 
0.269596 0.468799 0 0.261605 0 
0 0 0 1 0 
0 0 0.380112 0.464724 0.155164 
0 0 0 0 1 
0.349288 0.169099 0.481613 0 0 
0.642991 0 0.357009 0 0 
1 0 0 0 0 
0 0 0 0.137111 0.862889 
0.181782 0.285236 0.152185 0.380796 0 
0 0 0 1 0 
1 0 0 0 0 
0 0.518939 0.126834 0 0.354228 
0.658493 0 0 0.341507 0 
0.35474 0.446732 0.198527 0 0 
0.331756 0 0 0.376939 0.291305 
0 0 0 0.468086 0.531914 
0.818485 0.181515 0 0 0 
0.325635 0 0.674365 0 0 
0 0 0.413793 0 0.586207 
0 0 0 1 0 
0 0.104804 0.27856 0.332406 0.284231 
0 0 0 1 0 
1 0 0 0 0 
0 0 1 0 0 
0 0.364839 0 0.260276 0.374885 
0 0 1 0 0 
0.611397 0 0 0.178117 0.210486 
0.628305 0.371695 0 0 0 
0 0 0 0 1 
0 0 0 0 1 
0 0 0.275549 0 0.724451 
0 0 0.753057 0 0.246943 
1 0 0 0 0 
0.532738 0.467262 0 0 0 
1 0 0 0 0 
0 0 0 1 0 
0 0 0.390655 0.609345 0 
0 0 1 0 0 
0.310276 0.230704 0 0 0.45902 
0 0 0.47412 0 0.52588 
0 0.83078 0 0 0.16922 
0 0 0.451529 0 0.54847 
0.122568 0.317327 0.235022 0.325083 0 
0.357551 0 0 0.642449 0 
0 0.393442 0.606558 0 0 
0 0 0.340423 0 0.659577 
0 0 0 1 0 
0.525725 0.0690611 0 0 0.405214 
0.431611 0 0 0 0.568389 
0 0 0.20253 0 0.79747 
0 1 0 0 0 
0.0675596 0 0 0.377072 0.555368 
0 0 1 0 0 
0 0.508011 0 0 0.491989 
0.464551 0 0 0.535449 0 
0.324134 0.102456 0 0.235986 0.337424 
0.166771 0.231428 0.239531 0 0.362271 
0 0 0 0 1 
0 0 0.445312 0.554688 0 
0 0 0 0.335018 0.664982 
0.186262 0 0.461764 0 0.351974 
1 0 0 0 0 
0 0 0 1 0 
0 0 0 1 0 
0 0.130209 0.29151 0.196654 0.381627 
0 0.366493 0.43214 0 0.201367 
0 0 0.430955 0.569045 0 
0 0 0 0.841644 0.158356 
0 0 1 0 0 
0 0.310801 0 0.312973 0.376226 
0 1 0 0 0 
1 0 0 0 0 
