5 100
0.536508
0.498192
0.389515
0.457526
0.564386
12.1083 0.178021
10.3989 0.495136
10.0241 0.811234
9.99332 0.346812
9.7915 0.310473
9.10483 0.759054
9.0032 0.15201
8.81782 1.25049
8.60265 1.39354
8.39218 0.227284
8.10347 0.821777
7.95664 1.37222
7.7691 1.52136
7.55267 0.657777
7.38659 2.64846
7.33271 0.926003
7.31404 1.44801
7.13422 2.16384
7.04639 2.31761
6.90717 1.62322
6.3482 2.46942
6.28687 3.30317
6.12703 2.32296
6.03338 3.11293
5.95489 1.89346
5.92696 2.06566
5.87515 1.90034
5.8306 1.13859
5.73254 2.40829
5.62399 2.5858
5.36134 3.17479
5.31396 2.04078
5.26093 2.74724
5.25704 3.50652
4.96722 2.3013
4.96112 2.39682
4.87175 3.12031
4.65947 3.86709
4.24011 3.06579
4.08273 3.26934
3.96289 3.46877
3.86922 2.51923
3.58286 5.25139
3.52876 3.37679
3.51436 3.69621
3.37834 4.65714
3.31404 5.40835
2.9279 5.28084
2.7382 4.48905
2.68017 4.76845
2.47787 5.81602
2.3086 5.68301
2.20587 4.91385
2.12633 6.67671
1.71098 4.14157
1.63092 5.76241
1.57001 6.30902
1.48291 5.65472
1.22097 8.01624
1.18727 5.11687
1.17158 5.27582
1.15935 6.45016
1.05683 6.46865
1.05497 7.32742
0.998756 7.49154
0.980417 5.77246
0.975319 7.18579
0.9278 7.81804
0.908425 7.27774
0.897195 8.72917
0.802449 8.00408
0.800385 7.26328
0.672639 5.5243
0.653236 7.11701
0.630914 8.06686
0.481608 9.49898
0.47386 8.64909
0.429841 6.14302
0.420507 9.35194
0.367901 7.98412
0.345435 7.15248
0.317615 9.33401
0.315944 8.29909
0.313989 8.54163
0.297016 9.61047
0.284435 9.54538
0.280405 7.758
0.260486 7.72567
0.253484 9.82681
0.220075 10.5289
0.19881 10.5325
0.181488 9.7859
0.161089 9.57096
0.157594 9.66612
0.140632 7.1079
0.128147 8.34165
0.0572274 8.3664
0.0239505 9.29434
0.0159345 8.42635
0.00444982 9.34535
0.183349 0 0.155298 0.281703 0.379651 
0.215836 0.209811 0 0.271502 0.302851 
0 0.461734 0 0 0.538266 
0.177524 0 0 0.615139 0.207336 
0 0 0.546221 0.278101 0.175678 
0 0.462325 0 0.537675 0 
0.219205 0.235497 0.190027 0.355271 0 
0.130685 0.300549 0.238253 0 0.330513 
0.458813 0 0 0 0.541187 
0 0.117672 0.464521 0.296828 0.12098 
0 0 1 0 0 
0.0901792 0.262385 0.206806 0.265237 0.175392 
0 0 0.242913 0 0.757087 
0 0 0.616952 0.383048 0 
0 0 0.310697 0.564229 0.125074 
0.628245 0 0 0 0.371755 
0 0 1 0 0 
0.147632 0 0.460616 0.177546 0.214206 
0 0.566585 0.433414 0 0 
0.169885 0 0.187389 0.212281 0.430445 
0 0.418258 0.392043 0.1897 0 
0 0.416248 0 0.327032 0.25672 
0.303487 0.440796 0 0 0.255717 
0.349664 0 0.650336 0 0 
0 0.366348 0.24556 0 0.388093 
0 0.49255 0.450952 0 0.0564977 
0.146917 0 0.177612 0.301792 0.373679 
0 1 0 0 0 
0.398144 0.0971292 0 0.504727 0 
0.277212 0 0 0.339587 0.3832 
0.184951 0 0.317486 0.384792 0.112771 
0 0.258182 0.529016 0.212801 0 
0.553971 0 0 0 0.446029 
0.271951 0 0.300272 0.339936 0.0878418 
0 0.773742 0 0.226258 0 
0.493818 0.413669 0.0925125 0 0 
0 0.905878 0 0.0941218 0 
0 0 0 1 0 
0.569674 0 0 0.132531 0.297796 
0.319522 0.272739 0.0834106 0.324329 0 
0 0 0.272632 0.0740871 0.653281 
0 0.243645 0.178018 0.578337 0 
0 0.479226 0.146166 0.251518 0.123089 
0.0696866 0.234093 0.258189 0.150886 0.287146 
0.274983 0.243796 0.184226 0 0.296996 
0.335844 0.195915 0 0.173488 0.294753 
0 0.203593 0.426296 0.37011 0 
0 0.400698 0 0.447271 0.152031 
0.45075 0.291455 0.257794 0 0 
0.247594 0 0.251708 0.156434 0.344264 
0 0.421896 0.578104 0 0 
0 0.563368 0.292162 0 0.14447 
0.205124 0 0.0583798 0.360751 0.375746 
0 0 0.200999 0.799001 0 
0 0 0.247881 0 0.752119 
0 0 0.0594274 0.415431 0.525141 
0 0 0.195139 0.804861 0 
0.0947512 0.345283 0.442274 0 0.117692 
0.50584 0 0 0.204288 0.289871 
0.170145 0.186246 0.29335 0.19834 0.151919 
0 0.333545 0.338767 0.327688 0 
0.228303 0.231279 0.214188 0.263022 0.0632074 
0.140643 0 0 0.366436 0.492921 
1 0 0 0 0 
0.282522 0 0.561125 0.156352 0 
0 0.121598 0.171147 0.542432 0.164822 
0.460667 0 0 0.170632 0.368701 
0 0 0.204914 0.328829 0.466257 
0 0 0.41156 0.0936385 0.494802 
0 0.287482 0 0.471786 0.240732 
0.125682 0.346444 0.335611 0.192262 0 
0 0 0.503518 0 0.496482 
0.382591 0 0 0.292118 0.325291 
0 0.147297 0.121084 0.240755 0.490864 
0 0.352786 0.243133 0.404081 0 
0.301823 0 0.461463 0.236714 0 
0 0 0 0 1 
0.808293 0 0 0 0.191707 
0.456434 0 0.267424 0 0.276141 
0.376717 0.232852 0.39043 0 0 
0.138964 0.252753 0.155597 0.260426 0.19226 
0.108967 0.492728 0.163208 0 0.235096 
0.0887108 0 0.45654 0 0.454749 
0.317968 0.139051 0.102827 0.277749 0.162405 
0.328574 0 0.274123 0.0812182 0.316084 
0.118424 0.233649 0.297364 0.182352 0.168211 
0 1 0 0 0 
0 0 0.63823 0.36177 0 
0.277019 0.224138 0 0.237831 0.261011 
0.166406 0 0.5601 0.273494 0 
0 0 0.442375 0.557625 0 
0.096248 0 0 0.649943 0.253809 
0 0 1 0 0 
0 0.23929 0 0 0.76071 
0.464667 0.0958413 0 0.342641 0.0968503 
0 0.380449 0.619551 0 0 
0 0.537924 0.462076 0 0 
0.22397 0 0.444569 0 0.331461 
0 0.371039 0 0.372048 0.256913 
0.281557 0.255494 0 0 0.462948 
