5 200
0.296968
0.255066
0.732543
0.40186
0.36774
10.2631 0.296967
10.1133 0.748838
9.91877 0.76901
9.65186 0.293185
9.55347 1.26763
9.16763 0.539521
9.10705 0.456508
8.99144 0.231164
8.61802 0.376164
8.30823 1.34973
8.27624 1.82708
8.27061 1.79375
8.22903 1.33034
8.14666 1.23931
7.83087 0.913537
7.80647 0.776835
7.75211 0.779735
7.66146 0.686934
7.6261 1.1466
7.59229 1.75138
7.45422 1.10698
7.4301 0.754418
7.38597 1.51457
7.35722 1.60044
6.88307 0.551817
6.82528 1.87246
6.73248 1.51664
6.71215 2.12575
6.48641 2.9126
6.47868 2.63652
6.41637 0.928477
6.2191 2.31125
6.20437 2.77475
6.16275 0.791414
6.14477 1.5176
6.06382 1.32557
6.05347 1.17849
6.00926 1.95738
5.87092 2.93592
5.82362 2.70857
5.75452 2.90603
5.74035 1.53153
5.70522 1.34183
5.67284 2.5465
5.5893 2.68846
5.57314 3.05154
5.49499 2.48389
5.47098 1.81091
5.46001 1.12821
5.42422 2.72783
5.41929 3.56847
5.32665 2.47871
5.27663 2.76944
5.20253 2.61591
5.19908 2.49391
5.19421 2.06488
5.1429 3.83531
5.11262 1.54572
5.0727 3.06208
4.86099 3.19973
4.78954 4.17961
4.66984 3.06179
4.63557 3.35409
4.45771 3.34346
4.45702 2.14218
4.4247 2.48233
4.3737 4.38213
4.13883 3.1782
4.12863 3.40549
3.92266 4.39141
3.91289 2.40758
3.88887 2.95407
3.86593 3.50109
3.86518 3.32403
3.69383 2.84199
3.69369 3.99011
3.6421 3.38356
3.62036 3.24359
3.5859 3.165
3.53299 3.28275
3.38396 4.47908
3.30256 4.07017
3.26432 5.21972
3.15838 4.72081
3.07789 4.8338
3.03329 3.78526
2.95666 5.30458
2.93492 3.88808
2.91145 3.54275
2.90676 4.69249
2.90649 5.21844
2.90511 4.85926
2.87363 5.41573
2.85119 5.42142
2.82983 3.60082
2.82278 3.52677
2.81687 4.88017
2.78786 3.9638
2.74016 4.48278
2.60389 6.48578
2.48946 5.11264
2.481 5.89703
2.39371 4.42859
2.32222 4.27066
2.26755 5.96828
2.19297 6.0469
2.17603 4.66813
2.14209 6.17918
2.11291 5.68394
2.09617 5.16448
2.08369 4.1323
2.03982 6.53466
2.01364 4.10173
1.95999 5.25773
1.91396 5.69366
1.90988 4.74614
1.90934 6.52422
1.86584 6.24868
1.84412 5.00251
1.84409 5.34107
1.84204 5.71686
1.72535 5.29504
1.61425 6.82586
1.60403 4.29975
1.59297 7.14516
1.54067 4.84999
1.44904 6.78104
1.3393 7.34953
1.30563 6.12661
1.28304 6.1558
1.24394 5.37112
1.17723 7.46239
1.04539 7.82903
1.03192 5.75406
1.00443 6.47735
0.990405 6.45265
0.983784 7.92569
0.957333 5.27667
0.938058 5.56376
0.931102 5.37463
0.899752 7.04861
0.895306 6.36589
0.893886 5.25315
0.89256 5.86149
0.863725 7.31072
0.85107 7.66423
0.839382 6.7411
0.783458 7.44331
0.714714 8.63539
0.714639 8.45586
0.690727 6.22489
0.67555 8.05157
0.64689 9.04794
0.646554 8.39539
0.600502 6.65573
0.597875 7.24895
0.597341 6.10766
0.566208 9.16844
0.564414 8.20401
0.542668 9.64773
0.431779 9.00245
0.424072 9.93202
0.421681 6.39531
0.401792 8.82808
0.362436 6.75275
0.346405 8.31948
0.318833 7.96852
0.290213 8.46772
0.283067 6.42431
0.278991 7.94046
0.278407 7.73778
0.261438 8.99914
0.24164 10.4381
0.185148 8.35902
0.173978 8.97261
0.16821 7.88463
0.162753 6.59261
0.162237 7.08704
0.161933 8.77181
0.15505 6.66438
0.137162 8.94069
0.136823 9.14095
0.128181 6.67367
0.126853 8.45904
0.113062 10.5754
0.0929858 8.7384
0.0826174 7.55062
0.0761169 8.21855
0.0716332 9.99543
0.0675961 7.01882
0.0652066 8.16988
0.0576776 7.27384
0.052491 11.5263
0.0500849 9.3794
0.0337465 8.38719
0.0294728 8.69059
0.0213391 10.5464
0.0161085 7.30947
0.00850081 11.6252
0.00784476 9.42376
0.234819 0.601905 0 0.163276 0 
0 0.324917 0.316984 0.3581 0 
1 0 0 0 0 
0 0 0.0682379 0.586939 0.344824 
0 0 0.632948 0 0.367052 
0 0.277317 0 0 0.722683 
0.228712 0 0 0.771288 0 
1 0 0 0 0 
0 0 1 0 0 
0 0.0936507 0.408911 0.226706 0.270732 
1 0 0 0 0 
0 0 0 0.626273 0.373727 
0 0 0 1 0 
0.462929 0 0.537071 0 0 
0.23579 0.76421 0 0 0 
0.0944262 0.21578 0.254691 0 0.435103 
0 0 0 0 1 
0 0 0 0 1 
1 0 0 0 0 
0 0 0 1 0 
1 0 0 0 0 
0 0 0 1 0 
1 0 0 0 0 
0 0 0 1 0 
0 0 0 0 1 
0 0.71858 0.28142 0 0 
0 1 0 0 0 
0 0.498321 0 0.501679 0 
0 0 0.39643 0.60357 0 
0 1 0 0 0 
0 0 0 0 1 
1 0 0 0 0 
1 0 0 0 0 
0 0 0 0 1 
1 0 0 0 0 
0 1 0 0 0 
0 0 0 0 1 
0 0 0 1 0 
0 0 1 0 0 
0 1 0 0 0 
0 0 0 0 1 
0 0 1 0 0 
0 0 1 0 0 
0 0 0 0 1 
0 0 0 0 1 
0.30896 0 0 0 0.69104 
0 0 0.668267 0 0.331733 
0 0.521946 0.478054 0 0 
1 0 0 0 0 
0 0 0 0 1 
0 0 1 0 0 
0.860704 0.139297 0 0 0 
0 1 0 0 0 
0.456675 0.398811 0 0.144514 0 
0 0 1 0 0 
0 0 0 0 1 
1 0 0 0 0 
0 0 1 0 0 
0 0 0 1 0 
0 0 1 0 0 
0 0 0 0 1 
0 1 0 0 0 
0.233263 0 0.766737 0 0 
0 0.36442 0.270994 0.364586 0 
0 0 0 1 0 
0 0.282244 0.717756 0 0 
0 0 1 0 0 
0 0 0 1 0 
0 1 0 0 0 
0 0 1 0 0 
0 0 0 0 1 
0 1 0 0 0 
0.486924 0.513076 0 0 0 
0 0 0 0.401003 0.598997 
0 0 0 0 1 
0 0 0 1 0 
1 0 0 0 0 
0 0.50539 0 0 0.49461 
1 0 0 0 0 
0 0.381622 0.618378 0 0 
0.386232 0 0.613768 0 0 
0 0 0 1 0 
0.804194 0 0.195806 0 0 
0 1 0 0 0 
0.120062 0 0.606462 0 0.273475 
0 0 0 1 0 
0 0 1 0 0 
0.736473 0 0 0.263527 0 
0.558872 0 0 0.441128 0 
0.412416 0 0.297003 0 0.290581 
0 1 0 0 0 
0 0 0 0 1 
0 0 0 1 0 
0.489026 0 0 0 0.510974 
0 0 0 1 0 
0 0 0 1 0 
1 0 0 0 0 
0 0.087264 0.44675 0.465986 0 
0 0 1 0 0 
0.562379 0 0 0 0.437621 
0.0663155 0 0.412641 0 0.521043 
0 1 0 0 0 
0 0.473828 0 0 0.526172 
0 0 0.563072 0 0.436928 
1 0 0 0 0 
0 0.426772 0 0.573228 0 
0 0 0 1 0 
0 0.362877 0 0.637123 0 
0.354353 0 0 0.645647 0 
0 0.35283 0.210696 0 0.436474 
0 0 0 1 0 
1 0 0 0 0 
0 0 0.355847 0.644153 0 
1 0 0 0 0 
0 0.322778 0 0 0.677222 
0 0.365058 0 0.634942 0 
0 0 0 0 1 
0 1 0 0 0 
1 0 0 0 0 
0.452335 0 0 0.172948 0.374717 
0 0 0 0 1 
0 0 0 0 1 
0 0.283773 0.375557 0.340669 0 
0 0 1 0 0 
0 0.638724 0 0.361276 0 
0 0 0 1 0 
0 0 0 0 1 
0 0 1 0 0 
0 0 0 1 0 
0 0 0 0 1 
0 0.81208 0 0 0.18792 
0 0 0.21438 0 0.78562 
0 1 0 0 0 
0.287812 0 0.712188 0 0 
0 0 1 0 0 
0 0 1 0 0 
0 0.401068 0 0 0.598932 
0 0 0 0 1 
0.621819 0 0 0.378181 0 
0 0 0 0 1 
0 1 0 0 0 
0.295157 0.417379 0.287464 0 0 
0 0 1 0 0 
1 0 0 0 0 
0.498212 0 0 0 0.501788 
0 0 1 0 0 
1 0 0 0 0 
1 0 0 0 0 
0 0 1 0 0 
0 0 0 0 1 
0 0 0 1 0 
1 0 0 0 0 
0.449089 0 0 0.550911 0 
0.483244 0 0.43206 0 0.0846962 
0 0.245358 0.340556 0 0.414087 
0.175992 0 0 0.824008 0 
0 0 0 1 0 
0 0 1 0 0 
0.435313 0.094793 0 0 0.469894 
0 1 0 0 0 
0 0 0.438254 0 0.561746 
0.242558 0 0 0 0.757442 
0 0.469166 0 0.530834 0 
0 0 0 1 0 
0 0 0 0.510059 0.489941 
0 1 0 0 0 
0 0.221518 0.778482 0 0 
0 0 0.277638 0 0.722362 
1 0 0 0 0 
0.271027 0 0 0 0.728973 
0 0 0 0 1 
0 0 1 0 0 
1 0 0 0 0 
0 0 1 0 0 
0 0 0 1 0 
0 0 0 0 1 
0 0 0 1 0 
1 0 0 0 0 
0 0.423532 0 0.576468 0 
0 0 0.552245 0 0.447755 
0 0 0 0.45983 0.54017 
0 0 0 0 1 
0 1 0 0 0 
0 1 0 0 0 
0 0 1 0 0 
1 0 0 0 0 
0.623474 0 0.207377 0.169149 0 
0.718756 0 0 0 0.281244 
0.300256 0.338893 0 0.360851 0 
0 0 0.633956 0.366044 0 
0 0 0 0.743766 0.256234 
0 1 0 0 0 
0 0 0 0 1 
1 0 0 0 0 
1 0 0 0 0 
0 0 0.778143 0.221857 0 
1 0 0 0 0 
0 0.163402 0.836598 0 0 
0.663436 0 0.336564 0 0 
0 0 1 0 0 
