5 200
0.326235
0.432516
0.376133
0.528237
0.562342
12.0334 0.0895597
10.7643 0.385266
10.7493 0.258028
10.7453 0.256108
9.82271 1.00301
9.71186 0.918857
9.64035 0.279205
9.60359 0.938024
9.54788 0.25052
9.45231 0.946166
8.98611 0.460555
8.98173 1.37003
8.95333 1.60543
8.91888 1.80108
8.88874 0.180119
8.88548 1.68865
8.65861 0.594393
8.64379 1.12585
8.52128 0.185953
8.51941 1.13138
8.43978 0.368873
8.37674 1.30398
8.05359 1.09615
7.75481 1.40665
7.74478 2.07548
7.7124 1.10596
7.70822 0.399862
7.56279 1.02435
7.49332 0.555811
7.47113 2.54547
7.43773 1.35349
7.36693 0.394736
7.28109 1.10349
7.2601 2.3408
7.13771 1.51957
6.78049 1.66273
6.7506 1.99942
6.74699 1.84076
6.66714 1.87719
6.64632 2.09968
6.60199 1.90088
6.55288 0.99352
6.53298 1.43869
6.50635 1.77217
6.46832 0.820951
6.44401 1.71328
6.40608 3.05999
6.38939 3.00069
6.29135 2.41718
6.22567 2.77312
6.1981 0.893569
6.19417 2.58495
6.11023 1.43937
6.10896 2.30564
6.09349 2.86832
6.08704 1.85303
6.04051 2.19067
6.01509 1.23515
5.98516 3.52059
5.95295 2.22936
5.93627 1.58038
5.92229 2.56177
5.8146 2.12665
5.80399 2.66606
5.77566 2.35261
5.71469 2.10216
5.51594 2.86907
5.47337 2.51604
5.41101 2.87473
5.4105 1.59416
5.20804 2.12747
5.15616 2.62821
4.86582 2.36212
4.74992 2.77614
4.7271 4.33903
4.69901 2.29106
4.69664 2.63834
4.65396 2.75089
4.6257 3.74418
4.57382 2.02873
4.44574 3.00618
4.37606 2.15619
4.37252 3.61254
4.31152 3.25535
4.26365 4.22509
4.21613 3.05487
4.20161 3.64403
4.18284 2.17396
4.13773 3.12978
3.94656 4.40522
3.85332 3.41817
3.76271 2.47967
3.71128 3.8598
3.69553 4.71938
3.54981 3.14132
3.40755 3.07227
3.3355 3.66725
3.31995 4.23398
3.30591 2.88061
3.26248 5.54235
3.17563 3.37196
3.12103 3.9918
3.09025 4.78517
3.07375 4.04431
2.98619 5.56982
2.9003 4.61516
2.89273 4.82693
2.85614 4.21859
2.80951 4.52332
2.72553 5.89488
2.70814 5.95261
2.58574 4.02346
2.57798 4.96258
2.53361 6.22494
2.51023 4.80017
2.50462 4.20726
2.40658 3.71921
2.31949 4.31135
2.27996 4.07393
2.07929 4.89205
2.02639 5.39291
1.96117 4.50661
1.88293 5.46369
1.8772 6.93387
1.87323 6.40737
1.69987 5.76187
1.65358 5.63196
1.56778 6.76179
1.50783 4.73082
1.4944 6.06397
1.46598 5.10229
1.45054 7.00547
1.44171 6.44257
1.415 7.02638
1.38208 7.13501
1.36898 8.06461
1.33245 7.30045
1.28641 6.71695
1.21004 6.59644
1.20883 8.0011
1.18227 7.08127
1.12986 7.14018
1.09207 7.51785
1.09101 7.31642
1.08823 7.24873
1.05789 5.66151
1.00119 5.48177
0.986424 7.9952
0.938692 7.60353
0.918103 8.07051
0.848314 8.38774
0.840729 8.0682
0.840542 5.1011
0.828335 5.5171
0.82652 5.86038
0.787683 8.42852
0.690809 6.36169
0.651769 5.35177
0.644715 5.82769
0.633344 8.16951
0.618649 7.47803
0.610467 7.66054
0.602945 8.89997
0.54713 6.03291
0.462937 8.02608
0.399587 6.49838
0.386514 7.77128
0.382426 8.41212
0.359409 7.8052
0.322758 9.98355
0.30498 6.47424
0.304739 7.2224
0.289089 9.39107
0.241424 7.787
0.191989 8.86685
0.16964 7.62799
0.160918 10.4273
0.153804 10.5892
0.123804 8.50168
0.123358 6.78067
0.121713 10.6719
0.121709 7.2956
0.120207 10.8304
0.0987567 9.13391
0.0908204 11.1323
0.0888041 8.49031
0.080982 8.1205
0.0750763 6.99294
0.0662154 9.48893
0.0577861 8.13985
0.0440846 8.94203
0.0230441 8.24717
0.0184788 10.8776
0.0153116 9.72544
0.0126622 11.046
0.0112977 10.5282
0.00683514 12.0628
0.00674882 8.47054
0.00397323 12.1814
0.00113015 7.83609
0 0 0 0 1 
0 0 1 0 0 
1 0 0 0 0 
0 0 1 0 0 
1 0 0 0 0 
0 0 0 1 0 
1 0 0 0 0 
0 0 1 0 0 
0 0 0 1 0 
0 1 0 0 0 
0 0 0 0 1 
0 1 0 0 0 
0 0 0 0 1 
0 0 1 0 0 
0 0 0 0 1 
0 0 0 1 0 
1 0 0 0 0 
0 0 1 0 0 
0 0 0 1 0 
1 0 0 0 0 
0 0 0 0 1 
1 0 0 0 0 
0 0 0 0 1 
1 0 0 0 0 
0 1 0 0 0 
0 0 1 0 0 
0 0 1 0 0 
0 1 0 0 0 
0 0 1 0 0 
0 0 1 0 0 
0 0 1 0 0 
0 0 0 0 1 
1 0 0 0 0 
0 1 0 0 0 
0 0 0 0 1 
0 1 0 0 0 
0 0 0 1 0 
0 0 1 0 0 
0 1 0 0 0 
0 0 0 0 1 
0 0 0 0 1 
0 0 1 0 0 
0 1 0 0 0 
0 0 1 0 0 
0 0 0 1 0 
0 0 0 0 1 
0 1 0 0 0 
0 0 0 1 0 
0 0 0 1 0 
0 0 0 0 1 
0 1 0 0 0 
0 0 1 0 0 
0 0 1 0 0 
0 1 0 0 0 
0 0 1 0 0 
0 0 0 0 1 
1 0 0 0 0 
1 0 0 0 0 
0 0 0 1 0 
0 1 0 0 0 
0 0 0 0 1 
0 0 0 0 1 
0 0 0 1 0 
0 0 0 1 0 
0 1 0 0 0 
0 0 1 0 0 
0 0 0 1 0 
0 0 1 0 0 
0 0 1 0 0 
1 0 0 0 0 
0 0 1 0 0 
0 0 1 0 0 
0 0 0 0 1 
0 0 0 1 0 
0 0 0 0 1 
0 0 0 0 1 
0 0 0 1 0 
1 0 0 0 0 
0 0 0 0 1 
0 1 0 0 0 
0 0 0 1 0 
0 0 0 0 1 
0 1 0 0 0 
0 0 0 1 0 
0 0 0 0 1 
0 1 0 0 0 
0 0 0 0 1 
0 1 0 0 0 
0 0 0 0 1 
0 0 0 0 1 
0 0 0 0 1 
1 0 0 0 0 
0 0 0 1 0 
1 0 0 0 0 
0 0 0 0 1 
0 0 0 0 1 
0 0 1 0 0 
0 0 0 1 0 
0 1 0 0 0 
0 0 0 0 1 
0 0 1 0 0 
0 0 1 0 0 
0 0 0 1 0 
0 1 0 0 0 
0 0 1 0 0 
0 0 0 1 0 
0 1 0 0 0 
0 0 0 0 1 
0 0 0 0 1 
0 1 0 0 0 
1 0 0 0 0 
0 0 0 0 1 
1 0 0 0 0 
0 0 0 1 0 
0 0 1 0 0 
0 0 0 0 1 
0 1 0 0 0 
0 1 0 0 0 
0 0 0 1 0 
0 0 0 0 1 
0 0 1 0 0 
0 0 0 1 0 
0 0 0 0 1 
1 0 0 0 0 
0 0 0 0 1 
0 1 0 0 0 
0 1 0 0 0 
0 0 0 1 0 
0 0 0 1 0 
0 0 0 1 0 
0 0 0 1 0 
0 1 0 0 0 
0 0 0 1 0 
1 0 0 0 0 
0 0 1 0 0 
0 1 0 0 0 
0 1 0 0 0 
0 1 0 0 0 
0 0 0 0 1 
0 0 0 0 1 
0 0 1 0 0 
0 0 0 1 0 
0 0 1 0 0 
0 1 0 0 0 
1 0 0 0 0 
1 0 0 0 0 
0 0 1 0 0 
1 0 0 0 0 
0 0 0 0 1 
0 0 0 0 1 
0 0 0 0 1 
0 0 0 1 0 
0 1 0 0 0 
0 0 0 1 0 
0 0 1 0 0 
0 1 0 0 0 
1 0 0 0 0 
0 1 0 0 0 
0 1 0 0 0 
0 0 1 0 0 
0 0 1 0 0 
0 0 0 0 1 
0 0 0 0 1 
0 0 0 0 1 
1 0 0 0 0 
0 0 0 0 1 
0 0 1 0 0 
0 1 0 0 0 
0 0 0 1 0 
0 1 0 0 0 
0 0 1 0 0 
0 0 1 0 0 
0 1 0 0 0 
0 0 0 1 0 
0 0 0 0 1 
0 0 0 1 0 
0 0 0 0 1 
0 0 0 0 1 
0 0 0 0 1 
0 0 1 0 0 
0 0 0 0 1 
0 1 0 0 0 
0 0 0 1 0 
0 0 0 0 1 
0 0 1 0 0 
0 1 0 0 0 
0 0 0 1 0 
0 1 0 0 0 
0 0 1 0 0 
0 0 0 1 0 
0 1 0 0 0 
0 0 0 0 1 
0 1 0 0 0 
0 0 0 0 1 
0 0 0 1 0 
1 0 0 0 0 
0 1 0 0 0 
0 1 0 0 0 
1 0 0 0 0 
0 1 0 0 0 
