5 50
0.415334
0.7359
0.363178
0.298173
0.541452
10.5389 0.152825
9.89909 0.415684
9.36769 1.0233
8.81661 0.489336
8.76491 0.676673
8.76068 0.159663
8.45695 0.705405
8.18375 0.758253
8.02447 0.119401
7.85802 0.64801
7.70058 0.572957
7.38845 1.16484
6.24277 1.13563
5.83534 2.19571
4.78203 2.89639
4.459 3.16325
4.3668 1.95101
4.31372 3.23539
3.9293 2.53174
3.67146 5.14042
3.56071 2.84689
3.55421 2.56373
3.02071 4.66469
2.81184 3.44892
2.54346 4.6567
2.43359 4.62406
1.99964 5.8144
1.96836 5.08548
1.83108 6.88252
1.79774 4.65491
1.52269 6.53228
1.50083 5.09614
1.49933 6.6815
1.45055 7.26229
1.34852 6.63013
1.23355 7.71445
1.18951 7.22519
1.12179 6.5279
1.12019 7.64228
1.00486 5.52934
0.989716 5.37969
0.512639 7.27212
0.425846 8.40693
0.330394 7.37666
0.164757 6.90224
0.134737 10.5607
0.103147 7.39961
0.0101569 9.01302
0.00537276 9.65905
0.00359344 11.9892
1 0 0 0 0 
0 0 0 1 0 
0 0 0 1 0 
0 1 0 0 0 
0 0 0 0 0 
0 0 0 0 1 
0 0 0 0 1 
1 0 0 0 0 
1 0 0 0 0 
0 1 0 0 0 
1 0 0 0 0 
0 0 0 0 1 
0 0 1 0 0 
1 0 0 0 0 
0 0 0 1 0 
0 1 0 0 0 
0 0 0 1 0 
0 0 1 0 0 
0 0 1 0 0 
1 0 0 0 0 
0 0 0 1 0 
0 0 0 1 0 
0 1 0 0 0 
0 1 0 0 0 
0 0 1 0 0 
0 0 0 0 1 
0 0 0 0 1 
0 0 0 0 1 
0 0 1 0 0 
1 0 0 0 0 
0 0 0 0 1 
0 0 0 1 0 
0 0 0 0 1 
1 0 0 0 0 
1 0 0 0 0 
0 1 0 0 0 
0 1 0 0 0 
0 0 0 0 1 
0 0 1 0 0 
0 0 1 0 0 
0 0 1 0 0 
1 0 0 0 0 
0 0 1 0 0 
0 0 0 0 1 
0 0 0 1 0 
0 0 0 1 0 
0 0 0 1 0 
0 1 0 0 0 
1 0 0 0 0 
0 0 0 1 0 
