5 200
0.607065
0.320384
0.694587
0.326485
0.507925
11.1725 0.656989
11.0161 0.381161
10.2665 0.854633
10.2421 0.394045
10.0189 0.591908
9.77201 0.516713
9.53823 0.358967
9.42982 0.608084
9.10644 0.495901
9.01459 0.534908
8.95953 1.47963
8.73975 1.13582
8.63538 0.53891
8.47543 1.60655
8.25039 0.273852
8.17755 2.09064
7.90414 1.87883
7.70366 1.13774
7.69906 1.90268
7.58339 0.545281
7.54641 0.140012
7.49665 0.373788
7.48261 1.9194
7.48179 0.921804
7.41362 0.392675
7.26125 0.851404
7.20891 0.741548
7.04945 0.587027
6.96383 0.408432
6.85838 2.1039
6.83689 1.29813
6.64281 2.51437
6.45466 2.75415
6.4514 2.11514
6.38322 2.36628
6.34023 1.51044
6.16602 2.66377
6.03749 1.32946
6.02442 1.81118
5.96502 2.61976
5.95611 1.36036
5.92312 2.80293
5.84971 1.85143
5.84297 1.51091
5.78508 3.97281
5.66687 2.34197
5.64255 1.70283
5.54 2.2134
5.5088 2.60578
5.47404 3.05361
5.38431 1.95633
5.38087 2.33974
5.35262 1.72525
5.31689 2.01241
5.15508 2.41143
5.10702 2.9445
5.08617 3.81082
5.07356 3.93951
4.96404 2.76227
4.91514 3.98779
4.84176 2.30225
4.83442 2.43484
4.75387 2.26308
4.7194 2.33421
4.64523 3.37395
4.63226 2.82835
4.54239 2.56668
4.5276 3.18962
4.45929 3.60557
4.43616 2.77324
4.21989 3.89581
4.15913 3.36659
4.10086 3.61498
3.96552 2.39554
3.95953 3.60859
3.93403 3.45136
3.93313 4.30561
3.88667 2.92426
3.87653 2.74412
3.72388 4.25762
3.69522 2.52654
3.6621 5.27536
3.65245 5.15594
3.38728 4.23637
3.35138 4.49449
3.32731 4.48472
3.32661 3.33085
3.27392 5.26017
3.21261 4.27353
3.12753 3.70046
3.09556 4.45457
3.04294 5.64475
3.01379 3.54166
3.00663 3.67473
2.97505 4.19779
2.89278 6.10808
2.7637 4.30672
2.73376 4.17098
2.58949 4.22782
2.49718 5.24179
2.48967 4.77117
2.38089 5.5913
2.36327 5.15839
2.27807 4.89123
2.26656 5.61166
2.14735 5.193
2.07818 4.9593
2.02602 6.70256
2.02182 4.31422
2.01714 3.80949
1.91892 6.57772
1.84625 5.66482
1.81722 6.35078
1.79681 5.28221
1.75279 4.78787
1.72054 6.85941
1.64394 5.42299
1.53266 6.33428
1.52671 4.40636
1.51572 7.03834
1.49887 5.02893
1.43494 6.3993
1.43111 6.35741
1.42388 6.43852
1.41863 5.49317
1.38251 6.9374
1.36053 7.12633
1.31518 7.45882
1.2986 6.80021
1.29095 6.58121
1.28231 6.11587
1.2786 4.7938
1.27328 5.61029
1.23406 6.59438
1.22653 7.34249
1.22495 7.90256
1.21441 6.80114
1.18963 5.99277
1.11883 6.02592
1.11224 7.21826
1.1009 7.47917
1.015 6.3887
0.975529 5.27197
0.973375 7.94736
0.956068 7.71533
0.886854 6.47947
0.87433 5.86696
0.829994 5.17587
0.800673 7.68673
0.783359 7.66478
0.727691 7.41553
0.576636 9.22199
0.542001 9.50804
0.536985 9.25245
0.530542 7.41602
0.529312 8.69696
0.505321 8.86864
0.434298 9.99199
0.426176 8.42508
0.400528 7.91861
0.38091 8.14231
0.372528 6.29347
0.367614 8.93182
0.36298 6.45717
0.35709 8.54775
0.355387 9.49892
0.282784 8.33049
0.275892 9.62243
0.252797 7.93764
0.251513 9.31688
0.248091 9.57222
0.245541 8.60825
0.243812 8.87587
0.235183 8.63782
0.182008 8.48473
0.18062 9.88363
0.159381 10.2857
0.129771 11.0718
0.12793 9.85028
0.114471 7.77499
0.114229 9.60665
0.10697 9.91355
0.0851466 11.0548
0.0818868 8.23302
0.0818513 8.50804
0.0801453 10.8936
0.0680775 10.315
0.0491664 10.7741
0.0437895 7.98828
0.03847 9.25304
0.0377454 11.3727
0.0181038 11.6228
0.0167638 11.6078
0.0163716 10.1068
0.0138857 11.2081
0.00851934 10.3211
0.00496371 11.0719
0.00279395 10.3224
0.00278242 11.2749
0.00242738 11.5798
1 0 0 0 0 
0 0 1 0 0 
0 0 0 0 1 
0 0 0 0 1 
0 0 0 0 1 
0 1 0 0 0 
0 0 0 0 1 
0 1 0 0 0 
0 0 0 0 1 
0 0 0.438643 0 0.561357 
0 0 1 0 0 
0 0 0.158302 0.841698 0 
0 1 0 0 0 
0 0 0 0 1 
0 1 0 0 0 
0.263567 0.736433 0 0 0 
0 0 0 1 0 
0 1 0 0 0 
0 0 1 0 0 
0 1 0 0 0 
0 0 0 1 0 
0 0 0 1 0 
1 0 0 0 0 
0 0.160993 0 0.839007 0 
0 0 1 0 0 
0.564849 0.435151 0 0 0 
0 1 0 0 0 
0 0 0.333704 0.666296 0 
0 0.601901 0 0.398099 0 
0 0 0 1 0 
0 0 0 1 0 
1 0 0 0 0 
0 0 0 1 0 
0 0 0 0 1 
0 0 1 0 0 
0 0 0 1 0 
0 0 0 0 1 
0 0 0 0 1 
1 0 0 0 0 
1 0 0 0 0 
0 0 0 0 1 
0 0 1 0 0 
1 0 0 0 0 
0 0 0 0 1 
0 0 0 1 0 
0 0 1 0 0 
0 0 1 0 0 
0 0.260686 0.603763 0 0.135551 
0 1 0 0 0 
0 1 0 0 0 
1 0 0 0 0 
0 0 0 0 1 
0 1 0 0 0 
0 0 0 0.355932 0.644068 
0 0.891244 0 0 0.108756 
1 0 0 0 0 
0 1 0 0 0 
0 1 0 0 0 
0.809646 0 0 0.190354 0 
0 0 0 0 1 
0 0 0 1 0 
0 0 0 1 0 
0 1 0 0 0 
0 0.441591 0 0.558409 0 
0 1 0 0 0 
0 1 0 0 0 
0 0 0 1 0 
0 1 0 0 0 
0 0 0 0 1 
0 1 0 0 0 
1 0 0 0 0 
0 0 0 1 0 
0 0 0 0 1 
0 0 0 1 0 
1 0 0 0 0 
0 0 0 0 1 
0 0 0 0 1 
1 0 0 0 0 
0 1 0 0 0 
0 0 0 1 0 
1 0 0 0 0 
0 0 0 0 1 
1 0 0 0 0 
0 0.50022 0.10681 0 0.392971 
0 1 0 0 0 
1 0 0 0 0 
0 1 0 0 0 
0 0 0 0 1 
0 0 0 1 0 
0 0 0 0 1 
1 0 0 0 0 
0 0 0 1 0 
0 0 0 1 0 
0 1 0 0 0 
0.303772 0.696228 0 0 0 
0 0 0 1 0 
0 0 0 0 1 
0 0 0 0 1 
0 0 0 0 1 
1 0 0 0 0 
0 0.137978 0 0 0.862022 
0.400582 0 0 0.599418 0 
0 0 0.564064 0 0.435936 
1 0 0 0 0 
1 0 0 0 0 
0 0 1 0 0 
0 0 0.538471 0 0.461529 
0.484205 0 0 0 0.515795 
1 0 0 0 0 
0 0 1 0 0 
0 1 0 0 0 
0 0.60534 0.296282 0.0983777 0 
0 0 0 1 0 
0 0 0 0 1 
0 0 0 0 1 
0 0 0 1 0 
0 0 0 0 1 
0 0 0 0 1 
1 0 0 0 0 
0 0 0.287375 0.712625 0 
0.188574 0 0 0 0.811426 
0 0.491523 0 0 0.508477 
0 1 0 0 0 
0 0 1 0 0 
0 0 0 1 0 
0 0 0 0 1 
0.47023 0.346962 0 0 0.182807 
0.519607 0 0.480392 0 0 
1 0 0 0 0 
0 0 1 0 0 
0 0 0 0 1 
0 1 0 0 0 
0 0 0 1 0 
0 0 0 1 0 
0 1 0 0 0 
0.574961 0 0 0 0.425039 
1 0 0 0 0 
1 0 0 0 0 
0 0 0 1 0 
0 0 0 1 0 
0 0 1 0 0 
0 1 0 0 0 
0.384524 0 0.615476 0 0 
0 0 1 0 0 
0 1 0 0 0 
0 1 0 0 0 
1 0 0 0 0 
1 0 0 0 0 
0.195222 0 0 0.306545 0.498233 
0 0 1 0 0 
1 0 0 0 0 
0 0 1 0 0 
0 0 1 0 0 
0.459783 0 0 0.540217 0 
1 0 0 0 0 
0 0 1 0 0 
1 0 0 0 0 
1 0 0 0 0 
1 0 0 0 0 
0 0 0.52447 0 0.47553 
0 0 0 1 0 
0 0 1 0 0 
1 0 0 0 0 
0 0 1 0 0 
0 0 0 1 0 
1 0 0 0 0 
0 0 1 0 0 
1 0 0 0 0 
1 0 0 0 0 
0 1 0 0 0 
1 0 0 0 0 
0 0 0 1 0 
0 0 0.647852 0.352148 0 
0.359244 0 0.640756 0 0 
0 0 1 0 0 
1 0 0 0 0 
0 0 1 0 0 
1 0 0 0 0 
0 1 0 0 0 
0 0 0 1 0 
0 0 0 1 0 
0 0.529038 0 0 0.470962 
0 0 1 0 0 
0 1 0 0 0 
0 0 1 0 0 
0 0 0 0 1 
0 1 0 0 0 
0 0 0 0 1 
0 0 1 0 0 
0 0 0 1 0 
0 1 0 0 0 
0 1 0 0 0 
0 1 0 0 0 
0.537058 0 0.462942 0 0 
0 0 0 0 1 
0 0.343109 0.656891 0 0 
0 0 0 0 1 
0 0 0 0 1 
0 1 0 0 0 
0 0 0 0 1 
