5 150
0.448843
0.52842
0.673231
0.705168
0.609401
10.3076 0.79782
9.80602 1.07656
9.77432 0.858157
9.22563 1.23413
9.04945 1.50715
8.92204 0.30512
8.54339 1.36171
8.4674 1.42104
8.36826 1.17803
8.354 1.56014
8.28023 1.58823
8.19317 1.60692
7.88723 1.01051
7.83107 0.183205
7.76585 2.07764
7.46545 1.01139
7.44595 1.88694
7.36065 0.147863
7.33853 1.41401
7.32375 1.42256
7.31605 1.77665
7.31382 0.440882
7.23718 2.0355
7.09668 0.609728
6.99136 1.70857
6.91824 0.558339
6.83052 2.38763
6.50835 1.26099
6.42413 1.25289
6.28911 1.11066
6.18516 1.85915
6.18195 1.18241
5.97334 2.76258
5.8474 1.97421
5.78975 1.63307
5.72016 3.19663
5.67529 1.93051
5.51087 2.4036
5.19222 1.80234
5.13413 2.30746
5.12818 2.17547
5.10841 1.94221
5.07121 3.52418
5.0528 3.5987
4.94941 3.63908
4.91991 2.89366
4.90887 3.00313
4.60094 2.62731
4.58445 2.45335
4.38229 2.369
4.34633 3.03172
4.33494 2.49396
4.31275 2.31014
4.03551 3.65178
4.02146 3.69848
4.01894 4.34083
3.96026 4.56637
3.91776 5.15715
3.79385 4.69717
3.77796 4.68146
3.75848 5.14575
3.73555 5.02933
3.70211 2.94426
3.55294 2.86558
3.51989 5.73135
3.35435 4.21061
3.18504 3.3994
3.12656 5.22599
3.10286 3.80382
3.06821 3.78537
3.00253 4.35783
2.83888 4.16476
2.7994 4.96731
2.7222 6.12645
2.6279 5.92232
2.54314 4.73731
2.48633 5.37912
2.43282 5.43477
2.34069 5.82422
2.29009 3.73698
2.23273 5.91447
2.16501 5.78996
2.08961 6.72275
2.08709 4.3333
2.02068 4.9011
1.99087 4.8296
1.94462 6.7877
1.80447 6.93451
1.79164 4.49783
1.7606 4.39811
1.68889 5.51663
1.66106 5.8299
1.57339 5.11957
1.52414 7.27979
1.45582 4.91961
1.45535 5.91219
1.38549 4.68264
1.32583 5.69017
1.3228 5.68127
1.3 5.36945
1.29433 5.94315
1.20503 6.48295
1.16399 5.21938
0.994125 5.39694
0.992692 7.40721
0.962021 5.88002
0.947039 5.3065
0.905039 7.67102
0.839893 7.67595
0.825295 7.9695
0.798886 6.69612
0.790756 5.72109
0.773073 6.87119
0.766917 6.54877
0.725688 7.90358
0.689741 7.73596
0.66498 5.60691
0.654408 9.23858
0.635032 7.78427
0.621412 8.65415
0.576904 8.71131
0.563875 7.70508
0.531915 9.12472
0.437344 6.96223
0.39729 9.18295
0.391033 9.51731
0.358346 9.33605
0.35031 9.65359
0.303366 8.09815
0.261 9.77857
0.2485 9.83296
0.23817 6.75877
0.198778 9.87626
0.191167 7.1173
0.179623 7.22231
0.144276 10.4597
0.13747 7.1185
0.0999737 7.72323
0.0967848 8.08155
0.0915381 8.88733
0.081081 7.27252
0.0810224 8.20237
0.0612856 11.3846
0.0384214 8.37054
0.032261 11.3022
0.0300094 7.56004
0.0261903 11.1076
0.015825 8.53591
0.00510112 9.10544
0.00358372 11.2179
0.480008 0 0.519992 0 0 
0 0.230191 0 0.279093 0.490716 
0 0 0.202189 0.797811 0 
1 0 0 0 0 
0.18244 0 0.174697 0.642863 0 
0.199512 0.140399 0.345698 0 0.314392 
0.307072 0 0 0.478351 0.214577 
0.0523721 0.274549 0.154559 0.183815 0.334704 
0 0.119931 0 0.529407 0.350661 
0.610814 0 0 0.389186 0 
0 0.280292 0.504833 0.214875 0 
0.393504 0.285386 0 0.171112 0.149998 
0.460727 0 0 0.539273 0 
0 0 0 0.671408 0.328592 
0.42362 0 0.260884 0.315496 0 
0 0.227023 0.315241 0.457736 0 
0.369134 0.305633 0 0.325233 0 
0.142213 0.059769 0.300678 0.155238 0.342102 
0 0.175114 0.279452 0.255548 0.289886 
0 0 0 0 1 
0 0 0 0 1 
0.40461 0 0 0.419126 0.176264 
0.325309 0.280277 0 0.299872 0.0945411 
0.11325 0.428496 0.303163 0.155091 0 
0.257755 0.182222 0.4198 0 0.140223 
0 0.336998 0.128348 0 0.534654 
0.353366 0.327022 0 0.319612 0 
0.110747 0 0.150768 0.324527 0.413957 
0.217025 0.782975 0 0 0 
0.528538 0 0 0 0.471462 
0.218251 0.170259 0.143872 0.285184 0.182434 
0.206211 0.515425 0 0.278363 0 
1 0 0 0 0 
0.166258 0.187665 0.279804 0.135632 0.230641 
0.461427 0 0.27901 0 0.259563 
0.593313 0 0 0.406687 0 
0 0 0.582458 0 0.417542 
0.200216 0 0.249297 0.283745 0.266742 
0 0.463886 0.208668 0 0.327447 
0 0 0.24548 0.75452 0 
0.585419 0.414581 0 0 0 
0.420703 0.349057 0 0 0.23024 
0.0939025 0.217796 0.383296 0.232203 0.0728026 
0.154597 0.388788 0.233589 0 0.223025 
0.218951 0.301292 0.273069 0 0.206688 
0 0 0.44407 0.55593 0 
0 0.539453 0 0.460547 0 
0.220904 0.381336 0.263742 0 0.134019 
0.519042 0 0 0.480958 0 
0.342788 0.572604 0 0 0.084608 
1 0 0 0 0 
0 0.324207 0 0.376022 0.299771 
0 0.161333 0.273338 0.234317 0.331012 
0 0.671243 0 0 0.328757 
0 0.0934002 0.579952 0 0.326647 
0 0.353992 0.228602 0.417405 0 
0.515971 0 0.484029 0 0 
0.234829 0.357731 0 0.165674 0.241767 
0 0.18808 0.81192 0 0 
0.487532 0.104797 0.407671 0 0 
0.315837 0.465381 0 0 0.218782 
0 0.538357 0.461643 0 0 
0.50959 0 0.49041 0 0 
0 0.181372 0.218673 0.508171 0.0917842 
0 0.322218 0 0.529181 0.148601 
0.227693 0 0 0.596112 0.176194 
0.22305 0.135175 0.314518 0.327258 0 
0 0.180315 0.368432 0.0806157 0.370637 
0 0.541743 0 0.458257 0 
0.325426 0 0.383685 0.0958107 0.195078 
0 0 0.632737 0.367263 0 
0 0.0686952 0.19996 0.478283 0.253063 
0.22504 0.383699 0 0.113879 0.277382 
0.287706 0 0.330366 0 0.381929 
0.386368 0.224777 0 0.319224 0.0696302 
0.589208 0 0.21729 0 0.193503 
0.226892 0.267164 0.0775138 0.0619064 0.366524 
0 0.28203 0.471684 0 0.246285 
0.213121 0 0.368425 0.30439 0.114063 
0.489478 0.510522 0 0 0 
0 0 0.655108 0 0.344892 
0.432653 0.369828 0 0.07314 0.124378 
0 0.605698 0 0.394302 0 
0 0 0.569989 0.282792 0.147219 
0.39574 0 0.391875 0.212385 0 
0 0 0 1 0 
0 0 1 0 0 
0 0 0.382208 0.531683 0.0861088 
0.543234 0.268624 0 0.188143 0 
0.21248 0.274635 0.169897 0.26572 0.0772686 
0.407791 0.220747 0 0 0.371462 
0.409915 0.306643 0 0.0848963 0.198546 
0.184739 0.130133 0.295249 0.194633 0.195246 
0 0 1 0 0 
0.140096 0.43574 0.176872 0.15456 0.0927317 
0.091544 0 0.409049 0.499407 0 
0.396689 0.23086 0 0.372451 0 
0 0 0.801837 0 0.198163 
0.565947 0.434053 0 0 0 
0.0902458 0.190889 0 0.403484 0.315381 
0 0.447962 0 0 0.552038 
0 0 0.624643 0.263378 0.111979 
0.273305 0.248762 0.124094 0.149424 0.204415 
0 0.401473 0.245307 0 0.35322 
0 0.37603 0.119913 0.504057 0 
0 0.124184 0.437194 0 0.438623 
0 0.094676 0.218931 0.340324 0.346069 
0 0.21159 0.229394 0.295706 0.26331 
0.419947 0 0 0.580053 0 
0 0 1 0 0 
0.323265 0 0.676735 0 0 
0.0502292 0.228855 0.202801 0.269747 0.248368 
0 0 0.335169 0 0.664831 
0.397757 0.243389 0.0579589 0.161333 0.139562 
0.108018 0.160209 0 0.398822 0.332951 
0.324168 0 0.155746 0 0.520086 
0.212037 0 0.142398 0.131359 0.514205 
0.187059 0.273982 0.425908 0.113052 0 
0 0.17062 0.82938 0 0 
0.596273 0 0 0 0.403727 
0.401446 0.217456 0 0.293979 0.0871189 
0 0.237475 0.285403 0.238517 0.238606 
0 0.200471 0.362284 0.437245 0 
0.346308 0 0 0.203803 0.449888 
0.633842 0 0 0.366158 0 
0.43097 0.347341 0.221689 0 0 
0.769222 0 0 0.230778 0 
0 0.33697 0 0 0.66303 
0.735243 0 0 0.264757 0 
0.571156 0.158752 0 0 0.270092 
0.431003 0.479964 0 0.0890336 0 
0.262268 0.30607 0 0 0.431662 
0.200828 0.389726 0.172391 0 0.237055 
0 0 0.510526 0.489474 0 
0 0.341711 0.491056 0.167233 0 
0.410994 0.239518 0 0 0.349488 
0.565577 0 0 0 0.434423 
0 0.53599 0.46401 0 0 
0 0.463377 0.352369 0.184254 0 
0.122745 0 0.488584 0 0.38867 
0.304374 0.290008 0 0.405617 0 
0.320199 0.306936 0.273992 0 0.0988732 
0.102495 0.669158 0 0.228347 0 
0.256305 0.178753 0.252239 0 0.312702 
0 0 0.271963 0.37933 0.348707 
0.533127 0 0 0 0.466873 
0.454354 0 0 0 0.545646 
0 0.268624 0.20972 0.398846 0.12281 
0.427513 0 0.473028 0.0994584 0 
0.181873 0 0 0.398969 0.419158 
