5 50
0.532281
0.653363
0.729247
0.574671
0.397923
11.1573 0.310947
11.1517 0.310238
9.5183 0.470608
8.53776 1.61223
8.26667 0.128204
7.40391 1.03163
7.39006 2.17372
7.10122 0.896429
6.8402 1.68643
6.62255 2.63056
6.14876 1.65075
5.08608 1.54102
5.03515 3.00877
4.60445 2.96736
4.36337 2.46819
4.33663 2.91899
4.22038 3.28682
3.97764 4.40941
3.62452 3.82955
2.99944 4.21703
2.96008 5.31365
2.74004 5.50848
2.06392 5.9596
1.17642 5.71599
1.12794 5.1936
1.06143 7.26777
1.03487 6.83968
0.901241 8.1245
0.89415 6.68706
0.886536 7.54208
0.84604 6.21036
0.765087 7.91174
0.737967 6.41056
0.605515 6.04306
0.601668 6.40577
0.487891 6.56917
0.467821 9.59429
0.446687 6.00972
0.446145 7.59864
0.410108 8.22707
0.332733 7.25556
0.307751 7.14616
0.296351 8.07833
0.261516 8.31641
0.221167 7.93011
0.116648 8.24494
0.112056 10.7505
0.0937568 7.60309
0.0425923 10.9215
0.00106855 10.9399
0.344437 0.264885 0 0 0.390678 
0 0 1 0 0 
1 0 0 0 0 
0 0 0 0 1 
0 1 0 0 0 
0 0.751367 0 0.248633 0 
0 0 0 0 1 
0 0 0.390962 0 0.609038 
0 0.0754059 0.568119 0.356475 0 
0 0 0 0.404603 0.595397 
0.541264 0 0.458736 0 0 
0.684614 0 0.315386 0 0 
1 0 0 0 0 
0 0.551974 0 0 0.448026 
0.21051 0.337726 0 0.451764 0 
1 0 0 0 0 
0 1 0 0 0 
0 0 0.351895 0 0.648106 
0 0.645468 0 0.354532 0 
0 0 1 0 0 
0 0 1 0 0 
0 0 0 0 1 
0 0 1 0 0 
0 0 0 1 0 
0 0 0 0 1 
0 0 0 1 0 
1 0 0 0 0 
0 0 0 1 0 
0 0 0 0.853309 0.146691 
0 0 0.230426 0.769574 0 
0.37422 0 0 0 0.62578 
0 0.492232 0.507768 0 0 
0.464303 0 0 0.535697 0 
0.544839 0 0.455161 0 0 
1 0 0 0 0 
1 0 0 0 0 
0 0 0 1 0 
0.275328 0 0 0 0.724672 
0 1 0 0 0 
1 0 0 0 0 
0 1 0 0 0 
0.355493 0 0 0 0.644507 
0 1 0 0 0 
0 0 0 0 1 
0.601476 0 0.398524 0 0 
0 0 0.442323 0.557677 0 
0 0 0 1 0 
0 0 0 1 0 
1 0 0 0 0 
0.326595 0.673405 0 0 0 
