5 50
0.655515
0.458441
0.421514
0.279725
0.623623
10.0606 0.25416
8.54373 0.825912
8.4418 1.48179
8.22288 0.115507
8.0822 1.57078
7.95572 1.20693
7.15357 2.41958
6.60164 2.85868
6.42255 2.70936
6.22038 3.24397
5.5834 3.4838
5.55358 3.45305
5.32283 2.44846
4.785 3.19059
4.47225 2.70446
4.19041 2.28104
2.96463 3.93356
2.81566 3.74621
2.80513 3.45033
2.6023 4.21117
2.58709 3.54309
2.41183 4.53394
2.22643 4.20296
1.60961 4.58699
1.36381 4.7721
1.31944 6.42149
1.25142 7.06164
1.19341 6.1989
1.0557 7.10292
0.968032 8.14385
0.825818 8.14275
0.779607 8.24601
0.763764 6.98259
0.67377 7.22083
0.672612 6.20546
0.668606 5.63775
0.557702 6.82202
0.54009 9.5044
0.462907 7.84249
0.461921 7.55221
0.460172 6.02352
0.365686 8.1541
0.323987 8.55139
0.191655 7.9027
0.16493 8.0464
0.115769 9.40878
0.0660782 9.41958
0.06389 10.732
0.0198978 9.21518
0.0157513 10.4375
0.346881 0 0.653119 0 0 
0.480177 0 0.519823 0 0 
0 0.705842 0 0 0.294158 
1 0 0 0 0 
0 0 0 0 1 
0.0879208 0 0.63049 0 0.281589 
0 0 1 0 0 
0 0.77809 0.22191 0 0 
1 0 0 0 0 
0 1 0 0 0 
0 0 0 0 1 
1 0 0 0 0 
0.479891 0 0 0.520109 0 
0.326409 0 0 0.673591 0 
0 0 0 0 1 
0 0 0 1 0 
0 0 0 1 0 
0 0 0.366874 0.633126 0 
0 0.575368 0 0 0.424632 
0 0 0 0 1 
1 0 0 0 0 
0 0.524883 0 0.475117 0 
0 1 0 0 0 
0.295086 0 0.365164 0 0.33975 
0.744704 0 0 0 0.255296 
1 0 0 0 0 
0 0 0 1 0 
0 0 1 0 0 
0 0 0.467225 0.532775 0 
0.535819 0 0.333349 0 0.130831 
1 0 0 0 0 
0 0 0 1 0 
0 0 1 0 0 
0 1 0 0 0 
1 0 0 0 0 
0 0 0 1 0 
0.454931 0.545069 0 0 0 
0 1 0 0 0 
0 0 1 0 0 
0.309977 0 0.334458 0 0.355566 
0 0.617012 0.382988 0 0 
1 0 0 0 0 
0 0 0 1 0 
0 0 0 0.770051 0.229949 
0 0 0.724248 0.275752 0 
1 0 0 0 0 
1 0 0 0 0 
0 0.476829 0 0.523171 0 
0.360976 0 0 0 0.639024 
0 0 0 0 1 
