5 200
0.612331
0.392506
0.31418
0.691862
0.592433
10.472 0.288591
10.1177 0.257528
9.92768 0.849048
9.81909 0.565458
9.7605 0.466472
9.65642 0.558725
9.61615 1.05423
9.501 0.151959
9.49828 1.32973
9.47284 0.169282
9.30263 1.03173
9.2978 0.687912
9.21337 0.478371
8.75416 0.236211
8.57293 1.38183
8.2694 0.917956
8.25214 0.609586
8.2153 1.51476
7.93209 0.824776
7.91156 1.32429
7.84092 0.664621
7.69648 2.13858
7.6666 2.26751
7.61791 1.33269
7.6025 0.271897
7.55287 1.61497
7.5337 1.17004
7.407 2.08746
7.39761 1.09306
7.38302 0.567795
7.01624 1.01054
6.96492 0.506151
6.96203 1.36374
6.9214 0.3661
6.9085 2.08357
6.86707 2.02663
6.81408 1.92934
6.78989 2.17207
6.78904 0.841384
6.53748 0.634627
6.44086 1.72189
6.25812 2.10447
6.20215 2.27954
6.14288 1.58333
5.99297 3.56142
5.88993 1.54471
5.83746 1.8061
5.83436 2.6345
5.81801 3.11681
5.784 3.13879
5.75807 1.75581
5.72649 2.262
5.72245 2.36566
5.67919 3.38773
5.65963 2.38922
5.64192 1.82918
5.59536 2.18662
5.36768 3.72788
5.35914 1.97003
5.35233 1.58375
5.27179 3.11314
5.26762 3.28083
5.08039 2.94323
5.03685 2.91416
4.91435 2.73155
4.51973 3.87563
4.50989 2.98943
4.40226 3.3539
4.38712 3.0043
4.27615 5.03651
4.11783 4.30911
4.11667 2.58369
4.10373 2.76303
4.06495 5.03343
4.00563 3.87443
3.88324 3.79311
3.82727 3.27164
3.75473 4.86748
3.73439 4.43892
3.5946 3.83545
3.51233 3.46086
3.49055 4.78916
3.33759 5.4805
3.30904 6.00427
3.13021 3.13684
3.11963 3.37752
3.10011 3.56135
3.07434 3.81786
3.04439 3.71008
3.01872 3.76246
3.00976 4.51568
2.99286 4.53195
2.83114 3.58872
2.78594 3.38384
2.59944 4.98468
2.57251 5.05326
2.54042 5.42757
2.44796 5.61796
2.40367 5.86341
2.31523 6.25452
2.31314 4.21862
2.2898 5.73217
2.16459 4.97122
2.1512 4.57415
2.1336 4.57901
1.98461 7.28231
1.92118 7.04574
1.82042 5.92995
1.77749 6.29978
1.74906 4.92671
1.7457 4.49651
1.73615 4.39423
1.73118 4.43334
1.70191 4.93934
1.68987 5.3327
1.67286 5.23741
1.60642 6.61488
1.58741 6.32102
1.58396 7.00707
1.57725 5.09401
1.54462 4.51099
1.53167 7.53886
1.51884 7.00902
1.49334 6.1654
1.45019 6.70537
1.43038 5.22954
1.32081 8.15857
1.31736 6.77874
1.28524 7.20869
1.26727 5.1345
1.18285 7.64482
1.17267 7.82315
1.14717 4.74109
1.13008 6.85904
1.10516 7.47074
1.10038 7.46141
1.09619 5.81429
1.08298 7.97313
1.06863 7.6948
1.04377 5.77922
1.03189 7.48592
1.02933 8.34284
0.995375 5.69236
0.939279 4.99538
0.895939 7.70669
0.876513 6.26774
0.859763 8.6856
0.796621 6.32941
0.778947 7.3305
0.773103 5.95133
0.751611 8.5778
0.742439 8.92261
0.73452 7.08766
0.72476 8.22175
0.61637 6.07256
0.570035 9.68052
0.559898 7.27904
0.54889 7.21361
0.529283 5.66548
0.520101 5.91666
0.484829 8.59035
0.480473 8.96117
0.424765 6.42707
0.376982 7.98708
0.314126 8.62381
0.295375 9.79147
0.264055 9.2676
0.239234 6.80115
0.219223 7.69526
0.196307 8.31477
0.194552 7.33185
0.19074 6.95076
0.159023 7.06042
0.104845 9.76173
0.102207 6.82457
0.0880488 9.61559
0.0800238 10.5779
0.0795255 8.03384
0.0612266 10.1657
0.0609994 11.1838
0.055342 8.70498
0.0541193 10.2532
0.0476324 10.1043
0.036424 11.5958
0.0296786 11.6063
0.027276 8.49638
0.0232644 9.51157
0.0141816 10.8749
0.0127792 10.2976
0.0124317 10.5138
0.00830782 8.41623
0.00827571 10.2249
0.00771291 11.7655
0.00497583 11.6213
0.00472661 10.3324
0.0027792 10.0093
0.00188423 8.11886
0.00183904 10.2675
0.00159229 10.7147
0.00153681 10.6745
0 0 1 0 0 
0 1 0 0 0 
0 0 0 1 0 
0 0 1 0 0 
1 0 0 0 0 
0 0 1 0 0 
1 0 0 0 0 
0 0 1 0 0 
0 0 0 0 1 
0 0 0 0 1 
0 0 0 0 1 
1 0 0 0 0 
1 0 0 0 0 
1 0 0 0 0 
0 0 0 0 1 
0 0 0 1 0 
0 0 0 1 0 
1 0 0 0 0 
1 0 0 0 0 
0 0 0 0 1 
0 0 0 0 1 
0 0 0 0 1 
0 0 0 1 0 
1 0 0 0 0 
0 0 1 0 0 
1 0 0 0 0 
0 1 0 0 0 
0 0 0 0 1 
0 0 1 0 0 
0 1 0 0 0 
0 0 0 1 0 
1 0 0 0 0 
0 0 1 0 0 
0 0 0 1 0 
0 0 1 0 0 
0 1 0 0 0 
0 1 0 0 0 
0 1 0 0 0 
0 0 1 0 0 
0 0 0 0 1 
1 0 0 0 0 
0 0 1 0 0 
1 0 0 0 0 
0 0 1 0 0 
1 0 0 0 0 
1 0 0 0 0 
0 0 0 1 0 
0 0 0 0 1 
0 1 0 0 0 
0 0 0 0 1 
0 1 0 0 0 
0 0 0 0 1 
1 0 0 0 0 
0 0 0 1 0 
0 0 0 0 1 
0 0 1 0 0 
0 0 1 0 0 
0 1 0 0 0 
0 0 0 0 1 
0 0 1 0 0 
0 0 0 0 1 
0 0 1 0 0 
0 0 1 0 0 
0 0 1 0 0 
1 0 0 0 0 
1 0 0 0 0 
1 0 0 0 0 
0 0 1 0 0 
0 0 1 0 0 
0 1 0 0 0 
0 1 0 0 0 
0 0 0 1 0 
0 1 0 0 0 
0 0 0 0 1 
0 0 1 0 0 
1 0 0 0 0 
0 0 1 0 0 
0 0 0 1 0 
0 1 0 0 0 
1 0 0 0 0 
0 1 0 0 0 
0 1 0 0 0 
0 0 1 0 0 
1 0 0 0 0 
1 0 0 0 0 
0 0 1 0 0 
0 0 0 1 0 
0 1 0 0 0 
0 1 0 0 0 
0 0 0 1 0 
0 0 1 0 0 
0 0 1 0 0 
0 0 0 1 0 
1 0 0 0 0 
0 0 0 1 0 
0 0 0 0 1 
0 0 0 0 1 
0 0 0 0 1 
0 0 1 0 0 
0 0 1 0 0 
0 0 1 0 0 
0 0 0 1 0 
0 0 0 0 1 
0 1 0 0 0 
0 0 0 0 1 
0 1 0 0 0 
0 0 0 1 0 
1 0 0 0 0 
0 1 0 0 0 
0 1 0 0 0 
0 0 0 1 0 
0 1 0 0 0 
0 0 0 0 1 
0 0 0 1 0 
0 0 0 1 0 
0 0 0 1 0 
0 1 0 0 0 
0 0 1 0 0 
0 0 1 0 0 
0 0 0 0 1 
0 0 1 0 0 
0 0 0 1 0 
1 0 0 0 0 
1 0 0 0 0 
0 0 0 1 0 
0 0 0 0 1 
0 0 0 1 0 
0 0 0 1 0 
0 0 0 0 1 
0 1 0 0 0 
0 0 0 0 1 
0 1 0 0 0 
0 0 0 0 1 
0 0 0 1 0 
0 0 0 1 0 
0 0 1 0 0 
0 0 1 0 0 
0 1 0 0 0 
0 1 0 0 0 
0 0 1 0 0 
0 1 0 0 0 
0 1 0 0 0 
0 0 0 1 0 
1 0 0 0 0 
1 0 0 0 0 
1 0 0 0 0 
0 0 1 0 0 
0 0 0 1 0 
0 0 0 0 1 
0 1 0 0 0 
0 0 0 0 1 
0 0 0 1 0 
1 0 0 0 0 
1 0 0 0 0 
0 0 1 0 0 
0 0 0 1 0 
0 1 0 0 0 
0 0 0 1 0 
0 0 0 1 0 
0 0 0 0 1 
0 0 0 0 1 
0 0 0 0 1 
1 0 0 0 0 
0 0 1 0 0 
0 0 1 0 0 
0 1 0 0 0 
1 0 0 0 0 
0 0 0 0 1 
0 1 0 0 0 
0 0 0 1 0 
0 0 0 0 1 
0 0 0 0 1 
0 1 0 0 0 
0 0 0 0 1 
0 0 1 0 0 
0 1 0 0 0 
0 0 0 0 1 
0 0 1 0 0 
0 0 0 1 0 
0 1 0 0 0 
0 0 0 1 0 
1 0 0 0 0 
0 0 0 1 0 
1 0 0 0 0 
0 0 1 0 0 
0 0 0 0 1 
0 0 1 0 0 
1 0 0 0 0 
1 0 0 0 0 
0 0 0 1 0 
1 0 0 0 0 
0 1 0 0 0 
0 0 0 1 0 
0 0 0 0 1 
1 0 0 0 0 
0 1 0 0 0 
0 0 0 0 1 
1 0 0 0 0 
0 1 0 0 0 
1 0 0 0 0 
