5 100
0.447882
0.66551
0.35828
0.363895
0.482597
10.3489 0.561287
9.67683 0.638979
9.33528 0.649644
9.1016 0.893208
9.05889 1.0255
8.84778 1.29222
8.65005 1.20288
8.6422 0.806189
8.61382 1.68386
8.4545 0.323002
7.79983 1.38885
7.74242 2.01165
7.26063 0.209639
6.84126 0.638809
6.77387 1.0878
6.71127 1.16383
6.64242 2.55097
6.51253 2.00683
6.33102 1.74582
5.85224 2.32061
5.65286 2.1117
5.62065 1.66873
5.38064 3.45453
5.29073 2.84664
5.22935 2.00841
5.05287 2.60857
4.92455 2.57962
4.77486 2.44793
4.65407 3.08227
4.25576 4.23433
4.1074 3.15276
3.785 3.04353
3.57698 3.71172
3.3553 3.51144
3.20026 5.75069
3.07693 4.9437
2.97839 3.64413
2.88619 5.25836
2.79877 5.24151
2.71693 5.31402
2.63475 5.38031
2.60698 3.92825
2.58375 5.79729
2.53792 5.19433
2.47871 4.41936
2.47612 4.54352
2.45677 5.57768
2.33468 4.39049
2.26444 6.22071
2.26428 4.07682
2.14172 5.40363
2.11993 5.30773
2.07727 5.23295
2.06152 6.01112
2.01775 5.80016
2.00831 5.6882
2.00241 5.6593
1.80655 4.28244
1.80282 5.68291
1.78815 4.50889
1.78106 4.18633
1.77113 6.13046
1.57412 5.75118
1.46414 7.75656
1.26122 7.77531
1.21187 5.73433
1.20636 6.61632
1.19509 8.47403
1.1922 6.63773
1.11404 5.29896
0.971473 7.27121
0.923784 7.28058
0.882309 6.85034
0.713544 8.45486
0.660431 7.23509
0.624452 8.47493
0.393197 6.1875
0.38562 6.68217
0.337835 9.79
0.241305 7.3935
0.237176 8.6381
0.227872 10.2272
0.223216 8.11522
0.175611 10.707
0.170758 7.62644
0.160736 10.0646
0.130186 9.78374
0.12984 7.50578
0.121506 8.56465
0.117042 7.24544
0.108807 8.21168
0.0642006 8.10457
0.0334334 9.67135
0.0117294 8.71661
0.0113865 9.64103
0.0108354 8.38983
0.0106459 11.9486
0.0105815 9.84959
0.00209419 11.8252
0.00155702 11.5557
0.251671 0 0.362277 0.386052 0 
0 0.517235 0 0 0.482765 
0.301766 0.20998 0.217542 0.150749 0.119962 
1 0 0 0 0 
0.453369 0 0.331774 0 0.214857 
0.10793 0 0 0.89207 0 
0.267659 0.732341 0 0 0 
0 0 0 0.434294 0.565706 
0.378915 0 0 0.134983 0.486102 
0 0 0.831464 0 0.168536 
0 0.518524 0.392347 0 0.0891288 
0 0 0 0 1 
0.629499 0 0 0.156135 0.214366 
0.347759 0 0.26285 0 0.389391 
0 0.353903 0.355689 0.290408 0 
0 0 0.420812 0.579188 0 
0 0 0.807174 0 0.192826 
0 0.25759 0.332921 0.230984 0.178505 
0.304184 0.382943 0 0.312873 0 
0.75092 0.24908 0 0 0 
0 0.223957 0 0 0.776043 
0 0 0.159558 0.840442 0 
0.402408 0 0.597592 0 0 
0 0 0 0 1 
0 0 0 0.520031 0.479969 
0 0 1 0 0 
0.56092 0 0.43908 0 0 
0.295635 0.300593 0.292717 0.111055 0 
0.151446 0.574258 0 0 0.274296 
0 1 0 0 0 
0 0 0.194162 0.615201 0.190637 
0 0 0 0 1 
0.300036 0 0 0.699964 0 
0.24569 0.263342 0.298744 0.192224 0 
0.13411 0 0 0.304709 0.561181 
0.0635088 0.215954 0.159465 0.561072 0 
0 0.434304 0 0.467204 0.0984918 
0 0.53952 0 0 0.46048 
0.385916 0 0.202841 0 0.411243 
0.470913 0 0.129336 0.399751 0 
0.0631127 0.245274 0 0.451037 0.240576 
0 0 0.39671 0.60329 0 
0 0.536803 0 0 0.463197 
0 0.573005 0.228677 0 0.198318 
0.0838285 0.267189 0.0799571 0.316382 0.252643 
0.214621 0 0 0.212679 0.5727 
0.286698 0.405532 0.240135 0.0676353 0 
0 0 0 0.519056 0.480944 
0.548743 0.451257 0 0 0 
0.320791 0.679209 0 0 0 
0 0.791079 0 0 0.208921 
0 0 1 0 0 
0 0 0 1 0 
0 0 0.462714 0.537286 0 
0 1 0 0 0 
0 0 0 0.724369 0.275631 
0.319886 0.153516 0 0.247118 0.279481 
0.47397 0 0.410978 0 0.115052 
0.476782 0 0.523218 0 0 
0.590768 0.409232 0 0 0 
1 0 0 0 0 
0 0.196527 0 0.32092 0.482553 
0 0.264898 0.297632 0 0.43747 
0 0 0 0.292306 0.707694 
0.445634 0.0943972 0.385113 0.0748553 0 
0.492895 0.507106 0 0 0 
0.518061 0.297803 0 0.184137 0 
0 0 0 1 0 
0 0.521814 0.291854 0 0.186332 
0.324793 0 0.453679 0.221529 0 
0.735356 0 0.264644 0 0 
0.245883 0.430655 0.214334 0 0.109128 
0.75071 0 0 0 0.24929 
0 0 0 0.77846 0.22154 
0.479137 0 0.208943 0 0.31192 
0 0 0.372356 0 0.627644 
0 0.394393 0 0.422332 0.183275 
1 0 0 0 0 
0 0.648125 0 0 0.351875 
0 0.0914767 0.151062 0.504637 0.252825 
0 0.278799 0 0 0.721201 
0 0.279864 0.269055 0 0.451081 
0.3082 0 0.6918 0 0 
0.256007 0 0.17802 0.565973 0 
0.272329 0.187649 0.350546 0 0.189476 
0.540049 0 0 0 0.459951 
0 0 0.286279 0.249112 0.464609 
0.576767 0 0 0 0.423233 
0.727048 0 0 0.272952 0 
0.230037 0.371295 0.398668 0 0 
0 0.0793064 0.488825 0 0.431868 
0.0558662 0.289 0 0.240509 0.414624 
0 0.64788 0 0 0.35212 
0 0.528653 0 0.471347 0 
0.120825 0.394346 0.484829 0 0 
0 0.58568 0 0 0.41432 
0 0.718559 0 0.281441 0 
0.132606 0.34186 0 0.239418 0.286116 
0 0 0 0.536912 0.463088 
0.502738 0 0 0 0.497262 
