5 150
0.718459
0.564753
0.251709
0.488533
0.708876
11.2614 0.326725
10.9771 0.377116
10.8434 0.438321
10.8212 0.692934
10.2515 0.671293
9.69721 1.02572
9.59854 0.875525
9.57333 0.456113
9.10419 1.20096
9.07664 0.394904
8.70547 1.46105
8.69314 1.27993
7.9844 1.43441
7.9387 0.772903
7.77408 1.34829
7.50287 0.571818
7.45668 1.60419
7.29707 1.05068
7.10281 2.20803
7.03766 2.20043
6.90751 1.80599
6.81546 1.34038
6.62945 0.959018
6.61793 1.74164
6.6168 2.41133
6.54305 2.16514
6.51919 2.19605
6.42795 3.34317
6.33674 2.22162
6.27842 2.80604
6.20477 1.38215
6.02131 2.83828
5.83753 2.27928
5.82959 0.978995
5.82601 2.59958
5.66141 3.10264
5.60368 3.58868
5.36159 2.47355
5.36126 2.53358
5.28907 3.31976
5.07678 1.43475
4.90791 2.72612
4.68406 3.70806
4.48634 2.90377
4.4613 2.07132
4.43901 2.64857
4.36939 2.76849
4.25352 4.97954
4.1036 3.6973
4.0054 3.85434
3.98335 2.54692
3.82028 3.989
3.70476 3.88718
3.69514 3.25237
3.57907 4.14258
3.51323 2.90077
3.42733 5.13127
3.31539 4.03395
3.25936 5.17266
3.24978 3.56771
3.2089 4.9673
3.18387 3.99507
3.02369 4.62548
2.87887 4.95838
2.84401 4.28108
2.72927 6.26641
2.70901 5.75943
2.54084 5.17297
2.49246 3.7971
2.48112 5.0361
2.40392 4.26598
2.39802 4.929
2.35707 4.80166
2.25055 6.13038
2.2118 5.2427
2.05675 4.42041
2.03962 4.44335
2.01113 6.36011
1.99853 5.26018
1.92302 6.07699
1.89295 6.47962
1.86731 5.68794
1.82241 5.28626
1.82179 6.59202
1.76921 6.67086
1.75561 6.64124
1.73863 6.3158
1.64383 5.037
1.58658 6.1686
1.53697 6.73924
1.4191 7.16479
1.39587 5.86436
1.35337 5.46476
1.25746 6.81097
1.21587 5.4775
1.21333 6.91167
1.20684 5.33711
1.20384 7.26906
1.14961 6.60882
1.12993 6.29293
1.12023 7.77568
1.10057 6.39105
1.04152 5.84339
1.01278 6.25453
0.974291 8.04536
0.949963 5.97901
0.884038 5.90338
0.858596 7.19408
0.816435 6.13831
0.796298 6.62874
0.765524 6.39343
0.715632 7.93489
0.710295 5.52741
0.675827 7.11973
0.664637 7.50425
0.628513 5.71347
0.624621 5.66759
0.581687 9.23371
0.559473 9.52828
0.53576 7.40137
0.529148 7.92443
0.502686 7.29887
0.475947 8.37606
0.473537 6.86671
0.436075 9.25896
0.414404 6.30031
0.378256 6.4511
0.373336 8.75619
0.346689 8.33293
0.339037 9.28248
0.312534 9.77442
0.308681 7.13742
0.25217 9.87407
0.243124 10.2524
0.239005 7.3631
0.236473 10.1014
0.229348 8.64848
0.221662 9.66332
0.198401 9.32517
0.177539 10.6562
0.169499 8.52607
0.137866 8.62034
0.115365 6.97621
0.110785 8.32755
0.0771976 10.8837
0.0413402 10.0181
0.0399216 11.4163
0.0293683 9.66191
0.0237077 10.8183
0.0137402 10.6131
1 0 0 0 0 
0 0 1 0 0 
0 0 1 0 0 
1 0 0 0 0 
0 0.419178 0.283291 0.297531 0 
0.280266 0.142827 0.275348 0 0.301559 
0.295713 0.212407 0 0.491881 0 
0 1 0 0 0 
0 0 0.459638 0 0.540362 
0 0.32164 0.370381 0.307978 0 
0 0.155128 0 0.844872 0 
0.536658 0 0 0.346273 0.117069 
0.468022 0.20352 0 0.328458 0 
0.264146 0.642949 0.0929051 0 0 
0.100113 0 0.272599 0.344743 0.282546 
0 0.431023 0.344659 0.224317 0 
0.463021 0 0.266636 0 0.270343 
0.507544 0.492456 0 0 0 
0 0 0 0.117717 0.882283 
0 0.343707 0 0.479888 0.176405 
0 0 0.249291 0.40577 0.344939 
0.0786079 0.289746 0 0.417575 0.214071 
0 0 0.46802 0.53198 0 
0.292885 0.340208 0 0 0.366908 
0.262968 0 0.142467 0.594565 0 
0.340742 0 0 0.228251 0.431008 
0.22746 0 0 0 0.77254 
0 0.678026 0.321974 0 0 
0 0 0 0.175688 0.824312 
0 0.619617 0 0 0.380383 
0 0.352752 0.160899 0 0.486349 
0 0.56866 0 0 0.43134 
0 0.505765 0.494235 0 0 
0.27569 0.206752 0.155498 0.145081 0.216978 
0.521591 0 0 0 0.478409 
0 0.308911 0 0 0.691089 
0.128347 0 0.419899 0.451754 0 
0.516662 0 0 0.0949843 0.388354 
0 0 0.551011 0 0.448989 
0 0.572052 0 0.427948 0 
1 0 0 0 0 
0.208757 0.13004 0 0.406433 0.254771 
0.400743 0 0 0.599257 0 
0 0 0.522355 0.477645 0 
0.606952 0.393048 0 0 0 
0.179683 0 0 0.820317 0 
0.497378 0 0 0.371706 0.130916 
0.522272 0.165765 0.311963 0 0 
0 0 0.684022 0 0.315978 
0.0735917 0.344848 0.321999 0.0981074 0.161453 
0 0 0.427058 0.0976193 0.475323 
0.423446 0 0 0.442066 0.134488 
1 0 0 0 0 
0 1 0 0 0 
0.38335 0.261475 0.162111 0.193064 0 
0 0 0 0.194862 0.805138 
0.375156 0 0.106052 0.202615 0.316177 
0 0.35819 0 0 0.64181 
0.405558 0.594442 0 0 0 
0 0 1 0 0 
0.240536 0 0.443181 0 0.316283 
0.4975 0.5025 0 0 0 
0.172026 0 0 0.395989 0.431985 
0 0 0.344542 0.183227 0.472231 
0.402195 0 0.519825 0.0779798 0 
0.218345 0.38584 0 0.395815 0 
0.247306 0.342758 0.229762 0 0.180174 
0 0 0 0.247995 0.752005 
0 0.824832 0 0 0.175168 
0 0 1 0 0 
0.266458 0 0.0721784 0.29824 0.363124 
0 0 0.324037 0 0.675963 
0.435451 0 0.190038 0 0.374512 
0 0.398294 0.259363 0 0.342344 
0 0 0 0 1 
0 0 0.430746 0 0.569254 
0 0 0.819497 0 0.180503 
0.495052 0 0.504948 0 0 
0 0 0.212395 0.342149 0.445456 
0.239149 0.355661 0 0.0838062 0.321384 
0 1 0 0 0 
0 0.536863 0 0.463137 0 
0 0 0 1 0 
0 0.330701 0.403068 0.182437 0.083794 
0 0.371677 0.628323 0 0 
0.482982 0 0.319277 0 0.197741 
0 0.441346 0.558654 0 0 
0 0 0.655297 0.123738 0.220965 
0 0 0 0.740126 0.259874 
0 0.831338 0 0.168662 0 
0 0.342813 0 0.657187 0 
0 0.472687 0.156178 0 0.371135 
0 0 0 0.241856 0.758144 
0.468401 0 0.0806829 0.085343 0.365573 
0.371281 0 0.380448 0.248272 0 
0 0 0.708645 0 0.291355 
0.395711 0 0 0.604289 0 
0.314248 0 0.279515 0.227209 0.179028 
1 0 0 0 0 
0.335015 0.462786 0.202199 0 0 
0 1 0 0 0 
0 0 1 0 0 
0.734649 0 0.265351 0 0 
0 1 0 0 0 
0 0.421598 0 0.578402 0 
0 0 0.495029 0 0.504971 
0 0 0.394698 0 0.605302 
0 0.214855 0 0.785145 0 
0.258301 0 0.342042 0.399657 0 
0 0.330437 0 0.311096 0.358467 
0.147356 0 0.308565 0.323281 0.220799 
0.631392 0.368608 0 0 0 
0 0 0 0.332674 0.667326 
0 0 0 1 0 
0 0 0.39193 0.327985 0.280085 
0 0.686647 0 0 0.313353 
0 0 0 0 1 
0 0 0.200973 0.128619 0.670409 
0.34108 0.203589 0 0 0.455331 
0.322875 0.56116 0.115965 0 0 
0.492002 0 0.507999 0 0 
0 0 0.393299 0.185984 0.420717 
0.312116 0.120493 0 0.28078 0.286611 
0.311685 0.188144 0.215786 0.157719 0.126666 
0 0.685153 0.314847 0 0 
0 0 0 0.472865 0.527135 
0.251597 0.278237 0.275017 0.128941 0.0662081 
0 0 0.142497 0 0.857503 
0.607709 0 0 0.392291 0 
0.112809 0.529697 0 0 0.357494 
0.607999 0.392001 0 0 0 
0 0.324817 0 0.321506 0.353676 
0 0.33873 0 0.315708 0.345562 
0 0.418988 0 0 0.581012 
0.470796 0.420781 0 0.108423 0 
0.60509 0 0.39491 0 0 
0.193609 0.42705 0 0.114096 0.265245 
0.485781 0 0 0.0935688 0.42065 
0 0.292932 0.152752 0.220195 0.334121 
0 0 0.524707 0 0.475293 
0.0733891 0 0.344228 0.266878 0.315505 
0 0 0 0 1 
0.589001 0 0.410999 0 0 
0.617457 0 0 0.382543 0 
0 0.0758153 0.33736 0 0.586824 
0 0.527034 0 0.472966 0 
0 0.379127 0.213212 0.407661 0 
0 0.495037 0 0.504963 0 
0 0 0.184696 0.336114 0.47919 
0.428829 0 0.195164 0 0.376008 
