5 100
0.468482
0.601924
0.485878
0.6264
0.641919
11.2901 0.387589
10.9288 0.359459
10.3042 0.148462
10.026 0.676457
8.67504 0.509319
8.49596 0.840617
8.16276 0.438377
7.8658 1.76452
7.72051 0.910875
7.49262 0.714641
7.48345 0.986084
7.42127 0.343705
7.24582 1.93622
7.23299 0.84356
7.09242 0.846293
6.87706 2.03206
6.81661 1.3837
6.54729 1.12536
6.38734 1.5997
6.24716 1.28726
6.15591 2.37842
6.15137 2.04626
5.71035 3.5769
5.70002 2.5853
5.57836 1.61582
5.40757 2.27514
5.12709 1.62836
5.11804 4.2537
5.07661 2.95058
4.99458 2.75236
4.94333 2.61495
4.63687 2.27704
4.62439 2.82221
4.56701 4.17101
3.96265 4.27358
3.88463 2.73871
3.65336 4.54701
3.64402 3.54066
3.55992 5.35134
3.48923 3.19419
3.44838 5.15407
3.35425 3.38557
3.1908 3.48417
3.13204 3.33028
3.10529 5.71163
3.02613 5.26914
2.88004 5.13218
2.83509 3.9664
2.81511 4.47449
2.77782 4.99585
2.73699 4.4256
2.64319 4.13566
2.49533 3.41414
2.46796 3.31823
2.28575 6.601
2.24449 3.43569
2.20302 5.82059
2.15141 6.53443
1.95168 6.58683
1.89391 5.89428
1.61757 6.77738
1.45625 7.85405
1.3526 6.73292
1.29415 6.02899
1.23896 7.31679
1.12709 8.04109
1.09494 5.99187
1.0194 5.74211
1.00366 7.7009
0.964392 5.22376
0.855784 6.48425
0.824334 6.45373
0.714575 8.10851
0.676845 5.73911
0.608891 7.21291
0.537299 8.23022
0.503018 8.9222
0.498263 9.05008
0.465467 8.63012
0.463213 7.57013
0.434896 9.01334
0.386702 9.43325
0.361475 9.62838
0.295718 6.98124
0.288583 8.15602
0.233867 8.27406
0.232743 6.68237
0.151943 7.5755
0.113137 7.33911
0.106259 9.09704
0.0696733 9.72836
0.0662764 9.02768
0.0543862 10.815
0.0317807 9.09003
0.010952 9.36547
0.00754994 10.6322
0.00660817 7.69908
0.00459893 9.3464
0.00431911 9.30657
0.00211797 10.3202
0.189516 0 0 0.704103 0.106381 
0 0 0 0.579786 0.420214 
0 0 1 0 0 
0.260346 0.739654 0 0 0 
0 0 0 0 1 
0 0.482194 0.517806 0 0 
0 0 0 1 0 
0 0 0 1 0 
0 1 0 0 0 
0 0 1 0 0 
0 0 0 1 0 
0.410758 0 0 0.589242 0 
0 0.656459 0.343541 0 0 
0 0 0 1 0 
0.0880843 0.550077 0 0 0.361839 
0 0 0 1 0 
0.657578 0 0 0.342422 0 
0.660502 0 0 0 0.339498 
0 0 1 0 0 
1 0 0 0 0 
0 0 0.559228 0.440772 0 
0.368219 0.631781 0 0 0 
0.479423 0.520577 0 0 0 
0.537768 0 0 0 0.462232 
0 0 1 0 0 
0 0 0 0 1 
0 0.862053 0 0 0.137947 
0.358018 0.133505 0 0 0.508478 
0 0.453238 0.546762 0 0 
0 0.610842 0.389158 0 0 
0 0 0 0.5227 0.4773 
0 0 1 0 0 
1 0 0 0 0 
0 0 0 1 0 
0 1 0 0 0 
0 0 0 1 0 
0 0.7752 0.2248 0 0 
0 0 1 0 0 
0 0 0.675961 0 0.324039 
1 0 0 0 0 
0.384411 0 0.615589 0 0 
1 0 0 0 0 
0 0.179383 0 0.346043 0.474574 
0 0.789296 0 0 0.210704 
0 0 1 0 0 
0 0 0 0 1 
1 0 0 0 0 
0 0.349067 0.307407 0.343525 0 
0 0 1 0 0 
0 0.371823 0 0 0.628177 
0.610888 0 0 0 0.389112 
0 0 1 0 0 
0.554803 0 0.445197 0 0 
0 0 0.342244 0 0.657756 
0 1 0 0 0 
0 0 0 1 0 
1 0 0 0 0 
0.299752 0 0.700248 0 0 
0 0 0 0.51875 0.48125 
0 0 0.408765 0.591235 0 
0 0 0.714539 0 0.285461 
0.207412 0 0 0.452128 0.340459 
1 0 0 0 0 
0.238165 0 0 0.761835 0 
0 0 1 0 0 
1 0 0 0 0 
0 0.247868 0 0.752132 0 
0 0 0 1 0 
0 0 0 1 0 
0 0 0 0.778399 0.221601 
0.397798 0 0 0.602202 0 
0 0 1 0 0 
0 1 0 0 0 
0 0 0 0 1 
0.432104 0 0 0 0.567896 
0 1 0 0 0 
0 0 0 0 1 
0 0 0.492612 0.507388 0 
0 0 0 0 1 
0 0 0 0 1 
1 0 0 0 0 
1 0 0 0 0 
0 1 0 0 0 
0 0 0 0 1 
0 0 0.64279 0 0.35721 
0 1 0 0 0 
0 0 0 1 0 
0 0 1 0 0 
0 1 0 0 0 
0 0 1 0 0 
0 0 0.3925 0 0.6075 
0 0 0 0 1 
0.554173 0.445827 0 0 0 
0 0 0 1 0 
0 1 0 0 0 
0 0 0 0 1 
0 0 0.294393 0.285926 0.41968 
0 1 0 0 0 
0 0 1 0 0 
1 0 0 0 0 
