5 50
0.703032
0.523324
0.724776
0.515954
0.55813
11.2828 0.436802
10.0972 0.149514
9.48229 0.876462
8.48868 1.32669
8.14879 0.369747
7.92415 1.63289
7.60037 1.10291
7.54072 1.8454
7.43285 1.4903
7.24503 1.79993
6.7178 1.98607
6.24332 1.07317
6.10023 1.64777
5.96413 2.99354
5.73416 3.29785
5.67515 1.69476
5.53173 3.06355
5.3144 3.11603
5.27308 1.91593
5.13027 3.39745
4.80068 2.19217
4.79267 2.24394
4.58441 3.76606
4.57215 3.20565
4.5711 3.14212
4.33105 2.4127
4.23081 2.16861
4.13431 4.19692
3.69023 4.9665
3.18173 3.71055
2.2148 4.60095
2.0138 6.21
1.92422 4.40936
1.69668 7.61405
1.43691 6.03838
1.3819 7.56915
1.20219 7.57766
1.17896 6.2243
1.15616 8.02808
0.93567 6.54337
0.903557 7.07344
0.618909 5.5229
0.552117 7.28175
0.302086 8.64242
0.249888 10.2072
0.232234 8.64661
0.197991 7.95496
0.12973 8.56961
0.0966783 7.69518
0.012912 10.2073
0 0 0 1 0 
0 1 0 0 0 
0 0.178345 0.821655 0 0 
0 0 0 0 1 
0 0 0 0.630514 0.369486 
0 1 0 0 0 
0 0 0 0 1 
0.262043 0.155254 0.162054 0 0.420649 
0 0 0.300377 0.699623 0 
0 1 0 0 0 
0.574293 0 0 0 0.425707 
0 0.607037 0 0 0.392963 
0 0 0 0.357129 0.642871 
0 0 0 1 0 
1 0 0 0 0 
0 0.557999 0.442001 0 0 
1 0 0 0 0 
0.467382 0 0 0 0.532618 
0 0 0.803175 0 0.196825 
0 0 0 0.464131 0.535869 
0 0.676992 0 0.323008 0 
0 0 0 0.359151 0.640849 
1 0 0 0 0 
1 0 0 0 0 
0 0 0 0 1 
0 0 0 1 0 
0.301136 0 0 0 0.698864 
1 0 0 0 0 
0 1 0 0 0 
1 0 0 0 0 
0 0 0 0 1 
0.237465 0 0.11012 0.214936 0.437479 
0 0 0 0 1 
0 0 0 1 0 
0 0 0 0 1 
0 0 1 0 0 
0 0 0 0 1 
0.828449 0 0 0.171551 0 
0 0 1 0 0 
0 1 0 0 0 
1 0 0 0 0 
0 0 0.609527 0.390473 0 
0 0 1 0 0 
0 0.586048 0 0 0.413952 
0.747576 0.252424 0 0 0 
0 1 0 0 0 
0 0 0 1 0 
0 0 1 0 0 
0.421434 0.578566 0 0 0 
0 0.741245 0 0 0.258755 
