5 50
0.309481
0.424596
0.307161
0.565317
0.554559
9.71858 0.585482
9.60743 0.326397
9.38291 0.562245
8.9507 0.927397
8.50705 0.551465
7.32057 0.613699
7.29076 1.30153
7.18633 2.22083
6.95818 1.63772
6.92496 1.13628
6.89284 1.37779
6.72222 2.04613
6.61706 0.655282
6.24796 1.72823
6.1002 3.66143
5.28518 1.68604
5.09806 2.59985
4.99526 2.42731
4.71747 3.75543
4.63245 3.59508
4.28527 3.62805
3.993 3.07513
3.98942 4.50785
3.72286 3.94982
3.52224 4.77652
3.23165 4.52505
3.00242 4.28238
2.92209 3.23731
2.90985 4.49555
2.58261 6.10916
2.46612 4.71199
2.32666 5.56348
2.14286 5.10949
2.14103 5.25388
2.06167 4.8522
1.62297 7.02148
1.19982 7.19455
0.896009 7.3387
0.705926 8.63098
0.507914 8.56919
0.44787 7.55717
0.351889 9.84491
0.345548 8.6742
0.29713 9.6249
0.283834 7.82253
0.107715 11.0668
0.0582859 11.076
0.0419575 11.5033
0.0178785 7.3133
0.00169924 11.6268
0 0 0 0.399932 0.600068 
0.290481 0 0.133178 0.576341 0 
0 0.178293 0.415211 0 0.406496 
0.602032 0 0 0 0.397968 
0 0.544631 0 0.455369 0 
0 0 1 0 0 
0.442535 0 0 0.287758 0.269706 
0.473824 0 0.526177 0 0 
0 0 0.174136 0 0.825864 
0 0.19944 0 0.491684 0.308877 
0 0.217361 0.782639 0 0 
0.430192 0.180652 0 0.389157 0 
0.324539 0 0.101535 0 0.573926 
1 0 0 0 0 
0 0.451483 0.392583 0 0.155934 
0 0.136204 0.273086 0.59071 0 
0 0.652452 0.347548 0 0 
0.283357 0 0.0716455 0.33093 0.314067 
0.239623 0.376486 0.383891 0 0 
0 0.265771 0 0.734229 0 
0 0 1 0 0 
0 0.069949 0.300214 0.336689 0.293148 
0.38711 0 0.442774 0 0.170116 
0.252287 0.420508 0 0 0.327206 
0 0.244437 0.254838 0.161494 0.339231 
0 0 0.606089 0 0.39391 
0.577437 0 0.0733307 0.349233 0 
0 0 0.14041 0 0.85959 
0.294835 0.268161 0 0 0.437004 
0.649653 0 0 0 0.350347 
0 0.183141 0.334927 0.481932 0 
0 0.282846 0 0 0.717154 
0.290904 0.390822 0 0 0.318274 
0 0.689317 0.310683 0 0 
0.542646 0 0.457354 0 0 
0.265485 0 0.261177 0 0.473338 
0.10063 0 0.814009 0.0853616 0 
0 0 0.362614 0 0.637386 
0 0.380939 0.370382 0.0947471 0.153932 
0 0 0.870916 0.129084 0 
0 0.23201 0.0751971 0.375549 0.317245 
0 0.24418 0 0 0.75582 
0 0 0.329201 0.339827 0.330972 
0 0 0 1 0 
0 0.207806 0.481518 0.310676 0 
0 0.534213 0.310175 0 0.155612 
1 0 0 0 0 
0 0.720157 0.279843 0 0 
0 0.452852 0 0 0.547148 
0.519413 0 0 0 0.480587 
