5 100
0.471915
0.324145
0.674863
0.332873
0.681272
9.27379 1.12688
9.13954 0.242924
8.6237 1.57907
8.3196 2.21902
8.18506 1.34081
7.79872 0.421179
7.71271 0.792426
7.68357 0.909658
7.59379 1.93995
7.42329 0.673318
7.39094 2.63601
7.27828 0.219611
7.1948 0.734293
6.86049 1.92541
6.68821 2.38921
6.48078 2.8819
6.30487 0.726856
6.29559 1.91722
6.17206 1.35029
6.04907 0.881216
5.41369 2.13731
5.39549 1.63936
5.33299 2.37262
5.19926 2.5831
5.10566 2.89047
5.01861 3.96053
4.81077 3.45202
4.68522 3.19691
4.26681 3.07315
4.25103 2.92842
4.09901 2.82183
3.97779 4.36316
3.74678 4.84706
3.4541 4.0872
3.23373 4.33097
3.22842 3.18426
3.18694 3.15574
3.16487 3.64843
3.12685 6.16801
3.04753 4.96182
3.00845 3.60767
2.90232 4.33316
2.90207 3.5482
2.74722 4.86229
2.63805 4.44312
2.54715 3.43108
2.421 4.96795
2.34859 4.19283
2.27818 5.43798
2.15088 6.30365
2.12235 4.24278
1.95862 6.65812
1.91716 6.68809
1.9102 6.567
1.89546 5.03406
1.64159 6.91757
1.63566 6.15913
1.58587 6.69629
1.51657 6.51553
1.48884 5.58501
1.40469 6.82553
1.2481 5.77375
1.2318 7.36933
1.08817 7.75193
0.969969 7.45093
0.967235 7.79181
0.86519 6.41609
0.798506 7.5368
0.752847 5.88486
0.711763 6.17896
0.529833 9.77062
0.516469 8.1184
0.479669 6.78844
0.474825 7.06864
0.46064 6.94299
0.45966 8.86116
0.430853 9.3176
0.429233 7.10915
0.422855 9.47944
0.416766 6.31053
0.333808 9.85729
0.29534 10.0779
0.274416 8.12965
0.243987 10.0885
0.22849 7.82942
0.210841 6.76784
0.208077 10.1992
0.159574 7.4779
0.134003 10.4334
0.0982958 10.1824
0.0916833 8.14875
0.07843 9.16102
0.0636547 7.50407
0.041937 10.6277
0.0226671 8.50401
0.0207819 9.20287
0.0197389 10.2368
0.018803 7.49968
0.0136276 9.7784
0.00272859 12.1182
0 0 0 0 1 
0 1 0 0 0 
1 0 0 0 0 
0 1 0 0 0 
0 0 0 0 1 
0 0 1 0 0 
0 0 0 0 1 
0 0 1 0 0 
0 0 0 1 0 
0 0 1 0 0 
0 0 0 1 0 
0 0 1 0 0 
0 0 1 0 0 
1 0 0 0 0 
0 0 0 0 1 
0 1 0 0 0 
0 1 0 0 0 
0 0 0 1 0 
0 0 0 0 1 
1 0 0 0 0 
0 0 0 1 0 
1 0 0 0 0 
1 0 0 0 0 
0 0 0 0 1 
0 0 0 0 1 
1 0 0 0 0 
0 0 0 0 1 
1 0 0 0 0 
1 0 0 0 0 
0 0 0 1 0 
0 1 0 0 0 
0 1 0 0 0 
0 0 0 1 0 
0 0 1 0 0 
0 0 0 1 0 
0 0 1 0 0 
0 0 0 1 0 
0 1 0 0 0 
0 0 0 1 0 
0 0 0 0 1 
0 0 0 0 1 
0 0 0 1 0 
0 0 0 0 1 
0 0 0 1 0 
0 0 1 0 0 
0 0 0 0 1 
0 1 0 0 0 
0 0 0 0 1 
0 0 1 0 0 
0 0 0 0 1 
0 0 1 0 0 
1 0 0 0 0 
0 0 0 1 0 
1 0 0 0 0 
0 0 0 1 0 
0 0 0 0 1 
0 0 1 0 0 
0 0 0 0 1 
0 1 0 0 0 
0 0 0 0 1 
0 0 1 0 0 
1 0 0 0 0 
0 0 0 0 1 
0 0 0 0 1 
0 0 1 0 0 
0 0 1 0 0 
0 0 0 1 0 
0 0 0 0 1 
0 0 0 0 1 
0 0 0 1 0 
0 0 1 0 0 
0 0 0 0 1 
0 1 0 0 0 
0 0 0 0 1 
0 0 0 1 0 
0 0 1 0 0 
1 0 0 0 0 
0 0 0 1 0 
0 0 1 0 0 
1 0 0 0 0 
1 0 0 0 0 
0 0 1 0 0 
0 1 0 0 0 
0 0 0 1 0 
0 1 0 0 0 
0 0 0 1 0 
0 1 0 0 0 
0 0 0 1 0 
0 1 0 0 0 
0 0 0 0 1 
1 0 0 0 0 
1 0 0 0 0 
0 0 0 0 1 
1 0 0 0 0 
0 0 0 1 0 
0 0 0 0 1 
0 1 0 0 0 
0 1 0 0 0 
0 0 1 0 0 
0 0 0 1 0 
