5 50
0.420898
0.381299
0.419639
0.606045
0.724682
9.94846 0.462146
8.58249 0.847791
8.11581 1.37554
8.06821 0.918234
8.06095 1.26975
7.48685 0.189404
7.48107 0.907566
7.40086 0.830669
6.72697 2.80714
6.54739 1.6828
5.95847 1.85649
5.86537 1.88255
4.96899 2.02702
3.94115 5.27995
3.67734 2.336
3.6645 4.38097
3.44172 3.99692
3.35256 4.70372
3.31161 3.82593
2.97626 3.67578
2.97027 4.22431
2.8671 3.90121
2.8389 5.42407
2.62557 4.62348
2.32146 4.03091
2.27174 5.70953
2.11952 5.55082
1.90761 5.82069
1.8999 5.64768
1.86371 4.72145
1.83695 5.30377
1.79094 6.31792
1.66087 4.71107
1.32437 5.17454
0.951212 8.02537
0.775476 6.08192
0.704576 5.75486
0.700504 7.07406
0.441901 7.5713
0.421799 9.02445
0.345494 9.16808
0.261062 6.56163
0.225577 7.7745
0.172583 8.07058
0.124872 9.14991
0.0422088 7.16663
0.0190002 11.7122
0.0163982 7.54979
0.016216 8.66069
0.00108909 9.11787
0 0 0 1 0 
0 0 1 0 0 
0 0 0 1 0 
1 0 0 0 0 
1 0 0 0 0 
0 0 1 0 0 
0 0.294866 0 0.337788 0.367346 
0 0.614409 0 0.385591 0 
0 0 0 0 1 
0 0 1 0 0 
1 0 0 0 0 
0 0 0 0 1 
0 0 0 0 1 
0 0 0 0.535599 0.464401 
0.768591 0 0 0 0.231409 
0 0 1 0 0 
0 0.199903 0 0.800097 0 
0 0 0 0 1 
0 0 0 1 0 
0 1 0 0 0 
0 0 0 0 1 
0 0.581383 0 0 0.418617 
0 1 0 0 0 
1 0 0 0 0 
0 0 0 0 1 
0 0 1 0 0 
0 0 0 1 0 
0.649743 0 0.350257 0 0 
0 0 0 0 1 
1 0 0 0 0 
0 0 0 1 0 
1 0 0 0 0 
0 0 1 0 0 
0 0 0 1 0 
0 0 0 0 1 
1 0 0 0 0 
0 0 1 0 0 
0 0 0 0 1 
0 0 0 0 1 
1 0 0 0 0 
0 0 1 0 0 
0 0 0 1 0 
0 0 0 0 1 
0.502736 0 0 0 0.497264 
0 0 0 0 1 
1 0 0 0 0 
0 0 0 1 0 
1 0 0 0 0 
0 0 0 0 1 
0 0.572994 0 0.427006 0 
