5 200
0.282991
0.712355
0.51896
0.354907
0.710387
10.8053 0.73821
9.96356 1.0231
9.84543 0.84606
9.65243 0.125968
9.55704 1.173
9.31027 1.19754
8.98979 0.191503
8.92243 0.553493
8.86427 1.15545
8.43947 1.17923
8.40628 0.581117
8.33958 1.53393
8.22931 1.43163
8.14071 0.745753
8.04069 0.822552
8.02662 0.43958
7.83209 1.44835
7.74797 0.147974
7.74272 1.77621
7.73845 0.46986
7.71324 2.30761
7.62557 1.64559
7.55167 1.27299
7.41231 0.93944
7.41165 1.80681
7.41013 0.703615
7.38355 1.5724
7.24297 0.538701
7.09608 2.30287
7.08981 0.640795
7.00493 2.75057
6.98992 2.33899
6.91219 0.626358
6.80521 2.04254
6.63247 1.82578
6.56902 1.18059
6.53001 1.63996
6.46673 1.84173
6.39297 2.58373
6.37948 2.68739
6.2658 1.98211
6.23156 1.2844
6.21591 2.53895
6.20015 2.71399
6.08926 2.3769
6.08718 2.14464
6.08622 3.03434
5.99722 3.2495
5.96663 1.26101
5.69115 1.94225
5.53954 3.38074
5.28803 1.89367
5.19346 2.44109
5.05362 2.48433
5.00708 2.75972
4.88014 2.94227
4.84782 1.98588
4.83354 3.02139
4.76592 3.0454
4.71458 1.91263
4.62963 3.59471
4.49681 2.78951
4.48755 2.26866
4.42362 3.97374
4.34798 4.25824
4.30815 3.86861
4.27609 2.88703
4.27167 2.46832
4.26858 3.4517
4.25071 3.98992
4.14524 2.73125
4.10805 4.04027
4.0198 3.90661
3.98987 2.81201
3.98916 2.81901
3.96674 4.42798
3.92743 3.88872
3.83481 3.09593
3.7368 3.37069
3.73418 3.87243
3.61234 3.44764
3.57014 4.84482
3.56884 4.06046
3.50229 3.79553
3.49799 2.68482
3.37503 4.57991
3.31704 3.01904
3.23742 4.3669
3.18382 4.50899
3.16338 4.47716
3.08296 3.97187
3.04162 3.11052
2.95521 5.76696
2.94323 3.61364
2.92566 3.75557
2.87097 4.43212
2.84078 5.11482
2.72937 4.93536
2.65741 4.89351
2.53069 4.0318
2.49506 6.66561
2.32255 6.36674
2.28367 6.57342
2.26261 4.64216
2.2318 5.37471
2.22793 5.09666
2.20165 5.19508
2.18672 5.36658
2.11714 4.87161
2.09061 4.77697
2.08759 4.02443
2.07199 4.71761
2.01249 4.16625
2.01043 6.02422
2.00279 4.14291
1.94617 6.13907
1.93923 4.8186
1.93545 5.90168
1.93156 4.83077
1.91806 5.63982
1.90834 5.20228
1.88962 4.95644
1.84477 5.78582
1.82749 4.15313
1.72527 6.79399
1.67848 5.51717
1.6524 6.92105
1.61516 5.72639
1.5819 5.84139
1.54409 5.91796
1.47487 5.37867
1.41633 5.94686
1.41632 6.82048
1.4066 4.46875
1.4016 5.55816
1.37194 6.31905
1.36414 7.55267
1.28018 7.8024
1.26568 6.66139
1.20304 5.35082
1.19924 7.09227
1.18939 5.88809
1.17896 6.00983
1.15048 7.66921
1.14375 6.40547
1.06684 6.72297
1.01225 6.83656
0.951369 8.00007
0.934594 6.2131
0.909997 6.95648
0.7926 7.58375
0.785258 7.06893
0.781888 8.32146
0.702749 8.20707
0.687926 7.94686
0.643811 8.42991
0.619529 7.35746
0.605804 7.55469
0.51015 7.1636
0.491236 9.35317
0.464932 6.68623
0.459857 9.51197
0.455302 9.06974
0.454972 8.86091
0.404377 7.70911
0.394299 9.7808
0.355826 9.28032
0.308042 9.10679
0.253402 7.21143
0.240071 6.60027
0.230432 10.0705
0.184134 10.5167
0.155632 8.66638
0.155362 8.08704
0.136611 10.85
0.135442 9.44312
0.135049 6.57696
0.119869 8.14031
0.113749 10.1193
0.112177 9.74802
0.110645 10.8151
0.107762 7.88755
0.0917189 7.2073
0.0844648 9.58166
0.0743551 9.41803
0.06274 7.81496
0.0560113 11.2609
0.0425332 10.0935
0.0412474 9.50022
0.0257141 11.0994
0.0245412 7.491
0.0209446 8.29174
0.015238 11.5207
0.00805634 9.05676
0.00773237 11.851
0.00632671 10.9352
0.00496804 7.95057
0.00476436 10.375
0.00371454 10.1929
0.00359939 10.8924
0.306962 0 0.693038 0 0 
0 0.263541 0.318762 0.120437 0.297261 
0 0 1 0 0 
0 0 0 0 1 
0.441041 0 0.39771 0 0.161248 
0 0.534157 0 0.0946435 0.3712 
0.564865 0 0.277022 0.158112 0 
0 0.602875 0 0 0.397125 
0.392768 0.0808735 0 0.199869 0.326489 
0 0.339017 0 0.660983 0 
0.53288 0.258711 0.208409 0 0 
0 0 0.208822 0.379946 0.411231 
0.174428 0 0 0 0.825572 
0 0 0 1 0 
0.417307 0 0.582693 0 0 
0.26472 0.158028 0.123511 0.243118 0.210624 
0 0 1 0 0 
0 0.419869 0.337015 0.17656 0.0665559 
0.47005 0.120367 0.10705 0 0.302533 
0.558431 0 0.441569 0 0 
0.121716 0.252739 0.220893 0.404652 0 
0 0.504775 0 0.0599287 0.435296 
0 0 1 0 0 
1 0 0 0 0 
0 0 0.120313 0.879687 0 
0.329084 0 0.670916 0 0 
0 0.592743 0 0.407257 0 
0 0 0.562766 0.437234 0 
0.184201 0 0.478757 0 0.337041 
1 0 0 0 0 
0.147616 0.258075 0.0813472 0.512961 0 
0.2562 0 0.387397 0.356403 0 
0 0.414923 0.213083 0.111315 0.26068 
1 0 0 0 0 
0 0 0.489228 0.167145 0.343628 
0.448339 0 0.136413 0.415248 0 
0 0.113177 0.260942 0.126216 0.499664 
0 1 0 0 0 
0 0 0 0 1 
0.490249 0.317713 0 0.192038 0 
0.277998 0.48368 0.238322 0 0 
0 0 0.35799 0.64201 0 
0.0702551 0.250686 0.187689 0.167552 0.323817 
0.772254 0 0.227746 0 0 
0 0.568379 0 0 0.431621 
0.272045 0.421184 0 0 0.306771 
0.0731074 0.366341 0 0.257779 0.302773 
0.164608 0 0.494772 0.182961 0.157658 
0 0 0 0.373617 0.626383 
0 0 0 0.515697 0.484303 
0.248584 0.210461 0.101381 0.439574 0 
0 0 0.552619 0 0.447381 
0.0437932 0.340322 0.331563 0.130498 0.153823 
0 0 0 0.574923 0.425077 
0 1 0 0 0 
0.165083 0.410552 0.424364 0 0 
0.374741 0 0 0 0.625259 
1 0 0 0 0 
0.189797 0.227519 0.176022 0.158339 0.248323 
0.0645924 0.218923 0.234774 0.218693 0.263016 
0 1 0 0 0 
0 0 0.498423 0 0.501577 
0.210172 0.139776 0 0.0757947 0.574257 
0.220836 0 0.35569 0 0.423474 
0 0 0 1 0 
0 0.204211 0.567824 0 0.227965 
0 0.490966 0.509034 0 0 
0 0 0 0.547401 0.4526 
0.286894 0.29509 0.158331 0 0.259684 
0.128437 0 0.73953 0.132034 0 
0 0 1 0 0 
1 0 0 0 0 
0.48309 0 0 0 0.51691 
0 0 0.846578 0.153422 0 
0 0.520935 0 0 0.479065 
0.217292 0.483125 0.16092 0.138664 0 
0.285765 0 0.376386 0.337849 0 
0.205646 0.612858 0.181496 0 0 
0.123373 0.164124 0.415404 0.297099 0 
0 0.461919 0.538081 0 0 
0.175652 0.53225 0 0.292098 0 
0.473633 0.346582 0 0 0.179785 
0 0.408457 0.249487 0 0.342056 
0.0633435 0.445148 0 0.18452 0.306989 
0.687323 0 0 0 0.312677 
0 0 0.451986 0.383587 0.164427 
0.364791 0 0.200738 0.434471 0 
0 1 0 0 0 
0 0 0.462643 0.537358 0 
0 0.580851 0.118359 0 0.300789 
0 0.17948 0.688381 0 0.132139 
0.250549 0.0641704 0.217288 0.217853 0.250139 
0 0.235507 0.230551 0.11716 0.416782 
0 0 0.472468 0.527532 0 
0.188702 0 0.0795065 0.383973 0.347818 
0 0.195567 0 0.297295 0.507138 
0.470857 0.442082 0 0 0.0870617 
0 0.402573 0 0.597427 0 
0 0.280991 0.41568 0.303329 0 
0.451575 0.548425 0 0 0 
0.486758 0 0 0 0.513242 
0 0 0.335623 0 0.664377 
0 0 0.665394 0 0.334606 
0.266019 0.191972 0 0.283131 0.258877 
0 0 1 0 0 
0.236851 0 0 0.375192 0.387957 
0 0.683813 0 0 0.316187 
0.789325 0 0 0.210675 0 
0 0 1 0 0 
1 0 0 0 0 
0 0 0.278187 0 0.721813 
0.870705 0 0 0 0.129295 
0 0 0.358507 0 0.641493 
0 0 0.570623 0 0.429377 
0 0.75703 0.24297 0 0 
0.161386 0.209489 0 0.629125 0 
0.494847 0 0 0 0.505153 
0 0.53005 0 0.46995 0 
0 0 0.414685 0.145318 0.439997 
0 0.786578 0 0.213422 0 
0.22663 0 0.455076 0 0.318294 
0.166576 0.833424 0 0 0 
0 0 1 0 0 
0 0 0.239579 0.365678 0.394743 
0 0.817709 0 0.182291 0 
0.534404 0 0.219776 0 0.24582 
0.452574 0 0.547426 0 0 
0 0.581366 0 0 0.418634 
0.173236 0.370249 0.222546 0.153609 0.0803611 
0.136308 0.0700169 0.432447 0 0.361228 
0.376384 0 0 0.439736 0.18388 
0 0 0 0.491587 0.508413 
0.0899015 0.432325 0 0.161074 0.316699 
0.110112 0.470569 0.364906 0 0.0544134 
0.417213 0 0 0.582787 0 
0 0 0 1 0 
0 0 0 0.346944 0.653056 
0.440825 0 0.451492 0.107683 0 
0 0 0.629488 0 0.370512 
0 0 0 0 1 
0 0.337313 0 0.662687 0 
0.496692 0 0.503308 0 0 
0 0.12055 0.346474 0 0.532975 
0.308003 0.379081 0 0.167357 0.145559 
0 0.322768 0.183179 0 0.494053 
0.219346 0.518409 0 0 0.262244 
0 0.340407 0 0 0.659593 
0.293142 0.149704 0 0 0.557154 
0.24972 0 0 0 0.75028 
0 0 1 0 0 
0.504182 0.260491 0.235326 0 0 
0 0.096706 0 0.903294 0 
0 0.33007 0 0 0.66993 
0 0 0.368815 0.302728 0.328457 
0.0930107 0.163641 0 0.449423 0.293925 
0 0 0 1 0 
0 0.329554 0 0 0.670446 
0 0 0.156995 0.843005 0 
0 0.815923 0.184077 0 0 
0 0.252889 0.374443 0 0.372667 
0 0.410554 0 0.368614 0.220832 
0 0 1 0 0 
0.480845 0.396723 0.122433 0 0 
0 0 0.523 0 0.477 
0.179224 0.399477 0.0922344 0 0.329065 
0.0620665 0.293691 0 0.334322 0.30992 
0 0 0.485779 0.104281 0.40994 
0.356821 0 0 0.228369 0.41481 
0.410045 0 0 0.589955 0 
0 0 0.46452 0 0.53548 
0 1 0 0 0 
0.554452 0.445548 0 0 0 
0.311664 0 0 0.688336 0 
0 0.338999 0.661001 0 0 
0 0 0 0.265332 0.734668 
0.254985 0.114826 0 0.63019 0 
0.764418 0 0 0 0.235582 
0.32259 0.131721 0.330963 0 0.214726 
0 0 1 0 0 
0.469035 0 0 0.530965 0 
0 0.519031 0 0.480969 0 
0 0 0.526291 0.473709 0 
0 0.465707 0 0.534293 0 
0 0 0 0 1 
0.224 0.415718 0 0.277962 0.08232 
0 1 0 0 0 
0.289088 0.710912 0 0 0 
0.154399 0 0 0.691952 0.15365 
0 0.375166 0.234501 0 0.390333 
0.261123 0 0.163008 0.306984 0.268885 
0.784069 0.215931 0 0 0 
0 0 0 0 1 
0 0.483396 0.516604 0 0 
0 0.390664 0 0 0.609336 
0 1 0 0 0 
0.402135 0 0.304042 0 0.293823 
0.337843 0.139883 0 0.522274 0 
0 0.346441 0.653559 0 0 
0 0.372077 0 0.627923 0 
0 0 0.168573 0 0.831428 
