5 50
0.744675
0.356098
0.602718
0.504692
0.469718
9.51036 0.344989
9.49019 1.23121
9.18168 0.216116
8.34152 0.411473
7.15401 0.502813
6.87932 1.40931
5.29468 1.95463
5.03844 2.54371
4.90247 2.76676
4.8675 3.35188
4.73994 3.79809
4.72881 3.44399
4.50843 4.15113
4.07614 2.21891
3.91412 3.85141
3.88895 4.11485
3.79786 5.48837
3.4195 5.1827
3.30771 3.7713
3.18802 3.1044
3.15314 3.80343
2.77411 4.79292
2.63031 3.93111
2.55287 4.34801
2.44959 5.7656
2.43756 5.37922
2.43101 4.94387
2.39822 4.35512
2.36001 4.91374
2.33116 4.71818
2.18781 5.75542
1.73091 5.86885
1.46739 5.31239
1.42461 5.15301
1.41616 6.47139
1.14057 7.65426
0.967474 7.17843
0.887354 8.19688
0.802055 6.6892
0.65265 7.83435
0.531249 9.2394
0.310342 6.95263
0.234308 9.70353
0.194619 7.1951
0.192988 8.56463
0.162708 10.0971
0.105847 7.88853
0.0690152 10.2681
0.0114339 9.79171
0.00931241 7.67578
0 0 0 0 1 
0.532467 0.467533 0 0 0 
0 0 0.295335 0.118196 0.586469 
0.615707 0 0 0.384293 0 
0.698084 0 0.301916 0 0 
0 0.250641 0 0.309128 0.44023 
0 0 0.331206 0.668794 0 
0.294473 0 0 0.164118 0.541409 
0 0.723543 0 0.276457 0 
0.221712 0.337379 0.136879 0 0.30403 
0 0 0.506628 0.166625 0.326747 
0 0.370998 0.284666 0.344336 0 
0.368359 0.27212 0.178265 0.181257 0 
0 0 1 0 0 
0 0.173469 0 0.41461 0.411921 
0.330776 0 0.394576 0 0.274649 
0 0 0.458975 0 0.541025 
0 0.463228 0 0 0.536772 
0.440951 0 0.413185 0 0.145864 
0 0.399912 0.215949 0.124275 0.259864 
0.342712 0.382262 0 0 0.275027 
0 0 0.514401 0 0.485599 
0 0 0.357374 0.642626 0 
0.406098 0.0536164 0 0.149807 0.390478 
0 0 0 1 0 
0 0 0 0.435701 0.564299 
0 1 0 0 0 
0 0.77074 0 0.22926 0 
0.533295 0 0 0.466705 0 
0.441712 0.395723 0 0.162565 0 
0.548135 0 0.451865 0 0 
0.293508 0 0.566663 0.139829 0 
0 0 0 1 0 
0 0.350749 0.165741 0.48351 0 
0.445739 0.289766 0 0.264495 0 
0 0 0.239147 0 0.760853 
0 0.332586 0 0.667414 0 
0 0.509902 0.490098 0 0 
0 0.554148 0 0 0.445852 
0.356415 0 0.294957 0.234944 0.113683 
0 0.254792 0 0.337958 0.40725 
0 0 0 1 0 
0.280516 0 0.310439 0.409045 0 
0 0 0.654568 0.345432 0 
0.411169 0 0.399801 0 0.18903 
0 0.12015 0 0.316697 0.563153 
0.274085 0.262348 0.0424601 0.181968 0.239138 
0 0 0.51232 0 0.48768 
0 0 0 1 0 
0.302095 0 0.334278 0.163307 0.200319 
