5 150
0.462088
0.538202
0.458502
0.266053
0.344699
10.4799 0.0949322
10.3832 0.899121
10.3285 0.504112
9.81248 1.15406
9.78803 0.810384
9.70306 0.355153
9.66057 0.331663
9.62622 1.23964
9.40477 0.522705
8.58531 0.824067
8.47894 1.36634
8.42808 0.338882
8.37577 0.290436
7.98168 1.34991
7.96977 0.784079
7.86417 1.38848
7.82576 2.33644
7.68576 1.47674
7.61762 2.23722
7.6008 0.341154
7.37536 0.761581
7.35452 1.61882
7.35083 1.67007
7.24842 1.07536
7.15968 0.998971
6.88143 1.79136
6.55077 2.75972
6.5043 2.28104
6.46156 1.18153
6.35966 2.43482
6.22571 0.791902
6.12707 0.99474
6.10844 1.2412
6.10799 1.75095
6.08125 2.40102
6.06084 3.0425
5.98671 2.24398
5.96591 2.54491
5.77001 2.47861
5.72403 1.24057
5.68771 2.63182
5.65387 2.32772
5.63263 2.30975
5.55439 2.38748
5.37619 2.89577
5.3594 2.86452
5.25898 2.59741
5.21008 1.97775
5.18155 3.76633
5.12202 4.29019
4.97224 2.35917
4.79376 3.35726
4.76008 2.45052
4.7489 2.2858
4.7178 2.64589
4.67965 2.86949
4.48061 3.09003
4.12697 2.95046
4.11055 4.35888
4.06783 2.35304
3.89908 5.38443
3.80819 3.33822
3.67305 2.76656
3.65619 5.03363
3.65304 4.52808
3.62263 3.15815
3.47584 4.36743
3.45586 3.62785
3.4435 4.99385
3.1985 2.83058
3.12121 3.82063
3.0789 4.39904
2.9096 4.61822
2.88176 3.25274
2.79559 4.54259
2.65731 4.28482
2.63266 4.66162
2.43235 5.45641
2.27357 4.04667
2.25287 4.54911
2.21038 6.66161
2.14542 5.38526
1.97237 4.26968
1.9163 6.27669
1.89171 6.10623
1.87165 5.62732
1.78962 5.86095
1.77396 6.91704
1.66576 7.51193
1.5876 7.51215
1.57224 5.12189
1.55723 6.23268
1.52295 7.14215
1.50848 7.60735
1.433 7.48046
1.32814 5.40023
1.30318 6.87675
1.03672 5.26938
1.02734 5.41605
0.98143 6.94628
0.888919 6.31857
0.868622 6.33556
0.862091 8.20936
0.856901 7.04654
0.856791 6.49613
0.82414 8.70597
0.823183 5.89267
0.808075 8.92666
0.779288 7.90732
0.773156 5.8073
0.73145 8.01124
0.721256 8.94308
0.690175 6.03777
0.607843 7.4445
0.602793 8.88041
0.581176 7.68447
0.576291 6.31189
0.53883 6.71941
0.530805 9.07861
0.496742 8.70364
0.476297 9.3124
0.452317 5.92608
0.412132 6.95254
0.364418 7.22367
0.325221 9.80532
0.305247 7.62381
0.254533 7.68561
0.250537 7.49726
0.240606 7.96329
0.236092 7.36781
0.228801 8.15356
0.211972 6.47378
0.20614 8.53508
0.171747 8.52308
0.16385 9.12648
0.148774 10.1526
0.140694 8.4636
0.138747 10.5457
0.103725 11.016
0.0731669 7.92836
0.0702447 10.9034
0.0680889 8.11461
0.0593905 10.0572
0.040162 7.49824
0.02982 9.54493
0.0246401 11.5591
0.0109618 10.1083
0.00796225 11.9589
0.00294592 8.79494
0.00243612 11.7503
0 0 0 0.429419 0.570581 
1 0 0 0 0 
0.477322 0 0.248817 0.273861 0 
0 0 0 0 1 
0 0.128618 0.534721 0 0.336661 
0.385335 0 0.0630662 0 0.551598 
0 0.401275 0.170605 0 0.42812 
0 0 0.796707 0.203293 0 
0 0 1 0 0 
0 0 0 0 1 
0.314007 0.299789 0.386204 0 0 
0.454386 0.31851 0 0.227104 0 
0.58102 0 0 0.41898 0 
0 0 0.284329 0 0.715671 
0 0 0.687631 0 0.312369 
0 0 0 0.42272 0.57728 
0.29096 0.366084 0 0.342955 0 
0.45662 0 0.54338 0 0 
0.218113 0 0.418518 0.117158 0.246211 
0 1 0 0 0 
0 0 1 0 0 
0 0.259403 0 0.740597 0 
0.350115 0.450583 0 0 0.199302 
0 0.10064 0.417984 0.481377 0 
0 0 0 0.193959 0.806041 
0.16479 0 0 0.83521 0 
0.290758 0 0.27763 0 0.431612 
0.118812 0 0.881188 0 0 
0 1 0 0 0 
0 0 0 0 1 
0 0.812255 0 0.187745 0 
1 0 0 0 0 
0 0 0.269105 0.730895 0 
0.202303 0 0 0 0.797697 
0 0 1 0 0 
1 0 0 0 0 
0.363537 0.383486 0 0 0.252977 
0.665037 0 0 0 0.334963 
0.412458 0 0 0.587542 0 
0 0 0 1 0 
0 0 0 0.283302 0.716698 
0 0.355223 0 0 0.644777 
0 1 0 0 0 
0 0.53973 0 0 0.46027 
0.461519 0 0 0.538481 0 
0.174443 0 0.719226 0 0.106331 
0.406451 0 0 0.212637 0.380912 
0 0.37329 0 0 0.62671 
1 0 0 0 0 
0 0.394761 0.184937 0.420302 0 
0 0.667268 0 0 0.332732 
0 0.33579 0.427591 0 0.236619 
0 0.819507 0 0 0.180493 
0 0 0 0 1 
0 0 0.582237 0 0.417763 
0 0 0.478045 0.521955 0 
0 0 0 0.370191 0.629809 
0 0 0 1 0 
0 0 0 0 1 
0 0.287506 0.565953 0 0.146541 
0 0 0 1 0 
0.578505 0 0 0 0.421495 
0 0 0.351253 0.3855 0.263247 
0 0.703261 0 0.296739 0 
0 0 1 0 0 
0.435947 0 0 0 0.564053 
0 0 0.284151 0 0.715849 
0.209611 0 0 0.790389 0 
0.20683 0.0394229 0 0.384212 0.369535 
0 0.677347 0 0 0.322653 
0 0 0 0.774395 0.225605 
0 0.873184 0 0 0.126816 
0.406862 0 0.593138 0 0 
0 0 0.176495 0 0.823505 
0 0 0 1 0 
0.0975949 0.262916 0.285205 0 0.354284 
0 0.216926 0.233138 0.275316 0.274619 
0.2367 0.150412 0 0.612888 0 
0 0 0.383193 0 0.616807 
0 0.826624 0 0.173376 0 
0 0 0.487596 0 0.512404 
0 0 0.45257 0.54743 0 
0 1 0 0 0 
0.569617 0 0 0.430383 0 
0.572702 0 0 0 0.427298 
0.327109 0 0.672891 0 0 
0 0 0.412736 0.347489 0.239774 
0.343359 0 0 0.503198 0.153443 
0.406527 0 0.244473 0 0.349 
1 0 0 0 0 
0 0.498426 0 0.501574 0 
0.725259 0 0.274741 0 0 
0 1 0 0 0 
0.630724 0 0.369276 0 0 
0 0.371696 0.628304 0 0 
0 0 0 1 0 
0.668715 0 0 0.331285 0 
0.528467 0 0.471533 0 0 
0.475713 0 0 0.524287 0 
0.469061 0 0.530939 0 0 
1 0 0 0 0 
0 0 0 1 0 
0.192128 0.663132 0.144741 0 0 
0 0.338834 0 0.661166 0 
0.810568 0.189432 0 0 0 
0 0.625011 0.126628 0.248361 0 
0 0 0.645537 0.354463 0 
0.636512 0 0 0 0.363488 
0.255106 0.384918 0 0 0.359975 
0 0 0 0 1 
0 1 0 0 0 
0 1 0 0 0 
0 0.377348 0.622652 0 0 
0 0 0 0 1 
1 0 0 0 0 
0.137368 0 0.334319 0.528313 0 
0.386974 0 0 0.115655 0.49737 
0.408259 0.591741 0 0 0 
0.419585 0 0 0.122975 0.45744 
0 0 0.203852 0.796148 0 
0 0 0 1 0 
0.7986 0 0 0.2014 0 
1 0 0 0 0 
0.11076 0.478161 0 0.411078 0 
0 0 1 0 0 
0.661078 0 0 0.338922 0 
0 0 0 0.398966 0.601034 
0.847788 0.152212 0 0 0 
0 1 0 0 0 
1 0 0 0 0 
0 0 0.485546 0 0.514454 
0 0 0 1 0 
0.460479 0 0 0 0.539521 
0.452792 0.547208 0 0 0 
0.566231 0 0 0.433769 0 
0 0 1 0 0 
0 0.117431 0.449839 0.43273 0 
0 0.840006 0 0 0.159994 
1 0 0 0 0 
0.272667 0 0.229999 0.373084 0.124249 
0.202575 0 0.246599 0 0.550826 
0 0.695331 0 0 0.304669 
0.393092 0 0.606908 0 0 
0 0 1 0 0 
0.371627 0 0.628373 0 0 
1 0 0 0 0 
0.640273 0 0 0.359727 0 
0.189568 0.810432 0 0 0 
0.624349 0.375651 0 0 0 
0.301432 0.598969 0.0995992 0 0 
