5 100
0.522556
0.584084
0.350777
0.510801
0.499853
9.99104 0.216975
9.29267 1.05566
9.07671 1.30715
8.71812 1.20129
8.69233 0.437565
8.63119 1.10271
8.38372 0.972063
8.38301 1.78954
7.92592 1.63452
7.32183 0.390625
7.27132 1.37432
7.06766 2.15782
6.90688 1.64066
6.67106 2.26131
6.66465 3.078
6.61862 0.679471
6.38396 3.37058
6.20782 1.02833
6.10855 2.35721
5.8834 2.23049
5.83436 3.17956
5.83431 1.08387
5.75565 2.95391
5.44334 2.60539
5.32905 3.31959
5.24971 3.07749
5.02884 2.52556
5.00472 2.6518
4.96357 3.04367
4.52678 2.52767
4.52337 3.11093
4.47296 3.9177
4.43728 1.91551
4.41654 4.03687
4.38441 3.23723
4.26832 3.37194
4.24087 2.48592
4.17181 2.25205
4.08129 3.12095
4.00592 4.05768
3.89399 4.02354
3.45759 3.61141
3.37984 3.34543
3.22635 4.80274
3.18808 3.55043
3.0004 4.38287
2.9573 6.29173
2.85439 3.37647
2.82309 3.59058
2.79985 3.90088
2.74183 4.36537
2.7236 4.18882
2.67763 4.52393
2.67056 5.50512
2.65248 4.66642
2.58622 5.06941
2.35629 5.72888
2.26137 4.7302
1.96468 4.58251
1.91163 6.6077
1.88049 4.82285
1.75348 5.86272
1.66674 4.5997
1.61749 4.96809
1.61649 7.27048
1.59548 7.00468
1.56188 6.31921
1.47897 5.95979
1.46932 6.96504
1.43439 6.58035
1.40601 5.36551
1.39255 5.02507
1.26431 4.96051
1.15116 6.98306
0.849357 6.43674
0.785411 8.16431
0.780307 6.8167
0.617749 9.24783
0.557199 6.95081
0.505907 8.51535
0.498443 6.38996
0.363616 7.74834
0.359185 8.4392
0.277665 8.32833
0.269421 6.77266
0.263902 7.33749
0.247633 8.99864
0.207635 10.1081
0.204567 9.30217
0.0948637 8.58202
0.0811344 8.9469
0.0365217 11.1487
0.0357181 7.15862
0.0262937 7.17841
0.0254114 9.41247
0.0150297 11.4477
0.0124421 7.59283
0.0123335 8.07832
0.00291393 8.74314
0.00225995 9.86496
0 0 1 0 0 
0 0 0 1 0 
0 0.473111 0 0 0.526889 
0 0.575525 0 0 0.424475 
0.377223 0 0.318673 0.304104 0 
0 0 0 0.273223 0.726777 
0 0 0 0 1 
0 0 0 1 0 
0.28809 0.31618 0 0.290082 0.105648 
0 0 0 1 0 
0 0 1 0 0 
0 0.118995 0 0 0.881005 
0.236858 0 0.301224 0.461917 0 
0 0.63882 0 0.36118 0 
0.482639 0 0.517361 0 0 
0.500108 0.499892 0 0 0 
0.112345 0.53504 0.352615 0 0 
0 0 1 0 0 
1 0 0 0 0 
0 0.223684 0 0 0.776316 
0 0 0 1 0 
0 0.446544 0 0.553456 0 
0 0 0 0.331955 0.668045 
0.401066 0.598934 0 0 0 
0 1 0 0 0 
0.0893025 0.613015 0 0.297682 0 
0.175259 0 0.303234 0 0.521507 
0 0 0 0 1 
0 0 1 0 0 
0.502135 0 0 0.087416 0.410449 
0 0.326739 0.24449 0.27611 0.152661 
0 0.28814 0.71186 0 0 
0.148669 0.264775 0.586556 0 0 
0.675555 0 0.324445 0 0 
0 0.598323 0 0.401677 0 
0.406808 0 0.256099 0 0.337093 
0 0.422899 0.482287 0.0948141 0 
0.527216 0.472784 0 0 0 
0 0 0 0 1 
0 0 0 0.669917 0.330083 
0.709242 0.290758 0 0 0 
0 0 0 0 1 
0 0 0 0.647317 0.352683 
1 0 0 0 0 
0 0 0 0.609962 0.390038 
0 0 0.308158 0.691842 0 
0 0 1 0 0 
0 0.314599 0 0 0.685401 
0 0.651496 0.226029 0 0.122475 
0 0.387577 0.612423 0 0 
0 0 0.681432 0.318568 0 
0.364579 0.39345 0 0.241971 0 
0 0 1 0 0 
0 0.50246 0 0 0.49754 
0 0 1 0 0 
0 0.383371 0.616629 0 0 
0 0 0 0.308635 0.691365 
0.4157 0 0 0.233719 0.350581 
0.430897 0 0 0.569103 0 
0 0 1 0 0 
0 0 0 0.354321 0.645679 
0 0 0.637398 0.362602 0 
0 1 0 0 0 
0.153527 0 0.465431 0 0.381042 
0 0 0.512659 0.487341 0 
0.584109 0 0 0.415891 0 
1 0 0 0 0 
0.64054 0 0 0.35946 0 
0 0 0 1 0 
0.383801 0.401581 0 0 0.214618 
0 0 0.320912 0 0.679088 
0.449757 0 0.185896 0.115579 0.248768 
0 0.378141 0 0.39456 0.227299 
0.331746 0 0 0 0.668254 
0 1 0 0 0 
0 0 0.513043 0.316002 0.170955 
0.151991 0.277911 0 0.570098 0 
0 0.514956 0.485044 0 0 
0 0.496292 0.503708 0 0 
1 0 0 0 0 
0 0 0 1 0 
0 0.61003 0.38997 0 0 
0 0.619316 0.380684 0 0 
0.145011 0.203174 0.543122 0.108693 0 
0.171707 0.828293 0 0 0 
0 0.391862 0.260855 0 0.347283 
0 0.530492 0 0 0.469509 
0.182526 0 0 0 0.817474 
0 0.815595 0 0 0.184405 
0.239454 0 0 0 0.760546 
0 0.177947 0 0.822053 0 
0.205613 0.273234 0.521153 0 0 
0 0 1 0 0 
0 1 0 0 0 
0 0 0.371972 0 0.628028 
0 0 0 0 1 
0.0917983 0 0 0.508853 0.399348 
0.58628 0.307431 0.106289 0 0 
0 0.277173 0 0.722827 0 
0 0 0 1 0 
