5 200
0.472866
0.695603
0.688621
0.633212
0.315472
11.2422 0.197994
11.1865 0.499814
10.7897 0.625069
10.6196 0.631764
10.4667 0.28119
10.3344 0.660228
10.3295 0.556297
10.1321 0.43871
9.98168 0.440034
9.63042 0.483633
9.47741 0.178723
9.35487 0.725644
9.31034 1.05271
9.19864 0.137496
9.10534 0.670215
9.04202 0.366228
8.99306 1.54321
8.85106 0.866291
8.71252 1.13586
8.56384 1.24295
8.33456 0.780682
8.25141 1.09407
8.24797 1.57663
8.23414 0.738655
8.21544 1.19419
8.03608 0.801919
8.01885 0.777913
7.96022 1.54051
7.84275 1.31645
7.80857 0.752409
7.80565 1.80809
7.69292 1.29107
7.5641 1.02698
7.31876 0.106271
7.24927 2.1809
7.11532 1.19301
6.95222 1.83158
6.93203 0.949046
6.75171 2.38132
6.72361 2.81258
6.71915 1.03955
6.67425 0.690086
6.66855 0.859062
6.63773 2.69953
6.45746 2.67076
6.45733 0.855817
6.40194 2.62677
6.21582 1.13637
6.11147 1.52467
6.06612 1.47945
5.9633 2.85874
5.92378 2.16945
5.88032 2.76952
5.85345 1.91682
5.81849 2.81662
5.78234 1.71581
5.62886 2.3082
5.59833 2.29777
5.59027 1.80189
5.55984 1.63587
5.4618 2.27326
5.39132 1.78387
5.32067 2.22571
5.31997 2.54736
5.19489 1.99729
5.18767 2.5421
5.18519 2.13031
5.07562 1.39531
5.03755 4.04794
4.93789 3.34419
4.90168 2.65031
4.79924 4.06811
4.68315 1.86083
4.59153 3.10753
4.58145 4.72062
4.57821 2.84009
4.56989 3.1046
4.55177 3.89642
4.54071 3.23084
4.49297 3.17329
4.46145 4.51023
4.37825 3.63112
4.30593 2.47822
4.23403 3.67235
4.22676 2.71702
4.16401 3.49381
4.11662 4.22402
3.94225 3.59256
3.90102 3.48815
3.74501 4.11913
3.6636 4.66113
3.55848 3.98529
3.53634 5.39897
3.24336 4.40009
3.23141 4.01454
3.22802 3.37767
3.22041 4.95164
3.13123 3.29212
3.0772 6.11261
3.03564 5.31919
3.01102 4.06144
2.97792 6.05137
2.94954 5.77763
2.91309 3.65624
2.85834 4.95661
2.83544 5.35468
2.75106 4.73328
2.69453 4.2566
2.61172 4.84177
2.59797 3.64943
2.53787 3.7227
2.42497 5.638
2.32215 5.65797
2.26506 4.56945
2.15418 5.31109
2.04353 6.85967
2.02261 4.76551
1.98527 4.64297
1.96236 4.97377
1.96206 4.90663
1.95629 4.96724
1.9406 5.62819
1.83343 4.80067
1.81464 5.96548
1.78634 6.78488
1.7728 4.53053
1.75315 6.90494
1.74102 6.10689
1.68785 6.37559
1.52345 5.45356
1.51439 7.11893
1.38947 6.94368
1.3149 5.29369
1.29245 6.94634
1.28508 8.17405
1.16484 7.06824
1.15298 7.03081
1.14951 6.37405
1.12041 4.78553
1.07737 6.14968
1.06497 5.87487
1.0209 6.18196
0.966007 6.6909
0.952111 8.16625
0.943088 6.5359
0.904141 7.26034
0.889743 6.34969
0.884143 7.88557
0.878425 8.00619
0.854421 7.03318
0.720067 5.45097
0.713273 8.39296
0.70706 7.83731
0.688197 6.11327
0.605837 5.79767
0.59895 8.8068
0.528733 9.12622
0.489188 7.49651
0.477855 8.29712
0.475804 7.12779
0.474259 6.29354
0.443843 7.92392
0.422449 9.01187
0.405904 6.79845
0.39184 7.55365
0.377707 6.86427
0.350279 9.47688
0.285229 8.62902
0.274261 9.13017
0.257423 10.2427
0.248933 6.27555
0.236584 9.69159
0.219336 8.55945
0.219161 7.52909
0.20198 6.70557
0.195475 7.2788
0.194183 7.04687
0.178814 7.9106
0.17173 9.49133
0.143407 10.818
0.118108 7.30874
0.116108 8.54402
0.110944 6.67363
0.0729555 11.1908
0.0655938 9.1642
0.06097 7.83045
0.0553962 9.78061
0.0549398 9.15416
0.0427517 10.5334
0.0413946 8.2297
0.0305039 9.06654
0.029243 7.43137
0.0168824 7.2994
0.0124951 10.7987
0.0109971 8.814
0.009461 9.42675
0.00924877 7.38397
0.00752103 11.1724
0.00426582 9.48101
0.00414983 9.88326
0 0 1 0 0 
0 0 0 1 0 
0.484901 0 0 0.515099 0 
0 0 0.687856 0.312144 0 
0 0 1 0 0 
0 1 0 0 0 
0 1 0 0 0 
1 0 0 0 0 
0.351486 0 0 0.648514 0 
0 1 0 0 0 
0.727222 0 0.272778 0 0 
0 0 0 0 1 
0 0 0.589848 0.315843 0.0943087 
0 1 0 0 0 
0 0 0 0 1 
0 0 0 1 0 
0 0 0 1 0 
0 0 0.433912 0.566088 0 
0.345824 0 0.654176 0 0 
0 0 0 1 0 
0 0 0 0 1 
0 0 1 0 0 
0 0 1 0 0 
0 0 0 0.26711 0.73289 
0 1 0 0 0 
0 0 0 1 0 
0 1 0 0 0 
1 0 0 0 0 
0 0 1 0 0 
0 0 0 1 0 
0 0 0 0 1 
0 0 0 0 1 
0 0 0 1 0 
0.368179 0 0.324311 0 0.30751 
0 0 1 0 0 
0 0 1 0 0 
0 0 0 1 0 
0 0 0 0 1 
0 0 1 0 0 
0 0 1 0 0 
0 0 0 1 0 
0 0 0 0 1 
0 0 0 0 1 
0 0 0 0 1 
0 1 0 0 0 
0 0 0 0 1 
0 0 0 0 1 
0 0 0 0 1 
1 0 0 0 0 
0 0 1 0 0 
0 0 0 0 1 
1 0 0 0 0 
1 0 0 0 0 
0 0 0 0 1 
0 0 0 1 0 
0 0 0 1 0 
0 0 1 0 0 
0 0 1 0 0 
0 0 1 0 0 
0 0 0 1 0 
0 0 0 0.30544 0.69456 
1 0 0 0 0 
0 0.134084 0.234883 0 0.631033 
0 0 1 0 0 
0 1 0 0 0 
1 0 0 0 0 
0.441783 0.558217 0 0 0 
0 0 0 0 1 
0 1 0 0 0 
1 0 0 0 0 
0 1 0 0 0 
0 0 1 0 0 
1 0 0 0 0 
0.255786 0.744214 0 0 0 
0 0 1 0 0 
0 0 1 0 0 
0 0.38829 0 0.61171 0 
0 1 0 0 0 
0 0 0 1 0 
0 0 1 0 0 
1 0 0 0 0 
1 0 0 0 0 
0 0 0 0 1 
0 0 0 1 0 
1 0 0 0 0 
0 1 0 0 0 
0 1 0 0 0 
0 1 0 0 0 
0 0 0.440829 0.559171 0 
1 0 0 0 0 
0 0 0 0 1 
0.555014 0 0 0.444985 0 
1 0 0 0 0 
0.170977 0 0.479087 0.349935 0 
0 0 0 0 1 
0 0 0.166587 0.833413 0 
0 0 0 1 0 
0 0 1 0 0 
0 0 0 1 0 
0 0 0 0 1 
0 0 0 0 1 
0.743776 0.256224 0 0 0 
0 0 0 0.515604 0.484396 
0 0.300086 0 0.699914 0 
0 1 0 0 0 
0 0 0 1 0 
0 0.178226 0 0.445023 0.376752 
0 0 0 1 0 
0 1 0 0 0 
0 0 0 0.686812 0.313189 
0 0 1 0 0 
1 0 0 0 0 
0 0 0 0 1 
0 0.474854 0 0.525146 0 
0 0 0 1 0 
0 0 1 0 0 
0.258865 0.180419 0.560716 0 0 
0 0 0 1 0 
0 1 0 0 0 
0 0 0 0 1 
1 0 0 0 0 
0 0 0 1 0 
0 0 0 1 0 
0 0 1 0 0 
0 0 0 0 1 
1 0 0 0 0 
0.722317 0 0 0.277683 0 
0 0 1 0 0 
0 0 0 1 0 
0 1 0 0 0 
0 0 0 1 0 
0 0.436875 0 0 0.563125 
0 1 0 0 0 
0 0 0 1 0 
0 0 0 0 1 
0 1 0 0 0 
0 0 0 0 1 
0 1 0 0 0 
0 0 1 0 0 
0 0 0.368287 0 0.631713 
0 0 0 0 1 
0 0 0 1 0 
0 0.560668 0.34834 0.0909927 0 
1 0 0 0 0 
1 0 0 0 0 
0 0 0 0 1 
1 0 0 0 0 
0.488558 0 0 0.511442 0 
0 0 1 0 0 
1 0 0 0 0 
0 1 0 0 0 
0 1 0 0 0 
0 1 0 0 0 
0 0 0 1 0 
0 1 0 0 0 
0 1 0 0 0 
0 0 0 0 1 
0 0 0 0 1 
0 0 0 0 1 
1 0 0 0 0 
0 1 0 0 0 
1 0 0 0 0 
0 0 0 0 1 
0 0 0 0.350878 0.649122 
1 0 0 0 0 
0 0 0 1 0 
0.67706 0 0 0.32294 0 
0 0 1 0 0 
0 0 1 0 0 
0 1 0 0 0 
0 0 1 0 0 
0 0 0 0 1 
0 0 1 0 0 
1 0 0 0 0 
0.307721 0 0 0.692279 0 
0 0 0 1 0 
0 0 1 0 0 
0 0 1 0 0 
0 0 0 0 1 
0 0 0 1 0 
1 0 0 0 0 
0 1 0 0 0 
0 0 1 0 0 
0 0 1 0 0 
0 0 0 0 1 
0 0 0 1 0 
0 0 1 0 0 
0 0 0 0 1 
0 1 0 0 0 
0 0 1 0 0 
0 1 0 0 0 
1 0 0 0 0 
0 0 0 0 1 
0 1 0 0 0 
0 0 0 1 0 
0 0 0 1 0 
0 0 1 0 0 
0 0 0 0 1 
0 0 0 1 0 
0 0 0 0 1 
