5 150
0.388295
0.67172
0.282075
0.490791
0.730361
11.1808 0.120868
10.5718 0.569698
10.5708 0.189286
10.3733 0.639039
9.77915 0.169384
9.23852 1.04293
9.22329 0.329354
9.21253 0.577311
9.19757 0.98187
9.13632 0.733201
8.78202 1.13518
8.76383 0.352866
8.74518 1.22692
8.66197 0.781064
8.63794 1.32348
8.48765 1.59759
8.47881 1.71674
8.4182 1.41004
8.29982 1.49749
8.0624 1.70181
7.58215 0.356646
7.54063 1.81658
7.49209 2.20719
7.46511 1.7075
7.43563 1.35309
6.9503 2.05949
6.63575 1.01545
6.61686 1.94314
6.57005 1.95646
6.33082 1.52589
6.23689 2.11295
6.21404 2.85538
6.14414 2.26642
6.00726 1.69903
5.91776 2.10384
5.82588 3.2565
5.77783 1.90022
5.76667 1.16042
5.62886 3.07147
5.57306 3.05313
5.50784 2.70367
5.41878 1.47989
5.34184 3.63004
5.33955 3.21857
5.31524 2.4793
4.99858 3.14897
4.71262 3.07442
4.48629 2.76082
4.47424 1.99048
4.38327 3.77028
4.36525 3.16386
4.27581 2.49032
4.2628 3.63019
4.1051 3.45723
4.10012 2.84528
4.09212 4.41939
3.96089 3.61954
3.86266 3.56606
3.85654 4.16905
3.83969 3.7672
3.78915 4.56525
3.76533 2.67122
3.7255 2.55333
3.62747 5.13603
3.57886 3.89905
3.52015 3.19448
3.51611 3.37707
3.43565 3.7026
3.32906 4.13982
3.31014 4.8415
3.07095 3.5353
2.91142 4.99332
2.87183 5.31163
2.72164 5.63704
2.61182 5.82377
2.5045 4.0352
2.48267 5.61999
2.39712 5.34121
2.32148 6.41515
2.13453 6.14173
2.00373 6.4049
1.99744 7.11228
1.90786 7.14549
1.82716 5.91658
1.74425 6.65324
1.732 6.39269
1.70024 5.96654
1.68153 5.1104
1.46436 5.36508
1.42702 7.30752
1.38485 5.21045
1.33496 6.05414
1.3002 6.71506
1.29257 4.54899
1.11856 7.19354
1.00859 5.14444
0.978398 8.0003
0.954083 5.6374
0.946751 7.51077
0.936436 5.93678
0.787919 8.024
0.771022 6.37226
0.767065 7.72067
0.728815 8.68209
0.726334 7.66668
0.707247 7.89742
0.697987 9.13645
0.636839 8.54922
0.634103 7.70679
0.516165 7.58277
0.490809 6.73079
0.469049 9.608
0.467202 8.25511
0.387749 9.01977
0.383816 6.97972
0.377587 9.89953
0.375751 6.60643
0.340353 7.11822
0.312484 8.41785
0.293101 6.58274
0.264182 6.83445
0.232705 8.33408
0.228025 6.82515
0.219967 10.0756
0.190147 9.53643
0.169931 7.79837
0.156907 7.50455
0.153772 9.27172
0.139266 8.96816
0.122725 6.80121
0.106647 7.14395
0.0965215 10.7475
0.0918906 9.11717
0.090609 8.78823
0.0887143 9.18051
0.0845198 10.6364
0.0654505 9.65314
0.0648586 9.48566
0.0588831 11.3205
0.0545748 7.06471
0.0445819 10.7066
0.0251165 11.3023
0.0215923 7.51629
0.0198713 11.1693
0.0147352 7.25853
0.0143667 10.7231
0.0129266 11.1701
0.00708356 12.0808
0.00360914 9.54624
0.00304843 9.61209
0 0 0 0 1 
0 1 0 0 0 
0 0 0 0 1 
0 0 0 1 0 
0 0 1 0 0 
0 0 0 1 0 
0 1 0 0 0 
0 0 0 1 0 
0 0 0 1 0 
0 0 0 0 1 
0 0 1 0 0 
1 0 0 0 0 
0 0 1 0 0 
1 0 0 0 0 
1 0 0 0 0 
1 0 0 0 0 
0 0 0 0 1 
0 0 0 0 1 
1 0 0 0 0 
1 0 0 0 0 
0 1 0 0 0 
0 0 1 0 0 
0 1 0 0 0 
0 0 0 0 1 
1 0 0 0 0 
0 0 1 0 0 
0 0 0 0 1 
0 0 0 0 1 
1 0 0 0 0 
0 1 0 0 0 
0 1 0 0 0 
0 0 0 0 1 
0 0 0 0 1 
1 0 0 0 0 
0 0 1 0 0 
1 0 0 0 0 
0 0 1 0 0 
1 0 0 0 0 
0 0 0 1 0 
0 1 0 0 0 
0 0 0 0 1 
0 0 0 0 1 
0 0 1 0 0 
1 0 0 0 0 
0 0 0 1 0 
1 0 0 0 0 
1 0 0 0 0 
1 0 0 0 0 
0 1 0 0 0 
0 0 0 1 0 
0 0 0 0 1 
1 0 0 0 0 
0 0 0 1 0 
0 0 0 1 0 
0 0 0 0 1 
0 0 0 1 0 
0 0 0 1 0 
1 0 0 0 0 
1 0 0 0 0 
1 0 0 0 0 
0 0 0 0 1 
0 0 0 1 0 
1 0 0 0 0 
0 0 1 0 0 
0 0 1 0 0 
0 0 0 0 1 
0 0 1 0 0 
0 0 0 1 0 
0 0 0 0 1 
0 1 0 0 0 
0 0 0 1 0 
1 0 0 0 0 
0 0 0 0 1 
0 1 0 0 0 
0 0 1 0 0 
0 1 0 0 0 
0 0 0 0 1 
0 0 1 0 0 
0 1 0 0 0 
0 0 0 0 1 
0 0 0 1 0 
0 1 0 0 0 
0 1 0 0 0 
0 0 0 1 0 
0 0 0 0 1 
0 0 0 0 1 
1 0 0 0 0 
0 0 0 1 0 
1 0 0 0 0 
0 0 0 0 1 
1 0 0 0 0 
0 1 0 0 0 
0 1 0 0 0 
0 0 0 0 1 
1 0 0 0 0 
0 0 0 1 0 
0 0 1 0 0 
0 0 1 0 0 
1 0 0 0 0 
1 0 0 0 0 
0 0 0 0 1 
0 0 0 1 0 
0 0 0 1 0 
0 0 0 1 0 
0 1 0 0 0 
0 0 0 1 0 
0 0 0 0 1 
0 0 0 1 0 
1 0 0 0 0 
0 0 0 1 0 
0 0 1 0 0 
0 0 0 0 1 
0 0 0 0 1 
0 0 0 0 1 
0 1 0 0 0 
0 0 1 0 0 
0 0 1 0 0 
0 0 0 0 1 
0 0 0 0 1 
1 0 0 0 0 
0 0 1 0 0 
0 0 1 0 0 
0 0 0 1 0 
0 1 0 0 0 
0 0 0 0 1 
0 0 0 0 1 
1 0 0 0 0 
0 0 1 0 0 
0 0 0 1 0 
0 0 1 0 0 
0 0 0 1 0 
0 1 0 0 0 
0 0 0 0 1 
0 0 1 0 0 
0 0 0 1 0 
0 0 0 0 1 
0 0 1 0 0 
0 0 0 0 1 
0 0 0 1 0 
0 1 0 0 0 
1 0 0 0 0 
0 0 0 1 0 
0 0 0 1 0 
1 0 0 0 0 
0 0 0 1 0 
1 0 0 0 0 
0 1 0 0 0 
0 0 0 0 1 
0 0 0 0 1 
1 0 0 0 0 
