5 50
0.656644
0.506813
0.447333
0.710906
0.739776
11.3972 0.192215
8.84508 0.828571
8.58508 0.73
8.41418 1.68288
8.20553 0.306817
8.17081 2.15501
7.83108 0.288913
7.07783 0.836812
6.53867 0.659864
6.07048 2.39104
5.47796 2.8466
5.43927 3.09338
5.34389 2.95112
4.74106 2.84499
4.63065 3.58707
4.04359 2.68883
3.99796 4.11222
3.07577 4.43836
2.62469 4.4802
2.60148 4.19604
2.56881 4.90505
2.31234 4.91472
2.26936 4.28117
1.92763 4.07625
1.64372 5.82985
1.60707 7.03683
1.53282 6.42413
1.34152 5.3132
1.10191 6.48571
1.07522 7.4267
1.05526 8.29271
0.997143 6.06574
0.870762 8.08929
0.764582 7.48557
0.736914 8.75989
0.696831 7.05442
0.562119 6.43902
0.477892 9.41803
0.360914 7.8267
0.214593 6.96842
0.182296 7.15981
0.148398 9.69122
0.147496 7.49617
0.143065 7.11559
0.135744 8.24882
0.0455532 9.17659
0.0321771 7.18377
0.0306899 8.83473
0.0263067 11.6177
0.00222903 10.3304
0 0 0 0 1 
0 0 0 0.359387 0.640613 
0.328503 0 0.671497 0 0 
0.1857 0.239264 0.197731 0.340914 0.0363912 
0.272144 0 0.727856 0 0 
0.692173 0 0 0.307827 0 
0.697495 0 0.302505 0 0 
0 0 0.432462 0.567537 0 
0 0.529772 0 0.0987319 0.371496 
0 0 1 0 0 
0 0 0.719934 0.280066 0 
0.478339 0 0.102668 0.418992 0 
0.498932 0.0741225 0.426945 0 0 
1 0 0 0 0 
0 0.522204 0 0 0.477796 
0.238424 0.200773 0 0.560803 0 
0.414785 0.261056 0 0.324159 0 
0 0 0 1 0 
0 0 1 0 0 
1 0 0 0 0 
1 0 0 0 0 
0 0.485957 0 0 0.514043 
0 0 0.555514 0 0.444486 
0.682559 0.12389 0 0.193551 0 
0 0 0.527631 0 0.472369 
0 0 0.338292 0.173544 0.488164 
0 0 0.396711 0 0.603289 
0.415601 0 0 0 0.584399 
0 0.356228 0 0.643772 0 
1 0 0 0 0 
0.335874 0 0 0 0.664126 
0 0 0 0 1 
0.653719 0 0 0.156844 0.189436 
0 0 0 0 1 
0.136413 0 0 0 0.863587 
0.39205 0.60795 0 0 0 
0 0 0.276052 0.723948 0 
0 0 1 0 0 
0 0 0 1 0 
0 0.564416 0 0 0.435584 
0.397743 0 0 0.207465 0.394793 
0.272447 0 0.370345 0 0.357208 
0 1 0 0 0 
0 0 1 0 0 
0.399469 0.600531 0 0 0 
0.366998 0.277566 0.355437 0 0 
0.686216 0 0 0.313784 0 
0 0.526684 0 0.473316 0 
0 0.383202 0 0.616798 0 
0.522644 0 0.477356 0 0 
