5 50
0.588679
0.408956
0.4831
0.366398
0.51719
10.7972 0.648667
8.34456 1.03553
8.33068 0.979129
8.18213 1.45159
7.60271 1.93185
7.23282 1.08551
6.64926 2.23472
6.35922 2.30471
6.28837 2.31315
6.12741 2.79363
5.6842 2.53129
5.66569 2.38208
5.08674 2.76865
4.92677 2.25403
4.53306 3.21856
4.16628 4.11979
4.14477 3.81213
3.8368 3.77378
3.74391 3.48781
3.63072 3.32878
3.23894 5.24929
3.07297 5.22165
2.98144 4.67744
2.81528 5.06477
2.67461 5.27493
2.5992 4.18008
2.5036 5.26182
2.29355 6.0677
2.14486 5.0924
2.03158 5.6571
1.80447 6.07826
1.44084 5.06068
1.33413 7.1522
1.1402 5.76418
0.836927 6.56082
0.812958 5.91333
0.804881 8.54494
0.751048 6.7807
0.49061 8.74526
0.468197 8.02028
0.333393 6.35968
0.171818 9.62108
0.163572 9.98606
0.129968 9.24853
0.102036 6.77187
0.0931485 10.4697
0.0378683 10.4422
0.0184156 8.45004
0.0100645 8.82191
0.00112577 7.42455
0 0 0 0 1 
0 1 0 0 0 
0 0 0 1 0 
1 0 0 0 0 
0 0 0 1 0 
0 0 1 0 0 
0 0 0 1 0 
0 0.575118 0.424882 0 0 
0 1 0 0 0 
0 1 0 0 0 
0 0 0 0.804738 0.195262 
0 0 0 1 0 
0 0 0 1 0 
0 0 1 0 0 
0 1 0 0 0 
0 1 0 0 0 
0.233404 0 0 0.766596 0 
0 1 0 0 0 
0.337497 0 0.321114 0.341389 0 
0 1 0 0 0 
0.310402 0 0.689598 0 0 
0 0 0.307318 0.692682 0 
0 0.382458 0 0.617542 0 
0 0 1 0 0 
0 0 0 0.360678 0.639322 
0.147665 0 0.852335 0 0 
0 0 0 1 0 
0 0 0 1 0 
0 0 0 1 0 
0 0.204603 0 0 0.795397 
0 0 0 0 1 
0.524007 0.475993 0 0 0 
0.526208 0 0.473792 0 0 
1 0 0 0 0 
0 0 0 0 1 
0.219548 0 0.780452 0 0 
0 1 0 0 0 
0 0.514174 0 0 0.485826 
0 0 0.243782 0 0.756218 
0 0 0 0 1 
0 0 0 0.695065 0.304935 
0 0 0.510182 0.120998 0.36882 
0.10354 0 0 0.757756 0.138705 
0.545972 0 0 0 0.454028 
0 0.224135 0.775865 0 0 
1 0 0 0 0 
0 0 1 0 0 
0 0 0.630378 0 0.369622 
0 0 0 0 1 
0 0.448574 0 0.551426 0 
