5 50
0.345553
0.552225
0.267777
0.749863
0.260926
11.2401 0.2225
8.6247 0.935338
7.71342 2.5923
7.61035 1.67305
7.09415 2.15129
6.98944 1.75039
6.97977 1.17952
6.89198 2.46317
6.59846 0.910248
6.4087 1.25428
6.14792 2.59651
5.35631 1.7431
5.0827 3.15589
4.9528 4.20656
4.48627 3.39549
4.14781 2.80746
4.10363 3.41943
3.90599 4.49751
3.74589 4.70053
3.66847 3.96159
3.6299 2.82373
3.4909 5.38698
3.04842 3.38892
2.72365 4.9217
2.67214 3.912
2.46706 6.8216
2.11399 3.7747
2.0183 4.29865
2.00486 4.29608
1.93159 6.72824
1.89811 6.36801
1.85753 4.74905
1.51327 5.91213
1.37101 6.29102
1.24478 7.01001
1.23499 8.09368
1.0458 5.35008
0.961244 5.31862
0.814684 6.6368
0.778416 7.82366
0.444234 9.20791
0.408421 7.96043
0.382953 8.17558
0.37788 5.91745
0.112026 10.7107
0.0747332 7.77262
0.0553626 7.7048
0.0359379 9.26915
0.0192158 8.4486
0.00853813 8.50179
0.449084 0 0 0 0.550916 
0 1 0 0 0 
0 0.550638 0.449362 0 0 
0.579824 0 0.420176 0 0 
0 0 0.262095 0.336416 0.401489 
0 1 0 0 0 
0.158606 0 0.508156 0.333238 0 
0 0 0 1 0 
0 0.379869 0 0 0.620131 
0 0 0 0.520997 0.479003 
0.518649 0 0 0 0.481351 
0.851771 0 0 0 0.148229 
0 0 0 0.371832 0.628168 
0.494297 0.387295 0 0 0.118407 
0 0.5463 0 0 0.4537 
0 0 0 1 0 
0 1 0 0 0 
0.4856 0 0.5144 0 0 
0 0.556944 0 0 0.443056 
0.525363 0 0 0.474637 0 
0 0.749483 0 0 0.250517 
0 0.270285 0 0.496396 0.233319 
0 0.156087 0.440924 0 0.402989 
0 0.505619 0 0.494381 0 
0.608492 0 0 0 0.391508 
0.325608 0.674392 0 0 0 
0.628688 0.371312 0 0 0 
0 0 0 1 0 
0.703578 0 0 0.296422 0 
0.321058 0.352364 0 0.326577 0 
0 0 0 0 1 
0 0 0 0 1 
0 0 0 1 0 
0.361311 0.336082 0.0565359 0.246071 0 
0.296538 0 0.703462 0 0 
0.211736 0 0.788264 0 0 
0 0 0 1 0 
1 0 0 0 0 
0 0 1 0 0 
0 0 0.437434 0 0.562566 
0 0.643224 0 0.207823 0.148953 
0 0.572119 0 0.209939 0.217942 
0 0 0.174894 0.301247 0.523859 
0 0.059774 0.529938 0.410288 0 
0.276858 0.325144 0.397998 0 0 
0 0.131667 0 0.662053 0.20628 
1 0 0 0 0 
0.306374 0 0.434137 0.259489 0 
0 0 1 0 0 
1 0 0 0 0 
