5 150
0.355197
0.482383
0.725204
0.508202
0.721282
12.0472 0.118818
11.4338 0.26095
10.7447 0.589933
10.2064 0.387862
10.1297 0.48185
9.50606 0.957606
9.00752 0.962508
8.93692 1.3319
8.73315 0.924795
8.59215 1.10256
8.49125 0.232974
8.11112 1.66247
8.10348 1.81512
7.9247 1.58192
7.84667 1.8044
7.57282 0.823005
7.41467 0.794461
7.3167 2.43033
7.1577 0.375756
7.15724 1.20871
7.14648 1.45692
7.13607 1.91946
7.12296 2.76026
7.03762 0.950665
6.99276 2.86941
6.99087 2.1748
6.79848 2.48862
6.64372 2.00401
6.49106 0.552465
6.37026 2.3717
6.11093 1.52385
6.10552 2.2936
6.05128 1.21778
6.02905 2.43448
5.98563 3.41558
5.93528 1.3703
5.81396 2.71355
5.71025 1.78027
5.70151 1.94121
5.57739 1.58797
4.86641 3.59644
4.86046 2.11072
4.84914 3.07716
4.74238 2.88028
4.48953 3.29559
4.42896 3.16452
4.4236 3.62483
4.32384 3.16013
4.28924 5.04923
4.21938 4.30715
4.21819 2.05461
4.06809 3.81602
4.0575 2.87504
3.94795 4.75002
3.94092 3.3244
3.73293 3.49938
3.71513 3.21234
3.69248 3.13514
3.64 4.75164
3.63472 4.44818
3.55921 3.41697
3.51788 3.21399
3.36773 3.77373
3.30728 5.58053
3.09906 4.04961
3.0348 5.16092
3.01072 4.56058
2.83949 4.4114
2.80633 5.42027
2.73909 4.93538
2.71813 5.17545
2.62079 5.2064
2.58332 4.01026
2.55597 6.26898
2.50791 5.41407
2.47285 5.856
2.32266 5.01692
2.23909 6.21668
2.10707 4.54566
2.10034 4.3033
2.06938 5.82178
2.05476 4.57272
1.91633 4.66165
1.81393 5.4999
1.81266 6.42499
1.66784 6.40264
1.65037 6.16854
1.63653 5.20161
1.62322 4.54115
1.50641 5.15505
1.49593 4.48981
1.34187 7.38045
1.30267 7.26083
1.24829 7.25886
1.14868 6.86172
1.14824 7.70747
1.1094 6.26665
1.10631 6.31944
0.962817 8.15486
0.950379 5.96415
0.938218 5.97111
0.897907 7.60561
0.896201 7.77892
0.877748 8.12203
0.853678 7.22284
0.671634 5.98851
0.671163 8.88334
0.600298 8.25123
0.533538 6.58643
0.497017 9.68894
0.476252 8.52389
0.467261 6.25545
0.442728 9.67455
0.408168 9.29654
0.366434 7.5141
0.354564 9.08233
0.350637 6.71558
0.329834 9.8049
0.327995 7.46844
0.326042 7.82824
0.257078 8.38695
0.251425 9.1148
0.238009 8.05413
0.237451 7.48537
0.23658 8.96649
0.234226 7.13768
0.226735 10.3142
0.223112 7.17563
0.170427 8.01715
0.157749 7.39564
0.153177 7.35243
0.143514 9.25999
0.123436 9.83765
0.116751 7.03224
0.116091 10.257
0.110734 8.38461
0.107779 10.7929
0.0961057 10.8315
0.0913709 8.8584
0.0845223 6.7417
0.0820424 7.77474
0.0771247 8.92984
0.0690622 7.34052
0.060627 11.3121
0.0520982 7.11212
0.0451172 8.91156
0.0198124 8.16202
0.011213 7.94167
0.00625155 12.0741
0.00138869 9.83569
0 0 0 1 0 
0.174831 0.162515 0.252321 0.180281 0.230053 
0 0.822886 0.177114 0 0 
0.0900426 0.263333 0 0.273972 0.372652 
0.301541 0.165967 0 0.298559 0.233933 
0.227457 0.158341 0.195559 0.248715 0.169928 
0.128016 0 0 0.335111 0.536872 
0 0.192606 0 0.807394 0 
0.398394 0 0 0.601606 0 
0 0.604514 0 0 0.395486 
0.103372 0 0.223787 0.22667 0.44617 
0 0 0 0.19232 0.80768 
0.436375 0 0.280404 0 0.283221 
0 0.387887 0.42354 0 0.188573 
0.621424 0.200491 0 0.178085 0 
0.294426 0.137604 0.404558 0.163412 0 
0.72905 0 0 0.27095 0 
0 0 0.222525 0.29863 0.478845 
0 0.509861 0.278176 0.211963 0 
0.544184 0 0 0.455816 0 
0 0.201518 0 0.798482 0 
0 0 0.264896 0.482505 0.252599 
0.530237 0 0 0.142402 0.327361 
0.228901 0.110681 0.25551 0.404909 0 
0.152692 0 0 0.380206 0.467102 
0.166451 0.296912 0.286686 0 0.249951 
0 0.163582 0.0996064 0.736812 0 
0.294835 0.317394 0.052094 0 0.335677 
0.426585 0.573415 0 0 0 
0 0 0.318358 0.255934 0.425708 
0 0 0 0.77886 0.22114 
0.409421 0 0.590579 0 0 
0.109666 0 0.359989 0 0.530345 
0.470937 0 0.216462 0.312601 0 
0.412513 0 0.166382 0.235254 0.18585 
0 0.26593 0 0.43579 0.298281 
0.227402 0.141925 0 0.630672 0 
0.267726 0.177189 0.0562607 0.345082 0.153742 
0 0.336457 0 0.663543 0 
0.573582 0 0 0 0.426418 
0 0.703026 0.296974 0 0 
0.197997 0.228908 0.206233 0 0.366863 
0.463209 0 0.251636 0.285155 0 
0.549881 0.383489 0 0.0666298 0 
0 0.797495 0.202505 0 0 
0.469799 0 0 0.530201 0 
0.28921 0 0.33814 0 0.372651 
0 0.20875 0.17453 0.128249 0.488471 
0.294537 0.155276 0.231667 0.31852 0 
0.370706 0 0.151389 0 0.477905 
0 0.47936 0.246493 0 0.274147 
0.506511 0 0 0 0.493489 
0.502585 0.233531 0 0.263884 0 
0 0.387799 0.612201 0 0 
0.49236 0 0 0 0.50764 
0.283242 0 0 0.189998 0.52676 
0.182655 0.216409 0.227862 0.227127 0.145946 
0.381186 0.618814 0 0 0 
0.361375 0 0.296495 0.105473 0.236658 
0.341832 0.169093 0 0 0.489075 
0.590671 0.0898053 0 0.319523 0 
0.118416 0.440019 0 0 0.441565 
0.152698 0 0 0.360063 0.487239 
0 0.309843 0.395633 0.294523 0 
0 0.284283 0.491558 0.224159 0 
0 0.495992 0.226762 0 0.277246 
0.178138 0.0627877 0 0.451502 0.307572 
0.395831 0 0 0.205698 0.398472 
0.322858 0.335292 0.0377314 0 0.304119 
0.0837363 0.0649224 0.297623 0.22074 0.332978 
0 0 0 1 0 
0.38018 0 0.147784 0.197665 0.274371 
0.380706 0 0.121619 0.23582 0.261855 
0.520474 0.31961 0 0.159916 0 
0.368569 0.631431 0 0 0 
0.283637 0.287549 0.428814 0 0 
0.385976 0 0.130022 0.283749 0.200254 
0 0 0.635863 0.214722 0.149415 
0.440853 0.271704 0 0 0.287443 
0.327917 0.49519 0.176894 0 0 
0.354417 0.181093 0 0 0.46449 
0 0.314244 0 0.105427 0.580329 
0.251844 0.369711 0.327558 0 0.0508869 
0 0.450695 0 0.549305 0 
0 0.589081 0.410919 0 0 
0.33224 0.23703 0.187403 0.054779 0.188548 
0.0998126 0 0 0.226888 0.673299 
0 0 0.347093 0.523507 0.1294 
0.121955 0 0.407273 0.470772 0 
0 0.682795 0.317205 0 0 
0 0 0.479023 0.0827494 0.438228 
0.0424909 0.248332 0.278647 0.115632 0.314898 
0 0 0 0.11655 0.88345 
0 0.301518 0 0.118213 0.580269 
0.202034 0.271375 0.0974698 0.131159 0.297963 
0.526441 0 0.473559 0 0 
0.468681 0 0.164389 0 0.36693 
0.353761 0.42529 0.220949 0 0 
0.662784 0.082914 0 0.254302 0 
0.450542 0 0 0 0.549458 
0 0.326269 0 0.673731 0 
0.76447 0.23553 0 0 0 
0.263564 0.265021 0 0.171891 0.299523 
0 0.239342 0.324767 0 0.43589 
0 0 0.592425 0.223141 0.184434 
0.16399 0.145976 0.313961 0.376073 0 
0.127479 0 0 0 0.872521 
0 0 0 0.449835 0.550165 
0 0 0 1 0 
0 0 1 0 0 
0 0.532333 0 0 0.467667 
0.181337 0.333422 0.48524 0 0 
0.29247 0.126991 0 0 0.580539 
0.867085 0 0.132915 0 0 
0.134216 0 0.239429 0.35694 0.269415 
0 0.690066 0.309934 0 0 
0 0.456861 0.242857 0.300283 0 
0.649383 0 0.350617 0 0 
0 0.511477 0 0.488523 0 
0.398436 0 0 0.244328 0.357236 
0 0.582535 0 0.417465 0 
0.0671379 0.0774935 0.163302 0.375581 0.316486 
0.441266 0 0 0 0.558734 
0.332918 0.246887 0.151575 0.26862 0 
0.419901 0.304966 0 0 0.275133 
0.173855 0.221395 0.227237 0.377513 0 
0.183527 0.295797 0.313642 0.207034 0 
0.739169 0.1354 0 0.125431 0 
0.115629 0.398331 0.169435 0.316605 0 
0.222774 0 0.552196 0 0.22503 
0.374761 0.625239 0 0 0 
0.271195 0 0.56714 0.161664 0 
0.0489656 0.300596 0.396818 0 0.253621 
0.391353 0 0.505552 0.103096 0 
0 0.24261 0 0.387258 0.370132 
0.22346 0 0 0 0.77654 
0.160398 0.34497 0.284745 0 0.209888 
0.37686 0.284492 0 0.138873 0.199775 
0 0.530982 0 0.185539 0.283479 
0.090646 0.273446 0.214295 0.421613 0 
0.233292 0.538848 0.114512 0 0.113348 
0 0 0.451951 0.548049 0 
0 0.318239 0.308135 0.281931 0.0916945 
0.366596 0.309229 0.137273 0 0.186902 
0 0.325296 0 0.305031 0.369673 
0.2822 0 0.279022 0.220206 0.218572 
0.582119 0 0.417881 0 0 
0 0.298306 0.117142 0.130585 0.453967 
0 0.131824 0.622672 0.245503 0 
0 1 0 0 0 
