5 200
0.336169
0.252792
0.476478
0.709731
0.572275
12.049 0.168809
11.8047 0.1309
11.4302 0.192857
11.4167 0.322325
11.0036 0.471856
10.6969 0.251832
10.5678 0.829038
10.4367 0.570331
10.1569 0.259885
10.1196 0.504373
10.0205 0.513289
9.9664 0.384582
9.88934 0.466415
9.13882 1.0811
9.06711 0.724424
9.05237 1.06159
8.85062 1.43264
8.66108 0.542822
8.33945 1.2237
8.12602 2.20798
7.77129 2.01154
7.71131 0.574032
7.67153 1.93425
7.64588 1.37239
7.57361 1.94618
7.27755 0.666147
7.2452 1.51496
6.9745 1.13802
6.95483 1.67544
6.92671 1.64097
6.9058 2.42508
6.84911 1.90327
6.64823 1.32643
6.60996 2.53276
6.54182 1.45967
6.42838 1.1427
6.41523 0.723756
6.39945 2.51226
6.33436 1.80515
6.32634 2.29682
6.28906 2.71068
6.15572 1.55348
6.14293 1.67773
6.00703 1.6166
5.78899 2.39049
5.77773 2.60564
5.77106 1.66865
5.69725 1.55704
5.67104 1.34766
5.66823 2.35026
5.63458 2.82567
5.59929 1.545
5.56825 1.71696
5.52549 3.23711
5.49756 2.43492
5.49238 2.00052
5.48375 2.68751
5.44419 2.78316
5.42993 1.96653
5.33252 2.29135
5.3109 3.30024
5.25526 2.46657
5.06764 2.88365
5.06248 2.59322
5.0446 3.91322
4.91705 2.75077
4.90737 2.79648
4.78937 2.85598
4.78926 2.41426
4.6553 3.59803
4.63324 3.44401
4.51736 2.70165
4.49605 2.88709
4.46122 4.55585
4.29805 4.13085
4.24348 3.16856
4.23592 2.90733
4.16611 3.88573
4.15208 3.62832
4.15153 3.7032
4.06141 3.20168
4.03116 4.71639
4.01154 3.89143
3.98764 3.03673
3.95428 2.73717
3.855 4.58463
3.73075 2.42266
3.72531 3.68213
3.70818 3.49562
3.70329 5.02132
3.65033 4.83566
3.54205 5.08931
3.51412 3.54001
3.50605 4.82463
3.46031 3.00667
3.37286 4.61013
3.3675 5.57339
3.32632 3.82489
3.31555 3.23158
3.29847 3.73601
3.28997 4.97467
3.22689 3.58967
3.21779 5.52286
3.1835 3.89418
3.17264 4.57725
3.12211 4.322
3.01232 4.56463
2.9592 4.18805
2.86697 3.02914
2.79864 5.64176
2.77401 4.07173
2.58833 4.4826
2.58481 4.79628
2.57063 4.2779
2.48561 4.39701
2.41805 4.74753
2.37129 5.89503
2.14637 5.97365
2.07327 6.35951
2.06688 4.40539
2.0504 4.57431
1.99902 5.31029
1.94468 4.08129
1.90796 6.52753
1.88735 6.0474
1.8789 4.60662
1.8645 5.79047
1.85398 6.04547
1.73159 4.73859
1.68157 5.98446
1.67281 4.98425
1.55625 5.19787
1.55395 7.3814
1.5376 4.68027
1.53178 6.91284
1.49902 6.63956
1.407 6.3422
1.35994 6.85535
1.31937 5.01456
1.30905 6.66428
1.26915 8.12414
1.22653 6.98199
1.22619 6.80788
1.22225 5.56645
1.17113 7.25298
1.15262 6.65182
1.14466 7.28591
1.14026 7.8983
1.08743 5.52022
1.0726 5.74382
1.03303 7.38216
1.02324 6.96923
1.02015 7.00404
0.943278 5.93945
0.87208 7.65677
0.833816 6.46912
0.808945 8.38725
0.798173 5.8423
0.782436 5.86672
0.749417 8.4968
0.72892 6.20324
0.714184 6.84088
0.656215 8.0524
0.640016 8.37642
0.609814 7.85528
0.602528 8.66294
0.587925 7.20878
0.574664 5.90515
0.572816 6.92474
0.56378 5.84898
0.522882 9.14719
0.504909 6.28468
0.487876 6.14984
0.441956 9.15311
0.438836 8.39144
0.389209 9.52197
0.346168 9.36598
0.317362 7.3733
0.301785 7.35037
0.283018 7.70299
0.23677 10.6803
0.218217 8.15299
0.203575 8.84455
0.173502 6.7281
0.120379 6.69003
0.112282 9.11124
0.0842457 8.59245
0.0776404 9.7189
0.0664199 9.43089
0.0658406 7.93825
0.0540277 10.8811
0.0525496 8.08434
0.0448499 8.9382
0.036933 11.016
0.030292 8.01451
0.0278589 8.42104
0.0229388 9.64847
0.0209357 10.371
0.00441388 7.41287
0.00389785 10.9404
0.595776 0 0.404224 0 0 
0 0.378834 0.621166 0 0 
0.777516 0 0.222484 0 0 
0 1 0 0 0 
0 0.854595 0 0.145405 0 
0 0 0 1 0 
0 0 0 0.492911 0.507089 
0 1 0 0 0 
0 1 0 0 0 
0 0 0 0 1 
0 0.529338 0.470662 0 0 
0 0.344933 0.467174 0.187893 0 
0 0.324537 0.554394 0.121069 0 
0.288543 0.539479 0.171978 0 0 
0.406575 0.161972 0.431453 0 0 
0 0 0.0913291 0.496391 0.41228 
0.725481 0 0.274519 0 0 
0.112402 0.392046 0 0.495552 0 
0 1 0 0 0 
0 0.11065 0 0.344568 0.544782 
0.427325 0.330785 0.24189 0 0 
0.608391 0 0 0.391609 0 
0 0.0988873 0.422365 0.478748 0 
0 0 0 1 0 
0.530151 0 0 0.469849 0 
0 0 0 1 0 
0 0.286292 0 0.713708 0 
1 0 0 0 0 
0.221 0.316701 0.462299 0 0 
1 0 0 0 0 
0 0 1 0 0 
0.478144 0 0 0 0.521856 
0 0 0 0 1 
0 0 1 0 0 
0 0.593535 0 0.406465 0 
0 0 0.620132 0.379868 0 
1 0 0 0 0 
0 0 1 0 0 
0 0 0.221559 0 0.778441 
0.563628 0.436372 0 0 0 
0 0 0.194243 0.805757 0 
0 1 0 0 0 
0.114038 0 0 0 0.885962 
0.0980868 0.216679 0.342679 0.220953 0.121603 
0.297639 0 0.405379 0.296982 0 
0 0 1 0 0 
0 0.64071 0 0.35929 0 
0 0.417844 0 0 0.582156 
0 1 0 0 0 
0 1 0 0 0 
0.137506 0 0 0.245868 0.616626 
0.855667 0 0 0.144333 0 
0.449968 0 0.550032 0 0 
0 0.634691 0.365309 0 0 
0.557043 0.442957 0 0 0 
0 0 0 1 0 
0 0 1 0 0 
0 0.272621 0.334996 0.337618 0.0547659 
0.493504 0 0 0.506496 0 
0 0.518087 0 0 0.481913 
0 0.216914 0 0.348285 0.434801 
0 0 0 0 1 
0 0.232099 0 0.407714 0.360186 
0.523565 0 0.476435 0 0 
0 0 1 0 0 
0 0 0 0 1 
0 0 0 0 1 
0.761286 0 0.238714 0 0 
0.743632 0.256368 0 0 0 
1 0 0 0 0 
0.369271 0 0.452584 0 0.178144 
0.269358 0.183027 0.268594 0.279022 0 
0 0 0 1 0 
0.305138 0.364803 0.330058 0 0 
0 0 0 0.325068 0.674932 
0 0 0.583551 0 0.416449 
0 0.226574 0.630216 0.143209 0 
0.84762 0 0 0 0.15238 
0.271713 0 0 0 0.728287 
0 0 0 0.825771 0.174229 
0 0.169264 0 0.830736 0 
0.452926 0 0.308612 0.238462 0 
0 0 0 0.440949 0.559051 
0 1 0 0 0 
0.449679 0 0 0 0.550321 
0 0 0 1 0 
0 0.7513 0 0.2487 0 
0 0.309424 0 0.690576 0 
0 0 0 0.416094 0.583906 
0 0 0 0 1 
0.290814 0.264952 0.122037 0.322197 0 
0.308259 0.691741 0 0 0 
0.509305 0 0 0 0.490695 
0 0.415272 0.186954 0.311898 0.0858757 
0 0 0.212146 0 0.787854 
0 0.392304 0 0 0.607696 
0.671773 0 0 0.328227 0 
0 1 0 0 0 
0 0.36712 0.462909 0 0.16997 
0.497651 0 0 0.204427 0.297922 
0 0 0 1 0 
0.336783 0.382937 0.28028 0 0 
0.831563 0 0.168436 0 0 
0 1 0 0 0 
0 0.732337 0 0 0.267663 
0.405051 0 0.258478 0 0.336471 
0.496936 0 0 0.503064 0 
0.438678 0 0.312927 0.248395 0 
0 0.357648 0 0 0.642352 
0 0 0 1 0 
0 0 0.388634 0.611366 0 
0 0 0 1 0 
0.402176 0 0 0.248523 0.349301 
1 0 0 0 0 
0.573588 0 0 0 0.426412 
0 0 0 0 1 
0 0.354968 0.645032 0 0 
1 0 0 0 0 
0.802293 0 0.197707 0 0 
0.365667 0.634333 0 0 0 
0 0.462201 0 0.537799 0 
0.25193 0.74807 0 0 0 
0 1 0 0 0 
0.385632 0 0.292343 0.322025 0 
0.331539 0 0.570175 0.0982866 0 
0 0 1 0 0 
0 0 0 1 0 
0 0 0 0 1 
0 0.0996374 0.456613 0 0.443749 
0 0 0.425455 0 0.574545 
0 0.100076 0.346159 0 0.553765 
0 0 0 0 1 
0.526768 0 0 0.473232 0 
0 0 0 0 1 
0.195174 0 0.327312 0.477515 0 
0 0.439732 0 0 0.560268 
0 0.744178 0 0 0.255822 
0 0 0 0.533311 0.466689 
0 0.258267 0 0.183787 0.557947 
1 0 0 0 0 
0 1 0 0 0 
0 0.359519 0 0.129344 0.511137 
0 0 0 1 0 
0 0 0 1 0 
0 0 0 0.523608 0.476392 
0.693973 0 0.306027 0 0 
0 0.661885 0 0.338115 0 
0 1 0 0 0 
0 0 1 0 0 
0 0 0 0 1 
0 0 1 0 0 
0.545602 0 0.454398 0 0 
0 0 0 0.680056 0.319944 
0 0.327777 0 0.355378 0.316845 
0 0.121181 0.392873 0 0.485946 
0.746345 0.253655 0 0 0 
0 0.3853 0.358517 0 0.256182 
0.283085 0.292147 0.143371 0 0.281397 
0 0.13005 0.421876 0 0.448074 
0 0.211409 0.306367 0 0.482224 
0 0 0 0.532719 0.46728 
0 1 0 0 0 
0 0 0 1 0 
0 0.42192 0 0 0.57808 
0 0.349352 0 0 0.650648 
0 0 1 0 0 
0 0.311034 0.203715 0.0973132 0.387938 
0 1 0 0 0 
0.757075 0 0.242925 0 0 
0.206518 0.178676 0 0.614806 0 
0.21751 0 0.382648 0 0.399842 
0.0697247 0.0931519 0.522292 0.314831 0 
0 1 0 0 0 
0.476085 0 0 0 0.523915 
0 0.157257 0 0.842743 0 
0 0.61578 0 0.262765 0.121455 
0 0 0 0 1 
0 0.361088 0 0.638912 0 
0 1 0 0 0 
0.373205 0 0 0.626795 0 
0 0 0.376962 0 0.623038 
0 0 0 1 0 
0.428288 0.0922944 0 0.479418 0 
0 0.0942646 0.905735 0 0 
0 1 0 0 0 
0.309317 0.138897 0.401802 0 0.149984 
0 0 0 0 1 
0.274042 0 0.725958 0 0 
0.422968 0 0 0.198728 0.378304 
0 0 0 0 1 
0.591115 0 0.0821055 0 0.326779 
0 0.504409 0.495591 0 0 
0.459283 0 0.540717 0 0 
0 0 0 0 1 
0.142954 0.434441 0.422605 0 0 
0.524416 0 0 0.475584 0 
0 0.367855 0.222301 0.409844 0 
0 0 0 0.528388 0.471612 
0 0.781256 0.218744 0 0 
0.397447 0 0 0.245791 0.356763 
