5 200
0.731582
0.59138
0.466117
0.735137
0.731536
11.4675 0.513644
11.2987 0.430242
10.0554 0.511317
9.88109 0.349921
9.86636 0.507367
9.77378 1.20436
9.62449 0.941947
9.56511 0.595623
9.37952 0.702035
8.96014 0.681648
8.89764 0.636393
8.79494 1.091
8.49557 1.56629
8.40013 0.925325
8.39278 0.762599
8.31641 1.58513
8.28993 1.0827
8.17233 0.253506
8.10879 1.66294
8.04801 1.57264
8.02683 1.68605
8.00305 0.729819
7.92751 0.561366
7.89819 1.61162
7.88483 1.45767
7.8371 2.29688
7.74112 1.98157
7.69357 1.7111
7.56211 1.41163
7.45124 1.89902
7.36469 0.620156
7.31495 1.21604
7.3012 0.165056
7.28224 0.931943
7.25441 0.973311
7.19342 1.09154
7.16184 0.651313
7.12138 1.89278
7.01259 2.70295
6.90033 1.63852
6.88233 1.50524
6.83437 0.546869
6.74602 1.65041
6.60748 2.58396
6.60561 1.37218
6.57945 1.49298
6.39215 2.05293
6.28157 2.25633
6.2254 2.17811
6.21345 2.34283
6.15217 3.05913
6.1323 2.05935
6.07842 1.29654
5.96749 1.46542
5.95956 3.18638
5.9511 2.55579
5.91014 3.52287
5.81688 1.68531
5.76907 1.86518
5.72887 2.9464
5.70972 2.45546
5.69013 2.03467
5.67135 1.86406
5.58196 2.19448
5.51633 1.47624
5.44909 2.50099
5.32213 2.75133
5.25173 2.97913
5.10228 2.96081
5.07421 2.99896
5.04631 4.24702
5.02544 3.21497
4.96879 2.31145
4.9602 3.13994
4.928 2.52271
4.90735 3.35146
4.8877 4.17888
4.7929 3.22901
4.58247 3.57703
4.57758 2.81977
4.5336 3.09136
4.49514 2.80212
4.38667 2.94578
4.25459 2.59975
4.21614 3.41841
4.17795 3.09738
4.16211 2.46352
4.08178 3.71669
3.96719 4.64494
3.95806 3.78217
3.86338 3.63729
3.84168 3.48077
3.74199 4.16755
3.73014 3.50281
3.59532 4.0483
3.38007 5.02349
3.32176 3.04826
3.31676 4.06995
3.2738 4.67844
3.26057 4.39063
3.21769 3.93683
3.19628 4.66627
3.14943 4.8457
2.90533 4.30465
2.89189 4.58349
2.8682 4.05083
2.72368 5.03163
2.62742 6.15592
2.50839 4.14862
2.44017 4.38989
2.38982 6.32692
2.34626 4.44003
2.09627 4.33921
2.09038 5.52468
2.04542 4.02078
2.02455 5.61143
2.00392 4.51556
1.9085 7.42728
1.79131 7.0689
1.67083 5.12878
1.55265 5.90761
1.53879 4.66122
1.5361 6.27158
1.48669 6.36965
1.46292 5.87843
1.44412 8.07098
1.3716 7.28158
1.25296 5.71729
1.14236 5.48443
1.13889 6.8229
1.13662 6.87162
1.12932 6.94021
1.06797 5.84064
1.03216 5.64146
1.02401 7.58005
0.936576 7.76624
0.936282 8.17546
0.917152 5.92871
0.81564 6.85648
0.733469 6.79332
0.71786 8.40676
0.703071 8.2707
0.688943 7.78996
0.683526 6.79239
0.659259 7.07727
0.637178 8.30896
0.633204 8.11367
0.563334 7.99508
0.5497 5.97601
0.541277 5.97353
0.536299 7.27615
0.535307 7.24048
0.522422 5.82586
0.506791 7.17709
0.497095 7.44818
0.461856 7.0636
0.448604 6.1328
0.427651 8.71486
0.412686 6.87377
0.38572 8.32493
0.317827 9.26629
0.282584 7.1181
0.27556 6.72766
0.263706 10.2994
0.262323 8.23623
0.254478 9.67834
0.251726 9.30517
0.24452 7.04494
0.205432 9.87247
0.193684 7.71886
0.192509 6.94064
0.171383 9.07656
0.168241 10.2878
0.136097 7.2067
0.13202 9.41156
0.126411 7.54179
0.125504 7.11591
0.120711 7.49183
0.102604 10.4309
0.0862487 10.7382
0.0764644 10.9887
0.0625682 7.61159
0.0605314 11.5838
0.0571016 8.05114
0.0544825 10.7114
0.0412026 9.90052
0.0376739 7.56822
0.028183 8.81098
0.0280275 8.1752
0.0245881 11.5099
0.023916 10.3937
0.0191518 9.91864
0.0133194 10.5047
0.0110888 9.92686
0.00929484 7.66881
0.0090479 9.1777
0.00850168 7.57822
0.00716341 10.6669
0.0040605 7.47325
0.00114981 10.3644
0.322117 0.341936 0.239783 0 0.0961645 
0 0 0.630282 0.369718 0 
0 0 0.611886 0 0.388114 
0.423748 0 0 0.300673 0.275579 
0 0.476799 0.523201 0 0 
0.269813 0.131925 0.497729 0.100532 0 
0 0 1 0 0 
0.275146 0.287945 0.273828 0.163081 0 
0.234234 0 0 0.662064 0.103702 
0.226329 0.289978 0.221332 0 0.26236 
0 0 0.198803 0 0.801197 
0 0.713218 0.286782 0 0 
0.514375 0.485625 0 0 0 
0 0 0.432118 0.180449 0.387433 
0.398865 0.173487 0.16549 0.262158 0 
0 0 0.167817 0.832183 0 
0 1 0 0 0 
0.705398 0.131291 0 0 0.163311 
0.346977 0.0760856 0.275567 0 0.30137 
0.737556 0.262444 0 0 0 
0.234961 0.765039 0 0 0 
0.370938 0 0.329675 0.299387 0 
0.766829 0 0 0.23317 0 
0 0.0953032 0.582366 0 0.32233 
0.308017 0.104263 0.328683 0.259037 0 
0 0 0 0 1 
0.148394 0.0765323 0.395672 0 0.379402 
0.136064 0.0786977 0.10334 0.348774 0.333124 
0 0 0.233247 0.647497 0.119255 
0.174201 0 0.567212 0 0.258587 
0.501815 0 0.498185 0 0 
0 0.384134 0.465046 0 0.15082 
0 0 0 0 1 
0 0 0 1 0 
0.331044 0.21116 0 0 0.457796 
0 0.64462 0 0.35538 0 
0 0 0 0.520936 0.479064 
0.339747 0.305764 0.242492 0 0.111998 
0.396157 0.213419 0 0.390425 0 
0.206043 0 0 0 0.793957 
0 0 0 0 1 
0.101282 0 0.509071 0.176692 0.212955 
0.221926 0.328409 0.0720648 0 0.3776 
0 0.390897 0.312428 0.296675 0 
0.841023 0.158977 0 0 0 
0 0.251028 0 0 0.748972 
0 0.455235 0 0.241616 0.303148 
0 0 0 0 1 
0.225842 0 0 0 0.774158 
0 0.203017 0.188943 0.60804 0 
0.426412 0 0.422001 0.151587 0 
0 0.373988 0.215198 0.410814 0 
0.279944 0 0 0 0.720056 
0 0 0.429564 0.282723 0.287713 
1 0 0 0 0 
0.236095 0 0 0 0.763905 
0 0.461863 0 0 0.538137 
0.370754 0.184067 0 0 0.445178 
0 0 0 0.390602 0.609398 
0.62889 0.37111 0 0 0 
0 0 0 0.8774 0.1226 
0 0 0.20207 0.79793 0 
0.0432628 0.190338 0.105179 0.298365 0.362855 
0.196971 0 0.310759 0.167777 0.324493 
0 0.347408 0 0.324337 0.328254 
0.410349 0.589651 0 0 0 
0 0 1 0 0 
0 0.726481 0 0 0.273519 
0 0 0 0 1 
0 0 0 0.516559 0.483441 
0 0.244166 0.319133 0.324504 0.112198 
0 0 1 0 0 
0.079555 0 0.254107 0.533738 0.1326 
0.15389 0 0.235555 0.432779 0.177776 
0 0 0.272823 0.319905 0.407273 
0.199819 0.426704 0.108211 0.265265 0 
0.368042 0.353264 0 0.278694 0 
0.437089 0 0 0.562911 0 
0.0858156 0.512657 0.401528 0 0 
0 0 0 0.11297 0.88703 
0 1 0 0 0 
0.224035 0.63775 0 0.138215 0 
0.425229 0.574771 0 0 0 
0 0.358475 0.300277 0.341248 0 
0 0 0 0 1 
0 0.497409 0 0 0.502591 
0 0.139392 0.314933 0.189952 0.355723 
0.349578 0.263943 0 0.386479 0 
0.357819 0 0.517933 0.124247 0 
0.283326 0 0 0.335504 0.381171 
0 0.171464 0 0.304412 0.524124 
0 0.180581 0.819419 0 0 
0 0.575438 0.253329 0 0.171233 
1 0 0 0 0 
0.177461 0 0.190706 0.247954 0.383879 
0 0 0 1 0 
0 1 0 0 0 
1 0 0 0 0 
0.470388 0 0 0 0.529612 
0 0 1 0 0 
0 0.267416 0.394541 0.338043 0 
0.283631 0.0774582 0.303174 0 0.335737 
0.237097 0.269396 0.100847 0 0.392661 
0 0 0 0.744659 0.255341 
0 1 0 0 0 
0 0.210305 0 0.569188 0.220507 
0.30723 0 0.69277 0 0 
0 0 0 1 0 
0 0 0.122876 0.520796 0.356328 
0 0 0.503241 0 0.496759 
0.359999 0.640001 0 0 0 
0 0 0.15537 0.199179 0.645451 
0.38429 0 0.159027 0.391544 0.0651399 
0 0 0 0.580191 0.419809 
0 0.260269 0.196412 0.283569 0.25975 
0 0.713388 0.286611 0 0 
0 0.401698 0.106546 0.270798 0.220957 
0.148345 0.389944 0 0.116471 0.34524 
0 0.0724858 0.495278 0 0.432236 
0 0.560631 0 0.154828 0.284542 
0.600611 0.399389 0 0 0 
0.553273 0 0 0 0.446727 
0.359995 0.215381 0 0.424623 0 
0.368295 0 0.103369 0.112292 0.416044 
0 0 0.500474 0.499526 0 
0.384992 0.511145 0 0 0.103863 
0 0.549574 0 0.450426 0 
0 0.304159 0.147998 0.35956 0.188283 
0 0.37301 0 0.246075 0.380914 
0.399334 0 0 0.300634 0.300032 
0 0.188301 0.457277 0.354422 0 
0 0 0.332133 0.667867 0 
0 0 0.414669 0.131551 0.45378 
0 0 0 0 1 
0.20797 0 0 0.335706 0.456324 
0.0976481 0.331676 0 0 0.570676 
0 0.136081 0.224374 0.639545 0 
0 0 0.400452 0 0.599548 
0 0 0 0 1 
0.355533 0.644467 0 0 0 
0 0.239687 0.215771 0.261948 0.282594 
1 0 0 0 0 
0 0.446142 0.359024 0 0.194835 
1 0 0 0 0 
0.150379 0.41436 0 0 0.435261 
0 0.566861 0 0.433139 0 
0.289936 0.160933 0.325487 0 0.223644 
0 0 0 1 0 
0 0 0.468946 0.531054 0 
0.300627 0.214749 0 0 0.484624 
0.388328 0.611672 0 0 0 
0 0.445952 0 0 0.554048 
0.346631 0 0 0.129484 0.523885 
0 0.0750529 0.554711 0.125428 0.244808 
0 0 0.450891 0.549109 0 
0.320304 0 0.354843 0.324853 0 
0.47669 0.216584 0 0 0.306726 
0.396978 0 0 0.603022 0 
0 0.205575 0.519566 0.274859 0 
0 0.390313 0.248756 0 0.360931 
0 0 0.405385 0.358771 0.235844 
0 0 0 0 1 
0.424124 0 0 0 0.575876 
0.546252 0.348085 0 0.105663 0 
0.292711 0.28247 0.0732091 0 0.35161 
0 0 0 0 1 
0 0 1 0 0 
0.280912 0.371599 0.347489 0 0 
0 0.16414 0.651449 0.184411 0 
0.445335 0 0 0.554665 0 
0.363153 0 0 0.636847 0 
0 0.585271 0.204062 0 0.210667 
0.195559 0 0 0.366654 0.437787 
0.274892 0 0.244545 0 0.480562 
0 0 0.615439 0 0.384561 
0 0.464522 0.535478 0 0 
0 0 0.831712 0 0.168288 
1 0 0 0 0 
0.526081 0.222975 0.250943 0 0 
0 0.792681 0 0.207319 0 
0 0.328829 0.297163 0 0.374008 
0 0 0 0 1 
0.149171 0.675849 0 0 0.17498 
0 0 0.152456 0 0.847544 
0.288248 0.38341 0.328341 0 0 
0.312074 0.0808534 0.607073 0 0 
0 1 0 0 0 
0.475385 0.26518 0 0.259436 0 
0.172006 0 0.539993 0.288 0 
0 0 0 0.563947 0.436053 
0.734734 0.265266 0 0 0 
0 0 0.438777 0.271108 0.290116 
0 0.634848 0 0 0.365152 
0.268088 0.350218 0 0.381694 0 
0 0 0 1 0 
0 0 1 0 0 
1 0 0 0 0 
0 0 0 0 1 
0.279118 0 0.720882 0 0 
0 0.226778 0.657106 0.116115 0 
