5 200
0.585154
0.59875
0.48925
0.281495
0.490761
10.7772 0.563219
10.1517 0.439097
9.97406 0.620869
9.42147 0.620743
9.18318 0.804052
9.05146 1.70531
8.93754 1.12067
8.78067 0.457742
8.72269 1.41792
8.57758 0.492264
8.4277 1.0087
8.2203 1.46654
8.17057 1.94554
8.16484 0.534317
8.08701 1.32838
7.98563 0.485796
7.83236 1.4134
7.78154 1.56108
7.75418 0.225627
7.67596 0.290123
7.52715 0.803331
7.50003 0.985022
7.37312 0.946944
7.31813 0.487467
7.27015 0.355079
7.23254 1.66947
6.96197 2.19572
6.9553 1.17359
6.88613 1.49862
6.78432 0.502766
6.65657 2.83124
6.56862 2.21538
6.53805 1.09375
6.4375 1.41945
6.38642 1.41133
6.31044 2.02114
6.271 2.23728
6.21153 1.16587
6.18785 1.63918
6.11433 2.6806
6.04623 1.55852
6.02174 1.28268
5.92495 2.25262
5.92018 1.84963
5.81212 1.2203
5.7563 3.55127
5.73904 2.47025
5.73032 1.96328
5.72692 3.39759
5.70966 1.42493
5.4034 1.80545
5.316 3.10946
5.22628 2.54299
5.17506 2.18652
5.06063 3.93222
5.02004 2.44482
4.98984 2.96054
4.86586 2.85867
4.78561 1.74621
4.78472 3.86355
4.69884 3.78353
4.66181 4.20214
4.42509 2.86369
4.24342 3.09079
4.16494 2.76637
4.1187 3.33875
4.03568 3.00403
4.02108 2.85653
3.91404 4.12988
3.89268 3.08554
3.77722 3.04731
3.62494 3.19522
3.59734 3.84276
3.59316 4.14074
3.48046 3.73507
3.39884 4.92927
3.34747 3.81284
3.34518 4.64906
3.29095 4.77386
3.1987 3.26394
2.97273 4.02433
2.91805 5.50332
2.80314 3.85265
2.73847 4.55203
2.70891 4.12596
2.6972 3.82669
2.68407 5.81709
2.63218 4.15872
2.51818 5.53206
2.49287 4.32594
2.42723 3.83344
2.41785 4.38548
2.38658 6.81585
2.36341 6.42014
2.34693 4.74667
2.33842 4.36721
2.26274 6.30642
2.24449 4.42953
2.21584 5.08145
2.18888 4.1886
2.16429 3.78039
2.1197 5.02491
2.10441 4.01073
2.0564 4.62739
2.0185 6.07086
1.99604 4.91766
1.9783 5.80926
1.93201 5.9012
1.88185 6.44034
1.77196 4.52274
1.76325 5.74461
1.73767 4.34922
1.70411 5.04951
1.66078 6.01169
1.64669 6.17228
1.63181 4.83261
1.62818 5.03223
1.62293 6.38041
1.58861 5.64838
1.54896 4.9741
1.52533 5.19701
1.51359 5.22041
1.49614 7.68739
1.47955 7.53278
1.43922 5.79336
1.40035 6.03639
1.31286 7.40699
1.30452 6.76763
1.29696 6.49684
1.27542 5.26785
1.25564 6.87174
1.21171 6.50691
1.19627 5.69817
1.13939 7.99926
1.13633 5.53288
1.10106 4.70315
1.06724 7.70823
1.05239 4.81568
0.935352 8.09203
0.92826 5.67809
0.927275 8.03884
0.901703 7.25272
0.877233 8.50626
0.867627 6.58551
0.845802 8.14348
0.806231 7.71996
0.79663 8.72881
0.787891 5.61723
0.761226 8.63694
0.751352 6.10874
0.720322 6.02252
0.717188 5.50143
0.706012 8.38472
0.700697 6.46459
0.696172 7.5188
0.651916 8.16137
0.638991 6.96356
0.635562 6.32446
0.621858 7.48467
0.62121 5.74567
0.612323 8.59026
0.5842 6.32147
0.533375 6.31841
0.518593 6.48409
0.362648 10.0518
0.328097 8.65406
0.315892 8.73007
0.307332 7.8136
0.291399 7.52386
0.276672 7.65753
0.270184 7.01388
0.230348 8.06314
0.230096 6.51323
0.209783 6.87858
0.201179 8.86341
0.189828 9.80328
0.187405 10.2364
0.169974 7.79558
0.169382 7.01704
0.157744 8.62329
0.125384 6.86473
0.112735 10.453
0.10962 10.4483
0.0966008 8.86286
0.0859701 10.3429
0.0853032 10.7078
0.0777387 9.59977
0.0693786 7.71949
0.0693713 11.4499
0.0607804 7.66371
0.0365344 11.1123
0.0361764 8.55825
0.0346654 9.59055
0.0302281 10.227
0.0301416 10.93
0.028192 9.25016
0.0175995 8.40195
0.0117588 10.8244
0.00335199 7.71781
0.00299618 9.9499
0 0 0 0 1 
0 0 0 1 0 
0 0.549583 0.450417 0 0 
0 0 0.80137 0 0.19863 
0 0 0 0 1 
0 0 1 0 0 
0 1 0 0 0 
0.464258 0.254174 0 0 0.281568 
0 0 0 1 0 
0 1 0 0 0 
0 0 1 0 0 
0 0 0 1 0 
0.657802 0 0 0 0.342198 
0.162588 0 0 0.837412 0 
0 0.468452 0.274071 0 0.257477 
1 0 0 0 0 
0.460564 0.305233 0 0 0.234203 
0 0 0 0 1 
0 0 1 0 0 
0 0 1 0 0 
0 1 0 0 0 
0 0 0 1 0 
0 1 0 0 0 
0 0 0.896495 0.103505 0 
0 0.450073 0.549927 0 0 
0 0 0.397648 0.602352 0 
0 0.3996 0.6004 0 0 
0 1 0 0 0 
0 0 0.71153 0.28847 0 
0 0 0 0.255487 0.744513 
1 0 0 0 0 
0.31179 0 0.68821 0 0 
0 1 0 0 0 
0.364311 0.635689 0 0 0 
0.704615 0 0 0 0.295385 
0.331682 0.277097 0 0 0.391221 
0 0 0.475037 0.445089 0.0798742 
0 0 1 0 0 
0 1 0 0 0 
1 0 0 0 0 
0 1 0 0 0 
0 0 0 1 0 
0 0 0 1 0 
0 0 0.764287 0 0.235713 
0 0.622742 0.377258 0 0 
0 0 0 1 0 
0.39948 0 0 0.522264 0.0782561 
0 1 0 0 0 
0 0 0 0 1 
0 1 0 0 0 
0 0 0 0 1 
0.662997 0.175426 0 0.161577 0 
0 0.385125 0 0.614875 0 
0 0 1 0 0 
0.326336 0 0.365074 0 0.30859 
0 1 0 0 0 
0.69956 0 0 0.30044 0 
1 0 0 0 0 
1 0 0 0 0 
0.711147 0 0 0.288853 0 
0 0 0.271904 0.113887 0.614209 
0 0 0 1 0 
0 0 0 1 0 
0 0.2297 0 0.7703 0 
1 0 0 0 0 
1 0 0 0 0 
0 0 0 0.488359 0.511642 
0.48559 0 0 0 0.51441 
0 0 0 0 1 
0 1 0 0 0 
0 1 0 0 0 
0.645413 0.354587 0 0 0 
0.656553 0.343447 0 0 0 
0 0.849453 0.150547 0 0 
0 0 0 1 0 
0 0 0 1 0 
1 0 0 0 0 
0 0 1 0 0 
0 0 0 1 0 
0 0 1 0 0 
0 0 1 0 0 
0.611749 0 0.388251 0 0 
0 0 0 1 0 
0 1 0 0 0 
0 1 0 0 0 
1 0 0 0 0 
0 1 0 0 0 
0 1 0 0 0 
0 0 0 1 0 
0 0.470717 0 0.529283 0 
0 0 1 0 0 
0 0 0 1 0 
0.311436 0 0 0.688564 0 
1 0 0 0 0 
0 0 0 0 1 
0 0 0 1 0 
0 1 0 0 0 
1 0 0 0 0 
0 0 1 0 0 
0 0 1 0 0 
0 1 0 0 0 
0 0 1 0 0 
1 0 0 0 0 
0 0 1 0 0 
0 0 0 0.581838 0.418162 
0 0 0 0.461773 0.538227 
0 0 1 0 0 
0 0.600703 0 0 0.399297 
1 0 0 0 0 
0.177123 0 0.442152 0 0.380725 
0 0 0 0 1 
0 0 1 0 0 
0 0 0 1 0 
0 0 1 0 0 
0 0 0 1 0 
0 0 0 1 0 
0.459027 0 0.540973 0 0 
1 0 0 0 0 
1 0 0 0 0 
0 1 0 0 0 
0.844174 0 0 0.155826 0 
0 0 0 1 0 
0 0 0 1 0 
1 0 0 0 0 
0 0 0 0 1 
1 0 0 0 0 
0.73678 0 0 0.26322 0 
0 0 0 0 1 
0.305181 0.311589 0.278693 0.104537 0 
0 0.525912 0 0.474088 0 
0 0 0 0 1 
1 0 0 0 0 
0 0.396759 0 0 0.603241 
0 0 0 1 0 
0 0 1 0 0 
0.203668 0 0 0 0.796332 
0 0 0.206446 0.272819 0.520735 
0.587887 0.412113 0 0 0 
0 0 1 0 0 
1 0 0 0 0 
0 0 0 0 1 
0 0.615231 0 0.384769 0 
0.231034 0.473553 0 0.295413 0 
0 0 0 0 1 
0 0 0 0 1 
0.599338 0 0.167938 0.232724 0 
0 0 0.242613 0 0.757387 
1 0 0 0 0 
0 0 0.54584 0 0.45416 
0 1 0 0 0 
0.260909 0 0.739091 0 0 
0 0 0 0 1 
0 0 1 0 0 
0 0 1 0 0 
0.32046 0.0906363 0.217372 0 0.371532 
0 0.562025 0.437975 0 0 
0.790933 0 0 0.209067 0 
0 0 0.402015 0.597985 0 
0.5554 0 0 0.4446 0 
0 0 1 0 0 
0 0.288595 0.464148 0.247257 0 
1 0 0 0 0 
0 0 0 0 1 
0 0 0 1 0 
0 0.340367 0.659633 0 0 
0 0.280918 0 0.719082 0 
0.519739 0 0 0 0.480261 
0 0 0.114871 0.885129 0 
0 0 1 0 0 
1 0 0 0 0 
0 0.299021 0 0.700979 0 
0.469908 0.0906158 0.196707 0 0.24277 
0.25725 0.74275 0 0 0 
0 0 0.210552 0 0.789448 
0 0 0 1 0 
0.444792 0 0 0.555208 0 
0 0 1 0 0 
0 0 0 0 1 
0 0 1 0 0 
0 0 0 1 0 
1 0 0 0 0 
0 0 0 1 0 
0 0 0 0.719401 0.280599 
0.783826 0 0 0 0.216174 
0 0 0 0 1 
0 0 1 0 0 
0 0.577424 0 0 0.422576 
0 0 0 0 1 
0 0.509951 0 0 0.490049 
0 1 0 0 0 
0 0.565854 0.434146 0 0 
0.489603 0 0 0.207976 0.302421 
1 0 0 0 0 
0 0 0 0.238528 0.761472 
0.189766 0 0.387956 0.422277 0 
0 0 0 0 1 
0 0 0 0 1 
1 0 0 0 0 
0 0 0 1 0 
0 0 0 1 0 
