5 150
0.503807
0.673429
0.284776
0.551675
0.313128
11.1052 0.467764
10.9663 0.67683
10.507 0.900902
9.4697 0.105771
9.33829 0.786708
9.01791 0.207162
8.97261 0.912769
8.5123 0.833762
8.4561 0.685792
8.30422 1.67736
7.9294 0.780755
7.72664 0.379354
7.72084 1.58162
7.71646 0.983684
7.71424 0.231956
7.57047 0.158007
7.4815 2.1806
7.40955 0.461602
7.32874 0.853291
7.3266 0.377275
7.30749 0.338007
7.22356 0.297869
7.17028 1.47002
7.08957 0.387692
7.07438 1.92438
6.98403 0.607789
6.83533 1.06038
6.74379 1.7351
6.62529 3.02696
6.35592 1.22455
6.33547 0.882852
6.20929 1.61129
6.18588 1.50308
6.16533 1.61311
6.06968 2.70436
5.85097 2.23291
5.69938 2.01251
5.68274 2.25085
5.66139 2.98766
5.43979 1.79158
5.37112 2.00971
5.31627 1.99861
5.17756 3.60188
5.13014 4.06114
4.93772 3.85472
4.86699 2.40558
4.70975 3.39867
4.61139 2.86003
4.57964 2.93704
4.57385 3.71145
4.50579 2.98308
4.19816 4.25392
4.162 3.17174
4.12218 3.10471
4.07748 4.03676
4.00084 2.6832
3.96642 4.30225
3.96547 2.52066
3.92125 4.3101
3.90486 5.26514
3.88228 2.68136
3.79739 2.78127
3.75579 5.04365
3.52937 3.46171
3.4827 4.64497
3.42714 4.5127
3.37011 4.35889
3.21219 3.26851
3.16112 3.18459
3.15482 5.07462
3.06782 3.94845
3.00856 5.01457
2.83737 5.59835
2.78208 5.72548
2.74935 4.85056
2.51241 4.5902
2.47794 3.70191
2.41348 4.2139
2.36318 5.63272
2.20524 5.94264
2.18562 4.63167
2.09311 5.9046
2.02637 6.60871
2.01741 5.57965
2.00824 7.1432
1.94531 5.16213
1.77766 4.4151
1.77496 5.3467
1.75536 4.63361
1.68784 5.2408
1.66859 5.90586
1.62001 5.67398
1.46541 4.43025
1.37923 6.1949
1.31175 7.86797
1.25418 5.32519
1.25362 7.61971
1.15782 5.53906
1.13591 5.34942
1.1147 8.00729
1.08969 8.58238
0.986712 6.63112
0.984779 7.83841
0.922584 7.57006
0.809765 8.67773
0.784351 8.86946
0.770985 8.07068
0.749743 6.56033
0.728624 6.78471
0.720155 5.75217
0.682015 7.50085
0.670211 6.78971
0.641883 7.69092
0.640652 6.29671
0.617492 8.52173
0.565221 6.13334
0.563899 6.17594
0.552165 6.36725
0.54151 9.31837
0.522416 9.54859
0.472652 7.15406
0.466107 7.72738
0.465449 5.94292
0.461389 6.96093
0.370049 7.61513
0.34606 10.0778
0.309811 8.4627
0.30206 8.68128
0.281797 6.83727
0.273078 7.57946
0.253839 9.74487
0.236169 7.32215
0.21172 6.59904
0.197295 8.72721
0.166152 7.85967
0.164242 10.4852
0.126581 7.79737
0.105402 9.03545
0.102505 10.8712
0.101577 8.58254
0.082335 7.53517
0.0801146 7.75303
0.0612107 8.75046
0.0424991 10.5206
0.0266505 10.8153
0.0210298 11.6981
0.0158729 9.02779
0.00457289 10.5952
0.0035777 8.06547
0.00350752 8.78704
0 0 1 0 0 
0 0 0 0 1 
0 1 0 0 0 
0 0 1 0 0 
0 0 1 0 0 
1 0 0 0 0 
0 1 0 0 0 
0 1 0 0 0 
1 0 0 0 0 
0 0 0 0 1 
1 0 0 0 0 
1 0 0 0 0 
0 0 0 0 1 
1 0 0 0 0 
0 0 0 1 0 
0 0 1 0 0 
0 1 0 0 0 
0 0 0 0 1 
0 0 1 0 0 
0 1 0 0 0 
0 0 0 0 1 
0 1 0 0 0 
1 0 0 0 0 
0 0 0 1 0 
1 0 0 0 0 
1 0 0 0 0 
0 0 0 1 0 
0 0 1 0 0 
0 1 0 0 0 
0 0 0 0 1 
0 0 1 0 0 
1 0 0 0 0 
0 1 0 0 0 
0 0 0 0 1 
0 1 0 0 0 
0 1 0 0 0 
0 1 0 0 0 
1 0 0 0 0 
0 1 0 0 0 
1 0 0 0 0 
0 0 0 1 0 
1 0 0 0 0 
0 0 0 1 0 
0 0 0 0 1 
0 0 0 0 1 
0 0 0 0 1 
0 1 0 0 0 
0 0 1 0 0 
0 0 1 0 0 
0 0 1 0 0 
0 0 1 0 0 
1 0 0 0 0 
1 0 0 0 0 
0 1 0 0 0 
0 0 1 0 0 
0 1 0 0 0 
0 0 0 1 0 
1 0 0 0 0 
0 1 0 0 0 
0 1 0 0 0 
0 1 0 0 0 
0 0 1 0 0 
0 0 1 0 0 
0 0 0 1 0 
0 0 0 0 1 
0 0 0 0 1 
0 1 0 0 0 
1 0 0 0 0 
0 0 1 0 0 
0 1 0 0 0 
0 0 0 1 0 
0 0 0 0 1 
0 1 0 0 0 
0 0 0 1 0 
0 0 1 0 0 
0 0 0 0 1 
0 1 0 0 0 
0 1 0 0 0 
0 1 0 0 0 
0 0 1 0 0 
0 0 0 0 1 
1 0 0 0 0 
1 0 0 0 0 
0 0 1 0 0 
1 0 0 0 0 
1 0 0 0 0 
0 0 1 0 0 
0 0 0 1 0 
0 0 0 1 0 
0 0 1 0 0 
0 0 0 0 1 
0 0 1 0 0 
1 0 0 0 0 
1 0 0 0 0 
0 1 0 0 0 
0 0 0 0 1 
0 0 0 0 1 
0 1 0 0 0 
1 0 0 0 0 
0 0 1 0 0 
0 0 0 0 1 
0 0 0 0 1 
1 0 0 0 0 
0 0 1 0 0 
0 1 0 0 0 
1 0 0 0 0 
0 0 1 0 0 
1 0 0 0 0 
0 0 0 0 1 
0 0 0 1 0 
0 0 0 1 0 
0 0 0 1 0 
0 0 1 0 0 
1 0 0 0 0 
0 1 0 0 0 
0 0 0 0 1 
0 0 0 0 1 
0 0 1 0 0 
1 0 0 0 0 
0 0 1 0 0 
0 0 0 1 0 
1 0 0 0 0 
0 0 0 1 0 
0 0 0 0 1 
1 0 0 0 0 
1 0 0 0 0 
0 0 0 0 1 
0 1 0 0 0 
1 0 0 0 0 
1 0 0 0 0 
0 1 0 0 0 
0 1 0 0 0 
1 0 0 0 0 
0 1 0 0 0 
0 0 0 1 0 
0 0 1 0 0 
0 0 0 0 1 
0 0 0 1 0 
0 0 0 1 0 
0 1 0 0 0 
0 0 0 1 0 
0 0 0 1 0 
0 0 1 0 0 
0 0 0 0 1 
1 0 0 0 0 
0 1 0 0 0 
0 0 1 0 0 
1 0 0 0 0 
0 0 1 0 0 
0 0 0 1 0 
