5 200
0.43717
0.442953
0.405782
0.734634
0.372288
10.7597 0.567757
10.4379 0.397416
10.4367 0.1765
10.2256 0.450602
10.1235 0.486087
10.0965 0.589427
9.22889 0.725613
9.14968 0.681901
9.13396 1.16059
8.80632 1.87132
8.80328 1.53001
8.78337 0.785256
8.64646 1.45237
8.60614 0.216558
8.35521 1.11726
8.34865 0.353011
8.32855 1.74896
8.12232 1.43368
7.89576 0.115048
7.84987 0.54754
7.4437 1.07142
7.43891 0.897921
7.39359 0.784797
7.38578 2.22842
7.33197 1.67149
7.14424 2.19411
7.13846 1.43341
7.11234 1.96756
7.10151 1.10603
7.06326 0.75725
7.0216 1.74818
6.81372 2.80378
6.75139 2.11349
6.67621 0.849459
6.60106 0.585663
6.4605 1.4491
6.41651 1.77377
6.32852 1.88479
6.31933 3.04275
5.98008 2.22323
5.97276 2.84873
5.86311 1.61973
5.83672 1.68492
5.80373 2.18044
5.72732 2.18834
5.48196 2.5298
5.47108 2.14649
5.43666 2.22524
5.36735 1.75809
5.29034 2.55939
5.24103 2.40702
5.04535 3.22854
5.042 1.40826
4.94295 2.48244
4.91159 3.40098
4.80789 3.28441
4.77618 2.269
4.69078 2.61127
4.66912 2.65543
4.64519 1.88456
4.63574 4.10323
4.59829 3.01854
4.51144 4.26085
4.5096 3.53498
4.50189 2.06402
4.46644 2.51081
4.38171 4.21984
4.13088 2.79807
4.08543 3.56901
4.07283 2.20616
4.05078 2.40877
4.02147 2.99128
3.98015 2.98657
3.86357 4.33982
3.83289 3.78275
3.81246 3.4704
3.7611 4.44676
3.72832 5.08517
3.6843 3.41013
3.61044 4.27415
3.4749 2.84606
3.4735 5.27034
3.40356 3.96415
3.39878 3.37144
3.34408 3.89488
3.30921 2.71429
3.27656 3.52409
3.13917 4.59027
3.00029 3.17408
2.97356 4.34243
2.94624 3.57289
2.93058 4.19834
2.917 3.96136
2.75431 4.87664
2.72374 4.39839
2.71027 4.4175
2.68063 4.0671
2.67651 6.00742
2.65979 5.51317
2.65157 3.63984
2.53233 4.50765
2.50627 6.46161
2.50569 4.75174
2.50134 4.49913
2.42924 5.32743
2.35022 5.36028
2.34733 5.19965
2.29707 4.27846
2.28153 5.01124
2.23053 6.4272
2.2033 5.081
2.11097 5.72836
2.08611 5.94383
2.04728 4.97138
2.00185 4.73999
1.99389 5.64128
1.97839 4.20867
1.93752 6.76998
1.89131 6.11752
1.87821 4.29775
1.82817 5.0963
1.71998 6.31142
1.62516 4.65974
1.54289 6.23306
1.50261 7.05616
1.39292 5.57183
1.37732 6.51268
1.36359 5.38635
1.2918 6.99481
1.28751 5.87931
1.21931 4.68671
1.05623 7.74265
1.04652 5.0477
1.0447 6.2574
0.982131 8.39587
0.958517 6.68738
0.883378 5.89897
0.875433 5.69351
0.861751 7.33294
0.808724 8.69059
0.801367 7.11158
0.792919 5.97079
0.778381 7.63822
0.775731 9.02535
0.775623 8.23267
0.775124 6.15604
0.765342 8.74498
0.634065 6.47581
0.616456 9.3031
0.607941 7.20864
0.591172 8.93471
0.591088 8.77529
0.557505 7.77553
0.512762 9.29819
0.509297 6.08315
0.501091 9.54101
0.49055 8.69905
0.483473 7.42463
0.482533 7.17216
0.477267 8.2315
0.434294 9.16345
0.408852 7.2598
0.405489 6.84314
0.379157 9.08993
0.367312 8.31255
0.35276 9.77637
0.325244 7.43393
0.29899 9.8412
0.297455 6.38185
0.270116 7.7929
0.26755 7.54581
0.262067 7.62933
0.258629 9.69495
0.245997 6.69447
0.243514 7.13292
0.209915 7.89391
0.201812 7.50317
0.183977 10.209
0.175559 6.86837
0.17493 9.45388
0.17197 8.55203
0.0962108 11.0365
0.0958085 9.7779
0.0885277 8.35166
0.0766864 10.1966
0.0701211 7.95495
0.0412725 8.62764
0.0378181 8.80512
0.037422 9.25492
0.0242115 9.44172
0.0167398 10.5399
0.016497 11.6366
0.0157341 10.7846
0.0131316 9.12805
0.0117899 10.1047
0.00902581 9.78842
0.00714897 9.65491
0.00247741 12.1381
0.00152312 9.76143
0.00147839 11.8676
0 0 0 0.881701 0.118299 
0 0 0.62713 0 0.37287 
0 0.403777 0.596223 0 0 
0 0 0.705087 0.294913 0 
1 0 0 0 0 
0 0.369269 0 0.106699 0.524031 
0.501679 0 0 0.498321 0 
0.160577 0.138302 0.336612 0.186016 0.178494 
0 0 0 1 0 
0 0 0 0 1 
0.353519 0.32411 0 0 0.32237 
0 0 0.588643 0 0.411357 
0 1 0 0 0 
0.378553 0 0 0 0.621447 
0 0.259514 0 0 0.740486 
0 0.723698 0 0 0.276302 
0 0 0.374375 0.625625 0 
0 0 0.217686 0.44194 0.340373 
0.38833 0.233479 0.378191 0 0 
0 0 0 0.570495 0.429505 
0.27169 0.502092 0 0 0.226219 
0 0 0 0 1 
0 0.321524 0.242867 0.188795 0.246813 
0 0 1 0 0 
0.481802 0 0 0.110202 0.407995 
0 0 1 0 0 
0 0 1 0 0 
0 0 0.373878 0.0708801 0.555241 
0 0 0.156312 0.182529 0.661159 
0.220658 0.779342 0 0 0 
0 0 0.573623 0 0.426377 
0.435763 0 0.307334 0.256903 0 
0 0.521216 0 0.478784 0 
0.207781 0.394449 0.39777 0 0 
0 0 0 1 0 
0 0.455839 0 0 0.544161 
0 0.325883 0.274962 0 0.399155 
0.0830705 0.337618 0.579311 0 0 
0.466433 0 0.46861 0.064957 0 
0 0.437168 0 0 0.562832 
0.417441 0 0 0 0.582559 
0 0.111891 0.888109 0 0 
0 0 0 1 0 
0.48938 0.104731 0.163001 0.242887 0 
0 0 1 0 0 
0.626515 0.252925 0.12056 0 0 
0 0 1 0 0 
0.193661 0 0.459974 0 0.346365 
0.787775 0 0 0 0.212225 
0 0 0 1 0 
0 0 0 0 1 
0 0.691988 0 0 0.308012 
0 0 0.699221 0.300779 0 
0.22796 0 0.77204 0 0 
0.571496 0 0.142903 0 0.285601 
0 0 0 1 0 
0.354995 0.323867 0 0 0.321137 
0 0 0.409556 0.281696 0.308748 
0.782182 0.217818 0 0 0 
0.456576 0.543424 0 0 0 
0.175956 0.509282 0 0.314762 0 
1 0 0 0 0 
0 0 0 1 0 
1 0 0 0 0 
0.348109 0 0 0.651891 0 
0 0 0 0 1 
0 1 0 0 0 
1 0 0 0 0 
0 0.656131 0 0.343869 0 
0 0.706061 0 0.293939 0 
1 0 0 0 0 
0.230864 0 0 0.415047 0.354088 
0.215461 0 0 0.784539 0 
0 1 0 0 0 
0 0 0 1 0 
1 0 0 0 0 
0 0 0 1 0 
0 0.454679 0.545321 0 0 
0.478949 0 0 0.521051 0 
1 0 0 0 0 
0 0 0 1 0 
0.144818 0.372564 0.482618 0 0 
0 0.759355 0 0.240645 0 
0 0 0 1 0 
0 0 0 1 0 
0 0 0 0 1 
0.449662 0.550338 0 0 0 
0 0 1 0 0 
0.75727 0 0.242731 0 0 
0 1 0 0 0 
0 0 0 0 1 
0 0.551532 0.448468 0 0 
0 0 1 0 0 
0.404044 0 0.302827 0 0.293129 
0.670745 0 0.329255 0 0 
0.310943 0.240149 0.197809 0.251099 0 
1 0 0 0 0 
0.310562 0.258712 0.430726 0 0 
1 0 0 0 0 
0.209903 0 0.790097 0 0 
0.523569 0 0 0 0.476431 
0.148669 0 0 0.14864 0.70269 
0 1 0 0 0 
0 0.318591 0.145625 0.390451 0.145334 
0 0 0.774308 0.225692 0 
0 1 0 0 0 
0.418566 0.169712 0 0.411722 0 
0.231283 0 0.768717 0 0 
0.520639 0.479361 0 0 0 
0 0.176589 0 0.344913 0.478497 
0 0 1 0 0 
0.335754 0 0 0.664246 0 
0 0.327536 0 0 0.672464 
0 0.630405 0 0 0.369595 
0 0.594048 0 0.405953 0 
1 0 0 0 0 
0.475179 0 0 0.52482 0 
0.411926 0 0 0 0.588074 
0 0.478201 0 0.521799 0 
0 0.537016 0.0849466 0.378038 0 
0.213145 0.316191 0.167335 0.144815 0.158513 
0 0 0.384807 0.294152 0.321041 
0 0 0.506734 0.493266 0 
0 0 0.181967 0 0.818033 
0.340367 0.511912 0.147721 0 0 
0.168701 0.0622008 0 0.382447 0.386652 
0 0 0 0.863746 0.136254 
0 0 0 1 0 
0 0 0.295862 0.704138 0 
0.333408 0.306593 0 0 0.359999 
0 0.427318 0.348939 0 0.223743 
0.642015 0 0 0.357985 0 
1 0 0 0 0 
0 1 0 0 0 
0 0 0 1 0 
0.267791 0 0 0.732209 0 
0 0.405163 0 0.499527 0.09531 
0 0 0 0.434715 0.565285 
0 0.491399 0.508601 0 0 
0 0 0 0 1 
0 0 0.366736 0 0.633264 
0.475177 0 0.524823 0 0 
0 0 0 1 0 
1 0 0 0 0 
0 1 0 0 0 
1 0 0 0 0 
0.700257 0 0 0 0.299743 
0 0 0 1 0 
1 0 0 0 0 
0 0 1 0 0 
0 0 0 0 1 
0 0.489378 0 0.510622 0 
0.590666 0 0.409334 0 0 
0.462427 0 0 0.476539 0.0610341 
0.10578 0.563852 0 0.330368 0 
0 0 0 0.347774 0.652226 
0.38825 0 0.61175 0 0 
0.565798 0.434202 0 0 0 
0.585721 0 0.140241 0 0.274038 
0.612234 0 0 0 0.387766 
0 0 0 0 1 
1 0 0 0 0 
0 0 0 1 0 
0.282685 0.390348 0 0.326967 0 
0 0 0.687407 0 0.312593 
1 0 0 0 0 
0 0 0 1 0 
0.601754 0 0.398246 0 0 
0 0 0 0.611865 0.388135 
0.335927 0.153618 0.137129 0.373327 0 
1 0 0 0 0 
0.413625 0 0 0 0.586375 
0 0 0 0 1 
0 0.675418 0 0.324582 0 
0 1 0 0 0 
0.579803 0 0.346719 0 0.0734784 
0 0.433358 0.467696 0.0989459 0 
0 0.495322 0 0 0.504678 
0.763339 0 0 0.236661 0 
0 0 0 0.547552 0.452448 
0 0.509644 0 0.490356 0 
0 0 1 0 0 
0 0.655779 0 0.344221 0 
0.225176 0.176609 0.598215 0 0 
0 0 0 1 0 
0.676227 0.323773 0 0 0 
0 0.569514 0.111668 0.185408 0.13341 
0.515725 0.207716 0 0.276559 0 
1 0 0 0 0 
0 0.791283 0.208717 0 0 
0.115637 0.353604 0 0.376696 0.154063 
0 0 1 0 0 
0.0601401 0.419354 0 0.520506 0 
0.16471 0.0787496 0.75654 0 0 
0.392129 0 0 0.607871 0 
0 0 0 0.344495 0.655505 
0.12538 0 0 0.669445 0.205175 
0 0 0.70462 0.29538 0 
0.41443 0 0.416841 0 0.168729 
0.629229 0 0 0.370771 0 
