5 100
0.529229
0.68994
0.651227
0.621502
0.345248
9.73022 0.786116
9.5997 0.835195
9.24874 1.12284
8.9837 0.24363
8.67282 1.22255
8.50223 1.43944
8.25623 0.776907
8.14152 0.104724
8.06807 1.19468
7.98623 0.114113
7.78891 0.810644
7.7283 0.424794
7.61017 0.659219
6.95377 2.72795
6.76229 2.12975
6.65723 1.21464
6.40692 2.69108
5.81595 2.81166
5.72355 2.07796
5.54378 1.77491
5.41519 3.34498
5.40561 2.92345
5.15614 1.7887
4.92167 1.89001
4.58446 2.6657
4.58429 3.50385
4.52138 3.4581
4.42816 2.48101
4.39457 2.75899
4.38237 2.91253
4.24389 3.43543
4.22339 2.52049
4.17656 3.76188
4.08491 2.57268
3.86504 3.22833
3.73963 3.84342
3.6976 4.87955
3.49555 3.70247
3.38919 4.85738
3.21157 5.06873
3.17848 3.37129
3.1664 5.14182
2.89409 5.40018
2.78077 4.43317
2.75064 5.17826
2.73542 4.02123
2.42861 5.75871
2.37298 6.16403
2.36365 4.56955
2.31992 4.88453
2.26629 5.16556
2.1185 5.85916
2.11465 5.61969
1.99822 7.30742
1.92469 4.49943
1.90379 4.66118
1.83569 5.06621
1.81779 4.84082
1.78391 5.73189
1.65644 4.98066
1.5463 5.27828
1.44317 5.43527
1.32136 5.81316
1.30967 6.46127
1.25133 5.60727
1.22974 5.71265
1.12608 4.72167
1.06254 6.91371
1.0543 7.82057
0.901901 7.22341
0.900732 8.4757
0.893293 8.09654
0.866319 8.62545
0.838747 7.47036
0.756857 7.18003
0.613254 7.18866
0.599218 6.37479
0.595185 8.62046
0.575361 7.01253
0.569808 7.09222
0.481845 8.74788
0.474929 9.30583
0.394581 6.1814
0.372504 7.26092
0.288079 7.5403
0.279685 7.80227
0.199097 7.54135
0.14019 10.9386
0.0972378 11.0181
0.0956748 9.3958
0.0809201 7.24918
0.0766278 9.19735
0.0472894 11.1816
0.0433426 9.3182
0.0264866 8.62851
0.0236427 11.1641
0.0124378 9.18642
0.0115236 9.61233
0.0109027 7.95134
0.00211966 8.28176
0.404288 0 0 0 0.595712 
1 0 0 0 0 
1 0 0 0 0 
0 0 0 0 1 
0 0 0 0 1 
0 0 1 0 0 
0 0 0 0 1 
1 0 0 0 0 
0 0 1 0 0 
0 0 0 0 1 
0 0 1 0 0 
0.398228 0 0.601772 0 0 
0 0 0 1 0 
0 0.26101 0 0.73899 0 
0 0 0 0 1 
0 0 1 0 0 
0 0 0 0.319781 0.680219 
0.688244 0 0.311756 0 0 
0.863706 0 0 0.136294 0 
0 1 0 0 0 
0 0 1 0 0 
0 0 0 1 0 
0 0 0 1 0 
0 0 0 1 0 
0 1 0 0 0 
0 0.497735 0.502264 0 0 
0.512601 0.487399 0 0 0 
0 1 0 0 0 
0.571287 0 0 0.428713 0 
0 0.703848 0.296152 0 0 
0.16151 0.273716 0 0.252476 0.312298 
0 0 1 0 0 
0.369456 0 0.160022 0 0.470522 
0 0.178048 0.610477 0 0.211475 
0.396752 0 0 0.451334 0.151914 
0.513492 0 0.360274 0.126234 0 
1 0 0 0 0 
0.310347 0 0.261025 0 0.428628 
0 0 0 1 0 
0 0 1 0 0 
0 0 1 0 0 
0 0 0 1 0 
0.559161 0 0 0 0.440839 
0 0 0 1 0 
0 0.706685 0 0 0.293315 
1 0 0 0 0 
0 0 1 0 0 
0 0 0 1 0 
0.54417 0 0 0 0.45583 
0 0.269432 0.730568 0 0 
0 1 0 0 0 
1 0 0 0 0 
1 0 0 0 0 
0 1 0 0 0 
0 1 0 0 0 
1 0 0 0 0 
0 0 0.507954 0.492047 0 
1 0 0 0 0 
1 0 0 0 0 
0.443427 0 0.22507 0.331503 0 
1 0 0 0 0 
0 0.466369 0 0 0.533631 
0.372112 0 0.627888 0 0 
0.165516 0.834484 0 0 0 
0 0 0 1 0 
0 0 0 1 0 
0 0 1 0 0 
0 0 0.55484 0.44516 0 
0 0 0 0 1 
1 0 0 0 0 
0 0.0697155 0 0.397339 0.532945 
0 0 1 0 0 
0 0 0 1 0 
1 0 0 0 0 
0.0750472 0.241218 0.28239 0.401346 0 
0 0 1 0 0 
1 0 0 0 0 
0 0 0 0 1 
0 0.378522 0.621478 0 0 
0.546723 0.453277 0 0 0 
0 1 0 0 0 
0 1 0 0 0 
0 0 0 0.495256 0.504744 
0 0 0 1 0 
0.323755 0 0.676245 0 0 
0 0 1 0 0 
0 0 0 1 0 
0 0 0.689174 0 0.310826 
1 0 0 0 0 
0 0 1 0 0 
0 0 0 1 0 
0.403962 0.596038 0 0 0 
1 0 0 0 0 
1 0 0 0 0 
0 0.420077 0.579923 0 0 
1 0 0 0 0 
0.233056 0.137258 0.351882 0.277804 0 
0 1 0 0 0 
0 0 0.403086 0.596914 0 
0 0 0 0 1 
