5 150
0.529641
0.291704
0.465094
0.537667
0.377476
10.6087 0.475485
10.331 0.698576
10.0771 0.517036
9.76756 0.205692
9.70175 0.874174
9.57731 0.751243
9.29962 0.954322
8.91905 1.06683
8.87548 1.11752
8.59423 0.149919
8.50569 0.682494
8.42428 1.05943
8.39614 1.24816
8.29502 1.77168
8.27442 2.03568
8.09421 1.63393
8.02133 0.68453
8.01246 0.961683
8.00047 2.15454
7.92307 2.12645
7.64125 1.70025
7.54203 0.357032
7.39997 0.0926005
7.36069 0.685217
7.30841 0.873544
7.26577 2.22038
6.84648 1.85688
6.80422 2.24405
6.75514 0.614305
6.71104 0.738595
6.68231 2.55245
6.66128 1.13879
6.4112 1.32191
6.16774 2.18167
5.67296 1.55519
5.64583 1.5772
5.63789 3.51601
5.62996 2.4265
5.56075 2.26059
5.49728 2.0043
5.38585 3.20099
5.38554 3.44309
5.35447 2.35
5.35355 2.67106
4.94368 3.46467
4.72796 1.95734
4.51972 2.46704
4.51966 2.67906
4.23386 3.35585
4.18461 3.53735
4.17736 4.7154
4.13775 4.08963
4.06676 4.43316
3.97873 3.50424
3.74168 5.18077
3.73378 4.24053
3.67552 3.83114
3.63676 3.50047
3.60038 2.94995
3.49158 4.47033
3.48268 3.83855
3.47488 2.61108
3.47168 3.73171
3.39116 3.16468
3.37375 4.67209
3.33699 3.78804
3.20201 3.16961
3.13833 5.71031
3.13128 3.80484
3.12629 4.31215
3.03714 3.78582
2.50866 5.21503
2.37845 4.08621
2.34599 4.66121
2.33111 5.68139
2.28941 4.90888
2.21995 5.7573
2.11627 5.24543
2.07456 6.21473
2.07364 6.43106
2.05419 5.5357
2.02563 4.91022
1.99449 6.54072
1.95901 5.43165
1.95774 6.92737
1.94518 6.55271
1.91677 6.18659
1.88093 4.52957
1.7899 5.04285
1.75822 4.92214
1.69858 6.62735
1.68024 4.86786
1.65816 4.13068
1.55601 5.37258
1.5272 7.26618
1.46428 6.60175
1.4573 4.9537
1.41885 5.72308
1.40433 5.56626
1.3666 7.15488
1.33605 5.83073
1.30915 6.21587
1.2987 5.19708
1.17159 5.61988
1.07556 7.54964
1.05398 7.94087
1.02202 7.57781
1.0122 5.5217
0.969197 6.89221
0.937215 8.03844
0.924119 5.55991
0.911313 6.02879
0.902925 6.63786
0.896375 5.96683
0.844559 5.20423
0.840891 7.68501
0.832595 9.1226
0.828001 8.73491
0.821118 7.83235
0.71292 7.78137
0.709465 8.63868
0.692318 6.30075
0.684094 5.61361
0.646338 7.41092
0.569916 7.22983
0.508002 6.04544
0.420227 8.5417
0.373657 8.08851
0.326758 9.07984
0.319564 6.64335
0.302229 7.06187
0.235565 9.61567
0.225394 10.0693
0.209095 9.88741
0.138392 9.06241
0.126255 8.73155
0.0809295 8.44058
0.0782699 10.8836
0.0705625 10.4609
0.0456367 8.04487
0.0379968 10.0265
0.0369347 7.55775
0.0216159 7.68439
0.0167741 7.43004
0.0138671 8.79972
0.0137995 10.6297
0.0137158 8.87944
0.00971465 7.30722
0.00839564 11.5347
0.00230892 12.2495
0.829399 0.170601 0 0 0 
0 1 0 0 0 
0 0.58686 0 0.41314 0 
0.733243 0 0 0.266757 0 
0 0 1 0 0 
0.101054 0.182149 0 0.0751066 0.641691 
0 0 1 0 0 
0 0 0.554033 0 0.445967 
0 0.40715 0 0 0.59285 
0.594136 0.0899002 0 0 0.315963 
1 0 0 0 0 
0.324236 0 0.341487 0 0.334277 
0.477389 0 0 0 0.522611 
0.0965447 0.315496 0.266709 0 0.321251 
0.424936 0 0.514551 0.060513 0 
0.0703008 0 0.13566 0.302504 0.491535 
0.617268 0 0 0 0.382732 
1 0 0 0 0 
0 0.600972 0 0 0.399028 
0.333376 0 0.207879 0 0.458745 
0.779125 0.220875 0 0 0 
0.624819 0 0 0.375181 0 
0 0 0 0.450275 0.549725 
0.518107 0 0.481893 0 0 
0 0.475356 0.524644 0 0 
0.44284 0.111043 0 0 0.446117 
0.175745 0 0 0.580016 0.244239 
0 0 0.432029 0.567971 0 
0 0.168704 0 0.831296 0 
1 0 0 0 0 
0.353548 0 0.181738 0 0.464714 
0.469861 0 0 0.530139 0 
0 0 0.417201 0.582799 0 
0 0 0.532476 0 0.467524 
0 0.698064 0.301936 0 0 
0 0 0 1 0 
0.666053 0 0 0 0.333946 
0 1 0 0 0 
0 1 0 0 0 
0 1 0 0 0 
0 0 0.551394 0 0.448606 
0 0.251482 0 0.748518 0 
0.674045 0 0.325955 0 0 
0.294088 0.243499 0 0.462413 0 
0 0.272771 0.267245 0 0.459984 
0 0 0.846738 0 0.153262 
0 0 0.212398 0.787602 0 
0 0.216692 0 0.419606 0.363702 
0 1 0 0 0 
0 0 0.570926 0.429074 0 
0.461016 0.324778 0 0 0.214206 
0 0 1 0 0 
0 0 0.275766 0 0.724234 
0.587398 0 0 0 0.412602 
0 0 1 0 0 
0.712836 0 0 0.127375 0.159789 
0 0.253324 0 0.116838 0.629838 
0.897406 0 0 0 0.102594 
0 0.4148 0.160637 0 0.424564 
0 0 1 0 0 
0 0 0 0 1 
0 1 0 0 0 
0 0 0.217257 0.346197 0.436547 
0 0 1 0 0 
1 0 0 0 0 
0.435557 0 0 0 0.564443 
0 0 0 0.752358 0.247642 
0 0.468557 0 0.531443 0 
0.333274 0 0 0.666726 0 
0 0.165304 0.730394 0 0.104302 
0.107044 0.193994 0 0.370084 0.328877 
0.164386 0 0 0.207635 0.627979 
0 0 0.399539 0.163344 0.437117 
0 0.718777 0 0.281223 0 
1 0 0 0 0 
0.692451 0 0.307549 0 0 
1 0 0 0 0 
0 0 0.303377 0 0.696623 
0.325464 0.19239 0.141212 0.340935 0 
0 1 0 0 0 
0.706276 0 0 0.293724 0 
0 0 1 0 0 
0.513074 0 0 0.486926 0 
0 0.509794 0.490206 0 0 
0.543827 0 0 0 0.456173 
0.473067 0 0.526933 0 0 
0.641492 0 0 0.358508 0 
0.743404 0.256596 0 0 0 
0 0 1 0 0 
0 1 0 0 0 
0 0 1 0 0 
0 0.427404 0.572596 0 0 
0.0915508 0.131554 0.332851 0.0634792 0.380565 
0.786284 0 0 0.213716 0 
0 0.811953 0.188047 0 0 
0.318769 0.607365 0 0 0.0738653 
0 1 0 0 0 
0 0 0.594944 0 0.405056 
0.326068 0 0 0.673932 0 
0 0.318119 0.681881 0 0 
0 0.189591 0 0.810409 0 
0.152194 0.753676 0 0.0941302 0 
0 1 0 0 0 
0 0.847546 0.152454 0 0 
0 0.727231 0 0.272769 0 
0 0 0.369769 0 0.630231 
0 0.35348 0.536654 0.109867 0 
0 0 0 0 1 
0.401154 0.598846 0 0 0 
0 0 1 0 0 
0 1 0 0 0 
0.402258 0 0 0.096334 0.501408 
0.733631 0 0.266369 0 0 
0.481554 0 0.434589 0.0838575 0 
0.48227 0.243519 0 0 0.274211 
1 0 0 0 0 
0 0 1 0 0 
0 0 0 0.203966 0.796034 
0 0 1 0 0 
0.365976 0.159665 0 0.474359 0 
1 0 0 0 0 
0.82952 0 0 0 0.17048 
0 0.424353 0 0 0.575647 
0.38597 0.302149 0 0.31188 0 
0 0 0.77486 0.22514 0 
0 0 0 0.265432 0.734568 
0 0 1 0 0 
0.640149 0 0 0 0.359851 
0 0 0 0 1 
0 1 0 0 0 
0 0 0 0 1 
0 0.678106 0.321894 0 0 
0.397498 0 0.213923 0 0.388579 
0 0 0 1 0 
0 1 0 0 0 
0.710583 0 0 0.289417 0 
0 0.356716 0.0846688 0.258866 0.299749 
0.522503 0 0 0.477497 0 
0 0.465727 0.328184 0 0.206089 
0 0 0 0.549702 0.450298 
0.818716 0 0.181284 0 0 
0 0 0 0 1 
0 0 0 0.351364 0.648636 
0 0 0 1 0 
0.507988 0 0.492012 0 0 
1 0 0 0 0 
0 1 0 0 0 
0 0.22331 0.278964 0.497726 0 
0 0.191496 0 0.212351 0.596153 
1 0 0 0 0 
