5 150
0.395833
0.635113
0.457617
0.446066
0.632031
11.8939 0.0794951
10.8406 0.653017
10.3738 0.1916
10.291 0.256481
10.0465 0.168043
8.21216 1.52143
7.99328 1.21707
7.90561 1.14496
7.78473 0.287034
7.74918 1.09808
7.72998 0.254405
7.70495 0.49721
7.61492 0.999224
7.6108 0.993994
7.47333 2.43235
7.28089 0.364034
6.85061 2.12098
6.82729 2.01679
6.67345 0.715228
6.61405 1.83609
6.44149 2.41997
6.38345 1.44962
6.15503 1.48866
6.09918 3.2615
6.08688 1.46421
5.908 2.77798
5.8549 2.51083
5.79471 3.433
5.55588 2.63588
5.51747 3.21368
5.4345 2.53698
5.38234 3.48173
5.30256 2.58303
5.16275 2.86259
5.14417 3.1462
5.01428 2.06636
4.73067 2.72502
4.70921 2.89321
4.63732 2.94341
4.47045 3.6748
4.43943 3.25991
4.21811 2.37906
4.03862 3.44644
4.02498 3.23787
4.00302 2.49546
3.96836 3.18077
3.80171 3.76409
3.71803 5.25668
3.63153 3.45114
3.59332 2.93829
3.59265 3.27761
3.57936 4.88296
3.46602 5.30972
3.44625 4.28684
3.40605 5.02483
3.36013 3.3141
3.3 3.3708
3.18003 4.10802
3.17744 4.06697
3.17121 4.20349
3.10683 4.50634
3.07911 5.59238
3.05993 5.69254
3.01278 6.20562
2.91881 4.63451
2.73887 3.90084
2.67854 4.55807
2.62212 5.69751
2.60378 4.76292
2.50657 4.95827
2.42337 3.62041
2.39043 5.55005
2.38108 6.82779
2.28628 6.52254
2.26665 5.1443
2.10552 6.52105
2.01564 5.50583
1.92835 5.98488
1.84546 5.08293
1.73177 5.725
1.72182 4.76898
1.66356 6.10228
1.65762 5.02241
1.64569 6.28507
1.63634 7.26481
1.60563 5.07856
1.59295 5.3828
1.58418 4.36053
1.55676 5.11194
1.55358 6.76139
1.4859 4.60811
1.46251 7.2397
1.43047 5.38205
1.33696 6.07691
1.29024 5.49965
1.25149 6.57887
1.24884 7.88677
1.17607 6.22617
1.13232 5.9358
1.05444 6.21281
1.04532 8.26682
1.00697 5.43218
0.958784 6.34773
0.956628 5.11767
0.955775 7.62503
0.924315 6.64524
0.911605 6.72448
0.889852 6.67529
0.874721 6.78068
0.853728 7.67107
0.826372 6.55442
0.807589 5.63088
0.777161 8.04521
0.774937 5.6196
0.766467 8.51116
0.646399 7.46714
0.510869 6.29515
0.509625 8.35001
0.501209 6.13175
0.442351 7.899
0.428369 9.07576
0.398951 9.4573
0.341472 7.56212
0.311581 7.02887
0.215458 7.20547
0.214717 7.6495
0.155344 6.87157
0.142602 6.95635
0.13881 7.79668
0.134548 10.1829
0.126079 7.1759
0.100169 10.53
0.0945067 10.4197
0.0877071 8.37993
0.0826346 9.53739
0.078829 6.81571
0.0662634 11.3584
0.0438542 11.259
0.040081 9.70415
0.040025 9.76278
0.0366388 7.58118
0.0346871 7.32029
0.0345466 8.46803
0.0293402 11.749
0.0283165 9.05322
0.0247311 8.16906
0.0161662 9.58467
0.00915995 11.4811
0.005162 11.5607
0.00124653 9.13467
0.129687 0 0.386056 0.0824274 0.40183 
0.362931 0 0.254451 0.268468 0.11415 
0 0 0.72687 0 0.27313 
0.254733 0.193365 0.551902 0 0 
0 0.442172 0 0.557828 0 
0.338817 0.371064 0.0492863 0.165245 0.075587 
0.214344 0.177602 0.216296 0.152176 0.239581 
0.405829 0 0 0.59417 0 
0 0 0.300979 0.368617 0.330404 
0.473221 0.175737 0 0 0.351042 
0.0790972 0.537999 0 0.382904 0 
0 0.301331 0.313897 0.219177 0.165595 
0 0.309882 0.426453 0.13279 0.130875 
0.292123 0.0598095 0.157014 0.274273 0.216781 
0.133512 0.293787 0.157042 0.2781 0.137559 
0.260994 0.385848 0 0 0.353158 
0.300691 0.193459 0.50585 0 0 
0 0 0 1 0 
0 0.471617 0.528383 0 0 
0.537087 0.160715 0.19937 0.102828 0 
0 0.479889 0 0.520111 0 
0.193012 0.281498 0.334317 0.191173 0 
0 0.268263 0.202241 0.529496 0 
0 0 0 1 0 
0.384061 0.196241 0.419698 0 0 
0 0 0.309811 0.544424 0.145765 
0.35866 0.346161 0 0.0530638 0.242115 
0 0 0 0 1 
0.471477 0.315436 0 0 0.213087 
0.220129 0.13222 0.316802 0.33085 0 
0.39676 0 0.60324 0 0 
0.203385 0.353228 0.443387 0 0 
0.11906 0.389043 0.312433 0.179464 0 
0.240285 0 0.759715 0 0 
0 0.339574 0.582868 0 0.0775573 
0.130138 0 0 0.538918 0.330944 
0.362966 0 0 0.637034 0 
0 0.571967 0 0.428033 0 
0 0 0.463925 0.184661 0.351414 
0 0.0984036 0.368761 0.309039 0.223796 
0.395918 0.604082 0 0 0 
0.160316 0.36787 0.277334 0 0.19448 
0.225071 0.240883 0.223743 0.243272 0.0670301 
0 0.726868 0 0 0.273132 
0 0 0.370836 0.442872 0.186292 
0 0.589695 0 0 0.410305 
0 0.0606881 0.529133 0.410179 0 
0 0.438064 0.24638 0.315556 0 
0 0.701302 0 0.298698 0 
0 0.34323 0.65677 0 0 
0.255937 0.505391 0 0.149483 0.0891892 
0.666346 0 0 0.333654 0 
0.0999616 0.104746 0.603861 0.191432 0 
0.218981 0 0.229837 0.448583 0.1026 
0.724903 0.0965936 0 0.178503 0 
0.0808472 0.211422 0.272058 0.290231 0.145442 
0.0984207 0.13105 0.425759 0.186831 0.157939 
0.154941 0.378216 0.301413 0 0.16543 
0.328937 0.274292 0.255734 0.141037 0 
0.36105 0.306428 0.258004 0.0745179 0 
0.419271 0 0.338105 0 0.242624 
0.154978 0 0.511163 0.33386 0 
0 0.140451 0.237622 0.204687 0.417239 
0 0.130484 0.305154 0.272417 0.291945 
0.276922 0.325411 0.131725 0.265941 0 
0 0 0 0.260968 0.739032 
0.79862 0 0 0.20138 0 
0.345024 0 0 0.231889 0.423087 
0.481044 0 0 0 0.518956 
0.302394 0 0.385171 0.0729065 0.239528 
0.323771 0.177465 0.268233 0 0.230531 
0.100857 0.264415 0.35786 0.276868 0 
0.105563 0.223752 0.399352 0 0.271334 
0.453436 0.546564 0 0 0 
0 0 0 0.62199 0.37801 
0 0.29272 0.377412 0.100912 0.228956 
0.376695 0 0.385743 0.237562 0 
0 0.470318 0 0 0.529682 
0.293079 0.301105 0.147625 0 0.258191 
0.131428 0.0740291 0.628564 0.165979 0 
0.0852986 0.32918 0.13452 0 0.451002 
0.221691 0.184264 0.275311 0.318734 0 
0 0 0.318678 0.513307 0.168015 
0.0477462 0.426896 0.235164 0 0.290194 
0 0.133916 0.135115 0.494766 0.236202 
0.711832 0 0.288168 0 0 
0 0.384273 0.42696 0 0.188768 
0 0 1 0 0 
0 0.379447 0.620553 0 0 
0.246184 0 0 0.753816 0 
0.32325 0.297027 0 0 0.379723 
0.111312 0.360186 0.314521 0 0.213982 
0.0725055 0 0.447925 0.47957 0 
0 0.695098 0.304902 0 0 
0.353618 0.201592 0.44479 0 0 
0.325608 0.344277 0.273953 0.0561609 0 
0.166387 0.094228 0 0.33534 0.404045 
0 0.61611 0 0.38389 0 
0 0 0 0.609116 0.390884 
0.364028 0.395288 0.240685 0 0 
0.174473 0 0.118649 0.364403 0.342476 
0 0.417379 0.143543 0.291831 0.147247 
0.268618 0.0585317 0.279575 0.393276 0 
0 0.713969 0.0972025 0.188829 0 
0 0 0.375787 0.451905 0.172308 
0 0 0 0 1 
0 0.118879 0.333918 0 0.547203 
0 0.233462 0.273984 0.324365 0.168189 
0 0.393407 0 0.606593 0 
0.260495 0.739505 0 0 0 
0.305745 0.429997 0 0.264259 0 
0 0.23038 0.372622 0 0.396998 
0 0 0.305614 0 0.694386 
0.208681 0.0512288 0.387037 0.353053 0 
0 0 0.296333 0.703667 0 
0 0 1 0 0 
0.342341 0.657659 0 0 0 
0.66488 0 0 0 0.33512 
0.428807 0.137985 0 0 0.433208 
0.586353 0 0 0.413647 0 
0.660078 0 0 0 0.339922 
0 1 0 0 0 
0 0.40168 0.117385 0.297749 0.183186 
0.147385 0.267763 0.299609 0.285243 0 
0.277819 0.251612 0.162456 0 0.308113 
0.388446 0 0.124433 0 0.487121 
0.405993 0 0.594006 0 0 
0 0 0 0.47235 0.52765 
0 0 0 1 0 
0 1 0 0 0 
0.115548 0 0.638846 0 0.245607 
0 0 0.605461 0.306781 0.0877582 
0.291669 0.40773 0.184412 0.116189 0 
0 0.62106 0 0 0.37894 
0 0 0.532973 0 0.467027 
0.152001 0.254418 0.330662 0 0.262919 
0.608506 0.109604 0 0.28189 0 
0 0.127501 0.381532 0.151907 0.339059 
0.341207 0.295921 0 0 0.362873 
0.171553 0 0.142544 0 0.685902 
0.497098 0 0.502902 0 0 
0 0 0 1 0 
0.310179 0.170724 0.2855 0.233597 0 
0 0 0.721976 0.278024 0 
0 0.386051 0.179663 0 0.434286 
0.439967 0 0.177 0.383033 0 
0.383774 0.47916 0 0 0.137066 
0.285129 0.231611 0 0.282952 0.200308 
0.201575 0.115421 0.461341 0 0.221663 
0.72265 0 0 0 0.27735 
