5 50
0.574641
0.540613
0.680387
0.415319
0.695753
11.4143 0.193391
11.2269 0.32657
10.9939 0.367341
9.99314 1.17114
9.68201 0.746154
8.4611 0.544484
6.67794 2.73562
6.4725 2.68671
6.25281 3.21962
5.9148 2.29882
5.05803 4.08253
5.03673 3.82581
4.2316 3.09188
4.04998 3.35751
3.83066 4.24326
3.81647 3.32508
3.77277 3.41453
3.77002 3.38343
3.56154 3.6231
3.35908 4.94487
3.2215 4.82844
3.19813 4.18471
2.93947 5.06991
2.67198 4.13824
2.65117 5.2558
2.13269 6.09969
1.78918 4.9647
1.27721 4.74791
1.12264 6.59863
0.905746 6.22667
0.759855 9.19437
0.632261 6.40466
0.54212 8.73872
0.507913 7.18116
0.498161 8.19562
0.349666 8.52293
0.3133 8.55037
0.310391 7.35251
0.290063 9.63603
0.20608 9.16192
0.202592 7.92244
0.174459 10.4829
0.15926 10.6508
0.0853813 7.38436
0.0473473 7.99193
0.0271027 9.19069
0.0162715 10.1967
0.00829055 7.48745
0.00494174 11.5446
0.00366089 10.1857
0.134744 0 0 0 0.865256 
0.265415 0 0.118153 0 0.616433 
0 0.388911 0.144212 0.466876 0 
0.447739 0 0 0 0.552261 
0 0.250335 0 0.420054 0.329611 
0 0 0.733418 0 0.266582 
0.110629 0 0.387915 0.501456 0 
0 0.27422 0 0.475046 0.250734 
0 0 0 0 1 
0 0.220171 0.0878485 0.351319 0.340662 
0.0890914 0.429104 0.36233 0.119475 0 
0 0 0 0.258085 0.741915 
0.0852367 0.0931978 0.701936 0.119629 0 
0.369094 0.0702621 0.257776 0.104719 0.198149 
0.438164 0 0 0 0.561836 
0.741281 0.258719 0 0 0 
0.28351 0.333043 0.107543 0.275903 0 
0.0755806 0.36262 0.118785 0.443014 0 
0 0 0.416983 0.412564 0.170452 
0.500424 0 0 0.499576 0 
0.0744513 0.142601 0.0698357 0.364917 0.348195 
0.156892 0.281089 0.562019 0 0 
0.275709 0.136411 0.149844 0.261797 0.176239 
0.0753449 0.506751 0.417904 0 0 
0.252972 0.252133 0 0.494895 0 
0 0 0 1 0 
0.136078 0.176379 0 0.464232 0.22331 
0.425293 0.274432 0.164655 0 0.13562 
0.243968 0.069931 0.368261 0.31784 0 
0.456929 0 0.0815092 0 0.461562 
0.474528 0 0 0.525472 0 
0.172897 0 0.457068 0.370035 0 
0 0 0.589821 0.410179 0 
0.773271 0 0.226729 0 0 
0 0.692569 0 0.307431 0 
0.172405 0.238007 0.31084 0.159754 0.118994 
0.444477 0 0 0 0.555523 
0.39612 0 0.457548 0.146332 0 
0.199646 0.217074 0.27931 0.223544 0.0804273 
0 0.187878 0.261837 0.289931 0.260354 
0.869143 0.130857 0 0 0 
0 0.117427 0.222556 0.2559 0.404117 
0 0.421113 0 0 0.578887 
0 0 0.635289 0.364711 0 
0.118157 0.368378 0 0 0.513464 
0 0.342997 0.359664 0.297338 0 
0.318234 0.261519 0 0.420247 0 
0.306935 0.693065 0 0 0 
0.297353 0.238441 0 0 0.464206 
0 0.151319 0.415719 0 0.432962 
