5 100
0.435573
0.58642
0.333118
0.597192
0.740808
9.6502 1.06029
9.27578 0.237836
8.97364 0.0915439
8.84067 0.387903
8.8388 0.452558
8.81118 0.959818
8.23082 1.2786
8.12059 0.412469
8.05597 1.06305
7.85563 0.939967
7.83918 2.12836
7.80242 1.38873
7.68058 0.851098
7.55689 1.10991
7.18693 1.3041
7.11146 1.86135
6.98968 0.979012
6.9738 0.545661
6.80219 0.656642
6.29414 2.5873
6.24629 3.02126
6.17132 3.08665
6.06788 2.63988
5.97042 2.48109
5.74379 1.66907
5.70935 3.06019
5.13683 3.37898
5.12031 2.00741
5.0557 3.77095
5.01823 3.50954
4.99928 2.21429
4.70734 3.26528
4.67083 3.47257
4.54582 4.70831
4.42583 3.11607
4.3005 3.09906
4.27219 3.74107
4.23614 3.1867
4.21761 4.48337
4.16986 4.06172
4.11817 3.14502
4.06461 2.96026
4.06036 5.15091
3.94398 2.85587
3.73129 3.38707
3.59003 3.87169
3.36888 2.88134
3.34568 5.48011
3.29994 4.65387
3.25938 3.40139
3.25536 3.16866
3.2091 3.9649
3.15232 5.6573
2.8849 5.40465
2.85601 3.42007
2.69182 3.94142
2.51354 4.57037
2.33438 3.56983
2.11941 3.7652
2.01073 5.39439
1.97435 5.94387
1.97248 3.79852
1.81577 6.14052
1.68938 4.86194
1.6035 5.69372
1.50919 4.58444
1.49662 6.64076
1.45333 6.59913
1.33105 7.93012
1.27292 5.45144
1.2658 7.5803
1.20448 5.02842
1.14616 8.16863
1.122 7.74929
1.071 6.16178
0.886806 5.3286
0.879764 5.52556
0.844266 5.18364
0.693434 6.80999
0.676508 6.65831
0.531798 9.23592
0.459964 9.07314
0.454466 6.79973
0.430416 9.20775
0.398976 8.10133
0.39887 8.22214
0.357033 7.91875
0.299849 8.67888
0.241427 6.96595
0.198877 7.65544
0.186628 9.91345
0.136077 7.64066
0.110559 8.96336
0.10137 8.66456
0.0798603 8.57291
0.0693404 7.88747
0.056848 9.89007
0.0514194 9.91422
0.0314382 10.1066
0.00663453 11.6155
0.611544 0.388456 0 0 0 
0 0 0.455633 0 0.544367 
0 0 0 0.554145 0.445855 
0 0 0 0.827597 0.172403 
0 0 0 1 0 
1 0 0 0 0 
0 0.255271 0.310914 0 0.433815 
0 0 1 0 0 
0 0 0.39908 0 0.60092 
0 0.465303 0.534697 0 0 
0 0 0 0 1 
0 0 0.280491 0 0.719509 
1 0 0 0 0 
0 0 0 1 0 
0.146263 0.390402 0.463335 0 0 
0 0 0 0 1 
0 0 0.494185 0.221313 0.284502 
0.617473 0.382527 0 0 0 
0 0.327658 0 0 0.672342 
0 0 1 0 0 
0.521875 0 0 0.478125 0 
0 0 1 0 0 
1 0 0 0 0 
0 0 0.297064 0.228321 0.474615 
0 0 0.56701 0 0.43299 
0 0 1 0 0 
0.50806 0 0.49194 0 0 
0.748727 0 0 0.251273 0 
0 0.673636 0.326364 0 0 
0.77655 0 0.22345 0 0 
0 0 1 0 0 
0.688918 0 0.311082 0 0 
0 0 0 0.555722 0.444278 
0 0 0.21572 0.78428 0 
0 1 0 0 0 
0.571175 0 0.428825 0 0 
0 0 1 0 0 
0 0 0 0 1 
0 0.531061 0.229684 0.239255 0 
0.389833 0 0 0.317358 0.292809 
0 0.654503 0.173726 0 0.171771 
0.530114 0.469886 0 0 0 
0 0 1 0 0 
0 0 0 1 0 
0.561445 0 0.360702 0 0.0778535 
0 0 0 1 0 
0.363313 0 0.0950136 0.257326 0.284348 
0 0 0.463969 0 0.536031 
0.782002 0 0 0 0.217998 
0 0.18777 0.537424 0 0.274806 
0 0.707524 0 0 0.292476 
0.166366 0.221362 0 0.612272 0 
0 0 0.406051 0.593949 0 
0 0 0.657711 0.342289 0 
0.122367 0.275289 0 0.602344 0 
0.545987 0.454013 0 0 0 
0 0 0.290586 0.709414 0 
0 0.802686 0.197314 0 0 
0.199779 0 0.800221 0 0 
0.298105 0 0.701895 0 0 
0.550179 0 0 0.449821 0 
0 0.0938782 0 0.411873 0.494249 
0 0 1 0 0 
0.0464356 0.409641 0.269599 0 0.274325 
0.643325 0 0.356675 0 0 
0.66306 0 0 0 0.33694 
0 0 0.77189 0.22811 0 
0 0 0.209596 0.437126 0.353278 
0 0.182774 0.339118 0.211581 0.266527 
0 1 0 0 0 
0 1 0 0 0 
0.163305 0.388966 0 0 0.447729 
0 0 0 0.471683 0.528316 
0.163378 0 0 0.551848 0.284774 
0 0 0 0 1 
0 1 0 0 0 
0.415695 0 0 0.584305 0 
0.527758 0.472242 0 0 0 
0 0 0 0.483236 0.516764 
0.310572 0.493028 0 0.1964 0 
1 0 0 0 0 
0.133093 0.344811 0.235041 0.287055 0 
0.0715093 0.383129 0 0.313136 0.232226 
0.3156 0 0 0.6844 0 
0 0.75562 0.24438 0 0 
0 1 0 0 0 
0 0 0 1 0 
0 0.33464 0.66536 0 0 
0.299532 0.28238 0 0 0.418088 
0 0.463034 0.536967 0 0 
1 0 0 0 0 
0 0 0 0 1 
0.337937 0 0.427981 0 0.234082 
0 0.452918 0 0 0.547081 
0 0 0 0.413456 0.586544 
0.578204 0 0.421796 0 0 
0 0.604029 0 0 0.395972 
0 0 1 0 0 
0 0.570718 0 0.429282 0 
0.723983 0.105632 0 0 0.170385 
