5 150
0.251526
0.355686
0.44454
0.504006
0.507515
11.0586 0.383121
10.9521 0.415039
10.6082 0.207872
10.0926 0.685027
9.82936 0.942446
9.67486 0.571322
9.38077 0.839444
9.32962 0.88365
9.25067 0.930297
9.12312 0.838659
8.94856 0.496938
8.94374 0.26876
8.47692 1.36141
8.29989 0.283275
8.23353 1.02825
8.16112 0.622974
7.9171 1.7854
7.69674 1.68113
7.59618 0.487425
7.49715 1.94772
7.37376 0.730065
7.1704 1.87763
7.08878 2.11949
7.07853 0.79702
7.02812 2.14809
6.9491 1.51761
6.74795 1.02402
6.74005 2.70242
6.64593 1.59143
6.37956 2.69212
6.37379 2.22409
6.34893 0.773865
6.32478 2.58885
6.28213 2.39221
6.22849 2.93648
6.07607 2.13981
5.97446 2.96156
5.64737 2.34978
5.63869 2.78926
5.38815 2.59739
5.36784 2.58606
5.1673 2.49547
4.95062 3.83728
4.90179 2.13554
4.81624 3.33315
4.81284 2.41221
4.70687 2.67933
4.66467 3.01124
4.63177 3.67068
4.52344 2.47594
4.45801 3.54813
4.25237 4.38519
4.22529 2.93538
4.20126 4.0247
4.19497 3.70068
4.13774 4.40463
4.1016 3.71271
3.82522 4.56506
3.80745 3.4437
3.78527 3.23437
3.70604 4.95054
3.70092 3.5763
3.56432 4.08749
3.53084 4.23319
3.44034 3.73274
3.40748 4.31163
3.32536 3.86739
3.28673 4.46142
3.28243 4.61426
3.22591 3.25856
3.18666 5.07112
2.82222 4.52338
2.82198 6.02106
2.78146 5.04351
2.77676 4.06747
2.77473 3.90733
2.76932 3.64654
2.72065 4.56926
2.57628 3.66998
2.25767 4.76658
2.21314 6.02766
2.17095 4.55704
2.13589 5.77798
2.08748 4.36198
2.07536 4.05928
2.03544 5.13839
1.99298 6.63797
1.95 4.46911
1.9229 6.3016
1.9211 5.62934
1.90836 6.14281
1.84523 4.8645
1.8189 6.14684
1.78108 5.07106
1.57515 5.56606
1.52964 7.25332
1.48716 7.21302
1.39483 7.17846
1.31798 6.72957
1.20431 6.46317
1.19332 7.77869
1.15343 6.65457
1.15136 5.73404
0.983211 5.85799
0.960321 6.69055
0.913652 7.50178
0.901045 5.6691
0.861059 8.07347
0.842506 8.61447
0.813987 5.48935
0.812208 5.56803
0.807303 5.84177
0.77746 5.58659
0.688292 7.00133
0.687625 6.92499
0.632545 6.23702
0.584509 6.07893
0.563311 8.39086
0.517555 8.69381
0.484236 9.20884
0.474984 7.60356
0.456111 9.24348
0.45345 6.97665
0.414524 7.89596
0.404976 8.48643
0.359747 6.3197
0.277815 8.7247
0.238823 9.96264
0.225912 10.28
0.189456 9.92642
0.181439 7.4906
0.18078 6.76577
0.180283 6.68422
0.17902 6.72072
0.174518 6.93938
0.13754 9.06896
0.125649 6.72258
0.12039 10.3913
0.116218 9.99953
0.111616 10.4294
0.0958655 7.29792
0.095356 8.34191
0.0745876 7.85366
0.0723357 7.27272
0.0605749 9.95825
0.0241784 10.594
0.0145534 7.64923
0.0100514 10.0333
0.0096339 11.82
0.00110605 10.7934
1 0 0 0 0 
0 0 0 1 0 
1 0 0 0 0 
0 0 1 0 0 
0 0 1 0 0 
0 0 0 1 0 
1 0 0 0 0 
0 0 0 0 1 
0 0 0 1 0 
1 0 0 0 0 
0 0 0 1 0 
0 0 0 1 0 
0 1 0 0 0 
1 0 0 0 0 
0 0 0 0 1 
0 0 1 0 0 
0 0 0 1 0 
0 0 0 1 0 
0 0 1 0 0 
1 0 0 0 0 
0 0 0 0 1 
0 0 0 1 0 
0 0 1 0 0 
0 0 0 0 1 
0 1 0 0 0 
0 1 0 0 0 
0 0 1 0 0 
0 0 0 1 0 
0 0 1 0 0 
0 0 0 0 1 
0 0 1 0 0 
0 1 0 0 0 
0 1 0 0 0 
1 0 0 0 0 
0 0 0 0 1 
0 0 1 0 0 
0 1 0 0 0 
0 0 0 0 1 
0 0 1 0 0 
0 0 1 0 0 
0 0 0 0 1 
1 0 0 0 0 
0 0 0 1 0 
0 0 1 0 0 
0 1 0 0 0 
0 0 1 0 0 
1 0 0 0 0 
0 0 0 1 0 
0 1 0 0 0 
0 1 0 0 0 
0 1 0 0 0 
0 0 0 0 1 
0 1 0 0 0 
0 0 0 0 1 
0 1 0 0 0 
0 0 1 0 0 
1 0 0 0 0 
1 0 0 0 0 
0 0 0 0 1 
0 0 0 0 1 
0 0 0 1 0 
0 0 0 0 1 
0 0 0 0 1 
0 1 0 0 0 
0 1 0 0 0 
0 0 1 0 0 
0 0 0 0 1 
0 1 0 0 0 
0 0 0 1 0 
0 0 0 0 1 
0 0 1 0 0 
0 0 0 1 0 
0 0 0 0 1 
0 0 1 0 0 
0 1 0 0 0 
0 0 0 1 0 
0 0 1 0 0 
1 0 0 0 0 
0 0 0 1 0 
0 0 1 0 0 
0 1 0 0 0 
0 0 0 0 1 
0 1 0 0 0 
0 0 0 0 1 
0 1 0 0 0 
0 0 0 1 0 
0 1 0 0 0 
0 0 1 0 0 
0 0 0 0 1 
0 0 0 1 0 
0 0 0 0 1 
0 0 1 0 0 
0 0 0 1 0 
0 0 0 0 1 
0 1 0 0 0 
1 0 0 0 0 
0 0 0 0 1 
0 1 0 0 0 
0 0 0 1 0 
0 1 0 0 0 
1 0 0 0 0 
0 1 0 0 0 
1 0 0 0 0 
0 1 0 0 0 
0 0 0 1 0 
1 0 0 0 0 
0 0 1 0 0 
1 0 0 0 0 
0 0 0 1 0 
0 0 0 1 0 
0 1 0 0 0 
0 1 0 0 0 
1 0 0 0 0 
0 0 0 1 0 
1 0 0 0 0 
1 0 0 0 0 
1 0 0 0 0 
0 0 0 0 1 
1 0 0 0 0 
0 1 0 0 0 
0 1 0 0 0 
1 0 0 0 0 
0 0 0 1 0 
0 0 1 0 0 
0 0 0 1 0 
1 0 0 0 0 
0 0 0 0 1 
0 0 0 0 1 
0 0 1 0 0 
0 0 0 1 0 
1 0 0 0 0 
0 0 0 1 0 
0 0 0 1 0 
0 0 1 0 0 
1 0 0 0 0 
0 0 0 0 1 
0 0 0 0 1 
1 0 0 0 0 
0 0 0 0 1 
0 1 0 0 0 
0 0 0 0 1 
0 0 1 0 0 
1 0 0 0 0 
0 0 1 0 0 
0 0 1 0 0 
0 0 0 0 1 
0 1 0 0 0 
1 0 0 0 0 
0 0 0 1 0 
0 1 0 0 0 
