5 150
0.601268
0.407384
0.462424
0.504814
0.622082
11.2558 0.209762
10.4725 0.463958
9.77524 0.415893
9.45567 0.404211
9.38847 0.301259
9.18494 1.20096
8.27356 1.33496
8.04043 1.5677
8.01483 0.699597
8.01459 1.24471
7.99614 1.20454
7.84472 1.53884
7.77878 1.09416
7.68179 1.58076
7.63194 1.25593
7.61877 1.21793
7.60665 1.21836
7.51049 0.177095
7.47135 2.36399
7.46995 0.667006
7.21697 1.55052
7.06199 1.59367
6.83524 1.09719
6.83228 1.44287
6.71884 2.16358
6.65815 1.79826
6.44291 1.10118
6.3584 1.16475
6.25054 1.55499
6.20853 2.12768
6.03599 1.31183
5.9802 3.14125
5.97698 2.96259
5.90178 1.10312
5.83634 2.18976
5.37915 2.07504
5.20691 4.07721
5.05894 3.20994
5.04724 4.16862
4.95487 2.52124
4.88694 2.4773
4.87625 2.65177
4.8451 1.83021
4.79095 1.6566
4.57522 1.73289
4.37449 3.19575
4.25978 3.96623
4.23035 3.91211
4.20209 3.45349
4.18955 3.5666
4.15089 4.06617
4.02514 2.72254
3.99914 4.35924
3.99911 3.08664
3.85714 3.72089
3.8451 3.82478
3.81231 5.484
3.77728 3.15946
3.7189 4.07267
3.66306 4.47446
3.58864 3.97203
3.33062 3.93453
3.25913 4.75039
3.10257 5.46673
3.0888 3.91377
2.98258 5.091
2.95827 3.08323
2.92141 4.45176
2.81072 4.07293
2.49995 6.09237
2.49231 6.27251
2.40898 5.4588
2.15849 6.95818
2.12016 6.31832
2.00076 6.02597
1.97556 4.87983
1.97095 5.03541
1.96671 5.00536
1.95596 5.55354
1.89772 4.81675
1.83637 4.76028
1.82398 7.05401
1.80528 6.4243
1.79916 7.03047
1.7519 4.64163
1.74081 6.69384
1.6608 4.95766
1.56245 6.70521
1.50305 7.78954
1.43454 7.19128
1.40731 5.65386
1.32284 6.27825
1.19604 7.69096
1.16499 7.7405
1.16256 7.75687
1.14001 6.00494
1.12857 8.22833
1.05492 6.71975
1.05063 6.62464
1.0225 7.72328
1.00255 6.92774
0.96662 6.39402
0.949195 5.61605
0.94349 6.8821
0.884149 8.69511
0.870527 8.19226
0.852913 5.99339
0.741381 8.4478
0.730367 7.71653
0.656885 5.54407
0.648701 8.57612
0.614654 7.87635
0.588601 7.91043
0.587043 8.47011
0.550675 7.31647
0.534816 9.65006
0.524264 8.47183
0.487339 7.02645
0.476685 8.70249
0.454278 7.39591
0.450071 7.58404
0.441557 8.5618
0.426917 9.93883
0.303542 8.91329
0.296737 8.01059
0.271148 6.90208
0.260371 9.20276
0.232111 8.55929
0.231236 9.13442
0.219182 8.68269
0.173034 10.4147
0.16977 9.47418
0.133427 9.05704
0.125313 6.73776
0.122525 10.4636
0.0958208 7.14035
0.0681751 10.4859
0.0604597 8.8931
0.0587041 6.99103
0.0576063 10.1655
0.0526212 6.98522
0.0497452 10.5575
0.0464319 9.25826
0.0437942 7.09761
0.0291197 9.57814
0.0258119 10.5469
0.0157585 11.1679
0.00763141 8.63848
0.0069221 10.9815
0.00529355 12.0533
0 0 1 0 0 
0.245729 0 0.37535 0.378921 0 
0 0 0 1 0 
0.537249 0 0 0 0.462751 
0 0 0.385924 0 0.614076 
0 0 0.545091 0 0.454909 
0 0.457472 0 0.542528 0 
0 0.142989 0.359342 0 0.49767 
0 0.453305 0.546695 0 0 
0 0.617324 0 0.382676 0 
0.397292 0 0.602708 0 0 
0.428191 0.571809 0 0 0 
0 0 0 0 1 
0.696189 0 0 0 0.303811 
0.189577 0.31208 0 0.063044 0.435299 
0 0 0.732518 0.267482 0 
0 0.335826 0.470153 0 0.19402 
0 0 0.523113 0 0.476887 
0.504889 0.328036 0 0.167075 0 
0 0 1 0 0 
0 0 0 0 1 
0.495246 0 0 0 0.504754 
0.353576 0.101245 0.206248 0 0.338931 
1 0 0 0 0 
0.407122 0 0 0.0934 0.499478 
0 0 0.669098 0 0.330902 
0 1 0 0 0 
0 1 0 0 0 
0 0 0.587652 0.412348 0 
0.257707 0 0.573542 0.168751 0 
0.415585 0 0.373605 0.21081 0 
0 0.26681 0 0 0.73319 
0 0.869902 0.130098 0 0 
0.499867 0.252435 0 0 0.247698 
0.697045 0 0 0 0.302955 
0.3544 0 0.296931 0 0.348669 
0 0 0 0 1 
0.723337 0 0 0 0.276663 
0.27755 0 0.430127 0.0926268 0.199696 
0 0 0.773462 0 0.226538 
0.13947 0 0 0 0.86053 
0.222622 0.609955 0 0 0.167423 
0 0.29674 0.416642 0.17762 0.108998 
0.72375 0 0 0.27625 0 
0.623574 0 0.376426 0 0 
0.315007 0.0986932 0 0 0.5863 
0.806209 0 0 0.193791 0 
0.204677 0 0.21068 0.461145 0.123497 
0 0 0.794239 0.205761 0 
0.569427 0.430573 0 0 0 
0.36262 0 0.278103 0.359278 0 
0.489993 0 0.155624 0.354383 0 
0 0.20614 0 0.451976 0.341884 
0 0 0.408931 0.133467 0.457602 
0.383167 0.399488 0 0.217345 0 
0.293361 0.706639 0 0 0 
0.185782 0.313704 0 0.500513 0 
0 0 0.289536 0.710464 0 
0.444804 0 0 0.310351 0.244845 
0 0 0 0.689702 0.310298 
0.332798 0 0.275922 0 0.391281 
0 0.19063 0.306983 0.267566 0.234821 
0 0.462917 0 0.537083 0 
0.524594 0 0 0.475406 0 
0.254703 0.193953 0.338794 0 0.21255 
0 0 0.121874 0.722229 0.155896 
0 0.13837 0.34053 0.365037 0.156063 
0 0.345226 0.129668 0 0.525106 
0 0 0.642312 0 0.357688 
0 0.558174 0 0.331593 0.110233 
0 0.237024 0.589224 0.173753 0 
0 0.177807 0.420926 0.401267 0 
0 0 0 0 1 
0.465043 0 0.326809 0 0.208149 
0.250095 0.422361 0 0.327545 0 
0 0.652701 0.347299 0 0 
0 0.557239 0 0.442761 0 
0.400192 0.599808 0 0 0 
0.238578 0 0 0.53461 0.226812 
0.460229 0 0.539771 0 0 
0 0.153303 0.846697 0 0 
0.194929 0.204083 0 0 0.600988 
0 0.335909 0 0.346921 0.31717 
0.595367 0 0.404633 0 0 
0.669667 0 0 0 0.330333 
0.0904759 0 0.523738 0 0.385786 
0 0 0.644253 0.355747 0 
0.357859 0 0 0.436989 0.205153 
0.142665 0 0.324541 0.385971 0.146824 
0.215329 0 0.211874 0.242047 0.33075 
0.127007 0.345285 0.397846 0 0.129862 
0 0.421789 0.365446 0.212766 0 
0 0 1 0 0 
0 0.234059 0 0 0.765941 
0.208705 0.14853 0.194144 0.224412 0.224209 
0 0 1 0 0 
0 0.137371 0.717505 0 0.145124 
0.25653 0.250817 0.236746 0.255907 0 
0 0.668548 0 0.331452 0 
0 0 0.675344 0 0.324656 
0.140603 0.0935326 0.229838 0.536027 0 
0.371311 0.628689 0 0 0 
0 0 0 1 0 
0 0 0 1 0 
0 0.56281 0 0.437191 0 
0 0 0 0.607702 0.392298 
0 0 0 0.442491 0.557509 
0 0.157342 0.280831 0 0.561828 
0.390864 0.199519 0 0.355829 0.0537871 
0 0 0.631833 0.368167 0 
0.848237 0 0 0.151763 0 
0.457959 0 0.357648 0 0.184394 
0 0.785936 0 0.214064 0 
1 0 0 0 0 
0.293124 0 0.198643 0.252389 0.255844 
0.358629 0.328282 0 0 0.31309 
0 0.369152 0.396064 0.234784 0 
0 0 0 0 1 
0.323996 0.380001 0 0.296003 0 
0 0.218972 0.453011 0 0.328017 
0.20004 0.270951 0.216356 0.188315 0.124338 
0.209023 0.141375 0.337679 0 0.311923 
0 0 0 0.355617 0.644383 
0.120734 0.244643 0.24048 0.220025 0.174117 
0 0 0.309646 0.477083 0.213271 
0 1 0 0 0 
0.287006 0.712994 0 0 0 
0.56077 0.288853 0 0.150376 0 
0 0 0 0 1 
0 0 0.311944 0.60396 0.0840957 
1 0 0 0 0 
0 0.480945 0 0.267275 0.25178 
0.208436 0.235043 0 0.17067 0.385851 
0.451518 0 0.0776899 0.27958 0.191213 
0.152879 0.225939 0 0.145864 0.475318 
0.106651 0.770932 0 0.122417 0 
0 0 0 0 1 
0.735558 0 0.264442 0 0 
0.164261 0 0.251652 0 0.584087 
0.759508 0 0 0 0.240492 
0 0 0.711639 0 0.288361 
0.219399 0 0.52124 0 0.259361 
0 0 1 0 0 
0 0 1 0 0 
0.70332 0 0 0.29668 0 
0.568055 0 0 0 0.431945 
0 0.542349 0 0.457651 0 
0.313067 0 0.271995 0.262041 0.152898 
0.585723 0 0 0.414277 0 
0.259106 0.205848 0.333609 0.201438 0 
