5 200
0.712478
0.551004
0.287156
0.452063
0.701262
10.9051 0.454535
10.3695 0.642767
9.73554 0.729433
9.63211 0.948037
9.42656 0.608913
8.88188 1.46064
8.82176 1.65132
8.81427 1.91825
8.78985 0.302538
8.65772 0.861864
8.61031 0.741471
8.57831 1.21473
8.5198 0.735627
8.22156 1.90577
8.21335 0.779537
8.12884 1.75139
7.51337 0.584876
7.51304 0.749382
7.49867 0.355497
7.36058 1.69684
7.281 1.34274
7.18441 1.08017
7.13808 0.42608
7.10001 0.897369
7.07814 1.86967
7.02841 0.769293
6.98389 2.89097
6.90529 1.19534
6.78894 1.66528
6.77843 1.72372
6.66272 0.667831
6.47389 2.83522
6.41693 1.6093
6.27957 1.42902
6.08195 2.95864
6.07723 2.62741
6.02207 2.9842
5.84386 3.3323
5.6848 1.87092
5.54925 2.11642
5.24511 3.06846
5.23468 2.4591
5.22683 1.51469
5.21779 2.59544
5.20081 3.85186
5.19134 2.79052
5.15667 2.81022
4.97147 4.14632
4.89808 3.93015
4.79862 2.92576
4.72788 2.85963
4.5957 3.73491
4.55257 2.94414
4.45073 4.30769
4.38712 2.56961
4.35509 3.0944
4.26214 4.57032
4.25924 3.53957
4.18765 4.63276
4.08026 3.77633
3.9755 3.21181
3.90603 3.47599
3.89318 3.20754
3.83467 3.86052
3.8242 4.7871
3.81399 4.70639
3.73884 3.54323
3.72795 4.07024
3.63677 4.67876
3.47829 4.95881
3.47375 5.44239
3.37532 5.26579
3.3507 4.38355
3.27053 4.68634
3.1638 5.61573
3.15883 4.67899
3.11701 4.86249
3.07012 3.70236
3.01201 5.56064
2.91467 4.93671
2.9079 5.70886
2.84685 5.17261
2.83459 3.6792
2.81327 4.13084
2.75574 4.15947
2.72698 4.97679
2.72509 4.23283
2.71088 3.67385
2.65664 4.01841
2.62085 4.05946
2.56578 5.59104
2.54989 3.93876
2.5353 4.50213
2.53273 4.10264
2.52417 6.5611
2.41459 4.91527
2.39418 6.21047
2.32555 5.51829
2.30481 4.35835
2.07336 4.77581
2.04209 4.07095
2.03714 4.97763
1.93446 5.39192
1.89142 5.35238
1.87235 4.21426
1.86939 5.42178
1.8576 4.27673
1.8536 6.95719
1.8526 5.71705
1.84958 6.57452
1.69897 5.53212
1.64634 5.75143
1.62107 5.129
1.61293 6.44882
1.6012 4.90286
1.57343 6.52949
1.48487 6.69904
1.48022 4.94469
1.45918 7.1418
1.4329 5.20474
1.41291 5.11991
1.4067 6.72225
1.34349 7.35532
1.32671 5.88733
1.29646 7.12419
1.29097 6.83062
1.27948 7.26305
1.27629 6.03726
1.23664 5.50218
1.20888 6.90609
1.14233 6.5041
1.11168 5.10604
1.10905 7.02441
1.08998 6.08002
1.03226 5.26877
1.0285 7.09541
0.91838 6.76762
0.892418 7.11876
0.890067 6.14486
0.852117 7.37386
0.779116 6.24963
0.7673 6.63456
0.680446 7.50631
0.669578 6.41841
0.645438 7.65622
0.639937 7.83166
0.622818 6.01583
0.61524 8.71029
0.589405 6.52757
0.563915 6.68953
0.549234 8.03911
0.525778 9.35027
0.516473 7.83836
0.512565 8.52553
0.504938 8.30281
0.497332 9.44505
0.468394 5.98941
0.413138 7.76197
0.406752 6.77166
0.377163 7.44152
0.358721 7.93186
0.347898 9.20744
0.345315 6.74361
0.325824 6.19451
0.320161 6.40701
0.313062 9.54224
0.311656 8.63323
0.309381 8.45996
0.298989 6.73597
0.296099 9.44351
0.286618 9.79427
0.229229 9.42396
0.222985 7.406
0.215938 10.1294
0.200009 7.74362
0.188754 7.86385
0.179116 9.73832
0.155164 8.55663
0.14549 10.1818
0.140179 7.33783
0.139011 8.34676
0.0970165 8.86665
0.094741 10.8607
0.0875722 8.59957
0.0788476 7.02107
0.0787976 9.39844
0.0779883 10.3939
0.0651786 8.23427
0.0586068 10.5976
0.0547713 9.17891
0.0504819 10.3546
0.0318247 7.10753
0.031785 10.2024
0.031312 8.28959
0.023514 11.2399
0.0222749 7.19845
0.0175147 7.75588
0.0130422 12.0194
0.0118533 11.4295
0.0102643 9.35491
0 0.0948275 0.593023 0 0.31215 
0 0 0 1 0 
0.700526 0 0 0 0.299474 
0 0 0.366977 0.266508 0.366515 
0 0.300553 0.38713 0.312317 0 
0 1 0 0 0 
0 0 1 0 0 
0 0 0.172787 0 0.827213 
0.427968 0.360429 0.211603 0 0 
0 0 0 0 1 
0.826303 0 0 0 0.173697 
0.238091 0.414458 0.347451 0 0 
0.630232 0.369768 0 0 0 
0.597442 0.204558 0.198 0 0 
0.490818 0.193471 0 0.315711 0 
0.274161 0 0 0.269364 0.456475 
0 0 0.419108 0.203117 0.377775 
0 0.369215 0.233485 0 0.3973 
0 0.105085 0.458821 0 0.436094 
0 0 0 1 0 
0 0 0.327852 0 0.672148 
0 0 0.697468 0 0.302532 
0.274495 0.725505 0 0 0 
0 1 0 0 0 
0 1 0 0 0 
0 0 0 1 0 
0.224376 0.394008 0.381616 0 0 
0 0 0.452818 0.547182 0 
0 0.11678 0.88322 0 0 
0 0 0 0.494524 0.505476 
0 0 0.502308 0.220809 0.276883 
0 0.218267 0.382166 0 0.399567 
0.200199 0.287533 0 0 0.512268 
0 0.750173 0 0.249827 0 
0.118672 0.141123 0.629376 0 0.110829 
0.550752 0 0 0.449248 0 
0 0.326836 0 0 0.673164 
0.481075 0 0.518925 0 0 
0 0 0 0.547875 0.452125 
0 0.395061 0 0 0.604939 
0 0 0.451061 0.122435 0.426504 
0 0.667823 0.332177 0 0 
0 0 0 1 0 
0.34997 0.298778 0.351252 0 0 
0 0 0 0.623539 0.376461 
0.268161 0.399529 0.33231 0 0 
0.0988051 0.346856 0.349647 0.204692 0 
0 0 0.18975 0.81025 0 
0 0.465506 0.534494 0 0 
0.344256 0 0 0 0.655744 
0 0.330244 0.360865 0.211076 0.0978149 
0.428944 0.389442 0 0 0.181614 
0 0 0.289339 0.276392 0.43427 
0.285968 0 0 0.113118 0.600914 
0 0.290672 0 0.244884 0.464443 
0 0.305615 0 0.694385 0 
0.310396 0.146705 0.367786 0 0.175113 
0 0.400979 0 0 0.599021 
0 0.113104 0 0.886896 0 
0 0 0 0 1 
0.374519 0 0 0.625481 0 
0 0.178971 0.259881 0 0.561148 
0 0.315274 0.30957 0 0.375156 
0 0 1 0 0 
1 0 0 0 0 
0.45368 0 0 0.190635 0.355686 
0 0.752588 0 0 0.247412 
0.338772 0 0 0.304711 0.356517 
0.176231 0 0.480035 0.156612 0.187122 
0.618842 0 0.381158 0 0 
0 0.218833 0.294326 0.206489 0.280352 
0 0 0.402432 0.154372 0.443197 
0 0 0 0 1 
0 0 0 1 0 
0 0.543204 0 0 0.456796 
0 0 0 0.753819 0.246181 
0 0 0.310262 0 0.689738 
0.588507 0 0.411493 0 0 
0 0 0.726096 0.273904 0 
0 0.504125 0.180057 0.0616998 0.254118 
0 0.591754 0 0 0.408246 
0 0.825819 0 0.174181 0 
0.326214 0 0.233986 0 0.4398 
0 0 0.520624 0.479376 0 
0.3696 0.0964387 0.533962 0 0 
0 0 0 0 1 
0.211377 0 0.263505 0.525118 0 
0 0.449164 0.0968195 0 0.454017 
0.461679 0.404112 0.13421 0 0 
0 0 1 0 0 
0.264696 0 0.394404 0.3409 0 
0 0.279961 0.187114 0.329777 0.203149 
0.506994 0 0 0.493006 0 
0 0 0 0.339538 0.660462 
0 0 0.762166 0.237834 0 
0.350772 0.466297 0.182931 0 0 
0.221962 0.43064 0.0690468 0.278352 0 
0.390242 0 0.0548041 0.473101 0.0818531 
1 0 0 0 0 
0.362909 0.0787872 0.327496 0 0.230808 
0 0.41133 0.2844 0 0.30427 
0 0.201744 0.239239 0 0.559017 
0.621438 0.378561 0 0 0 
0 0.263823 0 0.736177 0 
0 0 0.270147 0.527486 0.202367 
0.229567 0 0.253245 0.517188 0 
0.359738 0.640262 0 0 0 
0.104494 0 0 0.617675 0.277831 
0.451975 0 0.226058 0.321968 0 
0.337133 0 0.112644 0.442094 0.108129 
0.250924 0.17387 0.19353 0.381676 0 
0.217343 0 0.782657 0 0 
0 0.172938 0.283174 0.342161 0.201727 
0 0.459002 0.540998 0 0 
0.430204 0.292267 0 0.277529 0 
0.395629 0 0.0632007 0.245135 0.296035 
0 0 1 0 0 
0 0 0.521804 0.478196 0 
0.20898 0 0.315749 0.304385 0.170886 
0.619028 0 0.214695 0 0.166277 
0 0 0 1 0 
0.338101 0.24791 0.106219 0.130531 0.177238 
0 0.112715 0.277483 0 0.609802 
0 0 0.349171 0.23627 0.414559 
0.374157 0 0.196999 0.373519 0.0553251 
0.494818 0 0 0.505182 0 
0 0 0 1 0 
0 0.188472 0.186805 0 0.624723 
0.131137 0 0.158493 0.344146 0.366224 
0 0.35126 0.64874 0 0 
0.139744 0.22096 0.254553 0.384743 0 
0 0.299343 0 0.700657 0 
0.481207 0.42555 0 0.0932433 0 
0 0 1 0 0 
0 0.78835 0.21165 0 0 
0 0 0.36506 0.357499 0.277441 
0.392941 0 0 0.175916 0.431143 
0 0 0 0.598528 0.401472 
0.158316 0 0.841684 0 0 
0 0 0.142106 0.275411 0.582483 
0.717543 0 0.282457 0 0 
1 0 0 0 0 
0 0 0 1 0 
0 0.11372 0 0.445224 0.441056 
0.571882 0 0.161739 0 0.266379 
1 0 0 0 0 
0 0.348622 0 0.370947 0.280431 
0.521785 0 0 0.478215 0 
0 0 0 1 0 
0.215751 0.165447 0 0 0.618801 
0 0 0 1 0 
0.321102 0 0.383516 0.295382 0 
0 0.657985 0 0.342015 0 
0.589381 0.410619 0 0 0 
0.141394 0.299411 0.270534 0.288662 0 
0 0.400905 0.232417 0.366679 0 
0 0.337347 0.329333 0 0.33332 
0 0 0 0.495883 0.504117 
0.171792 0.41217 0.416038 0 0 
0 0 0.241082 0.252211 0.506707 
0.412807 0 0 0.131722 0.45547 
0.295583 0.334734 0 0.369683 0 
0 0.646488 0 0.233418 0.120094 
0 0.384632 0.615368 0 0 
0 0.187203 0.306645 0.506152 0 
0.52714 0 0 0.47286 0 
0 0.465196 0 0 0.534804 
0.241778 0.181706 0 0.481675 0.094842 
0.234512 0.109262 0.0936188 0.157074 0.405533 
0.604189 0 0 0.226238 0.169572 
0 0.709921 0.290079 0 0 
1 0 0 0 0 
0 0.230996 0.121358 0.195626 0.45202 
0.392572 0 0 0.607428 0 
0 0 0 1 0 
0.180024 0.433353 0 0.386624 0 
0.461671 0.538329 0 0 0 
0.425053 0 0.234172 0.340775 0 
0.421807 0 0 0.578193 0 
0.608301 0 0 0 0.391699 
0 1 0 0 0 
0.629673 0 0 0.370327 0 
0.492144 0.362644 0 0 0.145212 
0 0.322235 0 0.150987 0.526778 
0.21411 0.249593 0 0.211597 0.324699 
0 0.201915 0.110616 0.244446 0.443023 
0.17537 0.292959 0 0.339413 0.192259 
0 1 0 0 0 
0 0 0 1 0 
0 0.116134 0.0778745 0.397569 0.408422 
0 0 0 0.432481 0.567519 
0 0 0.341012 0 0.658988 
0.422451 0 0 0.157095 0.420454 
0.542094 0 0 0 0.457906 
0 0 0.441031 0 0.558969 
0.251671 0 0.235991 0.258506 0.253832 
0.180928 0.227531 0.188456 0.174765 0.22832 
0 0.510532 0 0.489468 0 
0 0.504254 0.495746 0 0 
0 0 0.363157 0.636843 0 
