5 100
0.491859
0.664594
0.409917
0.73674
0.258042
11.0739 0.188948
10.1816 0.407699
9.9682 0.128201
9.46841 0.169481
9.1228 1.19861
9.09931 1.47669
8.92967 1.51136
8.85485 1.01642
8.16835 0.525573
7.9959 1.50177
7.96346 1.61491
7.52317 1.66355
7.48681 1.43899
7.29863 0.739846
7.204 1.99245
7.11374 1.26498
6.96066 2.60911
6.84909 2.42386
6.51554 2.25263
6.1332 1.5586
6.09537 1.0875
6.00214 1.88846
5.66279 2.20293
5.63893 2.70186
5.56674 3.79824
5.49771 1.98213
5.38449 1.61468
5.31202 2.22464
4.85852 2.78691
4.80172 2.43518
4.77287 1.85784
4.62354 3.10189
4.30859 2.78609
4.24943 3.83693
3.94818 4.64747
3.82915 2.96184
3.7776 4.34959
3.77125 3.60163
3.4042 4.42883
3.38312 4.94972
3.17 3.21252
3.16307 5.248
2.91234 3.86433
2.81776 4.1016
2.76357 4.59082
2.69838 3.81755
2.65565 4.94139
2.60693 4.1952
2.48248 4.95088
2.46045 4.17389
2.32542 5.74924
2.27921 4.85286
2.22973 4.60655
2.21965 7.10997
2.19311 3.96791
2.15838 6.63388
1.88649 6.40293
1.88107 5.29388
1.54611 5.32974
1.4076 5.71644
1.35454 6.26232
1.29367 6.61124
1.22651 7.64642
1.21688 7.04128
0.931197 5.7662
0.901151 6.75442
0.879962 8.07625
0.773713 8.23509
0.769169 8.67607
0.717173 9.09099
0.686073 6.71506
0.645425 8.34603
0.56441 8.37309
0.548107 7.92761
0.505009 6.63796
0.421053 8.1723
0.331044 6.88519
0.326192 8.32345
0.248498 9.4272
0.174766 8.58028
0.167225 6.8593
0.166827 9.38501
0.156938 6.63027
0.124591 8.1149
0.115028 8.98371
0.108778 10.308
0.102463 7.16012
0.101246 9.98551
0.09653 7.4537
0.0950933 7.724
0.0799346 8.64407
0.0510055 10.5261
0.0490526 11.1687
0.044446 8.52257
0.0425535 10.3016
0.01804 9.27853
0.0169998 9.42356
0.00941361 9.54569
0.00645832 10.8609
0.00126241 9.24583
0 0 0 0 1 
0 0 0 0 1 
0 1 0 0 0 
0 0 1 0 0 
1 0 0 0 0 
0 0 1 0 0 
0 0 0 1 0 
0 0 1 0 0 
1 0 0 0 0 
0 0 0 0 1 
0 0 0 1 0 
0 1 0 0 0 
0 0 1 0 0 
0 1 0 0 0 
0 1 0 0 0 
0 0 1 0 0 
0 0 0 0 1 
0 0 0 1 0 
0 0 0 1 0 
0 0 1 0 0 
0 0 0 0 1 
0 0 1 0 0 
1 0 0 0 0 
0 0 0 0 1 
1 0 0 0 0 
1 0 0 0 0 
0 0 0 0 1 
0 0 1 0 0 
0 0 1 0 0 
0 0 0 0 1 
0 1 0 0 0 
1 0 0 0 0 
0 0 0 1 0 
0 0 1 0 0 
0 1 0 0 0 
0 0 0 1 0 
0 1 0 0 0 
0 0 1 0 0 
0 0 0 0 1 
1 0 0 0 0 
0 0 0 0 1 
0 0 0 0 1 
0 0 0 1 0 
0 1 0 0 0 
0 0 0 0 1 
0 0 0 0 1 
0 1 0 0 0 
0 0 1 0 0 
0 0 0 0 1 
0 0 0 1 0 
0 0 0 1 0 
0 0 0 1 0 
0 0 0 1 0 
1 0 0 0 0 
0 0 1 0 0 
0 0 1 0 0 
1 0 0 0 0 
0 1 0 0 0 
1 0 0 0 0 
0 0 0 0 1 
1 0 0 0 0 
0 0 0 1 0 
0 0 0 0 1 
0 0 0 0 1 
0 0 1 0 0 
0 0 0 0 1 
0 0 1 0 0 
0 0 0 0 1 
0 0 1 0 0 
0 1 0 0 0 
0 0 0 0 1 
0 0 1 0 0 
1 0 0 0 0 
0 0 0 1 0 
0 0 0 0 1 
0 0 0 0 1 
0 1 0 0 0 
0 0 1 0 0 
0 0 0 1 0 
0 0 0 0 1 
0 0 0 1 0 
0 1 0 0 0 
0 0 0 1 0 
0 0 0 0 1 
0 1 0 0 0 
0 1 0 0 0 
0 0 0 1 0 
1 0 0 0 0 
1 0 0 0 0 
0 0 0 0 1 
0 0 1 0 0 
0 0 1 0 0 
0 1 0 0 0 
0 0 0 1 0 
0 0 1 0 0 
0 0 0 1 0 
1 0 0 0 0 
1 0 0 0 0 
0 0 0 0 1 
0 0 0 0 1 
