5 50
0.53341
0.675901
0.452017
0.430639
0.570673
10.782 0.572225
9.75685 0.520384
9.53506 1.22411
8.99451 1.15241
8.96947 0.378459
8.96751 0.97218
8.69991 2.00028
6.84516 2.40642
6.21281 2.97795
6.12113 1.13588
6.00874 2.0313
5.78383 2.15497
5.34461 2.26328
4.84719 3.76906
4.48235 2.82114
4.43255 2.37068
4.42866 4.17801
3.75914 3.23467
3.55921 4.65161
3.55542 3.07919
3.02758 5.40524
2.96699 4.27916
2.94244 4.37143
2.88653 5.09083
2.56552 5.90491
2.48348 4.17921
2.41211 5.74908
2.41161 4.07896
2.13441 5.81447
1.87407 4.46054
1.76537 6.40868
1.74179 6.53533
1.55798 4.4527
1.54542 7.5988
1.53323 7.59681
1.50816 6.41075
1.42042 5.86942
1.37621 4.91974
1.16292 5.2162
0.815457 8.23375
0.691518 7.01383
0.464244 7.38031
0.421412 6.23925
0.303747 9.75487
0.276463 10.0635
0.0623668 10.4849
0.0461187 10.2517
0.0425476 8.55361
0.0113984 8.37033
0.00348015 9.30569
0.533182 0 0 0 0.466818 
0 0.411864 0.459612 0 0.128524 
0 0 0 0 1 
0 0.608566 0 0.391434 0 
0 0.634974 0 0.365026 0 
0.602038 0 0 0.27337 0.124592 
0 0 0.328529 0.478074 0.193397 
0.243767 0.224955 0.258913 0.272364 0 
0.138372 0.297132 0.292068 0 0.272428 
0 0 0 0 1 
0.700863 0 0 0 0.299137 
0 0 0.715379 0.284621 0 
0.321095 0.678905 0 0 0 
0 0.509378 0 0 0.490622 
0 0.463634 0 0.536366 0 
0.35679 0 0 0 0.64321 
0 0.362062 0 0.44535 0.192588 
0 0.520168 0 0.479832 0 
0 0.418042 0 0 0.581958 
0 0.201283 0.327125 0.286639 0.184953 
0 0.528052 0.471948 0 0 
0.434638 0 0 0 0.565362 
0 0.203377 0 0.796623 0 
0.233743 0.0942165 0 0.344962 0.327078 
0.605846 0 0.252102 0 0.142052 
0.186796 0.106319 0 0.364989 0.341897 
0 0 0 0 1 
0.811476 0 0 0.188524 0 
0.225954 0.240227 0 0.229474 0.304345 
0.435329 0.425568 0 0 0.139103 
0 0 0.487849 0 0.512151 
0 0.171036 0.290358 0.319109 0.219498 
0.525988 0.124937 0 0.195967 0.153109 
0 0.0848013 0 0.502233 0.412965 
0 0.258892 0.319311 0.421797 0 
0 0.363824 0.636176 0 0 
0 0 0 1 0 
0 0 0.81317 0 0.18683 
0 0 0.629129 0 0.370871 
0.0846298 0 0.627519 0.287851 0 
0.461679 0 0.267613 0 0.270708 
0.389586 0 0 0.610414 0 
0 0.222153 0 0.384336 0.393511 
0 0.628232 0 0 0.371768 
0.553507 0.209395 0.237098 0 0 
0.373843 0.433745 0 0 0.192412 
1 0 0 0 0 
0.248153 0.35199 0 0 0.399857 
0 1 0 0 0 
0.292241 0 0 0.131296 0.576463 
