5 100
0.461428
0.628669
0.346721
0.66918
0.439485
10.5922 0.548667
10.0245 0.978617
9.28327 0.933179
9.02581 0.239862
8.7603 0.229123
8.36011 1.02466
8.26378 1.19036
8.25697 1.43768
7.87551 0.413599
7.79704 1.50328
7.36414 1.05945
7.3585 0.557213
6.79494 1.13858
6.725 2.38035
6.70103 2.31477
6.48669 2.06256
6.42617 1.19723
6.09926 2.33992
5.98294 2.19415
5.91524 2.15112
5.89732 2.69016
5.84221 1.64609
5.78487 2.17069
5.54212 2.49757
5.52943 2.45618
5.41072 2.01666
5.06203 2.66551
5.02072 2.793
4.75426 2.82713
4.69884 2.30162
4.60958 3.10081
4.29385 3.08373
4.21654 3.18856
4.20127 3.37549
4.10749 2.97773
3.86216 4.17817
3.53877 4.37299
3.20975 3.40169
3.18308 3.61999
3.13022 3.69793
3.11677 5.57425
3.09489 5.54461
3.04679 3.77014
2.57566 4.37671
2.42765 5.14937
2.29061 4.78096
2.20116 4.53774
2.14836 6.36596
2.10772 7.0327
2.08663 6.44553
2.07648 4.58083
2.01767 5.07069
1.98873 5.27899
1.9733 4.92233
1.71802 4.8415
1.33933 6.80029
1.32774 4.55739
1.21272 7.20038
1.1769 6.55924
1.17518 6.18777
1.16723 5.29914
1.16406 5.91438
1.12863 6.087
1.06991 6.33481
1.06802 7.79543
1.06681 5.57411
1.05608 6.41213
1.05574 7.20727
1.00134 6.12481
0.995352 6.91993
0.897701 6.00386
0.88632 5.86378
0.70743 5.99862
0.698299 6.2518
0.653072 7.26478
0.506213 6.46881
0.43398 7.54168
0.364655 8.37531
0.30671 9.07758
0.266337 6.65621
0.26617 10.1937
0.258726 7.73381
0.255525 7.62521
0.228519 8.79213
0.217154 6.65417
0.17432 10.7445
0.150175 10.6262
0.136156 7.79718
0.0763254 9.90543
0.0689611 7.77683
0.0626818 7.49581
0.0611179 10.0477
0.0563561 11.1296
0.0379928 7.83913
0.0371413 11.1701
0.0359033 10.3926
0.0210099 10.7451
0.00988409 8.08353
0.00469741 11.1142
0.00175518 8.30267
0 0.761622 0 0 0.238378 
0 0.283212 0 0 0.716788 
0.326029 0.673971 0 0 0 
0 0.780135 0 0 0.219865 
0 0 0 1 0 
0.33269 0.270734 0 0 0.396576 
0.56272 0 0 0.148018 0.289262 
0.562386 0 0.437614 0 0 
0.558473 0 0.441527 0 0 
0 0 0 0 1 
0 0 0.208562 0.791438 0 
0 0 0.53093 0.46907 0 
0 0.528481 0 0.471519 0 
0.458626 0.118284 0 0 0.423091 
0.550013 0 0.449987 0 0 
0.291843 0 0 0 0.708157 
0.508611 0.491389 0 0 0 
1 0 0 0 0 
0 0.612706 0 0.387294 0 
0 0 1 0 0 
0.252886 0.298186 0.142453 0 0.306474 
1 0 0 0 0 
0 0 0 1 0 
0 0 0.43606 0 0.56394 
0 0 1 0 0 
0.461346 0 0.306607 0.232047 0 
0 0.411798 0 0.588202 0 
0 0.347697 0.492424 0 0.15988 
0 0 1 0 0 
0 0 0 1 0 
0.371087 0 0 0.307976 0.320937 
0 0 1 0 0 
0.492433 0 0.229401 0.278166 0 
0 0.118008 0 0 0.881992 
0 0.662743 0 0.337257 0 
0 0.565028 0 0.434972 0 
0.262333 0 0.619045 0 0.118622 
0.792589 0 0 0 0.207411 
0 0.473358 0.526642 0 0 
0.874555 0.125445 0 0 0 
0 0.410276 0.132234 0 0.45749 
0 0 0 0 1 
0.15899 0.079362 0.41543 0 0.346217 
0.42666 0.493794 0 0 0.0795469 
0 0.140881 0 0.570098 0.289022 
0.312169 0 0.286768 0.401063 0 
0 0 1 0 0 
0.535317 0 0.276305 0.188377 0 
0 0 1 0 0 
0.404903 0 0.595097 0 0 
0 0.103097 0.436547 0 0.460356 
0 0 0 0 1 
0.395027 0 0 0.604973 0 
0.419521 0 0.580479 0 0 
0 0 0.741406 0 0.258594 
0 1 0 0 0 
0 0 0 0 1 
0.413965 0.0955317 0 0.359135 0.131368 
0 0 0 0.473797 0.526204 
0 0.330112 0.392453 0.277435 0 
0 0.565294 0 0.434706 0 
0 0.408561 0.591439 0 0 
0.283276 0 0 0 0.716724 
0 0 0.2819 0 0.7181 
0 0.426402 0 0.573598 0 
0.43842 0.480698 0 0 0.0808812 
0 0.267948 0.732052 0 0 
0.332915 0 0 0.667085 0 
1 0 0 0 0 
0 0 0 0 1 
0 0 0.309315 0 0.690685 
1 0 0 0 0 
0 0.18553 0 0.81447 0 
0.603903 0.396097 0 0 0 
0.506118 0.236998 0.256884 0 0 
0 0 0 0 1 
0 0.282587 0.717413 0 0 
0.497897 0 0.502103 0 0 
0.464206 0.535794 0 0 0 
1 0 0 0 0 
0 1 0 0 0 
0.338964 0.368054 0.292982 0 0 
0.466363 0.150093 0 0.383544 0 
0.617019 0 0 0 0.382981 
0 0.263846 0.736154 0 0 
0 0 0.530886 0 0.469114 
0 0 0 0 1 
0 0 1 0 0 
0 0 0.264947 0.735053 0 
0 0.185809 0.814191 0 0 
0 0 0 0.462839 0.537161 
0 0 0 1 0 
0.27593 0.446042 0 0.278027 0 
0 1 0 0 0 
0.361054 0.215331 0 0 0.423615 
1 0 0 0 0 
0 0 0 1 0 
0 0 0 1 0 
0 0.39348 0.327939 0.278581 0 
0 0.253792 0.128439 0.61777 0 
