5 100
0.381046
0.641003
0.55755
0.536859
0.70764
11.0263 0.401394
10.4247 0.229765
9.91425 0.221509
9.85567 0.694554
9.24878 1.01893
9.13323 0.330655
8.92836 0.938025
8.46148 2.03058
7.90569 1.39553
7.52541 1.44688
7.5006 1.25367
7.43881 0.704626
7.34798 0.670038
7.15025 2.337
7.06331 1.9245
7.04003 1.07643
6.91744 1.86491
6.89186 0.929868
6.84033 2.12205
6.69307 0.788176
6.29481 1.22802
6.15482 1.71369
5.94631 1.98677
5.92008 3.27436
5.75777 2.14202
5.72968 2.12314
5.66298 2.74622
5.55918 1.34896
5.22943 3.08797
5.20023 1.88593
5.14619 3.70991
4.91027 2.95677
4.84699 1.93194
4.6434 3.39316
4.26894 4.89392
3.98918 4.57071
3.86029 2.95886
3.76502 3.29686
3.63895 3.6604
3.29693 3.64885
3.15579 4.96807
2.99957 3.76014
2.93271 3.86301
2.85921 5.50484
2.64608 4.04283
2.62765 3.62034
2.53504 3.59939
2.41187 5.5644
2.36607 4.82026
2.33988 5.08522
2.33007 5.1345
2.32442 4.68009
2.19586 7.042
1.99658 6.1517
1.85218 5.74099
1.79122 5.20244
1.72155 4.69635
1.59385 5.51123
1.54619 5.54589
1.38554 6.41099
1.37069 7.46919
1.34577 6.19804
1.21041 5.7829
1.18633 6.52885
1.18155 7.20611
1.17948 6.77645
1.00061 7.02549
0.903581 5.72862
0.874637 5.52804
0.873236 7.88394
0.873135 7.31796
0.867424 7.82038
0.834909 8.39569
0.809634 7.74268
0.696781 8.19594
0.694237 6.41028
0.677161 8.93884
0.604715 6.89004
0.518012 7.21448
0.426833 8.95486
0.263931 7.31074
0.227382 7.89994
0.215612 6.59889
0.210378 10.0423
0.130769 9.62628
0.127434 10.3901
0.117342 10.3659
0.102553 10.3668
0.102519 7.30561
0.0884124 9.48279
0.084356 9.57953
0.0773232 8.32686
0.0682637 8.60655
0.0443402 8.51649
0.0207143 8.91413
0.0193729 11.4958
0.0174009 8.54197
0.00962814 7.72509
0.0035569 7.41807
0.00183572 10.1986
0 0 0 0 1 
0 1 0 0 0 
0 0 1 0 0 
0 0.455462 0 0 0.544538 
0 0 0 0.483307 0.516693 
0 0 0 0 1 
0 0.292973 0.707026 0 0 
1 0 0 0 0 
0.378814 0.352094 0.143068 0.126024 0 
0.555344 0 0 0.444656 0 
0 0 1 0 0 
0 0 0 0.62473 0.37527 
0 0 0 0.662685 0.337315 
0 1 0 0 0 
0 0 0.589454 0.410546 0 
0 0 0.285518 0 0.714482 
0 0.421304 0 0.578696 0 
0.423001 0 0 0.215687 0.361312 
0 0 0.440296 0.559704 0 
0 1 0 0 0 
0 0 0 0 1 
1 0 0 0 0 
0 0 1 0 0 
0 0 0 0 1 
0 1 0 0 0 
0 0 0 0 1 
0 0 0 1 0 
0 0 0 0 1 
0 0 0 0 1 
0.490679 0.50932 0 0 0 
0 0 0 0 1 
0.30699 0.2067 0 0.48631 0 
0 0.616102 0 0.383899 0 
0 0.577149 0 0 0.422851 
0 1 0 0 0 
1 0 0 0 0 
1 0 0 0 0 
0.128776 0.428724 0 0.4425 0 
0 0 0 1 0 
0.858513 0.141487 0 0 0 
1 0 0 0 0 
0 0 1 0 0 
0.45977 0 0.54023 0 0 
0 0.633467 0 0 0.366533 
0 0.765825 0 0 0.234175 
0 0.545244 0.454756 0 0 
0 0 0 1 0 
0.482474 0.517526 0 0 0 
0 0 1 0 0 
0 1 0 0 0 
1 0 0 0 0 
0 0 0 1 0 
0 0.622065 0 0 0.377935 
0 0 0 1 0 
0 0 0 0 1 
0 0 1 0 0 
0 0 0 1 0 
0.638207 0.15737 0 0.204423 0 
0 0 0 1 0 
0 0 0 0 1 
0 0 0 0 1 
0 1 0 0 0 
1 0 0 0 0 
0 0 1 0 0 
0.415464 0 0.372346 0.21219 0 
0 0 0 1 0 
0 1 0 0 0 
0 0 0 1 0 
0 0 1 0 0 
0 0.599268 0 0.400732 0 
0 0 0 0 1 
1 0 0 0 0 
0.55559 0 0.44441 0 0 
0 0.109486 0 0.890514 0 
0.4126 0 0 0 0.5874 
0 0 0 0 1 
1 0 0 0 0 
1 0 0 0 0 
0.119338 0.505269 0.375393 0 0 
0 0 0 1 0 
0 0 1 0 0 
0.4878 0 0 0.5122 0 
0.436461 0 0 0.436171 0.127369 
1 0 0 0 0 
0 1 0 0 0 
0.516582 0.483418 0 0 0 
0 0 0 0 1 
0 0 1 0 0 
0 0.501765 0.498235 0 0 
0.815954 0 0 0 0.184046 
0 0 1 0 0 
0.631715 0 0 0 0.368285 
0 0 0 0 1 
0 0 0 1 0 
0 0 1 0 0 
0.581792 0 0.418208 0 0 
0.370752 0.481498 0 0 0.14775 
0 0.494274 0.505726 0 0 
1 0 0 0 0 
1 0 0 0 0 
