5 100
0.579625
0.582066
0.716517
0.340131
0.602163
11.3818 0.206491
10.9882 0.312736
10.1422 0.538473
9.93024 0.565912
9.92226 0.890525
9.74485 1.19895
9.15479 0.609471
9.08185 0.707843
9.07689 0.200407
9.02283 0.226439
8.73141 1.42306
8.58657 0.421071
8.34842 0.150931
7.97411 1.25698
7.62306 0.716515
7.22757 1.23351
7.1871 0.494507
7.16521 0.774541
7.11203 1.47189
6.94568 0.692693
6.80519 2.20732
6.20466 2.44428
6.13698 2.14846
5.88674 2.31841
5.85161 1.57711
5.79225 3.17344
5.74805 3.45464
5.34406 3.61203
5.33662 2.48925
5.06347 3.68207
5.02897 2.83446
4.86787 3.34542
4.75023 2.31662
4.66428 2.54253
4.59079 3.07754
4.58635 2.94342
4.58234 2.73834
4.4196 3.59012
4.41429 3.64027
4.35952 4.00829
4.31012 2.97231
4.07623 2.18921
3.95483 4.86981
3.89449 3.70202
3.79653 2.7952
3.69272 2.81473
3.65312 2.42206
3.63772 3.9759
3.42641 4.71613
3.41851 2.72613
3.33838 3.81155
3.33726 3.4497
3.20086 2.74892
3.12969 3.7667
2.71125 5.11593
2.34596 6.04509
2.1969 5.14382
2.12379 4.76169
2.11777 6.79648
2.00745 5.47929
1.84666 5.57918
1.83762 6.68727
1.68326 6.21893
1.53698 7.19123
1.46091 6.8909
1.39508 7.17616
1.37486 5.97951
1.30275 6.74975
1.26641 6.28788
1.24706 7.03709
1.05635 6.26494
0.922928 8.38524
0.894017 7.9793
0.824725 8.1526
0.708043 5.73688
0.645514 5.57639
0.630631 6.70217
0.627586 8.54454
0.623073 6.05089
0.586099 6.84053
0.570751 5.69603
0.522393 8.48257
0.419202 7.32072
0.389346 7.52832
0.383922 7.98858
0.295285 9.32496
0.232869 9.30276
0.217777 8.20479
0.202079 8.30676
0.183257 7.81368
0.138632 8.95872
0.117794 9.36574
0.0676541 11.3759
0.0583723 8.13725
0.0523512 10.4105
0.0441932 8.2132
0.0274101 8.88093
0.0120686 9.75284
0.00878784 10.6979
0.00353782 9.38021
0.784265 0.215735 0 0 0 
0 0 0 0.511775 0.488225 
0.391946 0 0.306792 0.301262 0 
0 0 0.165135 0.590162 0.244703 
0 0.323233 0.0997373 0.57703 0 
0 0.125249 0.492176 0.382576 0 
0 0 0.350891 0.649109 0 
0.405993 0 0 0 0.594007 
0.336345 0 0.663655 0 0 
0.264878 0 0.735122 0 0 
0 0.503628 0 0.431963 0.0644086 
0.321417 0 0 0.261967 0.416616 
0 1 0 0 0 
0 0 0.481134 0.518866 0 
1 0 0 0 0 
0 0 0 1 0 
0 0 0.486401 0.513599 0 
0.355513 0 0 0.644487 0 
0 0 0 1 0 
0.419307 0.293969 0 0.286724 0 
0 0 0.837428 0.162572 0 
0 0.297231 0.541846 0.160923 0 
0 0.331929 0 0.561235 0.106836 
0 0 0 0 1 
0 0.445991 0.554009 0 0 
0 0.409653 0.161516 0 0.428832 
0 0.239934 0 0.382662 0.377403 
0 0 0.591209 0 0.408791 
0 0 0 1 0 
0.152462 0.425604 0 0 0.421933 
0 0.522281 0.477719 0 0 
0 0.751227 0 0 0.248773 
0 0.457388 0.438261 0 0.104351 
0 0.231044 0.768956 0 0 
1 0 0 0 0 
0 0.85192 0 0 0.14808 
0.493955 0.506045 0 0 0 
0.545041 0 0 0 0.454959 
0.281352 0 0.333419 0.38523 0 
0 0.863472 0.136528 0 0 
0.437188 0.562812 0 0 0 
0 0 1 0 0 
0 0 0.639609 0 0.360391 
0 0 0 0 1 
0 0 0 1 0 
0 1 0 0 0 
0 0 1 0 0 
0 0.608576 0 0.391424 0 
0 0.854271 0 0 0.145729 
1 0 0 0 0 
1 0 0 0 0 
0 0.372089 0.28591 0 0.342001 
0 1 0 0 0 
1 0 0 0 0 
0 0 0 1 0 
0 0.399294 0.219635 0.381071 0 
0.167471 0.561734 0 0.270795 0 
0.65271 0 0 0.34729 0 
0.659563 0 0 0.340437 0 
0 0.637293 0.362707 0 0 
1 0 0 0 0 
0 0 1 0 0 
0 0.17752 0.445562 0 0.376918 
0 0 0 0 1 
0 0 0 0.258901 0.741099 
0.453719 0.546281 0 0 0 
0 0 0.637283 0 0.362717 
0.113574 0.618812 0.267614 0 0 
0 0.776988 0 0.223012 0 
0 0 0 1 0 
0.213899 0 0 0.456458 0.329643 
0 0 0 0.659364 0.340636 
0.324197 0 0.37624 0.299563 0 
1 0 0 0 0 
0.410004 0 0.130936 0.45906 0 
0 0.235377 0.206323 0.5583 0 
0 0.17759 0 0 0.82241 
0 0 0 0 1 
0 0 0 0 1 
0.0921794 0.311069 0.211021 0.38573 0 
0 0 0 0 1 
0 0.26457 0 0.129236 0.606194 
1 0 0 0 0 
0.396307 0.21355 0.390142 0 0 
0.734961 0 0.265039 0 0 
0.377083 0.286684 0.336234 0 0 
1 0 0 0 0 
0 0.419476 0.580524 0 0 
1 0 0 0 0 
0 0 0 1 0 
0.642627 0 0 0 0.357373 
0 0 0.758597 0 0.241403 
0 0.477751 0 0.522249 0 
0.874398 0 0 0.125602 0 
1 0 0 0 0 
0 0 0.145386 0.854614 0 
0 0.407187 0.126497 0 0.466316 
0 0.324517 0.675483 0 0 
0 0.436426 0 0.357234 0.20634 
0 0.626806 0 0.373194 0 
