5 200
0.549799
0.587306
0.705763
0.59669
0.617443
11.953 0.168452
11.4877 0.270739
10.9818 0.473821
10.8128 0.180374
10.2407 0.616279
10.1637 0.756393
9.94224 1.12257
9.78656 0.493396
9.73229 0.630611
9.05384 0.889734
8.49501 1.15458
8.32599 0.384753
8.27261 1.44151
7.94549 1.73961
7.92649 0.907201
7.87139 1.32375
7.75606 1.15706
7.73908 1.03205
7.72782 0.789247
7.71808 0.346959
7.62075 1.25551
7.4924 1.55637
7.31278 1.70047
7.23312 0.902263
7.14343 1.03193
7.121 1.42559
7.0521 1.96844
6.84801 2.46688
6.68533 1.89337
6.68316 1.99965
6.61748 1.98746
6.57883 2.87821
6.2921 1.38818
6.11069 2.11138
6.03587 2.33349
5.9561 2.55798
5.88054 1.47932
5.73518 2.88751
5.71157 3.12413
5.69432 2.52919
5.64164 3.14396
5.62496 1.30284
5.5661 1.79092
5.51607 2.32041
5.42062 2.64315
5.40581 2.93963
5.34273 1.41793
5.29793 2.45789
5.29773 2.75267
5.15313 2.83842
5.06993 2.06968
4.8436 2.29226
4.77303 4.41336
4.7449 4.21392
4.72413 2.52376
4.68887 3.86906
4.65197 3.48556
4.62384 3.83824
4.51382 3.84882
4.39131 3.92376
4.29769 3.86261
4.07163 2.19028
4.07005 2.19593
3.94666 3.64898
3.86352 2.52036
3.73202 4.96432
3.72711 3.11377
3.71547 5.0812
3.6807 3.16091
3.54966 4.06755
3.53407 4.2138
3.46456 4.97348
3.41548 4.92387
3.38166 4.13315
3.34313 4.01146
3.32481 4.9506
3.16646 4.07144
3.02043 5.40965
2.97271 5.31911
2.95659 4.3446
2.82395 3.30098
2.57857 3.41408
2.55271 4.05879
2.5034 4.46036
2.48575 3.35213
2.40055 6.62364
2.36092 5.73722
2.27871 5.55882
2.24715 5.2714
2.24069 5.9571
2.19187 5.35923
2.14335 4.05561
2.06431 4.35957
2.06026 5.73361
1.98322 6.94721
1.96076 6.24395
1.92949 7.01417
1.9282 5.90227
1.90223 5.2955
1.8938 5.76622
1.80722 6.85312
1.79882 4.23236
1.71534 5.48705
1.65679 7.65361
1.63175 6.38237
1.59236 6.26141
1.56715 6.6117
1.51242 6.08112
1.49665 5.52073
1.45782 5.92518
1.44035 7.82181
1.42083 5.09889
1.40712 6.66185
1.33343 4.85377
1.32633 5.97409
1.29532 6.47479
1.25225 6.30305
1.22506 6.41472
1.15158 7.09207
1.08729 7.72946
1.05726 7.18695
1.05171 6.24758
0.988083 6.35942
0.961246 6.45824
0.909566 7.52037
0.87044 5.389
0.833827 6.01213
0.811776 8.17036
0.807638 8.27652
0.799777 7.73243
0.741562 6.90711
0.727148 6.70587
0.726039 5.89641
0.719602 6.24011
0.684837 6.36377
0.679065 8.8627
0.618475 6.12817
0.588655 7.18469
0.58468 7.21921
0.577287 9.00089
0.547256 7.80681
0.545104 6.5293
0.52846 8.15948
0.492694 6.92324
0.490682 7.49176
0.464395 7.32218
0.454471 8.88293
0.448156 9.25378
0.441757 8.62088
0.440889 9.662
0.397479 8.31388
0.393852 6.23763
0.392666 9.44683
0.392002 8.87516
0.380567 7.67501
0.372777 8.29495
0.36351 8.66078
0.346116 7.27245
0.332815 9.59568
0.328737 6.45837
0.314013 7.31517
0.293686 6.40884
0.28267 9.71375
0.269466 10.2854
0.260841 8.89666
0.251866 7.63254
0.251028 9.28333
0.22002 8.1394
0.21459 7.9522
0.192593 7.3702
0.176468 8.29036
0.15743 10.2925
0.157102 6.82544
0.146808 8.69275
0.131816 10.5588
0.128874 8.6603
0.125013 10.3074
0.120686 9.55717
0.120365 7.03328
0.103132 8.58421
0.102654 7.55177
0.100563 8.99745
0.0639027 7.88106
0.0634322 7.36409
0.0566712 9.08352
0.05068 7.28622
0.046256 7.32281
0.0457228 9.86091
0.0431543 7.25573
0.042589 8.12926
0.0418802 8.01934
0.041267 7.18634
0.0299824 8.86258
0.0255119 10.6948
0.0243255 7.53363
0.022509 8.88789
0.0215241 11.1236
0.00388676 9.20174
0.00269341 9.94375
0.00141698 8.81086
0.297431 0.282268 0 0.175227 0.245075 
0 0.293738 0 0.232698 0.473564 
0.163498 0.36756 0.074503 0.394439 0 
0.132793 0.128555 0.383267 0.355385 0 
0.159208 0.311908 0.288645 0.240239 0 
0 0 0.764778 0.235222 0 
0.540237 0 0 0.459763 0 
0.281439 0 0.217254 0.501307 0 
0.22217 0 0.381769 0 0.396061 
0.0828972 0.119197 0 0.506014 0.291892 
0.284464 0.364671 0 0.350865 0 
0.155916 0.275647 0.228701 0.266224 0.0735126 
0.69424 0 0 0.30576 0 
0.264957 0 0.228973 0.225466 0.280604 
0.293533 0.235262 0.0929188 0.323438 0.0548484 
0 0.644509 0.355491 0 0 
0 0.679662 0.320338 0 0 
0.190351 0.093842 0.310332 0 0.405475 
0.568149 0 0.431851 0 0 
0 0.660998 0 0 0.339002 
0.222849 0.412244 0 0.193477 0.17143 
0 0.244969 0.307939 0.447092 0 
0 0.510009 0.489991 0 0 
0 0.465517 0 0.123788 0.410695 
0.43199 0 0.109431 0.458579 0 
0.238207 0.193348 0 0 0.568444 
0 0 0.212852 0.409876 0.377272 
0.215886 0 0.505367 0.17137 0.107377 
0 0.219645 0 0.253255 0.5271 
0.0974723 0.299655 0.282478 0.0933653 0.227029 
0 0 0 0.512549 0.487451 
0 0.273953 0.726047 0 0 
0 0.330208 0 0.669792 0 
0.325911 0.0695178 0.0726028 0.0821149 0.449853 
0.229427 0 0 0 0.770573 
0.252567 0 0.37662 0 0.370813 
0 0 0.212802 0 0.787198 
0 0.864191 0.135809 0 0 
0 0 0.515248 0 0.484753 
0 0.228254 0 0 0.771746 
0 0.341544 0 0.161077 0.497379 
0 0.122859 0.218093 0 0.659048 
0.27354 0.307327 0.167205 0.251928 0 
0.724658 0 0 0.275342 0 
0.314338 0 0.685662 0 0 
0 0.21386 0 0.503961 0.28218 
0 0.656969 0.343031 0 0 
0 0.241194 0.306352 0.26302 0.189434 
0 0 0.557952 0.280393 0.161656 
0.338181 0 0.661819 0 0 
0.317408 0.251829 0 0.252485 0.178278 
0 0 0 1 0 
0 0.215586 0.593044 0.19137 0 
0 0 0.832104 0 0.167896 
0 0 0 1 0 
0 0.347728 0 0.371931 0.280341 
0 0.38015 0 0.61985 0 
0 0 0.86698 0 0.13302 
0.172636 0.233733 0.593631 0 0 
0.138914 0.260491 0.297349 0 0.303247 
0.220373 0 0.142015 0 0.637612 
0 0.264047 0.409918 0.326034 0 
0 0.450687 0.549313 0 0 
0 0.650017 0 0 0.349983 
0 0.0825879 0.42432 0.201033 0.29206 
0.198634 0 0 0.471246 0.33012 
0 0.160101 0.487985 0 0.351914 
0.24777 0 0.399975 0.352255 0 
0 0 0.56008 0.43992 0 
0.29139 0.271125 0.151767 0 0.285718 
0.18362 0 0.379444 0.0829352 0.354001 
0.36371 0 0 0.316454 0.319836 
0.444711 0.555289 0 0 0 
0.331253 0.312973 0.355774 0 0 
0.508849 0.491151 0 0 0 
0.221131 0.275396 0 0.26881 0.234663 
0.514155 0.12184 0 0.146938 0.217067 
0 0 0.511771 0 0.488229 
0 0.343897 0 0.475689 0.180414 
0.20327 0 0 0.79673 0 
0.310041 0 0 0.326265 0.363694 
0.389789 0 0.376871 0.14316 0.0901799 
0 0.226871 0.384845 0.220866 0.167418 
0 0.270753 0 0.477157 0.25209 
0.284149 0 0.341327 0.328276 0.0462489 
0 0 0.797481 0.202519 0 
0 0 0.3175 0 0.6825 
0 0 0.394831 0.515642 0.0895271 
0 0.293489 0.342516 0.363995 0 
0 0.494522 0 0 0.505478 
0.210196 0.234654 0.250783 0.174061 0.130306 
0 0.322665 0.27686 0 0.400475 
0 0.704954 0 0.295046 0 
0 0 0.160485 0.329188 0.510327 
0.278134 0.410019 0 0 0.311847 
0 0 0 0 1 
0 1 0 0 0 
0 0.1843 0.318446 0.312812 0.184441 
0 0 0 0.738928 0.261072 
0 0.417598 0.266301 0.316101 0 
0 0.382326 0 0.21685 0.400824 
0.369347 0.0761254 0.265097 0.289431 0 
0.171965 0.308017 0 0.520018 0 
0.269012 0.447336 0 0.206954 0.0766976 
0.320457 0.245113 0 0.434431 0 
0.0851009 0.417129 0 0.49777 0 
0.096477 0.135976 0.0957785 0.340435 0.331334 
0.341909 0.324623 0 0 0.333468 
0.228941 0.771059 0 0 0 
0.285567 0.169552 0.253082 0.254718 0.0370803 
0.165489 0 0.289008 0.265548 0.279956 
0.405006 0 0.311021 0 0.283973 
0.690543 0 0 0.309457 0 
0 0.591852 0.408148 0 0 
0 0.832906 0 0 0.167094 
0 0.594506 0 0.405494 0 
0 0.259235 0.260471 0.480294 0 
0.252982 0.060717 0.221653 0.0756383 0.38901 
0 0 0.421163 0.312204 0.266633 
0.3843 0 0 0.282895 0.332805 
0.308058 0.321711 0.128983 0 0.241248 
0.275666 0.39574 0.153238 0 0.175355 
0.883018 0 0.116982 0 0 
0.149484 0 0.203669 0.362842 0.284006 
0.177384 0.37811 0 0.349157 0.0953487 
0.175486 0.346568 0.15564 0 0.322305 
0.184165 0.234844 0.362242 0 0.218749 
0.67416 0 0.154938 0.170903 0 
0.0988285 0 0.400688 0.408341 0.0921426 
0 0.674623 0 0.325377 0 
0 0.688631 0 0 0.311369 
0.176576 0.133055 0.456893 0 0.233476 
0.343732 0 0.656268 0 0 
0 0.670109 0 0 0.329891 
0.285468 0 0.192113 0.136857 0.385562 
0 0 0.453558 0.546442 0 
0 0 0.575186 0.424814 0 
0.556989 0.194541 0.248469 0 0 
0 0.342531 0 0.204479 0.45299 
0 0.373061 0.158619 0.235122 0.233198 
0 0.401431 0.244161 0 0.354408 
0 0.299255 0.408827 0.291918 0 
0 0.465594 0.177182 0.231997 0.125226 
0.245149 0 0 0 0.754851 
0.253629 0 0.391925 0.354446 0 
0.254072 0.225133 0.336698 0.184097 0 
0 0.449962 0 0 0.550038 
0.231712 0.337129 0.137583 0.293575 0 
0.215799 0.255999 0 0.528202 0 
0.349806 0 0.267658 0.382536 0 
0.167207 0 0.490276 0 0.342517 
0.29116 0 0.70884 0 0 
0.123905 0.33883 0.149892 0.387372 0 
0.146525 0.103239 0.196158 0.188221 0.365857 
0.121325 0 0.184636 0.694039 0 
0 0.256329 0.463762 0.114425 0.165485 
0.831783 0 0 0 0.168217 
0.424174 0.268824 0 0.307002 0 
0 0.337956 0.124211 0.34751 0.190323 
0 1 0 0 0 
0.124034 0.409679 0 0.234385 0.231902 
0.356456 0 0 0.167418 0.476126 
0.44355 0 0.334824 0.221625 0 
0 0 0 0.841502 0.158498 
0 0.422399 0 0 0.577601 
0.384125 0.16967 0 0 0.446205 
0 0 0.232341 0.458654 0.309005 
0 0.534265 0.351613 0.114122 0 
0.332453 0 0.667547 0 0 
0.435302 0.157573 0.284274 0 0.12285 
0 0 0 0.638722 0.361278 
0.100321 0.465273 0.273579 0.0595916 0.101235 
0.431737 0.127752 0.122238 0.21162 0.106652 
0 0.146759 0 0.567234 0.286007 
0 0 0 0.478222 0.521778 
0.507169 0 0 0.201998 0.290832 
0.228519 0.209065 0 0.16574 0.396676 
0.284977 0.0622533 0 0.338385 0.314385 
0 0 0.178458 0 0.821542 
0.120237 0.272179 0.25774 0.150177 0.199667 
0 0.433586 0.241525 0 0.324888 
0 0.176523 0.39396 0.298981 0.130536 
0.389814 0.175113 0 0.279948 0.155125 
0 0 0 0.580212 0.419788 
0.599682 0 0 0.266249 0.134069 
0.214285 0.262718 0.114363 0.281393 0.127241 
0.24376 0 0 0.75624 0 
0 1 0 0 0 
0.278763 0 0 0.416489 0.304749 
0 0.281294 0 0.531966 0.18674 
0 0 0 0.409543 0.590457 
0 0 0.500969 0.499031 0 
0 0.317132 0.0907902 0.188093 0.403985 
0.29747 0 0 0 0.70253 
0.193234 0.241818 0.0767863 0.488161 0 
0 0.329238 0.479485 0 0.191277 
0 0 0.546107 0.453893 0 
0 0 0.174953 0.572983 0.252064 
0.178023 0.340717 0 0.386801 0.0944579 
0.228085 0 0 0 0.771915 
