5 100
0.377674
0.392827
0.689482
0.39124
0.407018
11.3409 0.157361
10.2218 0.152422
10.0551 0.438342
9.34636 0.996041
9.32402 0.679437
8.8656 0.141091
8.66761 0.778024
8.56419 0.137035
8.39433 0.669488
8.226 1.16091
8.19096 1.29077
8.16239 1.75594
7.86565 1.215
7.79091 0.339106
7.67769 0.210737
7.57131 0.808482
7.42776 0.881873
7.17734 0.174898
6.62782 1.67793
6.43504 1.63287
6.38027 1.21862
6.19064 2.59449
5.98325 2.18816
5.92419 2.26011
5.8572 2.46983
5.76687 1.59593
5.5778 2.09866
5.55597 3.50986
5.54251 2.43372
5.38392 2.28292
5.37495 2.904
5.32097 2.61824
5.11472 2.50798
4.9025 2.7116
4.90131 2.53795
4.88357 2.78599
4.81135 1.8817
4.70981 4.14766
4.48365 3.41611
4.20025 2.88416
4.19748 3.15598
4.11367 4.49642
4.05116 4.45872
3.87715 3.79245
3.81863 3.42156
3.67284 4.08216
3.30077 4.06637
3.12676 4.76119
3.03979 3.73741
2.79764 5.37133
2.67863 4.58428
2.66721 5.90225
2.23822 4.23081
2.2238 4.75453
2.18065 5.75076
2.00829 6.51527
1.9984 4.56004
1.66458 6.94434
1.63025 4.49852
1.46155 7.69718
1.43431 5.25763
1.36752 6.83042
1.35312 6.29979
1.32314 6.08073
1.31187 7.15081
1.25597 6.553
1.24336 6.11719
1.20932 7.54594
1.02456 7.75996
0.952742 5.56274
0.940319 6.16776
0.839469 6.64874
0.795875 7.21967
0.686059 6.40354
0.675434 8.98076
0.494238 9.6576
0.470204 8.41041
0.413758 6.5399
0.409885 9.60418
0.383944 10.0253
0.351026 9.69239
0.338791 6.52614
0.289613 7.72172
0.289276 9.75696
0.274124 7.20406
0.184984 9.29509
0.153255 7.72543
0.104958 8.48787
0.103146 7.31147
0.102041 10.7193
0.0668764 9.70126
0.0384993 8.38447
0.0212757 8.9062
0.0184796 8.27597
0.0141015 7.33171
0.0139116 11.4474
0.00707888 10.4614
0.00491052 8.59552
0.00142053 9.33383
0.00103743 10.8738
0.523187 0 0 0.262837 0.213976 
0 0.355784 0.516665 0 0.127552 
0 0 0 1 0 
0.633621 0 0 0 0.366379 
0 0.162965 0.3774 0.0672702 0.392365 
0 0 0 0.609193 0.390807 
1 0 0 0 0 
0.408955 0 0.147622 0.137812 0.305611 
0.24384 0.75616 0 0 0 
0.0958824 0.310747 0.32009 0 0.273281 
0 0.335229 0 0 0.664771 
0.222992 0.228058 0.270621 0.220537 0.0577917 
0.17438 0.399737 0.118788 0 0.307095 
0.166846 0.245457 0.371284 0 0.216413 
0 0.633304 0 0.366696 0 
0 0.784375 0 0.215625 0 
0.197008 0.309257 0 0.273925 0.21981 
0.144389 0.276341 0.254368 0.173368 0.151534 
0.436596 0.283321 0 0.199591 0.0804923 
0.518093 0 0.401475 0.0804327 0 
0.179625 0 0.445048 0.375326 0 
0 0.657804 0 0.342196 0 
0.194266 0.149498 0.118307 0.254527 0.283402 
0.254632 0 0.595983 0 0.149385 
1 0 0 0 0 
0 0.341481 0.22092 0.437598 0 
0 0.201054 0.355128 0.443818 0 
0.235737 0.510993 0 0.0902725 0.162998 
0.561221 0.160808 0.13969 0.138282 0 
0.789829 0.210171 0 0 0 
0 0.291202 0 0.281424 0.427374 
0 0.224928 0.307645 0.314197 0.15323 
0.245146 0.188928 0.199992 0.214624 0.15131 
0.726601 0.273399 0 0 0 
0.744067 0 0 0.255933 0 
0.547578 0 0.369782 0.0826406 0 
0.222366 0.343432 0 0.434202 0 
0.182104 0.0476339 0 0.341137 0.429126 
0.324291 0.287968 0.262157 0 0.125584 
0.739084 0 0 0.260916 0 
0 0.247996 0 0.375608 0.376396 
0.218222 0.304548 0.148692 0.328538 0 
0 0.532943 0.151036 0.316022 0 
0 0.36301 0 0 0.63699 
0 0.273143 0.202864 0 0.523993 
0.301086 0.405704 0.29321 0 0 
0.125911 0.394483 0.479606 0 0 
0.470405 0 0 0.529595 0 
0.328937 0 0.376038 0.295026 0 
0.354486 0.0739645 0 0.350205 0.221344 
0.149634 0 0 0.423435 0.426931 
0.353328 0 0.344106 0.128257 0.174308 
0 0.29353 0 0.513097 0.193373 
0.250251 0.240871 0.341176 0.167702 0 
0 0 1 0 0 
0.147687 0.243792 0.293785 0.314737 0 
0.145732 0.323753 0 0.253465 0.277051 
0.342631 0.162572 0 0.258177 0.23662 
0.234296 0 0.117012 0.648692 0 
0.186164 0.156887 0 0.293892 0.363056 
0.222082 0 0.55949 0 0.218428 
0 0 0.485608 0 0.514392 
0.283937 0 0.294025 0 0.422039 
0 0.265522 0.28646 0.118498 0.329519 
0 0.230089 0 0.769911 0 
0 0 0 0.759642 0.240358 
0 0 0.42838 0.315124 0.256496 
0.596752 0 0 0.403248 0 
0.547539 0 0 0.140229 0.312233 
0.46249 0 0.53751 0 0 
0 0.590618 0.409382 0 0 
0.535647 0 0 0 0.464353 
0.390244 0.399521 0.134529 0 0.0757061 
1 0 0 0 0 
1 0 0 0 0 
0 0 0.352981 0.401932 0.245087 
0.334954 0.280166 0.384879 0 0 
0.16277 0.314952 0 0.522279 0 
0.249924 0.21152 0.193346 0.168187 0.177023 
0.348583 0 0.651417 0 0 
0 0.612068 0 0.227205 0.160727 
0.338728 0.133666 0.243133 0.284473 0 
0.468531 0 0.43307 0.098399 0 
0 0.279319 0.33476 0.265442 0.120479 
0.233535 0.16295 0.131187 0.188459 0.28387 
0 0 0 0.197927 0.802073 
0 0.731661 0 0 0.268339 
0.429898 0 0.233347 0.336756 0 
0.386169 0 0.3767 0.237131 0 
0 0.698874 0 0 0.301126 
0.22958 0 0.402878 0.280354 0.0871875 
0 0 0.637308 0.362692 0 
0 0 0 0.446649 0.553351 
0 0.382484 0 0 0.617516 
0 0 0 1 0 
0.479423 0.198081 0.0627663 0 0.25973 
0 0.286536 0.274885 0.113605 0.324974 
0.254956 0.409865 0 0 0.335179 
0.167428 0 0.322799 0.509773 0 
0.0657558 0.182627 0.0607871 0.30287 0.38796 
