5 150
0.289018
0.55224
0.589961
0.376331
0.423742
11.2067 0.338983
10.8807 0.431596
10.4184 0.238988
10.1378 0.321681
10.0952 0.441021
9.37621 0.316938
8.97137 1.021
8.80618 0.909525
8.66724 1.10355
8.60904 0.636796
8.5739 0.125919
8.33375 1.59871
8.24546 0.668451
8.18575 1.84146
8.06603 0.263165
7.99505 1.02381
7.79184 0.142264
7.51337 1.111
7.48774 1.45545
7.46631 0.155329
7.44528 0.644571
7.35246 0.435881
7.31098 1.69767
7.3107 2.63217
7.30499 0.668296
6.73527 2.23496
6.63224 0.666992
6.62664 2.67231
6.52928 2.05787
6.51735 2.14269
6.48375 1.17488
6.48301 2.94027
6.42389 1.90076
6.33281 2.68838
6.32301 1.49527
6.2575 0.867926
6.11959 2.21359
6.04245 1.58832
6.01792 1.17859
5.96116 1.77116
5.89665 1.83248
5.62035 3.88052
5.61835 1.88046
5.44241 2.93329
5.10343 2.69685
5.07707 1.64267
4.96453 3.10212
4.93788 2.62464
4.82322 2.85527
4.81984 2.49011
4.81177 3.04366
4.69636 3.76413
4.51935 2.66616
4.46248 4.49467
4.25482 3.21622
4.2407 4.44649
4.13481 4.07512
4.06372 2.86051
4.01082 4.33489
3.89513 2.93975
3.89507 3.56977
3.85142 5.0895
3.67776 3.29603
3.60058 3.66213
3.54086 3.90003
3.53613 3.54374
3.53298 3.97605
3.52922 3.81655
3.49696 5.18584
3.21934 4.78952
3.12751 4.85739
3.08694 3.68032
3.08287 4.55483
2.97632 5.58937
2.9524 3.81231
2.77685 3.71646
2.76727 6.13702
2.7527 3.83631
2.67246 4.8179
2.66921 4.4149
2.62532 4.19359
2.41874 6.2227
2.40429 5.34014
2.36792 4.38083
2.29155 6.73281
2.2292 4.51354
2.04834 5.69002
1.99702 5.36274
1.98803 5.3982
1.90841 6.28275
1.87477 5.60797
1.85044 6.03641
1.83776 4.14869
1.81482 6.29858
1.76479 5.3072
1.72732 6.52495
1.70994 5.45771
1.6715 6.79413
1.6203 6.39449
1.53119 6.9928
1.29743 5.04217
1.26111 7.083
1.15327 5.39409
1.03142 6.61158
1.0227 7.06085
0.915788 6.48972
0.914278 6.27276
0.848139 8.30732
0.837132 7.10576
0.707623 5.36681
0.690218 7.76242
0.686725 6.3022
0.590482 8.47936
0.583714 6.02463
0.546187 8.65475
0.488746 7.85151
0.465945 7.80669
0.440521 6.7332
0.43686 9.71283
0.431974 8.17789
0.431117 7.01575
0.430927 9.12134
0.383252 9.36569
0.366545 9.76683
0.347574 7.0074
0.276826 7.63728
0.268855 6.81245
0.2291 9.61691
0.218471 9.0886
0.206923 8.11095
0.188946 7.45194
0.183766 7.31543
0.176923 7.93159
0.161854 8.26378
0.131744 7.92825
0.0765296 8.17327
0.0656181 9.41687
0.0632354 7.53543
0.0569973 9.68571
0.0538041 8.97532
0.0496304 9.00802
0.0476879 8.60423
0.030292 11.4239
0.0198045 9.92663
0.0172678 8.27062
0.015074 11.7034
0.0129066 8.3169
0.00744276 9.7399
0.00461842 12.146
0.00370653 10.4632
0 0 1 0 0 
0 1 0 0 0 
0 0 0 1 0 
0 0 0 0 1 
0 0 0 1 0 
0 0 0 0 1 
0 0 1 0 0 
0 1 0 0 0 
0 0 1 0 0 
0 0 0 1 0 
1 0 0 0 0 
0 0 1 0 0 
0 0 0 1 0 
0 0 0 0 1 
0 0 1 0 0 
1 0 0 0 0 
0 0 0 1 0 
0 0 0 0 1 
0 0 0 0 1 
0 0 0 0 1 
0 0 1 0 0 
0 1 0 0 0 
0 0 0 1 0 
1 0 0 0 0 
0 0 0 0 1 
1 0 0 0 0 
0 1 0 0 0 
0 1 0 0 0 
0 0 0 0 1 
0 1 0 0 0 
0 0 1 0 0 
0 1 0 0 0 
0 1 0 0 0 
0 0 1 0 0 
0 0 1 0 0 
0 1 0 0 0 
0 0 1 0 0 
0 1 0 0 0 
0 0 0 0 1 
1 0 0 0 0 
0 1 0 0 0 
0 1 0 0 0 
0 1 0 0 0 
1 0 0 0 0 
0 1 0 0 0 
0 0 0 0 1 
1 0 0 0 0 
0 1 0 0 0 
1 0 0 0 0 
0 0 0 1 0 
0 0 0 1 0 
0 0 1 0 0 
0 0 1 0 0 
1 0 0 0 0 
0 0 0 1 0 
0 0 0 0 1 
1 0 0 0 0 
0 1 0 0 0 
0 0 1 0 0 
0 0 1 0 0 
0 0 0 1 0 
0 0 0 1 0 
0 0 1 0 0 
0 0 1 0 0 
1 0 0 0 0 
0 0 0 1 0 
0 0 1 0 0 
0 0 0 1 0 
0 1 0 0 0 
0 1 0 0 0 
0 1 0 0 0 
0 0 0 0 1 
1 0 0 0 0 
0 0 0 0 1 
0 0 0 0 1 
0 0 0 0 1 
0 1 0 0 0 
1 0 0 0 0 
0 0 1 0 0 
0 0 1 0 0 
0 0 0 1 0 
0 0 0 0 1 
0 0 0 0 1 
0 1 0 0 0 
1 0 0 0 0 
0 0 0 1 0 
0 0 0 1 0 
0 0 1 0 0 
1 0 0 0 0 
0 0 0 0 1 
1 0 0 0 0 
0 0 1 0 0 
0 0 0 0 1 
1 0 0 0 0 
0 0 0 1 0 
1 0 0 0 0 
0 0 1 0 0 
0 0 1 0 0 
0 0 0 0 1 
0 0 0 0 1 
0 0 1 0 0 
0 0 0 0 1 
0 0 0 1 0 
0 0 0 0 1 
1 0 0 0 0 
0 0 1 0 0 
0 0 0 0 1 
0 0 1 0 0 
1 0 0 0 0 
0 0 1 0 0 
0 0 0 0 1 
1 0 0 0 0 
0 0 1 0 0 
0 1 0 0 0 
0 1 0 0 0 
0 0 0 0 1 
0 0 0 0 1 
1 0 0 0 0 
0 0 0 0 1 
0 0 0 0 1 
0 1 0 0 0 
0 1 0 0 0 
1 0 0 0 0 
0 0 0 0 1 
0 1 0 0 0 
0 0 0 0 1 
1 0 0 0 0 
0 0 0 0 1 
0 0 1 0 0 
0 1 0 0 0 
1 0 0 0 0 
0 0 0 0 1 
0 0 1 0 0 
0 0 1 0 0 
0 0 0 0 1 
0 0 0 0 1 
0 1 0 0 0 
0 0 1 0 0 
1 0 0 0 0 
0 1 0 0 0 
0 0 0 1 0 
0 0 1 0 0 
0 0 1 0 0 
0 0 0 1 0 
0 0 1 0 0 
0 0 0 1 0 
1 0 0 0 0 
0 1 0 0 0 
0 0 0 1 0 
0 0 0 1 0 
