5 50
0.622631
0.746689
0.41921
0.405934
0.267548
9.89443 0.884882
9.4416 1.15951
8.72391 1.97733
8.58427 1.40457
8.46044 0.864783
7.04397 1.49498
6.97901 2.39346
6.45789 3.10474
6.39645 2.52216
6.30891 2.54029
5.90754 3.34692
5.52762 1.87836
5.28318 2.884
5.05434 3.86231
4.99585 3.03633
4.8527 2.8164
4.80704 3.96792
4.25413 3.03266
4.15476 4.17263
3.83541 3.73112
3.71594 3.81549
3.49109 3.0518
3.48275 2.84139
3.17608 4.81298
2.75412 4.66184
2.71995 4.61195
2.52622 4.26651
2.34565 5.67893
2.04283 4.76343
2.01992 4.97033
1.92048 5.67771
1.91657 5.68046
1.71165 5.76073
1.65945 7.18355
1.45511 6.88438
1.12255 6.22036
1.06733 7.62515
1.0572 8.36757
0.805783 7.19991
0.783166 8.60193
0.763388 6.48424
0.697048 7.56153
0.677619 6.20721
0.55573 6.90691
0.529643 6.20536
0.411264 8.39565
0.320954 10.2916
0.155405 9.88892
0.113211 6.7048
0.0112823 11.3834
0 0 0.658673 0 0.341327 
0.37702 0 0.231916 0.342026 0.049038 
0.201906 0.363776 0 0.173833 0.260486 
0.343583 0.203137 0.191939 0.0998534 0.161488 
0 0 0 1 0 
0 0.190456 0.176238 0 0.633305 
0 1 0 0 0 
0 0 0 0 1 
0 0.52976 0 0 0.47024 
0 0 0 0.18659 0.81341 
0.250663 0.222382 0.205023 0.321932 0 
0 0.198715 0.452486 0 0.348799 
0.402469 0.417257 0.089124 0.0911507 0 
0.257459 0.230928 0.222532 0.167338 0.121743 
0.324852 0.211719 0.272414 0 0.191015 
0.28281 0.336613 0.24492 0 0.135657 
0.201128 0.141348 0.171066 0.13815 0.348308 
0.522527 0 0 0 0.477473 
0.243376 0 0.274315 0.216046 0.266262 
0.198116 0.415532 0.386352 0 0 
0.436203 0 0.244297 0.319501 0 
0 0 0.364289 0.125106 0.510605 
0.553756 0 0.336101 0.110144 0 
0 0 0.37693 0.105003 0.518067 
0.616252 0 0 0 0.383748 
0 0.369158 0.630842 0 0 
0.339578 0.208658 0.0889627 0 0.362802 
0 0 0 1 0 
0.307348 0 0 0.692652 0 
0 0.180987 0.392662 0.130104 0.296247 
0.187737 0.391764 0.169217 0 0.251282 
0 0 0.687844 0 0.312156 
0.235114 0.268303 0 0.368058 0.128524 
0.366955 0.0705828 0.422528 0.139935 0 
0.198658 0 0.133564 0.341038 0.32674 
0.591119 0 0 0.100479 0.308402 
0 0.7388 0 0 0.2612 
0 0 0.651146 0.348855 0 
1 0 0 0 0 
0 0.282217 0.575866 0 0.141916 
0 0 0.146169 0.853831 0 
0 0.310976 0.472149 0 0.216875 
0 0 0.377013 0.448769 0.174217 
0 0.175685 0 0.345355 0.47896 
0 0.322978 0 0.677022 0 
0.110224 0.430101 0 0.286305 0.17337 
0 0 0.554799 0.445201 0 
0.194076 0.345432 0.215351 0.140901 0.10424 
0.232641 0.267908 0 0 0.499451 
0.260658 0.164509 0.251234 0.323599 0 
