5 150
0.405629
0.709914
0.465506
0.590678
0.597682
11.18 0.261217
10.8262 0.124491
10.8108 0.302027
10.5997 0.433053
10.1838 0.679853
10.1694 0.678302
9.75019 0.177267
9.08965 0.473045
9.02784 1.20317
8.88914 0.711993
8.70085 1.55713
8.69709 0.748235
8.57393 0.997069
8.28019 1.75046
8.24014 0.177453
7.91543 2.25453
7.79971 2.23057
7.76694 0.575606
7.58655 0.370181
7.56551 1.73298
7.49071 1.99923
7.31787 2.0617
7.25835 2.192
7.23581 2.22897
7.22316 1.51631
7.11783 0.432596
7.06421 1.13707
6.91431 0.834812
6.8657 1.51977
6.8335 1.87142
6.59214 2.1948
6.57519 1.64345
6.50556 1.10724
6.42217 3.12114
6.2544 3.5027
6.06182 1.71597
5.96306 1.69469
5.58624 2.78803
5.46804 2.17014
5.32859 2.18772
5.32683 3.69627
5.29154 3.02488
5.28495 3.94343
5.21836 3.35835
5.21026 2.1502
5.17789 2.74022
5.02134 2.74819
4.4756 3.64334
4.3971 3.31773
4.2696 3.07563
4.25475 3.14421
4.23855 3.02369
4.23236 4.62982
4.12056 4.99428
4.08593 3.13758
3.82581 2.68944
3.77117 4.61718
3.60638 2.82376
3.50943 4.66098
3.49645 4.42903
3.47846 3.52639
3.25529 5.50422
3.24138 3.70473
3.1999 3.82552
3.15616 4.3415
2.96049 3.86684
2.8601 5.02469
2.70457 3.62872
2.69794 5.72949
2.67186 4.67742
2.65264 4.44527
2.62 5.33279
2.45647 6.13789
2.40421 4.73167
2.4033 4.41603
2.34679 5.24577
2.32326 5.05963
2.29277 5.87085
2.28755 5.03124
2.27843 6.0095
2.26073 6.95451
2.23741 4.89554
2.21015 4.89314
2.0579 5.73023
2.0066 4.36828
1.92953 5.54929
1.78229 6.43231
1.59395 5.97138
1.56761 4.84303
1.41967 5.82328
1.40079 5.91422
1.35949 6.15054
1.33945 5.32873
1.2675 7.45369
1.23564 6.23556
1.15289 7.26106
1.13782 7.72329
1.11669 7.11818
1.07013 5.6473
1.05128 7.9268
1.00441 6.42983
0.977283 8.26422
0.931366 6.19285
0.915122 5.8298
0.898901 6.77291
0.880007 6.55631
0.872334 8.72346
0.844538 9.03503
0.827471 6.84864
0.82145 6.02259
0.812231 7.98701
0.805415 8.68323
0.805035 8.76051
0.796323 7.39281
0.750975 7.80013
0.714218 6.19729
0.706411 6.40482
0.671404 7.09491
0.645645 7.27487
0.582777 6.916
0.558878 7.22364
0.521687 6.46385
0.485776 7.48338
0.450467 6.42764
0.439331 9.80815
0.39815 8.50616
0.354345 6.08701
0.320423 8.32575
0.317394 9.35053
0.305174 7.55378
0.278345 10.2907
0.249738 10.2648
0.241474 9.92935
0.229525 9.00949
0.226461 9.87696
0.216434 8.8901
0.198928 7.86904
0.174126 7.21702
0.169835 6.8726
0.146262 9.9192
0.14515 7.42461
0.125621 9.92368
0.111521 8.22716
0.104095 10.5228
0.0947963 8.68039
0.0945895 6.78407
0.0897126 8.72425
0.0788188 7.85868
0.0287737 11.0163
0.00478204 10.6074
0.254278 0 0.336354 0.23547 0.173898 
0 0.550793 0 0.449207 0 
0 1 0 0 0 
0 0 1 0 0 
0.149268 0 0 0.850732 0 
0 0 0 1 0 
0 0 0 0.563329 0.436671 
0 0 1 0 0 
0.705954 0 0 0 0.294046 
0 0 0.541928 0.458072 0 
0.816332 0 0.183668 0 0 
0 0.376639 0.218596 0 0.404765 
0 0 0 1 0 
0 0 0 0.811061 0.188939 
0 0 0.203448 0 0.796552 
0 0 1 0 0 
0 0.328669 0.459193 0.212138 0 
1 0 0 0 0 
0 0 0 0 1 
0.107947 0.329572 0 0.345997 0.216484 
0 1 0 0 0 
0.428805 0 0 0.40698 0.164215 
0 0.516657 0 0 0.483343 
0.296907 0.430888 0 0.0969134 0.175291 
0.386119 0.317665 0 0 0.296215 
0 0 0 0 1 
0 0.354027 0 0.348004 0.297968 
0 0 1 0 0 
0 0 0 0 1 
0.622624 0 0 0 0.377376 
0 1 0 0 0 
1 0 0 0 0 
0 0 0 0 0.619765 
0.266257 0 0 0 1 
1 0 0 0 0 
0 0 1 0 0 
0 0 0.273769 0.360083 0.366149 
0 0 0 0 1 
0.377963 0 0.0931348 0.528902 0 
0 0.116344 0.275235 0.391936 0.216485 
0 0.18314 0.81686 0 0 
0 0 1 0 0 
0.676983 0.323017 0 0 0 
0 0.693965 0 0 0.306034 
1 0 0 0 0 
0 0 0.882099 0 0.117901 
0.733083 0 0 0 0.266917 
0 0 0 0 1 
0.562361 0.437639 0 0 0 
0 0 1 0 0 
0 0 0 0.74525 0.25475 
0 0 1 0 0 
0.679853 0.320147 0 0 0 
0 0.436165 0 0 0.563835 
0.542898 0 0.127878 0 0.329224 
0.26924 0 0.145982 0.584778 0 
0.134116 0.288407 0 0.248129 0.329347 
0 0 0.497183 0 0.502817 
0 0.450131 0.325291 0 0.224578 
0.464502 0 0.535498 0 0 
0.432849 0 0 0.567151 0 
0.101835 0.282297 0.362329 0 0.25354 
0.26361 0.442467 0 0 0.293923 
0 0.149153 0 0.522815 0.328031 
0.363354 0.176336 0 0.460309 0 
0.209058 0.362339 0.156029 0.272575 0 
0.233509 0 0.176407 0 0.590083 
0.504918 0.495082 0 0 0 
0 0 0.232241 0.767759 0 
0.504112 0 0 0 0.495888 
0.514165 0 0.485835 0 0 
0 0.393557 0 0.427507 0.178936 
0.567107 0 0.230118 0.202775 0 
0.296205 0 0.335633 0.368163 0 
0 1 0 0 0 
0 0 0.352777 0.647223 0 
0.197988 0 0.317463 0 0.484549 
0 0 0.611374 0 0.388626 
1 0 0 0 0 
0 0.330862 0 0.669138 0 
0 0 0 1 0 
0 0.685388 0 0 0.314612 
0.811526 0 0 0 0.188474 
1 0 0 0 0 
0 0 0.425086 0.149815 0.425099 
0.188728 0 0 0 0.811272 
0 1 0 0 0 
0.537148 0.462852 0 0 0 
0.478324 0 0 0 0.521676 
0.241836 0 0 0 0.758164 
0 0 0.358095 0.0981084 0.543796 
0.309539 0.358874 0 0.331586 0 
1 0 0 0 0 
0.499944 0 0 0.162453 0.337602 
0 1 0 0 0 
0.269138 0 0 0.390489 0.340372 
0 0 0.170314 0.2307 0.598986 
0 1 0 0 0 
1 0 0 0 0 
0 0 1 0 0 
0 0 0.543854 0 0.456146 
0 0.429811 0.228216 0 0.341973 
0 0.647458 0.352542 0 0 
1 0 0 0 0 
0 0.272016 0.430799 0 0.297185 
0 0.605083 0 0 0.394917 
0 0.58083 0 0.41917 0 
0 0 0.400319 0 0.599681 
0 1 0 0 0 
0.532947 0 0.467053 0 0 
1 0 0 0 0 
0 0.3067 0.45539 0.23791 0 
0 0 0 1 0 
0.295773 0.371705 0 0 0.332523 
0 0 0.326348 0 0.673652 
0 0 0 0.64547 0.35453 
0 0.206907 0 0 0.793093 
0 0 0 0 1 
0.35347 0 0.472133 0 0.174398 
0 0 0.27236 0 0.72764 
0 0.162331 0.165601 0.301688 0.37038 
0 0 0.446078 0 0.553922 
0 0.685972 0 0 0.314028 
0.115228 0.493752 0 0.39102 0 
0 0 0 1 0 
0.216058 0.36533 0.418613 0 0 
0 0 0.278301 0 0.721699 
0 1 0 0 0 
0.208411 0 0.791589 0 0 
0 1 0 0 0 
0 0 0.434597 0 0.565403 
0 0.486431 0 0 0.513569 
0 1 0 0 0 
0 0 1 0 0 
1 0 0 0 0 
0.588474 0 0.411526 0 0 
0 0.555588 0.444412 0 0 
0 0 1 0 0 
0 0 0 1 0 
0 1 0 0 0 
0.300702 0 0.699298 0 0 
0 0.446217 0 0 0.553783 
0.4088 0.5912 0 0 0 
0.30825 0 0.69175 0 0 
0 0 0.449554 0.550446 0 
0 0 0.709663 0 0.290337 
0 0 1 0 0 
0.214552 0.169261 0 0.400036 0.216151 
0 0 1 0 0 
0 0.425122 0 0.574879 0 
