5 150
0.72235
0.525689
0.470985
0.464362
0.560694
12.1268 0.116138
11.4335 0.455227
10.9673 0.154168
10.6322 0.357691
10.5329 0.337772
10.3523 0.62812
10.0764 0.977833
9.89274 1.25172
9.59461 0.443678
9.2378 0.0886592
8.92629 0.99112
8.88762 1.42253
8.75289 1.07385
8.61073 1.02209
8.55717 0.765904
8.09434 0.713529
8.02458 1.13269
7.99937 1.33978
7.97634 0.77452
7.70501 0.284426
7.51932 1.26047
7.48981 0.610665
7.3041 0.99641
7.29553 0.272348
7.196 0.429996
6.99068 0.348446
6.68431 0.831699
6.57372 1.20658
6.40553 1.83135
6.36548 2.56508
6.1369 3.17789
6.10737 3.38505
6.05262 2.70057
5.94989 1.21416
5.74291 2.97073
5.72911 2.61224
5.63734 2.02967
5.39589 2.49261
5.31837 1.94715
5.30602 2.56271
5.3002 3.40748
5.27559 2.32141
5.21024 2.09766
5.20589 2.67952
5.05848 2.2787
4.84073 2.67075
4.82086 3.10636
4.75929 2.59204
4.73987 3.80372
4.63634 3.02864
4.57418 3.69441
4.52068 3.128
4.47038 3.06331
4.34847 2.22836
4.33416 4.5868
4.32064 3.4625
4.27174 2.43451
4.19673 3.23365
4.10026 3.27468
4.02778 2.35897
3.87599 4.27856
3.65121 2.94473
3.39381 5.36139
3.18832 4.17421
3.16249 3.70783
3.12066 3.3024
2.9961 4.11591
2.90295 4.47806
2.88325 5.60201
2.85216 3.88042
2.77835 6.02892
2.73211 4.30218
2.70913 4.22863
2.47754 6.07881
2.43304 6.21467
2.41337 4.8589
2.34981 5.51366
2.29091 6.20966
2.15278 5.98959
1.95158 5.74191
1.8943 6.75682
1.77411 4.63102
1.77241 6.73273
1.73987 5.87068
1.65752 5.92614
1.48144 4.74913
1.4197 7.6525
1.37182 6.17258
1.21033 6.58344
1.17969 6.33829
1.15067 5.05448
1.14368 5.83018
1.05579 5.14108
1.0124 6.60006
0.970246 6.62698
0.968065 7.52988
0.895253 8.23851
0.823775 5.80719
0.782681 8.96821
0.742394 6.69645
0.73012 7.41196
0.680417 5.74959
0.672712 8.5678
0.625508 7.98697
0.610787 5.83437
0.60001 8.13751
0.465844 8.02208
0.433607 7.27354
0.390908 9.34483
0.379376 7.50014
0.37724 10.016
0.376442 8.59826
0.332322 9.21763
0.32845 9.69828
0.295905 7.21592
0.266671 10.2699
0.265231 8.42465
0.236061 8.33777
0.216605 8.66606
0.213621 8.05045
0.20457 9.44375
0.194485 7.80036
0.192876 8.97587
0.1905 9.83905
0.177215 6.51836
0.168066 9.63725
0.164712 8.76626
0.153314 11.0713
0.140716 8.64656
0.140128 9.93167
0.108542 7.57604
0.102908 8.70679
0.0941337 9.02194
0.0596024 10.0501
0.0594266 8.27268
0.0579763 9.19643
0.0573354 6.96874
0.0369603 8.34563
0.036776 10.2888
0.0343594 11.0426
0.0316869 8.85891
0.0199747 9.55154
0.0138704 7.60487
0.00958499 9.73273
0.00901129 10.8422
0.00311439 10.8839
0.00231883 11.4326
0.00221842 9.9495
0.00173546 9.21665
0.00133934 9.0077
0 0 1 0 0 
0 0 0.28923 0.22774 0.483029 
0 0 0 1 0 
0 1 0 0 0 
0 1 0 0 0 
0 0 0.117409 0 0.882591 
0 0 1 0 0 
0 0 1 0 0 
1 0 0 0 0 
0 0 0 0 1 
0 0 0 1 0 
1 0 0 0 0 
0 0 0.490606 0 0.509394 
0.365524 0 0 0.192775 0.441701 
1 0 0 0 0 
0 0 0 1 0 
0 0.213821 0.147 0.639179 0 
0 0.408614 0 0.591386 0 
0 0 0 1 0 
0 0 1 0 0 
0 0 0.247218 0.381022 0.37176 
0 0 0 0 1 
1 0 0 0 0 
0 0 1 0 0 
1 0 0 0 0 
0 0 0 0 1 
0 1 0 0 0 
0 1 0 0 0 
0 0.476487 0 0.523513 0 
0.298894 0.701106 0 0 0 
0 0 0.437039 0 0.562961 
1 0 0 0 0 
0.12893 0.356471 0 0 0.514598 
0 1 0 0 0 
1 0 0 0 0 
1 0 0 0 0 
0 0 0 1 0 
0 0 0 1 0 
0 0 0.443224 0 0.556776 
0.714775 0 0.285225 0 0 
0 0 0 1 0 
0 0 0 1 0 
0.404597 0 0 0.595403 0 
0 0 0 1 0 
0 0.20013 0 0.79987 0 
0 0 0.578519 0 0.421481 
0.49717 0 0.50283 0 0 
0 0 0 0 1 
1 0 0 0 0 
0 1 0 0 0 
0.537128 0.462872 0 0 0 
1 0 0 0 0 
1 0 0 0 0 
0 0 0 1 0 
0 1 0 0 0 
0.571314 0 0.428686 0 0 
0 1 0 0 0 
0.226705 0 0.179107 0.594188 0 
0 0.621831 0 0 0.378169 
0 0 1 0 0 
0 0 0 0.537945 0.462055 
0 0 0 0 1 
0.633566 0.366434 0 0 0 
0 0 1 0 0 
0 0.428104 0.571896 0 0 
0.546655 0 0 0.453345 0 
0.505726 0 0.494274 0 0 
0 0.315981 0 0.684019 0 
1 0 0 0 0 
0 0 0 0 1 
0.674059 0 0 0 0.325941 
0 0 1 0 0 
0 1 0 0 0 
0 0.574485 0.425515 0 0 
0 0 0 0 1 
0 0 1 0 0 
0 0.306248 0 0.227364 0.466388 
1 0 0 0 0 
0 0 0 0 1 
0 0 0 0 1 
0 0 0 0 1 
0 1 0 0 0 
0 0 1 0 0 
0.625802 0.374198 0 0 0 
0.630148 0 0 0 0.369852 
1 0 0 0 0 
0.333852 0 0 0 0.666148 
1 0 0 0 0 
0 0.200761 0.799239 0 0 
0.536128 0.0809094 0 0.382963 0 
0 0 0 1 0 
0 0 1 0 0 
1 0 0 0 0 
0 0 0 0 1 
1 0 0 0 0 
0.467687 0.532313 0 0 0 
0.339462 0 0 0.660538 0 
0 0 0.629101 0.370899 0 
0.678811 0 0 0 0.321189 
0 0 0 1 0 
0 0.450432 0.549568 0 0 
0 1 0 0 0 
0 0.429792 0 0 0.570208 
0 0.600957 0 0.399043 0 
0.233468 0 0 0.766532 0 
0 0 0 0 1 
0.142478 0 0 0.857521 0 
0 1 0 0 0 
0 1 0 0 0 
0.851476 0 0.148524 0 0 
0.504323 0.495677 0 0 0 
0 0.127448 0.872552 0 0 
0.309759 0 0 0 0.690241 
0.276815 0.368063 0 0 0.355122 
0 0.319059 0.680941 0 0 
0 0 0.552876 0 0.447124 
1 0 0 0 0 
0 0 0 1 0 
1 0 0 0 0 
0 0 0 0 1 
0 0 0 0.427089 0.57291 
0.505979 0 0 0 0.494021 
0.353878 0.646122 0 0 0 
0 0 0 0.239857 0.760143 
0 0 0 1 0 
0 1 0 0 0 
0 0.525058 0 0.474942 0 
0 0.427829 0.572171 0 0 
0 1 0 0 0 
0 0 0.370352 0 0.629648 
1 0 0 0 0 
1 0 0 0 0 
0 1 0 0 0 
0.485942 0 0 0.514058 0 
0.448449 0 0 0.551551 0 
0 0 0 0 1 
0.429275 0 0 0.570725 0 
0.392353 0.607647 0 0 0 
0 0 0 0 1 
1 0 0 0 0 
0 0 0 0.593205 0.406795 
0 0 0 0 1 
0 1 0 0 0 
0 0 1 0 0 
0 0 0 0 1 
0 1 0 0 0 
0 0.862242 0.137758 0 0 
0.346663 0 0.338696 0.314641 0 
1 0 0 0 0 
1 0 0 0 0 
