5 200
0.561335
0.353793
0.723907
0.676466
0.463981
11.5329 0.322416
11.4018 0.094252
11.0622 0.443278
10.776 0.369248
10.4145 0.167309
10.3919 0.712147
10.169 0.753209
9.9987 0.185889
9.96947 0.319699
9.69211 0.707177
9.68674 0.995977
9.42449 1.19366
9.25724 0.416572
9.19371 0.970645
8.73312 0.180176
8.54907 0.989403
8.47283 0.982726
8.3679 1.09192
8.00344 0.961
7.82536 2.19485
7.64491 1.69087
7.52293 0.146009
7.37866 1.66778
7.37455 0.680902
7.36336 0.995451
7.29144 1.6669
7.1758 1.9707
7.0726 1.17899
6.88609 0.425814
6.88596 1.47205
6.7183 2.3173
6.61647 1.4569
6.61505 1.93663
6.44473 0.805269
6.39755 1.64874
6.3121 1.68867
6.28141 1.35369
6.24007 1.68818
6.2293 2.26212
6.22719 3.43412
6.20903 1.67089
6.09978 2.47097
6.08792 2.2645
5.95469 1.98208
5.88337 3.82679
5.8404 1.66763
5.7961 2.78771
5.77375 2.46074
5.69708 1.92107
5.62324 2.01456
5.47469 1.82569
5.43494 3.28634
5.32159 1.76332
5.27292 3.23684
5.21361 3.52538
5.00104 2.22702
4.89239 3.88711
4.78151 2.18385
4.6254 2.61726
4.61786 3.11842
4.60004 2.84002
4.52478 2.91444
4.52185 3.68309
4.4044 3.09533
4.36289 3.06807
4.23529 3.29369
4.22814 2.43985
4.1878 3.16423
4.1638 3.75178
4.05049 5.0214
3.99237 3.23535
3.96051 3.45126
3.90589 2.66568
3.89764 4.2087
3.64293 2.5756
3.59117 4.01743
3.5034 3.8072
3.47924 3.23013
3.33355 5.15026
3.32084 3.97159
3.15351 4.63296
3.14961 6.07678
3.0802 4.72246
3.05624 5.45623
2.98969 4.48567
2.90142 3.12281
2.88996 4.8349
2.88466 6.28608
2.82597 3.74333
2.81732 4.8118
2.7075 4.58564
2.68872 3.96833
2.6798 4.59986
2.60931 6.15537
2.60781 5.4304
2.34196 4.78662
2.31703 5.51341
2.19464 5.20431
2.18791 5.31815
2.16835 5.47773
2.13769 5.77152
2.11093 5.2507
1.96932 6.05413
1.96476 5.46395
1.96189 4.76259
1.85869 4.15889
1.83033 5.17842
1.8242 5.92726
1.80268 6.82576
1.79146 4.95055
1.75289 4.99571
1.75269 4.55632
1.75031 4.5964
1.75022 4.28793
1.71838 5.01254
1.61934 7.45763
1.42156 7.87852
1.36433 5.08842
1.36007 5.77251
1.27998 5.59093
1.27082 5.6193
1.24656 6.91715
1.2194 7.15957
1.18149 6.80071
1.11332 5.37566
1.10874 6.45946
1.10779 7.64569
1.10719 6.89201
1.08241 7.45954
1.05888 8.41643
1.05809 6.56441
1.05001 8.20643
1.01801 6.74093
1.01087 7.48067
0.949676 8.43722
0.939301 7.9183
0.934489 7.83903
0.896861 7.27944
0.887155 7.3759
0.871687 6.49757
0.866749 5.77022
0.866118 7.28925
0.861064 6.03849
0.787392 8.34936
0.768107 7.23158
0.717315 7.12497
0.713796 6.49839
0.706394 7.07471
0.696809 7.92907
0.693563 7.9007
0.67187 7.34938
0.653118 8.06123
0.640072 8.82706
0.62919 6.14871
0.600824 7.94312
0.534945 7.17034
0.496249 9.13786
0.442034 7.01904
0.437324 7.98529
0.420222 8.02563
0.414273 6.19328
0.393501 9.46051
0.351675 8.81801
0.337208 10.3601
0.336072 8.57474
0.328655 7.83085
0.319577 9.61384
0.308475 9.56624
0.30238 7.69573
0.279854 7.33655
0.230646 8.29334
0.2272 8.44414
0.223289 9.53387
0.222214 7.70042
0.210832 7.55276
0.193214 8.78337
0.183736 8.52817
0.176485 8.04597
0.157765 8.5347
0.155351 8.81574
0.133201 7.62656
0.0936276 6.76149
0.0901827 8.79216
0.0823982 9.74806
0.079374 7.41105
0.0557289 10.4273
0.049344 10.9339
0.041156 9.3177
0.0314812 9.77443
0.024831 10.3953
0.0219399 9.97662
0.0200293 8.7238
0.0183916 7.45946
0.0182685 9.159
0.0141222 9.54064
0.011176 7.60625
0.0091819 9.08386
0.00459139 9.60421
0.00293874 8.18868
0.000832458 8.11519
0 0 0 1 0 
0 0 0 1 0 
0 0 0 0 1 
1 0 0 0 0 
0 1 0 0 0 
0 1 0 0 0 
1 0 0 0 0 
0 1 0 0 0 
1 0 0 0 0 
0 0 0 1 0 
0 0 1 0 0 
1 0 0 0 0 
0 0 0 1 0 
0 0 0 1 0 
0 0 0 1 0 
1 0 0 0 0 
0 1 0 0 0 
0 1 0 0 0 
0 1 0 0 0 
0 0 1 0 0 
0 0 0 0 1 
1 0 0 0 0 
0 0 0 0 1 
0 0 0 1 0 
0 0 0 1 0 
1 0 0 0 0 
1 0 0 0 0 
0 0 0 0 1 
0 0 0 1 0 
0 0 0 1 0 
0 0 0 0 1 
0 0 0 1 0 
0 0 0 1 0 
0 1 0 0 0 
1 0 0 0 0 
0 0 0 1 0 
1 0 0 0 0 
0 1 0 0 0 
0 0 0 1 0 
1 0 0 0 0 
0 0 0 1 0 
0 0 0 0 1 
0 1 0 0 0 
0 1 0 0 0 
0 0 0 1 0 
0 0 0 1 0 
0 0 0 0 1 
0 1 0 0 0 
0 0 1 0 0 
0 0 0 0 1 
0 0 0 1 0 
0 1 0 0 0 
1 0 0 0 0 
0 0 1 0 0 
0 0 0 1 0 
0 1 0 0 0 
0 0 0 0 1 
0 0 0 1 0 
0 1 0 0 0 
0 0 0 0 1 
1 0 0 0 0 
0 0 0 1 0 
0 0 1 0 0 
0 0 0 0 1 
0 1 0 0 0 
0 1 0 0 0 
1 0 0 0 0 
0 0 1 0 0 
1 0 0 0 0 
1 0 0 0 0 
0 0 0 0 1 
0 0 0 0 1 
0 0 0 1 0 
0 0 0 1 0 
0 0 0 0 1 
0 0 0 0 1 
0 1 0 0 0 
0 1 0 0 0 
0 0 0 1 0 
1 0 0 0 0 
0 0 0 0 1 
0 1 0 0 0 
1 0 0 0 0 
0 0 0 0 1 
1 0 0 0 0 
0 0 0 1 0 
1 0 0 0 0 
0 0 0 0 1 
0 0 0 0 1 
0 0 1 0 0 
0 0 0 0 1 
0 0 0 1 0 
1 0 0 0 0 
1 0 0 0 0 
0 0 0 0 1 
0 0 0 1 0 
0 0 0 1 0 
0 0 1 0 0 
0 0 0 1 0 
0 0 0 1 0 
0 0 0 1 0 
0 0 1 0 0 
0 0 1 0 0 
0 0 0 0 1 
1 0 0 0 0 
0 0 0 1 0 
0 0 0 0 1 
0 0 0 0 1 
0 1 0 0 0 
0 0 0 0 1 
0 0 0 1 0 
0 0 1 0 0 
1 0 0 0 0 
1 0 0 0 0 
0 0 0 0 1 
0 1 0 0 0 
0 1 0 0 0 
1 0 0 0 0 
0 1 0 0 0 
1 0 0 0 0 
0 0 1 0 0 
0 0 0 1 0 
1 0 0 0 0 
1 0 0 0 0 
0 0 0 1 0 
0 0 1 0 0 
1 0 0 0 0 
0 0 0 1 0 
0 0 0 0 1 
0 1 0 0 0 
0 1 0 0 0 
0 0 1 0 0 
1 0 0 0 0 
1 0 0 0 0 
0 0 0 0 1 
0 0 0 0 1 
0 0 0 1 0 
0 0 0 0 1 
0 0 0 0 1 
0 0 1 0 0 
0 0 1 0 0 
0 0 0 1 0 
1 0 0 0 0 
0 0 0 1 0 
1 0 0 0 0 
0 1 0 0 0 
0 0 0 1 0 
0 0 0 1 0 
0 1 0 0 0 
1 0 0 0 0 
1 0 0 0 0 
0 0 1 0 0 
1 0 0 0 0 
1 0 0 0 0 
1 0 0 0 0 
0 0 0 1 0 
1 0 0 0 0 
0 1 0 0 0 
1 0 0 0 0 
0 0 0 0 1 
0 1 0 0 0 
0 0 0 1 0 
0 0 0 0 1 
0 0 1 0 0 
0 1 0 0 0 
0 0 1 0 0 
1 0 0 0 0 
0 0 0 1 0 
0 0 0 0 1 
0 0 0 1 0 
1 0 0 0 0 
0 0 1 0 0 
1 0 0 0 0 
1 0 0 0 0 
0 1 0 0 0 
0 0 0 1 0 
0 0 0 1 0 
0 0 0 1 0 
0 0 1 0 0 
0 1 0 0 0 
1 0 0 0 0 
1 0 0 0 0 
0 0 1 0 0 
0 0 0 1 0 
0 1 0 0 0 
0 0 1 0 0 
0 0 0 1 0 
0 1 0 0 0 
0 1 0 0 0 
1 0 0 0 0 
1 0 0 0 0 
0 0 0 1 0 
0 0 0 1 0 
0 0 0 1 0 
0 0 0 1 0 
0 0 0 0 1 
0 0 0 1 0 
0 1 0 0 0 
0 0 0 1 0 
0 1 0 0 0 
