5 100
0.288087
0.62315
0.718383
0.331454
0.44602
11.245 0.337353
11.202 0.334803
11.1831 0.530554
11.0285 0.12856
10.5114 0.795759
9.55299 0.245854
9.4177 0.903931
9.15273 0.605144
8.56115 1.43054
8.52813 1.49105
8.25859 0.876255
7.99307 1.02303
7.65612 2.09935
7.65578 1.81578
7.5239 0.174602
7.4702 1.0632
7.26371 1.35539
7.22497 0.394437
7.20539 2.71585
6.95394 1.60705
6.88141 0.648904
6.72841 2.52991
6.51798 1.86536
6.27894 1.71315
6.1642 2.53916
6.14738 2.29852
5.483 2.21395
5.38729 2.22748
5.30329 3.29514
5.30225 2.88354
5.13132 2.91228
4.99227 2.56659
4.41099 2.51044
4.37386 3.11421
4.22538 3.06275
3.93825 5.23256
3.85421 3.43904
3.66848 3.15835
3.56365 4.3961
3.40234 5.25743
3.0376 3.19879
2.9557 3.66058
2.93821 5.2886
2.85043 3.28044
2.70852 3.757
2.66484 4.71006
2.46208 4.79115
2.44317 3.78373
2.22288 4.73381
2.18756 6.55233
2.1126 5.72038
2.07549 5.20471
2.04084 5.9265
2.03566 5.86121
1.98035 5.47477
1.96198 6.05365
1.85658 7.1458
1.8382 4.04899
1.82844 4.4701
1.77413 6.14578
1.71839 4.47805
1.70411 5.94568
1.55781 7.05556
1.53491 5.28399
1.48974 5.64199
1.33629 7.4884
1.18104 6.74454
1.17866 5.88731
1.16724 6.75232
1.16109 6.60243
1.15307 5.57583
1.05624 6.30253
1.04756 6.18525
1.04292 5.28962
0.989409 6.87989
0.953667 6.0966
0.90072 6.33298
0.73063 7.31632
0.652886 6.15104
0.54536 8.66887
0.527044 6.88769
0.490677 5.89244
0.488015 6.81946
0.42597 7.06974
0.418212 6.96759
0.365167 6.29639
0.287655 7.44403
0.284341 8.39426
0.237282 6.74724
0.205859 8.23544
0.133165 7.19384
0.12765 8.38938
0.115824 7.1602
0.102995 8.81626
0.0770708 7.11328
0.076203 8.02817
0.0317719 11.652
0.0271886 9.34285
0.0208795 8.0491
0.0109664 8.02064
0.651868 0 0 0 0.348132 
0.195395 0.396735 0 0.226125 0.181745 
0 0 0 1 0 
1 0 0 0 0 
0 0.592722 0 0.108704 0.298574 
0.135759 0.245656 0.402164 0 0.216421 
0.202174 0 0 0.797826 0 
0.137086 0.301961 0 0.560952 0 
0.533339 0 0 0 0.466661 
0.481504 0 0 0.149386 0.36911 
0 0 0.590902 0.409098 0 
0 0 0 0 1 
0.107347 0.345311 0.2702 0.0467331 0.230409 
0 0.157865 0 0.254381 0.587755 
0 0 0.459207 0.274323 0.26647 
0 0.378151 0.151526 0 0.470322 
0.243853 0.255783 0.14946 0.248307 0.102598 
0 0.792016 0 0.207984 0 
0 0 0.287471 0 0.712529 
0 0.445147 0.554853 0 0 
0.381887 0.304364 0 0 0.31375 
0.600603 0 0.256068 0 0.143329 
0 1 0 0 0 
1 0 0 0 0 
0.179544 0.0402505 0.265208 0.310213 0.204785 
0.161999 0.431504 0 0.406496 0 
0.209632 0.4382 0 0 0.352168 
0.160957 0 0.374388 0 0.464655 
0 0.148642 0 0.851358 0 
0.746442 0.157966 0 0 0.0955919 
0.410678 0 0 0 0.589322 
0.707389 0 0 0 0.292611 
0.277906 0.187121 0 0.264316 0.270657 
0.167714 0 0.508457 0.323829 0 
0 0.814923 0 0 0.185077 
0.516041 0.154741 0.329218 0 0 
0 0 1 0 0 
0 0 0.603679 0 0.396321 
0 0.401805 0.598195 0 0 
0 1 0 0 0 
0 0.480684 0.11067 0.408646 0 
0.355779 0.16595 0 0.478271 0 
1 0 0 0 0 
0.0525797 0.318611 0 0.36517 0.26364 
0.228812 0.0641085 0.313605 0.257111 0.136364 
0 0.28602 0.71398 0 0 
0.532874 0.467126 0 0 0 
0 0 0 0.768294 0.231706 
0 0 0.23415 0.39181 0.37404 
0.49978 0.366448 0 0 0.133771 
1 0 0 0 0 
0 0 1 0 0 
0 0 0 0.758592 0.241408 
0.256397 0.22581 0.0897073 0.148053 0.280033 
0.427639 0.0875841 0.484777 0 0 
0 0.226502 0 0.249581 0.523917 
0.871214 0 0 0 0.128786 
0 0 0.258229 0.175899 0.565871 
0.515554 0.0840883 0.400358 0 0 
0 0.258283 0.128454 0.613263 0 
0 0.734899 0 0.265101 0 
0.522826 0 0.477174 0 0 
0 0.643757 0 0.25292 0.103323 
0 0.421517 0 0.578483 0 
0.551744 0 0.448256 0 0 
0.267197 0 0 0.732803 0 
0.279014 0.317247 0.17386 0 0.229879 
0 0 0.136786 0 0.863214 
0 0 0 0.701743 0.298257 
0 0.209218 0 0.189478 0.601304 
0 0.540327 0 0 0.459673 
0 0.435421 0.102961 0 0.461618 
0.292877 0.287298 0 0.168178 0.251647 
0.324912 0.675088 0 0 0 
0.269458 0.512263 0 0 0.218279 
0 0 1 0 0 
0 1 0 0 0 
0.404095 0.157397 0.330721 0 0.107787 
0 0 0.225184 0 0.774816 
0 0.286672 0.0605776 0.313366 0.339385 
0 0 0 0 1 
0.302496 0.461426 0 0.236079 0 
0 0 0.374801 0.450495 0.174704 
0 0 0 0 1 
0.271914 0.312244 0.270851 0.144991 0 
0 0.421117 0.291605 0.287278 0 
0.0767622 0.559443 0 0.363795 0 
0 0 0 0.47164 0.528359 
0 1 0 0 0 
0 0 0.35773 0.256744 0.385526 
0 0 0 0 1 
0 0 0 0 1 
0.524855 0 0 0 0.475145 
0.492765 0.507235 0 0 0 
0 0.316364 0 0.370635 0.313001 
0.47092 0 0 0.52908 0 
0 0 1 0 0 
0 1 0 0 0 
0.292824 0.179716 0.0944066 0 0.433053 
0.203989 0 0 0.558076 0.237936 
