5 50
0.603313
0.481712
0.475349
0.57635
0.37212
10.9505 0.371294
8.07624 1.79394
7.21419 2.48902
7.11372 1.53155
6.98713 2.15461
6.50739 2.24158
6.12914 0.9752
5.9354 1.59309
5.78991 1.14797
5.7819 2.80285
5.69302 2.58478
5.56362 1.78843
5.42229 2.10923
5.12937 3.93635
4.56777 3.56964
4.54443 2.4018
3.60867 4.5332
3.40834 3.39444
3.31665 4.14345
3.2237 3.20677
3.17276 4.58058
2.95909 4.0868
2.89072 4.45215
2.7042 5.92866
2.58526 5.46958
2.55073 5.07408
2.51518 4.77354
2.37908 4.7273
2.37625 4.85328
2.36276 4.48985
1.97109 6.20893
1.63754 4.36932
1.58893 5.01084
1.25334 6.59862
1.12918 5.86587
1.07802 5.68674
0.979066 7.28695
0.933022 6.40984
0.888979 6.58288
0.843728 7.81665
0.675843 6.12681
0.621495 8.4613
0.478676 6.08167
0.474995 8.85554
0.383267 7.07477
0.358786 6.62077
0.0927173 10.1368
0.0186915 8.86253
0.0075184 11.183
0.00330364 11.9043
0.238138 0 0.121487 0 0.640375 
0.539382 0 0.368851 0.0917673 0 
0.332758 0.318312 0.0982096 0.25072 0 
0 0.339831 0 0 0.660169 
0 0.555398 0 0.172828 0.271774 
0 0.392162 0.445799 0 0.162039 
0.388331 0.505352 0 0.106317 0 
0 0.434747 0.565253 0 0 
0 0.753485 0.246515 0 0 
0.157165 0 0.560441 0.0804198 0.201975 
0.202179 0.145892 0.0712681 0.324196 0.256465 
0 0.377017 0 0 0.622983 
0.389112 0 0.207255 0.403633 0 
0.194093 0.222495 0.277018 0 0.306395 
0.226054 0 0.173494 0.600452 0 
0.0640454 0.529089 0.129615 0.163826 0.113424 
0.341688 0.206377 0 0.354887 0.0970478 
0.286669 0.289663 0 0.423668 0 
0.249661 0.331572 0 0.418767 0 
0.110738 0 0.428903 0.460359 0 
0.0626752 0.193811 0 0.45735 0.286164 
0 0.423535 0.386118 0 0.190346 
0 0.259691 0.740309 0 0 
0 0 0.85019 0 0.14981 
0.411417 0.403127 0.185456 0 0 
0.290178 0.351983 0.357839 0 0 
0 0 0.518545 0 0.481455 
0 0.345563 0.244993 0.214511 0.194933 
0 0.303977 0.410042 0 0.28598 
0 0 1 0 0 
0.546611 0.453389 0 0 0 
0 0.541841 0.17971 0.278449 0 
0.908053 0.0919475 0 0 0 
0.0831901 0.195779 0.470671 0.250359 0 
0.24684 0.372654 0 0 0.380506 
0.111817 0.265956 0.185247 0.23181 0.20517 
0.395133 0 0.514664 0.0902033 0 
0 0.411791 0.153696 0.300456 0.134058 
0.466335 0.533665 0 0 0 
0.365386 0 0.148994 0.48562 0 
0 1 0 0 0 
0.293572 0.210606 0.254303 0 0.241519 
0.541674 0 0.104439 0.275216 0.078671 
0 0.22089 0.437686 0.141572 0.199852 
0.161929 0.400306 0 0.107229 0.330536 
0.110535 0.316776 0 0.306119 0.26657 
0 0 0 0 1 
0.780227 0 0 0 0.219773 
0 0 0 1 0 
0 0.352017 0 0.110061 0.537921 
