5 100
0.724166
0.416814
0.701415
0.531106
0.427877
11.7838 0.10766
11.4894 0.500358
11.4239 0.25487
10.0475 1.09832
9.96622 0.319674
9.03937 1.23059
8.45264 0.765863
8.19524 1.91866
8.10246 1.32201
7.90882 0.224222
7.83234 0.969494
7.47097 1.10035
7.43269 1.98182
7.26478 1.64878
6.75922 0.749398
6.72805 1.11353
6.61179 2.35408
6.52294 2.38631
6.27405 1.3672
6.15806 1.3363
6.15032 3.16467
6.1022 1.40119
5.91395 1.37098
5.84816 3.30073
5.82311 1.66253
5.81583 1.66409
5.7741 1.80704
5.71853 1.60678
5.50298 3.16294
5.04069 3.18017
4.78794 2.20807
4.78648 3.24833
4.37093 3.44018
4.28226 3.45794
3.91071 2.52365
3.76411 2.78643
3.73466 4.37627
3.72796 4.54481
3.63787 4.00878
3.54575 2.84449
3.53202 4.66938
3.38143 3.84479
3.37102 4.92847
3.15691 4.30699
3.07046 2.78537
2.96759 3.18423
2.96394 3.49217
2.95188 3.63464
2.93644 6.05563
2.9247 3.28993
2.84555 4.57724
2.81581 3.61609
2.53098 5.48258
2.47464 4.48467
2.44284 5.01334
2.43195 4.8221
2.3954 5.37635
2.2801 4.28807
2.25262 4.25345
2.07645 5.09977
1.99969 6.04488
1.83415 6.09757
1.64132 5.11535
1.5976 5.16738
1.42252 7.28787
1.10898 6.17625
1.06271 6.94049
1.02057 6.93137
0.941225 6.25977
0.894872 5.55121
0.867777 6.9976
0.824417 8.404
0.770244 8.33557
0.760617 7.14774
0.755348 6.59189
0.732287 7.01018
0.652277 9.05372
0.561787 9.75004
0.557139 9.55234
0.521183 5.77833
0.504591 8.69324
0.466162 6.82611
0.461205 8.44072
0.374187 7.30335
0.356979 6.37378
0.337715 9.99275
0.283941 9.99412
0.21844 8.79513
0.184003 7.06142
0.171211 8.8962
0.165712 7.6685
0.159699 7.09679
0.150838 10.3203
0.149599 8.48029
0.106281 10.0725
0.0925325 8.76791
0.0720497 9.51049
0.0495299 8.39566
0.0239422 7.63827
0.00566385 11.4682
0 1 0 0 0 
0 0 1 0 0 
0 1 0 0 0 
0 0 1 0 0 
0 0 0 0 1 
0 0 1 0 0 
0 0 1 0 0 
0 0 0 1 0 
0 0 0 0 1 
0 0 0 0 1 
0 0 1 0 0 
0 0 0 0 1 
0 0 0 0 1 
0 1 0 0 0 
0 0 0 0 1 
0 1 0 0 0 
0 1 0 0 0 
0 0 0 1 0 
0 1 0 0 0 
0 1 0 0 0 
0 0 0 1 0 
0 0 0 1 0 
0 1 0 0 0 
0 1 0 0 0 
0 0 0 0 1 
1 0 0 0 0 
0 0 1 0 0 
0 1 0 0 0 
1 0 0 0 0 
0 0 0 1 0 
0 0 0 0 1 
0 0 1 0 0 
0 0 1 0 0 
0 0 0 0 1 
0 0 0 1 0 
1 0 0 0 0 
0 0 1 0 0 
0 0 0 1 0 
1 0 0 0 0 
0 1 0 0 0 
0 0 1 0 0 
0 0 0 1 0 
1 0 0 0 0 
0 0 1 0 0 
0 0 0 0 1 
0 1 0 0 0 
0 0 0 1 0 
1 0 0 0 0 
0 1 0 0 0 
0 0 0 1 0 
1 0 0 0 0 
0 0 0 1 0 
0 1 0 0 0 
0 0 0 0 1 
0 0 0 1 0 
1 0 0 0 0 
0 0 0 0 1 
0 0 0 0 1 
0 0 0 1 0 
0 0 1 0 0 
0 0 0 0 1 
0 0 0 0 1 
0 0 0 0 1 
1 0 0 0 0 
0 1 0 0 0 
0 0 0 0 1 
0 0 1 0 0 
0 0 1 0 0 
1 0 0 0 0 
0 0 0 0 1 
1 0 0 0 0 
0 0 0 0 1 
0 0 1 0 0 
0 0 0 1 0 
0 0 0 1 0 
0 1 0 0 0 
0 1 0 0 0 
0 0 1 0 0 
0 0 0 0 1 
0 0 0 1 0 
1 0 0 0 0 
0 0 0 0 1 
0 0 1 0 0 
0 0 0 1 0 
0 1 0 0 0 
0 0 0 0 1 
1 0 0 0 0 
0 0 0 0 1 
0 0 0 1 0 
0 0 1 0 0 
0 1 0 0 0 
0 0 0 1 0 
0 0 0 1 0 
0 0 0 1 0 
0 0 0 1 0 
0 1 0 0 0 
0 0 0 1 0 
0 0 0 0 1 
0 0 1 0 0 
0 0 1 0 0 
