5 150
0.584612
0.687781
0.378039
0.396745
0.270842
11.0652 0.20131
10.8366 0.204906
10.31 0.345357
10.2545 0.141901
10.1695 0.565034
9.6863 0.744851
9.62732 0.918209
8.89852 0.990388
8.41173 1.82065
8.31397 0.439764
8.11469 1.34645
8.07459 1.20128
7.85443 0.190822
7.81035 0.964635
7.57452 0.344009
7.50901 0.246077
7.41078 2.10287
7.26294 2.31785
7.25343 1.39434
7.07483 2.43341
7.0736 2.44631
7.01564 0.396244
6.93283 1.2559
6.90673 0.509776
6.8011 1.45364
6.46387 1.41986
6.37949 1.22477
6.13758 2.41487
6.0447 2.93168
6.04467 3.70266
5.92151 2.17698
5.87457 2.37311
5.8413 2.04194
5.82254 2.12342
5.37048 2.28484
5.29566 2.28018
5.19738 1.98283
5.08358 2.68011
4.913 2.68769
4.80154 4.02572
4.73939 3.89004
4.56695 3.20755
4.48814 3.99207
4.44387 3.11042
4.22493 2.57194
3.93927 3.73943
3.93398 4.26816
3.8999 2.70307
3.8286 4.06598
3.74949 4.2091
3.73212 2.59397
3.51572 3.46536
3.49268 4.49413
3.46189 3.30802
3.46065 2.98997
3.45572 3.29579
3.4241 3.8237
3.37956 4.34451
3.34647 3.73185
3.17998 3.6133
3.11743 3.50793
3.11435 4.40037
3.05519 4.4625
2.88193 5.37254
2.83898 4.28869
2.83343 4.55288
2.77259 5.87699
2.6838 5.13114
2.45696 4.18905
2.45079 5.03408
2.44413 4.32697
2.44199 4.23109
2.36118 5.94553
2.30722 5.21909
2.23913 4.80067
2.06554 4.15877
2.01521 5.255
1.93452 7.35408
1.89304 4.78222
1.80851 5.78463
1.77321 6.53859
1.74328 6.75133
1.64392 7.31365
1.57323 5.17462
1.5565 5.86162
1.52017 6.07921
1.48176 5.85277
1.44024 5.48251
1.30324 5.26773
1.26235 6.77608
1.26121 7.5374
1.16015 6.26719
1.15357 7.02868
1.13282 5.28082
1.06327 7.11975
1.03026 5.01468
1.02914 7.92895
0.98777 6.36252
0.975039 6.9589
0.931777 6.30991
0.839242 6.95493
0.819059 5.20899
0.771555 5.51318
0.730386 8.95877
0.717147 6.11769
0.647973 6.66458
0.640421 7.59642
0.626067 7.08857
0.610685 6.97895
0.569776 9.03894
0.524811 9.49323
0.503318 6.35077
0.483594 9.19329
0.441546 8.47695
0.426997 7.44672
0.414247 10.0529
0.36592 6.03484
0.364983 9.19024
0.360274 8.55244
0.353994 8.31797
0.349332 7.68913
0.326723 9.7448
0.31996 6.70723
0.228657 8.89137
0.225458 9.2106
0.222084 7.40301
0.202965 7.68652
0.193227 8.27697
0.164836 10.5379
0.152057 7.79605
0.142652 7.26776
0.126162 7.05615
0.125684 9.39635
0.120657 6.96982
0.0949896 8.66821
0.0942784 10.8637
0.0820978 11.3332
0.0713776 11.4045
0.0468456 10.549
0.017793 9.45235
0.0162244 11.8896
0.0161334 10.824
0.0144957 10.6825
0.0116724 9.34389
0.00789825 11.7055
0.00651146 9.18422
0.00478061 8.26081
0.00364706 11.7449
0.00285612 10.4093
0.0012319 12.2958
0 1 0 0 0 
0 0 1 0 0 
0.409218 0 0.590782 0 0 
0 1 0 0 0 
0 0 0 1 0 
0 0 0.143691 0 0.856309 
1 0 0 0 0 
0 0 0 0 1 
1 0 0 0 0 
0 1 0 0 0 
1 0 0 0 0 
1 0 0 0 0 
0 1 0 0 0 
0.492891 0.507109 0 0 0 
1 0 0 0 0 
0 0 0 0 1 
0.23579 0.633933 0 0 0.130278 
0 0 0 1 0 
1 0 0 0 0 
0.26552 0 0 0.73448 0 
0 0 0 1 0 
0 0 0 1 0 
0.509847 0.490153 0 0 0 
0 1 0 0 0 
0 0 1 0 0 
0 0 1 0 0 
0 0 1 0 0 
0 0 1 0 0 
0 1 0 0 0 
0 1 0 0 0 
1 0 0 0 0 
0 0 0 1 0 
0 0 0 1 0 
0 0.80884 0 0 0.19116 
0.828749 0 0.171251 0 0 
0 0 0 1 0 
0 0 0 0 1 
0 0 0 0 1 
0 0 0 0 1 
0 0 1 0 0 
0 0 0 1 0 
0 0 0 0 1 
0 0 0.742613 0.257387 0 
0 0 0 0 1 
1 0 0 0 0 
0 1 0 0 0 
0 0 0.878797 0.121203 0 
0 0 0.341998 0.658002 0 
0 0 1 0 0 
0 1 0 0 0 
1 0 0 0 0 
1 0 0 0 0 
1 0 0 0 0 
0.53324 0 0 0 0.46676 
1 0 0 0 0 
0 1 0 0 0 
0 0 0 1 0 
1 0 0 0 0 
0 0 1 0 0 
1 0 0 0 0 
0 1 0 0 0 
0 0 0 0 1 
0 1 0 0 0 
0 0 1 0 0 
0.496426 0 0 0.503574 0 
0 0 0 0 1 
0 0 1 0 0 
0 0 0 1 0 
0 0 0 1 0 
0 0 1 0 0 
0 0 1 0 0 
0 0 0 1 0 
0 0 0 1 0 
0 0 1 0 0 
0 0 0 1 0 
0 0 0 1 0 
0 0 0 0 1 
1 0 0 0 0 
0 1 0 0 0 
0 1 0 0 0 
0 1 0 0 0 
0.383253 0 0 0.616747 0 
0 0 0.637814 0 0.362186 
0 1 0 0 0 
0.645834 0.354166 0 0 0 
0 0 0 1 0 
0 0.573107 0.426893 0 0 
0 0 0 1 0 
0 1 0 0 0 
0 0 1 0 0 
0 0 0 0 1 
1 0 0 0 0 
0 0 0 0 1 
1 0 0 0 0 
0 0 0 0 1 
0 0 0 0 1 
0 0 1 0 0 
0 0 0 0 1 
0 0 0 0 1 
0 1 0 0 0 
1 0 0 0 0 
0.394246 0 0 0.605754 0 
0 0.286585 0.713415 0 0 
1 0 0 0 0 
0 0 0 1 0 
0 0 0 1 0 
0 0 0 1 0 
0.342845 0.657155 0 0 0 
0 0.725497 0 0 0.274503 
0 0 0 1 0 
0 0 0 0 1 
0 1 0 0 0 
1 0 0 0 0 
0 0 0 0 1 
0 0 1 0 0 
0.479067 0 0.520933 0 0 
1 0 0 0 0 
0 0 1 0 0 
0.326422 0.311848 0 0 0.36173 
0 1 0 0 0 
1 0 0 0 0 
0 0 1 0 0 
0 0 0 0 1 
0 0 1 0 0 
0 1 0 0 0 
0 1 0 0 0 
0.457343 0 0 0.542657 0 
0 0 1 0 0 
0 0 0 0 1 
0 0.567794 0 0.432206 0 
0 0 0 1 0 
0 1 0 0 0 
0.342168 0 0 0.657832 0 
0 1 0 0 0 
0 1 0 0 0 
1 0 0 0 0 
0 0 1 0 0 
1 0 0 0 0 
0 0.392047 0 0.607953 0 
0 0 1 0 0 
0 0 0 1 0 
0 0 0 1 0 
0 1 0 0 0 
0 0 0 0 1 
0 0 0 0 1 
0 0 0 1 0 
0 0 0 1 0 
0 1 0 0 0 
0 0 0 1 0 
0 0 0.692638 0.307362 0 
