5 50
0.698103
0.62054
0.388005
0.55517
0.672956
10.715 0.472742
10.529 0.691748
9.2435 0.531562
8.72558 0.478912
8.15211 0.603684
7.9374 1.89351
7.60694 2.2334
7.42173 2.16902
6.84536 1.22553
6.58718 3.09528
6.14602 3.00852
5.71711 2.49081
5.67956 2.12916
4.77955 2.54974
4.20044 3.5448
4.16031 3.3785
4.03859 3.56639
3.90216 3.21931
3.24047 4.049
2.90123 3.512
2.87435 4.33332
2.77987 4.45199
2.67328 5.87034
2.61191 5.42145
2.31438 5.19585
2.10968 6.00302
1.74044 6.62143
1.68061 7.00109
1.44667 5.31509
1.14016 7.34159
0.973769 7.87334
0.636471 6.03131
0.3734 8.95436
0.345928 8.95141
0.321543 6.14196
0.307847 7.87078
0.203047 9.47856
0.137976 8.29352
0.136567 8.54367
0.11671 9.95892
0.107277 10.0593
0.0935762 10.7398
0.088988 8.58257
0.0829613 7.20497
0.082258 7.91717
0.0641363 9.13405
0.0334867 10.5737
0.032517 10.2905
0.0098005 9.48995
0.00750134 7.52166
0.0899057 0 0.357647 0.181419 0.371029 
0.451146 0.18693 0 0.178846 0.183079 
0 0.518697 0.273121 0 0.208182 
0 0.505496 0 0.494504 0 
0.663942 0 0.336058 0 0 
1 0 0 0 0 
0 0 1 0 0 
0 0.264875 0 0.285138 0.449987 
1 0 0 0 0 
0.235257 0.376864 0 0 0.38788 
0 0 0 0.617125 0.382875 
0 0 0 0.729003 0.270997 
0.385994 0 0 0 0.614006 
0.676539 0 0 0 0.323461 
0 0.365258 0 0 0.634742 
0 0.201382 0.26848 0.255116 0.275022 
0 0 1 0 0 
0.165111 0 0.622464 0.0833796 0.129045 
0 0.222994 0 0.429209 0.347797 
0 0.391456 0.118795 0 0.489749 
0.39846 0 0.398037 0 0.203503 
0 0.296676 0.703324 0 0 
0 0.365286 0.0742419 0.145821 0.41465 
0.882201 0.117798 0 0 0 
0 0.171015 0.367284 0.28391 0.17779 
0.395252 0 0.390892 0 0.213857 
0 0 0.696242 0.303758 0 
0.423508 0 0 0 0.576492 
0 0.692749 0 0.307251 0 
0.492137 0 0 0 0.507863 
0 0 0.315215 0.323879 0.360907 
0.255145 0.21888 0.19038 0.335596 0 
0.160319 0.264433 0.109707 0.299722 0.165819 
0 0 0.497818 0.502182 0 
0.370713 0 0.116608 0 0.51268 
0 0.339028 0 0.229314 0.431658 
0.567893 0.139139 0 0.292968 0 
0 0 0.543003 0 0.456997 
0.184576 0 0 0.815424 0 
0.223575 0.776425 0 0 0 
0 0.477113 0 0 0.522888 
1 0 0 0 0 
0.234541 0.334455 0 0.431004 0 
0 0 0 1 0 
0.429807 0 0 0.570193 0 
0.3929 0.307576 0.299524 0 0 
0.323409 0 0.203653 0 0.472938 
0.383633 0 0 0.616367 0 
0 0 0.32275 0.67725 0 
0 0.53054 0.46946 0 0 
