5 100
0.649991
0.330676
0.476981
0.378971
0.68231
9.72702 0.867494
9.00762 1.15784
8.23489 0.666625
8.11586 0.641967
7.86086 1.07108
7.78333 0.753762
7.36516 0.555263
7.35112 0.901957
7.26972 2.3417
7.09761 1.06429
7.00927 1.85817
6.82715 1.77278
6.74766 0.682196
6.72069 1.31308
6.55852 1.57976
6.25278 2.83327
5.98176 3.54162
5.79019 2.26905
5.71566 2.88658
5.65067 3.05478
5.62009 2.87119
5.33651 2.07655
4.73079 4.23351
4.14306 2.66835
4.13501 3.15592
3.76298 3.91585
3.62835 5.27204
3.60302 3.22456
3.54768 4.14307
3.40016 5.05745
3.19262 3.23815
3.10806 3.69085
3.10102 2.88195
3.0614 4.37871
2.71999 4.63439
2.60012 3.26814
2.57968 5.03023
2.42269 5.37842
2.38503 4.84841
2.36305 4.52
2.30385 4.03286
2.28179 5.43497
2.26881 4.92119
2.24119 4.27945
2.23281 5.48336
2.19515 3.98809
2.10983 6.12413
1.8241 5.61621
1.82117 4.73511
1.60244 6.18054
1.5854 4.83285
1.53098 7.42434
1.47593 6.30778
1.46251 6.59849
1.43452 6.63197
1.43423 7.06156
1.42429 4.8499
1.33997 8.12516
1.25163 4.86896
1.21496 6.95258
1.199 7.56661
1.06794 6.00372
1.05007 7.226
0.805413 7.62467
0.763027 6.51185
0.761859 7.60503
0.749627 7.329
0.725794 7.86021
0.687048 8.99763
0.660395 8.54499
0.64535 7.83362
0.612334 5.57773
0.590933 7.34797
0.53428 6.52127
0.498761 9.74822
0.479565 5.95725
0.395615 9.08176
0.358291 7.09472
0.335179 6.71859
0.318426 9.57253
0.260011 6.48929
0.243982 6.44058
0.190252 10.2221
0.186074 10.2313
0.171238 6.62526
0.163711 9.03178
0.102987 7.59569
0.093806 8.87327
0.0882867 9.02585
0.0826086 9.13891
0.0766162 10.5333
0.0732017 9.10289
0.0663621 6.98221
0.0490853 11.265
0.0216843 9.81643
0.021512 9.81515
0.00807105 11.7696
0.00445421 10.6713
0.00177228 7.48467
0.00150744 9.74647
0.289204 0.244625 0.13814 0.160206 0.167825 
0.388633 0 0.215868 0.395499 0 
0.255127 0.140991 0.243286 0.263922 0.0966747 
0 0.429856 0.570144 0 0 
0 0.249357 0.330848 0.360886 0.0589088 
0.359669 0.221356 0.418975 0 0 
0 0.462161 0.276848 0.260992 0 
0.261303 0 0.738697 0 0 
0 0 0.409071 0.125023 0.465907 
0 0.256386 0.104026 0.639588 0 
0.0643026 0.148502 0.33841 0.141166 0.30762 
0.191821 0.125054 0.502453 0 0.180672 
0 0.108219 0 0.891781 0 
0 0.301775 0.276666 0 0.421559 
0.206172 0.162568 0 0.63126 0 
0.328075 0.148685 0.172595 0.167572 0.183073 
0.313549 0.230598 0 0.455853 0 
0 0 1 0 0 
0 0.458871 0.441303 0.0998262 0 
0.243701 0 0.756299 0 0 
0 0 0.310152 0.299004 0.390844 
0.52646 0 0 0.47354 0 
0.418168 0.142039 0 0 0.439793 
0 0.39617 0 0.354574 0.249256 
0.235745 0.334609 0.252658 0.176988 0 
0.110057 0.317909 0.392441 0 0.179594 
0 0 0 0.369662 0.630338 
0 0.637002 0 0.362998 0 
0 0 0 0.463653 0.536347 
0 0.416227 0.258233 0 0.32554 
0 0 0.685688 0 0.314312 
0 0.358461 0.268797 0 0.372742 
0.376658 0 0 0.301407 0.321935 
0.222806 0.229161 0 0.294051 0.253982 
0 0 0 0 1 
0 0.330757 0.519148 0.150094 0 
0.10786 0.418307 0 0 0.473834 
0 0 0 0 1 
0 0.232735 0.347549 0 0.419716 
0 0 0.315264 0.447426 0.23731 
0.228983 0 0 0.771017 0 
0.075296 0.657685 0 0 0.267019 
0.872393 0 0 0 0.127607 
0 0 0.500927 0.321098 0.177975 
0.235744 0 0.391877 0.285316 0.0870637 
0 0 0.417695 0 0.582305 
0.226396 0 0.22943 0.544173 0 
0 0 0 0.353615 0.646385 
0.0512796 0.258283 0 0.312251 0.378186 
0.517542 0 0 0.326379 0.156079 
0.0718232 0.296267 0 0.30972 0.32219 
0.204222 0.248789 0.317005 0 0.229984 
0 0 0.270184 0.369471 0.360345 
0.260762 0.362341 0 0 0.376897 
0.323385 0.368866 0.307749 0 0 
0 0.464823 0 0.535177 0 
0 0.523815 0.244095 0.107552 0.124538 
0 0.399374 0 0.600626 0 
0.336547 0.339493 0 0 0.32396 
0.58946 0.216712 0.193828 0 0 
0.410173 0.491437 0 0.0983902 0 
0 0 0 0.620265 0.379735 
0.18614 0 0.426957 0.288454 0.0984481 
0.127939 0.289675 0.334725 0.247661 0 
0.185873 0 0.213393 0.458285 0.14245 
0.651991 0 0 0.348009 0 
0 0.357212 0 0.24745 0.395338 
0 0.657696 0 0.120561 0.221743 
0 0.221621 0.249238 0.0677064 0.461434 
0 0 0 0.159704 0.840296 
0.415252 0.0737529 0 0.510995 0 
0.316164 0 0 0.683836 0 
0.349975 0 0.26547 0 0.384555 
0.566162 0.229154 0 0 0.204684 
0.735464 0 0.264536 0 0 
0.257732 0.149768 0 0.271541 0.32096 
0.341926 0.229304 0 0.42877 0 
0 0.412312 0.152844 0.434844 0 
0 0 0 0 1 
0.533955 0 0.466045 0 0 
0.115288 0 0.390707 0.175377 0.318629 
0.111159 0.350177 0 0.131514 0.407151 
0.153677 0 0.645661 0.200662 0 
0.40165 0.40624 0.192111 0 0 
0 0.152844 0 0.204183 0.642973 
0 0.417835 0 0 0.582165 
0.126353 0.375243 0.498404 0 0 
0 0.73174 0.139317 0.128943 0 
0.0661768 0.29165 0.188309 0.197211 0.256653 
0.246359 0.277536 0.244551 0.231554 0 
0.101734 0.082917 0.312438 0 0.502911 
0.132325 0.5733 0 0 0.294376 
0.0602019 0.452571 0 0.0808769 0.40635 
0.304654 0.177475 0.10816 0.147164 0.262547 
0 0 0.200351 0.38312 0.416529 
0.370548 0.303501 0 0 0.325951 
0 0.732448 0.267552 0 0 
0.236998 0 0.642848 0 0.120154 
0.467863 0.417922 0 0.114216 0 
0 0 0.855531 0.144469 0 
