5 50
0.367664
0.714858
0.265229
0.535257
0.620586
10.6317 0.667983
10.3128 0.948992
10.0055 0.232661
8.93763 1.64032
8.71295 0.696797
6.99605 1.39434
6.61913 2.79832
6.25708 2.5522
6.08889 1.58944
6.08408 1.43518
5.86679 2.39656
5.52861 3.88398
5.41994 1.75722
5.36907 2.05388
5.07064 2.7592
4.93761 2.77592
4.90764 3.17279
4.8133 2.63141
4.29227 2.52389
4.2656 3.31318
4.25174 3.18463
3.98645 3.71694
3.29496 3.09671
3.01884 3.20293
2.84393 5.0472
2.02815 5.94222
2.02635 4.89702
1.85127 6.24208
1.74053 6.69442
1.59548 5.40214
1.45101 5.08945
1.41297 7.42893
1.4018 6.38842
1.26657 5.97713
1.2147 5.80658
1.19097 6.93888
1.07201 7.37366
0.94008 5.63587
0.765904 6.41221
0.731576 5.76944
0.395946 7.24017
0.249654 9.66341
0.165558 8.00332
0.131207 8.14981
0.100898 8.36748
0.0405462 7.48889
0.0256375 8.10859
0.0245945 11.4252
0.00900979 11.5624
0.00250592 9.05588
0 0 0 0 1 
0 0 0 1 0 
0.636972 0 0 0.363028 0 
0 0 1 0 0 
0 0 0 1 0 
0 0 0.484265 0 0.515735 
0 0.337898 0.662102 0 0 
1 0 0 0 0 
0 0 1 0 0 
0 0 1 0 0 
0 0 0 1 0 
0 0.750344 0.249656 0 0 
0 0 0 0.5575 0.4425 
1 0 0 0 0 
0 0 0 1 0 
0.477656 0 0.23483 0.287514 0 
0 0 0 0 1 
0 0 0.478564 0.521436 0 
0 0 0 0 1 
0.61119 0.138909 0 0 0.249901 
0 0 0 0 1 
1 0 0 0 0 
0 1 0 0 0 
0.16892 0 0 0.83108 0 
0 1 0 0 0 
0 0 0 1 0 
0.448267 0 0.551733 0 0 
0.133149 0 0.414381 0.452471 0 
0 1 0 0 0 
0.801361 0 0 0 0.198639 
0.237728 0 0 0.452092 0.31018 
0 0 0 0 1 
0 0 0 1 0 
1 0 0 0 0 
0 0 1 0 0 
0 0.744348 0 0.255652 0 
0 0 0.690067 0.309933 0 
0 0.469369 0.530631 0 0 
0 0 1 0 0 
0 0 0.276569 0 0.723431 
0.400005 0 0.30506 0 0.294934 
0 0 0 0.519883 0.480117 
0 0 1 0 0 
0 1 0 0 0 
0 1 0 0 0 
0 1 0 0 0 
0 0 1 0 0 
0 0 0 0 1 
0 0 0 1 0 
0.47062 0 0.52938 0 0 
