5 100
0.360843
0.286653
0.530053
0.397252
0.273682
10.6265 0.173008
10.1596 0.154585
9.07524 0.612665
8.47809 2.06898
8.04154 0.866817
7.90416 1.27754
7.84025 1.14924
7.55596 1.26032
7.54086 1.44317
7.53784 1.06904
7.23004 0.760401
7.15986 0.694055
7.12566 0.495912
7.11118 1.54601
6.98579 0.486269
6.63891 1.87399
6.5114 0.949382
6.30202 0.857826
6.18337 2.45035
5.94797 1.42085
5.90624 1.59637
5.90578 1.94242
5.84771 1.80193
5.63116 1.76797
5.24902 1.69245
5.20723 2.08209
5.11706 2.24284
5.06655 2.81105
5.03766 3.20454
5.02076 3.45405
4.89441 2.42403
4.77457 2.72761
4.25148 4.54851
4.17806 2.69119
4.10967 4.9421
4.02738 2.49084
3.87449 3.32284
3.50892 2.89601
3.3091 3.3779
3.20479 4.84837
3.17252 4.24197
2.89639 4.14013
2.65064 4.91996
2.53309 4.31921
2.49063 4.87265
2.43148 4.39135
2.4288 5.28927
2.27443 5.08465
2.19964 4.13162
2.02546 7.03128
1.97269 5.29223
1.91063 6.54371
1.73258 5.07941
1.67308 5.78389
1.41921 6.15186
1.26281 5.22527
1.22001 5.85892
1.20165 7.05316
1.19069 8.27004
1.15193 6.91866
1.04925 6.2146
1.03811 6.63168
0.924344 6.92561
0.891591 7.426
0.872697 8.63663
0.860377 6.79952
0.793408 6.82556
0.788699 6.76594
0.784731 8.73119
0.74586 8.30952
0.744627 6.50925
0.739099 8.78718
0.687804 6.05158
0.633688 6.00059
0.609636 6.13206
0.569788 5.82288
0.555352 9.2655
0.482813 7.08538
0.46557 8.94117
0.407513 5.84808
0.388538 8.69701
0.383867 8.33939
0.304508 8.71222
0.222932 6.72798
0.213276 8.29139
0.18742 8.91369
0.186251 8.67568
0.154245 9.91892
0.141065 7.28498
0.121691 8.46675
0.0958468 8.84379
0.0758936 10.8938
0.0427808 10.3899
0.0394959 7.86679
0.0386561 8.2611
0.0305075 11.2769
0.0208429 10.3202
0.0176538 9.2601
0.00599194 8.72842
0.00184952 9.52021
0.276331 0 0.253632 0.153572 0.316464 
0.403233 0 0 0.596767 0 
0.168821 0 0.199556 0.260053 0.37157 
0 0 0 0 1 
0.414059 0.585941 0 0 0 
0 0.536187 0 0 0.463813 
0.272551 0.272384 0.281446 0 0.173619 
0.233667 0.114066 0 0.314406 0.337862 
0 0.578161 0 0.421839 0 
0 0 0 0.261609 0.738391 
0.0647645 0.28277 0.219364 0.433101 0 
0.303294 0.116699 0.235709 0.152666 0.191632 
0.416454 0.2295 0 0.354046 0 
0 0 0.610936 0 0.389064 
0.72031 0 0 0.27969 0 
0 0.462987 0.309653 0.22736 0 
0 0.273538 0.726462 0 0 
0.480199 0.407266 0.112535 0 0 
0.303382 0.154754 0.31483 0 0.227034 
0 0.433797 0.175136 0 0.391067 
0.213896 0.178442 0.329242 0.0814135 0.197007 
0 0.347107 0.196283 0.320591 0.136019 
0.369142 0 0 0.483649 0.147208 
0 1 0 0 0 
0 0.273941 0.295238 0.430821 0 
0.400651 0.599349 0 0 0 
0.284228 0 0.715772 0 0 
0.218032 0 0.26537 0.273029 0.243569 
0.416379 0 0.16747 0.416152 0 
0.191483 0.150851 0.286501 0 0.371165 
0.464704 0 0 0 0.535296 
0.254529 0 0.327224 0.418248 0 
0.307489 0.31327 0.160203 0.0507249 0.168314 
0 0 0.436866 0 0.563134 
0.221296 0 0.778704 0 0 
0.260776 0 0 0.138628 0.600596 
0.138532 0.433081 0 0.140843 0.287544 
0 0.0927061 0 0.352073 0.555221 
0 0 0 0.57182 0.42818 
0 0 0 1 0 
0 0.0672684 0.413631 0 0.519101 
0 0 0 0 1 
0.153508 0 0.455985 0 0.390506 
0.353698 0 0 0.201672 0.444631 
0 0 1 0 0 
1 0 0 0 0 
0.405971 0 0.224466 0 0.369563 
0 0 1 0 0 
0 0 0.255374 0 0.744626 
1 0 0 0 0 
0 0.275214 0 0.20296 0.521826 
0.229614 0 0.141693 0.628692 0 
0 0 0.364683 0 0.635317 
0 0 0.652694 0.347306 0 
0.292803 0.362192 0.227515 0 0.11749 
0.337211 0.334697 0 0.189099 0.138993 
0.0844823 0.3133 0.319887 0.282331 0 
0.155918 0.191146 0.417805 0.235131 0 
0 0.443058 0.391401 0 0.165541 
0.156817 0.305761 0.189882 0.34754 0 
0.141267 0 0.409783 0.161552 0.287398 
0 0.304408 0.320789 0.221688 0.153116 
0.208353 0 0 0.398585 0.393062 
0 0.356687 0 0.117498 0.525815 
0.0912394 0 0.38055 0.064842 0.463369 
0 0 0 0.705244 0.294756 
0 0.706693 0 0.293307 0 
0 0 0 0 1 
0.233018 0.144261 0.233616 0.254085 0.13502 
0.458844 0 0 0.0954352 0.445721 
0.208356 0.122485 0.296088 0 0.373072 
0 0.377618 0.237454 0 0.384928 
0.37066 0 0.100866 0 0.528473 
0 0.495829 0 0.333705 0.170466 
0.305066 0.259652 0 0.29889 0.136392 
0 0.146906 0.525388 0 0.327705 
0.481422 0.147816 0.370762 0 0 
0 0.760298 0 0.239702 0 
0.0814073 0.290388 0.269635 0.0605427 0.298026 
0.249145 0.419169 0.0875922 0.244093 0 
0 0.175986 0.340891 0.483123 0 
0.219972 0.487755 0 0.292273 0 
0.270725 0.103719 0.433472 0 0.192085 
0.314749 0.338471 0.111969 0.234812 0 
0 0.244409 0.291334 0 0.464256 
0.0997933 0.199186 0.0941891 0.229062 0.37777 
0 1 0 0 0 
0.0845111 0.297382 0.224107 0.147958 0.246042 
0 0.304821 0 0.427385 0.267793 
0.275039 0.212483 0.264423 0.116431 0.131624 
0 0.154946 0 0.564128 0.280926 
0.191887 0 0 0.295748 0.512365 
0 0.215347 0.51181 0 0.272843 
0.269564 0.130555 0 0.386177 0.213703 
0 0.65348 0.34652 0 0 
0.429122 0.257951 0.0616251 0.251302 0 
0 0.376745 0.409281 0.138323 0.0756512 
0 0 0 0.279148 0.720852 
0 0 0 0.255757 0.744243 
0.168004 0.383021 0 0.143213 0.305762 
