5 100
0.408147
0.319094
0.451819
0.698012
0.553461
10.4859 0.325817
10.2997 0.217137
10.1331 0.65608
9.9135 0.625162
9.59601 0.734369
9.19657 0.840681
8.90839 0.0997081
8.06492 0.778376
8.05047 1.39538
8.00614 1.10464
7.94586 1.85749
7.89082 1.63706
7.78317 0.092131
7.54402 0.985476
7.54096 0.363338
7.41078 1.60526
7.35459 1.33581
7.18283 1.21426
7.17788 1.14385
6.9617 0.83092
6.79043 0.829998
6.73444 1.87201
6.10117 1.2175
6.02935 2.94683
6.00154 1.92274
5.97446 1.93564
5.94838 1.51519
5.82593 1.51404
5.75974 2.93899
5.54853 3.01667
5.36809 2.32793
4.93896 3.08295
4.92895 1.75599
4.68656 2.48062
4.68124 1.77376
4.67123 3.21219
4.60806 3.62847
4.20681 3.81441
4.07022 4.05182
3.95775 3.51092
3.8709 3.11445
3.7908 2.73364
3.68106 2.96239
3.67851 4.7128
3.55994 4.18712
3.51108 4.83368
3.16109 3.73122
3.06796 4.77758
2.96707 3.07318
2.94794 3.28152
2.9018 3.35266
2.86603 4.55414
2.766 5.62917
2.70744 4.1544
2.4908 5.31312
1.96853 7.25238
1.8782 5.92626
1.87464 6.69379
1.84654 4.51143
1.7878 4.91372
1.71242 7.16798
1.68925 7.13403
1.53454 6.0465
1.49585 5.96128
1.40494 7.06749
1.29647 7.34272
1.15937 6.17301
1.15383 5.87488
0.980912 5.91289
0.92892 8.36723
0.887612 5.52931
0.858199 7.27569
0.841413 5.58516
0.733453 6.7515
0.6824 6.58348
0.66883 8.55893
0.635782 6.68491
0.559878 7.73977
0.54343 8.58884
0.452823 9.23505
0.439976 9.45599
0.384352 6.56048
0.294311 7.82822
0.286477 7.80078
0.281707 8.86269
0.278271 9.03627
0.233933 9.23514
0.220512 7.06924
0.184495 8.89259
0.179367 9.18121
0.121521 8.59816
0.0996709 8.86433
0.0979215 11.2078
0.0905068 8.00454
0.0524491 10.5345
0.0184502 7.74296
0.016596 10.8767
0.0153244 7.59468
0.00650508 7.31564
0.00179986 8.68058
0.368776 0.40414 0 0.0939303 0.133154 
0 0.344517 0.383064 0.27242 0 
0.196879 0.269952 0.308812 0.224358 0 
0 0.320189 0 0.243215 0.436596 
0.660279 0 0.168864 0 0.170857 
0.304794 0.230602 0.272684 0.19192 0 
0 0.508152 0 0.24327 0.248578 
0.210098 0.242948 0.0932067 0 0.453748 
0 0.143927 0.292612 0.326493 0.236968 
0.233112 0.277072 0.17667 0.313145 0 
0.190878 0.0652415 0.374708 0.369172 0 
0.314512 0 0 0.685488 0 
0.222389 0.271197 0.293815 0.212599 0 
0.388329 0.123511 0.229283 0 0.258877 
0.331394 0.0923838 0.28552 0 0.290701 
0.158442 0.703362 0 0.138196 0 
0.169244 0.240629 0 0.299204 0.290923 
0 0 0 0.499106 0.500894 
0.373992 0 0.411918 0 0.21409 
0.263743 0.294359 0.285138 0.15676 0 
0.259366 0.175089 0.331785 0.233759 0 
0.436129 0.379884 0 0 0.183987 
0 0 0.415575 0.37503 0.209394 
0.177431 0.459806 0 0.362763 0 
0 0 0.199653 0.482687 0.31766 
0 0 0.760031 0 0.239969 
0.710024 0.289976 0 0 0 
0.182708 0 0.332532 0 0.48476 
0.513851 0 0.486149 0 0 
0 0 0 0 1 
0.301895 0 0.273199 0 0.424906 
0.180587 0.208302 0.611112 0 0 
0.183944 0 0 0.816056 0 
0.458158 0.155357 0 0.386485 0 
0 0.303802 0.301059 0 0.395139 
0.215345 0 0.357426 0.427229 0 
0.504721 0.157282 0.337997 0 0 
0 0 0.291555 0.375261 0.333183 
0.153768 0.308271 0 0.537962 0 
0.347238 0 0 0.358324 0.294438 
0 0 1 0 0 
0.278861 0.0944469 0.0437529 0.251479 0.33146 
0 0.35079 0.286593 0 0.362617 
0.558648 0 0 0 0.441352 
0.416612 0 0.255947 0.174403 0.153038 
0.656667 0 0.343333 0 0 
0.263335 0.0983799 0.107272 0.244872 0.286141 
0.226725 0.249871 0.523404 0 0 
0 0.710992 0 0.289008 0 
0.429119 0.570881 0 0 0 
0 0.25765 0 0 0.74235 
0.206164 0.177874 0 0.403115 0.212847 
1 0 0 0 0 
0 0.27955 0 0.72045 0 
0.175152 0 0 0.137667 0.687181 
0 0 1 0 0 
0 0.444307 0.302259 0 0.253434 
0.628366 0.299617 0 0.0720174 0 
0.885216 0 0.114784 0 0 
0.232896 0.369335 0 0.397769 0 
0 0.441918 0.258991 0.107505 0.191585 
0.396624 0.368432 0.234944 0 0 
0 0 0 0.249419 0.750581 
0.162531 0 0.837469 0 0 
0 0.418175 0 0 0.581825 
0.193369 0 0.319148 0.253203 0.23428 
0.239697 0 0.537874 0.22243 0 
0.383116 0.425913 0 0.19097 0 
0.233807 0.212765 0.214146 0 0.339282 
0 0.391743 0.134575 0.473682 0 
0.388853 0.422351 0.116101 0 0.0726945 
0.150254 0.314561 0.535186 0 0 
0.498327 0 0.501673 0 0 
0 0.725142 0.274858 0 0 
0.205604 0.352151 0.10177 0.340476 0 
0 0.566367 0.19897 0.062695 0.171968 
0.326954 0.332517 0 0.130516 0.210013 
0 0.783765 0 0.216235 0 
0 0 0 0.527637 0.472363 
0.329526 0.670474 0 0 0 
0.290642 0.0749349 0.358278 0.276146 0 
0.268013 0 0.319698 0.255596 0.156693 
0.123404 0.101447 0.2667 0.183259 0.32519 
0 0 0.470571 0.529429 0 
0 0 0.717024 0.282976 0 
0.348671 0 0.319899 0.33143 0 
0.241568 0.321894 0 0.436537 0 
0 0.377921 0.0820493 0.160683 0.379347 
0 0 0.483171 0.0823388 0.43449 
0.388419 0 0.478046 0 0.133535 
0.314377 0.338128 0 0.347496 0 
0.183423 0 0.310311 0.196675 0.309591 
0 0.144693 0.731629 0 0.123679 
0 0.429327 0 0.242381 0.328292 
0.514318 0.400869 0 0.0848133 0 
0 0.31533 0.31735 0 0.36732 
0.192747 0.385321 0 0.421933 0 
0 0 1 0 0 
0 0 0 0.260237 0.739763 
0.147798 0.0892649 0.152564 0.222091 0.388281 
