5 50
0.316607
0.598735
0.324908
0.261444
0.358325
8.64965 0.110717
7.9591 1.43121
6.6343 1.62966
6.54458 2.11386
6.35784 1.66382
5.95223 2.44213
5.33623 1.90721
5.32261 2.17157
5.00227 3.00873
4.54138 2.61989
4.32947 3.74001
4.01725 4.80812
3.93128 4.86232
3.75612 3.79255
2.88376 5.19845
2.82266 5.15823
2.78645 5.9159
2.76629 3.67591
2.23812 3.95442
2.08738 4.20038
1.90874 5.50687
1.62671 4.58544
1.50559 7.53526
1.50029 7.70726
1.48713 5.91046
1.4197 4.83413
1.38254 5.15772
1.31843 4.91216
1.27598 7.69199
1.20168 4.99582
1.11388 5.62581
1.08682 6.80433
1.00502 8.22842
0.991806 8.22619
0.785238 5.92881
0.762451 6.93012
0.710016 7.10629
0.607312 8.49975
0.502289 9.54181
0.340993 6.69681
0.308002 9.25926
0.306725 8.15275
0.199538 6.5169
0.15594 7.40337
0.155619 10.124
0.137777 9.34034
0.0996265 7.79395
0.0739102 9.39322
0.0511257 7.89924
0.0402155 9.56446
0 0 0.414473 0 0.585527 
0.231894 0 0.0873609 0.680745 0 
0 0 0 1 0 
0.0981807 0 0 0.689684 0.212135 
0 0 1 0 0 
0.099365 0 0 0.495625 0.40501 
0.271759 0.728241 0 0 0 
0 0 0 0 1 
0.253787 0.36994 0 0.376273 0 
1 0 0 0 0 
0.638566 0 0 0.361434 0 
0 0 0 0 1 
0 0.254222 0.309415 0.436364 0 
0.505773 0.494227 0 0 0 
0 0 0.477309 0.522691 0 
0 0 0 0.151053 0.848947 
0.13761 0 0 0.86239 0 
0.490821 0.304424 0 0 0.204756 
0.205971 0.171495 0 0.392283 0.230251 
0 0 0 1 0 
0 0.277263 0.722737 0 0 
0 0 0 0 1 
1 0 0 0 0 
0 0.263844 0.736156 0 0 
0.428676 0 0.389565 0.18176 0 
0 0 0 1 0 
0 0.625841 0 0 0.374159 
0 0 0 0 1 
0 0 0 1 0 
0 0.670614 0.329386 0 0 
0 0 0 1 0 
0 0.826662 0 0.173338 0 
0.2931 0.217695 0.489204 0 0 
0.67706 0 0 0.32294 0 
0 0 0.360217 0.331919 0.307864 
0 0 0.51532 0.48468 0 
0 0 0.291422 0.708578 0 
0 0.265564 0.48432 0.250116 0 
0.57647 0 0 0.42353 0 
0 1 0 0 0 
0.37597 0 0 0.248122 0.375907 
0.168873 0.262086 0.32624 0.242802 0 
0.358767 0.405155 0.236079 0 0 
0 1 0 0 0 
0.410904 0 0 0.589096 0 
0 0 0 1 0 
0 0 0.420637 0.579363 0 
0 0 1 0 0 
0 0 0.600572 0.399428 0 
0 0.414495 0.585505 0 0 
