5 50
0.629238
0.719909
0.74237
0.292283
0.538339
9.98252 0.706499
8.52348 0.926584
8.48302 0.70623
7.96084 0.339447
7.7788 0.916614
7.18523 1.11501
6.28166 2.18712
6.27298 2.6772
6.22079 1.80079
6.18954 2.12985
6.04102 1.08625
4.77271 2.78405
4.76354 3.07643
4.33934 3.31688
4.23058 2.53722
4.04018 3.60059
3.97089 4.52712
3.10963 3.76108
3.068 4.42081
2.36107 4.51089
2.35686 5.35684
2.11554 4.24174
2.09403 6.61922
1.94205 4.43147
1.80015 5.3014
1.6195 4.49288
1.53855 6.3305
1.40188 7.29142
1.21497 5.37562
1.09792 5.75351
1.07315 7.19312
0.448907 7.31215
0.304521 6.4044
0.27506 8.9205
0.267613 6.45152
0.230034 6.81243
0.218371 8.2054
0.210427 8.39572
0.192468 10.4244
0.166712 6.71009
0.144826 7.44835
0.130479 8.96939
0.109621 10.7051
0.0963325 8.55987
0.0744516 8.99597
0.0656205 7.89439
0.0565625 8.76549
0.0526364 9.23307
0.00858807 10.5247
0.00278739 8.67859
0 0 1 0 0 
0 0 0 0 1 
0 1 0 0 0 
0 0 0 1 0 
0 0 1 0 0 
1 0 0 0 0 
0 1 0 0 0 
0 0 1 0 0 
0 0 0 1 0 
0 0 0 0 1 
0 1 0 0 0 
0 1 0 0 0 
0 0 1 0 0 
0 0 1 0 0 
1 0 0 0 0 
1 0 0 0 0 
1 0 0 0 0 
1 0 0 0 0 
1 0 0 0 0 
0 0 0 1 0 
0 0 0 1 0 
1 0 0 0 0 
0 1 0 0 0 
0 0 0 1 0 
0 0 0 0 1 
0 0 0 0 1 
0 0 1 0 0 
0 0 1 0 0 
1 0 0 0 0 
0 0 0 0 1 
0 0 0 0 1 
1 0 0 0 0 
0 0 1 0 0 
0 0 1 0 0 
0 0 0 1 0 
1 0 0 0 0 
1 0 0 0 0 
0 1 0 0 0 
0 1 0 0 0 
0 1 0 0 0 
0 0 1 0 0 
0 1 0 0 0 
0 0 0 0 1 
0 0 0 1 0 
0 1 0 0 0 
0 0 0 0 1 
1 0 0 0 0 
0 1 0 0 0 
0 0 0 1 0 
0 0 0 0 1 
