5 100
0.362565
0.357535
0.618629
0.672041
0.490949
9.60554 0.642342
9.54368 0.685071
9.50728 0.373137
9.05918 1.23333
8.95081 1.40058
8.68876 0.544558
8.3667 1.62283
8.34819 1.53473
7.75355 2.31975
7.70403 1.95316
7.59211 0.997711
7.25353 2.16555
7.14898 0.253221
7.13092 0.976063
7.11666 1.41623
7.00249 1.38811
6.92407 1.31613
6.88973 2.18437
6.88206 2.80015
6.72529 1.68711
6.72431 1.70931
6.19156 1.74318
5.86968 1.11034
5.80717 1.61583
5.65138 2.94837
5.42104 2.60666
5.23294 2.19353
5.21412 2.82344
4.96196 3.21272
4.95193 2.38017
4.90479 2.71339
4.87633 2.25915
4.85158 2.45096
4.73405 3.19394
4.71762 3.19314
4.60243 3.20102
4.18955 5.14659
4.13517 3.72709
4.07822 2.61454
3.96658 3.61136
3.94338 3.91069
3.66443 5.16715
3.4335 4.71512
3.38344 3.59172
3.23243 3.48188
2.88414 4.84673
2.7643 4.30428
2.54262 5.39746
2.50059 3.89282
2.49523 4.65444
2.45204 4.92579
2.40483 5.71455
2.18882 4.63266
2.11727 4.11598
2.04646 4.64962
2.02587 4.4872
2.0024 4.04795
1.94219 6.01096
1.86401 6.56393
1.8581 6.26921
1.7384 7.24874
1.718 4.50475
1.6656 7.49729
1.56934 5.94159
1.45124 5.53501
1.17492 5.62322
1.12338 7.99404
1.0001 8.88829
0.952584 8.95323
0.859618 5.19253
0.802598 6.61774
0.781898 6.16879
0.708727 7.57924
0.594271 8.72459
0.550484 6.7284
0.457859 6.69488
0.425155 7.90719
0.418092 6.57739
0.407786 6.56284
0.378647 9.00015
0.343238 8.40341
0.290514 7.22059
0.285242 8.7476
0.266893 8.60484
0.228689 6.91851
0.227909 8.75914
0.220708 10.2783
0.211878 8.34306
0.207187 8.06965
0.166058 7.169
0.152569 7.53947
0.126013 7.22083
0.0925791 7.93847
0.0519877 7.33187
0.0509689 7.66021
0.0465422 8.69301
0.0143687 11.6639
0.00635248 9.30397
0.00622485 10.2993
0.00163504 9.32238
0 0.713807 0.286193 0 0 
0 0 0.844237 0 0.155763 
0.356653 0 0.465473 0 0.177873 
0 1 0 0 0 
0 0 1 0 0 
0.211939 0 0 0.788061 0 
0.632872 0.367128 0 0 0 
0.187617 0.592922 0 0 0.219461 
0.276899 0 0.183429 0.299799 0.239873 
0.227619 0 0.772381 0 0 
0 0.517736 0.141673 0.340591 0 
1 0 0 0 0 
0 0 0 1 0 
0 0 0 0.470752 0.529248 
0.243739 0.479763 0 0.170111 0.106387 
0 0.294744 0.317224 0.388031 0 
0 0.447432 0.477866 0.0747021 0 
0 0.670091 0.329909 0 0 
0.250209 0.447793 0.301998 0 0 
0.296674 0.294836 0.113648 0.294842 0 
0 1 0 0 0 
0.363552 0.168802 0 0.18912 0.278526 
0 0 1 0 0 
0 0 0.398261 0.601739 0 
0.218458 0 0 0.781542 0 
0 0 0 0 1 
0.725107 0.103899 0 0.170994 0 
0 0 0.123138 0.876862 0 
1 0 0 0 0 
0 0 0.380895 0 0.619105 
0 0 1 0 0 
0.229713 0.376542 0.393744 0 0 
0.576093 0 0 0.423907 0 
0 0 1 0 0 
0 0 0.617348 0.382652 0 
0.680415 0 0 0.319585 0 
0 0.470181 0 0 0.529819 
0 0 0.465384 0.534616 0 
0.282135 0 0.313976 0 0.403889 
0.482112 0.0821911 0.435697 0 0 
0 0 0 1 0 
0 0.561802 0 0 0.438198 
0 0 0 0 1 
0 0 0 1 0 
0 0 0.221896 0.778104 0 
0.76017 0 0.23983 0 0 
1 0 0 0 0 
0.143283 0 0 0 0.856717 
0.374776 0.625224 0 0 0 
0.422825 0.394295 0 0 0.18288 
0 0 1 0 0 
0 0 1 0 0 
0 1 0 0 0 
0.330509 0.150536 0 0.242193 0.276761 
0 0.209926 0.190376 0 0.599698 
0 0 1 0 0 
0.267143 0 0 0 0.732857 
0 0 0.497645 0 0.502355 
0 0 0 0 1 
0.346682 0 0.326791 0 0.326527 
0.444479 0.555521 0 0 0 
0 0 1 0 0 
0.433634 0 0 0 0.566366 
0 1 0 0 0 
0 0 1 0 0 
1 0 0 0 0 
0.659733 0 0 0.340267 0 
0 1 0 0 0 
0 0 0.227528 0.772472 0 
0 0 0 0 1 
0 0 0 0 1 
0.822484 0 0 0 0.177515 
0.0803123 0.376443 0 0 0.543245 
0.414013 0 0 0.585987 0 
0 0 0.58657 0.41343 0 
0 0.371836 0.0915886 0.536576 0 
0.385977 0.614023 0 0 0 
0.207707 0 0 0.792293 0 
0.588326 0 0 0.411674 0 
0.645702 0.354298 0 0 0 
0.277531 0.41548 0.306989 0 0 
0.162756 0.663895 0 0.173349 0 
0.640777 0 0 0 0.359223 
0 0 1 0 0 
0 0.669297 0.330703 0 0 
0 0.718075 0 0 0.281925 
0.149895 0 0 0 0.850105 
1 0 0 0 0 
0 0 0 1 0 
0 0.378038 0 0.621962 0 
0 0 0.499193 0.500807 0 
0.419874 0.387753 0.192374 0 0 
0 0.363003 0.439162 0.197836 0 
0 0 0 1 0 
0.816164 0 0 0 0.183836 
0 0 0.349706 0.650294 0 
0 0 1 0 0 
0.493981 0 0.506019 0 0 
0 0 0 0.466247 0.533753 
0.227834 0 0.282898 0.377786 0.111482 
