5 100
0.714843
0.727111
0.476783
0.426656
0.555292
11.2715 0.519566
10.1241 0.526108
9.11225 1.19834
8.91759 0.719117
8.71406 1.50691
8.54631 0.144815
8.05833 1.38674
7.91811 1.55061
7.6364 1.93152
7.52339 1.55186
7.47429 1.56473
7.46513 1.68231
7.37931 0.872791
7.1793 0.599856
7.11149 0.608846
7.10043 2.47993
6.96268 0.623456
6.66758 2.20423
6.47603 2.13377
6.46414 1.41606
6.23395 2.46273
5.95912 2.95499
5.47679 1.59645
5.38565 2.81625
5.25526 2.71072
5.13408 2.87221
5.1109 2.55129
5.06935 1.8439
4.89471 2.40707
4.49846 3.30181
4.12854 4.87988
3.97456 2.85636
3.93191 3.75526
3.7815 3.17002
3.76987 4.14426
3.30834 4.61338
3.28288 3.81582
3.26765 5.29775
3.26637 4.36702
3.13426 3.79609
3.0552 4.10836
2.991 4.20724
2.99063 4.95128
2.92402 3.87859
2.89343 5.13744
2.83509 5.08446
2.74241 3.89975
2.65684 4.30071
2.41569 5.94719
2.39798 5.36676
2.28295 3.94352
2.23859 5.58647
2.06942 5.1118
1.85837 4.64591
1.81201 5.66805
1.73813 5.44657
1.67364 6.24231
1.57972 5.34692
1.55882 6.98759
1.54331 5.9233
1.46835 7.54306
1.46198 5.11075
1.43783 6.18018
1.36031 5.49958
1.35429 7.37314
1.33456 5.45343
1.30164 7.31195
1.21747 6.13733
0.999371 5.56539
0.844968 6.65192
0.83887 7.28598
0.838352 6.33105
0.829423 6.28018
0.760306 7.19557
0.672031 8.35804
0.592698 9.31998
0.584327 6.17712
0.515067 7.11304
0.450787 8.67271
0.292823 7.16961
0.271472 9.69131
0.195026 10.1633
0.174066 10.0001
0.130125 8.95308
0.106058 10.2922
0.104746 10.158
0.0698731 11.0222
0.0662941 11.0247
0.0620415 10.9697
0.0598614 10.3985
0.0486926 10.1005
0.0420072 8.30921
0.0345634 9.6618
0.0325441 10.9579
0.0292474 10.3646
0.0182194 9.93
0.016997 10.3741
0.00889671 11.6096
0.0040354 7.71324
0.00123894 9.72078
0 1 0 0 0 
0 0 0 1 0 
0 0 0 0 1 
0 0 0 1 0 
1 0 0 0 0 
0 0 1 0 0 
0 0 1 0 0 
0 0 0 1 0 
0 0 0 1 0 
0 0 0 0 1 
0 0 1 0 0 
1 0 0 0 0 
0 0 0 1 0 
0 0 0 0 1 
0 0 0 1 0 
1 0 0 0 0 
0 0 1 0 0 
0 1 0 0 0 
0 0 1 0 0 
1 0 0 0 0 
0 1 0 0 0 
0 0 0 1 0 
0 0 0 0 1 
0 0 1 0 0 
0 1 0 0 0 
1 0 0 0 0 
0 0 1 0 0 
0 0 0 0 1 
1 0 0 0 0 
0 0 1 0 0 
0 1 0 0 0 
1 0 0 0 0 
0 1 0 0 0 
0 0 0 0 1 
0 0 0 1 0 
0 0 0 0 1 
1 0 0 0 0 
0 0 1 0 0 
1 0 0 0 0 
1 0 0 0 0 
0 0 1 0 0 
0 0 1 0 0 
1 0 0 0 0 
0 0 0 0 1 
0 0 0 0 1 
1 0 0 0 0 
0 0 1 0 0 
1 0 0 0 0 
0 0 1 0 0 
0 0 1 0 0 
0 1 0 0 0 
1 0 0 0 0 
0 0 0 0 1 
0 0 0 0 1 
0 0 0 1 0 
0 0 0 1 0 
0 0 0 0 1 
0 1 0 0 0 
1 0 0 0 0 
0 0 1 0 0 
0 0 0 1 0 
0 1 0 0 0 
0 0 1 0 0 
0 0 0 1 0 
1 0 0 0 0 
0 1 0 0 0 
0 0 0 0 1 
0 0 1 0 0 
0 0 1 0 0 
0 0 0 1 0 
0 0 0 0 1 
1 0 0 0 0 
0 0 0 1 0 
0 0 0 1 0 
0 0 1 0 0 
0 0 0 1 0 
0 0 0 0 1 
0 0 1 0 0 
0 0 1 0 0 
1 0 0 0 0 
0 0 0 1 0 
0 0 1 0 0 
1 0 0 0 0 
0 0 1 0 0 
0 0 0 0 1 
0 0 0 1 0 
0 1 0 0 0 
0 0 0 0 1 
1 0 0 0 0 
1 0 0 0 0 
0 0 0 0 1 
0 0 1 0 0 
0 0 0 0 1 
0 0 0 0 1 
0 0 0 0 1 
1 0 0 0 0 
0 0 0 0 1 
0 1 0 0 0 
0 0 0 0 1 
0 1 0 0 0 
