5 100
0.335895
0.393951
0.392595
0.254169
0.452413
10.2822 0.168193
9.80094 0.416091
9.39391 1.06161
9.35723 0.526164
9.28511 0.809685
8.96224 0.380949
8.54007 0.932991
8.32752 0.929855
8.25595 1.322
7.54335 1.46504
7.46522 1.21689
7.412 1.58939
7.32764 1.14041
7.32537 2.13725
7.2921 0.532157
7.23388 1.74917
7.0295 0.766922
6.83167 2.85736
6.7589 2.11346
6.56068 2.62774
6.43801 1.41221
6.38151 1.10154
6.28697 3.32145
6.17652 1.88456
6.1503 1.45311
5.56202 1.72202
5.5288 2.5658
5.49122 2.43427
5.35113 2.67681
5.23208 2.72787
5.15418 2.04428
5.00608 4.27364
4.93501 4.29594
4.67351 4.06243
4.59392 3.61548
4.56794 4.45095
4.4605 3.11695
4.43346 2.51811
3.94178 4.19542
3.82594 3.03086
3.8137 3.06277
3.76945 3.6835
3.73211 2.96442
3.53617 3.47006
3.42566 4.16656
3.42157 3.61878
3.40924 3.68136
3.05109 4.81614
2.87591 3.31939
2.7707 5.33745
2.62323 4.04811
2.59123 4.88957
2.56779 6.17065
2.50138 5.62077
2.45401 4.91852
2.25398 5.69216
2.07213 4.41088
2.02891 5.82893
1.94392 4.52355
1.70039 6.38244
1.64222 6.54502
1.60108 4.91796
1.5846 7.86608
1.56446 4.90424
1.2906 7.25712
1.23449 7.48073
1.19944 6.50823
1.18379 5.95763
1.18017 6.03152
0.932652 5.37309
0.92222 8.25575
0.868324 7.95972
0.861897 6.16048
0.796862 6.87817
0.783943 6.11225
0.693591 7.47264
0.671811 8.62015
0.629445 6.04031
0.573201 6.43274
0.565779 5.72768
0.536752 6.3675
0.505968 6.85108
0.418202 6.75253
0.394072 9.37599
0.375968 8.11977
0.36656 10.1541
0.281592 9.10881
0.247825 10.6943
0.191092 10.412
0.188926 7.22102
0.163964 7.71634
0.16091 7.15335
0.14828 6.72256
0.147848 8.50349
0.0400343 8.03028
0.034611 9.61595
0.0288169 11.6918
0.0232519 7.96554
0.0223698 9.27839
0.00384027 8.41517
0.610814 0 0 0.389186 0 
0.431538 0 0.568462 0 0 
0 0.3848 0 0.296958 0.318242 
0 0.509689 0 0.490311 0 
0 1 0 0 0 
0 0 0 1 0 
0.12272 0.499809 0 0 0.377471 
1 0 0 0 0 
0.749565 0 0.250435 0 0 
0.36078 0.63922 0 0 0 
0.0921775 0.461537 0.446286 0 0 
0 0 1 0 0 
0 0 0 1 0 
0 0 0.363557 0.35459 0.281854 
0 0 1 0 0 
0.51364 0 0 0.48636 0 
0.495668 0 0 0 0.504332 
0.605464 0.394535 0 0 0 
0.0754719 0.199198 0.259075 0.333709 0.132547 
0 0.241412 0.230662 0.527926 0 
0 0 0 0 1 
0 0 0 0.3442 0.6558 
0 0 0 1 0 
0 0.776532 0 0.223468 0 
0.552653 0 0 0.447347 0 
0 0 0 0 1 
0.494936 0.271194 0.233869 0 0 
0 0 0 1 0 
0 1 0 0 0 
0.540937 0.459063 0 0 0 
0 0 0 1 0 
0.444319 0 0.244068 0.193208 0.118404 
0 0 0 0.375658 0.624342 
0.780599 0.219401 0 0 0 
0 0 0 1 0 
0 0 0.406809 0 0.593191 
0 1 0 0 0 
0 0.591806 0 0 0.408194 
0 0.387636 0.484127 0.128237 0 
0.296306 0.154817 0 0.309396 0.239481 
0 0.249898 0 0 0.750102 
0 0.624109 0.375891 0 0 
0 0.371773 0 0.294736 0.333491 
0 0.608993 0 0.391007 0 
0 0.340815 0.338421 0.049684 0.27108 
0 1 0 0 0 
0 0 1 0 0 
0.113885 0 0.29338 0.223417 0.369319 
0.56216 0.43784 0 0 0 
0.891296 0 0 0.108704 0 
0 0 0 0 1 
0 0 1 0 0 
0 0 0 1 0 
0.338442 0.143843 0 0.517715 0 
0 0.664613 0 0.335387 0 
0 0 0 0.516663 0.483337 
0 1 0 0 0 
0 0 0 0 1 
0.0984166 0 0 0.446238 0.455345 
0 0 0 0 1 
0 0 1 0 0 
0 0 0.357152 0.642848 0 
0.193304 0.190188 0.101542 0.168516 0.34645 
0 1 0 0 0 
0.250281 0.456801 0 0 0.292918 
0.132728 0.435089 0.432183 0 0 
0 0.719997 0 0.280003 0 
0.524305 0.258626 0.217069 0 0 
0 0 0.580906 0.419094 0 
1 0 0 0 0 
0 0.459167 0 0.540833 0 
0 0.196305 0 0 0.803695 
0.495058 0 0 0 0.504942 
0 0.604728 0.395272 0 0 
0 0.653972 0.346028 0 0 
0 0.689451 0.0932032 0 0.217345 
0 0.67507 0.185686 0.139243 0 
0 0 0.484169 0 0.515831 
0 1 0 0 0 
0.461624 0.538376 0 0 0 
0.20686 0 0.79314 0 0 
1 0 0 0 0 
0 0.496471 0.2102 0 0.293329 
0.284403 0 0.715597 0 0 
0.156282 0 0 0 0.843718 
0.52972 0.47028 0 0 0 
0 0.578403 0.0829188 0 0.338678 
0 0 0.420326 0.579674 0 
0 0 0 0.420646 0.579354 
0 1 0 0 0 
0 1 0 0 0 
0 0.698495 0 0.301505 0 
0.7361 0 0.2639 0 0 
0 0 0 0 1 
0 0 1 0 0 
0.194678 0.805322 0 0 0 
0 0 0.415761 0.584239 0 
0 0 1 0 0 
0 0 0 0.719299 0.280701 
0.39594 0 0.118429 0 0.485631 
