5 200
0.716979
0.28357
0.565073
0.549783
0.538491
11.8565 0.156064
11.2907 0.57986
10.3883 0.136806
9.99002 0.842959
9.96907 0.319674
9.60404 0.926402
9.44253 0.796279
9.35656 0.513841
9.22897 0.391622
9.21364 1.3118
8.79248 1.09672
8.74757 1.45143
8.64793 0.10719
8.46336 1.29704
8.35649 2.00318
8.33878 1.20802
8.2346 1.64473
8.08881 1.73475
8.07872 1.13583
8.03775 1.6093
7.87907 1.96762
7.84982 1.42421
7.79574 1.7453
7.79306 0.897597
7.72917 0.840084
7.62184 1.91393
7.61182 1.44744
7.47608 0.364583
7.45314 1.81753
7.31721 0.72894
7.13027 0.541696
7.03464 1.8145
6.97199 1.24045
6.83286 3.01901
6.83038 1.30621
6.74589 1.78978
6.72189 1.38589
6.65686 1.20062
6.6303 0.640974
6.48552 1.05809
6.4502 2.12898
6.42285 2.5346
6.17035 1.06664
5.99274 3.36748
5.94954 2.35662
5.90761 2.39614
5.88648 2.16056
5.8761 2.87084
5.80898 1.5007
5.67995 1.50193
5.6528 1.72068
5.61087 1.59007
5.56196 1.35508
5.54994 1.65615
5.52447 1.87221
5.45877 3.95134
5.43379 2.15708
5.43071 3.054
5.283 1.74102
5.17715 2.92273
5.12582 3.3997
4.98663 2.92233
4.91881 3.5048
4.91025 3.45026
4.88079 3.12832
4.86916 2.56688
4.8004 1.84779
4.7115 2.47426
4.68229 2.95665
4.61638 2.64963
4.56701 2.26616
4.47867 3.09284
4.45589 3.92125
4.35905 4.03134
4.26285 3.94879
4.16963 3.38999
4.12933 3.12053
4.03367 4.12323
4.01803 3.8662
3.99722 3.4618
3.92306 3.63
3.86235 3.25784
3.77159 3.17672
3.73713 3.90988
3.55255 2.81923
3.53592 3.04629
3.53308 5.2765
3.52032 5.23966
3.51839 5.16838
3.51707 4.84898
3.48623 3.91535
3.43724 2.7415
3.32878 4.25426
3.27131 4.22732
3.25469 4.1544
3.24179 4.84793
3.20096 3.73075
3.01897 4.45309
2.82359 4.61994
2.75413 3.37279
2.73218 3.7195
2.70361 5.50032
2.5693 5.13283
2.56159 4.10926
2.54542 4.31635
2.46113 3.71117
2.4275 4.21433
2.38202 4.66666
2.27071 4.57655
2.17391 5.48377
2.11152 4.47913
2.07512 4.34682
2.01284 6.29879
1.96657 5.12376
1.95113 6.38221
1.94744 4.90338
1.91519 7.11842
1.87488 5.4508
1.85777 4.65743
1.84498 5.48061
1.78933 6.44764
1.77287 5.39991
1.63663 6.23155
1.62617 4.56985
1.61247 5.06789
1.60981 5.47457
1.56315 4.91126
1.54935 5.06785
1.52714 6.85892
1.52496 6.25328
1.49285 6.63279
1.48104 5.55083
1.47419 7.06845
1.45834 6.06935
1.41819 4.74224
1.31847 6.35897
1.3161 6.77868
1.30243 4.86418
1.27812 5.71069
1.27373 5.22364
1.18777 5.19906
1.14703 7.19446
1.14452 5.27355
1.1217 8.4438
1.09118 8.61757
1.03444 7.97606
1.01315 7.3715
0.975184 6.95922
0.964002 8.63409
0.94112 5.70305
0.931 8.31534
0.928413 6.21686
0.877806 5.34322
0.825695 7.26158
0.802752 7.94489
0.789761 6.91541
0.755614 6.27399
0.754169 5.59922
0.604519 6.38475
0.591029 6.6865
0.492796 8.99494
0.444952 9.93742
0.419729 6.32546
0.410572 7.13304
0.393946 8.66375
0.37791 7.6118
0.374208 6.62918
0.346183 8.02316
0.330448 10.0428
0.300409 7.64555
0.276757 9.36717
0.259562 9.63074
0.240854 10.3124
0.234211 10.4197
0.232 9.617
0.214474 10.0671
0.191689 8.16008
0.17482 8.53672
0.170284 8.7828
0.153489 6.80833
0.151125 9.75848
0.14653 9.85029
0.14199 9.54012
0.122621 8.59042
0.110938 9.6393
0.103564 9.82738
0.101595 10.703
0.0975821 7.67231
0.0966288 8.58964
0.0791073 7.25678
0.0778885 9.7088
0.0663237 7.52853
0.0651961 7.8812
0.0640743 7.02437
0.0614714 6.98579
0.0590316 9.01807
0.050226 10.7552
0.044764 10.4929
0.0319012 9.71086
0.0227335 7.4721
0 0.475016 0 0.524984 0 
0.407142 0.352688 0 0 0.24017 
0.411356 0.43347 0.155175 0 0 
0 1 0 0 0 
0.364527 0 0 0.635473 0 
0.29434 0.70566 0 0 0 
0 0.194434 0.298841 0.392612 0.114113 
0.247425 0.367385 0 0 0.38519 
0.629308 0.370692 0 0 0 
0 0 0.55547 0.44453 0 
0 0 0 1 0 
0 0.421203 0.263278 0.101999 0.21352 
0.494061 0 0 0.505939 0 
0.187452 0 0 0.812548 0 
0.147585 0.292324 0 0.321806 0.238284 
0.408936 0 0 0.591064 0 
0 0 0 0 1 
1 0 0 0 0 
0 0.561162 0.438838 0 0 
0 0 0 1 0 
0 1 0 0 0 
0 0 1 0 0 
0.304237 0 0 0.695763 0 
0 1 0 0 0 
0 0 0 0 1 
0.15504 0.330794 0.147171 0.366996 0 
0.25368 0.383177 0 0.363143 0 
0 0.223107 0 0.776893 0 
0.3312 0 0 0 0.6688 
0 0 1 0 0 
0 0 0 0 1 
0.559191 0 0 0.440809 0 
0 0 1 0 0 
0 0 1 0 0 
0 0.139617 0.369145 0.491238 0 
0 0.196438 0.485158 0 0.318404 
0 0.548353 0 0 0.451647 
0.314476 0 0 0 0.685524 
0.329498 0 0.231951 0.43855 0 
0 0 1 0 0 
0.641595 0.358405 0 0 0 
0 0 0 1 0 
0 0.543677 0 0 0.456323 
0 0.522822 0.235389 0 0.241789 
0.482899 0 0.517101 0 0 
0 0 0 1 0 
0 0 0.512605 0 0.487395 
0.412163 0 0 0 0.587837 
0 1 0 0 0 
0 1 0 0 0 
0 0 0.463994 0 0.536006 
0.829182 0 0 0.170818 0 
0 0.245416 0.079127 0.33647 0.338986 
0.568099 0 0 0.431901 0 
0 0 0.656484 0 0.343516 
1 0 0 0 0 
0.462283 0 0 0 0.537717 
0 0.388723 0.611277 0 0 
0 0 0 0 1 
0.656099 0 0 0 0.343901 
0 0 0 1 0 
0 0.214018 0.326317 0.459666 0 
0.29191 0 0 0 0.70809 
0.682469 0.317531 0 0 0 
0.89275 0 0 0.10725 0 
0 0.359489 0.506985 0 0.133526 
0 0.218574 0.354533 0 0.426893 
0 1 0 0 0 
0.515359 0 0.381436 0 0.103205 
0.0835188 0.50802 0.408462 0 0 
0 0.684522 0.315478 0 0 
0 0.261173 0.443668 0.0495844 0.245575 
0.426324 0 0 0.573676 0 
0 0 0 1 0 
0.478679 0 0 0 0.521321 
0.30487 0.69513 0 0 0 
0 0 0 0.663971 0.336029 
1 0 0 0 0 
0 0.399696 0.468494 0.13181 0 
0.613063 0 0 0 0.386937 
0 0 0 0 1 
0 1 0 0 0 
0 1 0 0 0 
0.683084 0 0 0 0.316916 
0.315017 0 0.157708 0 0.527276 
0 0 1 0 0 
0 0 0 0 1 
0 0 1 0 0 
0 0 0 0.153792 0.846208 
0 0.412221 0 0.26066 0.32712 
0.354516 0.579641 0 0 0.0658429 
1 0 0 0 0 
0 0.227131 0.103419 0.286586 0.382864 
0.144294 0.283127 0 0.325085 0.247494 
0.610466 0 0 0 0.389534 
0 0 0.249792 0.425927 0.324281 
0.186594 0 0 0.813406 0 
0 0 0 0.452871 0.547129 
0 0 0.580424 0.419576 0 
0 0 0 0 1 
0 0.164398 0.396548 0.439054 0 
0 0.192961 0.807039 0 0 
0 0.861058 0 0.138942 0 
0 0.357298 0 0 0.642702 
0 0 1 0 0 
0 0 0.497632 0.502368 0 
0 0 0 1 0 
0 1 0 0 0 
0.430194 0.569806 0 0 0 
0 0.218514 0 0.781486 0 
0.475194 0.524806 0 0 0 
0.381507 0 0 0.141201 0.477292 
0.322851 0 0 0.291381 0.385769 
0 0 0.513342 0.486658 0 
0 0.349797 0.102092 0 0.548111 
0 0 0 0 1 
0 0 0 0 1 
0 0 1 0 0 
0 0 0 0 1 
0 0.566071 0 0.433929 0 
0 0 0.544988 0.455012 0 
0.435588 0 0 0 0.564412 
0 0 0.56819 0 0.43181 
0 0.198727 0 0 0.801273 
1 0 0 0 0 
0 0 0.475398 0 0.524602 
0.427053 0.572947 0 0 0 
0 0 0.467573 0 0.532427 
0 0 0 1 0 
0 1 0 0 0 
0 1 0 0 0 
0 0 1 0 0 
0 0 0 0.823793 0.176207 
0.806487 0 0.193513 0 0 
0 0 0 1 0 
0 0 0 1 0 
0 0 0 0 1 
1 0 0 0 0 
0 0 0.342655 0.657345 0 
0.442553 0 0 0.557447 0 
0.363728 0 0.636272 0 0 
0 0.302522 0 0.697478 0 
0 0 0.106711 0.792063 0.101225 
0 0 1 0 0 
0 0.309084 0.114441 0 0.576475 
0 0 1 0 0 
0.399656 0.109005 0.491339 0 0 
0 0 0 1 0 
0.251578 0.37075 0.160922 0.21675 0 
0.0927926 0.22621 0.4217 0.259297 0 
0 0.491591 0 0.244465 0.263944 
0 1 0 0 0 
0.49536 0 0 0.145111 0.359529 
0 0 1 0 0 
1 0 0 0 0 
1 0 0 0 0 
0.1706 0.245505 0 0.312221 0.271675 
0 0 1 0 0 
0 0 0 1 0 
0 0.66503 0 0 0.33497 
0 1 0 0 0 
0 0 0 0.466536 0.533463 
1 0 0 0 0 
0 0.629819 0.370181 0 0 
0 0 0 0 1 
0 0.490843 0 0.193792 0.315364 
0.622594 0.0783948 0.299011 0 0 
0.613977 0 0 0.106286 0.279737 
0 0 0.71262 0.28738 0 
0.21393 0.78607 0 0 0 
0 0.651735 0 0 0.348265 
0.44071 0.55929 0 0 0 
0 1 0 0 0 
0.466181 0 0 0.272293 0.261526 
0 0 1 0 0 
0 0.206553 0 0 0.793447 
1 0 0 0 0 
0.493797 0 0.0534801 0 0.452723 
0.49216 0 0 0 0.50784 
0 0.279029 0.116101 0.24546 0.35941 
0 0.293222 0.444907 0.261871 0 
0 0 0.309314 0.281678 0.409008 
0 0 1 0 0 
0.528233 0.0853512 0 0.0772649 0.309151 
0.455333 0.322839 0.221828 0 0 
0 0.399417 0 0.600583 0 
0 0 0.505482 0 0.494518 
0.124525 0 0.875475 0 0 
0 0 0.493412 0.506587 0 
0.140267 0 0.405086 0.263299 0.191349 
1 0 0 0 0 
0 0.326334 0.210427 0.382923 0.0803158 
0.0837493 0 0 0.604492 0.311758 
0 0 0.119301 0.584901 0.295797 
0 0 0.781384 0 0.218616 
0 0 1 0 0 
0 0.375666 0.16561 0.458725 0 
0 0 0.215819 0.784181 0 
0 1 0 0 0 
0 0 0 1 0 
