5 150
0.356983
0.377842
0.263398
0.688841
0.636746
11.2522 0.377892
10.9073 0.58843
10.7127 0.163146
10.4001 0.815117
10.1135 0.58497
9.39575 0.165269
8.60229 1.87917
8.53996 0.16703
8.41819 1.32657
8.39432 1.34614
8.36989 0.470689
8.34474 0.774414
8.27835 1.91724
8.20316 1.6255
8.19805 1.32243
8.07842 1.17936
7.8855 1.96677
7.84688 1.50289
7.46732 0.27735
7.37251 1.15561
7.33381 0.439294
7.31913 0.703611
7.08602 0.73684
7.01154 2.08545
6.86867 1.25546
6.85748 2.85678
6.62352 1.9237
6.62202 1.09934
6.59569 0.800514
6.55329 2.48888
6.50795 1.6921
6.28166 3.31515
6.27587 1.82184
6.27292 1.01532
6.24359 1.72834
6.059 2.55414
5.88692 1.73457
5.76139 2.40403
5.75021 1.76454
5.71045 1.74822
5.46405 1.93835
5.19678 2.59848
5.18313 2.60719
5.16511 3.20369
5.15428 4.1641
4.80369 2.1682
4.78229 3.64837
4.7376 3.55666
4.70993 1.86233
4.59629 3.26146
4.48261 3.10852
4.46017 3.30815
4.39844 2.93376
4.38004 2.60406
4.33896 3.63184
4.33202 3.26744
4.32595 4.78134
4.23184 3.62376
4.23085 2.93342
3.88252 3.27549
3.72914 4.59214
3.69722 3.60315
3.58398 3.30866
3.58048 4.21927
3.52679 4.52064
3.49275 3.43267
3.49132 4.14809
3.48582 3.03868
3.29311 4.34039
3.2207 5.04827
3.16217 3.94236
3.06197 5.78146
3.04556 3.29157
2.95954 3.7264
2.90168 4.46783
2.88634 3.38517
2.85196 4.84409
2.69545 5.70119
2.5911 5.24116
2.48073 6.62589
2.41919 5.97763
2.32211 5.21157
2.26542 5.85337
2.22404 5.6169
2.16352 4.40747
2.02017 5.22217
1.8855 5.33428
1.81273 5.29856
1.68255 5.39307
1.64086 5.05797
1.59551 6.35612
1.58116 5.26117
1.57395 5.46541
1.5351 4.81693
1.47674 6.06382
1.44604 6.85037
1.39717 4.97485
1.36816 6.45397
1.36634 6.07051
1.29276 6.84612
1.23257 6.18322
1.13616 6.80627
1.09541 7.04282
1.07081 7.04766
0.977229 6.84691
0.876794 5.93601
0.846588 5.48724
0.816922 5.65823
0.738851 8.69542
0.661531 7.47456
0.645618 5.88385
0.627958 8.9605
0.627168 5.68054
0.593072 8.89186
0.559917 7.93807
0.527881 6.23221
0.494052 8.81828
0.480091 6.25534
0.428427 7.56165
0.424399 8.36443
0.355618 7.75254
0.349297 6.78628
0.340524 7.68929
0.317934 9.97802
0.305283 6.82658
0.277117 9.81339
0.235239 8.04846
0.225526 9.11944
0.202921 8.9025
0.18504 9.15187
0.181492 6.64995
0.155279 10.7412
0.154544 8.23401
0.152555 7.30633
0.148901 7.96802
0.145329 9.24297
0.0761392 8.10563
0.055585 8.38414
0.0381312 11.0492
0.0308595 11.2085
0.0264327 11.6743
0.023225 8.02872
0.0202452 11.3572
0.0185361 7.95059
0.0151907 9.72427
0.0124108 8.93498
0.00734715 8.63549
0.00424954 8.8436
0.00289564 8.3558
0.0018282 11.6319
0.581562 0.418438 0 0 0 
0 0 0.289583 0.323996 0.386421 
0.218137 0 0.331318 0 0.450545 
1 0 0 0 0 
0 1 0 0 0 
0.366634 0.230818 0.247508 0.15504 0 
0 1 0 0 0 
0 1 0 0 0 
1 0 0 0 0 
0 0 1 0 0 
1 0 0 0 0 
0 0 0.574625 0 0.425375 
0 0 0 0.708105 0.291895 
0 0 1 0 0 
0.305508 0.575556 0 0 0.118936 
0 0.463513 0.0926252 0 0.443862 
0.821454 0 0 0 0.178546 
0 0.678626 0.321374 0 0 
0.302457 0.243751 0 0 0.453792 
0.250799 0.329404 0 0 0.419797 
0.396849 0 0.417589 0 0.185562 
0.542125 0 0.457875 0 0 
0 0 1 0 0 
0 1 0 0 0 
0 0.501527 0 0 0.498473 
0 0.468693 0 0 0.531307 
0 0 0 0 1 
0 0 1 0 0 
0.78034 0 0 0.21966 0 
0 0 0.358008 0.641992 0 
0 1 0 0 0 
0.444917 0 0.555083 0 0 
0 0 0.272248 0.727752 0 
0 0 0.786238 0 0.213762 
0.192949 0.360047 0 0.337325 0.109678 
0 0 0.376727 0.114013 0.50926 
0 0 0 1 0 
0.117316 0 0.389473 0.493212 0 
0 0 0 1 0 
0 0.273416 0 0 0.726584 
0 0.685872 0 0.314128 0 
0 0 1 0 0 
0 0 0 0.164465 0.835535 
0.749921 0 0.250079 0 0 
0 0 1 0 0 
0 0.64301 0 0.35699 0 
0 0.232372 0 0.767628 0 
0 0.808942 0 0 0.191058 
0 0.455059 0 0.37691 0.168031 
0.203211 0.796789 0 0 0 
0 0.349854 0 0.650146 0 
0 0 0 0.675109 0.324891 
0 0.295449 0.499907 0 0.204644 
0 0.347146 0.267889 0.384965 0 
1 0 0 0 0 
0 0 0.393626 0.606374 0 
0 0 0 0 1 
0.432635 0.567365 0 0 0 
0 1 0 0 0 
0 0 1 0 0 
0 1 0 0 0 
0.210508 0 0.533532 0.25596 0 
0 0.29317 0.562486 0.144344 0 
1 0 0 0 0 
0.197535 0.162659 0.38458 0 0.255226 
0 0 0.372722 0.627278 0 
0 0 1 0 0 
1 0 0 0 0 
1 0 0 0 0 
0 0 0.354282 0 0.645718 
0 0.350907 0 0.0797886 0.569304 
0 0 0 0.535352 0.464648 
0.444565 0 0.330415 0.22502 0 
0 0 0 0.599499 0.400501 
0 0.50157 0 0.49843 0 
0 0 1 0 0 
0 0 0 0.591816 0.408184 
0 0 0 1 0 
0 0 0.578993 0.421007 0 
0 0.238109 0.761891 0 0 
0.171513 0 0 0 0.828487 
0.813743 0 0.186257 0 0 
0.328168 0.671832 0 0 0 
0 0.0927136 0 0.498212 0.409074 
0.449218 0 0.32481 0.225972 0 
1 0 0 0 0 
0 0 0 0 1 
0 0.514615 0 0.485385 0 
0 0 0 1 0 
0.32943 0 0 0 0.670569 
0.354934 0.214995 0.076834 0 0.353237 
0 0 0 1 0 
0.332227 0.37798 0 0.289792 0 
0.384986 0.0771307 0 0.36905 0.168833 
0.628533 0.371467 0 0 0 
0 0.714952 0 0.285048 0 
0 0.375435 0 0 0.624565 
0 0.381859 0.618141 0 0 
0.120406 0 0 0.879594 0 
0 0 1 0 0 
0 0.500171 0 0.499829 0 
0 0.630011 0 0 0.369989 
0 0 0 0.403527 0.596473 
0 0.640721 0 0.359279 0 
0 0 0 0 1 
0 0 0 1 0 
0 0 0 0.42448 0.57552 
0 0.314406 0.536653 0.148941 0 
0 0.528051 0.271006 0 0.200943 
0.402109 0.597891 0 0 0 
0 1 0 0 0 
0 0 0 0 1 
0 0.459951 0.454477 0 0.0855726 
0.240923 0 0.293625 0 0.465452 
1 0 0 0 0 
0 0.122824 0 0 0.877176 
0.220843 0.779157 0 0 0 
0 0 0.499396 0 0.500604 
0 0.557352 0 0.208713 0.233935 
0 0 0 0 1 
0 0 0 1 0 
0 0 0 1 0 
1 0 0 0 0 
0 0.609976 0.136474 0.253551 0 
0 0 0.666267 0 0.333733 
0 0 0 0 1 
0 0 0.819283 0 0.180716 
0 0 0 0 1 
0.307482 0.176137 0 0.516381 0 
0 0 1 0 0 
0 0.533218 0.105923 0.360859 0 
0.181143 0 0.500355 0.318503 0 
0 0 0.365365 0 0.634635 
0.399467 0 0.264565 0.335968 0 
1 0 0 0 0 
0.306129 0 0.130763 0.563108 0 
0.597356 0.402644 0 0 0 
0 0.611352 0 0 0.388648 
0.162315 0.226679 0.225713 0 0.385293 
0.193503 0 0.485318 0.321179 0 
0 0.391097 0.519565 0 0.0893384 
0.466807 0.533193 0 0 0 
0 0.195383 0.0933829 0 0.711234 
0.479671 0 0.520329 0 0 
0.368675 0 0.631325 0 0 
1 0 0 0 0 
0 0 0 1 0 
0.794232 0.205768 0 0 0 
0 0.365177 0 0.299478 0.335345 
0.185237 0.267714 0 0.167096 0.379953 
