5 200
0.580424
0.655866
0.585902
0.747375
0.39626
11.0822 0.361638
10.7837 0.472262
10.7765 0.189164
10.7664 0.53109
10.7146 0.659787
10.6211 0.464973
10.5475 0.440685
9.91049 0.862959
9.67539 0.874564
9.31023 0.990094
9.18164 1.54211
8.96831 0.301257
8.89267 1.52684
8.53906 0.731229
8.33699 1.43561
8.12747 0.637336
8.07283 0.748666
8.02392 1.04916
7.95814 1.96182
7.83739 0.55258
7.80986 1.63832
7.80177 1.63744
7.72988 1.30847
7.58501 1.72905
7.37005 1.24394
7.31881 0.176527
7.26759 1.37631
7.24901 0.775501
7.13205 0.503785
6.92069 1.38201
6.83817 1.83637
6.73054 1.71573
6.38528 3.17391
6.1793 1.05061
6.15623 2.25804
6.10307 2.68542
6.08148 2.17776
5.8672 2.77869
5.78633 2.50939
5.65945 3.77438
5.61502 1.76789
5.57295 3.18734
5.48194 1.75832
5.40211 1.30355
5.36016 1.34876
5.35691 1.32598
5.32257 2.35769
5.31125 1.86648
5.30442 2.92526
5.27299 2.45493
5.25339 1.76653
4.97878 1.80923
4.93613 2.46183
4.90665 2.24518
4.80934 1.66574
4.78615 2.20758
4.76171 2.20854
4.72759 3.22315
4.67267 2.46931
4.598 2.28427
4.58039 1.7964
4.55824 3.5839
4.52772 3.77913
4.52508 4.30519
4.48826 3.5485
4.33965 2.0495
4.26871 3.32093
4.24312 3.96326
4.18522 2.14378
4.08847 3.30095
4.03291 3.53725
4.00389 2.83771
3.91799 2.53976
3.87416 4.4167
3.874 3.97331
3.79682 3.61887
3.78047 3.00057
3.63034 2.6902
3.57125 3.97517
3.45282 3.86558
3.41116 5.09252
3.39111 3.73427
3.31992 3.6685
3.2576 5.58809
3.24292 3.24344
3.13803 4.07137
3.09064 5.55676
2.96683 5.30298
2.85526 3.51912
2.71033 4.26737
2.68821 4.56026
2.61667 4.96977
2.54095 5.71232
2.53898 5.27468
2.47896 5.12983
2.42451 4.70484
2.4058 4.62808
2.30652 6.11584
2.30523 3.69422
2.28482 5.14528
2.28287 5.11047
2.27707 4.59004
2.27571 5.16595
2.27249 4.93007
2.25455 3.69935
2.15974 5.44011
2.15269 5.61422
2.14489 5.77244
2.13652 3.69754
2.09722 5.49004
2.09324 4.20049
1.92353 4.43998
1.89905 7.01517
1.87515 5.47921
1.82419 6.89139
1.81131 5.28506
1.80696 5.59232
1.77183 6.81385
1.7495 4.27427
1.72363 4.45801
1.71745 4.14341
1.68643 5.73298
1.68415 4.61127
1.65386 5.20652
1.62306 7.25908
1.6222 6.08097
1.58897 5.23352
1.5766 7.14449
1.54429 5.66876
1.54061 6.25257
1.508 6.89908
1.48597 6.35071
1.42336 7.8307
1.34912 7.10874
1.32368 6.0343
1.2954 7.54186
1.24674 7.30794
1.21776 6.94112
1.20789 6.59961
1.20027 6.50084
1.18825 5.02934
1.15672 5.62194
1.11036 5.23675
1.10358 5.57499
1.09245 7.37715
1.05143 7.83961
0.983667 8.04869
0.896357 6.18242
0.881592 6.48153
0.858393 6.19862
0.855482 8.0562
0.850967 8.94833
0.843722 8.1967
0.800813 7.1162
0.77103 6.06933
0.729879 6.48169
0.72904 8.44837
0.667962 8.67468
0.661025 6.80789
0.660837 5.7936
0.630754 8.38048
0.610667 7.64907
0.598752 7.69923
0.578541 7.787
0.544035 9.05153
0.527216 5.89484
0.50763 8.60722
0.395396 7.87292
0.388098 7.33835
0.350367 8.26645
0.309497 7.2396
0.296303 10.3819
0.293829 9.51533
0.285082 8.01561
0.281243 10.379
0.277793 7.49615
0.265434 7.93487
0.264545 7.72871
0.256687 9.97899
0.237345 7.16975
0.216709 6.82482
0.200204 8.8143
0.183024 7.58751
0.120104 8.10577
0.102901 9.17107
0.10119 8.39966
0.0918252 8.3304
0.0804645 11.3795
0.068461 9.38202
0.0681166 8.43393
0.0627236 9.19683
0.0493503 10.0926
0.0249171 8.75569
0.019179 11.9394
0.0178678 10.5395
0.0172058 10.627
0.0161246 7.56374
0.0156503 9.71232
0.00226637 12.2379
0.001043 9.50917
0 0 0 0.222471 0.777529 
0 0.096194 0.388684 0.515122 0 
0 0 0 0 1 
0 0 0 1 0 
0.268872 0.30374 0.0763503 0 0.351038 
0.140823 0 0.700105 0.159072 0 
0 0 0 0.551041 0.448959 
0 0 0.451265 0.358577 0.190158 
0 0.829387 0.170613 0 0 
0.308485 0.47779 0.213725 0 0 
0 0.428279 0.571721 0 0 
0 1 0 0 0 
0 0 0 1 0 
0.775362 0 0 0 0.224638 
0 0.425507 0 0 0.574493 
0 0 0 1 0 
0 0.340041 0 0.298371 0.361588 
0 0 0 1 0 
0.348156 0 0.446372 0.205472 0 
0 0.439299 0 0.463652 0.0970489 
0 0 1 0 0 
0 0 1 0 0 
0.148386 0 0 0.851614 0 
0 0 0 0 1 
0.29152 0.474621 0.233859 0 0 
0 1 0 0 0 
0 0 0.352426 0 0.647574 
0.557659 0 0 0.231151 0.21119 
0 0 1 0 0 
1 0 0 0 0 
1 0 0 0 0 
0.50032 0.49968 0 0 0 
1 0 0 0 0 
0 0.513401 0 0.486599 0 
0.36129 0 0.267885 0 0.370825 
0 0 0.277017 0.722983 0 
0 0.210457 0.29712 0.177645 0.314778 
0.329345 0.218711 0.451945 0 0 
0 0 0 0 1 
0 0.556333 0 0 0.443667 
1 0 0 0 0 
0 0 0.685763 0.314237 0 
0.322525 0.452527 0 0 0.224948 
0 0 0 1 0 
1 0 0 0 0 
0 0.0892808 0.551366 0.359354 0 
0 0 0.45187 0.54813 0 
1 0 0 0 0 
0.632427 0 0 0.367573 0 
0 1 0 0 0 
0 0.527923 0 0 0.472077 
0 0.718631 0 0.281369 0 
0 0 0 1 0 
0 0.839693 0 0 0.160307 
0 0 0 1 0 
0 0 0 1 0 
0 0 0 0 1 
0 0 0.461294 0.538706 0 
0 0 0.511467 0 0.488533 
0 0.660923 0 0 0.339077 
0 0 0.206156 0 0.793844 
0 1 0 0 0 
1 0 0 0 0 
0 0 0 0.373023 0.626977 
1 0 0 0 0 
1 0 0 0 0 
0 0.826875 0 0.173125 0 
0 0 0 1 0 
0 1 0 0 0 
0 0 0 0 1 
0 0 1 0 0 
0.495405 0 0 0 0.504595 
0 0 0.498474 0.501526 0 
0 1 0 0 0 
0 0 0 0.6966 0.3034 
0 0 0 0 1 
0 0 0 1 0 
0 0 0 0 1 
0 0 0.249605 0.546016 0.204379 
0 0.075962 0.34502 0.579018 0 
0 0 1 0 0 
0.207841 0 0.328399 0.46376 0 
0.460185 0 0 0 0.539815 
0 0.33456 0 0.314726 0.350713 
0 0 0.280606 0 0.719394 
0.681046 0 0.318954 0 0 
0 1 0 0 0 
0 1 0 0 0 
0 0.672252 0.327747 0 0 
0 0.166028 0.833972 0 0 
0 0 0 1 0 
1 0 0 0 0 
0 0 0 0.502903 0.497097 
0 1 0 0 0 
0 0 0.2681 0.7319 0 
1 0 0 0 0 
0.0815367 0.534422 0 0 0.384041 
0 0.245124 0.340645 0.414231 0 
0 1 0 0 0 
0 0 1 0 0 
0.509831 0 0 0.490169 0 
0 1 0 0 0 
0.25785 0.253302 0 0.367804 0.121044 
0.499929 0 0 0 0.500071 
0 0.421724 0.2365 0 0.341776 
0 0 1 0 0 
0.278692 0.366284 0 0 0.355024 
0.0995942 0.22646 0 0.360572 0.313374 
0 0 0.154621 0.465523 0.379856 
0 0 1 0 0 
0 0.470399 0.0531888 0 0.476412 
0 0 0.211412 0.395086 0.393502 
0.192962 0 0 0.807038 0 
0 0.213677 0 0 0.786323 
0.425328 0 0.574673 0 0 
0.371282 0.342457 0 0.286261 0 
1 0 0 0 0 
0.170173 0.718462 0 0.111365 0 
0 0.649898 0.350102 0 0 
0.4557 0.152378 0 0.391922 0 
0 0 0.525598 0.474402 0 
0 0 0 0.265559 0.734441 
0 0 0 0.578572 0.421428 
0.186082 0.436635 0 0.377283 0 
0 0.5923 0.4077 0 0 
0 0.115701 0 0.46938 0.414919 
0 0.275697 0.573167 0.151136 0 
0 0 0 0.483842 0.516158 
0 0.635601 0.364399 0 0 
1 0 0 0 0 
0 0 1 0 0 
0 1 0 0 0 
0.624047 0.214476 0.161477 0 0 
0 0 1 0 0 
0.291643 0 0 0.708357 0 
0.200023 0 0 0.621205 0.178772 
0 0 0.290372 0 0.709628 
0.558149 0 0.441851 0 0 
0 0 0 1 0 
0.176787 0 0.387212 0 0.436002 
1 0 0 0 0 
0 0.355462 0 0.249702 0.394836 
0.314192 0 0.146268 0 0.53954 
0 0.473658 0.526342 0 0 
0.40063 0 0.59937 0 0 
0.270747 0.0711276 0 0.257751 0.400374 
0 0 1 0 0 
0 0.344261 0 0 0.655739 
0.56708 0 0 0 0.43292 
0.311781 0 0.168012 0.205371 0.314836 
0 0 0.277009 0 0.722991 
0 0.150858 0 0.366578 0.482563 
0 0 0 0 1 
0 0 1 0 0 
0.356532 0.643468 0 0 0 
0.315782 0.25704 0.427178 0 0 
0.403397 0 0 0.596603 0 
0.640989 0 0 0.10828 0.25073 
0 0 0 0 1 
0.136301 0.17215 0 0 0.69155 
0 0 1 0 0 
0.202818 0 0 0 0.797182 
0.48453 0 0.291 0.224469 0 
0 0.471959 0 0 0.528041 
0.317432 0.56348 0.119088 0 0 
0 0.520818 0.479182 0 0 
0.431301 0.0533809 0.167857 0.34746 0 
0 0.699436 0 0 0.300564 
0 0 1 0 0 
0 0 0 1 0 
0.317849 0.356881 0 0.127599 0.197671 
0 0 0 0 1 
0 0 0 1 0 
0 0 1 0 0 
0 0 0.383621 0 0.616379 
0.18941 0 0.81059 0 0 
0 0 0.727223 0 0.272777 
0 0 0 0.283318 0.716682 
0.366037 0.273847 0 0.360117 0 
1 0 0 0 0 
0.854018 0.145982 0 0 0 
0.298985 0 0 0.356581 0.344434 
0.686926 0.313074 0 0 0 
0.167802 0.372378 0 0.237768 0.222053 
1 0 0 0 0 
0.430527 0.569473 0 0 0 
0 0.47535 0 0 0.52465 
0 0 0.144933 0 0.855067 
0.396001 0 0.342582 0 0.261417 
0 0 0.721263 0 0.278737 
0 1 0 0 0 
0 0 0 0 1 
0 0 0 1 0 
0.261575 0.214609 0.273845 0.142996 0.106975 
0.640329 0 0.359672 0 0 
0.104631 0 0.255687 0.292061 0.347621 
0 0 1 0 0 
0.612945 0 0 0 0.387055 
0.10746 0.343849 0 0.376241 0.172449 
0 0.15782 0.205577 0.415303 0.2213 
