5 200
0.6667
0.325549
0.276887
0.367389
0.327517
11.5476 0.106393
11.3212 0.209527
10.8367 0.19914
10.5522 0.268323
10.152 0.187709
9.84029 0.441748
9.7882 0.554197
9.72735 0.677659
9.39242 0.647469
9.31157 0.668794
8.87659 0.13062
8.65741 1.04287
8.54163 1.40119
8.43851 0.370182
8.28729 1.3363
8.18089 1.2836
8.12008 1.90277
8.05128 1.32358
7.99758 1.18834
7.86836 2.03842
7.85234 2.35389
7.76799 1.86321
7.71555 0.597328
7.13403 0.782584
6.80094 1.61368
6.78498 2.20014
6.77982 1.36723
6.77876 1.16876
6.76655 0.912967
6.67979 2.10954
6.65908 2.21472
6.65222 1.02443
6.33893 3.20928
6.33493 0.952798
6.32098 1.87207
6.0527 2.26497
6.04783 1.12538
6.02217 1.90147
5.69835 2.74988
5.66666 1.70279
5.65913 2.28295
5.64091 1.85204
5.59551 2.04441
5.37609 1.66639
5.32295 3.94111
5.32244 2.27478
5.30489 2.81549
5.22717 2.41146
5.20843 2.6044
5.07728 3.07647
4.92872 3.528
4.90655 3.67009
4.82204 3.3734
4.7909 2.49555
4.60901 2.09981
4.60693 1.63283
4.58859 2.92109
4.51779 4.18438
4.45463 2.69987
4.42397 4.03314
4.42235 3.99869
4.36109 4.06597
4.28972 2.64965
4.26836 3.97495
4.2274 3.46392
4.20515 4.74066
4.16797 2.69797
4.04815 4.54354
3.79135 3.33487
3.73517 4.56396
3.65428 3.29577
3.54387 4.91321
3.4469 4.74557
3.38102 4.39894
3.37607 2.87281
3.24461 3.86558
3.20072 4.94683
3.17727 3.50682
3.14552 4.19822
3.10485 4.42914
3.08855 4.17493
3.0165 5.72503
3.00633 5.00181
2.90353 5.34249
2.89358 4.77148
2.84302 5.20807
2.77999 5.09666
2.53098 5.37022
2.4789 4.92717
2.4208 5.47626
2.37383 6.00676
2.32442 3.68516
2.28027 4.00258
2.24502 5.66029
2.22191 5.34965
2.07172 5.5908
2.05591 4.40744
2.05471 6.08951
1.98809 5.63113
1.85155 6.78851
1.80431 6.44314
1.71824 4.81514
1.71655 5.54226
1.70519 4.62134
1.69944 7.6059
1.6541 5.55799
1.6418 5.46351
1.62167 6.28394
1.60722 7.22017
1.57233 6.55322
1.52801 7.50667
1.42138 5.20019
1.40481 5.82146
1.40273 7.12571
1.37298 5.88503
1.32911 5.62579
1.30135 5.52233
1.2469 7.4922
1.1583 5.13684
1.1498 5.7578
1.14193 7.55556
1.12127 6.26809
1.11784 6.23717
1.06087 6.06561
1.03277 5.82466
0.979375 7.35092
0.958741 5.73994
0.931103 6.82523
0.927003 5.77699
0.898359 6.21726
0.880595 6.07091
0.873423 8.63141
0.821102 7.9808
0.819176 7.16132
0.806385 5.50453
0.771114 8.62978
0.758994 7.70217
0.749625 7.89455
0.74863 8.42705
0.726954 7.30992
0.678212 5.90043
0.671043 6.50972
0.622287 8.6576
0.582798 6.59915
0.580908 7.70111
0.57352 8.86344
0.552713 8.43154
0.543383 9.24925
0.54155 7.53031
0.5345 6.26117
0.505603 7.04048
0.492643 7.35914
0.488603 7.18546
0.465252 7.20427
0.450596 6.28293
0.409753 6.1057
0.406681 10.0148
0.405436 7.47877
0.396026 8.51811
0.389983 6.94937
0.383737 9.50377
0.375318 6.13228
0.365577 6.51367
0.34951 9.36546
0.349248 8.99295
0.348128 8.1225
0.347174 7.05939
0.344184 7.58014
0.336259 9.53594
0.28933 10.0448
0.286515 8.35951
0.280085 9.5533
0.274372 10.0174
0.244903 8.5359
0.185635 8.93557
0.179188 7.55995
0.151239 9.35843
0.131088 9.01461
0.12881 9.95608
0.126685 6.74652
0.122592 7.31261
0.116824 10.1434
0.102559 11.0162
0.0936374 9.94354
0.0909998 8.96001
0.072425 10.8758
0.0591606 9.53187
0.0400989 11.1092
0.0299253 9.41481
0.0280057 10.5415
0.027344 8.93242
0.0239823 8.34751
0.0229991 9.89944
0.0199136 8.5199
0.012498 9.93409
0.0108234 7.74623
0.00726761 11.5082
0.00705325 11.1372
0.0048002 11.2331
0.00180501 10.4855
0.718079 0 0 0.281921 0 
0 0 0.118175 0.356652 0.525172 
0.591469 0 0 0.408531 0 
0.327664 0 0 0 0.672336 
0 0.175715 0.467237 0 0.357049 
0 0.868004 0 0 0.131996 
0.57837 0.42163 0 0 0 
0.429264 0 0.301064 0 0.269672 
0 0.15261 0.313301 0.278659 0.255429 
0 0.24411 0.177148 0.578742 0 
0 0 0 0 1 
1 0 0 0 0 
0 0 0 0 1 
0 0.876642 0 0.123358 0 
0.346386 0.653614 0 0 0 
0 0 0.765977 0 0.234023 
0.882822 0.117178 0 0 0 
0 0 0.150583 0.849417 0 
0 0 0.724142 0.275858 0 
0.51581 0.484189 0 0 0 
0 1 0 0 0 
1 0 0 0 0 
0.525238 0 0.474762 0 0 
0.324017 0 0.348687 0 0.327295 
0 0 0 1 0 
0.141003 0 0 0.406267 0.45273 
0 0.063895 0.376699 0.107897 0.451509 
0.322819 0 0.45395 0.223231 0 
0 0 0 0.313958 0.686042 
0.352838 0.364679 0 0.1353 0.147183 
0 0.742218 0.257782 0 0 
0 0.386382 0.460034 0.153584 0 
0 0.288627 0 0.491216 0.220157 
0 0 1 0 0 
0 0 0.456114 0.543886 0 
0.396047 0.427705 0 0 0.176248 
0 0.485821 0 0 0.514179 
0 0 0 0.377944 0.622056 
0.830586 0 0 0 0.169414 
0 1 0 0 0 
0.266651 0.733349 0 0 0 
0 0.351521 0 0.648479 0 
1 0 0 0 0 
0 0 0 0 1 
1 0 0 0 0 
0 0.450522 0 0.549478 0 
0.434284 0.166815 0 0 0.398902 
0 0.468193 0.531807 0 0 
0.281051 0.718949 0 0 0 
0 1 0 0 0 
0 1 0 0 0 
0 0.312118 0.442248 0.245634 0 
0 0 0.604848 0 0.395152 
0 0 0.460108 0.539892 0 
0 0 0.558348 0.441652 0 
0 0 0 0 1 
0 0 0 1 0 
1 0 0 0 0 
0 0.440071 0.339778 0.220151 0 
0.302396 0.346821 0 0 0.350783 
0 0 0 0.51501 0.48499 
0.41818 0 0 0.287991 0.293829 
0.409563 0 0.590437 0 0 
1 0 0 0 0 
0.562711 0.437289 0 0 0 
0 0 0 1 0 
0 0 0 0.399408 0.600592 
0.483361 0.516639 0 0 0 
0 0 1 0 0 
0 0.456795 0 0.543205 0 
0.245719 0 0.754281 0 0 
0.551306 0.182651 0 0 0.266043 
0 0 0 0 1 
0.400969 0.599031 0 0 0 
0.257903 0.176289 0.204938 0.246566 0.114304 
0 0 0.627708 0 0.372292 
0.289463 0.710537 0 0 0 
0.33809 0 0 0 0.66191 
0 1 0 0 0 
0 0 0.158585 0.437627 0.403788 
0 0.271426 0 0.728574 0 
0.465458 0.38927 0 0 0.145272 
0.0962727 0.438841 0 0.464887 0 
0 0 0.460069 0.256168 0.283763 
0.234665 0.234966 0 0.311815 0.218554 
0 0 0.494173 0.505827 0 
0 0 0 0.610604 0.389396 
0 0 0 0 1 
0 1 0 0 0 
0 1 0 0 0 
0 0 0.476329 0 0.523671 
0 0.322261 0 0.241926 0.435813 
0 0 1 0 0 
0 0.303956 0.273009 0.130635 0.2924 
0.734363 0.265637 0 0 0 
0 0 0 0 1 
0.275859 0 0 0.32627 0.397872 
0 0.322553 0.306025 0.371422 0 
0.758973 0 0 0 0.241027 
0.119572 0 0.880428 0 0 
0.502548 0.497452 0 0 0 
0 1 0 0 0 
0.39658 0 0 0 0.60342 
0 1 0 0 0 
0 1 0 0 0 
0.37691 0.215887 0 0.407202 0 
0 0 0 1 0 
0 0.0947906 0.434372 0 0.470838 
0 0 0.550441 0 0.449559 
1 0 0 0 0 
0.313942 0 0.261585 0.424473 0 
0.256432 0.0822514 0.364837 0 0.29648 
0.471653 0 0.262279 0 0.266068 
0.484472 0.515528 0 0 0 
0.517351 0.482649 0 0 0 
0 0 1 0 0 
0 0 0 0 1 
0.472507 0.527493 0 0 0 
1 0 0 0 0 
0 0 0 0 1 
0.25691 0 0.74309 0 0 
0 0 0 1 0 
1 0 0 0 0 
0 0 1 0 0 
0 0 1 0 0 
0 0 0 1 0 
0.330563 0 0 0.319025 0.350413 
0.33233 0.168546 0 0.499123 0 
0.207483 0 0.242807 0.427979 0.121731 
0 0 0 1 0 
0 1 0 0 0 
0.57137 0 0 0 0.42863 
0.516231 0 0 0.194733 0.289036 
0 0 0.391181 0.608819 0 
0.3987 0.108091 0.291503 0 0.201706 
0 0 0 1 0 
0 0.414191 0.585809 0 0 
0 0 0 1 0 
0 1 0 0 0 
0.289884 0.365681 0.344434 0 0 
0.167989 0.729011 0 0.103 0 
0.457548 0 0 0.542452 0 
0 0.635203 0 0 0.364797 
0 0 0.271699 0.284245 0.444057 
0.253291 0.276348 0.470361 0 0 
0 0 0.837446 0.162554 0 
0.514185 0 0.485815 0 0 
0.687751 0 0 0.312249 0 
0.739869 0 0 0.260131 0 
0 0 0.517527 0.482473 0 
0.361905 0 0.331123 0.219033 0.087938 
0.714825 0 0 0.285175 0 
0 0.706446 0 0 0.293554 
0 1 0 0 0 
0.323013 0.357126 0.319861 0 0 
0.534137 0 0 0 0.465863 
0 0 0.76027 0 0.23973 
0 0 0 0 1 
0.141266 0.858734 0 0 0 
0 0 1 0 0 
0 0.293829 0 0 0.706171 
1 0 0 0 0 
0 0.582223 0 0.417777 0 
0.61692 0 0 0.38308 0 
0 0.249376 0 0.396998 0.353626 
0.810383 0 0 0 0.189617 
0.646451 0 0 0.353549 0 
0 0 0.609638 0 0.390362 
0 1 0 0 0 
0 1 0 0 0 
0 0 0.810206 0.189794 0 
0.222992 0 0.364394 0.412614 0 
0.73793 0 0 0.26207 0 
0 0 0 0 1 
0 0.317317 0.320917 0.361766 0 
0 0.329998 0.307743 0.362259 0 
0.588089 0 0 0 0.411911 
1 0 0 0 0 
0 0.13477 0 0 0.86523 
0 0 0 1 0 
1 0 0 0 0 
0 0 0 0.736784 0.263216 
0 0.448866 0.551134 0 0 
0 0.425274 0.574726 0 0 
0.719647 0.175343 0.10501 0 0 
0 0 0 0 1 
1 0 0 0 0 
0.872226 0.127774 0 0 0 
0 1 0 0 0 
0 0 1 0 0 
0.174521 0 0 0 0.825479 
0 0 0 0 1 
1 0 0 0 0 
0.864049 0.135951 0 0 0 
0 0 1 0 0 
0.377842 0.510417 0 0 0.111742 
0.240943 0 0 0.759057 0 
0.390463 0 0 0 0.609537 
1 0 0 0 0 
0.609993 0.129059 0 0 0.260948 
