5 150
0.524514
0.543634
0.636883
0.32796
0.324389
11.3338 0.185219
10.5286 0.266607
10.5096 0.326129
10.1738 0.390721
9.41218 1.24214
9.28484 1.13027
9.03834 0.609631
8.93857 0.736361
8.83072 0.887368
8.62436 1.47092
8.48048 0.799335
8.32896 0.437312
8.30482 1.66849
8.25744 0.328979
8.23051 2.01541
7.94129 1.70252
7.81528 1.71551
7.76198 1.98954
7.75449 1.3718
7.7346 1.66305
7.53348 2.21382
7.47 1.62945
7.45432 1.41006
7.43116 0.26382
7.28826 0.738253
7.21315 2.28772
7.13678 2.09412
7.10943 2.42628
7.09743 0.378735
7.03553 1.22071
6.8663 1.82452
6.81483 2.7815
6.75382 0.962251
6.72325 2.17703
6.38604 0.949957
6.34949 1.9652
6.1498 2.47063
5.76695 1.90539
5.43222 2.15156
5.43189 2.13763
5.40657 2.71889
5.31796 2.02342
5.23901 2.09917
5.17048 2.40009
5.03687 3.84182
4.92453 2.888
4.89587 3.41078
4.88594 2.11676
4.83271 2.7188
4.7365 2.40396
4.65286 2.81533
4.60499 2.98806
4.55942 3.63955
4.49051 2.95676
4.45195 2.60894
4.37519 2.66195
4.13792 2.82935
4.05786 3.65467
4.01717 4.41728
3.97625 3.6085
3.91898 3.9051
3.89697 4.42112
3.79421 4.56502
3.5491 3.95647
3.54507 2.85893
3.41926 3.66572
3.25799 4.7415
3.09731 3.47484
3.01377 2.93346
2.96331 4.75762
2.92455 4.66335
2.87127 5.2395
2.84582 4.78608
2.82514 3.77442
2.72567 5.30932
2.72255 6.19658
2.68786 3.97014
2.56643 3.89916
2.5612 5.50841
2.47408 5.32156
2.44827 4.16085
2.38448 4.01888
2.37742 5.94152
2.34811 3.47717
2.25469 6.65126
2.17372 5.59733
2.07552 5.51612
1.90124 5.49371
1.89802 5.6454
1.85023 6.28753
1.84795 7.18421
1.53247 6.43912
1.51076 5.33246
1.45088 6.89997
1.37517 5.94695
1.32734 6.91416
1.30419 5.77511
1.29066 5.12189
1.26288 4.84657
1.13192 5.79041
1.11591 6.97188
0.957645 8.43975
0.957128 8.11016
0.904511 6.99241
0.893811 8.26464
0.883476 5.54215
0.844413 7.22694
0.795764 6.75091
0.750893 6.07033
0.736212 5.81766
0.727948 8.7693
0.703849 8.81519
0.696054 8.34545
0.678625 5.91226
0.676083 8.4114
0.649696 7.62627
0.630943 6.90022
0.603701 7.08728
0.590336 6.99451
0.56954 8.26224
0.569161 9.26999
0.519775 9.51303
0.485341 8.98081
0.46701 9.13624
0.460897 6.26935
0.446717 6.13655
0.424231 8.95386
0.400436 9.84096
0.378616 5.87485
0.361402 8.31603
0.300775 7.96728
0.290317 8.33637
0.214216 8.79348
0.203016 9.49158
0.193189 9.2445
0.183838 10.0525
0.127741 10.753
0.12462 8.40407
0.123065 8.6385
0.0880764 8.9863
0.0738958 7.67583
0.0712058 7.56856
0.0465557 11.5384
0.0430728 7.03451
0.0287361 11.3766
0.00703977 12.0488
0.00420022 8.80324
0.00349681 8.23153
0.0027364 9.49146
0.00246493 12.075
0 0 0 0 1 
0 0 0 0 1 
1 0 0 0 0 
0 0 0 1 0 
0.396473 0.342083 0 0 0.261444 
0 0 1 0 0 
0.526383 0.473617 0 0 0 
0 0 0 1 0 
0 0 1 0 0 
0 0 0 0.631062 0.368938 
0 1 0 0 0 
0.496109 0 0 0.503891 0 
0 0 1 0 0 
0 0 1 0 0 
0 0 0 0 1 
0.709643 0 0.290357 0 0 
0 0 0 0 1 
0 0 0.673541 0.326458 0 
0 0.371827 0.628173 0 0 
0 0 0 1 0 
1 0 0 0 0 
0 0 0.817746 0.182254 0 
0 0 0 1 0 
0 0 0 1 0 
0 1 0 0 0 
0 0 0 0 1 
1 0 0 0 0 
0 0 0 0 1 
0.295753 0 0.560218 0 0.144028 
0.476935 0 0 0.523066 0 
0.329588 0 0.670412 0 0 
1 0 0 0 0 
0 0 0.270493 0.729507 0 
0 0 0 0.552957 0.447043 
0 0 0 0 1 
0 1 0 0 0 
0 0.321028 0.366643 0 0.312329 
0 0 0.258896 0.741104 0 
1 0 0 0 0 
0 0.402257 0 0 0.597743 
0 0 0 1 0 
0 0 1 0 0 
0.442622 0 0.557378 0 0 
0.325514 0 0.674486 0 0 
0 0 1 0 0 
0 0 1 0 0 
0.273601 0 0 0 0.726399 
0 0 1 0 0 
0 0 0 1 0 
0.574673 0.425328 0 0 0 
0 0 0.636015 0 0.363985 
0 0.789197 0.210803 0 0 
1 0 0 0 0 
1 0 0 0 0 
0 0 1 0 0 
0 0 1 0 0 
0 0 1 0 0 
0 0 0 1 0 
0 1 0 0 0 
0 0 1 0 0 
0.24345 0.461817 0 0 0.294733 
0 0 0 0 1 
0.279184 0 0 0 0.720816 
0 0 0 0 1 
0 0 0 1 0 
0 0 0 1 0 
0 1 0 0 0 
0 0.392847 0 0.607153 0 
0 0 0 0 1 
0 0 0 0 1 
1 0 0 0 0 
0.36981 0 0 0 0.63019 
0.620216 0 0 0.379784 0 
0.422843 0 0 0 0.577157 
0 0 0 0 1 
0.478915 0 0 0 0.521085 
0 0 1 0 0 
0 0 0 1 0 
0.318075 0 0.681925 0 0 
0 0 0 1 0 
0.156065 0 0 0.843935 0 
0 0.483464 0 0 0.516536 
0 0 1 0 0 
1 0 0 0 0 
1 0 0 0 0 
0 0 0 0 1 
0 0 1 0 0 
0 0 0 1 0 
0 0 0 0 1 
0 0 0 1 0 
0 1 0 0 0 
0 0 0.210954 0.789046 0 
0 1 0 0 0 
0 0.251799 0.411687 0.336514 0 
0 1 0 0 0 
0 0.256437 0 0.743563 0 
0.589719 0 0.255714 0 0.154568 
1 0 0 0 0 
0 0 0 1 0 
1 0 0 0 0 
0.789792 0.210208 0 0 0 
0 0.485579 0.321736 0 0.192685 
0 0.459986 0.540014 0 0 
0.810389 0 0.189611 0 0 
0.301954 0.698046 0 0 0 
0 0 0 1 0 
0 0 0 1 0 
1 0 0 0 0 
0.634845 0 0 0.365155 0 
0 0 0 1 0 
0 0 0 1 0 
1 0 0 0 0 
1 0 0 0 0 
1 0 0 0 0 
1 0 0 0 0 
0 0 0 1 0 
0.39459 0.60541 0 0 0 
0.442536 0.557464 0 0 0 
0 0 1 0 0 
0 0 0 1 0 
0.197934 0.27437 0 0 0.527697 
0 0 0.210146 0 0.789854 
0 0 1 0 0 
0.510909 0 0 0 0.489091 
0 1 0 0 0 
0 0 1 0 0 
0.713279 0 0 0 0.286721 
0 0 0.469158 0 0.530842 
0.514653 0 0.485347 0 0 
0 0 0.157537 0.842463 0 
0.271107 0 0.132223 0 0.59667 
0 0 0 1 0 
1 0 0 0 0 
1 0 0 0 0 
0.580914 0.419086 0 0 0 
0 0 0 0 1 
0.544612 0 0.455388 0 0 
0.429118 0.139852 0.43103 0 0 
0 0 0 1 0 
0 1 0 0 0 
0 0 0 0 1 
0.591647 0.408353 0 0 0 
0.493804 0.506196 0 0 0 
0 0 1 0 0 
0 0.505586 0 0 0.494414 
0 0.35512 0.44148 0.2034 0 
0 0 0 0 1 
0 0.200905 0.21759 0.437851 0.143654 
0.305163 0 0.382536 0.312301 0 
1 0 0 0 0 
