5 150
0.574168
0.408086
0.497505
0.401769
0.583216
10.1482 0.880066
9.79383 0.630243
9.54176 1.02544
9.39176 0.256959
9.28833 0.492679
9.16783 0.970793
8.93806 0.338476
8.40636 1.36973
8.17329 0.518695
7.95886 1.57519
7.8954 1.37627
7.75431 1.59125
7.74621 1.1494
7.68802 0.189048
7.50278 0.241486
7.49255 2.0697
7.38482 1.21228
7.28035 0.485114
7.05652 0.772176
6.93554 1.04877
6.92876 0.697911
6.72747 1.20465
6.56719 1.255
6.56113 3.41645
6.46019 3.33643
6.33882 2.0545
6.21313 0.892502
6.15535 3.03449
6.11053 1.64956
5.93206 2.96379
5.78608 1.19693
5.6984 3.56317
5.65136 2.94244
5.60669 1.61505
5.56943 2.28562
5.3953 1.74552
5.33087 1.49527
5.08395 3.59858
5.08108 1.70481
4.96764 3.26828
4.91063 2.69396
4.87428 2.84509
4.74014 3.87458
4.69279 3.83036
4.4793 4.1819
4.46422 3.62357
4.43124 2.12025
4.30462 3.81939
4.2495 3.42039
4.17536 3.49076
4.14536 3.21002
3.83521 4.47286
3.82702 3.79827
3.76535 4.8626
3.70874 3.19123
3.53841 3.78624
3.4593 4.8055
3.33481 3.93003
3.27938 3.07306
3.24417 3.87239
3.08443 4.92064
2.9976 4.16298
2.93409 4.76714
2.87886 4.71716
2.81631 4.40639
2.71255 5.84274
2.64994 3.88343
2.49894 4.30326
2.45109 5.6018
2.39232 5.38889
2.35965 5.37553
2.25496 5.02807
2.15784 5.69158
2.11346 4.60979
2.07801 6.51847
2.06259 4.21383
2.0394 5.73603
1.99584 4.79129
1.9569 5.5376
1.93939 6.11518
1.80768 6.42848
1.80546 7.04947
1.71267 6.34255
1.59108 7.00236
1.55958 6.20915
1.51186 5.39916
1.49672 7.35196
1.45575 6.8171
1.44862 7.2418
1.44239 5.51184
1.39374 6.78238
1.31173 5.7089
1.29912 6.0162
1.22388 6.47927
1.17387 6.72621
1.17191 7.63409
1.14805 6.62273
1.14457 5.17484
1.14071 7.89161
1.12828 6.95345
1.10553 6.71614
1.00708 5.51527
0.994076 6.44064
0.961295 6.61986
0.906924 7.03186
0.844792 8.01614
0.80082 8.10652
0.740289 8.78428
0.730561 6.92051
0.730099 6.46869
0.728513 5.92322
0.728196 8.30956
0.630913 7.18185
0.61875 8.06396
0.599032 8.4254
0.596082 6.70628
0.578411 8.97638
0.571452 5.60365
0.521379 7.02271
0.433215 7.73401
0.399071 9.02628
0.395001 7.2598
0.391318 6.75587
0.355922 9.04599
0.329761 7.21007
0.325713 8.06102
0.307684 10.2191
0.277043 10.128
0.268544 7.36734
0.26461 7.45426
0.226502 10.2667
0.219146 7.61643
0.19697 9.19156
0.168352 9.09826
0.148691 9.35884
0.146287 8.22354
0.144523 7.2148
0.123762 6.82645
0.12245 8.38802
0.115934 6.86559
0.115647 9.93731
0.0953448 11.1505
0.0869917 7.22708
0.0664803 10.197
0.0332074 7.39527
0.019428 10.0389
0.0187319 11.641
0.0182755 7.38981
0.00532727 8.92121
0.00148596 12.2021
0.330611 0 0 0.45461 0.214779 
0 0.574477 0.425522 0 0 
1 0 0 0 0 
0.340069 0.484988 0.0803779 0.0945654 0 
0.276571 0.348712 0 0 0.374717 
0.183245 0.292829 0 0.284686 0.23924 
0.297906 0.207684 0.228466 0.1227 0.143244 
0.278906 0 0.416841 0 0.304253 
0 0.280191 0.28542 0.239638 0.19475 
0 0 0.262977 0.737023 0 
0 0 0 0.273663 0.726337 
0 0 0.728354 0 0.271646 
0 0 0.513721 0.486279 0 
0.305195 0 0.694805 0 0 
0.275703 0 0.298759 0.330579 0.0949593 
0 0.434548 0.565452 0 0 
0.302481 0.156386 0.353191 0.187942 0 
0.370522 0 0.160859 0 0.468619 
0.096601 0 0.280089 0.62331 0 
0.463577 0 0.0804995 0 0.455924 
0 0 0.378695 0.226793 0.394512 
0.636686 0 0.182954 0.18036 0 
0.199092 0.429766 0 0.26267 0.108471 
0 0.315406 0.239484 0 0.44511 
0.243417 0.108606 0.366684 0.281292 0 
0.520535 0 0 0.479465 0 
0.469569 0 0.324308 0.206123 0 
0.320516 0.340548 0 0.338936 0 
0.335662 0 0.183251 0.481087 0 
0.0504887 0.310659 0.225063 0.369924 0.0438654 
0.0503576 0.370317 0.315411 0 0.263914 
0.146566 0.367164 0.157406 0.328863 0 
0 0.398418 0 0.236367 0.365215 
0.659964 0 0 0.340036 0 
0 0 0.594597 0 0.405403 
0 0.48945 0 0.51055 0 
0 0.504694 0.250914 0.244392 0 
0.0979926 0.769579 0.132428 0 0 
0.378215 0.100508 0 0.290235 0.231043 
0.251578 0.748422 0 0 0 
0.23101 0 0.365286 0 0.403704 
0.499102 0 0.11841 0.382487 0 
0.0791865 0.382569 0.437305 0.10094 0 
0 0.389985 0 0.610015 0 
0 0.434405 0.14709 0.418505 0 
1 0 0 0 0 
0.494331 0 0 0.106758 0.398911 
0 0 0.390317 0.609683 0 
0.214136 0.305391 0.26948 0.210992 0 
0.348198 0 0 0 0.651802 
0 0.580737 0 0 0.419264 
0 0.391051 0.120435 0.227287 0.261227 
0 0.395814 0 0 0.604186 
0 0 0.442358 0.324098 0.233544 
0.695404 0 0 0.304596 0 
0.460764 0 0.153799 0.385437 0 
0.460462 0.110699 0.331396 0.0974427 0 
0 0 0.0816306 0.465825 0.452544 
0.479865 0.199337 0.320798 0 0 
0 0.324007 0 0.577075 0.0989183 
0.262309 0.0759285 0 0.480497 0.181266 
0.272813 0.369421 0.357767 0 0 
0 0.665481 0.334519 0 0 
0.186755 0 0 0.813245 0 
0 0 0.258241 0.620471 0.121289 
0 0.365984 0.200389 0.0780274 0.3556 
0 0.370105 0 0.309785 0.32011 
0 0 0.605305 0 0.394695 
0 0.353361 0.17891 0.467729 0 
0.294219 0.357939 0.347842 0 0 
0.250529 0 0 0.749471 0 
0.136085 0 0.462962 0 0.400954 
0.324008 0.116737 0.329888 0 0.229367 
0.37342 0.367425 0.0851349 0 0.17402 
0.584442 0 0 0.415558 0 
0 0.276732 0.404473 0.318794 0 
0 0.424915 0.349499 0.225586 0 
0 0.278283 0.402798 0.318919 0 
0 0.413067 0.127477 0.372435 0.0870214 
0 0.216205 0.783795 0 0 
0 0 0.283109 0.300545 0.416346 
0.195692 0.188235 0 0.274786 0.341286 
0 0.683567 0 0 0.316433 
0.356653 0 0 0.643347 0 
0.222889 0 0.419156 0.357955 0 
0 0.191904 0 0 0.808096 
0 0.245837 0 0.35943 0.394734 
0 0.37905 0.483464 0.137486 0 
0.28113 0 0 0.230278 0.488592 
0.289459 0.255752 0.266083 0.188706 0 
0 0.253695 0.171152 0.347179 0.227974 
0 0.231391 0.171357 0.465784 0.131468 
0 0 0 0.515472 0.484528 
0.535995 0.195759 0 0.268247 0 
0.403474 0.103283 0.105674 0.202304 0.185265 
0 0 0.56571 0.43429 0 
0.771375 0 0 0.228625 0 
0 0 0.716342 0 0.283658 
0.366543 0.275735 0.20442 0 0.153303 
0 0.428945 0 0.571055 0 
0 0 0.47871 0.52129 0 
0.296266 0.0924468 0.297519 0.267995 0.0457736 
0 0.39595 0 0.291419 0.312631 
0.456111 0.321537 0 0 0.222352 
0.278535 0.188113 0.343781 0 0.18957 
0 0 0.282636 0.717364 0 
0.300369 0.249706 0.154479 0.108706 0.18674 
0 0.272611 0.225713 0.351646 0.150029 
0.251139 0 0 0.123944 0.624917 
0 0.738865 0 0 0.261135 
0.265899 0.35983 0 0.107893 0.266378 
0.644286 0.0774194 0 0 0.278294 
1 0 0 0 0 
0.40395 0 0.271437 0.324613 0 
0.132437 0.463269 0 0.404295 0 
0.482333 0 0.517667 0 0 
0.261448 0.28151 0.259927 0.197114 0 
0.436436 0 0 0 0.563564 
0.186715 0.199438 0.226364 0.266776 0.120707 
0.120761 0.370869 0.326445 0.181925 0 
0.163142 0 0.836858 0 0 
0.173252 0.243628 0.27502 0.3081 0 
0 0.297692 0.702308 0 0 
0.459377 0.215797 0.218701 0 0.106124 
0.18572 0.525427 0.14055 0 0.148303 
0.388625 0 0 0.425408 0.185966 
0.136667 0.358791 0 0.504542 0 
0.204666 0.170573 0.212184 0.276509 0.136068 
0.143043 0.712346 0 0.144611 0 
0 0 0.651397 0.348603 0 
0.296729 0 0.151263 0.552008 0 
0.478091 0 0.129056 0.392853 0 
0.095534 0.241265 0 0.395361 0.26784 
0.0899782 0.291986 0.137024 0.272597 0.208415 
0 0 0.315565 0.435717 0.248718 
0.334994 0.301206 0.264334 0.0994663 0 
0 0.392556 0.607444 0 0 
0 0.418452 0.500326 0.0812219 0 
0.313918 0 0 0.453553 0.232529 
0 0.583434 0 0.416566 0 
0.113686 0.622148 0 0 0.264166 
0 0 0.31024 0 0.68976 
0 0.303535 0.131054 0.317484 0.247927 
0.294943 0.0981157 0.314646 0 0.292295 
1 0 0 0 0 
0 0.771502 0 0.228497 0 
0.31063 0.342085 0 0 0.347285 
0.149055 0.429825 0 0 0.42112 
0.394813 0.392386 0.11725 0.0955516 0 
0 0.734633 0 0 0.265367 
