5 200
0.330004
0.733322
0.661313
0.488716
0.346881
12.0014 0.15624
9.92587 0.292033
9.92328 0.532446
9.55932 0.170541
9.46625 0.52862
9.3294 1.05271
9.11616 0.693078
8.93982 1.42419
8.89286 0.287267
8.8777 0.23223
8.59369 1.78202
8.56898 1.446
8.48573 0.464369
8.07368 1.58617
8.06772 2.37202
8.02059 0.736588
7.96678 0.156958
7.90475 2.20053
7.86716 1.56755
7.70276 0.202609
7.66788 0.948074
7.6585 0.3245
7.30959 2.14882
6.97444 2.57727
6.75928 0.531935
6.72865 0.980804
6.72738 2.1968
6.54164 1.90828
6.45604 2.38869
6.39035 1.88968
6.36761 1.90433
6.32275 1.3279
6.23995 1.139
6.07463 1.03301
6.07 2.98191
6.04178 1.87672
6.0091 1.05984
5.99443 1.96347
5.90908 2.53463
5.72786 2.36469
5.67669 1.96567
5.65169 2.27301
5.6497 2.74489
5.34433 2.70404
5.33822 3.44706
5.33459 2.80967
5.24659 2.52744
5.2299 3.3325
5.17762 2.66881
5.05111 2.2412
4.99315 2.06927
4.98678 2.20372
4.8484 3.35392
4.84226 2.12497
4.753 2.12302
4.74308 3.38431
4.73323 3.09517
4.61263 3.31822
4.59764 3.30888
4.57784 2.42216
4.57113 4.0173
4.57002 2.96595
4.46799 3.03361
4.44351 2.48529
4.26042 4.4811
4.22244 3.67699
4.18355 2.98041
4.17276 2.53698
4.12219 2.81085
4.0733 4.13686
3.93264 3.44892
3.90524 5.1195
3.89827 4.13649
3.84663 5.00909
3.80907 3.3909
3.77153 3.62229
3.68933 2.84584
3.54954 3.10887
3.53787 3.44852
3.50718 3.69959
3.48407 3.71018
3.34942 2.83351
3.26755 4.95748
3.24796 4.12367
3.21471 4.60491
3.18464 3.24492
3.12422 5.56856
3.10337 4.89422
3.09499 5.93936
3.06306 4.43828
2.96481 5.20506
2.94988 5.22309
2.94286 4.40062
2.90269 4.85235
2.89698 3.77376
2.88521 4.1852
2.81742 4.90672
2.74841 4.83838
2.65916 4.3325
2.63645 5.2272
2.62239 4.45516
2.62189 6.09114
2.51947 5.87721
2.44355 5.47302
2.43884 4.52622
2.36813 4.54462
2.3488 6.85499
2.26755 5.61416
2.20416 5.68196
2.19607 5.54693
2.16789 6.42903
2.1641 5.54208
2.13465 5.20157
2.07338 6.13301
2.0466 5.31615
2.04453 5.35686
2.0171 4.41975
1.99534 6.33193
1.85986 6.32751
1.8375 5.67607
1.78418 6.65581
1.77458 5.94204
1.68302 6.44622
1.67471 5.02479
1.639 4.85747
1.60938 6.72972
1.60496 6.80067
1.3694 5.68081
1.30255 5.62552
1.28732 4.85174
1.24743 7.78247
1.23564 7.67379
1.19104 4.81997
1.17142 6.84474
1.14302 5.01179
1.11879 7.20352
1.11629 8.21597
1.05439 6.65051
1.04967 6.78631
1.02731 7.07321
1.01435 6.41159
0.990164 7.07729
0.969014 8.13845
0.893827 5.90076
0.858707 7.10497
0.849996 6.8604
0.823127 6.4578
0.769951 6.63324
0.738471 6.23628
0.733764 7.32187
0.726046 6.22939
0.680175 5.64167
0.605805 8.85191
0.485619 7.71061
0.47322 8.68728
0.419557 8.25158
0.41533 7.69273
0.399271 9.06178
0.368184 7.63291
0.365754 7.65571
0.33351 8.74557
0.321161 9.06374
0.316314 6.32425
0.296029 6.87835
0.271558 10.2054
0.269694 9.70561
0.260468 8.58719
0.242618 10.0899
0.230074 10.3823
0.229429 6.41873
0.213444 10.1105
0.20397 8.25402
0.194393 10.1106
0.173225 6.48416
0.160783 9.27948
0.141296 9.95669
0.135719 7.88009
0.128701 6.65706
0.127816 10.4148
0.125082 7.87078
0.121678 6.94453
0.119752 9.47481
0.111069 7.53642
0.0884472 8.41648
0.0847646 7.73042
0.0709662 11.141
0.0622873 11.0043
0.0542255 10.4504
0.0457392 9.3533
0.0307372 11.4906
0.0289885 8.3597
0.0252351 10.0595
0.0251344 7.74226
0.0233684 8.50274
0.0134939 11.2428
0.0111838 8.8726
0.00674354 10.7957
0.00621022 9.92882
0.00465051 8.50811
0.00156326 11.0357
0 0 1 0 0 
0.823112 0.176888 0 0 0 
0.429532 0 0.263333 0.307136 0 
0.352064 0.158976 0 0.21852 0.27044 
0 0.276284 0 0 0.723716 
1 0 0 0 0 
0.550041 0 0.449959 0 0 
0 0.321138 0.307803 0 0.371059 
0.11656 0 0 0.453145 0.430296 
0.379107 0 0 0 0.620893 
0.170741 0 0 0.829259 0 
0 0.28849 0.107479 0.460693 0.143339 
0 0 0.665033 0 0.334967 
0 0.129063 0.447349 0 0.423588 
0.503763 0 0.237735 0 0.258502 
0 0.483906 0 0 0.516094 
0 0 1 0 0 
0 0.105954 0.359788 0 0.534258 
0.212837 0 0.264952 0.22138 0.30083 
0.736585 0 0 0 0.263415 
0.281596 0.292494 0.143562 0.282348 0 
0.172546 0.200427 0.305352 0 0.321676 
0.652879 0 0 0.125435 0.221686 
0.521925 0 0 0.315466 0.162609 
0.251475 0 0 0.216551 0.531974 
0.0806031 0.452208 0.348783 0 0.118406 
0.267434 0 0.350248 0.0555917 0.326727 
0.26612 0 0 0 0.73388 
0 0.172012 0 0.680896 0.147092 
0.350944 0.201874 0 0.447181 0 
0 0.305676 0.276043 0.418281 0 
0 0 1 0 0 
0.407185 0.125154 0 0.467661 0 
0.141665 0.858335 0 0 0 
0 0 0 0 1 
0.410105 0 0 0.589895 0 
0.330492 0 0.380581 0 0.288926 
0.293248 0 0 0.706752 0 
0.397082 0.289772 0.313146 0 0 
0 0.797926 0.202074 0 0 
0 0 1 0 0 
0.52994 0.47006 0 0 0 
0 0 0.333768 0.666232 0 
0 0 1 0 0 
0 0.298789 0.276242 0.42497 0 
1 0 0 0 0 
0.201817 0.185105 0.613078 0 0 
0 0.14887 0.442835 0 0.408295 
0.281782 0.27019 0.448028 0 0 
0.438929 0 0.156828 0 0.404243 
0 0 0.245697 0.0962459 0.658057 
0 0.656463 0.343537 0 0 
0 0.286421 0.246349 0 0.46723 
0.124347 0.0911443 0.370119 0.41439 0 
0.506934 0 0.337755 0 0.155311 
0 0.120056 0 0.239065 0.64088 
0 0 0 1 0 
0 0 0.339282 0 0.660718 
0 0 1 0 0 
0 0 0 0 1 
0.110566 0 0.461117 0.428317 0 
0.268869 0 0.499986 0.231145 0 
0 0.608096 0 0.391904 0 
0 0 1 0 0 
0 0.332393 0.341418 0.326189 0 
0.15417 0.591968 0 0 0.253861 
0 0.296783 0 0.614371 0.0888455 
0 0 0.474245 0.525755 0 
0 0.354561 0.496639 0 0.1488 
0 0 0 0.829056 0.170944 
0.786356 0 0 0.213644 0 
0 0.149154 0.397447 0.453399 0 
0 0.511564 0 0 0.488436 
0.813225 0 0.186775 0 0 
0.624798 0 0 0 0.375202 
0 1 0 0 0 
0 0 0 0 1 
0 0 1 0 0 
0.559124 0 0.178732 0 0.262143 
0 0 0.749104 0.250896 0 
0.380156 0 0.325922 0.293922 0 
0.228676 0 0.771324 0 0 
0.356674 0 0 0 0.643326 
0 0.858563 0.141437 0 0 
0.118441 0 0 0.254501 0.627058 
0 0.119354 0.51628 0.364366 0 
0 0 0 1 0 
0.278421 0.721579 0 0 0 
0.0760897 0 0.316727 0.37051 0.236673 
0 0.238342 0.608925 0 0.152734 
0 0.228541 0.390803 0 0.380656 
0.103587 0 0 0 0.896413 
0 0 0.373631 0.626369 0 
0 0 0.776336 0 0.223664 
0 0 0 1 0 
0.269014 0 0 0.51248 0.218505 
0.209627 0.273522 0.120211 0.39664 0 
0 0 0 0.245867 0.754133 
0 0.417077 0 0.3521 0.230823 
0 0 0.342784 0 0.657217 
0.343682 0 0.0962645 0.356254 0.2038 
0.147941 0.197027 0.40822 0.246812 0 
0.666592 0 0 0 0.333408 
0 0 0.259874 0 0.740126 
0 0 0 0 1 
0.344848 0.0618961 0.387954 0 0.205302 
0 0.345103 0.304443 0 0.350454 
0.108437 0.341891 0.245052 0.304619 0 
0 0 0 1 0 
0.578551 0 0 0.421449 0 
0.449389 0 0 0 0.550611 
0.747791 0 0 0 0.252209 
0.539265 0.233643 0.227093 0 0 
0.16037 0.83963 0 0 0 
0 0.313503 0.323227 0.363271 0 
0 0 0.752653 0 0.247347 
0 0.398883 0 0 0.601117 
0.560938 0.180494 0 0.258567 0 
0 0 0.575754 0.424246 0 
0.359375 0 0.398033 0.242592 0 
0 0.243474 0.756526 0 0 
0.181753 0.22155 0.079182 0.268582 0.248933 
0 0 0 0 1 
0 0.583122 0.2035 0.213378 0 
0.162264 0.640305 0.197431 0 0 
0 0.240872 0.582934 0.176194 0 
0.252451 0.188834 0.0841852 0.0583544 0.416175 
0.457364 0 0 0.542636 0 
0 0 0 0 1 
0.117877 0 0 0.291902 0.590222 
0 1 0 0 0 
0.135362 0 0.52743 0.337208 0 
0.232937 0.172884 0 0.385277 0.208902 
0 0.341162 0 0.658838 0 
0 0 0 0.499293 0.500707 
0.0907185 0 0.612651 0.29663 0 
0.104707 0.127265 0.268904 0.26259 0.236534 
0.383855 0.125179 0 0.490966 0 
0.743826 0.256174 0 0 0 
0 0 0.442888 0.122499 0.434613 
0.752266 0 0 0.247734 0 
0.325131 0 0.324966 0.238286 0.111617 
0.225685 0 0.383533 0 0.390782 
0.427899 0.338275 0 0 0.233826 
0.35363 0.179108 0.24623 0.221031 0 
0 0 0.534407 0 0.465593 
0 0.40557 0 0.239599 0.354831 
0.387456 0.612544 0 0 0 
0 0.32396 0.536967 0 0.139073 
0 0 0.210868 0.391326 0.397806 
0 0 0.127454 0 0.872546 
0 0 0 0.505159 0.494841 
0.501508 0 0.498492 0 0 
0 0 0.263223 0.351309 0.385468 
0.434611 0 0 0 0.565389 
0 0.542048 0 0.457952 0 
0 0 0.310482 0 0.689518 
0.140747 0.399624 0 0 0.459628 
0.232931 0.510458 0 0 0.256612 
0 0.214528 0.661801 0.123671 0 
0 0.414567 0.145271 0 0.440162 
0 0.546471 0 0.453529 0 
0.374368 0 0.22668 0.398951 0 
0 0 0 1 0 
0.53669 0 0 0 0.46331 
0 1 0 0 0 
0.426347 0.573653 0 0 0 
0 0 0.141991 0.491195 0.366814 
0.32961 0 0.67039 0 0 
0 0 0.630785 0 0.369215 
0.279646 0.0935272 0.29365 0.0941164 0.23906 
0 0 0 0.374736 0.625264 
0 0.697382 0 0 0.302618 
0.358661 0.433677 0.0772459 0 0.130415 
0 0.312274 0 0.687726 0 
0.467922 0 0.532078 0 0 
0 1 0 0 0 
0 0.193053 0.469624 0 0.337323 
0.256279 0.174554 0 0.0967894 0.472377 
0 0.161996 0.838004 0 0 
0 0.534366 0 0.465634 0 
0 0.740926 0 0.259074 0 
0 0.114886 0.160292 0 0.724822 
0.470585 0.371469 0 0.157945 0 
0.527412 0 0 0 0.472588 
0 0 0 0 1 
0 0.274463 0.122186 0.332633 0.270717 
0 0.204225 0.300364 0.19039 0.305021 
0.707889 0 0.292111 0 0 
0 0.164899 0.410295 0.255352 0.169453 
0 0.482216 0 0.517784 0 
0.460469 0 0.10485 0.268068 0.166613 
0 0 0.540237 0 0.459763 
0.213238 0.469624 0 0 0.317139 
0 0 0 0.473475 0.526525 
0 0.750839 0.249161 0 0 
0 0 1 0 0 
0 0 1 0 0 
0.31284 0 0.196247 0 0.490913 
0.197482 0 0 0.539324 0.263195 
