5 50
0.456061
0.548227
0.519173
0.361774
0.324221
10.9294 0.278754
10.3522 0.568166
9.27294 0.332893
9.25211 0.845154
9.05005 1.30606
8.86076 0.109605
8.44687 0.691329
7.62009 1.11371
6.767 0.647386
6.16994 3.47505
5.56817 2.79528
5.21077 3.09605
5.11121 3.962
4.84107 3.91171
4.82696 3.4527
3.02522 4.92794
2.56471 5.53443
2.38722 5.87067
1.95664 5.05455
1.75413 6.25143
1.72839 4.80867
1.69287 5.33438
1.67891 4.8807
1.46248 5.64228
1.42864 6.16104
1.34207 6.63183
1.1948 7.97606
1.15297 8.41355
1.06938 5.59653
1.00104 8.69202
0.974932 5.60295
0.94946 6.11612
0.89316 5.97698
0.869237 6.30105
0.781492 7.11107
0.766972 8.53482
0.765272 6.72014
0.720419 8.25714
0.635376 5.80212
0.582979 6.83406
0.507491 8.4111
0.303326 6.9359
0.245107 7.68444
0.236172 6.38339
0.125654 9.10784
0.12141 9.79573
0.119274 8.96021
0.0565119 9.74248
0.0255668 10.6433
0.000915164 11.3309
0 0 1 0 0 
0 1 0 0 0 
0 0 0 0 1 
1 0 0 0 0 
0 1 0 0 0 
0 1 0 0 0 
0 0 0 1 0 
0 0 0 0 1 
0 1 0 0 0 
0 0 0 1 0 
0 0 1 0 0 
0 0 1 0 0 
1 0 0 0 0 
0 0 0 0 1 
0 1 0 0 0 
0 0 1 0 0 
1 0 0 0 0 
0 0 0 0 1 
0 0 0 1 0 
0 0 1 0 0 
0 1 0 0 0 
0 0 1 0 0 
0 0 0 0 1 
0 0 0 1 0 
0 0 0 0 1 
0 0 0 1 0 
0 0 0 0 1 
0 1 0 0 0 
0 1 0 0 0 
1 0 0 0 0 
0 0 1 0 0 
0 1 0 0 0 
0 1 0 0 0 
0 0 0 1 0 
1 0 0 0 0 
0 0 0 1 0 
0 0 0 0 1 
0 0 1 0 0 
1 0 0 0 0 
0 1 0 0 0 
0 0 1 0 0 
0 0 0 0 1 
0 0 0 0 1 
1 0 0 0 0 
1 0 0 0 0 
1 0 0 0 0 
0 0 1 0 0 
0 0 1 0 0 
0 1 0 0 0 
0 0 0 1 0 
