5 200
0.533608
0.61874
0.600642
0.381306
0.295412
11.1107 0.25853
11.0303 0.192312
10.9567 0.255282
10.799 0.537476
10.3381 0.380674
10.0492 0.71124
9.88379 0.237067
9.87587 0.715375
9.76368 0.414837
9.76198 0.563817
9.74583 0.38587
9.45325 0.546835
9.30555 0.381467
8.89929 1.11257
8.89548 0.719301
8.87074 0.128375
8.72919 0.476238
8.64478 0.77802
8.32873 0.167799
8.28132 1.22536
8.09066 1.75961
7.99331 0.331493
7.92217 1.76386
7.9015 1.86367
7.69555 2.56137
7.3885 2.60783
7.36905 0.449647
7.31485 1.22402
6.91881 1.38579
6.69304 3.28609
6.59182 2.38131
6.56479 0.770874
6.4703 2.03391
6.28068 3.57178
6.23194 1.46342
5.94244 2.15588
5.85772 2.32721
5.83473 2.06224
5.82399 2.38959
5.75433 2.63318
5.75117 1.81549
5.53061 2.73684
5.51681 1.6763
5.26443 2.51585
5.10868 2.262
5.09018 4.01947
5.07243 2.77046
5.04965 2.00487
4.97266 3.25136
4.87444 1.89547
4.82317 2.8172
4.76683 3.07927
4.76447 2.79143
4.69574 2.12166
4.67455 2.91987
4.60164 2.5333
4.59858 2.88724
4.51637 3.94545
4.40469 3.24888
4.3433 4.40692
4.3155 2.13623
4.30714 2.47627
4.17223 3.76974
4.14778 2.6626
4.13782 4.54538
4.04504 3.53057
4.03827 3.32321
3.99424 3.35673
3.94634 2.59063
3.93066 5.11152
3.84719 2.54717
3.76047 2.74268
3.73 3.21073
3.71679 3.76372
3.69736 2.82995
3.64986 4.76153
3.58192 3.93065
3.47947 3.75254
3.36155 4.94115
3.35999 4.88511
3.34464 4.23166
3.33602 3.84172
3.2052 3.68082
3.18637 4.76676
3.12711 3.54731
3.11858 3.8335
3.11785 4.60037
3.08661 4.16214
2.98276 4.94507
2.93914 4.04871
2.91431 4.38028
2.86023 3.51908
2.77773 5.14272
2.73444 4.44707
2.63808 4.43247
2.54937 4.52824
2.52051 3.71683
2.51196 4.15408
2.51074 5.42528
2.50988 3.46157
2.50638 4.23312
2.48641 5.29585
2.48551 5.83947
2.48243 6.06571
2.39682 6.71578
2.38415 6.31491
2.36232 3.99514
2.32099 3.90653
2.22197 4.11365
2.14461 5.12133
2.09775 3.97215
2.05134 4.34041
2.03199 4.63675
2.02449 5.3817
2.01285 4.01026
2.00768 6.98
1.99982 5.46878
1.95038 6.43046
1.94212 5.86826
1.78618 4.79761
1.77973 4.93461
1.73867 5.01461
1.71055 6.05856
1.70455 5.58225
1.53645 4.97417
1.51523 4.73374
1.4998 6.7228
1.44797 6.78912
1.29862 6.8657
1.29792 4.86116
1.25195 5.43946
1.08706 7.04366
1.02 6.61926
1.01938 5.82673
1.00751 7.1868
0.981549 5.96414
0.970661 7.52353
0.940324 7.7811
0.933884 5.63175
0.908003 6.89158
0.895796 7.66603
0.895467 8.33399
0.855904 5.38627
0.844158 8.10168
0.839095 9.01045
0.80166 8.18632
0.800316 7.33556
0.772157 8.02353
0.740115 7.8573
0.713043 6.49557
0.584842 6.53367
0.573259 9.40318
0.559959 6.69225
0.558993 5.93625
0.544307 8.07591
0.517048 9.31123
0.476334 6.86004
0.473987 8.83359
0.424144 7.4482
0.384631 8.23302
0.367653 7.76598
0.364695 8.30766
0.347362 9.40485
0.34596 8.17038
0.328517 6.80564
0.319866 9.0145
0.308413 8.60126
0.295616 10.1628
0.294206 9.17624
0.266046 7.45542
0.258467 9.40495
0.243657 10.3658
0.20945 10.0124
0.198915 7.94399
0.196944 9.35594
0.194463 8.66884
0.186018 7.27214
0.174576 7.05693
0.170507 9.27955
0.162694 8.02763
0.16199 9.84512
0.146728 7.56055
0.114177 8.50239
0.0985076 10.5707
0.0897342 8.16824
0.0646722 9.92316
0.0641836 11.057
0.06028 7.28539
0.0541409 10.9803
0.0492378 8.29461
0.0471037 8.55149
0.0462206 8.07431
0.0316331 8.41558
0.0292826 10.7282
0.0182506 11.0151
0.0151205 9.74879
0.0132168 9.80342
0.0131022 8.17659
0.00176137 7.76563
0.00172031 12.2953
0 0.476285 0 0.141653 0.382062 
0 0.224981 0 0.775019 0 
0.23351 0 0 0.314249 0.452241 
0.484734 0 0 0 0.515266 
0 0 0.302127 0 0.697873 
0.437638 0 0.161565 0.185223 0.215574 
0 0 1 0 0 
0.389221 0.140722 0.470056 0 0 
0.206106 0.408662 0 0.385232 0 
0 0.249803 0 0.750197 0 
0.173764 0.270737 0.113623 0.441875 0 
0 0.466001 0.111417 0.422582 0 
0.102994 0.383267 0 0.351765 0.161974 
0 0 0.0815517 0.471297 0.447152 
0 0 0 0.61042 0.38958 
0.226757 0.371133 0.40211 0 0 
0 0.353809 0.46611 0.180081 0 
0.168494 0 0 0.604938 0.226568 
0 0 1 0 0 
0.37305 0.365015 0 0.0726491 0.189286 
0.272585 0.105798 0.216038 0 0.40558 
0.272274 0 0 0.593423 0.134303 
0.198731 0.142419 0.426297 0 0.232553 
0.653353 0 0 0 0.346647 
0.446579 0 0.139063 0.0817233 0.332634 
0.243001 0.233112 0.261411 0 0.262475 
0.591906 0 0 0.0844513 0.323643 
0 0 0.437717 0.562283 0 
0 0.29306 0.389961 0.316979 0 
0 0.350967 0 0.227872 0.421161 
0 0 0 1 0 
0 0 0.353984 0.646016 0 
0 0 0.234094 0.642877 0.123029 
0.578182 0 0 0.421818 0 
0.338902 0 0.123412 0.322024 0.215661 
0.0620017 0 0.349169 0.2669 0.321929 
0.0873412 0.178031 0.574165 0 0.160463 
0 0.0421613 0.311083 0.370491 0.276264 
0 0.854934 0 0 0.145066 
0 0 0 0 1 
0 0 0.473146 0 0.526854 
0.45989 0.343456 0.196653 0 0 
0 0.241355 0 0.385061 0.373584 
0.148605 0.200341 0 0.486085 0.16497 
0.397362 0 0.132192 0 0.470446 
0.457627 0.190721 0.103902 0.247749 0 
0 0.217531 0.101359 0.365516 0.315594 
0.361555 0.638445 0 0 0 
0.240316 0 0 0.392872 0.366812 
0.394957 0.314456 0.233632 0 0.0569548 
0.0963481 0.229863 0.309251 0.0621667 0.302371 
0 0 0 0.140615 0.859385 
0.192705 0.370185 0.384383 0.0527282 0 
0.261168 0.152201 0 0.206171 0.38046 
0.187767 0 0 0 0.812233 
0.238572 0.129127 0.127202 0.231036 0.274063 
0 0 0 1 0 
0 0.341697 0.314858 0 0.343444 
0.12755 0 0.87245 0 0 
0 0.334653 0.383705 0.281642 0 
0 0 0.520496 0 0.479504 
0.411332 0 0.242899 0 0.345768 
0.149111 0 0.50586 0.345029 0 
0 0 0.462878 0.38649 0.150632 
0 0.186334 0.098436 0.372464 0.342766 
0.221009 0 0.273445 0 0.505546 
1 0 0 0 0 
0.381438 0.522172 0 0 0.0963906 
0 0.506761 0.493239 0 0 
0.708894 0 0 0 0.291106 
0.322816 0 0.322763 0 0.354421 
0.353085 0 0 0.646915 0 
1 0 0 0 0 
0 0 0 0.64127 0.35873 
0 1 0 0 0 
0.70246 0.0746425 0 0 0.222898 
0.600244 0 0.399756 0 0 
0 0.390545 0 0.423434 0.186022 
0.227866 0 0 0.442178 0.329955 
0 0.232324 0.412807 0.354868 0 
0 0.663265 0.336736 0 0 
0 0.303781 0 0.696219 0 
0.583292 0 0.416708 0 0 
0 0.507283 0.370678 0.122039 0 
0 0.396602 0 0 0.603398 
0 0 0.433899 0.399518 0.166583 
0 0 0.296717 0.338476 0.364807 
0.275573 0.0385542 0.119941 0.308532 0.2574 
0 0 0.316311 0.393793 0.289896 
0.358585 0.13259 0 0.28985 0.218975 
0 0.464372 0 0 0.535628 
0.269527 0.225769 0.332374 0 0.17233 
0.409257 0 0 0.33341 0.257333 
0.34275 0.0786524 0.217084 0 0.361514 
0 0 0.164101 0.597337 0.238562 
0.377199 0.471306 0.151496 0 0 
0.309259 0.154895 0.270012 0 0.265834 
0 0 0.545562 0 0.454438 
0.255772 0.254366 0.378872 0.110989 0 
0.300037 0 0 0.337417 0.362545 
0 0 0.0667677 0.397714 0.535518 
0.305663 0.307961 0 0.195342 0.191033 
0 0.320629 0.382177 0.211681 0.0855131 
0.10169 0.202477 0 0.160875 0.534958 
0.284206 0.295612 0.243646 0 0.176537 
0.17687 0.136058 0.243758 0 0.443314 
0 0.242247 0.358577 0 0.399176 
0 1 0 0 0 
0.105024 0 0.579316 0.315661 0 
0.364786 0.0920795 0 0.543134 0 
0.308238 0.206909 0.139625 0.345228 0 
0 0.265556 0.35257 0.381874 0 
0.4246 0.500194 0.0752065 0 0 
0.317439 0 0.460486 0.222074 0 
0 0.219153 0.239095 0.406697 0.135055 
0 0 0.53452 0 0.46548 
0 0.418102 0.581898 0 0 
0.361776 0 0.407749 0 0.230475 
0.464638 0.277804 0.257558 0 0 
0 0.118872 0.575338 0 0.30579 
0.11799 0.0474912 0.260843 0.326011 0.247666 
0.204957 0.419128 0 0.25716 0.118755 
0.351579 0.0538935 0.322912 0 0.271615 
0.198004 0.249287 0.0377934 0.352824 0.162092 
0 0.136969 0.241947 0 0.621085 
0 0.407461 0 0 0.592539 
0.332838 0.0651053 0.268313 0.225929 0.107815 
0.48158 0.278723 0 0.114322 0.125375 
0 0.820334 0.179666 0 0 
0.231632 0.23186 0 0.536508 0 
0.102229 0.5016 0.115815 0.280356 0 
0 0 0.138395 0.320637 0.540967 
0 0.356959 0.406959 0.236082 0 
0 0 0 1 0 
0 0.0799121 0.369664 0.426679 0.123744 
1 0 0 0 0 
0.294461 0 0 0 0.705539 
0.0983633 0.296044 0.14013 0.154141 0.311322 
0.191939 0 0.217385 0.279765 0.310911 
0.126078 0 0 0.40551 0.468413 
0.633474 0 0 0.136068 0.230458 
0.543451 0 0 0.371183 0.085367 
0 0.379556 0.302558 0.317886 0 
0.0876428 0.182114 0 0.31148 0.418764 
0.449771 0 0.434001 0.116228 0 
0 0 0.557794 0.442206 0 
0.434689 0 0.392885 0 0.172426 
0.112302 0.454544 0.245862 0 0.187292 
0.42069 0 0.300304 0.279006 0 
0 0 0.210304 0.546928 0.242768 
0.354707 0.0955822 0.13262 0.18084 0.23625 
0.167232 0.243336 0.347692 0 0.24174 
0 0.199078 0.497394 0 0.303528 
0.203616 0 0.312766 0.304913 0.178706 
0.658386 0 0.341614 0 0 
0.213642 0 0.163457 0.317433 0.305468 
0.335097 0.221944 0.442959 0 0 
0.404831 0 0.325973 0 0.269195 
0 0.500123 0 0 0.499877 
0.187169 0 0.377682 0 0.435149 
0.422582 0.135207 0.442211 0 0 
0.198257 0 0.254891 0.546851 0 
0.414144 0.585856 0 0 0 
0.110864 0.256813 0.327742 0.304581 0 
0.404873 0.502156 0.0929712 0 0 
0 0.138132 0 0 0.861868 
0.39121 0 0.364652 0.244138 0 
0.248104 0.106375 0 0.176556 0.468964 
0.28089 0.153558 0 0.301688 0.263864 
0 0 0.784254 0 0.215746 
0.228057 0 0 0.388721 0.383223 
0 0.510091 0.489909 0 0 
0.18668 0.32429 0.176292 0 0.312738 
0.0697276 0.400254 0.530018 0 0 
0 0.328068 0.671932 0 0 
0.100554 0.326519 0 0.572927 0 
0.584178 0.415822 0 0 0 
0.368495 0.0937382 0.192351 0.345416 0 
0.155333 0.389687 0 0.244568 0.210412 
0.193461 0 0.538455 0.268083 0 
0.494466 0.505534 0 0 0 
0.32035 0.67965 0 0 0 
0.170077 0.358197 0 0.18799 0.283736 
0 0.515739 0.193015 0.291246 0 
0 0 1 0 0 
0 0 0.247341 0.290363 0.462296 
0.872328 0 0 0 0.127672 
0.12663 0.159815 0.194405 0.294361 0.224789 
0.600655 0 0 0.399345 0 
0.369283 0 0 0.23774 0.392977 
0.308065 0.0998125 0.205041 0.387082 0 
0.494165 0.109181 0 0.396655 0 
0 0 0.391976 0.438393 0.169632 
0.399924 0 0 0.600076 0 
0.403379 0.0941307 0 0.50249 0 
0.0609054 0 0.0959974 0.425139 0.417958 
0.348887 0.42958 0.158999 0.0625345 0 
0.0898944 0.323477 0 0 0.586628 
0.695877 0 0.304123 0 0 
0 0.14802 0.38153 0.262405 0.208045 
