5 50
0.283876
0.617534
0.367817
0.501625
0.280931
11.1538 0.209731
9.82519 0.979814
8.62641 1.31301
7.21868 2.24778
7.02498 0.611088
6.61875 2.49523
6.59107 1.52248
5.92089 0.994184
5.89647 2.2254
5.48231 2.53486
5.43124 2.61849
4.90363 3.38269
4.83383 3.23291
4.546 3.62152
4.12332 3.76294
4.10181 3.44684
3.98286 4.13969
3.90348 3.86815
3.82524 4.02496
3.73232 4.07311
3.67294 4.61062
3.40808 3.86975
3.35315 4.39109
3.03517 4.08852
2.97325 5.97803
2.55264 5.88249
2.43731 4.07095
2.28719 4.61158
2.13465 4.40605
2.05417 5.522
1.85623 5.70578
1.84726 6.65869
1.44888 7.84165
1.2173 6.00725
1.13027 6.07495
0.875352 6.63216
0.498908 7.82207
0.485006 6.64096
0.413288 6.81276
0.249631 6.57245
0.217707 9.88933
0.184859 10.4037
0.175518 9.59747
0.121585 10.4194
0.116682 9.80333
0.00934803 9.08311
0.00892261 11.4844
0.00844211 10.743
0.00451304 9.77424
0.00144205 11.8312
0 0.547332 0 0.452668 0 
1 0 0 0 0 
0 0 0 1 0 
0 0 0 1 0 
1 0 0 0 0 
1 0 0 0 0 
0 1 0 0 0 
0 0 0 0 1 
0 0.710828 0.289172 0 0 
0 0 1 0 0 
0 1 0 0 0 
0 0.607044 0.392956 0 0 
0 0 1 0 0 
0 0 0 0.350362 0.649638 
0 0.423698 0 0.576302 0 
0 0 0 1 0 
0 0 0 1 0 
0 0 0 1 0 
0.499781 0 0 0 0.500219 
0 0.730352 0.269648 0 0 
0.351901 0.224819 0 0 0.42328 
0 0.750795 0 0 0.249205 
0 0 0 0 1 
0 0 1 0 0 
0 0.242235 0.310742 0.178641 0.268382 
0 1 0 0 0 
1 0 0 0 0 
0 0 1 0 0 
0 0 0 1 0 
0 0 0 0 1 
0.563706 0 0.436295 0 0 
0 0 1 0 0 
0 0 1 0 0 
0 0 0 1 0 
0.801803 0.198197 0 0 0 
1 0 0 0 0 
1 0 0 0 0 
0.442678 0.557322 0 0 0 
0 0 0 1 0 
0 0.245223 0 0.754777 0 
0.750689 0 0 0 0.249311 
0 0 1 0 0 
0 0.648464 0.351536 0 0 
1 0 0 0 0 
0 0 0 0.2709 0.7291 
0.483137 0.516863 0 0 0 
0 0.324108 0.330016 0 0.345876 
0 1 0 0 0 
0 0 0.662995 0.337005 0 
0 0.494644 0 0.505356 0 
