5 50
0.538064
0.500801
0.695128
0.34476
0.507439
8.86927 1.24818
8.56727 1.13379
8.29878 1.38428
7.89091 1.62323
7.28472 0.277092
6.92885 1.87175
6.75062 1.47487
6.60314 1.21463
6.58721 0.978802
6.1002 3.04206
6.02386 3.25304
5.83562 1.53117
5.63434 3.22243
5.44156 3.03421
4.96388 3.84281
4.71271 3.06873
4.68642 3.05531
4.07063 2.76612
3.99369 4.69683
3.78918 3.12807
3.74889 2.97696
3.642 2.97306
3.60682 4.61099
2.90081 3.95127
2.62101 5.69806
2.61431 3.49904
2.55117 4.26924
2.33558 4.3914
2.18777 3.84033
2.00531 5.94423
1.83094 6.78996
1.25945 4.79893
0.803303 6.87215
0.705995 5.62755
0.665608 6.40252
0.565248 6.55429
0.536303 8.30758
0.490207 9.14972
0.458033 7.85858
0.411481 8.06741
0.358141 8.28304
0.34206 9.52038
0.22624 8.21726
0.192817 7.75082
0.184878 10.3753
0.155652 10.7744
0.129151 8.21587
0.124601 9.24994
0.00570487 10.6896
0.00382706 8.13465
0 0 1 0 0 
0 0 1 0 0 
0 0 1 0 0 
0 0 0 1 0 
1 0 0 0 0 
0 0 0 1 0 
0 1 0 0 0 
0 0 0 0 1 
0 0 1 0 0 
0 0 1 0 0 
0 1 0 0 0 
0 1 0 0 0 
0 0 0 1 0 
0 1 0 0 0 
0 0 1 0 0 
0 1 0 0 0 
0 0 0 1 0 
0 0 1 0 0 
0 1 0 0 0 
1 0 0 0 0 
0 0 0 0 1 
0 0 1 0 0 
0 0 0 0 1 
1 0 0 0 0 
0 0 0 0 1 
0 0 1 0 0 
0 0 0 0 1 
0 0 0 1 0 
0 0 0 1 0 
0 0 0 1 0 
0 0 1 0 0 
0 0 1 0 0 
1 0 0 0 0 
0 0 1 0 0 
0 0 0 0 1 
0 1 0 0 0 
0 0 0 0 1 
0 1 0 0 0 
0 0 0 0 1 
0 1 0 0 0 
0 0 0 0 1 
0 0 1 0 0 
0 1 0 0 0 
0 0 0 1 0 
0 0 0 1 0 
0 0 0 0 1 
0 0 0 1 0 
0 0 1 0 0 
0 0 0 0 1 
0 0 0 0 1 
