5 150
0.294343
0.516488
0.343005
0.420537
0.658963
10.8968 0.240886
10.4282 0.240351
10.3694 0.443787
10.3544 0.555142
10.0488 0.284583
9.96746 0.285769
9.60464 0.845844
9.54036 1.20679
8.82368 1.27918
8.78131 0.719537
8.73981 0.535268
8.53397 0.939546
8.37785 0.839526
8.28815 0.509136
8.25496 0.100837
8.11264 0.892773
8.07108 1.37925
7.89538 1.11868
7.85552 0.782952
7.84485 2.24876
7.77413 1.89066
7.63979 0.537174
7.43354 1.41735
7.15629 1.90249
7.136 1.26193
6.9087 0.862566
6.90816 1.40936
6.41507 1.02695
6.26129 2.05577
6.18473 2.24597
5.97916 2.02214
5.87596 2.93946
5.86214 3.22635
5.74047 2.4563
5.63024 2.52634
5.62497 2.13158
5.48483 2.9761
5.25595 2.32167
5.21026 1.68227
5.20272 2.30936
5.1756 2.45139
5.17117 4.20327
4.86203 4.1616
4.76481 3.02171
4.71513 1.97464
4.61996 4.08637
4.42027 3.17945
4.34314 2.17341
4.31404 3.20133
4.31311 2.98184
4.23478 3.80753
4.07795 3.59276
4.02343 3.90814
3.91806 3.33072
3.7943 3.04603
3.75012 3.55803
3.64667 5.13204
3.57207 3.01768
3.52266 4.4013
3.49346 3.6424
3.4622 3.34093
3.32952 2.7228
3.24115 5.7222
3.22559 4.64199
3.20839 3.47301
3.20053 4.51203
3.1973 3.82448
2.90636 4.44154
2.86355 3.89763
2.85687 6.05695
2.79707 6.09581
2.77087 4.0003
2.76341 5.82028
2.73643 3.94595
2.69344 6.09898
2.68966 3.74739
2.5819 4.30849
2.56838 3.60381
2.38014 6.16872
2.32754 5.39883
2.26691 5.35594
2.22715 5.34977
2.17586 6.28535
2.09473 5.18073
1.8629 5.46229
1.8181 4.79252
1.724 7.36569
1.56029 4.74633
1.55523 5.53989
1.46701 5.37906
1.4565 5.31119
1.44954 6.94057
1.38599 6.6375
1.36142 5.62722
1.25188 7.46285
1.22285 7.30924
1.21193 6.90535
1.18778 5.6909
1.11899 7.61784
1.11885 6.72481
1.08295 8.19921
1.07133 7.36344
1.06869 6.86038
1.0398 5.62053
1.02976 6.63699
0.906534 8.44514
0.842833 8.30832
0.813399 8.4218
0.769218 7.14871
0.736107 8.49812
0.734309 6.5769
0.729646 6.03601
0.717354 7.27894
0.709139 5.62623
0.595146 7.5082
0.575319 9.47991
0.537016 6.20106
0.536054 7.52879
0.521199 6.72433
0.516747 7.6678
0.489843 9.3135
0.489095 7.83468
0.449764 6.40625
0.442715 6.27883
0.372859 9.22753
0.372507 7.83077
0.34518 9.26747
0.339581 7.97471
0.334578 6.81173
0.334109 10.301
0.274707 9.5498
0.259198 7.53169
0.243825 8.45678
0.227837 8.16096
0.227395 8.38535
0.213396 7.85448
0.212298 8.19491
0.20389 8.37666
0.181377 9.96999
0.14637 11.0735
0.141768 10.4952
0.130237 7.69756
0.0840167 8.52951
0.0666097 9.46867
0.0658964 7.29351
0.058331 10.6623
0.0394796 9.47452
0.0129464 9.55213
0.00244778 7.43033
0.00220202 11.0363
0.431472 0 0.429277 0.139251 0 
0.177231 0.290002 0.112478 0.0999981 0.320291 
0.392069 0 0.229727 0.305783 0.0724211 
0.159783 0 0.683386 0 0.156832 
0 0.185336 0.696203 0 0.118461 
0 1 0 0 0 
0 0.320864 0 0.308598 0.370538 
0 0.61422 0 0.38578 0 
0 0 0.129974 0.414548 0.455477 
0.17248 0 0.514249 0 0.313271 
0.372613 0.170018 0.139038 0.318331 0 
0 0.137721 0.485645 0.376634 0 
0.212747 0.186397 0.185779 0.105363 0.309715 
0.58819 0 0 0 0.411809 
0 0.38893 0 0.61107 0 
0.173698 0.203381 0.349349 0.273573 0 
0 0.335505 0 0.664495 0 
0 0.358953 0 0 0.641047 
0 0 0 1 0 
0 0.316979 0.260951 0.0721398 0.349931 
0 0 0 0.541234 0.458766 
0.218451 0 0.407997 0 0.373552 
0 0.210662 0.282133 0.447837 0.0593676 
0.207127 0.467228 0 0 0.325646 
0 0 0.21754 0.113455 0.669005 
0.247329 0 0 0.450012 0.302659 
0.225202 0.220051 0 0.337766 0.216981 
0 0.212278 0.207347 0.372073 0.208302 
0.523421 0 0.357708 0.118871 0 
0 0.38443 0.30048 0.315091 0 
0.320051 0.311566 0 0 0.368383 
0.319683 0.160183 0 0 0.520134 
0 0 0.108803 0.891197 0 
0.234543 0.347265 0 0 0.418193 
0.66852 0.231738 0 0 0.0997423 
0 0.306549 0.220413 0.147302 0.325736 
0.450768 0.549232 0 0 0 
0.798953 0 0 0.201047 0 
0.416233 0 0.22021 0.363557 0 
0 0.192327 0.451123 0.13011 0.22644 
0.424244 0 0 0.43672 0.139036 
0 0.14924 0.85076 0 0 
0.145857 0 0.127391 0.487201 0.239551 
0.900634 0 0.0993655 0 0 
0.121608 0.56332 0 0 0.315072 
0.470405 0 0 0 0.529595 
0.191317 0 0.256098 0.143721 0.408864 
0.431433 0 0.110604 0.368693 0.0892698 
0.228104 0 0.579701 0.192195 0 
0.281613 0 0.275994 0.116758 0.325634 
0.338473 0 0.259229 0.0532145 0.349083 
0 0.221802 0.232028 0.113045 0.433126 
1 0 0 0 0 
0 0 0 1 0 
0.378482 0.246824 0 0.268476 0.106217 
0.312341 0 0 0 0.687659 
0 1 0 0 0 
0.174325 0.432585 0.39309 0 0 
0.36994 0 0.211742 0.418318 0 
0.22562 0 0.308924 0.120387 0.345069 
0.230817 0 0.382403 0.196639 0.19014 
0.310847 0 0.396086 0 0.293067 
0.542061 0 0 0 0.457939 
0.785776 0 0.214224 0 0 
0.331554 0.177874 0 0.333497 0.157075 
1 0 0 0 0 
0.139736 0 0.150298 0.277098 0.432869 
0.816956 0 0 0 0.183044 
0 0 0 1 0 
0 0.170702 0.167378 0.408976 0.252944 
0.501635 0.0605229 0 0.437842 0 
0.363671 0 0.344049 0.0780723 0.214208 
0.0788377 0.308932 0 0.313917 0.298314 
0 0.0603252 0.269472 0.364623 0.305579 
0.473214 0 0.526786 0 0 
0.516179 0 0.483821 0 0 
0 0 0.373853 0 0.626147 
0 0.457574 0.542426 0 0 
0 0 0 0.17382 0.82618 
0.496832 0.235529 0 0 0.267638 
0 0.310369 0 0.689631 0 
0 0 0.371478 0.243606 0.384916 
0.45553 0 0 0.118332 0.426137 
0 0.228603 0.217876 0.209234 0.344288 
0.377271 0.128181 0.17266 0 0.321887 
0 0.231894 0 0.656147 0.111959 
0 0.236121 0.509241 0 0.254638 
0.305199 0.166673 0.309059 0 0.219069 
0.254364 0.745636 0 0 0 
0.465376 0.16628 0 0 0.368344 
0 0.207422 0 0.471398 0.32118 
0.312232 0 0.289663 0.398105 0 
0.247655 0 0.170049 0.412037 0.170259 
0.300665 0.154794 0.254539 0.0667557 0.223246 
0.421235 0.578765 0 0 0 
0.153093 0.21013 0.0670407 0.284015 0.285721 
0 0 0.11821 0.449741 0.432049 
0 0 0 0.713609 0.286391 
0 0.143005 0 0.42088 0.436115 
0.350401 0.43528 0.214319 0 0 
0.343781 0.484901 0 0.103007 0.0683112 
0.232568 0 0.281929 0.485504 0 
0.682297 0.317703 0 0 0 
0.281515 0.225829 0.23639 0 0.256266 
0 1 0 0 0 
0 0.530419 0.469581 0 0 
0.474214 0 0 0.0859876 0.439798 
0.321867 0 0.216615 0.359506 0.102013 
0 0.127272 0 0.237361 0.635367 
0.195863 0 0.196735 0.319739 0.287663 
0 0.311853 0.469783 0 0.218364 
0.241125 0.301986 0 0.207262 0.249627 
0.355756 0 0 0.644244 0 
0 0.345742 0 0.125242 0.529015 
0.376251 0.220577 0 0 0.403172 
0 0.414509 0 0.585491 0 
0 0 0 0 1 
0 0 0.420182 0.444093 0.135725 
0.168529 0.170283 0.430448 0.23074 0 
0 0 0.538407 0 0.461593 
0.409469 0 0.273861 0.246511 0.0701591 
0.619602 0 0.142242 0.132406 0.10575 
0.430985 0 0.208911 0 0.360103 
0.0628689 0.352117 0 0.296487 0.288527 
0.330968 0.16684 0 0 0.502192 
0.879631 0 0 0 0.120369 
0.212211 0.289982 0.194028 0.303778 0 
0 0 0.153135 0 0.846865 
0 0.470337 0.156402 0.373262 0 
0 0 0 0 1 
0 0 0.223792 0 0.776208 
0 0.413877 0 0.362083 0.22404 
0.303835 0.156222 0.229782 0 0.310161 
0 0 0.610364 0.290391 0.0992449 
0 0.272003 0.653004 0.0749929 0 
0.429726 0.105287 0.226715 0.185693 0.0525795 
0.14285 0.201904 0.322216 0 0.333031 
0 0.640986 0 0.253987 0.105028 
0.355795 0.221485 0 0.238285 0.184435 
0.500198 0 0 0 0.499803 
0 0 0 0.669577 0.330423 
0.238413 0 0.34212 0.146967 0.2725 
0.421308 0.276328 0.154963 0.147401 0 
0.338183 0.0570985 0.111336 0.163864 0.329518 
0 0 0.278382 0 0.721618 
0 0.369756 0.274133 0.356112 0 
0.203593 0.570169 0.226238 0 0 
0.474068 0 0.230405 0.295527 0 
0.0767362 0.0715088 0.280254 0.303717 0.267785 
0 0 0.490558 0.509442 0 
