5 100
0.652844
0.476936
0.441092
0.676511
0.524819
11.3293 0.465556
10.2739 0.408137
9.84116 1.25071
9.39708 1.04762
8.62864 0.174678
8.17696 0.642774
8.02951 0.681916
7.86615 1.72445
7.77037 1.30465
6.92169 0.359665
6.72704 0.905619
6.54174 1.00157
6.31776 1.60808
6.25421 0.898737
6.22672 1.21987
6.16607 1.98455
5.98452 2.09111
5.76941 1.7996
5.65845 3.11702
5.35794 2.98905
5.19216 3.24188
5.06273 3.83422
4.95603 3.66842
4.90142 4.26974
4.81762 3.36154
4.78822 2.85041
4.76003 3.09233
4.57356 2.0143
4.52761 3.48232
4.4955 3.8
4.38072 4.30483
4.25283 4.26415
4.16913 2.391
4.13044 4.30122
4.09901 3.40123
4.04539 4.74439
4.03445 3.01508
3.79032 3.11356
3.42276 5.20494
3.26552 4.51827
3.21223 4.52065
3.18853 3.75978
3.10519 4.74222
2.8845 4.02259
2.754 3.94619
2.6953 4.44078
2.67892 3.8621
2.63152 4.96037
2.49769 4.62111
2.4828 3.77531
2.46611 5.08284
2.12623 6.94219
2.08467 3.801
2.0585 6.3483
1.92689 4.22524
1.90139 5.70878
1.85052 5.90146
1.84884 5.72456
1.75829 5.19777
1.66903 6.35765
1.61987 5.20497
1.61036 7.18507
1.60238 4.71386
1.57658 6.84154
1.55041 7.88904
1.53486 7.16317
1.47017 5.12922
1.26017 5.17378
1.24792 7.54888
1.23446 5.0906
1.16207 7.46784
1.09814 7.64126
1.07875 8.05933
1.07746 5.80258
0.918586 7.63514
0.837701 7.76809
0.787181 8.63034
0.714796 5.43551
0.588923 6.29119
0.553141 5.97131
0.502343 8.31371
0.400668 9.43899
0.340036 7.69463
0.288244 6.37082
0.276123 8.61333
0.272308 9.33875
0.264002 8.43836
0.215257 7.43409
0.181956 7.31123
0.131656 7.91148
0.103053 9.80789
0.068196 10.7157
0.0580734 7.20131
0.0545861 11.14
0.0357471 9.7167
0.0323892 8.62951
0.0292484 8.32559
0.0285304 11.3709
0.0261937 10.6305
0.00207218 8.74137
0 1 0 0 0 
0 0 0 1 0 
0 0.576561 0 0.423439 0 
0 0.47878 0 0 0.52122 
0 1 0 0 0 
0.499046 0 0 0.500954 0 
0 0.302807 0 0.697193 0 
0.37329 0.62671 0 0 0 
0 0 0 0 1 
0.323789 0 0.461456 0 0.214754 
0 0 0 0 1 
0 0 0 1 0 
0 0 1 0 0 
0 1 0 0 0 
0 0.61903 0 0.38097 0 
0 0 0 0 1 
0 0 1 0 0 
0 0.789061 0.210939 0 0 
0.272658 0.410646 0 0.316696 0 
0 1 0 0 0 
0 0 1 0 0 
0 0 0 0 1 
1 0 0 0 0 
0.501382 0 0.498618 0 0 
0 0.263135 0.736865 0 0 
0 1 0 0 0 
0 0 0.259719 0.740281 0 
0 1 0 0 0 
0 0 1 0 0 
0 1 0 0 0 
0 1 0 0 0 
0 0 0.631973 0 0.368027 
0 0.591193 0.408807 0 0 
0 0 0 0 1 
0 0 1 0 0 
0 0 0.11894 0.88106 0 
1 0 0 0 0 
0 0 0 1 0 
0.415631 0.584369 0 0 0 
0.646564 0.353436 0 0 0 
0.387911 0.438401 0 0.173688 0 
0 0 0 1 0 
0 0 0 0 1 
0.71515 0 0 0 0.28485 
0 0 0.364961 0.635039 0 
0 1 0 0 0 
0 0.699769 0.300231 0 0 
0 0.675379 0 0 0.324621 
0 0.571068 0.428932 0 0 
1 0 0 0 0 
1 0 0 0 0 
0 1 0 0 0 
0 1 0 0 0 
0 0 1 0 0 
0 0 1 0 0 
0 0 1 0 0 
0 0 1 0 0 
0.211427 0 0 0.788573 0 
0 0.802627 0 0.197373 0 
0 0.59122 0 0 0.40878 
0 0 0.646549 0 0.353451 
0 0 1 0 0 
0 0 0 0.42036 0.57964 
0 0 0.236558 0.471401 0.292041 
0 0 0 0 1 
0 1 0 0 0 
0 0 0 0 1 
0 0.58234 0.41766 0 0 
0 0 0.280541 0.719459 0 
0 0.723333 0 0.276667 0 
0 0 0.54297 0.45703 0 
0 0 0 0 1 
0.431869 0.568131 0 0 0 
1 0 0 0 0 
0 0 0 0 1 
0 0 0 0 1 
0.17188 0.302865 0 0.525255 0 
0.52835 0.138841 0 0 0.332809 
0 1 0 0 0 
0 0 1 0 0 
0.28969 0 0.281962 0 0.428348 
0 1 0 0 0 
1 0 0 0 0 
0 0 0 1 0 
0 0.78309 0 0.21691 0 
0 0 1 0 0 
0.56312 0 0.43688 0 0 
1 0 0 0 0 
0 1 0 0 0 
0 0 0.343686 0.656314 0 
0 0 1 0 0 
0 0 0 1 0 
0 0 1 0 0 
0 0.44144 0 0.55856 0 
0 0 0 1 0 
0 0 0 0 1 
0 0 0.660276 0.339724 0 
0 0 1 0 0 
0 0 0 0 1 
0.612609 0 0 0 0.387391 
