5 200
0.386769
0.496895
0.381367
0.3586
0.459449
11.6183 0.147304
11.3281 0.470289
10.5123 0.753965
10.3397 0.392273
10.0453 0.380445
9.71619 1.01882
9.32159 0.825476
9.23921 0.512118
9.22131 0.812246
8.85635 0.491732
8.73364 0.653345
8.72049 1.20111
8.66356 1.27275
8.6451 0.379971
8.41747 0.70782
8.38937 1.13878
8.15555 1.63055
8.03764 0.265931
8.0156 0.269654
8.01043 1.23685
8.00253 1.71287
7.91444 0.881567
7.88043 1.28892
7.82453 0.735933
7.67149 0.3166
7.66036 0.34566
7.59117 0.978962
7.45335 1.76552
7.35846 1.88608
7.33125 1.51949
7.22313 1.84219
7.0301 1.39875
7.01603 1.63483
6.94738 1.38004
6.93472 1.58127
6.88113 0.668391
6.8565 0.577512
6.77621 1.24614
6.76429 2.22824
6.71791 0.892943
6.54709 2.18687
6.50125 1.27976
6.49961 2.40361
6.46147 2.7325
6.18314 2.88318
6.15981 1.38067
6.00736 2.5986
5.99808 1.67408
5.82263 3.64775
5.82197 3.75072
5.58235 2.67303
5.51703 3.87509
5.39489 4.06
5.36944 2.5713
5.354 1.95859
5.31183 2.49983
5.16199 4.3357
5.14466 2.78439
5.08061 2.8571
5.01943 3.02888
4.8966 2.79965
4.73496 3.44222
4.64164 2.42736
4.62171 2.91714
4.49984 2.93921
4.39849 3.56492
4.39625 3.54136
4.34699 4.00188
4.3373 3.84001
4.25983 3.05004
4.153 4.73565
4.01689 4.1229
3.92197 4.18324
3.88477 4.13682
3.87609 3.22815
3.82636 3.57334
3.81792 4.69731
3.74302 3.26489
3.64379 4.76855
3.59126 3.16313
3.5892 3.63358
3.57762 2.94642
3.56371 4.04119
3.56243 5.02044
3.38031 4.11941
3.36867 3.21442
3.22075 3.67268
3.09514 3.40499
3.07152 4.73037
3.05652 3.37035
3.01304 4.13549
2.9937 3.76057
2.98199 3.72079
2.85882 3.17522
2.80007 4.31844
2.76242 4.98109
2.76141 3.66294
2.44452 5.10309
2.44124 5.0626
2.30119 5.18672
2.22948 6.62235
2.16084 5.92036
2.10806 6.01364
2.09645 6.54804
2.05637 5.48995
2.00057 6.1862
1.87972 5.9829
1.85422 4.10372
1.77568 4.79478
1.64108 7.12467
1.64087 6.74529
1.62413 6.00458
1.61725 5.61276
1.56832 7.68377
1.52869 4.9798
1.52504 6.26137
1.47292 7.2293
1.41509 7.07118
1.39003 6.47709
1.38869 6.41211
1.37919 6.03971
1.37116 5.02875
1.33952 7.27189
1.25901 5.76836
1.22335 7.07382
1.21495 6.92616
1.20677 6.4074
1.16037 8.20215
1.13983 6.26962
1.12348 6.54121
1.10453 6.65065
1.08951 7.33424
1.08036 6.21991
1.05107 7.34176
1.02948 5.19202
0.994079 7.18377
0.952601 7.85005
0.924035 7.10012
0.923596 8.16281
0.913269 6.79758
0.908295 5.73251
0.855835 7.78302
0.840648 6.37904
0.799629 6.48908
0.788714 5.81796
0.787728 5.8103
0.746441 5.81109
0.68615 8.59557
0.6652 6.43558
0.661548 6.74218
0.660012 7.45383
0.646612 7.43089
0.581656 6.62356
0.570979 7.58573
0.542394 9.31418
0.533251 7.57956
0.529193 6.22282
0.523658 7.35827
0.504619 7.40586
0.496615 8.31308
0.495024 7.44731
0.462258 9.14833
0.457823 9.25157
0.397799 8.08528
0.378728 8.34614
0.346008 9.94684
0.340798 6.95812
0.303997 8.91062
0.294441 8.54498
0.273183 7.52203
0.239242 7.93884
0.233476 8.28126
0.221004 8.05086
0.212985 10.6469
0.173038 8.83675
0.172334 9.5318
0.156555 8.72051
0.141921 9.40869
0.128386 9.08413
0.116009 8.29903
0.0937992 8.97439
0.0793292 9.96177
0.078239 11.224
0.0702792 8.34747
0.0618546 10.5693
0.04828 8.83392
0.0471408 11.2779
0.040716 8.74804
0.0311477 11.0712
0.0305797 10.8737
0.0235647 11.2999
0.0232671 10.3252
0.0201892 8.11924
0.0193371 7.82013
0.015089 8.54046
0.0140144 8.45889
0.00346301 10.1015
0.00298469 11.5938
0.00143422 8.63374
0.00112007 9.40021
0.483176 0.516824 0 0 0 
1 0 0 0 0 
0.513093 0.486907 0 0 0 
0 0 0 1 0 
0 0 0 0 1 
0 0 0 1 0 
0 0 0 1 0 
1 0 0 0 0 
1 0 0 0 0 
0 1 0 0 0 
0 0 0 0 1 
0 0.501199 0 0.498801 0 
0 0 0 1 0 
0 0 0 0 1 
0 0 0.58154 0 0.41846 
0.587381 0.23432 0 0 0.1783 
0 1 0 0 0 
0 0.83744 0 0.162559 0 
0 0 0.475895 0 0.524105 
0 1 0 0 0 
1 0 0 0 0 
0 0 0 0.637259 0.362741 
0 1 0 0 0 
0 0 0.53462 0.46538 0 
0 1 0 0 0 
0 1 0 0 0 
0 0 0 1 0 
0 0 1 0 0 
0 0 1 0 0 
0 0 0 0 1 
0 0 0 0 1 
0 1 0 0 0 
0 0 0.447147 0.552853 0 
0 0 0 0 1 
0 1 0 0 0 
0 1 0 0 0 
0 0 0.600203 0.399797 0 
1 0 0 0 0 
0 1 0 0 0 
0 0 1 0 0 
0 0.655605 0 0.344395 0 
0.509426 0.490574 0 0 0 
0 0 0 0 1 
0 0 0.666482 0.333518 0 
0 0 0 0.831146 0.168854 
0 0 0.25855 0 0.74145 
0 1 0 0 0 
0.474588 0 0 0 0.525412 
0 0 1 0 0 
0 1 0 0 0 
0 0 0 0.482615 0.517385 
0 0.600968 0 0 0.399032 
0 0 1 0 0 
0.269615 0 0.624381 0.106003 0 
0 0 0 0 1 
1 0 0 0 0 
0 0.67544 0 0 0.32456 
0 0 0 0 1 
0.19487 0.666235 0.138894 0 0 
0 0.823591 0.176409 0 0 
0.601214 0 0 0 0.398786 
0 0.542282 0 0 0.457718 
1 0 0 0 0 
0.644786 0 0.355214 0 0 
0 0 0 0 1 
0 0.45035 0 0 0.54965 
0 0.0618253 0.466718 0.471457 0 
0 1 0 0 0 
0 0 0 0.597113 0.402887 
0.564558 0 0 0 0.435442 
0 0 1 0 0 
0 0.461304 0 0.538696 0 
0 0 0 0 1 
1 0 0 0 0 
0.605298 0 0.394702 0 0 
1 0 0 0 0 
0 0.531983 0 0 0.468017 
0 1 0 0 0 
0 0.501201 0 0.498799 0 
0 0.474627 0 0.525373 0 
0 0 1 0 0 
0 0.565541 0.327612 0.106847 0 
0 0.31952 0.68048 0 0 
0 0 0 1 0 
0 0 1 0 0 
0.710017 0 0 0 0.289983 
1 0 0 0 0 
0.46482 0.217621 0 0 0.317559 
0 0 0 0 1 
0 1 0 0 0 
1 0 0 0 0 
0 0 0 1 0 
0 1 0 0 0 
0.571762 0 0 0 0.428238 
0.243696 0 0.756305 0 0 
0 0 0 1 0 
0 0 1 0 0 
0.623454 0 0.376546 0 0 
0 0.458308 0 0.541692 0 
0 1 0 0 0 
1 0 0 0 0 
1 0 0 0 0 
0 0 1 0 0 
0 0 0.390464 0.609537 0 
0 0 0 1 0 
0 0.635427 0 0 0.364573 
0 0 1 0 0 
0 0 1 0 0 
0 0.840623 0.159377 0 0 
0 0 0.275473 0 0.724527 
1 0 0 0 0 
0 1 0 0 0 
1 0 0 0 0 
0 0 0.382132 0 0.617868 
0 0 0 0.262386 0.737614 
0 0 0 1 0 
0 1 0 0 0 
0 0.352628 0.647372 0 0 
0 1 0 0 0 
0 1 0 0 0 
0 0 0 1 0 
0 0 0.511511 0.488489 0 
0 1 0 0 0 
0 0 1 0 0 
0 0 0 1 0 
0 0 0 1 0 
0 1 0 0 0 
0.353156 0 0 0.646843 0 
0 0 1 0 0 
1 0 0 0 0 
0.481287 0.518713 0 0 0 
0.737407 0 0 0 0.262593 
0.597734 0 0 0.402266 0 
0 0.183983 0 0 0.816017 
0.361858 0 0.408455 0 0.229687 
0 1 0 0 0 
0 0.392573 0 0.607427 0 
1 0 0 0 0 
0 1 0 0 0 
0 0 0 1 0 
0 0 0 0 1 
1 0 0 0 0 
0 0.718709 0.281291 0 0 
0.611222 0 0 0 0.388778 
0 0.390943 0.539697 0.0693597 0 
0 0.334248 0 0.665752 0 
0 1 0 0 0 
0 0 0 0 1 
0 0 0 0 1 
0 0.443274 0 0.556726 0 
0.793706 0 0.206294 0 0 
0 1 0 0 0 
0 0.522205 0.477795 0 0 
0 0 0 0 1 
0 0 0 0 1 
0 0.312449 0 0.687551 0 
0 0 1 0 0 
0.484751 0.515249 0 0 0 
0 0 0 1 0 
1 0 0 0 0 
0.652854 0 0.347146 0 0 
0 0 0 1 0 
0 0 1 0 0 
0 0.816951 0 0 0.183049 
0 0.276594 0 0.723406 0 
0 0 0.275686 0.724314 0 
1 0 0 0 0 
0 0 0 1 0 
0 0 0 1 0 
1 0 0 0 0 
0 0 1 0 0 
0 0 0.367032 0.632968 0 
0 1 0 0 0 
0 1 0 0 0 
0 0.590811 0 0.409189 0 
0.0947655 0.192146 0.311371 0 0.401718 
0 0 0 1 0 
0 0 0.563532 0.436468 0 
1 0 0 0 0 
0 0 0 1 0 
0 0.565829 0.434171 0 0 
0 1 0 0 0 
0.425238 0 0.574762 0 0 
0 0 0.499972 0 0.500028 
0.791652 0 0 0.208348 0 
0 0 0 0 1 
0 0 1 0 0 
0 0.0971732 0 0.475117 0.42771 
0 0.332237 0 0 0.667763 
0 0.495911 0.504089 0 0 
0 0 0 0 1 
0 1 0 0 0 
0.283493 0.261643 0 0.321646 0.133218 
0 0 0 1 0 
0 0 0 0 1 
0 0 0 0 1 
0 0 0 1 0 
0 0.331878 0 0.668122 0 
0 0.389154 0.0843742 0.526472 0 
0.411935 0 0.588065 0 0 
