5 100
0.496055
0.419912
0.581675
0.433843
0.702666
11.0103 0.394544
10.6485 0.215624
9.66551 0.520332
9.60086 0.495803
9.26978 1.28751
9.25117 1.26416
8.70933 0.603098
8.69912 0.292861
8.55251 0.949394
8.50056 1.54589
8.48701 1.76862
8.2909 0.653252
7.7302 2.31777
7.62177 0.282296
7.57409 1.83964
7.41792 1.98144
7.3752 1.17727
7.06116 1.43616
6.91675 1.30683
6.85323 2.37962
6.83462 2.28905
6.68811 1.85119
6.40532 2.26862
6.33868 2.11271
6.29718 0.783368
6.11065 1.60127
6.04122 1.92116
6.03079 3.52411
5.77532 2.61208
5.55847 1.72035
5.52114 2.16641
5.28844 2.80345
5.22701 2.05788
5.05194 3.35934
5.01827 3.32025
4.9518 3.60181
4.83428 3.51231
4.7156 3.74664
4.67099 3.25849
4.66327 4.62625
4.52858 3.75443
4.40029 2.34558
4.39293 3.14207
4.37928 3.09735
4.21825 4.21633
3.98473 2.94101
3.9215 2.36639
3.85571 4.95441
3.45098 3.43159
3.37864 3.91047
3.25103 5.40268
3.10408 4.52975
3.05749 4.39399
2.84411 4.14784
2.69815 4.11349
2.68027 3.09846
2.63942 5.10403
2.53891 3.91961
2.47118 5.24178
2.4238 6.29462
2.31546 3.85717
2.19049 4.25707
2.03985 5.15739
1.8 4.82252
1.72984 6.8915
1.70416 5.57373
1.41161 6.42279
1.37823 4.58725
1.34204 4.64098
1.27746 5.52427
1.0786 5.68359
1.02795 5.78968
0.96128 7.80997
0.93474 6.81083
0.902765 5.16096
0.833315 8.23833
0.642143 7.59834
0.45667 8.16271
0.426389 8.38319
0.355364 7.74034
0.355052 6.62606
0.353426 8.81344
0.324135 8.93558
0.302134 8.18646
0.249833 10.3863
0.236392 8.05193
0.233164 8.20352
0.177705 6.68191
0.155341 10.0945
0.122012 10.7085
0.0738435 9.55037
0.0606159 8.2403
0.0557123 10.7598
0.0348493 9.14862
0.0338279 11.0263
0.0329241 10.2764
0.0190973 8.8509
0.00919306 12.036
0.00886479 7.98155
0.00719997 7.66664
0 0 0.162857 0 0.837143 
0.899626 0 0.100374 0 0 
0 0.334014 0 0.665986 0 
0.143045 0.460021 0.396934 0 0 
0 0.47413 0 0.393936 0.131934 
0.179051 0 0.274905 0 0.546043 
0.315317 0.319032 0.0733461 0.123586 0.168719 
0.150219 0.693497 0.156284 0 0 
0 0.327828 0 0.295534 0.376638 
0.495024 0 0 0 0.504976 
0.116414 0.775091 0.108494 0 0 
0 0.325421 0 0.674579 0 
0.48076 0.51924 0 0 0 
0.250499 0.0619316 0.254367 0.433203 0 
0 0.89039 0 0.10961 0 
0 0.257503 0 0.431287 0.31121 
0.209092 0.325136 0 0.362521 0.103251 
0.312535 0.156056 0 0 0.531409 
0 0.339117 0 0.660883 0 
0 0.42852 0.57148 0 0 
0.206492 0 0 0.317194 0.476314 
0.281672 0.599585 0 0.118744 0 
0.158598 0.668743 0.172658 0 0 
0 0.602392 0 0.397608 0 
0.362473 0.383893 0 0 0.253634 
0 0 0.476384 0 0.523616 
0 0 1 0 0 
0 0.628863 0 0 0.371138 
0.505532 0 0 0.494468 0 
1 0 0 0 0 
0.25184 0.357623 0.390537 0 0 
0.546523 0 0.297957 0 0.15552 
0.333992 0.202374 0.377309 0 0.0863248 
0.187304 0.143539 0 0.522941 0.146216 
0.282174 0.507142 0 0.210684 0 
0.110699 0 0.115294 0.774007 0 
0 0 0.552273 0.447727 0 
0.19417 0 0.450767 0.186839 0.168223 
0 0 0 1 0 
0.803857 0 0.196143 0 0 
0.486794 0 0 0.22015 0.293056 
0 0 0.220925 0.334644 0.444431 
0.345226 0.265311 0.389463 0 0 
0.422959 0.254081 0 0 0.32296 
0 0 0 0.346574 0.653426 
0 0 0.40709 0.181892 0.411018 
0 0.375045 0 0 0.624955 
0.281335 0 0 0.718665 0 
0 0 0 0.430996 0.569004 
0 0 0 0 1 
0.230426 0.325423 0.131919 0 0.312232 
0.335052 0.232912 0 0.432037 0 
1 0 0 0 0 
0.166112 0.424168 0 0.181678 0.228043 
0.529018 0 0.470982 0 0 
0.384291 0 0.247568 0.368141 0 
0.231089 0 0 0.768911 0 
0.471693 0.528307 0 0 0 
0 0.484091 0.515909 0 0 
0.139721 0.13966 0.331486 0.280661 0.108472 
0 0.256944 0 0.11783 0.625226 
0.466284 0.22345 0 0 0.310266 
0 0.533885 0 0.321795 0.14432 
0.234854 0.357252 0.407895 0 0 
0.466464 0.360534 0 0 0.173003 
0 0 0 0 1 
0.783351 0 0 0 0.216649 
0 0.269576 0.730424 0 0 
1 0 0 0 0 
0.103306 0.514157 0.382538 0 0 
0 0 0 0.659032 0.340968 
0 1 0 0 0 
0.197831 0.629271 0.081524 0 0.0913741 
0 0 0.417762 0.353151 0.229087 
0.267899 0 0.732101 0 0 
0 0 1 0 0 
0.2202 0.7798 0 0 0 
0 0 0.469442 0.530558 0 
0 0 0 0 1 
0 0 0 1 0 
0 0.0909957 0.414259 0 0.494745 
0 0 0.206243 0 0.793757 
0.550401 0 0.337932 0 0.111667 
0.34778 0.65222 0 0 0 
0.410281 0.0752592 0 0.51446 0 
0 0.51197 0.41012 0.0779107 0 
0.313613 0 0.483742 0.202645 0 
0 0.327568 0 0.323817 0.348615 
0 0.232546 0.257018 0.321849 0.188587 
0.510707 0 0 0.133136 0.356157 
0.345683 0 0.179849 0.474468 0 
0 0 0.53372 0.46628 0 
0.3351 0 0 0 0.664901 
0.438536 0 0 0.202144 0.359321 
0 0 0 1 0 
0 0 0 0.485428 0.514572 
0 0.598107 0 0.401893 0 
0 0 1 0 0 
0 0 0.733659 0.266341 0 
0.395717 0 0 0 0.604283 
