5 100
0.736841
0.352588
0.65566
0.532681
0.406324
11.0774 0.432272
10.6638 0.26353
9.7872 0.94502
9.35344 0.661685
9.0006 0.970143
8.7604 1.63581
8.5111 0.778377
7.72861 0.715504
7.66807 0.865044
7.53571 1.41105
7.37776 1.72156
7.33808 0.803665
7.27055 2.08891
7.2077 0.822492
7.20001 0.648552
7.09525 0.841456
7.07706 1.4481
6.81297 1.5046
6.77293 1.33878
6.63173 1.03645
6.34749 1.56169
6.33871 1.70666
6.28823 2.22225
5.9755 2.09962
5.9306 0.880583
5.88631 1.95597
5.8677 1.96059
5.48698 2.47032
5.43015 1.19344
5.28848 2.87251
5.2553 2.27741
4.96243 3.50367
4.95577 2.46368
4.83631 3.4379
4.76279 2.04579
4.73452 3.20059
4.32462 4.26978
4.20096 4.88487
4.06295 3.12648
3.90656 4.01416
3.80455 3.48884
3.79387 2.63405
3.59145 3.79738
3.50014 3.95566
3.40465 3.66332
3.34831 5.36944
3.32778 3.18261
3.24502 2.80281
3.23682 5.24152
3.13449 4.52935
3.0776 4.51992
2.79718 4.11773
2.63615 3.9913
2.57903 6.53367
2.40939 5.39636
2.27224 4.62452
2.26255 4.50139
2.19472 5.45436
2.02678 4.0657
1.97323 5.13846
1.80216 5.39372
1.78783 4.69138
1.73123 6.81802
1.64651 7.421
1.46947 5.86746
1.37324 5.05388
1.26638 8.16521
1.25365 6.55029
1.0409 5.29953
0.874281 7.74218
0.839539 8.20141
0.793372 8.07595
0.790938 5.9911
0.766213 5.561
0.750934 7.58424
0.720647 6.44625
0.709046 5.82897
0.681516 5.95116
0.609417 8.86165
0.596215 7.49081
0.575992 7.54226
0.520202 6.20628
0.503456 7.98252
0.346187 9.76673
0.345067 10.0944
0.290533 9.46095
0.270021 7.67799
0.248952 9.25528
0.197823 9.30745
0.194744 7.28595
0.155806 10.3884
0.148876 10.9322
0.0767209 9.96413
0.0466365 8.66854
0.0420291 11.3493
0.0292825 8.90255
0.0158967 9.37471
0.0125378 10.3935
0.00241617 8.5317
0.00158848 8.70947
0 1 0 0 0 
0 0 0 0 1 
0 0 0.409295 0 0.590705 
1 0 0 0 0 
0 0.4715 0 0.5285 0 
0.507538 0.32319 0 0.169273 0 
0 0.272334 0 0.727666 0 
0 0.473683 0.526317 0 0 
1 0 0 0 0 
0 0 0 0 1 
0 0 0 0 1 
0 0 0.278598 0.721402 0 
0 0 0 1 0 
0.130781 0 0 0 0.869219 
0.116042 0 0.254134 0 0.629825 
0 0 0 0 1 
0.2694 0.217 0 0 0.5136 
0.230993 0 0 0.371608 0.397399 
0 0.261844 0.269989 0.235712 0.232455 
0 0 0 0 1 
0 0.593554 0.406446 0 0 
0.481916 0 0.518084 0 0 
0 0.506056 0 0.493944 0 
0 0 0.782064 0.217936 0 
0.639737 0 0.360263 0 0 
0 0.330666 0.0910335 0.578301 0 
0.0754602 0.316486 0 0 0.608053 
0 0 1 0 0 
0 0 0 1 0 
0 0.680755 0 0.319245 0 
0.361958 0 0.470785 0 0.167257 
0.418228 0.357191 0 0.224581 0 
0 1 0 0 0 
0 0 0.678164 0.321836 0 
0.373389 0 0.626611 0 0 
0 0 0 1 0 
0.190144 0 0 0.809856 0 
0 0.50045 0.282681 0.216868 0 
0.462311 0.0961488 0.0925731 0 0.348967 
0 0 0.788005 0 0.211995 
0.258601 0 0 0 0.741399 
1 0 0 0 0 
0 0.411938 0.588062 0 0 
0 0 0 0 1 
0 0 0 0 1 
0.426647 0.368506 0 0 0.204847 
0.256374 0.134517 0 0.286383 0.322726 
0 0 0 0.446354 0.553646 
0.667015 0 0.332985 0 0 
0 0 0.62329 0.37671 0 
0 0 0.644647 0.145651 0.209701 
0 0.805139 0.194861 0 0 
0 1 0 0 0 
0 0 0.289414 0.439194 0.271392 
0.196446 0 0.29025 0.211692 0.301612 
0 1 0 0 0 
0.424963 0.575037 0 0 0 
0.595931 0 0 0 0.404069 
1 0 0 0 0 
0.776832 0 0 0 0.223168 
0 0 0.239017 0 0.760983 
0 0.522048 0 0 0.477952 
0 0.313087 0.531381 0.155532 0 
0 0 0 0 1 
0.306103 0.124281 0.569616 0 0 
0 0 0 0 1 
0.236265 0.191321 0.352553 0 0.21986 
0 0 1 0 0 
0 1 0 0 0 
0 0 1 0 0 
0 0 0.550309 0.449691 0 
0.428596 0 0.571404 0 0 
0 0.560947 0 0.263416 0.175637 
0 0 0 1 0 
0 0 1 0 0 
0 0.491144 0.508856 0 0 
0 0 0 0.484723 0.515277 
0 0 0.452917 0 0.547083 
0.54088 0 0 0.17739 0.281731 
0 0 1 0 0 
0.313144 0 0.686856 0 0 
0 0 0 0 1 
0.256137 0.355498 0 0.195625 0.19274 
0 0 0 0 1 
0.441855 0.558145 0 0 0 
0 0 0 0.4434 0.5566 
0 0.226141 0 0.363865 0.409995 
0 0 0 0 1 
0 0 0 0 1 
0 0 0 0.302466 0.697534 
0.726511 0 0.273489 0 0 
0.518713 0.358984 0.122303 0 0 
0 0 0 0 1 
1 0 0 0 0 
0 0.436236 0.563764 0 0 
0.362621 0 0 0 0.637379 
0 0.456661 0.445651 0 0.0976882 
0.791922 0.208078 0 0 0 
0.499375 0.392147 0 0.108477 0 
0.399865 0.182912 0.417222 0 0 
