5 100
0.363106
0.476583
0.447919
0.571923
0.542226
10.9175 0.659876
10.3526 0.13807
9.9432 0.820935
9.28957 0.539119
9.14234 1.0022
8.77221 1.61297
8.68445 0.955241
8.60249 0.621812
8.49583 1.00012
8.39019 1.20886
8.38812 1.7286
8.38629 1.2965
7.9434 1.33434
7.76259 1.5856
7.6269 0.860176
7.40813 2.02221
6.27314 2.35612
6.12187 1.71945
5.9561 2.61617
5.77559 3.16431
5.69304 2.64956
5.60645 1.54674
5.48293 2.50944
5.41424 2.66474
5.17562 3.65343
5.13965 3.18938
5.11465 2.43073
5.00022 2.58144
4.941 1.79992
4.90681 2.73426
4.70905 4.22897
4.59602 2.78486
4.51958 3.82204
4.46887 1.85358
4.42258 4.0505
4.3384 2.38554
4.29345 4.59037
4.23936 2.6707
4.18237 3.76711
4.17169 3.76487
4.13639 2.5225
3.94576 2.96263
3.65577 3.49473
3.60797 3.51681
3.59449 4.14527
3.57996 5.10425
3.50742 4.76292
2.67516 5.54547
2.57604 4.90603
2.52103 4.56076
2.51756 3.6901
2.39213 4.31101
2.23158 4.37878
2.11428 5.40998
1.93691 5.96866
1.90309 4.54683
1.7055 5.1775
1.68194 4.56865
1.5402 5.95226
1.43229 5.9887
1.22492 6.07314
1.15557 6.83406
0.981285 7.05355
0.961977 5.87957
0.955574 6.37656
0.929903 6.47371
0.897416 7.92023
0.82751 8.27144
0.800971 7.85446
0.744988 7.33233
0.615178 6.03238
0.478635 7.77688
0.476399 6.60066
0.459195 8.98516
0.422612 6.45504
0.414785 9.13096
0.412106 7.78932
0.396465 6.3532
0.378946 7.59834
0.372716 7.01073
0.339158 9.59705
0.286543 7.31254
0.270624 8.56536
0.230251 7.40511
0.220736 7.97333
0.189237 8.07073
0.164671 9.91693
0.158048 7.81185
0.137912 10.396
0.114332 7.29753
0.0739709 9.55044
0.0479016 10.5284
0.0448624 7.88081
0.0339923 8.0959
0.0238721 11.4301
0.0147643 8.4332
0.0135116 11.3953
0.00902829 10.7367
0.00881812 7.64565
0.00605703 7.94567
1 0 0 0 0 
0.709316 0 0 0.290684 0 
1 0 0 0 0 
0 0.301397 0 0 0.698603 
0.374869 0.412223 0 0.212908 0 
0.620888 0 0 0 0.379112 
0.568329 0 0 0 0.431671 
0 0.758251 0.241748 0 0 
0 0 1 0 0 
1 0 0 0 0 
0 0.410407 0.236364 0 0.353229 
0 0 0 0 1 
0 0.520567 0 0.479433 0 
0.477139 0.23154 0.291321 0 0 
0 0.632515 0 0.367485 0 
0 1 0 0 0 
0 0.116146 0 0.883854 0 
0.271562 0 0.331513 0.396925 0 
0 1 0 0 0 
0 0.727415 0 0.272585 0 
0 0 0 1 0 
0 0.336965 0 0.663035 0 
0 0 0 1 0 
0.249605 0.750395 0 0 0 
0 0 0.308399 0 0.691601 
0.37346 0 0.62654 0 0 
0.391373 0.340669 0 0.267958 0 
0 0 0 0.697231 0.302769 
0 0.623372 0 0.376628 0 
0.253971 0 0.266343 0.479686 0 
0 0 1 0 0 
0 0.565667 0.434333 0 0 
0.697007 0 0 0 0.302993 
0.732235 0.267765 0 0 0 
0 1 0 0 0 
0 0.657698 0.342302 0 0 
0 0 0.660674 0 0.339326 
1 0 0 0 0 
0.539704 0.144766 0 0 0.31553 
0.248672 0 0 0.751328 0 
0 1 0 0 0 
0 1 0 0 0 
0 0 1 0 0 
0 0 0 1 0 
0 0.423716 0 0.302219 0.274065 
0 0.447243 0.552757 0 0 
0.344504 0 0.230118 0.425378 0 
0.0929554 0.294989 0 0.612056 0 
0.154848 0 0 0.845152 0 
0.756028 0.243972 0 0 0 
0 0 0 0.461482 0.538518 
0 0.417845 0.582156 0 0 
0.545999 0.215849 0 0 0.238153 
0.150367 0 0 0.618401 0.231232 
0 0.634105 0.365895 0 0 
0.527681 0 0 0 0.472319 
0 0.530127 0.469873 0 0 
0 0.611686 0 0 0.388314 
0.339694 0.117122 0 0 0.543184 
1 0 0 0 0 
0.557592 0.442408 0 0 0 
0.0897768 0.599603 0.31062 0 0 
0 0 1 0 0 
0.592525 0 0.407475 0 0 
0.434752 0 0 0 0.565248 
0 0 0.429127 0.570873 0 
0.260203 0.110847 0.310239 0 0.318711 
0.750941 0.249059 0 0 0 
0.353179 0.329334 0.317487 0 0 
0.519321 0 0.358432 0.122247 0 
0 1 0 0 0 
0 0.476202 0 0.523798 0 
0 1 0 0 0 
0 0 0 0.392816 0.607184 
0 0.288962 0 0.711038 0 
1 0 0 0 0 
0 0 0 0.795659 0.204341 
0 0 1 0 0 
0 0 0.190238 0.809762 0 
0 0 0.484632 0.515368 0 
0.229749 0 0.770251 0 0 
0 0 0 0.67353 0.32647 
0.818797 0 0.181203 0 0 
0 0 0 0 1 
0.226842 0 0.773158 0 0 
0 0 0.595283 0.404717 0 
1 0 0 0 0 
0 0 0.341803 0.532616 0.125581 
0 0 1 0 0 
0.529461 0 0 0.470539 0 
0.438787 0 0 0 0.561213 
0 0 0.515497 0.228902 0.2556 
0 0.298052 0.0595054 0.0950066 0.547436 
0 0.266324 0.350025 0 0.383651 
0 0 0 0.566025 0.433975 
0 0 1 0 0 
0.758871 0 0 0 0.241129 
0.271117 0.228475 0.408662 0 0.0917464 
0.508816 0 0.491184 0 0 
0.373508 0 0.313682 0 0.31281 
