5 200
0.494118
0.733047
0.27504
0.291307
0.309572
10.8774 0.538625
10.626 0.690948
10.2978 0.70068
10.1603 0.687891
10.1223 0.549911
10.0375 0.759679
9.80159 0.886177
9.47048 1.14163
9.32401 0.387303
9.32206 0.523649
9.09132 0.624384
8.96203 1.47006
8.76161 1.29987
8.67935 0.801304
8.54244 0.900089
8.06627 2.02243
7.75728 1.51802
7.72047 0.501086
7.39149 0.682275
7.36652 0.119557
7.34943 2.53037
7.21556 2.34705
6.99918 2.4776
6.94938 1.28374
6.84183 2.33899
6.74798 1.86673
6.72024 2.26999
6.7166 1.60608
6.57187 1.40301
6.29652 0.989027
6.24225 2.86471
6.24026 0.937484
6.14092 2.31899
6.12549 2.21169
6.12165 1.02037
6.09116 1.75557
6.04511 1.44678
6.02468 1.63664
5.92877 2.68599
5.92518 2.09666
5.84258 2.5495
5.57657 1.48636
5.53517 2.28046
5.53017 2.4201
5.32014 3.32333
5.15662 3.69215
5.00226 3.17866
4.78069 3.29158
4.76149 3.76458
4.67127 4.33787
4.65689 2.03697
4.61714 2.73192
4.60055 2.62277
4.59085 3.29419
4.32112 2.15016
4.31813 4.16093
4.31645 3.06347
4.18113 3.00863
4.16986 3.40712
4.14749 3.81393
4.139 4.05872
4.13344 2.53269
4.11822 3.09642
4.04406 4.66781
4.02156 3.53589
3.96757 3.37299
3.8727 4.09785
3.81292 4.29592
3.78213 4.29997
3.74448 3.5101
3.67824 4.01105
3.67019 3.20421
3.59932 4.49637
3.58149 4.90278
3.4136 3.68535
3.33317 3.69428
3.2387 4.7007
3.21851 4.40622
3.16949 3.87429
3.00737 6.03661
2.96178 3.6829
2.95214 4.39373
2.95105 5.30213
2.89388 3.52303
2.88782 3.75855
2.87589 5.1846
2.87388 4.43868
2.87066 5.00075
2.83364 5.91404
2.80743 4.12643
2.73713 5.47917
2.73318 4.37398
2.70287 5.00685
2.67775 3.20881
2.61954 6.36024
2.61925 4.39
2.57092 5.33593
2.54798 6.1234
2.50804 5.78667
2.48924 4.46194
2.41577 4.93776
2.26798 4.79687
2.25129 5.12336
2.24461 5.72495
2.20213 5.74705
2.14839 4.68581
2.12241 6.71254
2.01078 4.18733
1.97237 6.06155
1.91151 5.93171
1.90718 4.31755
1.90418 5.25454
1.8413 4.38483
1.6304 7.53776
1.62436 6.25245
1.61743 6.48352
1.58624 7.11267
1.53171 6.62889
1.49216 4.98919
1.44352 5.0372
1.4386 7.89067
1.42584 6.88264
1.32616 4.7571
1.30216 6.99134
1.27495 6.74488
1.24895 6.01543
1.2095 6.31081
1.1308 8.06316
1.11141 7.17314
0.992917 7.28206
0.953833 7.82796
0.939347 6.14291
0.92546 6.67767
0.898844 5.83168
0.882336 5.59957
0.865863 6.9911
0.780421 5.86105
0.762896 8.21928
0.753856 5.59824
0.74439 8.60495
0.743598 6.42873
0.675126 7.72365
0.668587 7.31419
0.664441 7.83265
0.59132 8.21712
0.552663 7.36473
0.550732 7.96481
0.52256 7.84525
0.51693 6.60129
0.5162 6.23997
0.513224 9.2879
0.492738 7.43193
0.453053 6.48068
0.422185 6.60178
0.421894 6.56968
0.412356 9.50805
0.403828 8.40772
0.35372 6.72982
0.351037 9.11036
0.326526 6.56458
0.325306 9.38982
0.314299 7.41673
0.276379 7.998
0.264531 6.82361
0.26111 9.50607
0.238144 9.46492
0.23469 9.28571
0.227133 9.69733
0.225956 9.19367
0.21454 9.49124
0.213998 9.57422
0.20579 7.68129
0.194012 7.04135
0.181917 7.6808
0.173717 10.0956
0.173099 10.6791
0.17124 7.95301
0.126253 10.1793
0.113852 9.91781
0.10826 7.41888
0.093681 7.86682
0.091312 10.662
0.0842663 7.0451
0.0825097 10.1529
0.0616262 9.34551
0.0616166 9.53454
0.061217 9.41103
0.0597717 7.41958
0.0490631 7.78941
0.0482936 10.8266
0.0172638 10.6818
0.0149529 11.9045
0.0100055 7.84392
0.00729598 10.8387
0.00625642 9.92009
0.00495378 8.9217
0.00462664 9.56614
0.00200174 10.2515
0.0016793 10.4186
0.00167062 8.83984
1 0 0 0 0 
0 0 0 1 0 
0 0 0 1 0 
0 1 0 0 0 
0.28813 0.397657 0 0 0.314213 
0 0 0 0 1 
0.5938 0 0.406199 0 0 
0 0 0 0 1 
1 0 0 0 0 
0.342627 0 0 0.405115 0.252258 
0 0 0 0.449447 0.550553 
0 0 1 0 0 
0.720646 0 0 0.279354 0 
0 0 0 1 0 
0 0 0 0 1 
0 0 0 0 1 
0 1 0 0 0 
0 0 1 0 0 
0 1 0 0 0 
0 0 0.21429 0.35291 0.432801 
0.650023 0.349977 0 0 0 
0 0 0 0 1 
0 0.305858 0.151411 0.542731 0 
1 0 0 0 0 
0 0 0.527792 0.472208 0 
1 0 0 0 0 
0 0 0 1 0 
0 0 0 0.485558 0.514442 
0 1 0 0 0 
1 0 0 0 0 
0 1 0 0 0 
0 0 0 0 1 
0.464852 0 0.535148 0 0 
0 0 0.368606 0.227295 0.404099 
0 0 0 0 1 
1 0 0 0 0 
0 0 0 1 0 
0 1 0 0 0 
0 0 0 1 0 
0 0 0 1 0 
0 0.561219 0 0.110204 0.328577 
0.824626 0 0 0.175374 0 
0.820418 0.179582 0 0 0 
0 0 0 1 0 
0.699726 0 0 0.300274 0 
0 0.408085 0 0 0.591915 
0 0 0.328129 0 0.671871 
0.334255 0 0 0.665745 0 
0 0 0 1 0 
0 1 0 0 0 
0 0 0.698839 0 0.301161 
0 0.830697 0.169303 0 0 
0 0 1 0 0 
0 0 0 0 1 
0.157226 0 0.137521 0 0.705253 
0 0 0.823362 0.176638 0 
0 0 0 0 1 
0.229859 0 0.770141 0 0 
0 0 0 0 1 
0 0.406421 0 0 0.593579 
0 0.347559 0 0.652441 0 
1 0 0 0 0 
0 0 0 0.355997 0.644003 
0 0 0 1 0 
0 0 1 0 0 
0 1 0 0 0 
0 0 0.681567 0 0.318433 
0 0 1 0 0 
0 0 1 0 0 
0.439291 0 0 0 0.560709 
0 0 0 1 0 
0.201428 0.176005 0.151564 0.249846 0.221157 
0 1 0 0 0 
0 0 0 1 0 
1 0 0 0 0 
0 0 1 0 0 
0 0.462001 0.537999 0 0 
0 1 0 0 0 
0 0 0 0 1 
0 0 0 0 1 
0.708465 0.205415 0 0.0861207 0 
0 0.480463 0 0.519537 0 
0 0 0 1 0 
0.158075 0.408685 0 0.06625 0.36699 
0 0 0 0 1 
0 0.161778 0 0.838223 0 
0 0 0.758999 0.241001 0 
0 0 1 0 0 
0 1 0 0 0 
0 0.749184 0.250816 0 0 
0 0 1 0 0 
1 0 0 0 0 
1 0 0 0 0 
0 0 0 0 1 
0 0 0 0 1 
0.377333 0.233463 0 0 0.389204 
0.525687 0.317938 0 0 0.156375 
0 0 0 1 0 
1 0 0 0 0 
0.422177 0 0.577823 0 0 
0 0 0 1 0 
0 1 0 0 0 
0.704192 0 0 0 0.295808 
0 0 0 1 0 
1 0 0 0 0 
0 1 0 0 0 
0 0 0 1 0 
0 1 0 0 0 
0 1 0 0 0 
0 0 0 0 1 
1 0 0 0 0 
0 0 1 0 0 
0 0 0 0 1 
0.580205 0.419795 0 0 0 
0 0 0 1 0 
0 0 0 0 1 
1 0 0 0 0 
0 0 0 0.522307 0.477693 
0.544277 0 0 0.455723 0 
1 0 0 0 0 
0 1 0 0 0 
0 0 0 1 0 
0 0 0.487544 0.512456 0 
1 0 0 0 0 
0 0 0 1 0 
0 0 0 1 0 
0 0 1 0 0 
0 0.591218 0 0 0.408782 
0 0 0 0.298851 0.701149 
0 1 0 0 0 
0 0 0 0 1 
0 0 0 0.160819 0.839181 
0 0.500537 0 0.499463 0 
0.550287 0 0.272053 0 0.17766 
0 0 1 0 0 
0 0 0 0.807728 0.192272 
0 0 0 0 1 
0 0 1 0 0 
0 0 0 0.34142 0.65858 
0 0 1 0 0 
0 0.565061 0.434939 0 0 
0 0 1 0 0 
0 0 0 0 1 
0 0 1 0 0 
0 0 1 0 0 
0.735485 0.163893 0.100621 0 0 
0 0 0 1 0 
0 1 0 0 0 
0 0 1 0 0 
0 0 0 0 1 
0 0 0 1 0 
0 0 1 0 0 
0 0 1 0 0 
0.393839 0.366055 0 0.240106 0 
0 0 1 0 0 
0 1 0 0 0 
0.100393 0 0.899607 0 0 
0 0 0 0 1 
0 0 0 0 1 
0 0 1 0 0 
0 0 0.415021 0 0.584979 
0 0 0 1 0 
0.397196 0 0.452615 0.150188 0 
1 0 0 0 0 
0 0 1 0 0 
0 1 0 0 0 
0 0 0 1 0 
0 0 1 0 0 
0 0 0 0.635416 0.364584 
0 0 0 1 0 
0 0 0 0 1 
1 0 0 0 0 
0 0.751657 0 0 0.248343 
0 0.374689 0 0 0.625311 
0 0 0 1 0 
0.62224 0.235316 0.142444 0 0 
0 0 1 0 0 
0 0.65494 0 0 0.34506 
0 0 1 0 0 
0.127826 0 0.219519 0 0.652655 
0 0 0.697908 0.302092 0 
0 0 0.307967 0.341871 0.350163 
0 0 1 0 0 
0 0.424558 0 0 0.575442 
0 0.52788 0 0.472119 0 
0 0 1 0 0 
1 0 0 0 0 
0.378573 0 0.352057 0.26937 0 
0 0 0.251612 0 0.748388 
0.253739 0 0 0 0.746261 
0.622269 0.377731 0 0 0 
0.558762 0 0 0.441238 0 
0.342028 0.657972 0 0 0 
0 1 0 0 0 
0 0 0 1 0 
0 0 0 0 1 
0 0 0 1 0 
0.496346 0.503654 0 0 0 
0 0 0.505177 0 0.494823 
0 0 0.72468 0.27532 0 
