5 50
0.617397
0.567194
0.382832
0.470878
0.261658
9.57745 0.494311
9.44553 0.439671
9.14468 0.449736
8.9906 0.547357
8.88981 1.52971
8.42758 0.360146
8.32777 0.131391
7.18451 2.41637
7.0698 1.60485
6.3157 2.50521
6.02428 1.93994
5.79428 2.48621
5.63947 3.64676
5.48713 3.24501
5.18962 2.54657
4.88449 2.85343
4.78113 4.35912
4.70339 2.91571
4.55988 4.56266
3.68869 4.35862
3.22979 5.20493
3.07913 4.35875
2.82431 3.02773
2.71599 6.02515
2.64256 5.31779
2.59486 3.19624
2.47908 5.35094
2.27853 5.13662
2.20273 6.18516
1.98748 6.00446
1.89739 4.36259
1.75173 4.63311
1.71953 4.31467
1.66664 4.8397
1.58804 6.07556
1.4406 5.26737
0.968615 7.68165
0.883572 8.20756
0.865104 5.73607
0.794804 5.51378
0.499528 7.90516
0.309023 8.57614
0.257448 8.53945
0.129715 7.41398
0.0804158 9.28799
0.0436108 10.4894
0.0320057 9.7152
0.0316971 10.7628
0.0138763 9.51446
0.00191961 12.2522
0.143431 0 0.313366 0.390597 0.152606 
0 0 0.511581 0.194396 0.294023 
0 0.292032 0.114347 0.226769 0.366852 
0 0 0.358648 0.641352 0 
0 0 1 0 0 
0.233779 0.0907068 0.283415 0.164681 0.227418 
0.220894 0.25918 0.268499 0.167681 0.0837465 
0.188183 0.329884 0.329626 0.104365 0.0479424 
0 0 0.391789 0.240625 0.367586 
0.159281 0.259082 0.467312 0.114326 0 
0.0856667 0.410435 0 0.503898 0 
0.303379 0.260405 0.20313 0.233085 0 
0 0 0 0.151688 0.848312 
0.338702 0 0.525316 0.135982 0 
0.0571491 0 0.519509 0.128659 0.294683 
0.494417 0.303456 0.202128 0 0 
0 0.185454 0.317897 0.325255 0.171395 
0.260897 0.530488 0 0 0.208615 
0.245304 0 0.754696 0 0 
0.125659 0 0.258067 0.354045 0.262229 
0.203052 0 0.45874 0.338209 0 
0 0.558755 0.329322 0 0.111923 
0.52649 0 0.47351 0 0 
0.151995 0.349411 0.265778 0 0.232815 
0.522704 0 0 0.477296 0 
0 0.200741 0.0991615 0.424585 0.275512 
0.367584 0 0 0.632416 0 
0 0.449973 0 0.0968701 0.453157 
0.269685 0.376148 0.115931 0 0.238236 
0 0.882222 0 0.117778 0 
0.109163 0 0 0.43979 0.451048 
0 0 0.615105 0 0.384895 
0.14316 0 0.201848 0.21915 0.435843 
0.38935 0 0.13461 0 0.47604 
0.236067 0.102036 0 0.321681 0.340216 
0.694857 0 0.1001 0.205043 0 
0.201008 0 0.388597 0 0.410396 
0 0.432129 0 0.220063 0.347808 
0.478824 0 0 0.521176 0 
0 0.714921 0.119695 0 0.165384 
0 0.4668 0.5332 0 0 
0 0 1 0 0 
0 0 1 0 0 
0.337913 0 0 0.662087 0 
0 0 0.339772 0.309379 0.350849 
0.433928 0.110992 0 0.45508 0 
0.578247 0 0.163576 0 0.258177 
0 0.362592 0 0 0.637408 
0.29893 0 0.231503 0.469568 0 
0.362295 0 0.212408 0.425297 0 
