5 50
0.556864
0.675565
0.522332
0.673978
0.491523
11.1859 0.333712
9.91763 0.713586
8.16031 2.19759
7.16631 0.935121
6.65241 1.57877
6.37963 1.63218
5.90945 1.58045
5.62002 1.93193
5.60246 3.67485
5.41295 3.51213
4.96846 2.62279
4.85123 3.43118
4.82077 1.9335
4.21738 2.17375
4.16065 4.92969
3.95526 3.55791
3.8467 4.87862
3.81763 4.262
3.21595 5.34173
3.20364 4.93963
3.02698 5.55769
2.74241 5.25228
2.50468 5.25042
2.49044 4.41435
2.26457 5.12614
2.15165 6.0475
1.85521 4.82626
1.70089 5.51575
1.60071 7.4007
1.59352 7.30271
1.55561 4.65151
1.38369 6.51413
1.36968 7.24123
1.16908 7.00063
0.892062 5.46529
0.870362 7.25931
0.799903 8.64124
0.417048 6.45349
0.411267 5.89224
0.318238 8.32982
0.207485 7.40807
0.145765 9.4595
0.127394 10.167
0.126891 9.37851
0.089568 7.43332
0.0180953 9.09743
0.00575266 8.36691
0.00482123 10.8282
0.00405626 10.9445
0.00174804 8.00308
0 0 0.646792 0.353208 0 
0 0 1 0 0 
0 0 0 0 1 
0 1 0 0 0 
1 0 0 0 0 
0 0 0 1 0 
0 0 0 0.527407 0.472593 
0.276785 0.563874 0 0.0690163 0.0903251 
0 0 0 0 1 
0 0.562393 0 0.437607 0 
0 0.250167 0 0 0.749833 
0 0 1 0 0 
0.461605 0.258253 0 0 0.280142 
0.250502 0 0.749498 0 0 
1 0 0 0 0 
0 0 0 0.177735 0.822265 
0 0 1 0 0 
0 0 1 0 0 
0 1 0 0 0 
0 0 0 0 1 
0 0 0 0.29235 0.70765 
1 0 0 0 0 
1 0 0 0 0 
0 0 0 1 0 
0 0.490761 0.110385 0 0.398854 
0.0543827 0 0 0.473614 0.472004 
0.366179 0 0.147078 0 0.486743 
0 0 0 0 1 
0 0.720696 0.279304 0 0 
0.476927 0 0 0 0.523073 
0 0 1 0 0 
0 0 1 0 0 
0 0 0 0 1 
0 1 0 0 0 
0 0 0 0 1 
0 0 0 0.415313 0.584688 
1 0 0 0 0 
0 1 0 0 0 
0 0 0 0 1 
0 1 0 0 0 
0 0 0 0.297271 0.702729 
1 0 0 0 0 
0 0 0 0 1 
0 1 0 0 0 
0.312356 0 0 0 0.687644 
0 0 1 0 0 
0 0 0 0 1 
0 0.196152 0 0.472214 0.331634 
0 0 1 0 0 
0 0 1 0 0 
