5 150
0.365131
0.638852
0.508034
0.469947
0.704711
11.1972 0.456511
10.6487 0.406335
10.258 0.770547
9.79933 0.154755
9.22814 0.160169
8.95627 0.358224
8.94374 1.15521
8.91523 0.508549
8.444 0.688121
8.15942 0.560885
8.1397 1.08378
8.06996 1.76427
8.04119 0.77649
7.92563 0.945454
7.75835 0.298258
7.66819 1.95565
7.46968 1.05374
7.44481 1.02243
7.43341 2.21472
7.27603 1.03863
7.24972 2.09003
7.23572 2.64917
7.14142 1.51073
7.09811 1.56529
7.01738 2.86849
7.01643 1.52342
7.01073 1.96301
6.79807 2.84172
6.77102 2.46459
6.68295 1.59927
6.5326 2.23208
6.42091 1.53348
6.08778 1.39413
6.08647 2.38926
6.01867 1.69203
5.79876 1.45741
5.75928 2.658
5.64287 2.14887
5.52101 3.09567
5.5113 2.6107
5.50706 3.38376
5.49752 3.20109
5.36951 3.1579
5.3486 3.20212
5.34034 2.83983
5.19575 2.17045
5.04463 2.58217
4.9017 3.35408
4.82593 4.5929
4.75738 3.35756
4.68912 4.06428
4.59577 2.98338
4.3086 3.83651
4.02703 3.96445
3.95104 3.72904
3.89384 2.92791
3.88589 2.94578
3.8426 4.03959
3.83729 3.51652
3.7131 4.33409
3.57072 5.32688
3.53619 3.78266
3.51758 3.4706
3.46941 2.7067
3.32466 3.61028
3.26762 3.96453
3.25337 5.86304
3.23844 4.7028
3.17796 4.0937
3.06255 4.45333
2.9732 4.62802
2.95887 3.58456
2.9535 4.68912
2.81908 3.66231
2.75065 3.37855
2.63728 4.91971
2.59991 4.68753
2.59138 3.92344
2.02767 5.20205
1.98799 4.58062
1.83983 6.58565
1.83034 7.56106
1.69757 6.27971
1.69741 4.68669
1.48534 7.63842
1.41238 5.49508
1.38887 5.93774
1.36256 8.20502
1.31243 4.97962
1.2701 5.36355
1.20338 5.17062
1.19351 7.03781
1.16622 5.78489
1.11315 7.26479
1.09895 7.31068
1.07572 7.12938
1.01833 7.29945
1.0125 8.21758
1.01027 7.57488
0.892034 8.27015
0.82455 8.68201
0.804121 8.63112
0.77398 5.91577
0.773844 7.95719
0.77323 7.25118
0.766279 6.4103
0.745719 7.45968
0.593472 8.59614
0.589599 7.74243
0.56367 8.77892
0.442735 8.36922
0.434475 7.87466
0.35792 7.57505
0.34147 10.2289
0.340106 9.94749
0.292324 6.19279
0.267006 6.4865
0.255512 7.44015
0.252169 10.0558
0.218781 7.21514
0.217877 7.40491
0.213944 7.68624
0.213242 10.2915
0.170626 8.12054
0.169144 6.77343
0.149507 6.59457
0.133093 7.69441
0.128681 7.661
0.115752 7.58342
0.111023 7.57709
0.103753 7.52022
0.0938067 11.234
0.0905666 10.4491
0.0885453 7.53232
0.087285 11.3051
0.0755206 7.82253
0.0692038 8.33864
0.0641387 10.7651
0.0567954 10.3035
0.03568 11.411
0.0219412 11.7455
0.0203846 7.19979
0.0181461 8.72031
0.0181339 11.1633
0.00544785 9.34342
0.00537977 7.41763
0.00376621 7.3693
0.0021958 12.0476
0.00147072 11.2923
0.0012523 8.54571
0 0 1 0 0 
0.0923423 0 0.147097 0.760561 0 
0 0.229279 0.306987 0 0.463735 
0.55684 0 0.44316 0 0 
0 0.377721 0.294777 0.327502 0 
0.474169 0 0.0945574 0 0.431273 
0 1 0 0 0 
1 0 0 0 0 
0 0 0 0 1 
0 1 0 0 0 
0.330034 0.669966 0 0 0 
0.530023 0 0.469977 0 0 
0 0.61607 0 0 0.38393 
0 0 0 0 1 
0.153632 0.375039 0.471329 0 0 
0.483357 0.516643 0 0 0 
0 0 0 1 0 
0.220218 0.10119 0 0.678592 0 
0 0 0 0 1 
0 0 0 0 1 
0.748328 0 0 0.119101 0.132571 
0 0.828917 0 0 0.171083 
0.416519 0.378398 0 0 0.205083 
0.266305 0 0.733695 0 0 
0 0 0 1 0 
0 0.628975 0 0.371025 0 
0 0 1 0 0 
0 0 0 0.386004 0.613996 
0.247725 0.381853 0.370422 0 0 
0 0 0 0.443846 0.556154 
0 0 0 1 0 
0 0 0 0 1 
0.48349 0.516509 0 0 0 
0 0.454959 0 0.545041 0 
0 0 0 0 1 
0.522402 0.107291 0 0 0.370307 
0.624271 0 0.375729 0 0 
0.393434 0 0.261245 0.345321 0 
0 0 1 0 0 
0 0.867672 0.132328 0 0 
0 0 0 0 1 
0 0 0.667086 0.332914 0 
0 0 1 0 0 
0 0.582333 0 0 0.417667 
0 0 0.529503 0 0.470497 
0 0.361074 0.638926 0 0 
1 0 0 0 0 
0 0 0 1 0 
1 0 0 0 0 
0.472101 0 0 0.344149 0.183749 
0 0.525179 0 0.474821 0 
1 0 0 0 0 
0 1 0 0 0 
0 0 1 0 0 
0 0 0.333388 0.666613 0 
0.693101 0 0 0.306899 0 
0 0.489074 0.133759 0.377167 0 
0 0.364008 0 0 0.635992 
0 0 0 1 0 
0.180935 0.227935 0.34044 0.25069 0 
0 0 0.289134 0.710866 0 
0 0.251456 0 0.536331 0.212214 
0 0.677905 0.322095 0 0 
0.543639 0 0 0.456361 0 
0.71478 0 0.28522 0 0 
0 0 0 0.853197 0.146803 
0 1 0 0 0 
0.733426 0 0.266574 0 0 
0 0 0.136221 0.863779 0 
0.382005 0.328324 0.206857 0 0.0828137 
0 0 0 1 0 
0 0.6223 0 0 0.3777 
0 0.174591 0.825409 0 0 
0.433176 0 0.142572 0 0.424253 
0.522749 0 0 0.326252 0.150998 
0 0 0 0 1 
0 0.433772 0 0 0.566228 
0.185625 0 0.257211 0.264091 0.293073 
0 0.439718 0.260394 0.299888 0 
0 0 0 0 1 
0 0 1 0 0 
0.718228 0 0.281772 0 0 
0 0.55613 0.44387 0 0 
0.413442 0 0.586558 0 0 
0 0 0 0 1 
0.272921 0 0.269402 0.457677 0 
0.572605 0.427395 0 0 0 
0 0.221225 0.778776 0 0 
0.515752 0 0.484248 0 0 
1 0 0 0 0 
0 0 0 0 1 
0 0.501396 0 0.110423 0.388181 
0.470937 0 0.334097 0 0.194967 
0 0 0 1 0 
0 0 1 0 0 
0.245385 0.225459 0.322053 0.0513887 0.155715 
1 0 0 0 0 
0.191021 0.242747 0.389622 0 0.17661 
0 0 0 1 0 
0.231768 0 0.768232 0 0 
0.480372 0.128004 0.391624 0 0 
0.496893 0 0.503107 0 0 
0.214888 0.785112 0 0 0 
0.526788 0.473212 0 0 0 
0 0 0 0 1 
0.3796 0 0.545972 0 0.0744283 
0 0 1 0 0 
0 0.179445 0 0.247314 0.573241 
0 0 0 0 1 
0.551154 0 0 0.448846 0 
0 0.258678 0 0 0.741322 
0 1 0 0 0 
0.412025 0.218295 0.36968 0 0 
0.100142 0.388669 0.122926 0 0.388263 
0.594228 0.405772 0 0 0 
0 0.395006 0.450837 0 0.154158 
0.358626 0 0 0 0.641374 
0 0.344546 0.164706 0.274685 0.216063 
0.275921 0.456991 0 0 0.267088 
0.430861 0.569139 0 0 0 
0 0 0.395277 0.604723 0 
0 0 1 0 0 
0 0 0 0.819375 0.180625 
0.716069 0.283932 0 0 0 
0 0.774719 0 0 0.225281 
0 0 0.279805 0.720195 0 
0 0 0.601171 0 0.398829 
0 1 0 0 0 
0 0.148036 0 0 0.851964 
1 0 0 0 0 
0 0.522371 0.477629 0 0 
0 0 0.271947 0.413472 0.314581 
0 1 0 0 0 
0 0 1 0 0 
0.221445 0 0.647437 0.131118 0 
0.166846 0 0.49806 0.335095 0 
0 0 0.341685 0.142056 0.51626 
0 0.581754 0.227733 0 0.190513 
0 0.460947 0 0.539053 0 
0 0.320394 0.679606 0 0 
0 0 0.290979 0.709021 0 
0 1 0 0 0 
1 0 0 0 0 
0 0 0.749895 0.250105 0 
0.336264 0.194495 0 0.469241 0 
0 0 0 0 1 
0 0.633576 0.366424 0 0 
1 0 0 0 0 
0.139859 0 0.277053 0.185387 0.397702 
0.697181 0 0.302819 0 0 
