5 100
0.37557
0.252654
0.43233
0.281402
0.566321
9.88039 1.07943
9.86915 0.500933
9.54995 0.403136
9.32345 1.22975
8.93396 1.10932
8.85465 0.991865
8.63398 1.42048
8.52025 1.38132
8.04182 0.559546
7.59921 2.68221
7.54116 1.23158
6.95525 1.51239
6.85976 2.10439
6.7325 1.88272
6.51643 2.37067
6.51216 0.794407
6.43687 2.41437
6.39539 2.81473
6.16333 2.10211
6.04822 2.90377
5.76098 1.88726
5.73089 2.83973
5.72149 2.51937
5.3407 4.0488
5.20106 3.00638
5.09715 3.52683
5.06227 2.56075
5.03948 3.34965
4.94123 2.78699
4.84974 3.67086
4.80834 2.47188
4.5615 3.69383
4.44268 2.86881
4.39758 2.49226
4.27953 3.11006
3.89506 4.29052
3.84206 3.45529
3.74143 3.04789
3.70832 4.66244
3.34629 4.1395
3.27706 5.31079
3.08571 4.67275
2.86773 5.00799
2.78589 3.79439
2.7393 3.57873
2.63712 3.33124
2.53572 4.18977
2.12739 6.4232
2.07794 5.31489
1.96351 4.86769
1.83033 6.52036
1.81061 7.11821
1.60144 4.25749
1.58254 4.98651
1.51561 6.38158
1.50288 7.32863
1.4646 5.66409
1.40025 5.16777
1.37526 6.49006
1.3074 4.55842
1.22995 7.22535
1.17242 5.32996
0.988482 6.90889
0.885562 6.09911
0.760782 7.47096
0.735737 8.57936
0.670374 7.55758
0.629056 6.69031
0.6166 5.65309
0.60457 8.85123
0.52929 8.38036
0.526105 6.30557
0.511231 9.46538
0.480102 7.12799
0.465552 7.45718
0.464194 8.22392
0.426072 8.13512
0.421073 7.18926
0.329102 7.41763
0.295878 7.87882
0.285701 8.66606
0.285015 9.34884
0.258659 6.71736
0.19534 9.72578
0.147101 6.94407
0.127232 10.9108
0.107461 8.36045
0.0785987 7.09942
0.0681067 7.72817
0.057666 7.29868
0.0574582 8.96487
0.0422807 11.6487
0.0332208 7.36285
0.0187967 7.60569
0.00924663 8.17399
0.00858861 10.1153
0.00818054 11.0939
0.00269872 8.47966
0.00245838 7.45951
0.00225504 9.76431
0 1 0 0 0 
0 0 1 0 0 
0.0981173 0.762795 0.139088 0 0 
0 1 0 0 0 
0 0 0.159117 0 0.840883 
0 0 0 0 1 
0 0 0.290448 0.709552 0 
0.4291 0 0.5709 0 0 
0 0 0.564888 0 0.435112 
0 1 0 0 0 
0 0 0 0 1 
0 1 0 0 0 
0 1 0 0 0 
0 1 0 0 0 
0 1 0 0 0 
1 0 0 0 0 
0.46304 0 0.141242 0 0.395717 
0 0 0 0 1 
0 0 0 1 0 
0.221513 0 0 0 0.778486 
0 1 0 0 0 
0 1 0 0 0 
0 0 0 0.626232 0.373768 
0.448233 0 0.551767 0 0 
0 1 0 0 0 
1 0 0 0 0 
0 1 0 0 0 
0 0.424097 0 0 0.575903 
0 0 1 0 0 
0 0 0 1 0 
0 0 0 1 0 
0 0 1 0 0 
0 0 1 0 0 
0 0 0 1 0 
0 0 0 1 0 
0 1 0 0 0 
0 0 0 1 0 
0 0 0 1 0 
0 1 0 0 0 
1 0 0 0 0 
0.550291 0.449709 0 0 0 
1 0 0 0 0 
0 0 0 1 0 
1 0 0 0 0 
0 0 0 0 1 
0 0 0 0 1 
0 0 1 0 0 
0 1 0 0 0 
0 0 0 0 1 
1 0 0 0 0 
0 0 0 1 0 
0 0 1 0 0 
0 0 0 0 1 
0 0 0 0.60264 0.39736 
0 1 0 0 0 
0 0 0 0 1 
1 0 0 0 0 
0.3758 0 0 0.6242 0 
0 1 0 0 0 
0 0 0 0 1 
0 0 1 0 0 
0 0 0 0 1 
1 0 0 0 0 
1 0 0 0 0 
0 1 0 0 0 
0 0 0 1 0 
0 0 0 1 0 
0 0 0 1 0 
0 0 1 0 0 
0 0 0 0 1 
0 0 1 0 0 
0 1 0 0 0 
0.878475 0 0 0 0.121525 
0 0 1 0 0 
0.471883 0 0 0 0.528117 
0 0 1 0 0 
0 0 0 0 1 
0 0 1 0 0 
0 0 0 1 0 
0 1 0 0 0 
0 0 0 1 0 
0 1 0 0 0 
0 1 0 0 0 
0 0 0 0 1 
0 0 1 0 0 
0 0 1 0 0 
0 0 0.38425 0.61575 0 
0 0 0 0 1 
0 0 0 1 0 
0 0 0 1 0 
0 0 1 0 0 
1 0 0 0 0 
0 0 1 0 0 
0 0 1 0 0 
1 0 0 0 0 
0 1 0 0 0 
0 0 0 0 1 
0 0.210644 0.644306 0 0.14505 
0 1 0 0 0 
0 0 0 1 0 
