5 200
0.262314
0.638745
0.394002
0.275239
0.538781
11.9441 0.138495
11.6339 0.177143
11.3998 0.322778
11.3029 0.199389
11.1685 0.265932
10.9871 0.68495
10.9741 0.1884
10.7211 0.595862
10.4259 0.406392
10.1104 0.244252
10.0276 0.261849
9.88373 0.829006
9.83961 0.725873
9.77631 0.411857
9.53979 0.750245
9.50773 0.855343
9.4685 0.870093
9.43575 1.01962
9.09032 1.1963
8.99429 1.36762
8.86016 0.967449
8.78322 0.940147
8.72239 0.410671
8.62491 0.573068
8.4822 0.216601
8.42012 0.647283
8.23912 1.43842
8.05681 1.14962
7.91015 0.803992
7.81599 0.500066
7.75059 2.06058
7.73955 1.27539
7.66596 1.93423
7.63472 0.373148
7.62825 1.77442
7.53934 2.05098
7.32454 0.281655
7.31779 1.39758
7.20333 0.502062
7.07925 1.52131
6.93359 0.562471
6.76771 1.62509
6.40065 2.33443
6.37847 1.00228
6.31091 1.59725
6.1991 2.10573
6.15317 3.08078
6.07241 2.46042
6.04184 1.91378
5.96506 1.22704
5.92603 2.0142
5.926 2.09949
5.876 1.24825
5.85023 2.0843
5.80217 2.03352
5.77679 2.15398
5.6316 2.2173
5.51155 1.93434
5.48245 2.36021
5.36487 2.67525
5.30698 3.42956
5.28928 2.45301
5.27405 2.95796
5.26918 1.76701
5.25757 3.58095
5.04427 2.87552
5.01711 2.31389
4.95172 2.40632
4.90792 3.57324
4.67175 3.01715
4.48864 2.97173
4.48827 2.75629
4.37096 4.28426
4.26764 4.18255
4.23994 5.04393
4.22471 4.5014
4.18252 2.68667
4.15321 3.28364
4.147 4.42447
4.09973 2.8719
3.91193 3.21225
3.89974 3.09472
3.87657 3.09055
3.83049 3.10207
3.80782 4.00824
3.79065 4.28443
3.71816 3.9592
3.5156 2.93268
3.46793 3.49217
3.4589 5.27444
3.37195 5.49176
3.36215 2.90732
3.35206 4.43355
3.21087 3.11919
3.18496 4.81849
3.07532 4.92061
3.04173 4.25737
3.0146 4.93435
2.98476 5.81675
2.80215 5.20987
2.79947 4.16065
2.72412 4.87643
2.70898 4.80618
2.65597 4.09207
2.64013 3.91384
2.56088 5.68075
2.43534 5.34827
2.37909 6.51499
2.36472 4.91059
2.3506 4.47708
2.17487 3.93035
2.13186 4.80527
1.96217 6.01495
1.86505 6.7633
1.85148 6.85593
1.8417 6.42495
1.71443 4.57867
1.71441 5.07524
1.65864 6.78331
1.65571 7.46886
1.64194 4.89391
1.56911 6.64844
1.3763 6.50056
1.36884 7.16869
1.35923 7.39059
1.35476 6.29333
1.28536 6.59606
1.25984 6.01407
1.24281 5.59404
1.21404 4.78068
1.20762 5.77323
1.09951 6.99237
1.09813 7.58332
1.06974 5.08387
1.0679 6.24766
1.06416 6.78124
1.06008 6.51766
1.03744 6.8204
0.992996 7.12654
0.934454 6.30902
0.915694 8.23242
0.898854 6.79228
0.89383 8.63536
0.875744 8.28713
0.859754 6.0298
0.843874 8.26946
0.767245 5.95724
0.766062 6.85809
0.762673 8.54673
0.73421 8.56407
0.703671 7.02913
0.695047 7.71049
0.6858 8.36662
0.622528 7.40407
0.563209 8.06481
0.558255 7.36399
0.510846 8.26936
0.509797 6.93681
0.437203 8.71079
0.429507 8.24454
0.414313 7.211
0.41424 8.63992
0.363447 6.8085
0.360086 8.30685
0.348705 7.862
0.337546 6.40594
0.304399 7.11115
0.270185 6.32178
0.228178 7.0162
0.224373 6.55277
0.213735 9.11467
0.207302 8.87342
0.173939 6.63438
0.168806 9.63881
0.162043 6.62677
0.152091 10.5531
0.145924 10.3754
0.132468 7.92252
0.128931 10.4749
0.100927 7.79719
0.0888613 9.64432
0.0872732 7.65899
0.082148 9.94614
0.0802627 10.414
0.0795581 10.5708
0.0748661 8.80931
0.071716 11.1247
0.0709542 9.76057
0.0680118 6.97662
0.059457 10.5597
0.0588481 7.71095
0.0478992 10.4149
0.0351799 9.64377
0.0329146 7.8181
0.0161649 9.6084
0.0156199 8.24293
0.00617596 10.4473
0.00469708 7.88515
0.00149995 8.23256
0.000998537 8.25838
0 0 1 0 0 
1 0 0 0 0 
0 0 0 1 0 
1 0 0 0 0 
0 0 1 0 0 
1 0 0 0 0 
0 0 1 0 0 
0 0 1 0 0 
0 0 1 0 0 
1 0 0 0 0 
0 0 0 0 1 
0 0 0 0 1 
1 0 0 0 0 
0 0 0 1 0 
0 1 0 0 0 
0 0 1 0 0 
0 0 0 0 1 
0 0 0 1 0 
0 0 1 0 0 
1 0 0 0 0 
0 0 1 0 0 
0 0 0 1 0 
0 1 0 0 0 
0 0 1 0 0 
0 0 0 0 1 
0 1 0 0 0 
0 1 0 0 0 
1 0 0 0 0 
0 1 0 0 0 
0 0 0 1 0 
0 1 0 0 0 
0 0 1 0 0 
0 0 0 0 1 
1 0 0 0 0 
0 1 0 0 0 
0 1 0 0 0 
0 1 0 0 0 
1 0 0 0 0 
0 0 1 0 0 
0 0 0 0 1 
0 1 0 0 0 
0 0 1 0 0 
0 1 0 0 0 
0 0 0 0 1 
0 1 0 0 0 
0 0 0 1 0 
0 0 1 0 0 
0 0 0 0 1 
0 0 0 0 1 
0 0 0 0 1 
0 1 0 0 0 
0 0 0 0 1 
1 0 0 0 0 
1 0 0 0 0 
1 0 0 0 0 
0 0 0 0 1 
0 0 1 0 0 
0 0 0 0 1 
0 0 0 0 1 
0 1 0 0 0 
0 0 0 0 1 
0 0 0 1 0 
0 0 0 0 1 
1 0 0 0 0 
0 0 0 1 0 
0 1 0 0 0 
0 0 1 0 0 
1 0 0 0 0 
1 0 0 0 0 
0 1 0 0 0 
1 0 0 0 0 
1 0 0 0 0 
0 0 0 0 1 
0 0 0 0 1 
0 1 0 0 0 
0 0 0 0 1 
0 0 0 0 1 
0 1 0 0 0 
1 0 0 0 0 
0 0 1 0 0 
0 0 1 0 0 
0 0 1 0 0 
0 0 0 0 1 
0 1 0 0 0 
0 0 0 1 0 
0 1 0 0 0 
1 0 0 0 0 
0 0 0 0 1 
0 0 1 0 0 
1 0 0 0 0 
1 0 0 0 0 
0 0 0 0 1 
0 1 0 0 0 
0 0 0 0 1 
0 1 0 0 0 
0 0 0 0 1 
0 0 0 1 0 
0 0 0 0 1 
0 0 1 0 0 
0 1 0 0 0 
0 0 0 1 0 
1 0 0 0 0 
0 1 0 0 0 
0 1 0 0 0 
0 0 1 0 0 
0 0 0 0 1 
0 1 0 0 0 
0 1 0 0 0 
1 0 0 0 0 
0 0 0 1 0 
0 0 0 0 1 
1 0 0 0 0 
0 1 0 0 0 
0 0 0 1 0 
1 0 0 0 0 
0 0 1 0 0 
1 0 0 0 0 
0 0 0 1 0 
0 0 0 1 0 
0 0 0 0 1 
0 0 1 0 0 
0 0 1 0 0 
0 0 0 0 1 
0 0 1 0 0 
0 0 1 0 0 
0 0 0 1 0 
0 0 0 1 0 
1 0 0 0 0 
0 0 0 0 1 
1 0 0 0 0 
0 1 0 0 0 
0 0 0 0 1 
0 0 0 1 0 
0 1 0 0 0 
0 0 0 1 0 
0 0 0 0 1 
0 0 0 0 1 
0 0 0 1 0 
0 1 0 0 0 
0 0 0 0 1 
0 1 0 0 0 
0 0 0 1 0 
0 1 0 0 0 
0 0 0 1 0 
0 0 0 0 1 
0 0 1 0 0 
0 0 0 0 1 
0 0 0 1 0 
0 0 1 0 0 
0 1 0 0 0 
0 0 0 0 1 
0 0 0 1 0 
0 0 0 1 0 
0 0 0 1 0 
1 0 0 0 0 
0 1 0 0 0 
0 0 0 0 1 
0 0 1 0 0 
0 0 0 1 0 
0 0 0 1 0 
0 0 0 0 1 
0 0 0 0 1 
0 1 0 0 0 
1 0 0 0 0 
0 0 0 0 1 
1 0 0 0 0 
0 0 1 0 0 
0 0 1 0 0 
0 1 0 0 0 
0 0 0 1 0 
0 0 0 1 0 
0 0 1 0 0 
0 0 0 1 0 
0 0 0 1 0 
0 0 0 1 0 
0 1 0 0 0 
0 1 0 0 0 
0 0 0 1 0 
0 0 0 0 1 
0 0 1 0 0 
0 0 0 1 0 
0 0 1 0 0 
1 0 0 0 0 
0 0 0 0 1 
0 0 0 1 0 
1 0 0 0 0 
0 0 0 0 1 
0 1 0 0 0 
0 0 0 0 1 
0 1 0 0 0 
0 1 0 0 0 
0 1 0 0 0 
1 0 0 0 0 
0 0 0 0 1 
1 0 0 0 0 
1 0 0 0 0 
1 0 0 0 0 
1 0 0 0 0 
0 1 0 0 0 
0 1 0 0 0 
