5 50
0.738739
0.480934
0.70439
0.62991
0.477546
9.58472 0.794061
9.01926 1.23507
8.42486 1.27387
8.34629 1.45154
7.58979 1.36482
7.02356 2.16947
6.91084 0.68136
6.34915 2.44261
6.19029 1.24393
6.06091 1.79731
5.6042 2.40447
5.43999 3.34006
4.95001 4.0529
4.48015 3.12106
4.24873 2.86223
4.11232 3.51089
3.7711 3.70377
3.53282 3.41091
3.46842 3.83651
2.95865 3.68745
2.89254 5.06168
2.70148 5.96745
2.49004 4.91676
2.48495 5.55218
2.45908 4.91028
2.16014 5.75006
1.72066 4.34803
1.71394 5.10258
1.70636 5.57131
1.66782 6.50751
1.59549 5.74745
1.58594 6.51187
1.30619 5.95844
1.07154 5.53194
1.04114 7.01148
0.855984 7.71067
0.795226 6.54983
0.722407 5.6245
0.599557 8.83195
0.512142 7.56359
0.287645 9.40424
0.256169 7.93913
0.245036 9.50853
0.147132 7.6911
0.123855 10.524
0.0470415 10.9511
0.0310658 10.4581
0.0238788 7.32693
0.00562878 9.21317
0.0043008 7.96067
1 0 0 0 0 
0 0 0 1 0 
0 0 1 0 0 
0 0 0 1 0 
0 0 0 1 0 
0 0 1 0 0 
0 1 0 0 0 
0 0 0 0 1 
0 0 1 0 0 
0 0 1 0 0 
0 0 0 1 0 
0 0 1 0 0 
0 1 0 0 0 
0 0 0 0 1 
0 0 0 1 0 
0 0 0 1 0 
0 0 0 0 1 
0 0 0 1 0 
0 0 1 0 0 
0 0 0 0 1 
1 0 0 0 0 
0 0 0 1 0 
0 0 0 0 1 
0 0 0 0 1 
0 1 0 0 0 
0 0 1 0 0 
0 0 0 0 1 
0 0 0 0 1 
1 0 0 0 0 
0 0 0 1 0 
0 0 1 0 0 
1 0 0 0 0 
1 0 0 0 0 
1 0 0 0 0 
0 0 1 0 0 
0 1 0 0 0 
0 0 0 0 1 
0 0 1 0 0 
0 0 1 0 0 
1 0 0 0 0 
0 0 1 0 0 
0 0 1 0 0 
0 0 0 1 0 
0 0 1 0 0 
0 0 0 1 0 
0 0 1 0 0 
0 0 1 0 0 
0 1 0 0 0 
0 0 0 0 1 
0 1 0 0 0 
