5 100
0.25914
0.654172
0.738968
0.589824
0.727142
10.9983 0.462415
10.4194 0.618763
10.3088 0.684869
8.7549 1.10968
8.63408 1.05889
8.32629 2.24162
8.23635 0.487843
8.08371 1.30836
7.86671 1.37855
7.57181 0.19216
7.5363 0.66902
7.32035 1.1756
7.26564 0.778523
6.95365 0.956048
6.86167 1.74909
6.59081 1.68201
6.55054 1.93813
6.46941 1.40169
6.41277 2.89232
6.38013 1.72374
6.28176 2.73434
6.1971 2.28928
6.02216 1.8121
5.49368 3.8003
5.47649 4.13856
5.40683 2.16052
5.36838 2.55817
5.36519 2.10077
5.36153 2.57342
5.12778 2.64895
5.06779 2.14341
4.59915 2.15434
4.59624 2.83182
4.40495 3.47829
4.13635 2.9461
3.90187 4.51909
3.86937 3.58027
3.78869 4.50906
3.64102 3.72928
3.62689 4.78479
3.61011 4.79638
3.50773 4.81921
3.438 3.21011
3.43383 4.15608
3.38158 3.39513
3.32399 4.48119
3.21819 4.91768
3.11158 3.71984
3.07166 4.46124
2.7686 3.30763
2.75824 5.86652
2.74489 3.51758
2.45693 4.12049
2.3646 5.04527
2.15808 6.69656
2.05984 5.18171
2.05088 6.99331
1.96517 6.29986
1.84054 4.19054
1.79225 5.37407
1.73435 6.74251
1.69647 5.20587
1.64633 4.26425
1.55405 5.04329
1.49645 6.30251
1.44466 5.14022
1.31431 6.9752
1.31308 5.353
1.09827 7.9079
1.09137 6.43901
0.747587 8.32339
0.715276 8.83171
0.614556 8.81507
0.589535 9.05908
0.511953 8.50044
0.463284 6.18574
0.452683 7.03291
0.450319 9.12985
0.412195 6.05196
0.404138 6.36027
0.398545 9.59181
0.376721 8.63485
0.345022 7.2026
0.334888 6.4618
0.306072 8.06196
0.294544 9.7318
0.253014 7.96731
0.251034 10.5169
0.188555 9.8026
0.18409 7.83362
0.147997 10.5267
0.0985764 9.15228
0.0508766 8.43843
0.0461408 10.104
0.031388 11.1162
0.0229269 9.13691
0.0151679 9.35998
0.0134876 10.2121
0.00453739 12.0894
0.00200007 9.26297
0 0 0 0 1 
0 0 1 0 0 
1 0 0 0 0 
0 0 0 0 1 
0 0 1 0 0 
0 0 1 0 0 
0 0 1 0 0 
1 0 0 0 0 
0 0 0 1 0 
0 0 0 1 0 
0 1 0 0 0 
0 0 1 0 0 
1 0 0 0 0 
0 0 1 0 0 
0 0 1 0 0 
0 0 1 0 0 
0 1 0 0 0 
0 1 0 0 0 
0 0 1 0 0 
0 0 1 0 0 
0 0 0 1 0 
0 0 0 0 1 
0 0 1 0 0 
0 0 0 0 1 
0 1 0 0 0 
1 0 0 0 0 
0 1 0 0 0 
0 0 1 0 0 
0 0 0 0 1 
0 0 0 1 0 
1 0 0 0 0 
0 0 0 0 1 
0 1 0 0 0 
0 1 0 0 0 
0 0 1 0 0 
0 0 0 1 0 
0 0 0 0 1 
0 0 0 1 0 
0 0 0 0 1 
0 0 0 0 1 
0 0 0 1 0 
0 0 1 0 0 
0 1 0 0 0 
0 1 0 0 0 
0 0 1 0 0 
0 0 0 1 0 
0 0 0 0 1 
0 0 0 0 1 
0 1 0 0 0 
0 0 0 1 0 
0 0 1 0 0 
0 0 0 0 1 
0 1 0 0 0 
0 0 0 0 1 
0 0 0 0 1 
0 1 0 0 0 
0 1 0 0 0 
0 1 0 0 0 
0 0 0 1 0 
0 0 0 0 1 
0 0 0 0 1 
0 0 1 0 0 
0 0 0 0 1 
1 0 0 0 0 
0 0 0 0 1 
0 1 0 0 0 
0 0 0 0 1 
0 0 1 0 0 
0 1 0 0 0 
0 0 0 1 0 
1 0 0 0 0 
0 0 1 0 0 
0 1 0 0 0 
0 0 0 1 0 
1 0 0 0 0 
0 0 0 1 0 
0 1 0 0 0 
0 0 0 1 0 
0 0 0 1 0 
1 0 0 0 0 
1 0 0 0 0 
0 0 0 0 1 
0 0 0 0 1 
0 0 0 0 1 
0 0 0 1 0 
1 0 0 0 0 
0 0 0 0 1 
0 0 0 1 0 
0 0 0 1 0 
1 0 0 0 0 
0 0 1 0 0 
0 1 0 0 0 
0 0 1 0 0 
0 0 1 0 0 
0 0 1 0 0 
0 0 1 0 0 
0 0 0 1 0 
0 1 0 0 0 
0 1 0 0 0 
0 0 1 0 0 
