5 200
0.263504
0.404759
0.60435
0.417501
0.646374
11.9412 0.208074
10.0743 0.928301
9.8661 0.931358
9.63274 0.474139
9.52263 0.196163
9.30381 0.786998
9.01611 0.58112
8.94607 0.341412
8.7834 1.29867
8.6731 1.50809
8.6556 1.09931
8.65321 1.18173
8.60035 1.97806
8.406 0.190603
8.33351 1.39507
8.24701 1.39335
8.21169 1.19049
8.21057 0.588072
8.12946 2.29511
8.12454 1.64689
7.94051 0.959859
7.57712 0.199931
7.54292 0.778808
7.44649 0.221898
7.34725 2.18691
7.22793 1.30015
7.19623 1.19038
7.0173 0.408041
6.96249 1.21788
6.86553 2.01966
6.83026 1.82809
6.82139 1.84557
6.82018 1.60975
6.702 2.80354
6.65012 1.34186
6.64989 1.02278
6.59812 1.04208
6.54946 2.55063
6.54267 2.71509
6.37594 2.73626
6.3679 2.15797
6.30479 1.88857
6.29897 0.715171
6.18328 2.04782
6.17002 2.15499
6.06571 2.48824
6.03574 2.4998
5.78878 1.85729
5.76502 1.27165
5.61956 2.53415
5.53162 3.17637
5.52033 3.0287
5.44702 2.44181
5.44075 1.75944
5.37184 2.57394
5.25246 2.07131
5.2519 2.54659
5.24261 3.99759
5.18421 2.74814
5.04853 2.35201
4.93172 4.41542
4.86603 3.88883
4.8087 2.99101
4.75238 2.83474
4.57844 2.58903
4.57802 2.9963
4.53357 2.82362
4.49824 3.19868
4.32187 3.15459
4.30256 3.17812
4.23789 3.14185
4.22858 3.96854
4.14717 4.13783
4.14357 2.97914
4.01066 3.79809
3.9718 3.95481
3.93975 4.66143
3.93829 4.90788
3.77349 3.83061
3.74206 3.17142
3.72447 2.77284
3.71126 5.39539
3.51862 5.51571
3.48894 3.52141
3.4615 4.02503
3.459 5.64662
3.33053 4.76201
3.27277 4.81197
3.27098 3.52614
3.25668 3.82567
3.08295 4.24551
3.03868 6.09976
3.03816 4.1283
2.95654 4.49931
2.89959 4.36732
2.87922 5.22452
2.85192 6.06369
2.72977 4.76339
2.71695 5.5272
2.69047 3.78757
2.43139 3.58965
2.36346 4.1456
2.36315 5.26801
2.34773 4.28519
2.3384 6.28655
2.3262 6.63077
2.2648 5.46783
2.22625 5.01539
2.08166 4.69469
2.03223 4.86615
1.98637 4.56492
1.96105 4.90111
1.89116 5.25052
1.87366 6.25842
1.87004 6.21803
1.855 7.27134
1.84238 5.06343
1.7405 5.19977
1.71981 5.05545
1.66756 4.72392
1.65592 6.17067
1.57107 7.70316
1.55185 6.88171
1.50718 6.88277
1.48879 5.12897
1.47249 5.35375
1.46468 6.06762
1.44667 5.14334
1.438 5.96229
1.22043 5.61798
1.18129 5.69993
1.17593 5.06665
1.16386 6.78046
1.15806 7.62283
1.14726 5.67534
1.11679 4.92385
1.11424 8.51024
1.07532 7.63879
1.03892 6.17236
1.00301 5.78053
1.00132 5.42047
0.949681 6.26066
0.918321 5.82877
0.85933 5.90379
0.81374 8.58369
0.803489 7.42249
0.740991 6.2902
0.723177 7.97594
0.651243 6.40158
0.649809 6.50713
0.63996 6.65673
0.534347 8.64478
0.493177 8.15745
0.486143 9.11423
0.481254 7.06625
0.4659 9.11585
0.459587 6.64918
0.457658 7.17868
0.457573 6.40554
0.436388 7.6896
0.42388 9.3281
0.418446 9.9873
0.336016 6.80708
0.331475 8.98825
0.329414 8.09053
0.306111 7.26739
0.302335 8.96783
0.298412 9.32486
0.277914 7.21887
0.277501 7.78347
0.252378 9.73887
0.242544 7.57509
0.237737 7.31055
0.227357 7.71627
0.224793 6.76945
0.218363 6.29191
0.218121 7.58842
0.21422 8.3092
0.211418 10.684
0.186474 9.74136
0.178078 8.35828
0.135465 8.41588
0.135283 9.35463
0.132934 8.85818
0.11621 9.20434
0.108434 7.41421
0.103845 9.09117
0.0972446 6.98513
0.0970887 7.74719
0.0662255 9.88873
0.0561571 8.6703
0.0402661 8.02457
0.0298615 11.2204
0.0284956 9.8426
0.025587 8.21935
0.0134368 11.6462
0.0108777 8.04507
0.00506895 7.46441
0.00202024 9.62742
0.00122249 12.0141
0 0 0 0 1 
0.395225 0.19959 0 0.405185 0 
0.658036 0 0 0.341964 0 
0 0.396888 0.0767564 0 0.526356 
0.310586 0 0 0 0.689414 
0 0 0.497857 0.413039 0.089104 
0.229747 0.39916 0 0.130812 0.24028 
0 0.321547 0.344152 0.176781 0.15752 
0.506245 0 0 0.322246 0.171509 
0.195106 0.284246 0 0.322268 0.19838 
0.262072 0.263688 0 0 0.47424 
0 0 0.537263 0.462737 0 
0.499934 0.135694 0.284645 0 0.0797268 
0 0.218155 0 0.341865 0.439979 
0.26963 0 0 0.73037 0 
0.170563 0.129977 0.300214 0 0.399247 
0 0 0.246558 0 0.753442 
0.240586 0 0 0.16393 0.595484 
0.0626072 0 0.390651 0.334983 0.211759 
0 0 0 0.709344 0.290656 
0.458726 0.277125 0.264149 0 0 
0 0.623826 0.376174 0 0 
0 0.568781 0.431219 0 0 
0.0989554 0.288189 0 0.331256 0.2816 
0 0 0 0.33072 0.66928 
0.585588 0.0590072 0.355404 0 0 
0 0.312253 0.687747 0 0 
0.327347 0 0.476155 0.196498 0 
0 0.260455 0 0.597413 0.142132 
0 0.654824 0 0.345176 0 
0 0 0.293213 0.490721 0.216066 
0 0 0.379994 0.314761 0.305245 
0.704842 0 0 0 0.295158 
0 0.433669 0 0.48815 0.078181 
0.260597 0.0791565 0.273244 0.0819597 0.305043 
0.514294 0 0.0948429 0.134587 0.256276 
0 0 0 0 1 
0.228969 0.306637 0 0.286481 0.177913 
0.378506 0 0.621494 0 0 
0 0.539672 0.460328 0 0 
0 0.382744 0 0.617256 0 
0.611977 0 0 0.388023 0 
0.276089 0 0 0.440184 0.283727 
0.249385 0.244273 0.156205 0.0637979 0.286339 
0.459639 0 0.114987 0 0.425373 
0 0 0.484221 0 0.515779 
0 0 0.664886 0 0.335114 
0 0 0.327568 0.325376 0.347056 
0.684903 0 0 0 0.315097 
0.557617 0 0.442383 0 0 
0 0.45229 0 0.363287 0.184423 
0 0.719103 0.280897 0 0 
0 0 1 0 0 
0 0.4148 0.114729 0.470471 0 
0 0.221361 0 0 0.778639 
0.66637 0.33363 0 0 0 
0 1 0 0 0 
0.0654343 0.489145 0 0 0.445421 
0 0 0.46319 0 0.53681 
0.145034 0 0.23288 0.259028 0.363059 
0.382876 0 0.172149 0.0987663 0.346209 
0 0 0.327524 0.371024 0.301452 
0.482313 0 0 0 0.517687 
0 0.265628 0 0.526806 0.207566 
0.568962 0 0 0.431038 0 
0 0.260635 0.739365 0 0 
0 0.531387 0 0.468613 0 
0 0.419887 0.580113 0 0 
0.137612 0.547472 0.314915 0 0 
0.344182 0.30912 0 0.346698 0 
0.105491 0.46818 0.42633 0 0 
0 1 0 0 0 
0 0 0 0.167427 0.832573 
0 0 0 0.377824 0.622176 
0 0 0.424469 0.575531 0 
1 0 0 0 0 
0.26477 0.386808 0.0669693 0 0.281452 
0.234384 0 0 0 0.765616 
0 0.33132 0.268109 0.351856 0.048716 
0.208392 0.403649 0 0.38796 0 
0 0 0.622692 0 0.377308 
1 0 0 0 0 
0.565401 0 0 0.434599 0 
0 1 0 0 0 
0 1 0 0 0 
0 0.524758 0.475242 0 0 
0 0.260608 0 0.315767 0.423624 
0 0.143366 0.433379 0.423254 0 
0.573434 0 0.426566 0 0 
0 0 0 1 0 
0 0.585675 0.414325 0 0 
0.592305 0 0 0 0.407695 
0.251749 0.195149 0 0.316622 0.236479 
0 0.383717 0.192173 0 0.42411 
0.192134 0.41372 0.394146 0 0 
0.771175 0 0 0.228825 0 
0 0.384139 0 0 0.615861 
0 0.360283 0 0.197338 0.442379 
1 0 0 0 0 
0.530593 0 0.469407 0 0 
0.177379 0.334406 0 0.32235 0.165865 
0 0.211085 0.263375 0.278552 0.246988 
0.414245 0.585755 0 0 0 
0 0 0.472416 0.527584 0 
0 0.749796 0 0 0.250204 
0.321884 0.172681 0 0.505435 0 
0.373299 0 0 0 0.626701 
0.314237 0 0.354037 0.331726 0 
0 0.124758 0.388745 0.486497 0 
0.351975 0.587034 0 0.0609911 0 
0 0.671866 0 0.328134 0 
0 0 0.38446 0.61554 0 
0.483691 0 0 0 0.516309 
0.363712 0.385027 0 0.251261 0 
0.808796 0 0 0 0.191204 
0 0 0.495885 0.504115 0 
0 1 0 0 0 
0 0 1 0 0 
0.225633 0.609124 0 0.165243 0 
0.11694 0.338339 0.0519887 0.324987 0.167746 
0.223808 0 0.450255 0.325937 0 
0 0 0.621665 0.378335 0 
0 0 0.423847 0.42253 0.153624 
0 0.275909 0.408508 0 0.315582 
0 1 0 0 0 
0 0 0.644646 0.355354 0 
0 0 0 0.518773 0.481227 
0 0.594391 0 0 0.405609 
0.431883 0 0.284058 0 0.284058 
0 0 0 0.484798 0.515202 
0 0 0 0 1 
0.306813 0.259829 0 0.145897 0.287461 
1 0 0 0 0 
0 0.220282 0 0.21062 0.569098 
0 0 0.415654 0.254301 0.330045 
0 0 0.176499 0.374318 0.449183 
0.203692 0 0 0.355406 0.440902 
0 0.340589 0 0.251669 0.407743 
0.305988 0.22464 0.469372 0 0 
0.403751 0 0 0.201996 0.394254 
0.636929 0 0.151129 0 0.211942 
0.687776 0 0.312224 0 0 
0 0.48243 0 0.220868 0.296703 
0.692396 0 0.307604 0 0 
0 0 0.442695 0 0.557305 
0.325788 0 0.242552 0.283064 0.148596 
0 0 0.165673 0.61404 0.220286 
0.101245 0.643588 0.255168 0 0 
0 0.328991 0.345243 0.325766 0 
0 0 0.272787 0.727213 0 
0.413454 0.586546 0 0 0 
0.210068 0.0971464 0.289624 0 0.403161 
0 0 0 0.790534 0.209466 
0.513806 0 0 0.486194 0 
0.795654 0 0 0 0.204346 
0.139703 0.416181 0.170067 0 0.274049 
1 0 0 0 0 
1 0 0 0 0 
0.281378 0.305478 0 0.315006 0.0981382 
0.272734 0.727266 0 0 0 
0 0 0.848992 0 0.151008 
0.336336 0.345486 0 0 0.318178 
0 0 0 0 1 
0.370035 0.378171 0.251793 0 0 
0.350255 0 0 0.649745 0 
0 0 0.716319 0.283681 0 
0 0 0 0 1 
0.561221 0 0 0.438779 0 
0.392375 0 0.324599 0 0.283026 
0.830287 0 0.169713 0 0 
0.74331 0 0 0 0.25669 
0.345686 0 0.25678 0 0.397534 
0.50948 0 0 0 0.49052 
0 0.336265 0 0 0.663735 
0.239671 0 0.3133 0.142934 0.304094 
0.276198 0.723802 0 0 0 
0.153363 0 0.334552 0.197708 0.314377 
0 0.823426 0.176574 0 0 
0.544353 0 0.455647 0 0 
0.255711 0.241788 0.218178 0.284324 0 
0.767668 0 0 0 0.232332 
0.181692 0.564905 0 0 0.253403 
0 0 1 0 0 
0.378987 0 0 0 0.621013 
0.074911 0 0.251263 0.16563 0.508196 
0.234038 0.257826 0 0 0.508136 
0.40915 0.27629 0 0.314561 0 
0.16684 0.649436 0.183724 0 0 
0 0 0 0.204048 0.795952 
0 0 0.493167 0.506833 0 
0 0 0 0 1 
0.631445 0 0 0 0.368555 
1 0 0 0 0 
0.074273 0 0.617048 0 0.308679 
0.407762 0.164006 0.428232 0 0 
0.625222 0 0 0 0.374778 
1 0 0 0 0 
0 0.399079 0.249734 0 0.351187 
0.303873 0 0.242032 0.157193 0.296902 
1 0 0 0 0 
