5 100
0.532907
0.31888
0.483863
0.296907
0.553705
10.3727 0.344168
9.10995 0.835374
9.0651 0.210619
8.75503 1.2967
8.73084 0.233098
8.56915 1.51848
7.90267 0.374648
7.19322 0.282065
6.88845 0.635144
6.84418 0.543546
6.18551 1.31082
6.17881 1.2015
6.14249 3.11129
6.1352 1.94747
6.08761 1.72799
5.84537 0.997972
5.48017 2.15941
5.47803 1.93206
5.36003 2.51664
5.34623 3.11153
5.26906 3.1982
5.18394 3.10818
5.14726 1.58791
5.00926 2.54738
4.73888 2.25845
4.73162 4.30203
4.58944 2.82403
4.47822 3.22905
4.34584 4.32241
4.26316 2.67902
4.24952 2.58418
4.16453 4.63512
4.15885 2.54655
4.03864 3.56574
3.94748 3.11316
3.94733 3.92544
3.81964 5.2315
3.78306 3.64832
3.69729 4.51705
3.65853 2.98035
3.6286 3.26682
3.61358 3.61135
3.57703 3.46142
3.56169 3.44183
3.36537 3.32215
3.03194 5.2434
3.02942 3.4129
2.9774 3.23638
2.94304 3.46608
2.78596 4.99588
2.59886 5.67612
2.49397 5.35589
2.45655 4.25015
2.35529 5.29741
2.28547 4.1038
2.24916 3.48746
2.22648 4.97982
2.18817 4.78067
2.16882 5.14948
2.14024 3.95866
2.07416 4.49391
2.03141 4.85283
1.95989 6.16119
1.84334 5.13188
1.43363 5.7485
1.35146 4.63147
1.279 5.68131
1.21374 5.17106
1.16446 6.15742
1.13957 6.56298
0.984705 8.63465
0.952839 5.6633
0.952346 7.07307
0.814191 6.07842
0.703128 6.05391
0.684715 8.69735
0.679083 7.09733
0.630385 9.12305
0.454495 8.35645
0.442229 8.14089
0.424049 7.53987
0.411239 9.24811
0.404208 9.24024
0.370894 6.63357
0.364959 8.43218
0.364075 7.73945
0.331489 9.46487
0.319521 6.77588
0.246927 8.0392
0.240914 8.89206
0.223609 8.61839
0.2111 8.6243
0.192377 10.3538
0.188709 9.26321
0.172918 6.39028
0.158537 9.92435
0.0542013 10.9939
0.0180696 11.6027
0.0173544 10.3428
0.0166184 8.29719
0 0 0.238156 0.38417 0.377674 
0.233563 0 0.319066 0.3259 0.12147 
0.448945 0 0.0916333 0.399452 0.0599689 
0.395053 0 0 0.221037 0.38391 
0 0.248437 0.527596 0 0.223967 
0.10667 0 0.305366 0.264969 0.322996 
0 0.328996 0.112231 0.19755 0.361222 
0 0.385333 0.22543 0.389237 0 
0 0 0.32981 0.388917 0.281274 
0.139258 0.133487 0.301684 0.29824 0.127332 
0 0.244024 0.14203 0.336292 0.277653 
0.389964 0.160138 0.35667 0.0932272 0 
0 0.332983 0.575061 0 0.0919557 
0.538189 0 0 0 0.461811 
0 0 0 0.273924 0.726076 
0.505518 0 0 0.494482 0 
0.140558 0.453039 0 0.406403 0 
0 0.260682 0.739318 0 0 
0 0 0.637566 0.234925 0.127509 
0 0.40379 0 0.397236 0.198974 
0 0 0.398578 0.496391 0.105031 
0.281143 0.050756 0.0654122 0.322642 0.280047 
0.153869 0.537996 0.137526 0 0.170608 
0.824976 0 0.175024 0 0 
0.211212 0 0 0.239181 0.549607 
0.374542 0.345659 0 0 0.279799 
0.113053 0 0.308942 0.224232 0.353772 
0.305374 0.437045 0.25758 0 0 
0 0.417577 0 0.582423 0 
0 0.205897 0.651314 0.142789 0 
0 0.61679 0 0 0.38321 
0 0.290455 0.709545 0 0 
0 0.119113 0 0.506723 0.374164 
0.524411 0 0.475589 0 0 
0.231237 0 0 0.768763 0 
0 0 0.331819 0.553822 0.11436 
0 0.179032 0.206592 0.26852 0.345857 
0 0 0.475613 0 0.524387 
0 0 0.308588 0.595522 0.0958896 
0.339549 0 0.215022 0.0976592 0.347769 
0.864237 0 0 0.135763 0 
0.482279 0.120947 0.142123 0.254651 0 
0 0.477949 0 0 0.522051 
0.258617 0 0.546796 0 0.194587 
0.358775 0.387197 0 0.254028 0 
0 0.249458 0.274786 0.475756 0 
0.139963 0.303709 0.327502 0.228826 0 
0 0.34954 0.65046 0 0 
0 0.245051 0.362987 0 0.391961 
0 0.361463 0 0.149919 0.488618 
0.352783 0.0566313 0.16522 0.108876 0.31649 
0.301783 0.566818 0 0.131399 0 
0.37503 0 0.424113 0 0.200856 
0.40165 0 0.132301 0.265686 0.200363 
0 0 0.725474 0.274526 0 
0.167798 0 0 0.256425 0.575777 
0 0.262646 0.376624 0.360731 0 
0.106474 0.130641 0.298689 0.464197 0 
0 0 0.548467 0.451534 0 
0.27974 0.195975 0.524286 0 0 
0.281006 0.17319 0.238831 0.187516 0.119456 
0.141107 0.64833 0 0 0.210563 
0 0.252393 0.747607 0 0 
0 0 0.539931 0.332071 0.127997 
0.362993 0 0 0.285887 0.351121 
0.166079 0.521365 0 0.312556 0 
0.229226 0.0904782 0.350471 0 0.329825 
0.118785 0.162565 0.267897 0.0935739 0.357179 
0 0 0 0 1 
0 0 0 0 1 
0.30073 0.261566 0 0.23371 0.203994 
0.499085 0 0 0.219719 0.281195 
0.0983642 0.377902 0.235717 0.288017 0 
0.366608 0.261903 0 0.371488 0 
0 0.320799 0.218422 0.460779 0 
0 0.185324 0.495398 0.143705 0.175573 
0 0 0.449474 0 0.550526 
0.686349 0 0 0.313651 0 
0.355015 0.196121 0.448864 0 0 
0.190761 0.446226 0.363013 0 0 
0.185352 0.461084 0 0.0984622 0.255102 
0.535569 0.205702 0 0.25873 0 
0 0 0 1 0 
0.227822 0 0.301984 0 0.470194 
0 0 0.518894 0.481106 0 
0 0.335846 0.524284 0.13987 0 
0.142 0 0.375587 0.274366 0.208048 
0 1 0 0 0 
0.328014 0.31793 0.209999 0 0.144057 
0 0.842854 0.157146 0 0 
0 0.128831 0 0.490156 0.381013 
0 0.424823 0.0977273 0.47745 0 
0 0 0 1 0 
0.321784 0 0.078606 0.306904 0.292706 
0 0 0.50802 0.25461 0.23737 
0 0.185758 0.379539 0.292945 0.141757 
0 1 0 0 0 
0.237728 0.18794 0 0.574332 0 
0 0.266049 0.733951 0 0 
0 0.336014 0.0815147 0.230394 0.352078 
