5 100
0.530435
0.517342
0.664548
0.379322
0.575114
11.1375 0.293363
10.7414 0.766242
10.5683 0.499659
10.0432 0.984432
9.92166 0.868556
9.88887 1.26425
9.84639 0.455061
9.57114 0.569145
8.5711 1.28319
8.20834 0.105343
7.78937 1.3467
7.64412 2.22879
7.36695 0.370894
7.24101 0.341998
7.05322 0.736024
7.05093 1.1951
6.90236 2.09153
6.57561 2.05731
6.38125 1.76555
6.37685 2.11766
6.31931 3.16039
6.1201 1.37133
6.10187 1.92679
6.02781 2.00889
5.74452 2.69935
5.65728 2.4569
5.5814 1.71726
5.44322 3.06619
5.12777 3.81628
4.83766 2.39379
4.69211 3.80409
4.64657 3.21924
4.5987 3.10123
4.34218 2.40434
4.31605 4.29409
4.09053 2.71301
3.80009 3.59516
3.72953 3.21243
3.71896 3.87585
3.66764 5.20867
3.4885 2.86127
3.39026 5.65318
3.37707 4.38344
3.3756 4.14561
3.22255 5.33755
3.18898 4.90207
3.172 4.31285
2.99261 4.61044
2.97794 3.82494
2.79163 5.38451
2.72478 5.17902
2.59136 5.1187
2.37058 5.53039
2.25613 5.26234
2.21356 6.37655
2.1586 6.39952
2.09889 4.51398
2.05833 5.99739
1.93087 5.59941
1.89522 4.06355
1.89502 6.35148
1.77807 6.54975
1.75589 6.09648
1.62055 4.6862
1.44186 6.96551
1.42896 5.46423
1.03014 7.11744
0.903801 5.76006
0.863995 6.85693
0.856539 8.47674
0.842656 7.25841
0.79913 8.00926
0.747613 7.4813
0.745173 6.66714
0.682739 9.19946
0.590153 8.55873
0.564922 8.6727
0.562938 8.88698
0.368536 8.82272
0.301424 6.67975
0.27786 10.354
0.272875 8.37609
0.261815 6.65057
0.25909 7.2355
0.254561 9.36553
0.210931 10.6697
0.172714 10.4535
0.165514 10.3545
0.144391 9.56641
0.126477 8.8955
0.113421 8.30553
0.105698 7.28404
0.0780664 9.84705
0.0755708 11.1846
0.0726036 11.2515
0.0476295 11.412
0.0290933 9.46911
0.0236439 7.23043
0.0126128 7.51417
0.00244621 8.0618
1 0 0 0 0 
0 1 0 0 0 
0 0 1 0 0 
0 0 0 1 0 
1 0 0 0 0 
1 0 0 0 0 
0 1 0 0 0 
0 0 0 0 1 
0 1 0 0 0 
1 0 0 0 0 
1 0 0 0 0 
0 0 0 0 1 
0 0 1 0 0 
1 0 0 0 0 
0 0 1 0 0 
1 0 0 0 0 
0 1 0 0 0 
0 0 0 1 0 
0 0 1 0 0 
0 0 0 0 1 
0 0 1 0 0 
0 0 0 1 0 
0 0 0 1 0 
0 0 1 0 0 
0 0 1 0 0 
0 0 0 1 0 
0 0 0 0 1 
1 0 0 0 0 
0 1 0 0 0 
0 0 0 0 1 
0 0 0 0 1 
0 0 0 0 1 
0 0 0 0 1 
0 0 0 1 0 
0 0 0 1 0 
0 0 1 0 0 
0 0 1 0 0 
0 0 1 0 0 
0 1 0 0 0 
0 0 1 0 0 
1 0 0 0 0 
1 0 0 0 0 
0 0 0 1 0 
0 0 0 1 0 
0 0 0 1 0 
0 0 0 1 0 
0 0 1 0 0 
0 0 0 1 0 
0 0 0 1 0 
0 1 0 0 0 
1 0 0 0 0 
0 0 1 0 0 
1 0 0 0 0 
1 0 0 0 0 
0 0 1 0 0 
0 0 0 1 0 
1 0 0 0 0 
0 0 0 1 0 
0 0 1 0 0 
1 0 0 0 0 
0 1 0 0 0 
0 0 1 0 0 
1 0 0 0 0 
0 1 0 0 0 
1 0 0 0 0 
0 0 1 0 0 
1 0 0 0 0 
0 0 1 0 0 
0 0 0 0 1 
0 0 1 0 0 
1 0 0 0 0 
0 0 0 1 0 
0 0 0 1 0 
0 1 0 0 0 
0 1 0 0 0 
0 0 0 1 0 
1 0 0 0 0 
0 0 0 0 1 
1 0 0 0 0 
1 0 0 0 0 
0 0 0 0 1 
0 0 0 1 0 
0 0 0 1 0 
0 1 0 0 0 
0 0 0 0 1 
0 0 0 1 0 
0 0 0 0 1 
0 1 0 0 0 
0 0 0 1 0 
0 1 0 0 0 
0 0 0 1 0 
0 1 0 0 0 
0 0 1 0 0 
0 0 1 0 0 
0 0 0 0 1 
0 0 0 0 1 
0 0 0 1 0 
0 0 0 0 1 
1 0 0 0 0 
0 0 0 0 1 
