5 150
0.544382
0.643048
0.337069
0.556131
0.431799
10.6139 0.137289
10.425 0.458699
10.0574 0.842387
9.39436 0.88632
9.37675 1.11208
9.10587 0.253261
8.88748 1.50656
8.78752 0.574687
8.25284 1.18949
8.20483 1.17431
7.64139 2.12282
7.58442 1.61677
7.36064 1.76074
7.34884 1.88689
7.27477 1.70045
7.21998 0.746109
7.10457 1.29435
6.973 2.82394
6.94554 0.438227
6.85541 1.77617
6.52688 2.16115
6.42405 3.15032
6.38454 2.03024
6.30034 0.78535
5.96593 2.31372
5.90468 2.54559
5.70098 2.41682
5.66415 2.37149
5.64995 1.41978
5.64516 2.07864
5.59652 1.93971
5.54881 1.64221
5.54071 2.31289
5.47551 2.7881
5.36708 3.90731
5.32508 1.73808
5.14416 2.83011
5.02884 1.95869
4.8759 3.09444
4.7706 3.4972
4.74109 3.21383
4.73516 3.88271
4.59407 3.55001
4.59153 4.09658
4.45413 2.18523
4.31544 3.13565
4.28808 3.37125
4.20683 3.74128
4.07892 2.80115
3.83621 3.41201
3.79843 4.77099
3.72706 4.25569
3.55947 3.35746
3.54711 4.2509
3.54569 4.7464
3.50954 3.80175
3.506 4.83413
3.46905 4.8435
3.45109 4.52169
3.4454 5.66081
3.27307 3.11211
3.22593 3.04053
3.21544 3.60945
3.21118 3.33903
3.1148 5.05305
2.95569 3.46619
2.92515 3.50131
2.89699 4.4364
2.83557 6.04295
2.56021 4.3687
2.43109 5.1099
2.24123 4.48317
2.16407 5.69674
2.04226 5.65022
2.0294 4.53195
1.85125 4.38997
1.83795 4.34282
1.8364 5.02386
1.8347 6.4196
1.7921 5.46309
1.78179 4.85308
1.69748 6.46888
1.67968 5.87882
1.61157 5.52362
1.59202 7.28544
1.57397 5.94216
1.57186 5.02908
1.5567 5.40396
1.51255 6.46813
1.42464 5.31929
1.41709 4.95532
1.32875 6.56245
1.2132 8.11273
1.12807 7.27984
0.968954 7.70922
0.942977 6.82202
0.893746 6.77882
0.881769 7.21393
0.804198 5.89311
0.759532 7.89237
0.751888 8.79516
0.74888 8.03849
0.742589 7.93075
0.732672 8.72712
0.700805 8.24557
0.698203 8.1781
0.677716 7.54843
0.63159 9.09656
0.621236 7.61109
0.620281 7.22191
0.605907 6.44447
0.569791 7.22801
0.538186 8.32969
0.472953 9.43057
0.42338 9.9489
0.415308 6.72186
0.397512 7.91267
0.392118 10.1345
0.379272 6.91588
0.369682 9.72339
0.356524 8.01381
0.336888 8.70541
0.299079 6.66095
0.29447 9.71462
0.27859 9.97953
0.265249 8.49731
0.255488 10.0226
0.236951 7.12435
0.231515 7.72132
0.14691 6.91701
0.139562 9.70283
0.12546 7.28244
0.108636 9.98947
0.0991555 7.41386
0.0940476 9.15662
0.0837332 9.92966
0.0766097 6.81375
0.0618313 8.71136
0.0480967 9.37374
0.0477774 11.4714
0.0440702 10.6752
0.0414621 10.6185
0.0387854 10.7482
0.0310685 9.59469
0.0308074 9.79429
0.0302588 10.8034
0.0243751 11.0022
0.016638 7.65343
0.0133617 10.4692
0.00192166 7.44676
0 1 0 0 0 
0 0.31034 0.256469 0.160709 0.272482 
0 0 0.327716 0.194876 0.477408 
0.352812 0.407132 0 0 0.240056 
0 0.367791 0.174066 0.311107 0.147037 
0.315634 0.138326 0.265711 0 0.280329 
0.171951 0 0.28454 0.543509 0 
0.313522 0 0 0.36596 0.320518 
0 1 0 0 0 
0.346978 0 0 0.653022 0 
0 0 0.550241 0.286859 0.1629 
0.347841 0.296144 0.0865635 0 0.269452 
0.507583 0.257446 0 0.234971 0 
0.129863 0.376131 0 0.378025 0.115981 
0.602809 0.178085 0.219105 0 0 
0 0 1 0 0 
0 0 0 0.30595 0.69405 
0.288691 0.176322 0 0.274063 0.260924 
0.275885 0.130603 0.122889 0.140856 0.329766 
0 0.2451 0 0.375441 0.379459 
0.169192 0.286097 0.185136 0 0.359575 
0.277802 0 0.157853 0.294106 0.270239 
0 0.498786 0 0.501214 0 
0.34265 0.65735 0 0 0 
0.363854 0 0.384737 0.251409 0 
0 0.241926 0.149131 0.172461 0.436482 
0 0.656505 0 0 0.343495 
0.178451 0.281975 0 0.261335 0.278239 
0.44826 0 0 0 0.55174 
0 0 0.160269 0 0.839731 
0.19318 0.30779 0 0.168695 0.330335 
0 0 0.452039 0 0.547961 
0.788549 0.211451 0 0 0 
0.195081 0.417796 0.387123 0 0 
0 0.374328 0 0 0.625672 
0.196621 0.391843 0.257771 0 0.153765 
0 0.156112 0.366923 0.123071 0.353894 
0 0 0 0 1 
0.163123 0.426885 0 0.162929 0.247064 
0.19843 0.399418 0 0 0.402152 
0.252663 0 0.253573 0.198754 0.29501 
0 0 0 1 0 
0 0.494272 0.166182 0.339546 0 
0.24497 0.188142 0 0.200604 0.366283 
0.14048 0.254952 0.194674 0.221779 0.188115 
0.250708 0.149776 0 0 0.599516 
0 0.516291 0.210104 0.273604 0 
0.195005 0.311998 0 0.195092 0.297905 
0 0.477076 0.28333 0.239594 0 
0.345795 0 0.654205 0 0 
0.520619 0.479381 0 0 0 
0.180952 0.380717 0 0 0.438331 
0.339719 0.165012 0.290732 0 0.204538 
0.419969 0.261055 0 0 0.318976 
0 0.429941 0.177926 0.392133 0 
0.142974 0.0901598 0.246756 0.287269 0.232841 
0.51506 0.48494 0 0 0 
0.303905 0.331117 0 0 0.364979 
0 0.248876 0.333543 0.0662353 0.351345 
0.0755491 0.301623 0.29157 0.331258 0 
0 0.326168 0 0.275043 0.398788 
0.289651 0 0.262937 0.447412 0 
0.547554 0 0.376475 0.0759706 0 
0.384933 0 0 0.615067 0 
0.703737 0 0 0.296263 0 
0.21832 0 0.323701 0.0749046 0.383074 
0 0 0.431484 0 0.568516 
0.513321 0.126831 0.359849 0 0 
0 0 0 0 1 
0.301944 0.523525 0.174532 0 0 
0.258502 0 0 0.741498 0 
0.251307 0.432035 0 0.316658 0 
0 0.308577 0.245499 0.159874 0.286049 
0.405483 0.199766 0.303153 0 0.0915988 
0 0.516675 0.243738 0 0.239587 
0.263323 0.228718 0.234279 0.27368 0 
0.174017 0 0.693596 0.132387 0 
0 0 0 0.330179 0.669821 
0.214821 0.2471 0.30287 0.235209 0 
0 0.212912 0.673619 0.113469 0 
0.409444 0 0.24362 0.346936 0 
0.580459 0.419541 0 0 0 
0.472084 0.258683 0.0549583 0.0899821 0.124293 
0.205013 0 0.285643 0.509344 0 
0.375117 0.342625 0.282258 0 0 
0.412265 0 0 0.282273 0.305461 
0.50119 0.49881 0 0 0 
0 0.311397 0 0.418366 0.270237 
0.709468 0.290532 0 0 0 
0.20716 0 0.263646 0.529194 0 
0.0336759 0.299355 0.256796 0.269473 0.1407 
0 0.353449 0.363029 0 0.283522 
0 0 1 0 0 
0.58678 0 0.0841845 0.329035 0 
0.192871 0.391679 0 0.275882 0.139569 
0.62883 0 0.184497 0 0.186673 
0 0 0 0 1 
0 0 0 0 1 
0 0.310068 0.524558 0 0.165374 
0.0957235 0 0 0.552283 0.351993 
0.270585 0.271152 0.166425 0.239249 0.0525897 
0 0.186283 0.465069 0.142711 0.205937 
0.823716 0 0.176284 0 0 
0.229872 0 0.555538 0.21459 0 
1 0 0 0 0 
0.413385 0 0 0 0.586615 
0.325043 0.485534 0 0.189423 0 
0 0.444817 0 0.113813 0.44137 
0 0.535329 0 0.312006 0.152666 
0.271676 0.432053 0 0.218379 0.0778918 
0.797183 0.202817 0 0 0 
0.310824 0 0 0 0.689176 
0 0.585637 0.201063 0.2133 0 
0.314932 0 0.325505 0 0.359563 
0.214205 0.360015 0.42578 0 0 
0 0 0 0.490215 0.509785 
0.549331 0.373811 0 0.0768586 0 
0 0.44303 0 0.201704 0.355265 
0.201931 0.267649 0.186756 0.134665 0.209 
0.346167 0.106857 0.399333 0.147643 0 
0 0.555879 0.444121 0 0 
0.126046 0.114347 0.280908 0.478698 0 
0.120932 0.169059 0.116609 0.177816 0.415584 
0.116003 0.429107 0 0.454891 0 
0.231118 0 0.672753 0 0.0961287 
0.403822 0.515238 0 0 0.0809401 
0.253715 0.0776172 0.163303 0.215183 0.290182 
0.362007 0 0 0.254285 0.383708 
0 0 0.552577 0.447423 0 
0 0 0.118945 0.593092 0.287963 
0 0.351387 0.205649 0 0.442964 
0.279605 0.0436162 0.217241 0.239576 0.219962 
0.26669 0.242687 0.171559 0.319064 0 
0 0.294687 0.542984 0 0.162329 
0.274593 0.546553 0.178854 0 0 
0.0670417 0.348847 0.304827 0 0.279285 
0 0.207979 0.375243 0.416777 0 
0.503951 0.162211 0 0 0.333837 
0 1 0 0 0 
0.385046 0.614954 0 0 0 
0 0.723396 0 0.276604 0 
0 0 0.228123 0 0.771877 
0.222223 0 0.337673 0 0.440104 
0.443936 0 0.162587 0.393477 0 
0.314334 0 0.18619 0.166096 0.333379 
0.225124 0.267979 0.256812 0.113512 0.136572 
0 0.181007 0.0899043 0.340398 0.38869 
0 1 0 0 0 
0.388049 0 0 0.250218 0.361733 
0 0 0.731051 0 0.268949 
