5 150
0.292451
0.31711
0.423971
0.626034
0.506447
11.8507 0.213744
10.6956 0.133175
10.3637 0.626767
9.7965 0.899332
9.75067 0.962784
9.74012 0.576608
9.20828 0.433572
9.04626 0.230416
9.01367 1.47761
8.59325 0.440009
8.07316 0.548174
7.95097 0.344701
7.88489 0.805511
7.75993 1.81588
7.72206 1.72413
7.57992 1.23914
7.45213 1.49001
7.41565 1.55054
7.38088 1.51361
7.28123 1.04826
7.20163 1.77687
7.1519 1.53197
7.13513 1.01605
7.10139 0.963217
7.01822 1.29993
6.89897 0.649604
6.78302 1.57673
6.75794 1.99817
6.58265 1.15283
6.57254 0.876759
6.55441 1.7793
6.37525 1.20747
6.27193 1.80716
6.23944 1.12052
6.03852 1.36346
5.90531 1.49782
5.71109 1.93805
5.65274 2.41893
5.57696 1.99302
5.56461 2.97369
5.49665 2.43776
5.44122 2.04177
5.42522 2.88727
5.3958 2.10466
5.36824 2.58946
5.09677 2.45383
5.09386 2.25187
4.90069 2.02541
4.80409 2.67631
4.77659 3.09937
4.41622 2.31676
4.34222 4.13573
4.24756 2.1414
4.13795 4.40507
3.97225 3.10339
3.89558 4.99424
3.71382 4.52638
3.67747 3.72951
3.65153 3.35942
3.61193 2.90581
3.57076 4.37716
3.55845 4.98617
3.37482 4.69793
3.35364 3.42643
3.32258 5.01822
3.28416 5.10601
3.27744 4.50945
3.24886 3.19265
3.21189 3.75541
3.09914 5.31957
3.07996 4.99778
3.05477 3.57307
2.98643 4.29135
2.8988 4.22364
2.7863 6.38088
2.76463 5.18023
2.71031 4.65036
2.70761 5.09154
2.69834 4.07865
2.68676 5.87975
2.6227 4.31653
2.58504 5.72701
2.55521 4.82271
2.52881 3.81767
2.52723 5.58868
2.49901 4.86118
2.44798 3.84097
2.40826 4.92305
2.34935 5.8528
2.33811 4.97179
2.33164 5.84579
2.28159 4.47501
2.12589 6.64953
2.1188 3.90484
2.10423 6.19816
2.05049 4.56325
2.03383 4.41083
2.03222 5.84519
1.95745 4.83637
1.86078 5.09005
1.72739 5.92712
1.66121 5.55137
1.65583 6.0205
1.64037 4.86101
1.60404 6.06626
1.58982 6.60044
1.57738 5.73566
1.5662 5.51078
1.54835 6.56861
1.51664 5.49858
1.40276 7.95071
1.25054 5.54969
1.17871 7.34548
1.11902 6.93456
0.932758 7.05074
0.930643 8.92408
0.923297 5.377
0.877628 7.88878
0.857756 6.71975
0.834767 8.68668
0.8223 8.49311
0.797765 6.55953
0.707748 5.55865
0.684573 8.85846
0.684109 7.00217
0.625 7.48155
0.609977 7.51821
0.535267 9.17697
0.502659 7.23153
0.490367 7.19026
0.468892 8.92964
0.434368 8.56226
0.309296 6.73867
0.308076 10.2663
0.304548 8.95282
0.259836 10.3861
0.178935 10.594
0.135122 7.56426
0.132769 8.95755
0.12975 8.89109
0.0681853 8.95386
0.0681583 7.83129
0.0622005 8.93804
0.0601717 8.0655
0.0369408 9.26626
0.0348223 11.0277
0.0266995 11.0584
0.0121569 8.8552
0.00748927 11.673
0.00563843 10.3431
1 0 0 0 0 
0 0 0 1 0 
0 0 1 0 0 
0 1 0 0 0 
1 0 0 0 0 
0.189602 0 0 0.810398 0 
0 0 1 0 0 
0 0 0 1 0 
0 0 1 0 0 
0 0 0 0 1 
0.100294 0 0.536697 0 0.363009 
0.505131 0 0.494869 0 0 
0 0 1 0 0 
0 0 1 0 0 
0 0.382864 0.283916 0 0.33322 
0 0 1 0 0 
0 0 0 1 0 
0 0 1 0 0 
0 0 0 1 0 
0 0 0 1 0 
0 0 0 0 1 
0.435245 0 0 0.153633 0.411123 
0 0 1 0 0 
0 0 0.498979 0.501021 0 
1 0 0 0 0 
0 0.262257 0 0.737743 0 
0.454221 0 0 0.545779 0 
0 0 1 0 0 
0 0.423887 0.348276 0 0.227837 
0 0.381287 0 0.618713 0 
0 0.185217 0 0 0.814783 
0 0 0 0 1 
1 0 0 0 0 
0.177067 0 0.325258 0.497675 0 
0.307803 0 0 0 0.692197 
0 0 0.648746 0 0.351254 
0 1 0 0 0 
0 0 0 0 1 
0.837474 0 0 0.162526 0 
0 0 0 0 1 
0.460346 0.140505 0 0.399149 0 
0 1 0 0 0 
0 0 0 0 1 
0.16721 0 0.83279 0 0 
0 0 0.324105 0.386383 0.289512 
0 0.120589 0.561209 0 0.318202 
0 0 0 0 1 
0 0 0 0 1 
0.697739 0 0 0 0.302261 
0.348215 0 0 0.126217 0.525568 
0 0 0 0 1 
0 0 1 0 0 
0 1 0 0 0 
0 1 0 0 0 
0 0.504605 0 0 0.495395 
0 0 1 0 0 
0 0 0 1 0 
0 0 1 0 0 
0.530669 0 0 0.469331 0 
0 0.531302 0 0 0.468698 
0 0 1 0 0 
0 1 0 0 0 
0.28846 0.145869 0.565671 0 0 
0 0 0 1 0 
0.323903 0 0 0 0.676097 
1 0 0 0 0 
0 0 0 1 0 
0 0 0 1 0 
0 0 0 1 0 
0 0 0 0 1 
0.631355 0 0 0 0.368645 
0 0 0.431381 0.568619 0 
0 1 0 0 0 
0.424803 0 0.575197 0 0 
0 0.72881 0 0.27119 0 
0 0 0 0.339296 0.660704 
0.489015 0 0 0 0.510985 
0.363576 0 0 0.636424 0 
1 0 0 0 0 
0 1 0 0 0 
0 0 0 1 0 
0 0 0 1 0 
0.343911 0.43395 0 0.222138 0 
0 1 0 0 0 
0 1 0 0 0 
0 0 1 0 0 
0 0 0 1 0 
1 0 0 0 0 
0 0 0 0 1 
0.377507 0 0.622493 0 0 
1 0 0 0 0 
0 0 1 0 0 
0 0 0 0.781493 0.218507 
0 0.70188 0.29812 0 0 
0 0 0 0 1 
0 1 0 0 0 
0 0.572964 0.427036 0 0 
0 0 0.890413 0.109587 0 
0 0 1 0 0 
0 0 0 0 1 
0.494567 0.505433 0 0 0 
0 0 0 1 0 
0 0.52005 0 0 0.47995 
0 0.761504 0 0.238496 0 
0 0 1 0 0 
0 0.300345 0.425611 0.274044 0 
0 1 0 0 0 
0 0 0 0 1 
0 0 0 0 1 
0 0 0 1 0 
0 0.31139 0.68861 0 0 
0 0 0.408638 0.591362 0 
0 0.232417 0.39256 0.375023 0 
0.270894 0 0 0.729106 0 
0.284759 0 0 0 0.715241 
0 1 0 0 0 
1 0 0 0 0 
0.49542 0 0.50458 0 0 
0.356328 0.128829 0 0 0.514843 
0 0 0 1 0 
0 0 0.580235 0 0.419765 
0 1 0 0 0 
1 0 0 0 0 
0 0 1 0 0 
0 0 0 0 1 
0 0.385856 0.614144 0 0 
0 0 0.663258 0.336742 0 
0 0.292789 0 0.569025 0.138186 
0 1 0 0 0 
0.613728 0 0 0.386272 0 
1 0 0 0 0 
1 0 0 0 0 
0 0 1 0 0 
0 0 0 1 0 
0 0.48098 0 0 0.51902 
0 1 0 0 0 
0 0 0 0 1 
0 0 0 0 1 
0 0.389744 0.610256 0 0 
0 0.663677 0 0.336323 0 
0 0 0 1 0 
0 0 0 1 0 
0 1 0 0 0 
0 1 0 0 0 
1 0 0 0 0 
0 0 0 1 0 
0 0 0 1 0 
0 0.897615 0 0 0.102385 
0 0.838023 0.161977 0 0 
0 1 0 0 0 
