5 50
0.468604
0.66615
0.735382
0.393513
0.517632
8.59797 0.439709
8.53904 0.89331
8.436 0.647023
7.93507 1.12545
7.54673 0.891437
7.36638 1.14893
7.25899 0.988325
6.27411 1.40627
6.19243 1.14779
5.50231 2.80888
5.49287 2.79399
5.10227 3.86843
5.03941 3.08052
4.7735 2.28588
4.21259 3.19799
4.19552 2.6534
3.91763 3.32961
3.81616 4.66299
3.60058 5.22879
3.57367 3.44419
3.47567 3.14726
3.40255 4.32939
3.26422 5.26097
3.16893 3.62623
3.10204 3.85905
2.95825 3.75313
2.69184 3.42344
2.63417 4.90735
2.03947 4.63123
1.92899 5.8723
1.32303 4.78813
1.28234 7.1115
1.17655 5.40247
0.877847 7.18083
0.749548 8.90208
0.735061 8.07541
0.688304 6.55968
0.460307 8.90632
0.442328 9.94637
0.209813 8.03269
0.0697262 10.9104
0.0356953 10.0255
0.034515 7.41049
0.0331035 7.8101
0.0251827 9.99094
0.0238391 7.39977
0.0151147 10.427
0.00652842 9.86894
0.00240704 8.25026
0.00146828 7.99162
0 1 0 0 0 
0 0 1 0 0 
0 0 0 0 1 
0 1 0 0 0 
0 0 1 0 0 
0 0 0 1 0 
0 0 0 0 1 
0 0 0 1 0 
0 1 0 0 0 
0 1 0 0 0 
0 0 1 0 0 
0 0 0 0 1 
0 0 1 0 0 
0 1 0 0 0 
0 0 0 1 0 
0 0 1 0 0 
0 0 1 0 0 
1 0 0 0 0 
1 0 0 0 0 
1 0 0 0 0 
0 1 0 0 0 
0 1 0 0 0 
0 0 0 0 1 
1 0 0 0 0 
0 0 0 0 1 
0 0 0 0 1 
0 1 0 0 0 
0 1 0 0 0 
1 0 0 0 0 
1 0 0 0 0 
0 1 0 0 0 
0 0 1 0 0 
1 0 0 0 0 
1 0 0 0 0 
0 0 0 1 0 
0 0 1 0 0 
1 0 0 0 0 
0 1 0 0 0 
0 0 0 1 0 
0 0 1 0 0 
0 1 0 0 0 
0 0 0 1 0 
0 0 0 0 1 
1 0 0 0 0 
0 0 1 0 0 
1 0 0 0 0 
1 0 0 0 0 
0 0 0 1 0 
0 0 0 1 0 
0 0 0 1 0 
