5 200
0.257157
0.260651
0.739059
0.267701
0.748932
11.5408 0.351241
10.8344 0.183929
10.5795 0.15493
10.3743 0.416474
10.1815 0.77355
9.89218 0.785598
9.84568 0.750799
9.70226 1.32077
9.41571 1.34762
8.9752 0.926471
8.92782 0.596097
8.84864 1.12227
8.68209 1.10806
8.45212 1.81852
8.43193 1.58481
8.26612 1.30221
8.26253 0.782758
8.13567 2.02432
8.08051 0.510172
8.03525 0.994039
7.91386 1.06622
7.89514 1.52436
7.68425 1.71554
7.66501 1.76719
7.65582 1.10362
7.52813 0.755503
7.39804 2.49084
7.32956 0.76986
7.18452 2.30173
6.69474 1.49485
6.68564 1.77832
6.66103 1.84647
6.54501 1.76552
6.43077 1.38179
6.38472 2.7045
6.12262 3.28631
6.09442 2.28982
6.06158 2.02449
5.89296 2.39222
5.89105 2.68946
5.88377 2.93566
5.8656 1.07479
5.82968 2.57231
5.77578 2.28302
5.68984 1.66858
5.63939 2.28052
5.62272 2.74672
5.50969 2.14981
5.49491 3.86829
5.46287 2.09622
5.38013 3.6056
5.24477 3.04187
5.17708 1.71843
4.9907 3.08733
4.91548 3.00747
4.65373 3.92224
4.63335 1.82501
4.60965 1.99743
4.53922 4.59761
4.53745 3.07304
4.39713 2.54435
4.25989 4.09035
4.21782 3.16817
4.212 3.39116
4.16029 2.9336
3.90651 2.74126
3.9016 3.2761
3.74839 5.26169
3.63602 2.85954
3.62624 3.86604
3.61093 4.56314
3.60245 4.66716
3.59986 2.89288
3.5668 3.03257
3.55764 4.0568
3.48656 4.16366
3.27359 4.09014
3.26186 3.65156
3.23391 3.51207
3.20977 5.1355
3.10889 3.9908
3.06865 3.04514
3.05951 4.23962
2.99279 5.58551
2.93377 4.27292
2.92319 5.79836
2.90777 4.14739
2.86475 6.0956
2.77455 5.162
2.76011 3.28658
2.72141 4.37269
2.72005 5.67347
2.71064 3.9527
2.70066 5.50477
2.69087 4.76305
2.65978 4.23213
2.58665 4.02169
2.55842 5.50752
2.54652 4.96998
2.54295 4.95847
2.53398 4.19363
2.50095 3.99146
2.47817 5.80261
2.42357 5.07788
2.36813 5.54454
2.35793 5.88068
2.32899 6.2487
2.26833 6.07386
2.11404 4.58192
2.04774 7.04961
2.00531 6.28416
1.98146 4.91938
1.97844 6.211
1.89082 5.34743
1.87814 6.26909
1.77482 5.53062
1.75471 5.73583
1.7544 4.91431
1.73734 5.19276
1.72278 5.7602
1.59231 5.10458
1.5505 5.30705
1.53039 4.87086
1.41347 5.63182
1.4029 5.89401
1.38942 5.67203
1.37862 5.96984
1.37762 6.39983
1.32423 7.93579
1.29498 6.36633
1.27819 8.032
1.24529 6.57966
1.22786 6.22746
1.20295 6.33331
1.17392 6.47859
1.16206 6.76197
1.15079 5.10383
1.1376 7.36937
1.07267 5.58736
1.01386 6.43579
0.985983 7.25349
0.981166 7.96455
0.962418 7.96093
0.911804 6.04342
0.74706 6.30945
0.741278 8.77214
0.677573 6.96766
0.61939 8.11206
0.559292 8.33153
0.471436 5.74381
0.466516 8.10837
0.405694 8.31614
0.400371 7.39571
0.359935 6.17606
0.352536 9.93174
0.34012 7.32243
0.328668 9.67648
0.299662 7.28826
0.284997 7.01113
0.276489 7.49783
0.273827 6.39523
0.253837 9.53231
0.242336 6.94615
0.221853 7.91817
0.213279 8.70399
0.17886 9.94594
0.158279 10.203
0.147573 9.9404
0.142446 7.33353
0.141532 10.8694
0.138348 8.33627
0.131112 10.2705
0.112361 8.58062
0.109023 7.18409
0.107351 9.43665
0.0962113 7.35434
0.0956783 8.57198
0.0692141 10.444
0.0538578 9.52366
0.0528463 8.63192
0.0487245 8.49451
0.0441254 9.6667
0.0430371 7.84506
0.0417289 10.9984
0.0390151 8.45532
0.0387661 11.1752
0.0269255 10.9981
0.0213876 10.7972
0.0208945 9.51821
0.0191073 8.91431
0.0186241 11.2413
0.0110731 10.2724
0.00711489 8.29345
0.00636115 7.33885
0.00579154 10.7087
0.00549636 10.4994
0.00172578 7.61078
0.00141141 8.01537
0.00119947 7.93713
0.000792545 8.80864
0.771945 0 0 0.228055 0 
0 0 0 0.695904 0.304096 
0.576611 0.423389 0 0 0 
1 0 0 0 0 
0.195216 0 0.324023 0.480762 0 
0.515962 0.484038 0 0 0 
0.768662 0 0 0.231338 0 
0.53997 0 0 0.0841463 0.375884 
0.525981 0 0.474019 0 0 
0 1 0 0 0 
0 0 1 0 0 
0 1 0 0 0 
0 0 1 0 0 
0 0.529319 0.470681 0 0 
0 0.43534 0.56466 0 0 
0 1 0 0 0 
0 0 0 0.359764 0.640236 
0 0 0 1 0 
0 0 0 1 0 
0 0 0 1 0 
0 0 0 1 0 
0 0 0 0 1 
0 0 0 0.517797 0.482203 
0 0 0 1 0 
0 0.411678 0 0.182144 0.406178 
0.214621 0 0.785379 0 0 
0.83949 0 0 0.16051 0 
0 0 0 1 0 
0 0 0 1 0 
0 0 0.201187 0.798813 0 
0.664499 0 0 0.335501 0 
0 0 0 0 1 
0 0.449785 0.394834 0 0.155381 
0 0 0.536486 0.463514 0 
0.12892 0.307689 0.563391 0 0 
0 1 0 0 0 
0 0 1 0 0 
0 1 0 0 0 
0 0 0 1 0 
0 0 0 1 0 
0 1 0 0 0 
0.480392 0 0 0.519608 0 
0 0 0 1 0 
0 0 0 0 1 
0 0.71537 0.28463 0 0 
0 0.519894 0.480106 0 0 
0 0 0 1 0 
0 0 0.11473 0.88527 0 
0 0 0 0.33241 0.66759 
0 0 1 0 0 
0 0 0 0 1 
0.248988 0 0 0 0.751012 
0 0 1 0 0 
0.308739 0 0.208899 0 0.482362 
0 1 0 0 0 
0.265239 0 0 0.234098 0.500663 
0 0 1 0 0 
0 0 0 1 0 
1 0 0 0 0 
0 0.451277 0 0 0.548723 
0 0 0 1 0 
0.451615 0.548385 0 0 0 
0.607222 0 0 0 0.392778 
1 0 0 0 0 
0 0 1 0 0 
0 1 0 0 0 
0 0 0 1 0 
1 0 0 0 0 
0 0 0 1 0 
0 1 0 0 0 
0 1 0 0 0 
0 0 0 0 1 
0 0.259668 0.334919 0.405413 0 
0.519277 0 0.253559 0 0.227164 
0.407605 0 0 0.592395 0 
0 0.538876 0 0 0.461124 
0 0 0 0 1 
0 0.235926 0 0.764075 0 
0 0 1 0 0 
0 0 0 0 1 
0 0 0 1 0 
0 0 0 0 1 
0 0 0 1 0 
1 0 0 0 0 
0 0 0 0 1 
0 0 1 0 0 
0.703975 0 0.296025 0 0 
1 0 0 0 0 
0 1 0 0 0 
0.234545 0.366172 0 0.399283 0 
0 0 0 1 0 
0.295562 0 0 0.704438 0 
0 0 0.593435 0 0.406565 
0 0 0.353426 0.646574 0 
0 0 0 1 0 
0 0 0 1 0 
0 0 0 0.55714 0.44286 
0 0 0.381883 0 0.618118 
0 0 1 0 0 
1 0 0 0 0 
0 1 0 0 0 
0 0 0 1 0 
1 0 0 0 0 
0 0 0 1 0 
0 1 0 0 0 
0 1 0 0 0 
1 0 0 0 0 
0 0 0 1 0 
0 0 0 1 0 
0 0.417109 0 0 0.582891 
1 0 0 0 0 
0 0.173334 0 0.826666 0 
0 0 0 0 1 
0 0.205973 0 0 0.794027 
0 0 1 0 0 
0 1 0 0 0 
0 0.659966 0 0.340034 0 
0 0 0 0 1 
0 1 0 0 0 
1 0 0 0 0 
0 1 0 0 0 
1 0 0 0 0 
0.18747 0 0.81253 0 0 
0 0 1 0 0 
0 1 0 0 0 
0 0 0 0.553746 0.446254 
0 0 1 0 0 
0 1 0 0 0 
0.691344 0 0 0 0.308656 
0 1 0 0 0 
0 0 1 0 0 
0 0 1 0 0 
0 0 0 1 0 
0 0 0 1 0 
0 0 0 0 1 
0.536071 0 0 0 0.463929 
0 0 0 0.503962 0.496039 
0 0 0 1 0 
0 0 0 0 1 
0 0 0 0.56286 0.43714 
0 0.586968 0.191884 0.221148 0 
0.84758 0.15242 0 0 0 
0 0 0 1 0 
0 0 1 0 0 
0 0 0.250346 0.749654 0 
0 0 0 0.443755 0.556245 
0 0 0 1 0 
0 0 0 1 0 
0 0.508607 0 0.491393 0 
0 0.784416 0.215584 0 0 
0.519713 0 0 0.480287 0 
0 1 0 0 0 
0 0 1 0 0 
0 0 0 0 1 
1 0 0 0 0 
0 0.358452 0.641548 0 0 
1 0 0 0 0 
0 1 0 0 0 
0 0.686996 0.313004 0 0 
0 0 0 0.135635 0.864365 
0 1 0 0 0 
1 0 0 0 0 
0 0 0 1 0 
0 0 1 0 0 
0.327909 0.672091 0 0 0 
0 0 1 0 0 
0.57421 0.42579 0 0 0 
0 0 0 1 0 
1 0 0 0 0 
0 0 0 0.461948 0.538052 
0 0 0 1 0 
0.365285 0 0 0.260685 0.37403 
0.563003 0 0.436997 0 0 
0 0 0 1 0 
1 0 0 0 0 
0 0 0 0 1 
0 0.253703 0.213807 0.179019 0.35347 
0 0.785588 0.214412 0 0 
0 0.437953 0 0.562047 0 
0 0.514323 0 0 0.485677 
0 1 0 0 0 
0 1 0 0 0 
0 0 0 1 0 
0 0.41107 0 0 0.58893 
0 0 0.149373 0.50581 0.344818 
0.249331 0.275602 0 0 0.475066 
1 0 0 0 0 
0 0 0 0 1 
0.322994 0 0.677006 0 0 
0 0 0.369477 0.390665 0.239859 
0 0.517994 0 0.482006 0 
0 0 0 0.534185 0.465814 
0 0 0 0 1 
0 0 0 1 0 
1 0 0 0 0 
0 0 0.339797 0.660203 0 
0.568449 0 0.431551 0 0 
0 0 0.288617 0 0.711383 
1 0 0 0 0 
0 0 0.603273 0.396727 0 
