5 150
0.442236
0.594783
0.664762
0.41773
0.383045
10.999 0.293349
10.6919 0.806912
10.3599 0.707788
9.94854 0.617971
9.44914 0.967498
9.35096 0.209073
8.87801 0.56274
8.79824 0.569831
8.70459 0.338746
8.66325 0.263935
8.33009 0.908692
8.13958 1.74881
7.76812 2.26614
7.64221 0.795748
7.40597 1.11725
7.29327 2.19168
7.2738 2.20253
7.13869 1.07374
7.10284 2.75326
6.76439 2.22851
6.59114 0.76646
6.44667 1.27693
6.26864 2.52548
6.07338 2.49551
5.99025 2.13957
5.83242 3.07534
5.73715 2.87023
5.69894 1.41697
5.69653 3.32279
5.66418 2.27882
5.59329 2.18027
5.55445 3.12518
5.50694 1.80538
5.3033 3.67018
5.16005 3.21057
5.14032 3.30738
5.13169 2.61164
4.98655 3.28
4.9204 3.43609
4.9186 3.06105
4.90183 2.37291
4.78471 2.49893
4.6121 2.28499
4.58615 2.86559
4.47931 4.23397
4.27732 2.43448
4.11469 4.85579
4.08921 3.16362
4.06253 3.04809
3.93391 3.48271
3.92658 4.86896
3.77139 4.20177
3.74211 3.2232
3.71646 3.60923
3.67873 3.99372
3.6242 5.31992
3.55032 4.34653
3.34776 4.67433
3.33106 4.28971
3.3045 3.09874
3.28801 4.39983
3.21538 3.46239
3.17312 3.0144
3.16616 5.45593
3.07579 3.38489
3.07052 4.89749
3.06684 4.6873
2.87398 5.46264
2.8404 5.91271
2.79769 6.02542
2.78145 4.63363
2.6228 4.96058
2.62235 3.71752
2.53031 3.7789
2.46121 4.19909
2.42176 4.02739
2.42034 5.94247
2.35622 5.6427
2.33789 6.19452
2.27713 4.24321
2.24946 4.21584
2.17617 5.88891
2.17204 4.93171
2.12697 4.40878
2.12527 4.48815
2.10816 3.92452
2.09843 5.66277
2.08526 4.60758
2.0421 5.55809
2.01683 6.82952
1.99769 4.91709
1.95434 4.82617
1.94906 6.05422
1.92535 7.20207
1.82559 5.67825
1.79834 4.78349
1.79074 4.65923
1.78348 6.05918
1.77864 4.68915
1.72718 6.92538
1.50526 6.47918
1.50288 4.31759
1.46041 5.05258
1.45784 5.7075
1.366 4.73551
1.2932 4.78418
1.26034 6.59447
1.16101 4.95581
1.16074 5.40418
1.1264 7.70822
1.03632 6.66203
1.02518 5.93678
0.916555 8.41913
0.899246 7.80008
0.843092 8.97692
0.665967 8.40464
0.655639 6.45973
0.648506 6.54923
0.635001 8.58833
0.632355 6.54116
0.612613 5.71667
0.611935 6.49962
0.601564 6.93831
0.585286 7.40853
0.571883 8.02853
0.549409 6.77038
0.547255 6.55616
0.54613 7.13692
0.542015 6.24616
0.504996 9.70008
0.503589 5.7148
0.491934 5.99891
0.410983 9.50132
0.379194 5.97822
0.350074 6.35207
0.315198 9.25431
0.275519 10.4889
0.266 10.3356
0.250516 9.44271
0.241115 8.08256
0.204944 9.26349
0.155031 6.84034
0.138066 9.3549
0.0806744 7.56789
0.0419592 9.85714
0.0369462 7.98119
0.0367396 11.6088
0.0209596 11.7087
0.00245651 9.51706
0.00125645 9.96852
0.302981 0.312376 0.25748 0 0.127163 
0 0.166856 0.833144 0 0 
0 1 0 0 0 
0 0 0 0.528149 0.471851 
0 1 0 0 0 
0.249174 0.484753 0 0.266073 0 
0 0 0 1 0 
0 0 0 0.175368 0.824632 
0.147566 0.679192 0.173242 0 0 
0.496787 0 0 0 0.503213 
0 0 0.120828 0.444871 0.4343 
0 0 0 1 0 
0 0 0 0 1 
0 0.218658 0 0 0.781342 
0 0.616414 0.383586 0 0 
0 0.599005 0 0.400995 0 
0.504792 0 0.221296 0.273912 0 
0 0.205859 0 0 0.794141 
0.104635 0.379054 0.338359 0 0.177952 
0 0.645443 0 0 0.354557 
0 0.486628 0 0 0.513372 
0.48792 0 0.51208 0 0 
0.363536 0.409476 0.226988 0 0 
1 0 0 0 0 
0 0 0 1 0 
0 0 0 0 1 
0 0 0 0 1 
0 0 0 1 0 
0.820733 0.179267 0 0 0 
0.543711 0 0 0.456289 0 
0 0.436326 0.563674 0 0 
0 0.568485 0 0 0.431515 
0.482381 0 0 0.517619 0 
0.337858 0.176715 0.201551 0.167475 0.116402 
0.351713 0 0 0.286796 0.361492 
0 0.575454 0.424546 0 0 
0 1 0 0 0 
0.820066 0 0 0.179934 0 
0 0 0 0 1 
0 0.348614 0 0.422065 0.229321 
0.426989 0 0 0 0.573012 
0 0 0 0 1 
0 0 0.634878 0.365122 0 
0.37769 0 0.62231 0 0 
0.561115 0.293616 0 0 0.145268 
0.572937 0 0 0 0.427063 
0 0 1 0 0 
0 0 0.621117 0.378883 0 
0.355188 0 0.644812 0 0 
0 0.540281 0 0.459719 0 
0 0.338035 0.661965 0 0 
0 0.310232 0 0.40008 0.289687 
0.30292 0 0.372093 0 0.324987 
0 0.145935 0 0.854065 0 
0 0 0 0 1 
0.190471 0 0 0.809529 0 
0 1 0 0 0 
0.344252 0 0.297278 0 0.35847 
0.364302 0 0.635698 0 0 
0 0 0 0 1 
0.232056 0.599293 0 0 0.168651 
0 0.439461 0.560539 0 0 
0 0 0 0.423435 0.576565 
0 0 0.11651 0.272661 0.610829 
0.300234 0.166201 0 0.28844 0.245125 
0 0 0.702753 0.297247 0 
0 0.242884 0 0 0.757116 
0 0.370968 0 0.629032 0 
0 1 0 0 0 
0 0.404274 0 0.105781 0.489946 
0 0.422312 0.577688 0 0 
0.273182 0.212684 0.379899 0 0.134235 
0 0 1 0 0 
0.336187 0 0.141564 0.39708 0.125168 
0 0 0 0.295832 0.704168 
0 0 1 0 0 
0 1 0 0 0 
0 0.22484 0 0.77516 0 
0 0 0 1 0 
0.171806 0 0.828194 0 0 
0 0 0 1 0 
0 0 0 0.596242 0.403758 
0 0 0 0.677237 0.322763 
0.859353 0.140647 0 0 0 
0 0 0 0.647951 0.352049 
0.433805 0.250025 0 0.31617 0 
0 1 0 0 0 
0.455827 0 0.544173 0 0 
0.178036 0 0 0.206995 0.614969 
0 0 0.335531 0.251051 0.413419 
0 0 0 1 0 
0.671511 0.328489 0 0 0 
0 0 0 0.428322 0.571678 
0.446226 0.553774 0 0 0 
0 0.383213 0.401127 0.21566 0 
0 0 0.760835 0 0.239165 
0 0.520532 0 0 0.479468 
0.360737 0 0.149623 0.16825 0.32139 
0 0.392716 0.607284 0 0 
0 0.305693 0 0 0.694307 
0.348182 0 0.0705461 0.329092 0.25218 
0 0.222192 0 0 0.777808 
0.155353 0.844647 0 0 0 
1 0 0 0 0 
0 0 0 1 0 
0.679633 0.320367 0 0 0 
0.503065 0 0.496935 0 0 
0.312293 0 0 0 0.687707 
0.835217 0.164783 0 0 0 
0 0.514493 0 0.485507 0 
0.513554 0 0 0 0.486446 
0 0.717074 0 0 0.282926 
0 0 0 1 0 
0.534477 0.465523 0 0 0 
0 0 1 0 0 
0 0 0 1 0 
0 0 1 0 0 
0 0 0 1 0 
1 0 0 0 0 
0 0 0 0 1 
0 1 0 0 0 
0.533835 0 0 0.466165 0 
0 0 0 0 1 
0 1 0 0 0 
0.522224 0 0.117823 0.198367 0.161586 
0.22131 0 0.111044 0.192329 0.475318 
0 0 0 1 0 
0 0 0.288474 0 0.711526 
0 0 1 0 0 
0.725863 0 0 0 0.274137 
0.39206 0 0.320063 0.287877 0 
0.173081 0.381106 0 0.445813 0 
0 1 0 0 0 
0 0.415122 0.584878 0 0 
0.250633 0.240187 0 0 0.509179 
0 0 1 0 0 
0.166804 0 0.699033 0 0.134164 
0 0 0.685847 0.314153 0 
1 0 0 0 0 
0.380236 0 0.526719 0 0.0930449 
0 0 0 1 0 
0.272136 0.727864 0 0 0 
0 0.181035 0 0.462463 0.356503 
0.342853 0 0.657147 0 0 
0 0 0 0 1 
0 0.753642 0.246358 0 0 
0.368292 0 0 0 0.631708 
0.572448 0.427552 0 0 0 
0 0 0 0 1 
0 0.725145 0 0 0.274855 
