5 50
0.433828
0.538354
0.45423
0.31299
0.283494
11.9289 0.172348
8.70979 1.82316
8.6848 0.759017
8.64382 0.103163
8.44177 1.29481
8.32037 0.736685
7.94906 0.243734
7.88091 0.93542
7.64433 0.0815385
7.24312 2.70554
7.16144 2.04982
6.69857 1.95765
6.52945 1.83316
6.217 2.86791
6.20186 1.65552
5.54366 3.58439
3.96946 2.77117
3.90887 4.84532
3.80161 5.38784
3.15326 4.64423
3.00703 4.87139
2.34698 4.09083
2.23954 5.32039
2.04523 4.23349
1.70788 5.16846
1.64836 5.55792
1.54957 7.41248
1.46058 7.03674
1.40265 6.51415
1.27573 6.90877
1.19626 6.52964
1.13446 6.9688
1.10491 6.06777
1.07291 6.36388
0.748338 8.58199
0.622259 7.7088
0.569042 8.24918
0.443361 8.42972
0.409661 8.39071
0.363305 7.34059
0.36259 9.14382
0.320142 9.23067
0.201745 8.28779
0.128648 7.37695
0.0853297 11.0719
0.0831659 9.64908
0.0309228 7.17682
0.0205831 10.958
0.00964725 10.6678
0.00864392 11.9977
0 0 0 0 1 
0 0 0 0 1 
1 0 0 0 0 
0 0 1 0 0 
1 0 0 0 0 
1 0 0 0 0 
0.811053 0 0.188947 0 0 
0 0 0.580144 0 0.419856 
0 1 0 0 0 
0 1 0 0 0 
0 0 0 0 1 
1 0 0 0 0 
0 0 0.65892 0 0.34108 
1 0 0 0 0 
0.344584 0 0 0 0.655416 
0.0524496 0.342461 0.273314 0 0.331776 
1 0 0 0 0 
1 0 0 0 0 
0 0 1 0 0 
0 0 1 0 0 
0.565847 0 0 0 0.434153 
1 0 0 0 0 
0.313117 0.353272 0 0.333611 0 
0 0 0 0 1 
0.81167 0.18833 0 0 0 
0 0 0.558834 0 0.441166 
0 0 1 0 0 
0 0.724806 0.275194 0 0 
1 0 0 0 0 
0 0.272638 0 0 0.727362 
0.622671 0 0 0.377329 0 
0.285073 0 0 0.34343 0.371497 
0 0.669187 0 0.330813 0 
0 0 0 0.570816 0.429184 
0.800452 0 0.199548 0 0 
0 0.267892 0 0 0.732108 
0 1 0 0 0 
0 0 0.437496 0.562504 0 
1 0 0 0 0 
0 0 1 0 0 
0 1 0 0 0 
1 0 0 0 0 
1 0 0 0 0 
1 0 0 0 0 
1 0 0 0 0 
0 0.49172 0.50828 0 0 
0 1 0 0 0 
0 0 0 0.437028 0.562972 
0 0 0 0 1 
0.514122 0.485878 0 0 0 
