5 50
0.556955
0.691313
0.578547
0.490074
0.453558
11.7374 0.192319
8.83076 0.372069
7.74252 0.525547
7.24609 1.35367
7.13076 2.3713
6.43555 2.5651
5.97256 2.71642
5.18914 2.44405
3.59941 5.07766
3.1837 3.18425
3.11367 5.89015
2.78472 3.65538
2.73388 4.72279
2.70516 4.85023
2.48007 5.41774
2.40464 4.01207
2.20564 6.72147
2.12113 4.29157
1.92274 3.88623
1.83687 4.25668
1.73848 4.69178
1.7177 6.7669
1.67822 6.59036
1.35349 5.34136
1.25687 6.84824
1.17129 7.6055
1.147 5.16802
0.961212 5.69283
0.861448 6.93902
0.740453 6.04221
0.710782 8.60142
0.641052 5.99636
0.629593 6.05503
0.564855 7.42233
0.552841 8.40657
0.504781 7.14818
0.375249 8.23912
0.334128 7.84951
0.308173 9.54571
0.273414 8.60884
0.264436 9.06828
0.125917 8.89316
0.0819591 7.32378
0.0796529 8.26539
0.0636091 7.81454
0.0257428 8.17419
0.0247801 8.39529
0.017002 11.562
0.00480603 8.48746
0.00159554 11.7282
0.509839 0.490161 0 0 0 
0.495692 0 0 0.504308 0 
0 0 0.365538 0 0.634462 
0.36022 0 0 0.267348 0.372433 
0 0 0 0 1 
0.386717 0 0 0.456659 0.156624 
0 0 0.621131 0.378869 0 
0 0.498753 0 0.501247 0 
0 0 0 0.378709 0.621291 
0.092483 0.0761458 0.472291 0.273303 0.085778 
0 1 0 0 0 
0 0 1 0 0 
0.236187 0 0 0.763813 0 
0 0 0 0 1 
1 0 0 0 0 
0 0 0 0 1 
0 0 0.563276 0.436724 0 
0.797947 0 0 0.202053 0 
0 1 0 0 0 
0.226668 0 0.450493 0 0.322839 
0.633009 0 0 0.366991 0 
0 0.523625 0 0.476375 0 
0 0.209173 0 0.790827 0 
0 0 0 0.187181 0.812819 
0.343841 0.249399 0 0 0.40676 
0 0 1 0 0 
0 0 0 1 0 
0.30554 0.313845 0.380616 0 0 
0 0 0 0 1 
0 0 0 0 1 
0 0.291437 0 0.708563 0 
0.860632 0 0 0.139367 0 
0.444696 0.440448 0 0.114857 0 
0 0.136295 0.619991 0.0978739 0.145841 
0 0.151959 0.848041 0 0 
0.0932397 0.366767 0.539993 0 0 
0 0 1 0 0 
0 0.25457 0 0 0.74543 
0.115944 0 0 0.884056 0 
0 0.249445 0 0.750555 0 
0 0 0 0 1 
0 0.634524 0 0 0.365476 
0.506743 0 0.493257 0 0 
0.175885 0 0.824115 0 0 
0 0.87171 0 0 0.12829 
0.411076 0.185362 0 0.403562 0 
0 0.143509 0 0 0.856491 
0 0 0 0.559175 0.440825 
0.523189 0 0.236648 0 0.240163 
0 0 1 0 0 
