5 200
0.343356
0.620922
0.275101
0.638791
0.45838
11.562 0.251192
11.0773 0.366831
10.9447 0.189129
10.7147 0.497716
10.2339 0.901618
10.1722 0.231642
10.0233 0.304612
9.89138 0.579321
9.80623 1.04924
9.64233 0.40291
9.6314 0.3931
9.49284 1.1531
9.17692 1.63749
9.1553 1.36817
8.93643 0.631
8.81803 0.133879
8.79806 0.690718
8.79718 0.24368
8.74802 0.176831
8.71142 0.829157
8.47171 1.82901
8.38835 1.1548
8.24152 1.73533
8.01104 1.92079
7.90041 1.06552
7.81715 1.78624
7.62307 0.800127
7.58711 2.25552
7.24202 1.06388
7.16517 1.73161
7.02085 2.20687
6.96962 1.76914
6.89476 2.18632
6.77935 0.983567
6.77268 0.904265
6.754 2.66314
6.64771 0.811423
6.62233 1.48186
6.32823 0.903863
6.07814 1.71313
6.05977 1.85667
5.84145 3.0423
5.72602 2.40877
5.67329 3.1002
5.64827 1.42705
5.48159 2.1635
5.46696 2.48263
5.45803 3.61711
5.41241 1.77348
5.39393 2.35742
5.32922 3.47031
5.31001 2.58135
5.18088 3.46886
4.99209 2.70747
4.95359 2.54781
4.74256 2.37423
4.69904 2.53584
4.61315 2.83972
4.58855 3.491
4.54596 4.78643
4.51664 2.94765
4.43513 2.25957
4.43282 2.7051
4.39411 3.43817
4.37072 4.29264
4.31414 4.43752
4.24191 2.74079
4.2403 4.37396
4.15981 3.15421
4.08111 3.42349
4.0449 3.38945
3.94002 2.733
3.92449 2.67207
3.87652 3.03886
3.86888 3.8103
3.86771 3.82207
3.68285 3.53786
3.65706 4.66496
3.58554 2.49059
3.51852 4.05633
3.25206 5.35278
3.18521 2.90267
3.1738 5.46658
3.14868 6.02462
2.95632 3.5278
2.94079 5.45376
2.92478 3.86968
2.86123 5.32084
2.8077 5.94818
2.78807 4.9852
2.77154 4.11487
2.74598 3.84571
2.74035 4.1424
2.69896 6.00763
2.69846 5.49384
2.66472 4.78427
2.61218 6.0001
2.60108 4.12007
2.53748 3.52752
2.50788 3.98203
2.50716 5.13887
2.37975 6.37652
2.36778 4.44681
2.36427 3.69964
2.36273 5.35802
2.18345 4.85381
2.17215 5.31794
2.17068 4.2483
2.13705 4.03596
2.1006 4.7201
2.09895 5.09569
1.84526 3.97541
1.83464 7.33573
1.82222 6.07709
1.7888 5.97049
1.75743 7.35121
1.74413 4.99792
1.72788 5.45134
1.65972 4.52439
1.64251 4.82371
1.62451 5.14851
1.58635 5.56007
1.55347 6.99821
1.53443 6.19865
1.4047 6.83868
1.40054 4.73136
1.39733 7.45805
1.37617 6.21032
1.31054 7.82375
1.29976 6.6201
1.29788 5.33853
1.27158 8.37395
1.25479 5.77827
1.12402 7.58941
1.09263 8.373
1.07477 7.82882
1.03563 7.13879
1.03125 5.18097
1.01349 6.20311
0.982754 8.31588
0.980122 7.27352
0.963445 6.81397
0.897415 6.40828
0.883875 5.43537
0.882828 5.83394
0.863959 7.61992
0.809207 7.93463
0.807998 6.90835
0.793806 7.9946
0.79224 5.84448
0.733232 7.327
0.683787 7.02583
0.665647 7.44593
0.608855 8.25969
0.576604 8.27771
0.499555 9.66343
0.499011 7.61547
0.489497 7.57548
0.474942 9.19184
0.474286 8.08093
0.442188 10.0809
0.426871 8.0079
0.419495 7.73523
0.412169 8.46878
0.401594 6.44401
0.400895 7.07776
0.361908 9.74872
0.342239 6.27822
0.328426 9.57716
0.294303 7.66362
0.289399 7.13651
0.276138 6.66653
0.257974 7.42722
0.18831 7.43152
0.179003 9.23374
0.169051 8.28014
0.158927 9.24143
0.156359 9.71391
0.125762 7.34728
0.122464 8.64216
0.119671 10.4188
0.115255 7.77614
0.109479 8.60564
0.108419 8.19331
0.107104 8.64978
0.104271 7.7657
0.0978447 11.1823
0.0944383 7.9957
0.0780572 7.68403
0.069555 9.72604
0.0653266 8.08215
0.0387775 10.8747
0.0359405 9.61135
0.0355253 7.97849
0.0164922 11.3828
0.013568 9.22066
0.00976109 8.28066
0.00672051 10.2918
0.00629121 8.95006
0.00480855 11.5658
0 0 0.435156 0.564844 0 
0 0.477361 0.469518 0.0531212 0 
0.487396 0.512604 0 0 0 
0 0.365796 0 0.262264 0.37194 
0.334869 0 0.665131 0 0 
1 0 0 0 0 
1 0 0 0 0 
0 0 0.661964 0.151914 0.186122 
0 1 0 0 0 
0 0.473549 0.526451 0 0 
0 0.187337 0.43333 0.379334 0 
0 0 0.45825 0 0.54175 
0 0 0.490706 0 0.509294 
0.198578 0.579698 0 0.221724 0 
0.461294 0.240758 0 0.297947 0 
0.267464 0 0 0.732536 0 
0 0 0 1 0 
0 0.342258 0.0519382 0.428721 0.177083 
0.549934 0 0.450066 0 0 
0 0 0.381859 0 0.618141 
0 0 0.459666 0.366203 0.174131 
0.176311 0 0.151744 0.508374 0.163571 
0 0 0 0.375641 0.624359 
0.40277 0 0 0.0837989 0.513431 
0.34672 0 0 0.428537 0.224743 
0 0 0 0.656239 0.343761 
0.45786 0 0.54214 0 0 
0 0 0.730025 0 0.269975 
0.290504 0 0.218794 0.25104 0.239662 
0 0.443655 0 0.344108 0.212237 
1 0 0 0 0 
0 0 0.713573 0.286427 0 
0 0 0.498272 0.19095 0.310778 
0 0.506418 0.493582 0 0 
0.346051 0 0 0 0.653949 
0 0 0 0 1 
0.572132 0.263699 0 0 0.164169 
0.782967 0 0 0.217033 0 
0.47715 0.449518 0 0.0733326 0 
0.216481 0 0.301184 0.482335 0 
0 1 0 0 0 
1 0 0 0 0 
0.375538 0.331773 0.202177 0 0.0905114 
0.399868 0 0 0 0.600132 
0.283227 0 0 0.0977487 0.619024 
0.286709 0.548606 0 0 0.164686 
0.408798 0 0.289019 0 0.302183 
0 0 1 0 0 
0 0.289371 0 0.710629 0 
0 0 0 1 0 
0 0 1 0 0 
0 0.615068 0 0.384932 0 
0 0 0.702993 0 0.297007 
0 0 0 0.263456 0.736544 
0.370918 0.397062 0 0.23202 0 
0 0 0 0 1 
0.421398 0 0 0 0.578602 
0.252671 0 0.368532 0 0.378797 
0 0.48438 0 0.51562 0 
0.0808461 0.684011 0 0.235143 0 
0.353645 0 0 0.170751 0.475604 
0 0 0 0 1 
0.257897 0.401422 0.151776 0.188905 0 
0 0.0852336 0.474918 0.439848 0 
0 0.404906 0 0.346243 0.248852 
0 0 0.50733 0 0.49267 
0.811114 0 0.188886 0 0 
0 0 0 0.831546 0.168454 
0.235056 0.368086 0 0 0.396858 
1 0 0 0 0 
0.369533 0 0.277654 0.210047 0.142766 
0.433558 0.466546 0.0998958 0 0 
0.40399 0.174221 0 0.182193 0.239596 
0 0 0.547057 0.452943 0 
0.188985 0 0.327903 0.0687776 0.414334 
0 0.496852 0 0 0.503148 
0 0 0.489224 0 0.510776 
0.7928 0.2072 0 0 0 
0.0891175 0 0.46479 0.17089 0.275203 
0 0.586539 0 0.413461 0 
0.509204 0 0.490796 0 0 
0.519233 0 0 0 0.480767 
0 0.192476 0.294412 0.190206 0.322906 
0.271502 0 0.251477 0.175913 0.301108 
0.0789346 0.0995416 0.401728 0.419795 0 
0.117965 0.224217 0.226843 0.275221 0.155754 
0.111512 0.415402 0 0.244239 0.228846 
1 0 0 0 0 
0 0.172933 0.467059 0.360009 0 
0.169552 0 0.366949 0.377491 0.0860077 
0 0 0 1 0 
0.289557 0.39504 0 0 0.315403 
0.504014 0.277614 0 0 0.218372 
0.205784 0 0 0.395866 0.39835 
0.223531 0.19055 0 0.274843 0.311076 
0.332627 0 0.207743 0.202359 0.257272 
0 0.269834 0.730166 0 0 
0 0 0 0 1 
0 0.13925 0.335191 0 0.525559 
0.332537 0.299133 0 0 0.36833 
0 0.734919 0 0.265081 0 
0 0.52236 0 0.47764 0 
0.207592 0.2899 0 0 0.502509 
1 0 0 0 0 
0 0.25849 0 0.74151 0 
0 0.342855 0 0.377726 0.279419 
0 0.49488 0 0 0.50512 
0.35039 0.509565 0 0 0.140045 
0.156446 0.710808 0 0 0.132746 
0.57134 0 0.42866 0 0 
0.281535 0 0.253184 0.465281 0 
0.055983 0.155994 0.215749 0.380146 0.192128 
0 0 0.672718 0.327282 0 
0 0.0660046 0.443353 0.490642 0 
0.0927494 0.194449 0 0.712801 0 
0 0 0 0.341441 0.658559 
0.161248 0 0 0 0.838752 
0 0.181474 0 0 0.818526 
0 0.577605 0 0.110442 0.311954 
0.305847 0.16222 0 0 0.531933 
0.50649 0 0 0 0.49351 
0 0.841152 0.158848 0 0 
0 0.453793 0 0 0.546206 
0.532195 0 0 0 0.467805 
0.363235 0.3856 0.251165 0 0 
0.364585 0 0.635415 0 0 
0 0 0 1 0 
0 0 0.546375 0.453625 0 
0 0 0 0 1 
0.625546 0 0 0 0.374454 
0 0 1 0 0 
0 0.484113 0 0 0.515887 
0.132461 0.867539 0 0 0 
0 0.142072 0 0.111475 0.746453 
0 1 0 0 0 
0.301441 0 0.205431 0.265738 0.22739 
0.437823 0.425283 0.136894 0 0 
0.65387 0 0 0 0.34613 
0 0.0697535 0.309196 0.231867 0.389184 
0.439617 0 0 0.560383 0 
0.691918 0.0953629 0 0.212719 0 
0.524925 0 0 0.475075 0 
0.182841 0 0 0 0.817159 
0 0.505658 0.123875 0.370467 0 
0 0 0.647758 0.352242 0 
0.314815 0.316465 0 0.300733 0.0679862 
0 0 0.57337 0.42663 0 
0 0 0.520769 0.479231 0 
0.755601 0 0 0.244399 0 
0.369574 0.323093 0.195536 0.111797 0 
0 0 0 0 1 
0 0.702508 0.217805 0 0.0796869 
0.208023 0 0 0.221939 0.570038 
0.394963 0.149462 0 0.0947255 0.360849 
0.672624 0 0 0 0.327376 
0 0 0.314426 0.685574 0 
0 0 0.073934 0.460193 0.465873 
0.521256 0.311631 0.167113 0 0 
0.0973842 0 0.574902 0.153499 0.174214 
0 0.21853 0 0.78147 0 
0 0.0761921 0 0.457433 0.466375 
0 0.356917 0 0.325916 0.317167 
0.278618 0 0.404298 0 0.317084 
0 0 1 0 0 
0 0.578567 0.421433 0 0 
0 1 0 0 0 
0 0 0.380012 0.619988 0 
0 0.28468 0.303627 0 0.411693 
0 0 1 0 0 
0 0 0 1 0 
0.329365 0.0381497 0.328352 0 0.304133 
0 0.323319 0.122584 0.413187 0.14091 
0.710012 0 0 0 0.289988 
0.264506 0.345538 0.389956 0 0 
0.481557 0 0 0 0.518443 
1 0 0 0 0 
0.567102 0 0.352666 0.0802328 0 
0.489065 0 0.122754 0 0.388181 
0 0.10073 0 0.422565 0.476705 
1 0 0 0 0 
0 0 0.645187 0.354813 0 
0.356557 0.288644 0.172646 0.134233 0.0479192 
0.392347 0.466363 0 0 0.14129 
0.100911 0.326556 0 0 0.572533 
0 0.117206 0 0.882794 0 
0 0 0.392608 0.607392 0 
0.358838 0 0.278311 0.362851 0 
0.360017 0.170225 0.357318 0.11244 0 
0 0 1 0 0 
0.206979 0 0.42331 0 0.369711 
0.123276 0.219812 0 0.239487 0.417425 
0.215361 0.784639 0 0 0 
0.237951 0.350555 0 0.411494 0 
0.229341 0.213681 0.120929 0.31561 0.120438 
0.160625 0.661588 0.177787 0 0 
0.10284 0.311877 0.335283 0.25 0 
0 0 0.587642 0 0.412358 
0 0 0.401727 0 0.598273 
0.618661 0.181449 0.199891 0 0 
0 0.53862 0.46138 0 0 
