5 150
0.494377
0.715041
0.255493
0.69641
0.427725
11.331 0.126803
10.473 0.667883
8.96277 0.427449
8.87189 1.12196
8.45029 0.249037
8.42023 0.871048
8.31466 1.70541
8.06051 1.15894
7.90173 0.533766
7.84463 1.04458
7.75953 1.81763
7.66617 0.996271
7.61627 2.089
7.39013 1.29375
7.37647 0.812691
7.21504 1.16916
7.13639 1.65205
7.09418 1.55844
6.94783 0.81868
6.94097 1.64373
6.92577 2.71729
6.90664 0.381703
6.86525 1.92043
6.84896 1.29862
6.68148 2.71888
6.66213 2.98054
6.19502 2.40349
6.14059 1.56173
6.08928 3.13318
6.07994 2.5582
6.04344 2.92273
5.66141 1.8821
5.57741 3.06565
5.50834 2.50932
5.36266 3.36564
5.24444 3.44704
5.09355 3.31331
5.06842 3.5308
5.03585 1.74484
4.93507 4.03295
4.87008 2.09362
4.81102 3.33696
4.57369 4.41865
4.15577 2.72755
4.15188 4.22945
3.99953 3.54256
3.86094 2.677
3.85706 3.91146
3.85104 3.66012
3.76518 3.46411
3.75144 3.42811
3.67488 3.55366
3.61981 4.40752
3.59104 3.65156
3.42827 3.06854
3.35941 3.01913
3.29573 3.86702
3.23419 5.64105
3.21474 3.77806
3.18286 4.2415
3.18071 4.88116
3.12653 5.12021
2.95709 4.63022
2.92166 4.07335
2.88569 3.93163
2.79647 5.18852
2.7403 3.41071
2.47161 5.35792
2.38429 4.83066
2.32146 4.9741
2.26798 5.29505
2.21929 5.82832
2.20591 6.15611
2.19258 4.77655
2.10628 5.77388
1.97314 4.4063
1.95304 4.81933
1.88175 4.54955
1.86482 7.2307
1.86182 5.11669
1.84438 4.32016
1.80293 6.35214
1.78537 5.53951
1.72703 4.68465
1.70595 5.4233
1.67622 6.21079
1.63249 6.56734
1.61778 6.02253
1.60838 6.68374
1.55318 5.3443
1.48253 7.08033
1.35559 5.40568
1.33919 4.86823
1.32405 8.35869
1.26069 5.91408
1.20558 7.59821
1.20255 7.0751
1.20187 7.30941
1.13483 8.37463
1.11169 6.39159
1.04849 7.42292
1.00131 8.32873
0.984234 6.51725
0.940144 5.29516
0.9343 8.31093
0.932217 7.65397
0.931652 5.51528
0.874782 5.89294
0.861153 6.70079
0.803934 7.37941
0.802592 8.90924
0.76796 5.37116
0.75905 8.17844
0.699238 6.79238
0.697181 6.27192
0.682638 6.61801
0.654516 6.33833
0.623325 6.67691
0.52134 6.93679
0.508003 7.85398
0.503645 6.66682
0.440832 7.26145
0.404763 6.80036
0.329974 6.9661
0.328514 6.08293
0.300536 9.15501
0.263253 7.5007
0.238653 9.09813
0.205921 7.26372
0.157294 9.96958
0.157033 7.01337
0.111726 9.3036
0.0998598 9.41649
0.0944257 9.12666
0.0650166 9.03823
0.0644949 10.3537
0.0539427 11.3373
0.0352002 7.11332
0.0318803 7.98625
0.0291115 8.93196
0.0240457 11.4139
0.0223533 7.84586
0.0222065 8.92319
0.0145428 8.63309
0.0112767 7.85936
0.0103158 11.8084
0.00601968 7.91517
0.00360825 10.5943
0.00277649 8.40944
0.00226293 7.6787
0 0.4473 0 0.5527 0 
0 0.137533 0.862467 0 0 
1 0 0 0 0 
0.454407 0.545593 0 0 0 
0 0.173395 0.826605 0 0 
0 0.347588 0.36739 0 0.285022 
0 1 0 0 0 
0 0.30156 0.366086 0 0.332354 
0 0 0 0 1 
0 0 1 0 0 
0 0.277408 0.722592 0 0 
0.522623 0.477377 0 0 0 
0 0 0 0.30636 0.69364 
0.22269 0.368787 0.124303 0.284221 0 
0 0 0.356033 0 0.643967 
0.307207 0 0.458361 0.234432 0 
0.40862 0 0 0.061209 0.530171 
0.304483 0.310959 0 0.384559 0 
0 0 0.454976 0 0.545024 
0.713497 0 0 0.203149 0.0833544 
0 0 0.227301 0 0.772699 
0 0.462923 0 0.537077 0 
0.272347 0.34876 0 0.150144 0.228749 
0 0.34298 0.65702 0 0 
0 0 1 0 0 
0.316947 0.40518 0 0.277873 0 
0 1 0 0 0 
0 0 0 0.428061 0.571939 
0 0.355445 0.644555 0 0 
0.379491 0 0.620509 0 0 
0 0.498733 0.501267 0 0 
0 0 1 0 0 
0 0 0 1 0 
0 0.420228 0 0.116626 0.463147 
0 0.498307 0.501693 0 0 
0.299955 0.232178 0 0 0.467867 
1 0 0 0 0 
1 0 0 0 0 
0 0 0.373769 0 0.626231 
0 0 1 0 0 
0 0 0 0 1 
0 1 0 0 0 
0.260042 0 0 0 0.739958 
0.356852 0.12063 0 0.522518 0 
0 0 0 0 1 
0.222948 0 0 0.369577 0.407475 
0 0 0 0 1 
0 1 0 0 0 
0.756374 0 0.243626 0 0 
0 0.390829 0.0542588 0.116832 0.438081 
0 0 0.388501 0 0.611499 
0 0.5496 0 0.4504 0 
0.596173 0 0 0.403827 0 
0 0 0.8318 0.1682 0 
1 0 0 0 0 
0 0 0 0 1 
0 0.381899 0 0 0.618101 
0 0.115293 0.191157 0 0.69355 
0 0 0 1 0 
0 0 0 0 1 
0.264861 0.735139 0 0 0 
0 0 0 0 1 
0 0 0 0 1 
0.38008 0 0.449036 0.170884 0 
0 0.49244 0.50756 0 0 
1 0 0 0 0 
0.119619 0.775144 0 0 0.105236 
0 0.559635 0.440365 0 0 
0.380763 0.619237 0 0 0 
0 0 0 1 0 
0 1 0 0 0 
0 1 0 0 0 
0 0 0.749471 0.250529 0 
0 0 0 0.364908 0.635092 
0 0 1 0 0 
0 0 0 1 0 
0.387158 0 0 0.400001 0.212841 
0 0.675638 0 0 0.324362 
0 0 1 0 0 
0 0.681874 0 0 0.318126 
0 0 1 0 0 
0 0.324365 0 0 0.675635 
0 0.69829 0 0 0.30171 
0.554684 0 0 0.445316 0 
0.227383 0.272248 0.264124 0.236246 0 
0 0 0 1 0 
0 0 0.21809 0.78191 0 
0.737416 0 0 0.262584 0 
0.125729 0 0.874271 0 0 
0 0.168075 0 0 0.831925 
0 0.53706 0 0 0.46294 
0 0.215769 0.42848 0.355751 0 
0 0 0.106585 0.893415 0 
0.579207 0 0 0 0.420793 
0 1 0 0 0 
0.14776 0.101884 0.301898 0.448458 0 
0.380653 0.522613 0 0.0967333 0 
0.172271 0 0.236701 0 0.591029 
0.148949 0.316622 0.107863 0 0.426566 
0.156712 0.305589 0.537699 0 0 
0 0.484309 0.515691 0 0 
0 0.644973 0.355027 0 0 
0 0 0 0.503515 0.496485 
0 0.70595 0 0 0.29405 
0.446307 0.193334 0.0772938 0.283066 0 
0.311136 0 0.444093 0.24477 0 
0 0 0 0 1 
0 0.400912 0 0 0.599088 
0.596589 0 0 0.403411 0 
0.124451 0.192273 0 0 0.683276 
1 0 0 0 0 
0 0 1 0 0 
0 0.28228 0.717719 0 0 
0 0.494155 0.505845 0 0 
0.769455 0 0 0.230545 0 
0.225506 0.149456 0.239373 0 0.385665 
0 0 1 0 0 
1 0 0 0 0 
0 0 1 0 0 
0.289021 0.44868 0 0.262299 0 
0 0 1 0 0 
0 0 0 0 1 
0 0 0 0 1 
0.219111 0.43236 0 0.348529 0 
0 0.411112 0.160474 0.428415 0 
0.343132 0.0903199 0.245729 0 0.320819 
0 0.577889 0 0.422111 0 
0 0 0 0 1 
0 0 1 0 0 
0.492623 0 0 0 0.507377 
0.246521 0.386157 0 0.367322 0 
0.784831 0 0.215169 0 0 
0 0 0.197609 0.352643 0.449748 
0 0.232836 0 0.209005 0.558159 
0 0.375883 0.37028 0.253837 0 
0 0 0 1 0 
0 0 0 0 1 
0.167795 0 0 0 0.832205 
0.151023 0.466429 0 0 0.382548 
0.565024 0 0 0 0.434976 
0 0.608732 0 0.391268 0 
0 0.824505 0.175495 0 0 
0 0 0 1 0 
0 1 0 0 0 
0.251802 0.334167 0 0.41403 0 
0 0 0 0.30981 0.69019 
0 0.756803 0.243197 0 0 
0 0.37694 0 0 0.62306 
1 0 0 0 0 
0.12672 0 0 0.87328 0 
