5 150
0.356952
0.43482
0.610347
0.528985
0.669645
11.9358 0.1798
10.9163 0.217852
10.5204 0.689757
10.4557 0.148498
9.84594 0.881185
9.31264 0.742013
9.24626 0.800619
9.15975 0.150557
9.14598 1.07085
9.11457 0.774874
8.75441 0.522187
8.61689 0.533145
8.58928 0.407982
8.57016 1.66245
8.47735 0.245945
8.40553 0.428843
7.9356 1.64862
7.84079 0.909468
7.76829 1.12173
7.56105 2.41034
7.42041 1.40196
7.36418 1.6327
7.35637 1.36053
7.13359 0.870431
6.78736 0.633432
6.78334 2.5182
6.70397 1.2594
6.57462 2.30921
6.39612 2.2181
6.39181 1.19258
6.00933 2.97313
5.91525 2.35022
5.84303 3.03593
5.84258 2.01699
5.81443 2.34666
5.72437 2.55513
5.71677 2.19536
5.6612 2.37126
5.44004 3.69736
5.39708 2.72109
5.37383 4.09704
5.07624 1.90991
5.06142 3.79991
5.02647 3.04682
5.02252 4.28621
4.99523 2.52169
4.98686 2.19054
4.97825 2.32075
4.95635 3.01812
4.80034 2.04755
4.7825 3.32238
4.64742 3.19902
4.56698 3.98519
4.5167 2.6524
4.3403 2.90555
4.28834 4.14354
4.17885 4.18286
4.06015 3.69096
4.04871 3.52116
4.00348 3.4196
3.9887 3.59041
3.83067 3.37951
3.72954 3.2504
3.72633 3.91357
3.62354 3.58084
3.39571 4.15682
3.23707 3.94231
3.15421 3.23918
3.00623 5.4774
2.94639 4.72888
2.89293 3.87604
2.87947 4.69477
2.84566 5.88687
2.82217 4.8777
2.67435 5.89618
2.54892 5.23446
2.54723 4.52931
2.5257 5.88801
2.48732 5.41174
2.47768 4.61657
2.44492 5.90862
2.4032 6.03381
2.39075 4.52305
2.37243 4.63475
2.31813 4.59414
2.26798 5.56452
2.24484 5.97471
2.1344 4.8757
2.06648 6.68442
2.06494 5.75379
2.04134 5.04363
2.00006 4.46911
1.99248 6.16081
1.88274 4.47419
1.83332 4.95514
1.75482 6.4483
1.69219 5.36459
1.6501 5.66408
1.60417 6.88114
1.58411 6.77439
1.47 5.77405
1.45358 5.41992
1.43085 4.70339
1.37196 8.11803
1.18321 6.35809
1.16528 8.34566
1.0826 7.15227
1.04721 5.58464
0.999791 6.95413
0.999469 5.66989
0.972281 7.4836
0.931326 7.90375
0.886167 5.87276
0.783845 5.47609
0.734363 6.38919
0.725706 7.1565
0.714757 5.68486
0.688872 5.58485
0.68215 6.99589
0.569243 6.11264
0.554053 6.04205
0.517733 8.14671
0.491431 9.12547
0.490051 9.69002
0.438725 9.8675
0.426619 8.83303
0.425579 5.84244
0.336065 6.61804
0.323614 10.0563
0.317814 9.19533
0.298537 7.65212
0.293696 9.65523
0.273584 10.1328
0.259569 10.0648
0.258677 6.60789
0.227312 9.75736
0.216857 8.4938
0.147831 7.84775
0.147284 10.3199
0.142125 7.67295
0.135344 9.04142
0.0943605 9.5054
0.0826869 10.4416
0.0803262 6.98119
0.0265493 9.08782
0.0173436 7.31786
0.0120959 8.54186
0.0106713 10.4903
0.0098805 10.5988
0.0083704 8.59622
0 1 0 0 0 
0 0 0 0 1 
1 0 0 0 0 
0 1 0 0 0 
0 0 0 1 0 
0 1 0 0 0 
0 0 0 1 0 
0 0 1 0 0 
0 1 0 0 0 
0 0 0 1 0 
0 0 0 1 0 
0 0 0 0 1 
1 0 0 0 0 
1 0 0 0 0 
0 0 0 1 0 
0 1 0 0 0 
0 0 0 1 0 
0 1 0 0 0 
0 1 0 0 0 
1 0 0 0 0 
0 0 0 0 1 
0 0 0 0 1 
0 1 0 0 0 
0 0 1 0 0 
0 0 0 1 0 
0 1 0 0 0 
0 1 0 0 0 
0 0 0 0 1 
1 0 0 0 0 
1 0 0 0 0 
1 0 0 0 0 
0 1 0 0 0 
0 0 0 1 0 
1 0 0 0 0 
0 1 0 0 0 
0 0 1 0 0 
0 0 1 0 0 
0 0 1 0 0 
1 0 0 0 0 
0 0 0 1 0 
0 1 0 0 0 
0 0 1 0 0 
0 0 1 0 0 
0 0 0 0 1 
0 0 0 0 1 
0 0 0 0 1 
0 0 0 1 0 
0 1 0 0 0 
1 0 0 0 0 
1 0 0 0 0 
0 0 0 1 0 
0 0 0 1 0 
0 0 0 0 1 
0 0 0 1 0 
0 1 0 0 0 
0 0 0 0 1 
1 0 0 0 0 
0 0 0 0 1 
0 0 1 0 0 
0 1 0 0 0 
1 0 0 0 0 
1 0 0 0 0 
0 0 0 1 0 
0 0 1 0 0 
0 0 0 0 1 
0 1 0 0 0 
0 0 0 0 1 
0 0 0 0 1 
1 0 0 0 0 
0 1 0 0 0 
0 0 0 0 1 
0 1 0 0 0 
0 1 0 0 0 
0 0 1 0 0 
1 0 0 0 0 
1 0 0 0 0 
0 0 0 0 1 
0 1 0 0 0 
0 0 0 1 0 
1 0 0 0 0 
0 1 0 0 0 
1 0 0 0 0 
0 1 0 0 0 
0 0 0 1 0 
0 0 1 0 0 
0 1 0 0 0 
0 0 1 0 0 
0 0 0 1 0 
0 1 0 0 0 
0 0 1 0 0 
0 0 1 0 0 
0 1 0 0 0 
1 0 0 0 0 
0 0 0 1 0 
0 0 1 0 0 
0 0 0 0 1 
0 0 0 0 1 
1 0 0 0 0 
0 0 1 0 0 
0 0 0 1 0 
0 1 0 0 0 
0 1 0 0 0 
0 0 1 0 0 
0 0 1 0 0 
0 0 1 0 0 
1 0 0 0 0 
0 1 0 0 0 
0 0 0 1 0 
0 0 0 0 1 
0 1 0 0 0 
1 0 0 0 0 
0 0 0 1 0 
1 0 0 0 0 
0 0 0 0 1 
0 0 0 0 1 
0 1 0 0 0 
1 0 0 0 0 
0 0 0 0 1 
1 0 0 0 0 
1 0 0 0 0 
0 0 0 1 0 
0 0 1 0 0 
0 0 0 0 1 
0 0 0 1 0 
1 0 0 0 0 
0 1 0 0 0 
0 1 0 0 0 
0 0 0 0 1 
0 0 0 0 1 
0 0 0 0 1 
1 0 0 0 0 
0 0 0 1 0 
0 0 0 1 0 
1 0 0 0 0 
0 0 0 1 0 
0 0 1 0 0 
0 0 0 0 1 
0 1 0 0 0 
1 0 0 0 0 
0 0 0 0 1 
1 0 0 0 0 
0 0 0 1 0 
1 0 0 0 0 
0 0 0 1 0 
0 1 0 0 0 
0 0 1 0 0 
0 0 0 1 0 
0 0 0 0 1 
0 0 0 1 0 
0 0 0 0 1 
