5 150
0.695753
0.63255
0.389775
0.278123
0.29384
11.9021 0.15539
11.5507 0.216443
11.0802 0.270958
10.4446 0.218157
10.2902 0.792244
9.24411 0.465008
9.12996 0.161884
9.00268 0.289084
8.69528 1.78643
8.54525 0.208216
8.53187 1.31165
8.37165 1.16966
8.30913 0.307449
8.08584 1.13563
7.62038 0.15897
7.35871 0.358334
7.3171 0.98028
7.21819 1.66789
6.85944 2.67817
6.82865 2.14867
6.80867 1.7423
6.65796 2.57073
6.61385 1.97687
6.59184 1.36289
6.46527 2.75898
6.42284 1.87935
6.32691 1.41295
6.14416 3.09318
5.90678 1.68348
5.79597 2.26338
5.49475 3.06273
5.07609 2.77446
5.07204 3.02206
5.00586 2.20163
4.98146 3.82671
4.93055 3.2161
4.86901 3.08896
4.6663 3.19656
3.92446 3.50796
3.89257 3.60754
3.86687 2.80625
3.85554 3.90458
3.84357 3.52372
3.76886 4.14133
3.61798 4.9706
3.56392 3.687
3.4971 4.76762
3.23387 3.82573
3.14923 3.74905
3.04121 6.01875
2.98621 3.66283
2.94767 3.77954
2.92169 4.94146
2.82545 4.55234
2.81365 4.90467
2.79668 5.97816
2.67626 4.87632
2.62114 4.21197
2.50334 4.45166
2.4553 4.94608
2.39386 6.0032
2.31574 4.18884
2.2901 5.75924
2.27108 5.96542
2.26531 4.39701
2.17323 5.70861
2.13762 7.15822
2.08286 6.24481
2.05603 6.72021
2.05403 6.04083
1.91529 4.78042
1.85091 5.70831
1.85057 5.95898
1.73909 4.68441
1.59854 4.2017
1.58609 5.59267
1.53254 6.14601
1.52779 5.12839
1.47055 5.11397
1.37409 7.46193
1.37269 7.17166
1.32635 4.82745
1.25627 7.97769
1.1737 5.40588
1.15896 6.33753
1.08076 7.6293
1.03905 6.83554
1.02505 6.9547
0.965835 8.04049
0.962663 7.75321
0.942321 5.64734
0.893173 5.64298
0.796486 5.54868
0.785886 7.76733
0.764751 8.61854
0.705903 5.76702
0.699187 5.58126
0.68344 7.85646
0.654556 7.20745
0.654055 6.11389
0.640447 7.13753
0.611871 6.20229
0.611056 8.45083
0.559359 6.98051
0.507517 7.43475
0.502524 9.33992
0.490989 9.46975
0.441819 8.74458
0.440655 7.26654
0.425701 7.42509
0.365248 6.2059
0.35626 7.39734
0.352741 7.67853
0.337851 8.34402
0.333971 8.4568
0.316257 6.39691
0.310628 6.34381
0.299523 9.64907
0.289956 7.08016
0.286634 9.25997
0.273144 8.46292
0.251328 8.85329
0.245805 7.12554
0.211785 9.13127
0.207251 8.72509
0.197611 7.31519
0.196644 8.34998
0.169892 9.51115
0.15795 8.3491
0.125037 6.88562
0.121111 9.40085
0.101126 9.97363
0.0947976 8.23322
0.0909371 7.38219
0.0873835 9.16746
0.085928 7.95497
0.0468505 7.12419
0.0424471 11.0649
0.0337962 7.12264
0.0243641 10.9857
0.0239071 9.0482
0.0199731 11.4615
0.0138373 7.84926
0.0127518 8.36512
0.00846596 8.70428
0.00617695 10.1025
0.00247342 8.75675
0.00232759 11.7269
0.00229676 9.06647
0.0021313 9.72051
0.350501 0 0.267108 0.382392 0 
0 0.382413 0.165703 0.379587 0.0722966 
0.498698 0 0.501302 0 0 
0 0 0 0.47744 0.52256 
0 0.116502 0 0 0.883498 
0 0.685728 0 0.314272 0 
0.404366 0 0.595634 0 0 
0 0 0.343008 0.656992 0 
0 0.348388 0 0.651612 0 
0 0 0.472607 0.527393 0 
0 0 0 0.55361 0.44639 
0 0.167275 0.338836 0 0.493889 
0 0 1 0 0 
0.297055 0 0 0.702945 0 
0 0.377842 0 0.211296 0.410863 
0 1 0 0 0 
0.229709 0.519075 0 0 0.251215 
0 0 0 0 1 
0.23311 0.76689 0 0 0 
0.794799 0.205201 0 0 0 
0 0 0 0.154445 0.845555 
0 0 1 0 0 
0 0 0 0 1 
0.853792 0 0.146208 0 0 
0.55351 0 0.44649 0 0 
0 0.766427 0 0 0.233573 
0 0.615252 0 0 0.384748 
0 0 0.59108 0 0.40892 
0.081574 0 0.320526 0 0.5979 
0 0.875926 0 0.124074 0 
0 0 0 0 1 
0 0 0 0 1 
0 0 0 0 1 
0.321019 0 0.264372 0.41461 0 
0 1 0 0 0 
0 0.276093 0.400476 0 0.323431 
0 0 0.488554 0.511446 0 
0 1 0 0 0 
0 0 0.322131 0.677869 0 
0 0 0 0 1 
0.189599 0 0 0.481891 0.32851 
0 0.646683 0.353317 0 0 
0 0 0 1 0 
0 0.327307 0 0.170192 0.502502 
0.321957 0 0 0.198483 0.47956 
0 0 0 0.605096 0.394904 
0.370355 0 0.385544 0 0.2441 
0.570001 0 0 0 0.429999 
0 0 1 0 0 
0 0.422541 0 0.577459 0 
0 0 1 0 0 
0 0.459311 0.540689 0 0 
0.310172 0 0 0 0.689828 
0 0.664427 0 0 0.335573 
0 0.514111 0.292012 0 0.193877 
0 1 0 0 0 
0 0.637473 0.362527 0 0 
0 0 0 0.700207 0.299793 
0.292749 0 0 0.541534 0.165717 
0 0.481384 0 0 0.518616 
0 0 0 1 0 
0 0 1 0 0 
0.296865 0 0 0.512838 0.190297 
0 0 1 0 0 
0 0 0 1 0 
0 0.267746 0 0.367551 0.364703 
0 0 0.532263 0 0.467737 
0.144968 0.379123 0 0 0.475909 
0 0 0 0 1 
0 0.539366 0.460634 0 0 
0.307521 0 0 0.279898 0.412581 
0.40115 0.165974 0 0 0.432875 
0.105216 0 0 0.202917 0.691867 
0 0 0.657353 0 0.342647 
0 0.415515 0.133478 0.451007 0 
0.501738 0 0.498262 0 0 
0 0.583205 0 0 0.416795 
0.492671 0 0 0.186105 0.321224 
0 0 0.0930679 0.404363 0.502569 
1 0 0 0 0 
0.141243 0 0.334315 0.524442 0 
0 1 0 0 0 
0 0 0 0.538663 0.461337 
0.585064 0 0 0.414936 0 
0 1 0 0 0 
0 0 0 0.671497 0.328503 
0.559111 0 0 0.440889 0 
0.42236 0 0 0.57764 0 
0 0 0.163742 0 0.836258 
0.257815 0 0 0.742185 0 
0.441194 0.558806 0 0 0 
0 0.47736 0.52264 0 0 
0 0.556395 0.443605 0 0 
0 0.347722 0.652278 0 0 
0 0 1 0 0 
0.328825 0 0 0.278134 0.393041 
1 0 0 0 0 
0 0 0.150459 0.384744 0.464797 
0 0.560498 0 0 0.439502 
0 1 0 0 0 
0 0 0 1 0 
0 1 0 0 0 
0 0.33682 0 0.66318 0 
0.886357 0 0 0 0.113643 
0 0 0.411685 0 0.588314 
0 0 1 0 0 
0 0 0 1 0 
0 0 0.585797 0.414203 0 
0.114585 0.518196 0 0.367219 0 
0.158316 0 0.347714 0.49397 0 
0 0 0.354949 0.327925 0.317126 
0.477954 0.123589 0 0 0.398457 
0 0 0.460207 0 0.539793 
0 0 0 0 1 
0.22862 0.500005 0 0.115425 0.15595 
1 0 0 0 0 
0.283192 0 0.716808 0 0 
0 1 0 0 0 
0.415972 0 0 0 0.584028 
0.391555 0 0 0.309735 0.29871 
0 0 0.19905 0.440843 0.360107 
0.551807 0 0.448193 0 0 
1 0 0 0 0 
0.325021 0.471914 0 0.135597 0.067468 
0.518964 0.481036 0 0 0 
0 0 0 0 1 
0 0.170957 0.829043 0 0 
0 0.162983 0.837017 0 0 
0.100619 0.400388 0.13799 0 0.361003 
0 0 0.442495 0.355572 0.201932 
0 0 1 0 0 
0.267658 0 0 0 0.732342 
0 0 1 0 0 
0 0 0 0.738246 0.261754 
0 0 0 1 0 
0 0.685697 0 0 0.314303 
0.177129 0.584817 0 0.125296 0.112758 
0 0 0 0 1 
1 0 0 0 0 
0.333957 0.200316 0.224088 0 0.241639 
0 0.359039 0 0.640961 0 
0 1 0 0 0 
0 0.179634 0 0 0.820367 
0.406881 0 0 0.152488 0.440631 
0 1 0 0 0 
0 0 0 1 0 
0 0 0.428054 0.571946 0 
0.691074 0.308926 0 0 0 
0 0 1 0 0 
0 0 1 0 0 
