5 150
0.591151
0.641522
0.34595
0.504585
0.446982
10.228 0.640825
9.38141 1.18176
9.35994 0.576699
9.01797 0.33923
8.53789 0.129995
8.35779 1.65906
8.29462 0.93157
8.26484 1.24843
8.10605 1.26937
8.10003 0.712517
7.97783 1.40007
7.78027 2.13971
7.68408 1.52278
7.64153 1.7492
7.53128 1.26028
7.06207 1.57213
6.85497 2.03043
6.84167 1.79682
6.72975 0.933407
6.71217 1.66462
6.69129 2.27214
6.63122 2.43534
6.61487 1.41514
6.57248 1.91296
6.53439 2.36929
6.51924 2.94548
6.48165 1.21291
6.20329 1.61921
6.16125 2.64433
5.69088 2.58129
5.64662 1.48032
5.39794 1.84855
5.38344 2.12753
5.31113 1.88824
5.2806 1.38698
5.17564 2.53959
4.99315 2.91327
4.92376 2.64426
4.74375 3.4994
4.4864 3.16444
4.46877 3.30958
4.46236 3.27591
4.41386 3.51121
4.38742 3.56896
4.34335 4.26065
4.143 3.50058
4.12041 4.12356
4.04621 3.81212
3.99858 3.99533
3.79695 3.50529
3.79391 3.32758
3.77257 3.20773
3.76107 3.12465
3.74051 2.90173
3.70712 3.66768
3.61741 3.90609
3.35026 4.14839
3.34558 5.1254
3.27034 3.86813
3.09452 4.23783
3.00605 4.38375
2.88992 5.8486
2.79155 3.7524
2.78139 3.43936
2.76307 4.91899
2.75944 5.6511
2.69329 5.27693
2.61867 4.34153
2.57648 5.43463
2.28795 6.06135
2.18704 5.30398
2.13623 5.7249
2.07932 6.68281
2.06218 5.24524
2.0459 5.36996
2.0446 6.94197
2.02318 4.63692
1.92677 6.00781
1.91248 4.68315
1.91212 6.37694
1.8893 5.77563
1.88769 6.45816
1.88009 6.71382
1.86048 4.22304
1.67974 5.90073
1.61346 7.12777
1.54781 7.88932
1.54273 6.34201
1.5268 7.398
1.50272 5.33992
1.44318 5.97468
1.43396 5.81264
1.40684 7.09816
1.34404 6.64283
1.28913 7.85076
1.28388 5.52904
1.27672 5.95661
1.23896 5.71091
1.19616 7.47447
1.18983 7.68896
1.17671 5.89827
1.16863 7.41724
1.134 6.07609
1.10502 6.74796
1.08619 6.30219
1.03918 5.89508
1.03587 5.69878
0.997774 7.64579
0.996793 5.16
0.879974 7.95403
0.870114 6.0337
0.863746 7.89676
0.736741 5.67779
0.734002 8.35024
0.693315 6.93692
0.663581 6.94818
0.646745 8.13406
0.636752 6.32177
0.591547 7.59307
0.581973 7.00359
0.578115 7.29363
0.575258 7.79071
0.405687 9.98002
0.394304 5.85207
0.287835 8.74854
0.287135 8.21329
0.256353 7.11928
0.252247 9.47767
0.205999 9.84823
0.170352 8.63997
0.157675 7.25525
0.133428 6.994
0.127779 8.43998
0.113739 9.40384
0.108402 9.96172
0.0965017 8.80803
0.0893715 7.632
0.0893693 9.26422
0.0888903 9.0067
0.0833569 6.89709
0.0794222 10.3292
0.0779919 11.3042
0.0726704 6.88109
0.0650726 8.67632
0.0450703 8.06241
0.0366516 7.47868
0.0295257 11.3206
0.0197534 7.57147
0.00848935 9.26554
0.00103159 9.69375
0.201372 0.252373 0 0.288574 0.257682 
0.6607 0 0.3393 0 0 
0.156156 0.176148 0 0.667695 0 
0 0.462542 0.297216 0.240242 0 
0 0.176985 0.282228 0.540787 0 
0.442903 0 0.398076 0.159021 0 
0.318818 0.249182 0 0.33173 0.100269 
0 0 0.379249 0 0.620751 
0.387639 0.331462 0 0.190626 0.090273 
0.603372 0 0 0.396628 0 
0.216878 0 0.173847 0.418479 0.190796 
0 0 0 0.549927 0.450073 
0 0.530729 0 0 0.469271 
0.235566 0.234542 0.0913247 0.253332 0.185236 
0.069604 0.475698 0 0.454698 0 
0.147356 0.614881 0 0 0.237763 
0.372374 0.291816 0.181518 0 0.154292 
0.525946 0.350496 0.123558 0 0 
0 0 0 0.520691 0.479309 
0 0.451804 0.443109 0.105087 0 
0.33082 0.34514 0.132248 0.191792 0 
0.545476 0.454524 0 0 0 
0 0 0.299234 0.421857 0.278909 
0.332068 0.335419 0.0989438 0.233569 0 
0.409677 0.590323 0 0 0 
0.390726 0.253307 0.355967 0 0 
0 0.438771 0.247814 0.313415 0 
0.382439 0.0992553 0.318987 0.0826335 0.116685 
0.264329 0.433833 0 0.109076 0.192762 
0.812042 0 0.187958 0 0 
0.322104 0 0 0.200524 0.477372 
0 0.41002 0.378247 0.211733 0 
0 0 0.113575 0.394476 0.49195 
0.571212 0 0 0 0.428788 
0.353018 0 0 0 0.646982 
0 0 0 0.677719 0.322281 
0.278608 0 0 0.34474 0.376652 
0.375079 0.243727 0 0 0.381194 
0 0 1 0 0 
0 0.742261 0.257739 0 0 
0.222058 0.345551 0 0.195487 0.236905 
0 0 0.338794 0.0955492 0.565656 
0 0 1 0 0 
0.109766 0.410176 0.103346 0.376713 0 
0 0 0 1 0 
0 0.188789 0.442576 0.217757 0.150878 
0 0.521844 0 0.186094 0.292063 
0 0 1 0 0 
0 0.286342 0.363877 0.349781 0 
0 0.451441 0.134317 0.414242 0 
0.498939 0 0 0.315724 0.185337 
0.114336 0.330671 0.430248 0.124744 0 
0 0 0.587306 0 0.412694 
0.581907 0 0.313782 0 0.104311 
0.374421 0.48653 0 0 0.139049 
0.342577 0.318106 0 0 0.339317 
0.145001 0.47751 0 0.37749 0 
0.272499 0.209213 0.249744 0.203854 0.0646899 
0.0901317 0.135383 0.316979 0.457506 0 
0.37146 0.147028 0 0.14084 0.340672 
1 0 0 0 0 
0.125473 0.195996 0.227043 0.190201 0.261287 
0.121595 0.214479 0.22472 0.152562 0.286645 
0.371013 0 0 0.449168 0.179819 
0 0 1 0 0 
0.263229 0 0 0 0.736771 
0.508904 0 0 0.491096 0 
0.300651 0 0.345438 0.170947 0.182964 
0 0 0.606851 0 0.393149 
0.454862 0.545138 0 0 0 
0.710121 0.195057 0.094822 0 0 
0.395447 0 0 0.604553 0 
0.200163 0.460262 0.339575 0 0 
0.314777 0 0.31587 0.288129 0.0812241 
0.141375 0.0495316 0.358708 0.128321 0.322065 
0.159237 0 0.367964 0.32671 0.146089 
0.291633 0.143042 0.240754 0.324571 0 
0.325322 0.094062 0.319498 0.261118 0 
0 0 0.458778 0.541222 0 
0 1 0 0 0 
0.193105 0.309261 0.331208 0.166427 0 
0 0 1 0 0 
0.15215 0 0.246182 0.272514 0.329155 
0.112078 0 0.523582 0.36434 0 
0 0.389675 0 0.348421 0.261904 
0.519026 0 0 0.168773 0.312201 
0.529394 0 0 0 0.470606 
0.28911 0.245391 0.279633 0.0640828 0.121784 
0.13852 0.119343 0.36593 0.376207 0 
0 0 0.896442 0 0.103558 
0 0.540462 0.0677039 0.391834 0 
0.219084 0.27028 0.0632689 0.447367 0 
0 0.159188 0.474466 0.366346 0 
0 0 0.547185 0.452815 0 
0.504637 0 0.100461 0 0.394903 
0 0.325611 0.341407 0.0450072 0.287974 
0 0.295989 0.704011 0 0 
0.100505 0.503876 0.211284 0.184336 0 
0.253915 0 0.218355 0.221244 0.306487 
0.320153 0 0.588634 0.0912127 0 
0 0.117489 0 0 0.882511 
0.306001 0.362803 0 0.331196 0 
0 0.410288 0.589712 0 0 
0 0 0 0 1 
0.320402 0 0 0 0.679598 
0.427827 0.107078 0 0.0677484 0.397347 
0.131933 0.403531 0 0.184426 0.28011 
0.105469 0.527539 0.366992 0 0 
0 0 1 0 0 
0 0.253189 0.130266 0 0.616545 
0.358668 0.0954811 0 0.272908 0.272942 
0.308951 0 0 0.691049 0 
0.509693 0.270819 0 0.219488 0 
0.416014 0 0 0.0702392 0.513747 
0.446248 0 0 0 0.553752 
0 0 0 0.625323 0.374677 
0.109774 0 0.401582 0.201275 0.28737 
0.3638 0.218207 0.31608 0.101913 0 
0 0 0.337004 0.32631 0.336686 
0 0.225982 0 0.407301 0.366716 
0.369222 0 0.110124 0.295804 0.22485 
0.0969563 0.25756 0.156866 0.240101 0.248517 
0 0.505663 0 0.164498 0.329839 
0 0.304569 0.209348 0.165819 0.320264 
0.22502 0.150733 0.321262 0.302985 0 
0.516762 0 0 0 0.483238 
0.1408 0.269492 0.240302 0.249064 0.100342 
0.325881 0.0833054 0.2465 0.344314 0 
0.218706 0.0782515 0.124807 0.292766 0.28547 
0 0.89345 0 0 0.10655 
0.472941 0 0 0 0.527059 
0.12886 0.105939 0.200447 0.27886 0.285894 
0.363362 0.464609 0 0 0.172029 
0 0 0.452343 0.547657 0 
0.201263 0.332323 0 0.206041 0.260373 
0.362155 0 0.306378 0 0.331467 
0.173328 0 0.381233 0.166231 0.279208 
1 0 0 0 0 
0.34798 0.451576 0.135464 0 0.0649801 
0.402076 0.19144 0.0671302 0.220428 0.118925 
0.303702 0 0.696298 0 0 
0 0 0 1 0 
0.662383 0 0 0.337617 0 
0 0.787336 0 0 0.212664 
0.486456 0 0 0 0.513544 
0.253643 0.263576 0.200299 0.100553 0.181929 
0.731562 0 0 0.188523 0.0799152 
0 0 0.668315 0.189164 0.142522 
0.437337 0 0 0.374301 0.188362 
1 0 0 0 0 
