5 150
0.276109
0.688246
0.269974
0.432501
0.385517
10.6477 0.287561
10.6443 0.14351
10.11 0.921939
9.84692 0.840604
9.79291 0.546591
9.61403 0.865092
9.59577 0.785214
9.23044 1.52694
9.00954 1.07166
8.97685 1.2867
8.82846 1.56711
8.73813 0.726421
8.52172 1.45952
8.37563 1.49595
8.24109 1.84333
8.20195 0.487816
7.90959 0.413684
7.88709 1.79634
7.73798 1.68447
7.43106 2.3479
7.28463 2.14353
7.25564 1.23984
7.2189 1.54573
7.18981 0.239323
7.15995 1.73561
7.15002 1.56068
6.94843 2.68077
6.52494 1.94221
6.46158 2.01381
6.32136 2.12389
6.2754 0.808109
6.04986 2.08785
6.01048 2.36381
5.97841 2.5371
5.67184 3.0234
5.5846 3.1302
5.57715 2.21253
5.48157 1.55459
5.47055 2.07682
5.42676 3.56814
5.36787 2.77393
5.30427 1.77466
5.27037 2.99774
5.22206 1.82425
5.05412 2.50175
5.04681 3.62623
4.63205 2.7317
4.4217 2.4332
4.40788 3.12791
4.3979 2.04578
4.18341 3.54468
4.05629 3.07787
3.95923 3.12411
3.89604 4.04205
3.87106 3.00828
3.84872 4.31997
3.75853 2.70057
3.68409 3.51178
3.64132 2.79103
3.6399 3.1229
3.41464 4.09788
3.38143 2.67033
3.37793 3.89195
3.32517 4.31332
3.16422 4.05934
3.15499 4.30122
3.06222 3.93341
3.06069 4.14709
2.99538 5.23146
2.97311 3.52585
2.94363 5.17652
2.87599 4.7533
2.81121 5.44689
2.79141 4.92646
2.65285 4.0845
2.63007 5.33705
2.56073 5.30559
2.46525 3.77371
2.46201 5.88557
2.23127 4.11524
2.17388 5.33856
2.17203 6.72375
2.11526 4.85544
2.07005 6.82026
2.05905 4.24199
2.02868 5.4949
2.01695 5.33248
1.97155 6.35692
1.63754 5.35423
1.4572 5.1819
1.42163 5.66355
1.40129 4.85222
1.35352 5.557
1.32402 6.13614
1.3023 5.38872
1.23606 6.5223
1.21003 5.81781
1.19286 6.1697
1.17727 6.44751
1.17607 6.7573
1.16914 6.77766
1.04058 5.87616
1.03611 5.70016
0.95389 6.33614
0.905628 6.45324
0.872246 7.76429
0.861733 7.8892
0.666884 7.33958
0.65516 5.93057
0.631872 6.46352
0.593308 6.26509
0.588022 8.52405
0.52706 6.5389
0.445647 5.97624
0.445002 6.98555
0.359659 6.76809
0.358239 9.48199
0.348443 9.61887
0.347327 8.37672
0.338448 8.07037
0.321562 8.72632
0.305125 9.98318
0.274958 9.73103
0.259157 8.70066
0.25718 7.20058
0.237356 9.71095
0.234535 8.61262
0.230677 6.86394
0.225187 9.4378
0.179969 8.84014
0.140775 6.93456
0.140483 7.1636
0.137618 8.04761
0.0961312 10.6597
0.0703934 9.56583
0.0595347 10.6799
0.0556821 9.38036
0.0476375 9.56667
0.0460661 8.67503
0.0349207 8.49497
0.0299748 8.81691
0.0226852 11.6071
0.0175306 8.36772
0.0167974 9.25918
0.0137506 8.9559
0.0135505 12.0081
0.00589862 11.853
0.00389691 8.79416
0.00365317 9.92959
0.0016896 7.59643
0 0 1 0 0 
0 0 1 0 0 
1 0 0 0 0 
0 0 0 1 0 
0 0 1 0 0 
0 0 0 0 1 
1 0 0 0 0 
0 0 0 0 1 
0 1 0 0 0 
0 0 0 1 0 
0 0 0 0 1 
1 0 0 0 0 
0 1 0 0 0 
0 0 0 1 0 
0 0 0 0 1 
0 0 0 1 0 
0 1 0 0 0 
1 0 0 0 0 
0 0 0 0 1 
1 0 0 0 0 
0 0 0 1 0 
0 1 0 0 0 
0 1 0 0 0 
0 0 0 0 1 
0 1 0 0 0 
1 0 0 0 0 
0 1 0 0 0 
0 1 0 0 0 
0 1 0 0 0 
1 0 0 0 0 
0 0 1 0 0 
0 0 1 0 0 
0 0 0 1 0 
1 0 0 0 0 
0 0 0 1 0 
1 0 0 0 0 
0 1 0 0 0 
1 0 0 0 0 
0 0 0 1 0 
1 0 0 0 0 
0 0 0 1 0 
0 0 0 1 0 
0 0 0 1 0 
0 0 0 1 0 
0 1 0 0 0 
1 0 0 0 0 
1 0 0 0 0 
0 1 0 0 0 
0 0 1 0 0 
0 1 0 0 0 
0 0 0 1 0 
0 1 0 0 0 
1 0 0 0 0 
1 0 0 0 0 
0 0 0 0 1 
0 0 1 0 0 
0 0 1 0 0 
0 1 0 0 0 
0 0 0 0 1 
0 0 0 1 0 
0 0 0 0 1 
0 0 1 0 0 
1 0 0 0 0 
0 0 0 1 0 
0 1 0 0 0 
0 1 0 0 0 
0 0 0 1 0 
0 0 1 0 0 
0 0 0 1 0 
0 0 0 1 0 
0 0 1 0 0 
0 0 0 0 1 
0 0 0 1 0 
1 0 0 0 0 
0 0 0 0 1 
1 0 0 0 0 
0 0 1 0 0 
0 0 1 0 0 
1 0 0 0 0 
0 0 0 0 1 
1 0 0 0 0 
0 0 1 0 0 
0 1 0 0 0 
0 0 1 0 0 
0 0 0 1 0 
0 0 0 1 0 
0 0 1 0 0 
0 0 1 0 0 
1 0 0 0 0 
0 0 0 0 1 
0 0 1 0 0 
0 0 0 1 0 
0 1 0 0 0 
0 0 1 0 0 
0 0 0 1 0 
0 0 0 1 0 
0 0 1 0 0 
0 1 0 0 0 
0 0 0 1 0 
0 1 0 0 0 
0 1 0 0 0 
0 0 0 0 1 
0 0 0 0 1 
0 0 0 0 1 
0 0 0 0 1 
0 0 0 0 1 
0 0 0 1 0 
0 0 1 0 0 
0 0 0 0 1 
1 0 0 0 0 
0 0 0 0 1 
1 0 0 0 0 
0 1 0 0 0 
0 0 0 1 0 
0 1 0 0 0 
0 0 0 1 0 
0 0 0 1 0 
1 0 0 0 0 
0 0 1 0 0 
0 1 0 0 0 
0 0 1 0 0 
0 0 0 1 0 
0 0 0 0 1 
0 1 0 0 0 
0 1 0 0 0 
1 0 0 0 0 
0 0 1 0 0 
1 0 0 0 0 
0 0 0 0 1 
1 0 0 0 0 
0 0 0 1 0 
0 1 0 0 0 
0 1 0 0 0 
0 0 0 0 1 
0 0 1 0 0 
0 0 0 0 1 
0 0 0 0 1 
0 0 0 0 1 
0 0 1 0 0 
0 0 0 0 1 
0 0 0 1 0 
0 0 1 0 0 
0 0 0 1 0 
0 0 0 1 0 
0 1 0 0 0 
1 0 0 0 0 
0 0 0 0 1 
0 0 1 0 0 
0 1 0 0 0 
0 0 1 0 0 
