5 100
0.373066
0.431524
0.518288
0.51133
0.402852
11.1781 0.335714
9.82809 1.07615
9.23514 0.141478
9.11564 0.674011
9.01814 0.295625
8.95324 0.974626
8.90273 1.28981
8.65496 0.385722
8.62717 0.477601
8.45685 0.29062
7.98178 0.481365
7.95518 1.09145
7.58932 1.92236
6.96419 1.41845
6.92794 1.26671
6.57919 2.65494
6.49711 1.20348
6.48407 1.95114
6.44081 1.30342
6.34843 1.31817
6.1915 1.6717
6.08484 2.00862
5.9978 1.5217
5.99291 2.05827
5.90374 2.53302
5.72818 3.29793
5.6104 2.54824
5.57935 1.56451
5.57528 2.3088
5.53153 3.23627
5.21513 3.66747
5.20911 2.72487
4.74322 1.91164
4.67753 3.93566
4.48594 2.48356
4.25487 3.95893
4.13278 4.54834
3.97634 3.86724
3.73255 4.73205
3.47147 3.62663
3.34489 4.56087
3.25268 5.06744
2.82062 4.53008
2.77013 5.14235
2.74061 5.1039
2.7186 5.61458
2.71119 5.06263
2.49869 5.26784
2.42281 5.18594
2.40853 5.95896
2.39685 6.09928
2.20766 5.00643
2.05164 5.35609
2.02837 5.40227
1.96134 4.19391
1.93589 6.5288
1.64265 4.47122
1.63163 5.69369
1.55029 6.11363
1.35159 6.49548
1.31278 5.58667
1.17253 8.2286
1.12538 8.38509
1.12013 5.27484
1.111 6.99908
1.09652 4.98732
1.00102 6.3736
0.979314 7.6539
0.966237 5.61462
0.920036 5.59541
0.915675 6.7163
0.807832 7.62942
0.634755 5.77042
0.606408 8.39993
0.569749 7.22912
0.512353 8.28326
0.434856 6.99383
0.377026 9.13214
0.324961 7.41343
0.297816 9.90649
0.274631 6.87583
0.196129 6.69602
0.180787 6.66667
0.169609 8.42177
0.149772 7.79947
0.126327 8.57883
0.111845 7.40968
0.109381 8.47492
0.103665 10.7568
0.0780012 9.59124
0.0778801 9.30439
0.035627 8.87585
0.0355999 9.79451
0.0252574 11.6699
0.0146717 11.9577
0.0128798 11.7721
0.0055322 10.6081
0.00265064 8.27089
0.00182587 10.3648
0.00138468 8.92006
0.397315 0.602685 0 0 0 
0.310099 0 0 0.187968 0.501933 
0.203481 0.283418 0.274224 0 0.238877 
0 0 0.542463 0 0.457537 
0.230468 0.0410894 0.353798 0.166744 0.207901 
0.244828 0.114315 0 0.405697 0.23516 
0.350678 0 0.649322 0 0 
0 0.196941 0.28531 0.221329 0.29642 
0.350208 0.127865 0 0.164197 0.35773 
0.186337 0.362718 0 0.296578 0.154366 
0 0.379695 0.491278 0 0.129027 
0.325322 0.230061 0 0.444617 0 
0.464678 0 0.126804 0 0.408518 
0 0.166756 0.180828 0.410641 0.241775 
0 0 0 0.471498 0.528502 
0.105563 0.362056 0.270772 0 0.261608 
0 1 0 0 0 
0.145805 0 0 0 0.854195 
0.172075 0 0 0.233584 0.59434 
0 0.0884869 0.260035 0 0.651478 
0.333333 0 0 0.330733 0.335934 
0.204263 0 0.12619 0.393027 0.27652 
0.260056 0.465721 0.274223 0 0 
0.173204 0.17584 0.313342 0 0.337614 
0.124285 0 0.875715 0 0 
0 0.320492 0.304788 0.37472 0 
0.235785 0.518963 0 0 0.245253 
0 0 0.552222 0.447778 0 
0.604369 0 0 0.395631 0 
0.134336 0.288148 0 0.218115 0.359401 
0.151874 0.334147 0.247824 0 0.266155 
0.192483 0.23743 0.315597 0 0.25449 
0 0 0.200877 0.237578 0.561544 
0.241017 0.291589 0 0 0.467394 
0.329644 0.158634 0.18346 0.328263 0 
0.391724 0 0.218961 0.389315 0 
0 1 0 0 0 
0.68171 0.15056 0.16773 0 0 
0 0.0748545 0.277431 0.283276 0.364438 
0 0.477788 0.330943 0.191268 0 
0.482767 0 0 0.131968 0.385264 
0.421724 0.210493 0 0.367782 0 
0.186139 0.472865 0 0.340997 0 
0.803608 0.196392 0 0 0 
0 0.144529 0 0.855471 0 
0 0.643139 0.20047 0.156391 0 
0.295864 0.0911791 0.343826 0 0.26913 
0.423339 0.119788 0.183235 0 0.273638 
0.424927 0 0.125568 0.449505 0 
0.505839 0.153187 0.340974 0 0 
0 0 0 0 1 
0.459226 0.0819284 0.458846 0 0 
0 0 0 0.419927 0.580073 
0 0.491201 0 0.345587 0.163212 
0.151108 0 0.304929 0.274584 0.269378 
0 0.192577 0.168569 0.544836 0.0940186 
0.118242 0 0.507662 0 0.374096 
0.299866 0.395225 0.304909 0 0 
0 0.493569 0.207841 0.29859 0 
0 0.300938 0.445933 0 0.253129 
0.239907 0 0.293729 0 0.466364 
0.490657 0.244031 0 0 0.265312 
0.535722 0 0 0.464278 0 
0.4271 0.0533106 0 0.45647 0.0631197 
0.530804 0 0 0 0.469196 
0.102583 0.29786 0 0 0.599558 
0.248716 0 0.328126 0.29484 0.128319 
0.447 0.211068 0 0.341932 0 
0.22405 0.428283 0 0.276885 0.0707831 
0 0 0.239691 0.760309 0 
0.827634 0 0.172366 0 0 
0.249251 0 0.369603 0 0.381146 
0.343327 0.656673 0 0 0 
0.265554 0.235126 0 0 0.49932 
0.273504 0 0.229589 0.496906 0 
0.656632 0 0 0 0.343369 
0 0 0.359401 0.331173 0.309426 
0.192665 0.807335 0 0 0 
0 0.81306 0 0.18694 0 
0.361931 0.393158 0.244911 0 0 
0.394304 0 0 0.262928 0.342768 
0.216602 0 0 0 0.783398 
0.619575 0.380425 0 0 0 
0.441451 0.134864 0.333407 0.0902776 0 
0 0 0.413312 0 0.586688 
0 0.470705 0.331769 0 0.197526 
0.160746 0.37939 0.0786085 0.381255 0 
0.51122 0.48878 0 0 0 
0.221736 0 0.264774 0.138614 0.374875 
0.376357 0 0.623643 0 0 
0.205756 0.296974 0.190564 0.306706 0 
0 0.266719 0 0.733281 0 
0.368716 0.467337 0 0 0.163947 
0.328557 0.127968 0.244237 0.161395 0.137843 
0 0.373757 0 0.0729899 0.553253 
0 0.265657 0.21517 0.30347 0.215704 
0 0.374019 0.194409 0.431572 0 
0 0.0718571 0.327989 0.20538 0.394774 
0 0.376356 0 0.623644 0 
0 0.194042 0.261989 0.384793 0.159176 
