5 50
0.291383
0.26088
0.723678
0.725204
0.290071
9.76751 0.839734
9.49606 0.522954
8.71855 1.50267
8.52957 1.16024
8.16677 0.426503
7.87566 1.63566
7.82931 0.519843
5.73713 3.0986
5.28144 1.53931
5.15331 3.75852
4.93042 2.83203
4.52672 3.58714
4.34423 2.46277
3.7533 3.48155
3.75131 4.32414
3.29013 5.81721
2.83364 3.96142
2.81172 3.97686
2.78334 5.22777
2.71177 4.34981
2.70449 4.17991
2.65617 4.53354
2.38759 4.40982
2.35191 5.17718
2.28565 4.97045
1.80561 6.931
1.65673 5.59546
1.5492 5.75136
1.45623 5.72048
1.42275 7.29002
1.30018 6.99697
1.06358 5.63019
0.953499 6.58921
0.855527 6.26448
0.590235 7.76611
0.587162 9.1061
0.50563 7.28925
0.483405 9.47059
0.414954 9.19303
0.334853 8.84097
0.280629 8.31264
0.242782 9.8606
0.231621 7.28825
0.199807 7.68488
0.181354 9.92745
0.13579 8.68944
0.0996929 8.28004
0.0621401 8.84286
0.0390081 11.3762
0.00367715 10.6581
0.428704 0 0 0.571296 0 
0.394193 0 0.26715 0 0.338657 
0 0 1 0 0 
0 0 0.464315 0.535685 0 
0.412096 0 0 0 0.587904 
0.320264 0.335738 0 0.343998 0 
0.346488 0.29437 0.202055 0.157087 0 
0.292448 0.308333 0.0666715 0.221668 0.11088 
0 0 0.804588 0.195412 0 
0 0 0.473471 0.526529 0 
0.347237 0.406325 0 0 0.246438 
0 0.304388 0.28794 0 0.407672 
0.324554 0 0.675446 0 0 
0.507032 0.238787 0.254181 0 0 
0.836866 0 0 0.163134 0 
1 0 0 0 0 
0 0.187875 0 0.297462 0.514663 
0.371017 0 0.126954 0 0.502029 
0.530293 0 0.243391 0.226316 0 
0 0 0 1 0 
0 0.515336 0 0.484664 0 
1 0 0 0 0 
0 1 0 0 0 
0.109889 0.175765 0 0.418431 0.295916 
0 0 0 0 1 
0.333547 0.223738 0 0.393572 0.049144 
0 0 0.414647 0.585353 0 
0.0908383 0.259056 0.354252 0.173078 0.122776 
0.363395 0 0.415195 0.22141 0 
0.312302 0.236838 0 0.30426 0.146601 
0.541427 0 0.458573 0 0 
1 0 0 0 0 
0 0.539364 0 0.460636 0 
0 0.218449 0.098291 0.443955 0.239304 
1 0 0 0 0 
0 1 0 0 0 
0 0.145254 0 0.451933 0.402813 
0 0.671735 0 0.328265 0 
0.6323 0.170838 0 0 0.196862 
0.195621 0 0.358634 0.445744 0 
0 0.557529 0.114343 0 0.328128 
0 0.2921 0 0.247341 0.460559 
0 0 0.49148 0.0632541 0.445266 
0 0 0 0.432334 0.567666 
0 0.599848 0 0.206326 0.193827 
1 0 0 0 0 
0.169735 0 0 0.830265 0 
0.357648 0.112434 0 0.412206 0.117711 
0.133247 0.578959 0.287794 0 0 
0.892868 0 0.107132 0 0 
