5 150
0.284623
0.310503
0.334277
0.322787
0.335803
10.1456 0.984236
9.67225 0.505245
9.66683 0.232133
8.98395 0.685302
8.95775 1.53457
8.85542 1.46508
8.5322 1.8186
8.5313 1.48717
8.51857 1.13245
8.50234 0.924866
8.49324 0.228065
8.48039 0.298452
8.46363 1.02027
8.40856 0.570432
8.39639 1.71884
8.1719 0.27137
7.98588 1.80648
7.90125 1.206
7.79174 0.697431
7.64097 1.04855
7.41101 1.52972
7.40541 0.98702
7.12089 2.60326
6.88341 2.25478
6.82518 0.531903
6.70077 2.14864
6.66429 1.87201
6.59904 2.46236
6.55553 2.13819
6.54681 0.812106
6.52267 1.55207
6.51853 1.15658
6.47781 0.896392
6.37079 1.84153
6.23975 1.40923
6.20483 1.62104
6.10857 1.59505
5.94525 2.22151
5.86142 1.00248
5.77402 2.48439
5.61183 2.10661
5.3908 1.86392
5.15307 1.6878
4.90223 2.96709
4.83708 2.44307
4.81361 2.81541
4.76455 4.16857
4.67476 2.47352
4.65187 2.49539
4.44112 3.86332
4.37928 4.62866
4.3672 4.09071
4.31043 2.52959
4.14869 3.14507
4.04016 2.83995
3.83178 4.38418
3.79592 3.86453
3.7934 2.70829
3.50333 3.02313
3.41451 3.51872
3.19393 3.64168
3.11314 3.98528
2.94617 5.39247
2.78872 3.58831
2.69066 4.34239
2.53453 4.59585
2.49859 3.77562
2.4771 4.8912
2.31958 4.07521
2.31176 6.88299
2.28954 4.63627
2.18706 6.47354
2.14923 5.71995
2.13784 4.0867
2.1327 5.51521
2.018 4.79206
2.00379 6.67416
1.98718 4.99842
1.91484 5.0662
1.91442 4.22441
1.88611 5.33796
1.88237 6.93232
1.85245 6.54154
1.8438 4.61861
1.81417 4.71911
1.80711 4.87102
1.7039 4.66685
1.68663 5.0331
1.65543 5.29676
1.64585 4.68807
1.6338 4.75914
1.61356 7.85351
1.59971 4.88006
1.50043 4.77525
1.45221 7.49066
1.43273 6.02028
1.32508 5.40109
1.32042 5.41522
1.30303 4.78343
1.24084 6.05479
1.1453 5.18799
1.04614 7.3731
1.04567 5.83816
0.925636 5.77824
0.853734 7.70683
0.850041 7.03141
0.828552 7.61529
0.765943 5.82456
0.668895 6.96274
0.624867 9.44458
0.607515 8.85509
0.57457 8.20483
0.541332 8.67567
0.521786 8.67769
0.483001 8.76612
0.45155 7.85319
0.442667 7.99356
0.43457 9.79638
0.40845 6.26757
0.361882 9.2551
0.334506 6.52543
0.3217 6.23111
0.316851 10.4549
0.308509 8.42894
0.282268 9.80638
0.260281 8.28786
0.252751 8.29572
0.242309 8.57614
0.240623 9.78982
0.214621 9.20539
0.19854 9.12019
0.190063 8.75573
0.179487 7.87597
0.134023 10.0017
0.119728 7.39039
0.116617 9.75756
0.103949 10.2132
0.101465 7.02909
0.090069 9.0875
0.0703805 10.2257
0.0592914 9.24877
0.054264 8.9638
0.0410518 7.33257
0.0351309 9.09936
0.0332652 8.32096
0.0192939 9.10914
0.0104732 11.6504
0.00476183 10.549
0.00268308 10.4218
0.00213088 11.3854
0 0 0 0.456592 0.543408 
0 0.807886 0 0.192114 0 
0 0 0.486051 0.513949 0 
0 0.262544 0 0.502707 0.234749 
0.522604 0.123555 0 0.353841 0 
0.215107 0 0.161043 0.422086 0.201764 
0 0.394401 0.605599 0 0 
0 0.358245 0 0 0.641755 
1 0 0 0 0 
0.269369 0 0.455115 0 0.275516 
0.260578 0.353091 0.329965 0.0563664 0 
0 0.257516 0.0868792 0 0.655605 
0 0.559187 0 0 0.440813 
0 0.641836 0.358164 0 0 
0.295662 0.242344 0 0 0.461994 
0 0 0.298462 0.338475 0.363063 
0 1 0 0 0 
0 0.233693 0.164115 0.295567 0.306625 
0 0 0 0.705536 0.294464 
0 0 0.327483 0.343851 0.328666 
0.246576 0 0.189705 0 0.563719 
0.178135 0.223919 0 0.345908 0.252038 
0.150825 0.1374 0 0.14918 0.562595 
0 0.142106 0.151887 0 0.706007 
1 0 0 0 0 
0 0 0.265217 0.734783 0 
0 0.42594 0.57406 0 0 
0 0 0.46961 0.53039 0 
0 0 0.0909355 0.249844 0.659221 
0 0.157838 0 0.842162 0 
0 0 0 1 0 
0.383046 0.0796324 0.204806 0 0.332516 
0.482142 0.332724 0 0.0897959 0.0953381 
0 0 0 1 0 
0 0.574766 0 0.425234 0 
0.216075 0 0 0 0.783925 
0.367147 0 0 0 0.632853 
0 0 0.259675 0.462914 0.277411 
1 0 0 0 0 
0.281654 0.212669 0.251149 0 0.254528 
0 0 0.230778 0.769222 0 
0 0 0.317433 0.35669 0.325877 
0.815628 0.184372 0 0 0 
0.237487 0.266476 0.285453 0 0.210584 
0.0894999 0.405386 0.0544592 0.230114 0.22054 
0.59298 0.40702 0 0 0 
0 0.788742 0 0.211258 0 
0.409165 0 0.112164 0.478671 0 
0.114327 0.309225 0.157469 0.131037 0.287942 
0.330299 0 0 0 0.669701 
0 0 0 1 0 
0.135553 0.332187 0.162486 0.369775 0 
0.579308 0.249903 0 0.170789 0 
0.399903 0 0 0.342192 0.257905 
0.195354 0.220206 0 0.114414 0.470026 
0 0.092647 0.517144 0.390209 0 
0.436369 0.563631 0 0 0 
0 0 0 0 1 
0.532225 0 0 0.342658 0.125117 
0 0.376637 0 0.345576 0.277787 
0 0.40488 0.269467 0 0.325654 
0 0 1 0 0 
0.500298 0 0 0.499702 0 
0 0.0862068 0.479076 0.434717 0 
0 0.695756 0 0 0.304245 
0.461255 0 0.233325 0 0.30542 
0 0 0.640514 0.359486 0 
0 0.619011 0 0.380989 0 
0.0727276 0.173096 0.384613 0.369564 0 
0 0 0.723936 0 0.276064 
0.528023 0 0.290755 0.181222 0 
0 0.170596 0 0.410897 0.418506 
0.19523 0 0.227779 0.576991 0 
0.215365 0.0640026 0 0.46804 0.252593 
0 0.410523 0.359448 0 0.230029 
0.414077 0 0.212585 0.250064 0.123274 
0.320929 0.377875 0.115446 0 0.18575 
1 0 0 0 0 
0 0.427624 0.472627 0.0997485 0 
0 0 0 1 0 
0.196288 0.355176 0 0 0.448536 
0 0.755602 0 0 0.244398 
0.243417 0.252991 0 0.228207 0.275385 
0 0 0 0 1 
0.855354 0 0 0 0.144646 
0.231453 0 0 0.209688 0.558858 
0 0.329142 0 0.227035 0.443823 
0 0 1 0 0 
0.124457 0.423878 0.189767 0 0.261897 
0 0.0991957 0.440487 0.460317 0 
0 0.443562 0 0.556438 0 
0.297027 0.226984 0 0.155503 0.320486 
0 0.253423 0.404091 0 0.342485 
0.687054 0 0 0.312946 0 
0.280883 0.447269 0 0.271848 0 
0 0 0 0 1 
0 0 0 0 1 
0 0 0 1 0 
1 0 0 0 0 
0.212975 0.501582 0.285442 0 0 
0 0.242389 0 0.343129 0.414482 
0.300384 0.0650533 0 0.351721 0.282841 
0 0.348611 0 0.10447 0.546919 
0 0 0.263402 0.377481 0.359117 
0 0 0 0.446884 0.553116 
0 0.211546 0.400553 0 0.387901 
1 0 0 0 0 
0.631588 0.123011 0 0 0.245402 
0 0.536825 0 0.327371 0.135804 
0 1 0 0 0 
0 0 0 1 0 
0.220989 0.274801 0.304646 0.199564 0 
0 0.798968 0.201032 0 0 
0 0 0.513174 0.486826 0 
0 0 0 1 0 
0 0 0.844581 0.155419 0 
0.78044 0 0 0 0.21956 
0 0 1 0 0 
0.0882101 0 0.381286 0.530504 0 
0.130066 0 0.161546 0 0.708387 
0 0 0.378958 0.36164 0.259402 
0.694106 0 0.305894 0 0 
0 0.656989 0.343011 0 0 
0 0.336265 0.663735 0 0 
0 0.355923 0 0.514011 0.130066 
0 0 0.191873 0.808127 0 
0 0.459396 0.540604 0 0 
0 0.236772 0.55769 0 0.205538 
0 0.371181 0.197746 0 0.431073 
0.210895 0.462378 0 0 0.326727 
1 0 0 0 0 
1 0 0 0 0 
0 0 0 1 0 
0.441681 0.200285 0 0.358034 0 
0 0 0.166231 0.398302 0.435468 
0.6636 0 0 0.3364 0 
0.234539 0 0 0.457765 0.307696 
0 0 0 0 1 
0.227161 0 0.305603 0 0.467236 
0.763179 0.236821 0 0 0 
0 0 0 0.504957 0.495043 
0.174589 0.201116 0.109705 0 0.51459 
0.672859 0 0.327141 0 0 
0 0 0.417053 0.464766 0.118181 
0 0.243856 0.756144 0 0 
0.560781 0 0 0.232925 0.206294 
0.100821 0.327333 0 0 0.571846 
0 0 0.745988 0 0.254012 
0 0 1 0 0 
0.451852 0 0.196279 0.351869 0 
