5 200
0.269089
0.375629
0.450247
0.690046
0.391057
11.8499 0.156904
10.2504 1.04195
9.91669 1.24868
9.61304 0.338281
9.44074 0.772523
9.41927 0.692673
9.33843 0.332654
9.14587 1.22367
9.13625 1.1947
9.11054 1.02827
9.0792 1.41325
8.94283 0.869346
8.78183 1.37961
8.53776 0.948678
8.32334 0.641293
8.28035 0.547352
8.16739 1.61702
7.75115 1.03727
7.74487 0.489844
7.70618 1.99269
7.65589 1.30031
7.5238 1.32321
7.48861 0.16128
7.48459 1.90418
7.41283 1.51605
7.34405 0.815825
7.01349 2.69399
6.83167 3.02502
6.79282 0.498381
6.77905 2.91907
6.69072 0.677468
6.68327 0.774948
6.6827 1.05573
6.67925 1.46709
6.67508 1.09943
6.54687 1.88804
6.51332 3.11167
6.47669 0.86087
6.44604 1.50368
6.25074 2.2831
6.18838 1.3281
6.16808 2.07614
6.09616 2.66127
6.08671 3.2709
6.06329 2.13175
5.99479 1.31728
5.8613 2.06992
5.76538 3.1457
5.52309 1.50922
5.4394 3.35723
5.35976 1.55026
5.34387 2.34568
5.34268 2.86969
5.32185 2.85689
5.15668 2.59117
5.14732 3.09305
5.12188 2.85105
5.03122 1.62456
4.99882 3.09264
4.90966 2.78859
4.88482 3.35554
4.81623 2.74874
4.78578 2.93081
4.74615 2.63533
4.68799 3.03122
4.4642 3.89294
4.45425 2.76666
4.34891 2.97135
4.23543 3.18246
4.19427 2.89482
4.15154 2.80901
4.14672 3.81131
4.10313 4.20833
4.09649 3.49572
3.96217 3.66465
3.9201 5.09807
3.82912 4.77206
3.80646 3.36426
3.78082 3.59221
3.70028 2.50239
3.64485 4.85451
3.57708 3.33624
3.54413 3.62344
3.51711 3.16749
3.34232 4.58914
3.33939 3.03884
3.24405 3.91704
3.17952 5.50195
3.15205 4.19987
3.10624 4.69492
3.0954 5.10813
3.07143 4.39619
3.01711 4.10963
2.92557 4.71588
2.92147 4.26518
2.78989 5.01687
2.67973 4.60556
2.67334 6.28163
2.63845 5.92989
2.55909 3.8935
2.55337 4.88658
2.54309 3.9774
2.54151 4.50128
2.51657 5.13741
2.49185 3.45863
2.46279 5.41882
2.4437 5.94654
2.34688 4.26726
2.263 6.99156
2.2353 5.56579
2.20948 5.50239
2.18322 4.79218
2.06178 4.4244
2.04933 6.13276
2.02505 6.80081
2.00927 5.8191
1.90138 4.02687
1.8671 6.21953
1.76671 5.47005
1.75167 4.57433
1.67028 4.72062
1.53729 7.01246
1.51877 6.10175
1.49894 4.87326
1.48316 7.38705
1.47876 6.11425
1.45401 7.3499
1.39131 5.53162
1.33099 6.96127
1.32151 6.83191
1.24264 6.81809
1.24183 8.19134
1.22821 5.70352
1.21152 6.31677
1.08625 5.48525
1.08613 5.49787
1.03014 7.42169
1.02839 6.97516
0.951255 6.77145
0.949601 5.22227
0.833056 7.11835
0.824252 6.50285
0.797062 8.47585
0.757788 7.74312
0.733652 8.25119
0.732539 5.84819
0.727153 7.11973
0.724999 5.70231
0.668196 6.65407
0.615227 7.9594
0.579345 6.46217
0.527399 5.98908
0.472586 9.12679
0.460334 8.71638
0.430745 9.0023
0.415072 9.8268
0.385031 9.5919
0.380927 9.47252
0.378274 9.55187
0.37675 7.32895
0.341743 9.70416
0.335413 8.02393
0.332045 8.87351
0.31454 6.73445
0.279517 6.68988
0.272686 6.23561
0.272402 9.79383
0.26566 7.86161
0.252259 9.24604
0.23861 10.0326
0.186225 10.8611
0.181737 7.59231
0.17321 9.06927
0.159494 8.26019
0.149467 9.34357
0.121379 10.325
0.116126 7.92224
0.111152 9.77554
0.0903408 6.80699
0.0886006 9.32204
0.0760871 8.49842
0.0741137 11.1755
0.0681827 8.56019
0.0662768 7.02263
0.0637499 7.15175
0.0629598 10.3281
0.0618278 8.50587
0.0514456 9.39475
0.0466223 8.47348
0.0317407 11.1331
0.0210571 9.28595
0.0204569 10.7394
0.0190147 10.1084
0.0146945 8.39579
0.00516066 8.6976
0.00260183 8.86037
0.00229505 9.36302
0.00201943 11.9718
0.00143683 12.3321
0.0013972 12.0578
0 1 0 0 0 
0 0 0.2073 0.456023 0.336677 
0 0 1 0 0 
0 1 0 0 0 
0.438376 0.280954 0.28067 0 0 
0 1 0 0 0 
0 1 0 0 0 
0 0.121203 0 0.282082 0.596715 
0 0.807292 0 0 0.192708 
0 0.688314 0.311686 0 0 
0 0 0 0 1 
0.565457 0.434543 0 0 0 
0 1 0 0 0 
0 0 0 1 0 
1 0 0 0 0 
0 0 0 0 1 
0.461166 0 0.538834 0 0 
1 0 0 0 0 
1 0 0 0 0 
0 0.582056 0 0.417944 0 
0 1 0 0 0 
0 0 0 0 1 
0 0 0 1 0 
0 0.603175 0 0 0.396825 
0 0 1 0 0 
0.638275 0 0 0.361725 0 
0 0 0 0 1 
0 0 1 0 0 
0.353653 0.209583 0 0.436765 0 
0 0.346503 0 0.268067 0.38543 
0 0 1 0 0 
0 1 0 0 0 
0 0 0.24991 0 0.75009 
0 0 1 0 0 
0 0 1 0 0 
0 0.147127 0 0 0.852873 
0 0 0 1 0 
0.791688 0 0 0.208312 0 
0 0 1 0 0 
1 0 0 0 0 
0 0 0 1 0 
0 0 1 0 0 
0 0 0 1 0 
0 0 1 0 0 
0 1 0 0 0 
0 0 0 0 1 
0 0 0 1 0 
1 0 0 0 0 
0 0.270944 0 0.488425 0.24063 
0 0 0 1 0 
0.392688 0.199249 0.408063 0 0 
0 1 0 0 0 
0.289604 0.534723 0 0.175674 0 
0 0.610081 0 0 0.389919 
0 1 0 0 0 
0 0 0 0 1 
0 0.54795 0.45205 0 0 
0.616259 0 0 0 0.383741 
1 0 0 0 0 
0 1 0 0 0 
0 1 0 0 0 
0 1 0 0 0 
0 1 0 0 0 
0.175035 0 0.40071 0 0.424255 
0 0 0.722339 0.277661 0 
1 0 0 0 0 
0 0 0 0 1 
0 1 0 0 0 
0 0 0.394716 0.605284 0 
0 0 0.135537 0.864463 0 
0 1 0 0 0 
0 0 1 0 0 
0 0 1 0 0 
0.421994 0 0 0.578006 0 
0 0.331493 0 0 0.668507 
1 0 0 0 0 
0.232219 0 0 0.767781 0 
1 0 0 0 0 
0 1 0 0 0 
0 0 1 0 0 
0 0 0 1 0 
1 0 0 0 0 
0 0 0.44036 0.169464 0.390177 
0 1 0 0 0 
0 1 0 0 0 
0 0 0.449427 0 0.550573 
0.446474 0.553526 0 0 0 
1 0 0 0 0 
0 0 1 0 0 
0 0 0 0.51111 0.48889 
1 0 0 0 0 
0.50676 0.0767624 0.416477 0 0 
0.338349 0 0 0 0.661651 
0 0 0 1 0 
0 0 0 0 1 
0 1 0 0 0 
0 0.564984 0 0.435016 0 
0.22602 0 0.315372 0 0.458608 
0 0 0.234005 0 0.765995 
0 1 0 0 0 
0 0.341626 0.658374 0 0 
0 0.349809 0 0 0.650191 
0 0 0.460985 0 0.539015 
0 0 1 0 0 
0 0 0 1 0 
0 1 0 0 0 
0 0 1 0 0 
0.442402 0 0.557598 0 0 
0 0 0 0 1 
1 0 0 0 0 
1 0 0 0 0 
0 0.655199 0 0.344801 0 
0 0 0 0.788485 0.211515 
1 0 0 0 0 
0 1 0 0 0 
0 0 0 1 0 
0.532512 0 0 0.467488 0 
1 0 0 0 0 
1 0 0 0 0 
0 0 0 0 1 
0 0 0.545611 0.454389 0 
0 0.396018 0 0.497016 0.106966 
0 0.451522 0.548478 0 0 
1 0 0 0 0 
0 0.286797 0 0.713203 0 
0 0 0 0.304917 0.695083 
0 1 0 0 0 
0 0 1 0 0 
0.357437 0 0 0 0.642563 
0 1 0 0 0 
0 0 0 1 0 
0.257628 0 0.742372 0 0 
0 1 0 0 0 
0 0 0 0 1 
0 0.261081 0 0 0.738919 
0 0.457947 0 0 0.542053 
0 0 1 0 0 
0 0 1 0 0 
0 0 0 0 1 
0.410288 0 0 0.589712 0 
0 0 1 0 0 
0 0 1 0 0 
0 0 0.258951 0 0.741049 
0.706963 0.164754 0 0 0.128283 
0 0 0.67855 0.32145 0 
0.762539 0 0 0.237461 0 
0 0 0.160239 0.534408 0.305353 
0 0 0 1 0 
0 0 0 0 1 
0.633763 0 0 0.366236 0 
0 0 1 0 0 
0.518176 0.481824 0 0 0 
0 0.619424 0 0.380576 0 
1 0 0 0 0 
0 0 0.1427 0.319624 0.537676 
0.749129 0 0 0 0.250871 
0 0 0.114185 0.412708 0.473106 
0 0 1 0 0 
0 0 0 0 1 
0 0 0 1 0 
0 0 1 0 0 
0 0.518614 0 0 0.481386 
0 1 0 0 0 
1 0 0 0 0 
0 0 0.773437 0 0.226563 
0 1 0 0 0 
0 1 0 0 0 
0 0 1 0 0 
0.29714 0.70286 0 0 0 
0 0 0 0 1 
0 0 0 0 1 
0 0 0 0 1 
0 0.301648 0.698352 0 0 
0 0 1 0 0 
0 1 0 0 0 
0 0 1 0 0 
0 0 0 0.577622 0.422378 
0.681854 0 0.318146 0 0 
0.370366 0.629634 0 0 0 
0 0 0 1 0 
0 0 1 0 0 
0.260086 0 0 0 0.739914 
0.285141 0 0 0.503737 0.211123 
0.125292 0.476722 0 0 0.397986 
0 0 0 1 0 
0 0.630034 0 0.369966 0 
1 0 0 0 0 
0 0 0 0 1 
0.478195 0.521805 0 0 0 
1 0 0 0 0 
0 0 1 0 0 
0 0 0 0 1 
0 0.229789 0 0.770211 0 
0 0.550929 0 0 0.449071 
0 0 1 0 0 
0 0 1 0 0 
0 0 0 1 0 
0 0 0.545093 0.454907 0 
0 0 0 1 0 
0.20586 0 0 0 0.79414 
