5 200
0.519951
0.644833
0.714995
0.516549
0.286439
11.2966 0.176467
10.7842 0.475198
10.7842 0.710973
10.4182 0.222677
10.1421 0.204152
8.90812 0.713466
8.85042 0.896069
8.75263 0.381223
8.65012 0.426411
8.45713 0.96144
8.3693 0.264847
8.33958 0.944408
8.1762 1.00759
8.17459 1.74667
7.99694 1.19813
7.9699 1.78903
7.85736 0.979072
7.78346 0.155983
7.78018 0.186897
7.71723 0.564175
7.65032 0.603858
7.57608 0.445489
7.57423 1.56391
7.40043 1.43481
7.29002 1.82293
7.11189 1.42595
7.0057 1.50064
6.95754 1.57814
6.89269 2.10468
6.83804 1.92368
6.79508 2.5116
6.79487 2.48852
6.78913 1.78764
6.74081 2.04397
6.73328 1.92998
6.55294 1.16747
6.39606 2.07373
6.3726 1.11451
6.34139 2.21654
6.3287 1.39365
6.29688 3.16452
6.2604 1.18233
6.14473 1.57639
6.09903 1.46386
5.93569 3.55806
5.87642 2.73267
5.77714 1.60035
5.73903 2.05922
5.68292 2.68499
5.66683 2.43794
5.60886 2.90888
5.53652 1.59316
5.3754 2.43261
5.36466 2.26449
5.36448 3.31742
5.19782 2.62162
5.03333 3.8095
4.88822 2.62374
4.7799 2.22255
4.77413 2.54534
4.57751 2.08701
4.54223 2.14569
4.53885 3.72857
4.46256 3.02427
4.43715 3.56425
4.43297 3.54497
4.39978 3.21506
4.37574 3.54772
4.32935 4.15328
4.31155 3.50877
4.29651 3.35071
4.21112 4.02162
4.18412 3.20804
4.16281 3.91038
4.09065 2.81726
4.02108 3.88848
3.95526 3.54767
3.95464 2.66822
3.84221 3.52981
3.74769 2.89943
3.6954 3.49325
3.62856 3.20643
3.62602 3.23309
3.55154 4.32125
3.54477 4.08924
3.50856 4.21028
3.4792 3.9561
3.44616 4.44881
3.39391 2.77975
3.29115 4.32925
3.24997 4.58491
3.24884 3.81662
3.17632 4.63816
3.1129 4.27499
3.07033 5.54267
3.02914 5.00512
3.00455 6.27297
2.91824 4.32839
2.91167 5.58265
2.90872 5.3077
2.88159 5.40063
2.62682 4.06189
2.61379 5.82352
2.59642 5.22102
2.53222 4.58303
2.47456 4.44824
2.33179 4.7361
2.31719 6.37631
2.29584 4.16008
2.28707 5.28509
2.26533 4.34458
2.2631 4.85428
2.21131 4.23659
2.17112 5.14981
2.17029 5.68242
2.16204 4.83351
2.13573 4.49599
2.10299 4.24644
2.01135 6.51562
1.99737 4.85008
1.89252 5.82663
1.8264 4.47355
1.79629 6.85758
1.78829 5.61441
1.73193 4.63828
1.64754 4.93163
1.55652 4.38023
1.52499 7.71086
1.50472 4.87883
1.49174 6.60258
1.42615 7.30755
1.41964 5.4533
1.312 4.57642
1.28132 6.58363
1.26556 7.80274
1.23196 7.0897
1.15717 5.71918
1.14923 6.63221
1.1302 5.21521
1.11775 5.44512
1.09582 5.83968
1.07588 5.71439
1.04692 7.4353
0.933386 6.80541
0.925279 5.81045
0.904629 8.1254
0.889303 5.74367
0.888728 8.11597
0.878486 5.38375
0.872636 7.99072
0.827193 7.33561
0.826717 6.22127
0.788497 6.05792
0.77927 5.73346
0.753377 5.69334
0.729785 6.11056
0.662529 5.70384
0.648129 6.7253
0.645473 6.69686
0.644339 7.73047
0.611823 9.06617
0.580409 5.7149
0.573475 6.53225
0.568971 7.79591
0.546984 8.37171
0.490601 6.55357
0.473402 6.46858
0.470916 7.98723
0.464565 9.38473
0.387912 8.90908
0.313996 8.58555
0.290216 10.0115
0.251026 7.09834
0.225349 8.23414
0.222746 6.66267
0.205844 6.63709
0.203765 6.61224
0.193373 8.52129
0.165211 7.37927
0.158841 7.807
0.143715 8.78263
0.131998 9.45509
0.0692362 10.4214
0.0675426 10.1515
0.0654517 10.6136
0.0535561 11.2708
0.0347261 7.49905
0.0344366 8.23262
0.033819 8.63537
0.0316407 7.36506
0.0262997 7.23249
0.0232527 8.24474
0.0206729 11.8089
0.0200456 10.0681
0.0194653 7.45578
0.00969901 7.40491
0.00846014 9.33179
0.00823559 9.70296
0.00750345 7.28143
0.0020575 10.0867
0 0 0 1 0 
0 0 0 0 1 
0 0 0 1 0 
0 0 1 0 0 
0 0 0 1 0 
1 0 0 0 0 
0 0 1 0 0 
0 0 0 0 1 
0 0 0 0 1 
0 1 0 0 0 
0 0 1 0 0 
1 0 0 0 0 
0 0 0 1 0 
0 0 0 0 1 
1 0 0 0 0 
0 0 1 0 0 
0 1 0 0 0 
0 0 0 1 0 
0 0 1 0 0 
0 0 0 1 0 
0 0 0 0 1 
1 0 0 0 0 
0 1 0 0 0 
1 0 0 0 0 
0 1 0 0 0 
1 0 0 0 0 
0 0 0 1 0 
0 0 1 0 0 
0 1 0 0 0 
0 1 0 0 0 
0 0 1 0 0 
1 0 0 0 0 
0 0 0 1 0 
0 1 0 0 0 
0 1 0 0 0 
0 0 0 0 1 
0 1 0 0 0 
0 0 0 1 0 
0 0 0 0 1 
0 0 1 0 0 
0 0 0 1 0 
0 0 0 0 1 
0 1 0 0 0 
0 1 0 0 0 
1 0 0 0 0 
0 0 0 1 0 
1 0 0 0 0 
0 0 0 0 1 
0 1 0 0 0 
0 0 0 1 0 
1 0 0 0 0 
1 0 0 0 0 
0 0 0 1 0 
0 0 0 1 0 
0 1 0 0 0 
0 0 0 1 0 
0 1 0 0 0 
0 1 0 0 0 
0 0 0 0 1 
0 0 1 0 0 
0 0 0 1 0 
0 0 1 0 0 
0 0 1 0 0 
0 1 0 0 0 
0 0 1 0 0 
0 0 0 0 1 
0 1 0 0 0 
1 0 0 0 0 
0 1 0 0 0 
1 0 0 0 0 
0 0 0 1 0 
0 0 1 0 0 
1 0 0 0 0 
1 0 0 0 0 
1 0 0 0 0 
0 0 0 1 0 
0 0 1 0 0 
0 0 0 1 0 
0 0 0 0 1 
1 0 0 0 0 
0 0 0 1 0 
0 0 0 0 1 
1 0 0 0 0 
0 0 1 0 0 
1 0 0 0 0 
1 0 0 0 0 
0 0 0 0 1 
0 1 0 0 0 
0 0 0 1 0 
0 0 0 0 1 
0 0 1 0 0 
0 1 0 0 0 
0 0 1 0 0 
0 0 0 1 0 
1 0 0 0 0 
1 0 0 0 0 
0 1 0 0 0 
0 0 1 0 0 
1 0 0 0 0 
0 0 1 0 0 
0 1 0 0 0 
0 0 0 1 0 
0 0 1 0 0 
1 0 0 0 0 
0 0 1 0 0 
1 0 0 0 0 
0 0 0 0 1 
0 0 0 1 0 
0 0 0 0 1 
0 1 0 0 0 
0 0 0 0 1 
1 0 0 0 0 
0 0 0 0 1 
0 0 0 0 1 
0 0 1 0 0 
0 0 1 0 0 
0 0 0 0 1 
1 0 0 0 0 
0 1 0 0 0 
1 0 0 0 0 
0 1 0 0 0 
0 1 0 0 0 
0 0 0 0 1 
0 0 0 1 0 
0 0 1 0 0 
0 0 1 0 0 
0 1 0 0 0 
0 1 0 0 0 
0 1 0 0 0 
0 0 1 0 0 
1 0 0 0 0 
0 1 0 0 0 
0 0 1 0 0 
0 1 0 0 0 
0 0 0 1 0 
0 0 0 1 0 
1 0 0 0 0 
1 0 0 0 0 
1 0 0 0 0 
1 0 0 0 0 
0 0 0 0 1 
0 0 0 1 0 
0 1 0 0 0 
0 0 0 1 0 
0 0 0 1 0 
0 0 0 0 1 
1 0 0 0 0 
0 0 1 0 0 
0 0 0 1 0 
0 0 0 0 1 
0 0 0 1 0 
0 0 1 0 0 
0 1 0 0 0 
0 0 1 0 0 
0 0 1 0 0 
0 0 0 1 0 
1 0 0 0 0 
0 0 1 0 0 
1 0 0 0 0 
0 1 0 0 0 
1 0 0 0 0 
0 0 1 0 0 
0 1 0 0 0 
0 0 1 0 0 
0 1 0 0 0 
0 0 1 0 0 
1 0 0 0 0 
1 0 0 0 0 
0 0 0 0 1 
1 0 0 0 0 
0 0 0 1 0 
0 0 0 0 1 
0 0 0 0 1 
0 1 0 0 0 
0 0 1 0 0 
0 0 0 0 1 
0 0 0 1 0 
0 0 1 0 0 
0 0 0 0 1 
0 0 0 1 0 
1 0 0 0 0 
1 0 0 0 0 
0 0 0 1 0 
1 0 0 0 0 
0 0 0 0 1 
0 1 0 0 0 
0 0 0 1 0 
0 0 1 0 0 
0 0 0 1 0 
1 0 0 0 0 
0 0 0 1 0 
0 0 0 1 0 
0 0 1 0 0 
0 1 0 0 0 
0 0 0 0 1 
0 1 0 0 0 
0 0 0 0 1 
0 0 0 0 1 
1 0 0 0 0 
0 0 0 1 0 
