5 100
0.679807
0.645917
0.385731
0.384281
0.586848
11.7926 0.323697
11.6503 0.235184
11.2302 0.376259
10.8413 0.393541
10.335 0.517565
9.84363 0.57275
9.82453 0.256413
9.50488 1.2077
9.07032 0.995818
8.43178 0.185962
7.52374 0.733378
7.48823 2.27753
7.45413 1.78569
7.23906 1.60798
7.17107 1.13916
6.61242 2.41028
6.48933 1.62673
6.41689 2.02277
6.34721 2.27102
6.20433 2.67127
6.00828 2.88012
5.68774 2.42532
5.27173 3.09342
5.24323 2.18906
5.16833 1.98667
5.14212 3.376
5.03375 1.73281
4.81052 2.4062
4.7599 2.16161
4.71394 2.87695
4.46494 3.46432
4.35533 3.49334
4.28725 4.56518
4.28461 2.90738
4.17877 2.862
4.17062 3.07729
4.12374 3.09852
3.97361 4.42231
3.85703 3.22299
3.72163 4.22362
3.67099 2.75906
3.65206 2.91132
3.54971 3.38151
3.2067 3.89849
2.9954 4.55481
2.9942 4.14617
2.80677 5.47198
2.72016 5.64284
2.70658 5.70906
2.62098 4.21873
2.615 5.26028
2.03703 5.97928
1.96076 6.40843
1.9104 5.86972
1.80437 5.12902
1.7053 6.97113
1.60926 6.86608
1.60385 5.38604
1.3959 4.94483
1.22202 7.00273
1.1552 8.24687
1.13286 5.24628
1.10189 5.11181
1.02925 6.35131
1.02798 7.60274
0.986173 5.49149
0.920751 6.55951
0.878283 6.21891
0.852698 8.07012
0.841268 7.07643
0.840372 6.53662
0.762738 6.16143
0.665208 9.21748
0.595337 5.98041
0.57408 6.50961
0.511923 7.88613
0.502239 6.407
0.477835 9.65287
0.439578 9.62158
0.348224 6.13678
0.33103 8.49435
0.326511 6.96252
0.289547 7.18834
0.253911 8.71398
0.213446 9.42711
0.21214 10.1153
0.210112 10.6284
0.204375 10.5601
0.189687 7.25825
0.115937 9.45837
0.0968571 8.79681
0.091315 8.87778
0.0629694 10.331
0.0616802 10.0141
0.0414166 7.94112
0.0300187 7.12381
0.0236548 7.62241
0.0136351 11.0351
0.00584873 11.0624
0.00401696 11.2858
0 0 0 1 0 
0 0 0 0 1 
0 1 0 0 0 
1 0 0 0 0 
0 0 1 0 0 
0 0 1 0 0 
0 0 0 1 0 
0 0 0 1 0 
0 0 0 0 1 
0 0 0 0 1 
0 0 1 0 0 
0 0 0 1 0 
0 1 0 0 0 
0 0 1 0 0 
1 0 0 0 0 
0 0 0 0 1 
0 1 0 0 0 
0 0 0 0 1 
0 0 1 0 0 
0 0 1 0 0 
0 0 1 0 0 
0 1 0 0 0 
0 1 0 0 0 
0 0 0 1 0 
0 1 0 0 0 
0 0 1 0 0 
0 0 1 0 0 
0 1 0 0 0 
0 0 0 0 1 
0 0 0 0 1 
0 0 1 0 0 
0 0 0 1 0 
0 1 0 0 0 
1 0 0 0 0 
0 1 0 0 0 
0 0 0 1 0 
0 0 0 0 1 
0 0 0 1 0 
0 0 1 0 0 
0 1 0 0 0 
0 1 0 0 0 
1 0 0 0 0 
0 0 0 0 1 
0 0 1 0 0 
0 0 0 1 0 
0 0 1 0 0 
0 0 0 1 0 
0 0 0 1 0 
1 0 0 0 0 
1 0 0 0 0 
0 1 0 0 0 
1 0 0 0 0 
0 0 0 1 0 
0 0 1 0 0 
0 1 0 0 0 
0 1 0 0 0 
0 0 1 0 0 
0 1 0 0 0 
0 1 0 0 0 
0 1 0 0 0 
0 0 0 1 0 
0 1 0 0 0 
0 1 0 0 0 
0 0 0 0 1 
0 0 1 0 0 
0 0 0 0 1 
0 0 0 0 1 
0 0 0 0 1 
0 0 0 0 1 
0 0 1 0 0 
0 1 0 0 0 
1 0 0 0 0 
1 0 0 0 0 
0 1 0 0 0 
0 1 0 0 0 
0 0 1 0 0 
0 1 0 0 0 
0 1 0 0 0 
1 0 0 0 0 
0 1 0 0 0 
1 0 0 0 0 
0 1 0 0 0 
0 0 1 0 0 
0 0 0 0 1 
0 1 0 0 0 
0 0 0 0 1 
0 0 0 1 0 
0 0 1 0 0 
0 0 1 0 0 
0 0 0 1 0 
0 1 0 0 0 
0 1 0 0 0 
0 0 1 0 0 
1 0 0 0 0 
1 0 0 0 0 
0 1 0 0 0 
0 0 1 0 0 
0 0 0 1 0 
0 0 0 1 0 
0 1 0 0 0 
