5 150
0.662931
0.329196
0.608715
0.384175
0.618847
11.6412 0.181457
11.038 0.16638
11.0364 0.176588
10.974 0.238834
10.3978 0.113418
10.2431 0.188555
9.89929 0.19125
9.21902 1.59318
9.04343 0.321146
8.74916 0.796878
8.72595 1.25444
8.67284 0.478996
8.59335 0.975927
8.44549 0.935469
8.27607 0.350274
8.24919 1.19094
8.23888 0.620603
8.16461 1.47832
7.76627 1.06644
7.75523 0.388274
7.618 1.87078
7.53578 1.546
7.53053 1.66995
7.50571 1.3351
7.41567 0.837767
7.41193 0.456782
7.403 2.23201
7.31292 1.40139
7.02236 2.45384
6.91139 0.733145
6.88879 2.54661
6.73826 1.7636
6.55847 1.40808
6.46072 1.37507
6.42744 1.28184
6.40437 2.24164
6.38107 1.48051
6.25891 2.5478
6.09849 2.69293
5.94554 3.08382
5.7157 1.35518
5.63139 1.44047
5.43366 1.88317
4.93108 4.48081
4.87124 2.23234
4.83486 2.92669
4.71287 3.61841
4.71071 3.6938
4.64845 3.3385
4.4864 3.18253
4.43873 2.91187
4.38554 2.68224
4.2606 3.9534
4.25421 4.77274
4.20662 3.60155
4.20617 4.13233
4.14694 3.57091
4.11639 2.82529
4.00355 4.18522
3.92191 3.45736
3.8755 4.68312
3.85699 3.94858
3.62361 4.14065
3.56745 4.31678
3.32082 3.8933
3.27087 3.21888
3.19251 4.07371
3.14801 4.80521
3.08532 4.69709
3.04591 3.3016
2.84658 3.78339
2.84038 5.37996
2.80489 3.78914
2.7881 4.54806
2.75176 5.52657
2.70987 5.76694
2.65242 4.22378
2.41768 4.83338
2.32263 5.43994
2.23638 4.33319
2.19267 6.11399
2.17091 4.73333
2.15201 5.61265
2.09515 7.02351
2.0261 7.12747
1.97913 6.05478
1.88619 6.04158
1.86662 6.46402
1.69703 6.15791
1.67419 4.92937
1.65806 4.9526
1.58739 6.13235
1.53836 6.81134
1.53684 5.76026
1.52129 7.39031
1.38838 5.81281
1.33756 4.97485
1.31489 6.15945
1.28009 5.2786
1.22404 7.85244
1.19154 8.15397
1.09825 4.75162
1.09318 7.60847
1.06446 7.41411
1.01768 6.70685
0.989376 7.05424
0.902871 5.7089
0.778391 5.4939
0.745501 5.34465
0.636802 8.79593
0.617408 5.65425
0.612233 9.21873
0.607823 7.43606
0.602913 6.59471
0.600928 7.63074
0.59818 8.55708
0.589639 8.58626
0.565945 8.75069
0.481393 8.83048
0.320166 8.42962
0.298899 7.55414
0.289781 9.85471
0.279903 6.6958
0.272739 9.94737
0.239077 9.7321
0.23432 9.36771
0.222829 10.5344
0.204621 8.20836
0.204276 10.1461
0.195116 10.0692
0.188797 10.3052
0.151649 10.0057
0.142492 9.95494
0.13056 6.92797
0.110318 7.52308
0.107949 8.81855
0.0775939 10.8975
0.0727683 7.75349
0.0371693 10.08
0.0257067 8.07347
0.0254718 10.3897
0.0253638 7.45541
0.0193211 8.46181
0.0165027 8.95632
0.0162831 8.03111
0.0119386 11.8788
0.0095634 7.47448
0.00511076 10.9035
0.00209527 9.85768
0.00151384 9.95044
0.0956223 0 0.400132 0.320131 0.184115 
0 0.239061 0.760939 0 0 
0 0 0.470908 0.202648 0.326445 
0.281107 0.20394 0 0.289105 0.225848 
0 0 1 0 0 
0 0.153045 0.173457 0.18718 0.486318 
0.470343 0.194471 0 0 0.335186 
0 0 0.264093 0.232654 0.503253 
0 0.266894 0.2479 0.485205 0 
0.252022 0 0.286244 0.0895772 0.372157 
0 0.696278 0 0 0.303722 
0.1686 0 0.133001 0.505155 0.193244 
1 0 0 0 0 
0.384249 0 0 0 0.615751 
0.361717 0 0 0.553118 0.0851649 
0.29043 0.36267 0.3469 0 0 
0.216384 0 0.783616 0 0 
0.290014 0.553419 0.156567 0 0 
0.274976 0.233677 0.0728941 0.418454 0 
0.252328 0.174987 0.446926 0.125759 0 
0 0 0.148831 0.54446 0.306709 
0 0.228309 0.334489 0.111275 0.325927 
0 0 0 0.384672 0.615328 
0 0.820322 0 0.179678 0 
0.178133 0.280933 0.222101 0 0.318832 
0.474653 0 0 0.176808 0.34854 
0.202239 0.340859 0.456903 0 0 
0.557208 0 0 0.442792 0 
0.63739 0 0.36261 0 0 
0.131839 0.477572 0 0 0.390588 
0 0 0.519011 0.480989 0 
0.167005 0.327176 0 0 0.50582 
0.172324 0 0 0.508157 0.319519 
0 0.337746 0.164687 0.438912 0.0586551 
0 1 0 0 0 
0 0.338124 0.130606 0.531269 0 
0.390114 0 0.139295 0.054105 0.416486 
0.416548 0 0.583452 0 0 
0.439573 0.392071 0 0 0.168356 
0 0 0 0.566755 0.433245 
0 1 0 0 0 
0.271355 0 0.349521 0 0.379124 
0.306847 0 0.693153 0 0 
0 0.411383 0.198142 0 0.390475 
0.226075 0.226352 0.232308 0.315265 0 
0 0.236864 0.321532 0 0.441605 
0 0 0 0.471633 0.528367 
0 0.741123 0 0.258877 0 
0.501618 0 0 0.498382 0 
0 0.16194 0 0.390326 0.447734 
0.183929 0 0.319993 0.296422 0.199656 
0.306666 0 0.185464 0.50787 0 
0 0.16196 0.738275 0.099765 0 
0 0 0 0.804835 0.195165 
0 0.705416 0 0 0.294584 
0 0.333498 0.124522 0.376936 0.165044 
0.157485 0.359818 0.10927 0.373427 0 
0.303014 0 0 0.696986 0 
0.109362 0.420086 0.470552 0 0 
0.259003 0.255139 0.151804 0 0.334055 
0.18192 0 0.342261 0.249273 0.226547 
0.252714 0.251442 0.393233 0.102611 0 
0.335459 0 0.516196 0 0.148345 
0 1 0 0 0 
0 0 0.447503 0 0.552497 
0.447424 0 0 0 0.552576 
0.447857 0.552143 0 0 0 
0 0.20268 0.383596 0.153661 0.260063 
0.274222 0 0.293805 0.159409 0.272564 
0.386446 0.124501 0 0.0675702 0.421483 
0 0.289207 0.283757 0 0.427036 
0 0.279728 0.21835 0.34454 0.157382 
0 0.34193 0.377618 0.147739 0.132713 
0 0 0.300069 0.153423 0.546508 
0 0.110975 0.314742 0.365898 0.208385 
0 0 0.171336 0 0.828664 
0 0 0.457791 0.542209 0 
0.577211 0 0.422789 0 0 
0.638999 0 0 0.361001 0 
0.214135 0.239177 0.102579 0.231396 0.212713 
0.166383 0 0.519465 0.314152 0 
0.146243 0.2735 0.138151 0.129759 0.312347 
0.0871529 0.0541364 0.280185 0.107882 0.470644 
0.318865 0.328559 0.271191 0.0813856 0 
0.123248 0 0 0.623024 0.253729 
0.373102 0.148688 0 0.118556 0.359654 
0.261956 0.299274 0.165099 0.273671 0 
0.414046 0.403201 0.182753 0 0 
0 0 0 1 0 
0 0 0 0.600863 0.399137 
0 0.0914535 0.375485 0.343541 0.189521 
0 0.361463 0.33882 0 0.299718 
0.468568 0 0.144227 0.120892 0.266313 
0.0505198 0 0.396867 0.203165 0.349449 
0.288433 0.0622743 0.277086 0.272697 0.0995092 
0.111698 0.253702 0 0.219865 0.414735 
0.491596 0 0.508404 0 0 
0 0.505974 0.191183 0.302844 0 
0.11332 0.420483 0 0.189702 0.276495 
0 0 0.706611 0.293389 0 
0.28658 0 0 0 0.713421 
0 0.525463 0.27724 0 0.197297 
0 0.0585962 0.28471 0.43338 0.223314 
0.114778 0.283788 0 0 0.601433 
0 0 0.478747 0.521253 0 
0 0 0.468191 0 0.531809 
0.244928 0.253232 0.297067 0.204773 0 
0 0.296702 0.257384 0.323583 0.122332 
0.44047 0.0735135 0.486017 0 0 
0 1 0 0 0 
0.486929 0.513071 0 0 0 
0 0.129327 0.350951 0.167919 0.351803 
0.416701 0.0455258 0 0.213445 0.324329 
0.399944 0 0.0828061 0.51725 0 
0.300689 0.360964 0.0720033 0.266344 0 
0.0869389 0.214186 0.251029 0.209522 0.238324 
0.348972 0.0687361 0 0.351568 0.230724 
0.483312 0.516688 0 0 0 
0.499231 0 0 0.500769 0 
0 0.46613 0.175021 0.358849 0 
0.428879 0 0 0.571121 0 
0 0.276556 0.162812 0.463548 0.097084 
0.46009 0.242761 0.297149 0 0 
0 0.550607 0 0.217604 0.231789 
0.23015 0 0.263876 0.253447 0.252527 
0 0.413046 0 0 0.586954 
0.209658 0.313495 0 0.278929 0.197918 
0.37464 0.433647 0 0 0.191713 
0.539111 0.204536 0.256353 0 0 
0 0.143945 0.170422 0.685632 0 
0.492541 0 0 0.507459 0 
0.358458 0.313542 0 0.328 0 
0 0.50057 0 0.49943 0 
0.191202 0.472402 0 0 0.336396 
0.362627 0 0.339871 0 0.297502 
0.214074 0 0 0.302422 0.483504 
0.237978 0 0.401828 0.0650846 0.29511 
0 0.300302 0 0.306267 0.393432 
0.255385 0.277571 0.175821 0.291224 0 
0 0.213162 0 0.199596 0.587242 
0.289416 0 0.362858 0 0.347726 
0 0.385714 0.614286 0 0 
0.665194 0 0.121259 0 0.213547 
0 0 0.579607 0.420393 0 
0 0 1 0 0 
0 0 0 1 0 
0.474129 0.127259 0.243383 0 0.155228 
0.114422 0.284095 0.113825 0.22446 0.263198 
0.279096 0 0.297502 0.141193 0.282209 
0.290251 0.344122 0 0.365628 0 
