5 100
0.721511
0.573313
0.513283
0.570215
0.429785
10.3524 0.809963
10.18 0.713119
9.85234 0.711512
9.32193 0.138555
8.9497 0.496539
8.79059 0.525337
8.38958 0.347816
8.35024 1.16989
7.51165 1.31196
6.92688 0.973064
6.5543 1.39388
6.46268 1.66957
6.44789 1.14322
6.43264 2.03487
6.00521 1.36933
5.78447 2.75733
5.69853 1.20178
5.68138 2.84082
5.32973 3.07866
5.17865 1.78093
5.10236 3.65665
5.04261 1.9558
4.9201 3.47676
4.85737 2.22088
4.79489 3.27989
4.78112 3.0477
4.62888 4.27217
4.33144 3.80305
4.31604 2.91452
4.23426 4.85366
4.15255 2.46843
4.04105 4.62826
4.03392 3.22583
4.00558 3.49356
3.97727 4.02642
3.84469 3.63296
3.76807 5.03753
3.72207 4.76656
3.6966 3.28916
3.60996 3.64414
3.53602 4.11512
3.49056 3.94074
3.46681 3.94465
3.37261 3.68541
3.31186 3.18179
3.25668 5.14749
3.24438 2.74992
3.06474 5.29617
3.00551 4.67881
2.95458 3.66133
2.75921 4.29412
2.69163 3.88507
2.65777 3.90918
2.61463 3.92572
2.55841 4.76721
2.55478 5.77473
2.4373 6.11596
2.2971 4.49553
2.19251 6.2731
2.0939 7.07528
2.04599 5.06581
2.01812 6.78635
1.85872 6.54669
1.82074 7.19761
1.67742 5.60465
1.59249 7.78463
1.57672 6.82324
1.51171 6.00484
1.46115 6.46836
1.35693 5.29368
1.23279 5.3846
1.20603 7.61978
1.18394 5.59315
1.03395 5.3141
0.811246 7.78917
0.715674 6.24997
0.639751 6.19981
0.48963 7.83492
0.459712 9.25512
0.450763 7.35496
0.448998 5.89489
0.325942 8.28279
0.323535 7.64399
0.30741 10.1869
0.278509 8.44616
0.264155 10.0233
0.264095 9.51949
0.206186 7.56242
0.188863 8.12054
0.172874 10.8558
0.161471 6.89772
0.1467 10.0213
0.0986005 8.3509
0.0666984 11.255
0.05261 7.03444
0.0454005 10.6604
0.0252745 9.37044
0.0155363 10.4557
0.00354364 8.12313
0.00139479 7.67438
0.318443 0 0.53884 0.142717 0 
0.445669 0.194852 0 0.359479 0 
0 0 0.649093 0 0.350907 
0 0.615062 0 0.384938 0 
0 0 0 0 1 
0 0 0.566176 0.433824 0 
0 0 0 0 1 
0 0 0 0 1 
0 0 0 0 1 
0 0.257775 0.742225 0 0 
0 1 0 0 0 
0 1 0 0 0 
0 0.473028 0 0.448145 0.0788275 
0 1 0 0 0 
0 0 0 1 0 
1 0 0 0 0 
0 0 0.320291 0 0.679709 
0.564982 0 0 0.435018 0 
0 0 0 1 0 
0 0 0 1 0 
0 0 0 1 0 
0 0 0 0 1 
0 0 0 1 0 
0 0 0 0.180587 0.819413 
0 0.273322 0.726678 0 0 
0.520989 0 0 0 0.479011 
0 1 0 0 0 
0 0.395423 0.282914 0.321663 0 
1 0 0 0 0 
0 0.516236 0 0 0.483764 
0 0.360288 0 0.639712 0 
0.395371 0 0 0 0.604629 
0 1 0 0 0 
1 0 0 0 0 
0.408976 0 0.381134 0 0.20989 
0 1 0 0 0 
0 1 0 0 0 
0 0 0 1 0 
0 0 1 0 0 
0 0.398935 0 0.237389 0.363676 
0 0 0 0.569055 0.430945 
0 0 1 0 0 
0 0 0 1 0 
0.254948 0.745052 0 0 0 
0 0.3525 0 0.498514 0.148987 
0 1 0 0 0 
0.348409 0 0.651591 0 0 
1 0 0 0 0 
1 0 0 0 0 
0.332859 0.377209 0 0.289932 0 
0 0 0 0 1 
0.337748 0.662252 0 0 0 
0 1 0 0 0 
0 0 0 1 0 
0 1 0 0 0 
0.149613 0 0.504168 0.346219 0 
0 0.260367 0 0 0.739633 
0 0.4726 0 0.5274 0 
0 0 0 1 0 
0 0 1 0 0 
0 0.487205 0.512795 0 0 
1 0 0 0 0 
0 0 0 1 0 
0 0 0 0 1 
0.331002 0.668998 0 0 0 
0 0 0 0 1 
1 0 0 0 0 
0 0 1 0 0 
0 0 0 0 1 
0 0 0 1 0 
0 0 0 1 0 
0 0 0.833858 0 0.166142 
0 0.722547 0.277453 0 0 
0 1 0 0 0 
0 1 0 0 0 
0.558976 0 0.441024 0 0 
0 0 0.530273 0 0.469727 
0 0 0 1 0 
0 1 0 0 0 
0 0 0 0 1 
0 0 0 0.505624 0.494376 
0.455348 0 0.544652 0 0 
0 1 0 0 0 
1 0 0 0 0 
0 0.536181 0.463819 0 0 
0 0 0 0.812158 0.187842 
0 1 0 0 0 
1 0 0 0 0 
0 0 0.11818 0.88182 0 
0 0.518341 0 0 0.481659 
0 0 1 0 0 
0 0 0 0 1 
0 1 0 0 0 
0 0 0 0 1 
1 0 0 0 0 
0.652014 0 0 0 0.347986 
0 0 0.454817 0 0.545183 
0 0 0 1 0 
0 0 0 1 0 
0 0 0 1 0 
