5 100
0.633068
0.394993
0.474921
0.618114
0.348972
10.202 0.729838
10.1815 0.261459
10.0669 0.713317
9.62759 1.28124
9.32944 0.873874
9.28749 0.862483
9.28626 1.20071
8.15028 0.904557
8.00501 1.6431
7.83972 0.551975
7.81404 2.0569
7.79695 0.850738
7.39881 0.472865
7.31169 0.802927
7.28874 0.215248
7.24917 1.56927
7.09823 1.22183
6.85291 1.49062
6.25258 2.5109
6.0725 2.87594
5.91554 2.84026
5.71629 1.92951
5.60381 2.41653
5.33437 2.77711
5.33021 3.53078
5.27984 2.59622
5.13296 2.46489
4.90646 1.96202
4.69367 2.37685
4.65233 3.53368
4.47107 2.51962
3.91198 4.94919
3.8716 3.65142
3.7676 3.45012
3.53022 4.32419
3.50011 3.45002
3.26054 3.33951
3.08017 2.99138
2.98377 3.8054
2.96615 3.38601
2.96078 4.69824
2.88752 4.19284
2.54944 6.03386
2.35711 4.04089
2.30967 6.28332
2.27202 4.7598
2.2495 4.54359
2.1716 6.38064
2.16176 5.17052
2.1556 5.31495
2.04113 5.31195
1.99037 4.93273
1.97107 4.54983
1.92243 4.42023
1.81295 7.6766
1.77531 6.34571
1.75033 6.00206
1.72525 6.54981
1.69781 6.08836
1.65066 5.91601
1.62703 4.80541
1.43851 5.02311
1.4358 6.16559
1.29058 6.13249
1.22315 6.07422
1.14218 7.60512
1.13804 4.81189
1.10829 7.05731
0.959662 6.86174
0.830391 7.66406
0.79272 6.30542
0.727281 6.5649
0.580797 9.51655
0.575857 7.06543
0.501341 8.96319
0.493023 8.90974
0.360508 6.44043
0.354305 6.98324
0.284167 6.57508
0.277069 7.05976
0.258829 10.2948
0.241811 9.71179
0.239812 7.86261
0.225325 9.82821
0.217861 10.4596
0.197822 6.36133
0.153909 7.60309
0.116816 8.07981
0.0585594 9.95956
0.0549527 9.50374
0.0536237 9.50038
0.0497628 9.26444
0.0231557 11.8097
0.0184012 7.28122
0.0140777 11.8704
0.012633 7.28582
0.0115194 8.65957
0.0104056 12.0785
0.00934152 7.43626
0.00127181 7.97984
0.382689 0 0.414785 0 0.202526 
0 0 0.136188 0 0.863812 
0.405163 0 0 0.430202 0.164635 
0.369034 0.114268 0.350537 0 0.166161 
0.304457 0.295417 0.164178 0 0.235948 
0.50311 0 0.49689 0 0 
0 0 0 0.365842 0.634158 
0.246921 0 0.232156 0.248355 0.272568 
0.366255 0 0.287581 0 0.346164 
0 0.321615 0.249885 0.158457 0.270043 
0 0.208273 0.430934 0.0656753 0.295117 
0.149525 0 0.542189 0 0.308286 
0 0.547411 0.0727101 0.121314 0.258566 
0.234282 0.259897 0.147427 0 0.358394 
0.410872 0 0.197441 0.391687 0 
0 0 0 0 1 
0.198265 0.337084 0.252478 0 0.212173 
0.381225 0.456849 0.161926 0 0 
0 0 0.393712 0.423186 0.183102 
0.339002 0.135847 0.19993 0 0.325221 
0.241563 0.174454 0.4458 0.0573594 0.0808234 
0 0.435482 0 0.564518 0 
0.308512 0.229754 0.246128 0.105012 0.110594 
0 0 1 0 0 
0.358276 0.294451 0.141776 0 0.205497 
0.79715 0 0 0 0.20285 
0 0 0.580368 0.419632 0 
0 0.360008 0.639992 0 0 
0.312186 0.295131 0.150523 0.242159 0 
0.218281 0 0.253833 0.152693 0.375193 
0 0.450792 0.112653 0.165789 0.270767 
0.165674 0 0.312657 0.291669 0.23 
0 0.506753 0.237522 0 0.255725 
0.425451 0 0.0825993 0 0.49195 
0.344093 0 0.342486 0.226158 0.087262 
0.421111 0 0.113632 0.465256 0 
0.236606 0.223573 0.244063 0.0597795 0.235978 
0.395684 0.301989 0 0.302328 0 
0.309705 0.196428 0 0 0.493867 
0 0.224798 0.298488 0.301282 0.175432 
0 0 1 0 0 
0.322739 0.373967 0 0 0.303294 
0.362817 0.334821 0.230337 0.0720248 0 
0.151849 0.337193 0.0593503 0.191473 0.260135 
0.294774 0 0 0 0.705226 
0.364329 0.334437 0.11162 0 0.189614 
0 0 0.271242 0.728758 0 
0.299157 0.274741 0 0.157789 0.268314 
0 0.383455 0 0.616545 0 
0 0 0.0726985 0.355942 0.571359 
0.133673 0 0.556918 0 0.309409 
0 0.231202 0.145518 0.26061 0.36267 
0 0 0.100424 0.528461 0.371115 
0.863815 0 0 0.136185 0 
0 0.205473 0 0 0.794527 
0 0.527132 0 0.472868 0 
0.693028 0.189063 0.117909 0 0 
0 0.635149 0.364851 0 0 
1 0 0 0 0 
0 0.393211 0.20401 0.117018 0.285761 
0 1 0 0 0 
0 0 0 1 0 
0 0 0 0 1 
0 0.807457 0 0.192543 0 
0 0 0.436278 0.177833 0.385889 
0 0.590342 0.409658 0 0 
0.116639 0 0.44199 0.289465 0.151905 
0 0 0 0.488563 0.511438 
0 0.236988 0 0.763012 0 
0.264541 0.191517 0.240593 0 0.303349 
0 0.215319 0 0.784681 0 
0 0.232437 0 0.590197 0.177366 
0.101462 0.290422 0 0.532867 0.0752486 
0.373181 0 0.214416 0.305597 0.106806 
0 0 0 0.426201 0.573799 
0.539241 0 0 0 0.460759 
0.426883 0.289027 0.0958982 0 0.188191 
0.442929 0.0660279 0.388985 0.102058 0 
0.201383 0.314921 0.253434 0.230262 0 
0.213286 0.397081 0.077557 0.0954252 0.216651 
0 0.427874 0.259725 0.312401 0 
0.276519 0 0 0.422515 0.300966 
0 1 0 0 0 
0.321708 0.311389 0.110022 0 0.256881 
0 0 0 0.41105 0.58895 
0.352561 0.647439 0 0 0 
0.804139 0 0 0 0.195861 
0.308919 0 0.333655 0.104942 0.252483 
0 0.20587 0.654632 0 0.139498 
0 0.287763 0.377274 0 0.334963 
0 0 0 0.59572 0.40428 
0 0 0.5696 0 0.4304 
0.149617 0 0.130625 0 0.719759 
0.15247 0 0 0.514029 0.333501 
0 0 0.339774 0 0.660226 
0.196788 0.185342 0.30397 0 0.3139 
0.306732 0.204214 0.160124 0.32893 0 
0.268825 0 0.327035 0.40414 0 
0.105076 0.263794 0 0.10145 0.52968 
0.309019 0 0 0.517269 0.173712 
