5 200
0.672361
0.336932
0.352664
0.475043
0.255188
11.6314 0.139953
11.3928 0.360777
10.0343 0.293589
9.95096 0.773954
9.48685 0.160403
9.47044 0.500001
9.2853 0.160063
9.23898 0.413798
9.19594 1.23389
9.07216 0.959029
9.04067 1.24622
9.03715 1.32479
8.98155 0.934679
8.95392 0.59582
8.82681 0.953285
8.6996 0.588896
8.06216 0.831029
8.04798 2.02281
8.03591 0.2178
7.84264 2.47901
7.82137 0.504281
7.71992 2.016
7.70489 0.804668
7.59968 0.771701
7.37541 0.68487
7.37482 0.815696
7.30577 1.72393
7.23072 1.70654
7.21022 1.40062
7.11983 1.01132
6.82608 0.532764
6.72324 2.04616
6.67717 1.50876
6.45416 1.49045
6.43367 1.42333
6.40917 1.40022
6.38944 1.60602
6.38223 2.49217
5.97092 2.18738
5.90337 3.33621
5.88801 0.86345
5.86284 2.02063
5.79581 2.99416
5.72282 2.00246
5.63018 1.87059
5.60681 3.24059
5.60547 2.10001
5.55011 3.50949
5.54819 2.43798
5.51063 2.56051
5.46802 2.86914
5.4377 2.18269
5.27845 2.05028
4.87553 3.30129
4.8503 3.10921
4.77136 3.33448
4.75987 2.80947
4.72224 4.42576
4.61301 3.64551
4.57593 1.92601
4.51795 3.62196
4.38333 1.97787
4.36364 2.26789
4.35328 3.00074
4.29393 3.00481
4.14011 3.20657
4.0485 3.76048
4.01392 4.46934
3.99633 3.01161
3.93286 3.29668
3.92912 3.94983
3.83395 3.63327
3.77281 4.02438
3.71877 5.53138
3.71865 3.7334
3.5383 3.99649
3.51168 3.84132
3.37213 3.51734
3.3415 3.40425
3.32062 4.3855
3.29671 4.35993
3.25328 5.12154
3.23079 4.10819
3.09923 5.18259
3.03941 3.7408
3.02452 5.2829
2.94154 5.98978
2.93999 3.9325
2.91796 3.07642
2.8765 3.67089
2.81989 4.87974
2.76602 4.7732
2.70622 3.12394
2.64137 4.26508
2.63172 5.2259
2.6317 5.73899
2.55167 3.78524
2.54407 3.26916
2.44277 5.32404
2.38765 6.14403
2.34879 5.50954
2.33033 3.72326
2.32232 5.48434
2.29687 6.45456
2.27709 5.8701
2.266 4.85854
2.24313 4.71589
2.22129 4.21729
2.18723 6.68961
2.09745 5.71909
2.09191 5.78838
2.05816 5.26484
2.02683 6.42065
2.02015 6.69652
2.0132 5.52672
1.95778 6.16019
1.93507 4.15425
1.92919 6.8082
1.90249 6.27963
1.86068 7.3099
1.78643 5.80776
1.77365 6.03344
1.76883 6.41614
1.7492 5.97717
1.69369 5.1005
1.69225 6.35261
1.67191 6.85975
1.64067 6.60214
1.62167 5.92867
1.58123 5.2897
1.49022 6.53931
1.47232 4.63248
1.45423 6.28383
1.44702 7.77904
1.42888 8.05237
1.3404 7.23381
1.33581 4.90708
1.13169 6.76529
0.975702 6.75738
0.968815 7.12659
0.936861 7.37439
0.917403 6.51513
0.88428 6.32318
0.837362 6.99328
0.804581 8.20823
0.780867 8.36986
0.701216 9.30068
0.683722 8.68494
0.631368 8.8536
0.624718 5.77697
0.606348 7.01746
0.603778 8.78719
0.597686 7.45352
0.529238 6.3784
0.527316 7.79275
0.523919 9.02928
0.457053 9.85608
0.452222 7.24956
0.449894 8.13967
0.439609 8.16646
0.432965 9.8587
0.340904 8.0474
0.339408 7.31979
0.331276 8.07059
0.263444 8.00156
0.245018 8.72774
0.235556 8.45272
0.204768 7.01649
0.181236 9.26233
0.180961 9.05296
0.156341 7.99162
0.14283 10.2767
0.127874 8.10619
0.0954557 7.38067
0.0920414 7.72044
0.0826297 7.13809
0.0665495 10.6861
0.0535683 7.0861
0.0480661 10.6175
0.0447054 9.70241
0.0371483 7.54293
0.0309955 11.5872
0.019408 11.6907
0.0187144 8.85754
0.01589 11.3957
0.0137471 11.5789
0.0130369 11.1725
0.0114975 8.15471
0.011458 7.74882
0.00798135 8.23453
0.00437852 10.8833
0.00437729 8.55744
0.00434739 11.62
0.00325108 10.8645
0.00198313 11.393
0.00156637 11.5324
0.00151293 10.4058
0.00149233 10.7477
0.00140177 10.1412
0.00105381 9.7327
0.263952 0.0974088 0.145119 0.0974912 0.396029 
1 0 0 0 0 
0 0 0 0 1 
0 0.574526 0 0.079129 0.346345 
0.412113 0 0.0747518 0 0.513135 
0.0716507 0.369928 0.2446 0 0.313822 
0 0.424939 0.404131 0 0.17093 
0.284417 0.0826248 0.338838 0.29412 0 
0.290029 0.150734 0.280986 0 0.278251 
0.265069 0 0.172345 0.562585 0 
0.582791 0 0.417209 0 0 
0.904976 0 0 0.0950237 0 
0 0.11075 0.476143 0.413107 0 
1 0 0 0 0 
0.14644 0.286374 0.224508 0.109702 0.232976 
0.110375 0.635259 0.254365 0 0 
0.163146 0.345256 0.337815 0.153784 0 
0 0.566118 0.433882 0 0 
0 0 0.665528 0 0.334472 
0 0.735753 0.264247 0 0 
0.39627 0.364363 0 0 0.239367 
0 0.195494 0.482477 0 0.322028 
0.288417 0.114433 0.258483 0.11055 0.228117 
0 0.175842 0 0.368003 0.456156 
0.385325 0.128901 0.173898 0 0.311876 
0 0.488985 0 0 0.511015 
0.28395 0 0 0.517507 0.198544 
0 0.654035 0 0 0.345965 
0 0.217717 0.471426 0 0.310857 
0 0 0.101899 0.472528 0.425574 
0 0.295139 0.0897423 0.282291 0.332827 
0 0.2207 0.479503 0.299796 0 
0.170349 0.264401 0.192368 0.372881 0 
0.250024 0 0.317403 0.138974 0.293598 
0.772763 0 0 0.227237 0 
0.396185 0.365091 0.238724 0 0 
0 0.281397 0.0483961 0.408335 0.261872 
0.150392 0 0.154557 0.231373 0.463678 
0.0536835 0.27769 0.248429 0.272014 0.148183 
0.302751 0.135371 0.272587 0.051065 0.238226 
0.181795 0.180932 0.290302 0.290337 0.0566333 
0.218046 0.382309 0 0.133843 0.265802 
0 0.495836 0 0.359445 0.144719 
0.462183 0.42523 0.112587 0 0 
0 0 0.348338 0.651662 0 
0 0.0787594 0 0.454467 0.466773 
0 0.262126 0 0.337808 0.400066 
0 0.218739 0.583603 0.197658 0 
0.31879 0.249611 0.317825 0.0558809 0.0578943 
0.171183 0.0996036 0.320286 0.212444 0.196484 
0.840076 0 0 0.159924 0 
0 0 0.304325 0.50585 0.189825 
0.26271 0 0.230914 0 0.506376 
0 0.181505 0.348303 0.0487673 0.421425 
0 0 0 1 0 
0 0.211571 0 0 0.788429 
0.21126 0.325186 0 0 0.463554 
0.556953 0.188155 0.0631396 0 0.191753 
0 0.37753 0 0.296189 0.326281 
0.194693 0 0 0.47839 0.326917 
0.0971854 0 0.362193 0.540622 0 
0 0.673768 0.326232 0 0 
0 0 0.389249 0.610751 0 
0.260282 0 0.320368 0.144823 0.274528 
0.560698 0.323493 0.115809 0 0 
0.14509 0.394989 0.0625883 0.397333 0 
0.111992 0.2627 0.0793572 0.249941 0.296009 
0.201498 0.627513 0 0 0.170988 
0.246087 0 0 0.510718 0.243194 
0.0838035 0.171204 0 0.513738 0.231255 
0 0 0.436813 0.563187 0 
0 0 0.30354 0.240515 0.455946 
0.304837 0 0.695163 0 0 
0 0 0.464074 0.456087 0.0798391 
0.176867 0.421857 0 0 0.401275 
0 0.265698 0.49673 0.237572 0 
0.277162 0.333881 0.388957 0 0 
0.274299 0 0.120457 0 0.605244 
0.274079 0 0.519813 0.206108 0 
0.435354 0 0.199631 0 0.365015 
0.105748 0.104447 0.328667 0 0.461137 
0.317753 0.300117 0 0.38213 0 
0.277553 0.205416 0.169152 0.120044 0.227836 
0.211389 0.552985 0.235626 0 0 
0 0 0 0.502993 0.497007 
0.343724 0.656276 0 0 0 
0.122024 0.238903 0 0.26296 0.376113 
0.409703 0 0 0.357953 0.232344 
0 0.427835 0 0 0.572165 
0 0 0.193193 0.806807 0 
0 0 0.223028 0.374788 0.402184 
0.213302 0.288462 0.264482 0.233754 0 
0.408074 0 0 0.335074 0.256852 
0.231419 0 0.65167 0 0.11691 
0 0 0.315217 0.369799 0.314985 
0 0.15326 0.185879 0 0.660861 
0.253894 0.22345 0.321418 0 0.201237 
0 0.756079 0.243921 0 0 
0.166451 0.383296 0.0835787 0 0.366674 
0 0 0 1 0 
0.493046 0 0.22414 0 0.282815 
0 0.141689 0.232596 0.339896 0.285819 
0 0.475558 0.524442 0 0 
0.276653 0 0.233592 0.489755 0 
0 0.232356 0.603575 0.164069 0 
0 1 0 0 0 
0.39062 0 0 0.311726 0.297654 
0.144267 0.287364 0 0.267987 0.300382 
0 0 0.488817 0.149849 0.361334 
0 0 0.220559 0 0.779441 
0.338684 0.337478 0 0 0.323838 
0.374747 0.23206 0.0948014 0.298392 0 
0 0.457375 0.542625 0 0 
0 0.725967 0 0 0.274033 
0.47724 0.135674 0.387086 0 0 
0 0 0.204566 0 0.795434 
0 0 0 0.796167 0.203833 
0.19512 0.313039 0.226847 0.0805583 0.184435 
0.171982 0 0 0.417012 0.411006 
0 0.185883 0.246065 0.479545 0.0885075 
0.213217 0.219904 0 0.202736 0.364143 
0.452953 0 0.0704751 0 0.476572 
0.435886 0 0.177293 0 0.386821 
0 0.538111 0.461889 0 0 
0.85129 0 0.14871 0 0 
0 0.56966 0.154183 0 0.276156 
0 0.411161 0.19735 0.391489 0 
0.523924 0 0 0.476076 0 
0.112151 0.489987 0.397861 0 0 
0.54571 0 0 0.102172 0.352118 
1 0 0 0 0 
0.30869 0.350337 0 0 0.340973 
0.0912739 0.209467 0.193209 0.272992 0.233058 
0.373207 0.291109 0.335683 0 0 
0.356313 0 0 0.475909 0.167778 
0.380146 0 0.619854 0 0 
0 0.0969561 0 0.657889 0.245155 
0 0 0 0 1 
0.52601 0 0 0.47399 0 
0.340478 0 0.303609 0.308887 0.047026 
0.261227 0.180153 0 0.310192 0.248428 
0.247548 0.102193 0.387564 0.081689 0.181006 
0.24905 0.288624 0 0.172395 0.289931 
0.266124 0 0.327485 0.406391 0 
0.346959 0.520339 0 0.132701 0 
0.233829 0 0.421089 0 0.345082 
0 0 0.455616 0 0.544384 
0.106748 0.412102 0 0 0.48115 
0.425172 0 0 0.326776 0.248052 
0 0.854232 0 0 0.145768 
0.482951 0 0.282952 0 0.234097 
0.373351 0.359122 0.267527 0 0 
0.232034 0.26209 0.247653 0.258223 0 
0 0 0.508653 0.371259 0.120088 
0.303492 0 0.280937 0.242365 0.173205 
0 0.387952 0 0 0.612048 
0 0.62959 0.37041 0 0 
0.116553 0.59246 0.205636 0 0.08535 
0.427076 0 0.237306 0.335618 0 
0 0 0.411987 0 0.588013 
0.268964 0 0 0 0.731036 
0.329045 0 0.263218 0 0.407737 
0.0951111 0.22292 0.417441 0.264528 0 
0.703048 0 0.201612 0.0953401 0 
0.166738 0.0680341 0 0.399507 0.365721 
0 0 0 0.380815 0.619185 
0.251844 0 0 0 0.748156 
0.274617 0.262161 0.109894 0.275522 0.0778061 
0.126291 0.593557 0 0.280152 0 
0 0.522107 0.0918018 0.271941 0.11415 
0 0.415643 0.584357 0 0 
0.407587 0 0.592413 0 0 
0.26097 0 0 0.371603 0.367427 
0 0.796963 0 0 0.203037 
0.564166 0 0.134817 0.167566 0.133451 
0 0.317676 0.30547 0.376853 0 
0 0.6901 0.3099 0 0 
0.147113 0.28575 0 0.567137 0 
0 0.238886 0.441372 0.319741 0 
0 0.382368 0.279408 0 0.338224 
0.257934 0.285628 0.179659 0.118205 0.158574 
0.308172 0 0 0.239948 0.45188 
0.411517 0 0.443417 0.145066 0 
0 0.51314 0 0.277387 0.209473 
0 1 0 0 0 
0 0 1 0 0 
0.294573 0.340831 0 0.364596 0 
0 0 0.693674 0 0.306326 
0.513407 0 0 0 0.486593 
0 0.632718 0 0.367282 0 
0 0 0 0.482495 0.517505 
0 0.509033 0.147216 0.228512 0.115239 
0.709518 0.290482 0 0 0 
0 0.0850031 0 0.461416 0.453581 
0.119774 0.11198 0.303486 0.313068 0.151692 
0 0.460362 0.0861041 0 0.453534 
0.218939 0.103126 0.226391 0.079236 0.372308 
0 0 0.449266 0.372051 0.178682 
0 0 0 0 1 
0.475229 0 0 0.524771 0 
