5 200
0.605922
0.324557
0.57049
0.392552
0.700804
11.2217 0.370412
10.6517 0.261597
10.61 0.81528
10.4314 0.487666
9.46229 0.428192
9.35516 0.65983
9.34089 0.324697
9.23268 0.172251
9.02051 1.229
9.01086 1.02157
8.8745 1.48663
8.83504 0.668895
8.73695 1.12933
8.68003 0.485374
8.62332 1.32383
8.41522 0.0885166
8.33842 1.41801
7.98731 1.399
7.96231 1.08478
7.95654 0.219981
7.90855 1.14168
7.89582 1.36141
7.81808 1.46417
7.74275 1.54489
7.6242 0.256625
7.54809 2.22223
7.45222 2.21327
7.42259 1.67954
7.31689 1.40342
7.2348 1.00086
7.19449 0.199058
7.05141 1.20899
6.9707 1.6389
6.96512 1.42606
6.93114 0.815328
6.86334 0.943932
6.85683 2.391
6.81744 2.72568
6.78024 2.06973
6.77935 1.53635
6.55264 0.943131
6.53657 1.07488
6.53606 2.1526
6.51635 0.723738
6.51334 1.0729
6.50407 0.734025
6.36343 1.87813
6.23553 2.77958
6.19978 1.76823
6.18928 1.83585
6.1837 2.27982
6.01821 1.45696
6.00146 1.52819
5.99173 3.24938
5.95138 1.00047
5.92847 1.77223
5.90378 1.28026
5.78632 2.52475
5.60411 2.61671
5.55877 3.2942
5.55761 3.49711
5.48845 2.04528
5.38276 1.96223
5.36976 2.14602
5.10745 2.90983
5.09195 3.06063
5.06834 2.73967
5.02037 2.5802
4.71914 3.07636
4.67147 3.6023
4.62499 3.49103
4.4455 4.09061
4.31429 3.20813
4.24049 2.92536
4.21284 4.37429
4.13111 2.20375
3.95509 3.54079
3.83625 3.66227
3.72993 4.50838
3.7297 3.25812
3.71582 3.92135
3.51463 3.68078
3.49393 4.22916
3.45288 2.49071
3.43507 4.41542
3.40918 4.12232
3.15273 4.61716
3.14266 4.58112
3.04063 4.48889
2.98042 5.29223
2.89001 4.19042
2.85333 5.7619
2.79962 4.99904
2.78975 4.60167
2.72348 3.25348
2.64991 3.36979
2.59384 5.931
2.56516 3.3583
2.51662 4.63527
2.38073 5.12989
2.37875 4.17812
2.36434 6.44501
2.20281 4.65528
2.18045 5.82172
2.16856 4.4709
2.12281 5.87048
2.10997 5.12884
2.09054 5.52997
2.069 4.82211
2.01056 5.07409
1.98522 4.38339
1.97778 4.11788
1.97218 7.10395
1.85618 5.65551
1.78283 7.36607
1.73174 5.02071
1.71508 5.86331
1.7048 6.02831
1.69332 6.7505
1.67021 6.91097
1.64228 6.80314
1.61028 6.32977
1.55478 4.47527
1.53158 5.70199
1.44871 4.62136
1.37802 4.75656
1.37108 6.80854
1.36626 5.48799
1.35515 5.56116
1.34999 7.47139
1.2157 7.58531
1.11028 7.6677
1.0815 8.5608
1.02737 8.1011
1.00245 7.1957
0.99573 6.6943
0.987281 6.30835
0.968039 7.27557
0.964721 5.65334
0.937107 8.48239
0.913484 6.63186
0.845806 8.91147
0.788258 5.98803
0.786141 8.02284
0.697662 5.51722
0.682112 7.08499
0.624773 9.26768
0.600587 7.22754
0.589609 8.2585
0.536202 5.53643
0.522944 6.2518
0.512735 7.17886
0.511411 6.90618
0.502898 7.36568
0.494402 6.26978
0.453006 6.67968
0.402565 8.35717
0.368941 8.10866
0.354418 9.40847
0.353351 8.8224
0.345723 7.36678
0.305238 7.1703
0.303345 9.57281
0.288069 9.99552
0.27769 8.14541
0.272995 7.7522
0.246048 9.82974
0.237935 10.229
0.230364 8.68279
0.215281 10.434
0.20164 9.27416
0.187235 7.41785
0.162081 8.40371
0.160581 10.3723
0.159646 6.98051
0.15702 7.67196
0.142026 7.47516
0.135501 8.94875
0.118105 10.8679
0.116009 8.2555
0.0993874 7.38527
0.0883563 9.47142
0.0855884 7.95777
0.0743848 8.4087
0.0739121 7.79029
0.0660132 9.93277
0.0610281 8.38072
0.0608485 10.4025
0.0581692 9.08523
0.0559328 10.346
0.048735 8.79493
0.0452338 9.26914
0.0250809 8.86047
0.023877 9.27257
0.0137449 10.9654
0.0134982 7.75404
0.0071695 8.45421
0.00615384 8.86872
0.00295071 8.66222
0.00266927 10.6372
0.397951 0.123379 0 0.383531 0.0951382 
0 0.320034 0 0.324217 0.355748 
0 0.69338 0.306619 0 0 
0 0.386369 0.11877 0.437993 0.0568677 
0.54449 0 0.0981525 0.357357 0 
0.336587 0.215439 0.447974 0 0 
0.277002 0.283651 0 0 0.439347 
0 0 0.37689 0.433018 0.190092 
0.774436 0 0.225564 0 0 
0.148193 0.0978216 0.180513 0.300828 0.272645 
0.332462 0.297327 0.370211 0 0 
0 0 0.776881 0 0.22312 
0.439394 0.457856 0 0 0.10275 
0.40019 0.31394 0.0698006 0.216069 0 
0 0.234868 0.159312 0.35178 0.25404 
0.249509 0.418039 0.240715 0 0.0917372 
0.453614 0.0949812 0.451405 0 0 
0.0950715 0.493156 0 0 0.411772 
0.336662 0 0 0.1458 0.517538 
0.177504 0.332359 0 0.203689 0.286449 
0.107418 0 0.23234 0.245923 0.41432 
0.164634 0.253227 0.241188 0.340952 0 
0 0 0 0.229173 0.770827 
0 0.376461 0 0 0.623539 
0.348578 0 0.546884 0 0.104538 
0.201704 0 0.0781256 0.386189 0.333981 
0 0 0 0.871897 0.128103 
0.777838 0.222162 0 0 0 
0.314411 0.359265 0 0.326323 0 
1 0 0 0 0 
0 0.561567 0 0 0.438433 
0.472691 0.106575 0.420734 0 0 
0.244159 0.51302 0 0.108833 0.133988 
0 0.256599 0.232866 0.268069 0.242466 
0.302928 0.233077 0 0.104289 0.359705 
0.810442 0 0 0 0.189558 
0 0 1 0 0 
0.255629 0 0.407219 0 0.337151 
0 0.351342 0.188387 0.12972 0.330552 
0 0.336374 0.357284 0 0.306343 
0 0.372522 0 0.627478 0 
0.140582 0 0.322066 0.537352 0 
0 0 0.425439 0.310733 0.263828 
0.501958 0.498042 0 0 0 
0.202674 0 0.442252 0.355074 0 
0 0.404588 0 0.298673 0.29674 
0 0 0.487205 0.190171 0.322624 
0 0 0.606021 0 0.393979 
0 0 0 0.149865 0.850135 
0 0 0 1 0 
0.647145 0.184401 0 0.168454 0 
0 0.357874 0.212162 0.109113 0.320851 
0 0 0.458504 0.541496 0 
0.225045 0.111941 0.391508 0.271506 0 
0 0.356857 0 0.116366 0.526777 
0 0.325183 0 0.308031 0.366786 
0.497755 0 0.414342 0 0.0879032 
0 0.490051 0.509949 0 0 
0 0 1 0 0 
0 0.412344 0.403255 0 0.1844 
0 0.260798 0.274853 0.464349 0 
0.268468 0 0.356957 0.374575 0 
0.332213 0.227494 0.216892 0.0982542 0.125147 
0 0 0.493139 0.506862 0 
0 0.82466 0 0.17534 0 
0.415765 0.415377 0 0 0.168857 
0.485492 0 0.433752 0.0807569 0 
0.832594 0.167406 0 0 0 
0 0.443669 0.352472 0 0.203859 
0.296056 0.285408 0 0 0.418536 
0 1 0 0 0 
0.645592 0 0.116317 0.238091 0 
0.349077 0.32812 0.14519 0.177613 0 
0 0.180951 0.272774 0.218014 0.328261 
0.140263 0.10621 0 0 0.753527 
0.394699 0.243108 0 0 0.362194 
0.144575 0 0.199544 0.386701 0.26918 
0 0.104703 0.468596 0 0.4267 
0 0 1 0 0 
0.0927611 0 0.353951 0 0.553288 
0.278924 0.352772 0.203436 0.164868 0 
0 0 1 0 0 
0.405019 0 0.594981 0 0 
0.268221 0 0.180888 0.257601 0.293291 
0 0.646958 0 0.253642 0.0994009 
0 0 1 0 0 
0.542817 0.391322 0.0658612 0 0 
0.293839 0.411508 0.294653 0 0 
0.239803 0.260421 0.287277 0 0.212499 
0.49215 0 0.238474 0.120191 0.149185 
0 0.750939 0.249061 0 0 
0.135664 0.166997 0.198798 0.210378 0.288163 
0 0.344365 0.32722 0.328415 0 
0 0 0 0.404297 0.595703 
0.291019 0.243805 0.288384 0 0.176792 
0.383625 0.213434 0 0.0897777 0.313163 
0.642164 0.131781 0 0.226055 0 
0 0.350924 0.227432 0 0.421644 
0.544068 0.180123 0 0.142054 0.133755 
0.0869732 0.164634 0.36305 0.385343 0 
0.147531 0 0.534627 0.317842 0 
0.353595 0.283772 0 0.362634 0 
0.335922 0.36953 0 0 0.294548 
1 0 0 0 0 
0.13495 0.25627 0 0.483309 0.125471 
0.384458 0 0.615542 0 0 
0.39527 0.0898408 0.108563 0.406326 0 
0.689703 0 0 0 0.310297 
0.325195 0.323669 0 0.179539 0.171597 
0 0 0.619538 0 0.380462 
0 0 0.369217 0.283371 0.347412 
0 0 0.592013 0.203961 0.204026 
0.0493289 0.354969 0.0535807 0.257245 0.284876 
0 0 0 0 1 
0 0 0.467674 0.157486 0.37484 
0.28805 0 0 0 0.71195 
0.269734 0 0 0.54247 0.187796 
0 0.613616 0 0 0.386384 
0.2199 0.105778 0.461411 0.212912 0 
0 0.270565 0.193259 0.276196 0.25998 
0 0.709055 0.290945 0 0 
0.135664 0.339039 0.141597 0.339647 0.0440525 
0.103938 0.327145 0.568917 0 0 
0.158928 0.21668 0 0.624392 0 
0 0.611001 0.166297 0 0.222702 
0 0.297484 0.574298 0 0.128218 
0.263008 0 0.421047 0.315945 0 
0.23494 0.31357 0.0912859 0.154594 0.20561 
0.613329 0 0.0839004 0.202391 0.10038 
0.34232 0 0.65768 0 0 
0.157888 0.370694 0.248707 0 0.222712 
0.0905946 0 0.189233 0.378627 0.341545 
0 0.308899 0.392127 0 0.298974 
0.492525 0 0 0 0.507475 
0.217821 0.498339 0.0523527 0 0.231487 
0.332696 0 0.667304 0 0 
0.360838 0 0 0.275088 0.364074 
0.29127 0 0.195859 0.512871 0 
0.16546 0.253311 0.119479 0.298851 0.1629 
0 0.210531 0.177492 0.233265 0.378712 
0.439933 0.143989 0 0 0.416078 
0.302255 0.283807 0 0.413937 0 
0.232413 0.0320423 0.25443 0.227383 0.253731 
0.351341 0 0.126513 0 0.522147 
0 0.385863 0.17421 0.0666466 0.37328 
0.386638 0 0.613362 0 0 
0.64196 0.161186 0 0.196854 0 
0.209199 0.790801 0 0 0 
0 0.889793 0 0.110207 0 
0 0.688172 0.311828 0 0 
0.404612 0.244216 0.242179 0 0.108993 
0 0.302513 0.459792 0 0.237694 
0 0 0.295856 0 0.704144 
0 0 0 0.863362 0.136638 
0.66246 0.171845 0 0 0.165695 
0.618252 0.167778 0.21397 0 0 
0.23778 0.102158 0.240626 0.183271 0.236165 
0 0 0.679204 0.320796 0 
0.0748271 0.363024 0.201387 0 0.360762 
0 0.581642 0 0 0.418358 
0.266969 0.176715 0.130618 0.0506084 0.37509 
0.275771 0.306987 0.333049 0.0841931 0 
0 0 0.373489 0.626511 0 
0.277496 0.203985 0 0 0.518519 
0 0 0 0.378635 0.621364 
0.498817 0 0.208739 0 0.292445 
0.127358 0 0.245989 0 0.626653 
0.385029 0 0.217335 0 0.397637 
0.277886 0 0 0.0940365 0.628077 
0.294383 0.0973288 0.110163 0.290458 0.207667 
0 0 0.532157 0.136016 0.331827 
0 0.422315 0 0.232953 0.344731 
0.380246 0.158751 0 0 0.461003 
0.0649704 0 0.399339 0.451811 0.0838789 
0 0 0 1 0 
0.76578 0.23422 0 0 0 
0 0 0.305863 0.332031 0.362106 
0 0 0.409649 0 0.590351 
0.165968 0.141284 0.212729 0.125632 0.354387 
0.298784 0 0.0655092 0.368445 0.267261 
0.387594 0 0 0.612406 0 
0.186183 0.123341 0.254277 0.265985 0.170214 
0 0.424848 0.287406 0.210597 0.0771483 
0 0 0.553887 0.270445 0.175667 
0.193867 0.806133 0 0 0 
0 0.457939 0 0.275224 0.266837 
0.0727911 0.353694 0.280923 0.292592 0 
0.205821 0 0 0.244207 0.549972 
0.205637 0.34241 0 0.055546 0.396406 
0 0.586389 0.268612 0 0.144999 
0.498736 0 0.370099 0.131166 0 
0 0 1 0 0 
0.213699 0.362054 0.424247 0 0 
0 0.293852 0.349472 0 0.356675 
0.348337 0.293926 0.357737 0 0 
0 0.216632 0 0.783368 0 
0 0.205159 0 0.794841 0 
0.423087 0 0.310968 0 0.265945 
0.540475 0 0.459525 0 0 
0 0.419693 0.115783 0 0.464525 
