5 50
0.748459
0.394856
0.464179
0.603328
0.276139
10.9024 0.809733
8.50465 0.994741
8.30057 0.932948
7.95313 0.137328
7.41195 0.506075
7.39058 0.778611
7.24993 0.820164
6.95373 1.2967
6.75331 1.98322
6.71396 0.708851
6.698 1.42535
5.88734 2.58024
5.66562 1.60165
5.57653 2.67186
5.3802 2.33218
5.2342 2.38284
4.84498 3.75644
4.82181 3.76109
4.73844 4.16706
4.13242 3.17386
4.05991 2.1653
3.99351 4.24473
3.53944 5.09211
3.48898 3.30189
3.43184 3.17053
3.38017 4.06912
2.92169 3.28888
2.81812 4.74945
2.7588 4.36882
2.30125 3.78948
1.91389 5.63008
1.79333 5.44853
1.72327 4.72024
1.67774 5.87164
1.55891 4.43876
1.41022 6.27879
1.09397 8.18195
1.08264 6.74813
0.390796 6.32372
0.362262 6.29567
0.299664 9.27722
0.28692 7.48866
0.216274 8.95201
0.176905 10.1497
0.141475 9.45099
0.125127 7.07417
0.0562175 8.11831
0.0457471 9.59496
0.00522558 7.3246
0.00485985 8.35251
1 0 0 0 0 
0.406285 0 0 0 0.593715 
0 1 0 0 0 
0 0.705751 0 0 0.294249 
0.162134 0 0.239969 0 0.597897 
0.538014 0.209163 0 0.146985 0.105838 
0 0 0.577514 0 0.422486 
0 0.397741 0 0.602259 0 
0 0 1 0 0 
1 0 0 0 0 
0 0 1 0 0 
0 0 0 1 0 
0 0 0 1 0 
0 0.492333 0.507667 0 0 
0 0 1 0 0 
0 0 1 0 0 
0 0 0 0 1 
0 1 0 0 0 
0.864743 0 0 0.135257 0 
0 0 0 0 1 
0.419102 0 0.580898 0 0 
0.638429 0 0.361571 0 0 
0 0 1 0 0 
0 0 0.132032 0.446026 0.421942 
0 0 1 0 0 
0 0 0.405954 0.594046 0 
1 0 0 0 0 
0 1 0 0 0 
0 1 0 0 0 
0 0.569518 0 0 0.430482 
1 0 0 0 0 
0 1 0 0 0 
0 0 0 0 1 
0.396803 0.27495 0 0 0.328246 
0 0 0 1 0 
0 1 0 0 0 
0.676052 0 0.323948 0 0 
1 0 0 0 0 
0.527187 0.472813 0 0 0 
0 0 0.700007 0 0.299993 
0 0 1 0 0 
0 0 1 0 0 
0 1 0 0 0 
0 0 0 1 0 
0 0 1 0 0 
0.523268 0 0.264721 0 0.212011 
0.259678 0.740322 0 0 0 
1 0 0 0 0 
0 0 1 0 0 
0 0 0 1 0 
