5 50
0.284593
0.654187
0.411473
0.599727
0.729553
10.8421 0.20599
10.1973 0.388173
10.0263 0.78527
8.88266 0.604786
8.61342 0.731583
8.02611 0.55625
8.01297 1.59666
7.54068 2.01259
7.11045 0.973561
6.87031 0.736958
6.85311 0.96692
6.79498 2.15161
6.75885 1.2476
5.56795 2.77151
5.43519 1.94559
5.30361 2.01476
5.28454 3.33802
5.19724 2.27722
5.04587 3.35781
4.93292 1.84441
4.55153 3.90441
4.06556 4.67219
3.71321 3.7524
3.56139 3.86685
3.03455 5.85081
2.90956 5.07177
2.81633 4.64572
2.19697 5.38386
2.16044 4.19243
1.91999 4.22167
1.77557 6.45671
1.47788 6.57584
1.35383 4.64944
1.32531 5.80586
1.24967 7.33539
1.18167 6.47388
1.07717 5.59359
0.72824 6.95715
0.70851 6.42171
0.616277 7.78836
0.52443 6.29023
0.460832 8.94977
0.388456 7.50138
0.281768 8.50655
0.169494 9.61523
0.113145 7.47799
0.100254 10.8217
0.0994178 10.3535
0.0503286 9.92219
0.0184899 10.8701
0 1 0 0 0 
0 1 0 0 0 
0 1 0 0 0 
0 0 1 0 0 
0 0.649338 0 0 0.350662 
0 0 1 0 0 
0 0 0.547453 0 0.452547 
0 1 0 0 0 
0.392876 0 0 0.607124 0 
0 0 0 0 1 
1 0 0 0 0 
0 0 0.414248 0.148427 0.437325 
1 0 0 0 0 
0.548527 0.451473 0 0 0 
1 0 0 0 0 
0 1 0 0 0 
0 0 0 0 1 
0 0 1 0 0 
1 0 0 0 0 
0 1 0 0 0 
0.790245 0 0.209755 0 0 
0 0 0 1 0 
1 0 0 0 0 
0 0 1 0 0 
0 0 0 0 1 
0.604829 0 0 0 0.395171 
0 0 0 1 0 
0 0.147094 0.852906 0 0 
0 0 0.261192 0 0.738808 
1 0 0 0 0 
0.349504 0.477912 0 0 0.172583 
0 0 1 0 0 
0.388784 0 0.163858 0.447358 0 
0 0 0.626067 0.170247 0.203686 
0 1 0 0 0 
0 1 0 0 0 
0.268598 0.208325 0 0.074243 0.448834 
0.347342 0 0 0.652658 0 
0.569234 0 0 0 0.430766 
0 0 0 1 0 
1 0 0 0 0 
0 0 0 0 1 
0 1 0 0 0 
0.650188 0 0.349812 0 0 
0 0 0 1 0 
0.8608 0 0 0 0.1392 
0.271129 0 0.299324 0 0.429547 
0 0 0 0 1 
1 0 0 0 0 
0 1 0 0 0 
