5 50
0.683653
0.58137
0.396489
0.426015
0.663511
11.5387 0.386514
10.656 0.449199
9.97406 0.925232
9.92534 0.388449
9.65198 0.369849
9.24439 0.532463
9.11996 1.44955
8.8988 1.23807
8.64493 0.695366
8.16447 1.49559
7.87402 0.292888
6.98291 1.6877
6.90161 2.02887
6.32412 2.94384
6.05773 1.44113
5.12962 3.44915
4.81873 3.20452
4.21987 3.14248
4.15478 4.29734
3.37883 3.9193
3.00584 3.89603
2.99742 4.15562
2.92746 6.03664
2.67641 3.32354
2.54436 4.80037
2.44117 4.4867
2.19497 4.63064
2.11064 6.00309
2.05227 4.72263
1.87751 6.35241
1.74167 6.61779
1.69753 5.13565
1.51929 6.04369
1.51434 5.64481
1.06767 6.04175
0.979042 5.24525
0.860512 7.14888
0.810652 6.49501
0.791877 7.09616
0.669533 9.03493
0.551153 7.49868
0.400267 8.75843
0.319085 9.54135
0.316258 8.28254
0.282812 9.18923
0.217 9.15259
0.103731 8.25136
0.0595556 9.66816
0.0381512 9.56812
0.0334026 8.92002
0 1 0 0 0 
0 0 0.392733 0.351098 0.256168 
0 0.236316 0.191006 0 0.572678 
1 0 0 0 0 
0.288434 0 0.334987 0.149268 0.227311 
0.15711 0 0.723589 0.1193 0 
0.257426 0.742574 0 0 0 
0.73467 0 0 0 0.26533 
0 0.428479 0 0 0.571521 
0 0.172382 0.399633 0.170085 0.257899 
0.162425 0.0818945 0.282178 0.146947 0.326555 
0 0.115079 0.443378 0.441543 0 
0.391579 0.390744 0 0.217678 0 
0.383502 0.313344 0 0.303154 0 
1 0 0 0 0 
0.240553 0.41099 0.110617 0.134036 0.103803 
0.368869 0 0 0.631131 0 
0 0.437307 0.562693 0 0 
1 0 0 0 0 
0 0.552035 0 0.447965 0 
0.129778 0.258836 0.347424 0.263961 0 
0 0 0 0 1 
0 0 0.307043 0.692957 0 
0.479375 0 0.520625 0 0 
0 1 0 0 0 
0 0.501078 0.498922 0 0 
0 0 0.562816 0 0.437184 
0 0 0.494837 0.349241 0.155922 
0 0 0.697516 0.113869 0.188615 
0 0.34373 0.65627 0 0 
0.303428 0 0 0.346348 0.350224 
0 0 0 0 1 
0.579621 0 0.420379 0 0 
0.189333 0.513881 0 0.296786 0 
0.258698 0.337458 0.403844 0 0 
0.189724 0 0.383525 0.426751 0 
0 0 0.744618 0 0.255382 
0 0.24638 0.15925 0.460594 0.133776 
0 0.519096 0 0.480904 0 
0.76261 0 0 0.23739 0 
0 0.244995 0.386712 0.307812 0.0604814 
0 0 0.498719 0.271744 0.229537 
0.38858 0 0.130965 0 0.480455 
0.163503 0 0.41646 0.285115 0.134922 
0 0 0.522363 0.477637 0 
0 0.746466 0 0.253534 0 
0 0.375961 0 0 0.624039 
0 0 0 0.767323 0.232677 
0 0 0.424696 0.175721 0.399584 
0 1 0 0 0 
