5 200
0.657804
0.35567
0.370136
0.455344
0.705321
11.5521 0.288915
10.8765 0.256183
10.3228 0.792201
10.0465 0.409103
10.0169 0.144521
9.94293 0.704501
9.4802 1.03774
9.4572 0.567985
9.29991 1.13333
9.19667 0.720289
9.0634 0.82609
9.01395 1.51754
8.82985 0.205213
8.77798 1.17178
8.73315 0.474809
8.67106 1.78833
8.61547 1.08065
8.37991 0.427161
8.36974 1.16644
8.36567 0.870177
8.32387 0.744971
8.28006 0.863926
8.24929 0.363801
8.23138 1.32249
8.19947 1.20534
8.13146 0.842222
8.1171 0.264933
8.03185 1.28629
7.93899 0.25566
7.89909 0.123044
7.87589 1.50182
7.80287 1.31435
7.80286 0.203755
7.76287 0.469955
7.74142 1.14652
7.42622 1.24379
7.04922 1.37332
7.03563 2.26011
6.76207 2.34191
6.73862 1.13649
6.63461 1.37225
6.55408 2.1109
6.50367 1.71694
6.4879 2.10458
6.48782 0.82829
6.4243 1.53953
6.29949 1.69954
6.20128 0.835153
6.1724 2.862
6.0847 3.59084
6.07442 1.90027
6.03595 3.01164
5.943 1.83539
5.92472 2.06144
5.65199 3.01565
5.56904 1.66604
5.54563 2.08281
5.5206 1.93401
5.49593 3.06188
5.45763 2.05107
5.419 1.45982
5.38728 2.03735
5.28392 2.5147
5.21468 2.23996
5.15969 2.09643
5.12884 3.66648
5.09414 1.37352
5.08553 2.54715
5.06072 2.97902
4.81537 2.74039
4.78591 1.70738
4.75383 2.79519
4.66448 2.47904
4.62376 3.58771
4.5484 3.23586
4.53458 2.27306
4.49449 3.46195
4.40478 3.32717
4.37251 3.65906
4.33696 3.68213
4.28196 2.57252
4.22656 3.98343
4.12801 3.31602
3.7259 4.14713
3.70098 3.93289
3.66414 4.27924
3.66262 4.39697
3.50463 5.14758
3.48204 4.95176
3.4524 4.45449
3.4254 3.56859
3.32613 3.25363
3.32449 4.22818
3.31863 4.59227
3.2911 4.81856
3.26356 3.0804
3.06019 4.18036
3.03475 3.20242
2.97199 4.06517
2.96882 3.81227
2.92962 5.46384
2.82956 5.99805
2.8095 4.63976
2.61354 6.13923
2.60233 3.91221
2.57067 5.05611
2.56264 3.8994
2.45584 5.04591
2.43516 4.38071
2.313 4.63996
2.26921 5.47101
2.22637 4.78228
2.17966 6.40953
2.16837 5.88709
2.09391 5.73044
2.06695 4.7097
2.06306 5.48886
2.06122 4.91189
2.02946 5.86255
1.86162 4.87803
1.80947 5.92333
1.72882 7.71556
1.6189 6.21405
1.54569 7.29755
1.5239 5.7382
1.48984 6.34194
1.47865 5.06149
1.45177 7.30425
1.44457 5.73667
1.39221 6.82844
1.3622 7.10516
1.35273 6.15643
1.34612 5.88323
1.29722 6.56715
1.20582 7.02993
1.1705 5.81811
1.08552 5.68884
1.07624 5.47631
1.0247 7.53878
1.01549 5.23763
1.0122 8.02934
1.00985 6.83834
0.940529 7.98844
0.903764 7.62506
0.867468 5.96955
0.862765 7.68036
0.826619 7.14078
0.807227 6.33499
0.785023 8.15964
0.709332 5.72875
0.689265 7.20812
0.648824 7.00698
0.619383 8.20787
0.616559 9.49133
0.538072 8.59326
0.508987 7.60631
0.48945 7.69151
0.473733 7.28964
0.451874 6.22645
0.391867 7.66669
0.382793 9.52259
0.359721 7.51192
0.343966 7.06899
0.333792 8.76409
0.31613 7.24703
0.278476 8.85234
0.273812 8.30419
0.254435 9.51412
0.237063 10.7342
0.227543 8.42677
0.183806 6.79102
0.181652 9.80131
0.166651 10.1744
0.161788 10.3964
0.144898 7.48575
0.139237 6.88734
0.13253 10.6929
0.126397 7.18216
0.125903 10.1895
0.117396 8.58545
0.0970774 10.3465
0.0964998 7.77126
0.0934401 8.53102
0.0906449 7.65755
0.0857728 9.99706
0.070059 10.9082
0.0672553 10.8099
0.0553298 11.0553
0.0535612 7.35956
0.0524042 8.33238
0.0515961 8.99878
0.0483164 9.06004
0.0419545 7.19564
0.0253052 7.63353
0.0249563 7.96193
0.0175909 9.19104
0.0067403 11.3902
0.00482806 8.75074
0.00319844 8.11253
0.00186819 8.50611
0 0.747436 0 0.252564 0 
0.783547 0 0 0.216453 0 
0 0.182277 0.324219 0.0593382 0.434165 
0.266352 0.222568 0.307867 0.203212 0 
0.296889 0.342777 0 0.360334 0 
0.288641 0 0.257065 0 0.454294 
0.627828 0 0 0 0.372172 
0 0.366133 0 0.545643 0.0882239 
0.357414 0 0.47898 0.163605 0 
0 0 0 1 0 
0.395321 0 0 0.302225 0.302453 
0.338375 0.39085 0 0 0.270775 
0.207068 0 0.377983 0.285558 0.129391 
0.287949 0.297133 0.203115 0 0.211803 
0 0.192202 0.146803 0.432475 0.22852 
0.252677 0 0.152449 0.416102 0.178772 
0 0.398269 0 0.499685 0.102046 
0.329574 0.154998 0.130122 0.0433828 0.341924 
0 0.161081 0.457867 0.381052 0 
0.372889 0.139699 0.487412 0 0 
0.146252 0.675496 0 0 0.178252 
0.38068 0.332066 0 0.125835 0.161419 
0 0.422436 0.48961 0.0879533 0 
1 0 0 0 0 
0 0.408171 0.0841634 0 0.507665 
0 0.324699 0.33656 0.338741 0 
0 0.325619 0.581069 0 0.0933124 
0 0.520723 0 0.169377 0.3099 
0.0553188 0 0.281266 0.24044 0.422975 
0.386199 0 0.07335 0.228929 0.311523 
0 0.508533 0.172807 0 0.31866 
0.628681 0.126366 0 0 0.244954 
0 0.218283 0.584371 0 0.197346 
0 1 0 0 0 
0 0.360017 0.241538 0.398445 0 
0.255516 0.0326782 0.263836 0.203751 0.244219 
0.299101 0 0.220703 0.222926 0.25727 
0.0491526 0.298859 0.402842 0 0.249147 
0 0 0.36481 0.104948 0.530241 
0 0 0.290965 0.3481 0.360935 
0 0 0.261394 0.371095 0.367511 
0 0 0.454644 0 0.545356 
0.647105 0.158889 0.194007 0 0 
0.118885 0.229613 0.0483029 0.369166 0.234033 
0 0 0.6221 0 0.3779 
0 0 0.429611 0 0.570389 
0.653443 0 0 0.346557 0 
0.133969 0 0.301098 0.195335 0.369598 
0 0 1 0 0 
0.307253 0.28408 0.0443732 0 0.364294 
0 0.3457 0.270464 0.383835 0 
0.303551 0.696449 0 0 0 
0.099917 0 0.426454 0 0.473629 
0.370773 0 0 0 0.629227 
0.534318 0 0 0 0.465682 
0.297965 0 0.252314 0.449722 0 
0.182736 0.396776 0.0993937 0 0.321095 
0 0.564422 0.125571 0 0.310007 
0.16379 0.128925 0 0.411968 0.295316 
0.549719 0.160002 0 0.211244 0.0790356 
0.662521 0 0.337479 0 0 
0 0.613843 0.386157 0 0 
0.379937 0.487003 0 0.133061 0 
0 0 0.332924 0 0.667076 
0 0 0 0 1 
0 0.426626 0 0.400601 0.172773 
0.328172 0 0 0.214299 0.45753 
0.369344 0 0.354509 0 0.276147 
0 0.435101 0.189205 0.152782 0.222912 
0 1 0 0 0 
0.434762 0 0.269862 0.295376 0 
0 0.355722 0.300725 0.343553 0 
0.340192 0.133256 0 0 0.526552 
0 0.387399 0.421091 0.136184 0.0553255 
0.369496 0.205556 0.424948 0 0 
0.275754 0 0.229242 0.0774349 0.417569 
0 0.414948 0.299253 0 0.285799 
0 0.544487 0 0 0.455513 
0.292536 0 0.436977 0.270487 0 
0.595023 0.404977 0 0 0 
0.300154 0 0.338549 0 0.361298 
1 0 0 0 0 
0 0 0.484733 0.139144 0.376123 
0.381741 0 0.157198 0.461061 0 
1 0 0 0 0 
0 0.460179 0.539821 0 0 
0 0.229752 0.257181 0.260455 0.252612 
0 0.330308 0.309394 0.360297 0 
0.171487 0 0.191534 0 0.636979 
0.430009 0 0.0468566 0.262855 0.26028 
0 0.483401 0.516599 0 0 
0.565998 0.130292 0.30371 0 0 
0 0.209093 0.163107 0.347447 0.280354 
0.162295 0.502675 0 0 0.33503 
0 0 0.566791 0.178648 0.254561 
0.542388 0 0 0.310535 0.147077 
0 0.382928 0 0.617072 0 
0.236872 0.231651 0.207104 0.124376 0.199996 
0.472077 0.188856 0 0.339067 0 
0.133128 0.223373 0 0.283715 0.359785 
0 0.37878 0.0832458 0.281829 0.256146 
0.315456 0 0.344637 0 0.339907 
0.350936 0 0 0.294175 0.354889 
0.279353 0 0.142701 0.279945 0.298001 
0.337863 0.167719 0.144097 0 0.35032 
0 0.421013 0.487815 0 0.0911724 
0.505063 0.234626 0 0.260312 0 
0.114511 0.185888 0.27904 0.259522 0.16104 
0.190439 0.274712 0.253676 0.281173 0 
0.178392 0.0461313 0.328501 0.388322 0.0586544 
0.304412 0 0 0.505038 0.19055 
0.174986 0 0.180077 0.201679 0.443258 
0.488907 0.0515911 0 0 0.459502 
0.060671 0.305143 0.308474 0.325712 0 
0 0 0.458073 0 0.541927 
0.121506 0.436659 0 0.441835 0 
0 0.302127 0.697873 0 0 
0 0 0 0 1 
0 0 0.313866 0.686134 0 
0.800904 0.199096 0 0 0 
0 0 0.285322 0.496396 0.218282 
0.239083 0.0942792 0.224305 0.203711 0.238622 
0 0.721449 0 0 0.27855 
0 1 0 0 0 
0 0.258268 0 0.282884 0.458849 
0.172223 0 0.178445 0.29331 0.356022 
0 0.385976 0.360892 0 0.253132 
0.243354 0.306489 0 0.450156 0 
0.210311 0.164116 0.0685717 0.269471 0.287531 
0 0 1 0 0 
0 0 0 0.673494 0.326506 
0 0.242306 0.344336 0.243783 0.169574 
0.275718 0.272997 0.451285 0 0 
0 0.205289 0.408962 0 0.385749 
0.330554 0.288485 0 0.0900157 0.290945 
0.202958 0.387016 0.20348 0 0.206547 
0.178612 0.465985 0.129408 0.225995 0 
0.452808 0.169355 0.184725 0.193112 0 
0.108302 0 0.277841 0.177153 0.436703 
0 0 0.526959 0 0.473041 
0 0.490068 0.422307 0 0.0876249 
0.232574 0.259915 0.0772816 0.20684 0.223389 
0.183089 0 0.194927 0.309879 0.312105 
0.556372 0 0 0.443628 0 
0 0.632313 0 0.367687 0 
0 0.202317 0.300922 0.496761 0 
0 0.578226 0 0 0.421774 
0 0 0.398334 0.457709 0.143957 
1 0 0 0 0 
0.109329 0.140606 0.282416 0.467648 0 
0 0 0.401731 0.598269 0 
0 1 0 0 0 
0.356729 0.249669 0.0903237 0.0965961 0.206682 
0.430207 0 0.136744 0 0.433049 
0.148022 0.31886 0.133023 0.30875 0.0913448 
0.2028 0 0.396218 0 0.400982 
0.370492 0.297131 0 0 0.332377 
0 0.0846241 0.492955 0.15173 0.270691 
0 0 0 0 1 
0.192799 0.323501 0.4837 0 0 
0.455716 0 0.0726191 0 0.471665 
0.0872263 0.469566 0 0.333563 0.109644 
0.295165 0.170869 0 0.533966 0 
0.207956 0.369476 0 0.422569 0 
0 0.250624 0.399498 0 0.349878 
0.335909 0.356627 0.307464 0 0 
1 0 0 0 0 
0.358421 0 0.150013 0.335361 0.156204 
0 0.215993 0 0.784007 0 
0.158028 0.583439 0 0.258533 0 
0 0.542815 0.457185 0 0 
0.193538 0.178195 0 0.437375 0.190892 
0 0.234771 0.282317 0 0.482912 
0 0.479368 0 0.520632 0 
0.240971 0.0451388 0.353519 0 0.360371 
0.318145 0 0.292552 0 0.389304 
0.290184 0 0 0.537389 0.172427 
0.339369 0.106079 0.425354 0 0.129198 
1 0 0 0 0 
0.378369 0.516969 0.104662 0 0 
0.306065 0.24804 0.445895 0 0 
0.146992 0.364005 0 0.047018 0.441985 
0 0.25275 0.343184 0.404066 0 
0 0.337399 0.372196 0.0742123 0.216193 
0.485481 0 0 0.514519 0 
0 0 0 1 0 
0 0.0974628 0.470351 0.432186 0 
0 0.69358 0.30642 0 0 
0 0.631372 0.196434 0.172195 0 
0.0716963 0.413537 0.302194 0.212573 0 
0.207931 0.243014 0.120856 0 0.428199 
0.514098 0 0 0.259026 0.226876 
0.221345 0.285823 0 0.227893 0.264939 
0.0575251 0.388523 0.553952 0 0 
0.121181 0 0 0.878819 0 
0 0.539789 0 0.278143 0.182068 
0 0 0.341276 0.196138 0.462586 
0 0 0.552333 0.265678 0.181989 
0 0 1 0 0 
0.182909 0.548589 0 0.268502 0 
