5 100
0.715346
0.367176
0.702651
0.59843
0.629177
10.7113 0.337198
10.2399 0.879516
9.42729 0.133107
9.27155 1.40574
9.13771 1.02019
8.80262 0.5677
8.68679 0.158801
8.6472 0.929614
8.62449 1.77763
8.6224 0.872505
8.20635 0.300489
8.00784 1.54888
7.74321 0.822792
7.60491 1.39787
7.48591 2.24237
6.99939 0.626474
6.92933 1.11772
6.68753 2.83772
6.51815 2.81707
6.51261 2.00223
6.26335 1.84554
6.16698 1.13458
6.09709 1.83664
6.08778 2.29192
5.96712 3.2338
5.93124 2.5651
5.49003 2.92697
5.21491 2.03723
4.50131 2.16325
4.21117 4.234
4.16535 3.19264
4.1492 3.76218
3.96775 2.8495
3.65215 2.88913
3.56764 3.24531
3.45904 3.43827
3.4048 2.7404
3.25555 3.63295
3.25386 3.39546
3.00974 3.46578
2.94266 3.7267
2.57552 3.70186
2.54655 5.26327
2.33565 5.69867
2.01994 5.55535
1.95871 6.54422
1.95219 6.58421
1.92836 4.66204
1.9091 5.04874
1.8862 6.55867
1.88155 4.93891
1.84236 6.75783
1.79044 4.69442
1.7469 5.43976
1.7446 6.96959
1.71576 4.27111
1.63226 6.76781
1.58972 6.69345
1.57348 6.72903
1.54748 5.41818
1.41528 4.68353
1.41516 6.95605
1.33749 5.17366
1.18295 6.9241
1.17712 6.6749
1.14191 5.78429
1.09875 5.48529
1.07718 5.65727
1.03069 5.37867
0.973301 6.90937
0.935583 5.65744
0.911685 6.15581
0.902013 6.59083
0.848245 6.20668
0.771212 7.09397
0.761322 8.80373
0.753891 6.01406
0.732067 8.23136
0.660854 7.84184
0.637821 8.90558
0.592458 8.16366
0.557401 6.25233
0.511795 9.69957
0.423308 8.33895
0.375208 7.09677
0.346265 8.09735
0.340923 6.61534
0.259441 9.18787
0.195555 9.46492
0.179194 10.0465
0.165289 10.031
0.137329 10.6537
0.129825 6.80941
0.127339 9.2972
0.123464 9.48511
0.0490779 11.1749
0.0185196 8.7952
0.0156048 10.4745
0.0151888 7.86586
0.00173151 11.368
0 0 0.521376 0.478624 0 
0 0.56231 0.230586 0.207104 0 
0 0.380436 0 0.266672 0.352892 
0.129336 0.413222 0.457442 0 0 
0 0 0 0.562347 0.437653 
0.0508489 0.264083 0 0.312822 0.372246 
0 0.536499 0.17721 0 0.286291 
0.266162 0 0 0.410967 0.32287 
0 0.279396 0.444359 0.276245 0 
0 0 0.572099 0.427901 0 
0.335758 0.336 0 0.328242 0 
0.206192 0.105303 0.217806 0.470699 0 
0.243914 0.382872 0 0.373214 0 
0 0 0.540838 0.459162 0 
0 0.511305 0 0.488695 0 
0 0.379755 0.272759 0 0.347485 
0 0 0 1 0 
0 0.302732 0.313651 0.0941844 0.289433 
1 0 0 0 0 
0 0 0 0 1 
0 0.78797 0 0.21203 0 
0.417462 0 0.422392 0 0.160146 
0.431174 0.357371 0.135991 0 0.075464 
0 0 0.143504 0.393142 0.463354 
0.20762 0.16212 0 0 0.63026 
0.211225 0 0.609709 0.179066 0 
0 1 0 0 0 
0 0 1 0 0 
0 0 0 0.42904 0.57096 
0 0.539084 0.149977 0 0.310939 
0.334649 0 0 0.665351 0 
0 0 0 0 1 
0.251329 0.366397 0.206257 0.176017 0 
0 0.56823 0.29459 0.13718 0 
0 0.197597 0 0.424225 0.378179 
0 0 0.215674 0.318795 0.465531 
0 0 0.824143 0 0.175857 
1 0 0 0 0 
0.24205 0.600935 0 0 0.157016 
0 0 0 1 0 
0 0 0.406555 0.238812 0.354632 
0.513345 0 0.199041 0 0.287613 
0.094668 0.525145 0 0.111502 0.268685 
0.286427 0 0 0 0.713573 
0.455687 0.257025 0 0.287288 0 
0.346917 0.285832 0.239199 0 0.128051 
0.209419 0 0 0.790581 0 
0.249483 0 0.302397 0.150385 0.297735 
0.540694 0.094323 0.364983 0 0 
0 0.258391 0.517493 0 0.224116 
0 0 0.494103 0 0.505897 
0 1 0 0 0 
0 0.536231 0 0.463769 0 
0.22055 0.31576 0 0.131824 0.331866 
0 0.357946 0 0.471869 0.170185 
0.335212 0 0 0 0.664788 
0.194847 0 0.314114 0 0.491039 
0.349187 0.359589 0.291224 0 0 
0 0 0 0 1 
0.0747683 0 0.450064 0 0.475167 
0 0.127746 0.404018 0 0.468236 
0.28045 0.71955 0 0 0 
0.334363 0 0 0 0.665637 
0 0 0 1 0 
0 0 0 0.51547 0.48453 
0 0.322634 0 0.677366 0 
0.261576 0.253595 0.154519 0.204414 0.125896 
0 0 0 0.497449 0.502551 
0.172607 0.37258 0.133234 0 0.321579 
0 0 0.622802 0.377198 0 
0 0 0.251195 0.404558 0.344247 
0 0.547558 0.452442 0 0 
0.324637 0 0.675363 0 0 
0 0.577579 0.422421 0 0 
0 0 0.492239 0 0.507761 
0 0 0.590988 0.305971 0.103041 
0 0 0.42526 0.257818 0.316922 
0 0 0.533832 0 0.466168 
0.449902 0.550098 0 0 0 
0 0 0 0 1 
0.5487 0 0 0 0.4513 
0 0 0 0.494935 0.505065 
0 0 0 0 1 
0 0.315904 0 0 0.684096 
0 0 0 0 1 
0.559907 0 0 0.440093 0 
0 0.121179 0.484998 0.393822 0 
0 0 0.461117 0 0.538883 
0 0 0.226176 0.480547 0.293277 
0.419134 0 0.201644 0 0.379222 
0.288636 0.182036 0.192234 0 0.337094 
0 0 0.0927726 0.518064 0.389163 
0 0 0.248305 0.751695 0 
0.253419 0 0 0.746581 0 
0 0.221592 0.408923 0 0.369484 
0.607588 0.392412 0 0 0 
0 0 0 0.894241 0.105759 
0 0 0.587149 0.274014 0.138837 
0.245618 0 0.320631 0.43375 0 
0.258403 0 0 0.404842 0.336756 
