5 100
0.663785
0.616421
0.320681
0.698759
0.30945
11.6677 0.182256
10.3445 0.156427
9.98043 0.679922
9.442 1.0531
9.3415 0.759027
9.2474 0.29046
8.65107 0.385831
8.62959 0.955191
8.61995 0.892367
8.50996 1.79274
7.80513 1.40527
7.70514 1.47426
7.34139 1.91975
7.30052 1.52455
7.08172 1.11384
7.01941 1.7389
7.01763 0.774643
6.35758 2.5475
6.35403 2.21774
6.30158 2.53624
6.30006 2.58653
6.28953 1.39842
6.0429 2.45941
5.43809 2.30316
5.3649 3.12796
5.2504 3.28746
5.20414 3.95565
5.17867 2.10811
4.69968 2.66717
4.57053 3.53577
4.36847 3.2948
4.31435 4.22531
4.30979 4.80032
4.25734 4.7091
4.18078 3.19219
4.08765 3.7486
4.02961 4.12507
3.93166 3.47869
3.91889 3.55014
3.89324 3.23283
3.81413 3.75617
3.69542 3.13628
3.61118 3.02161
3.4937 4.34236
3.46486 4.9097
3.43771 3.43656
3.1913 4.1679
3.09757 4.01085
3.05777 3.97106
3.02828 3.54272
3.01242 3.09982
2.69368 4.2394
2.65632 4.79872
2.64519 6.44177
2.26275 4.47372
2.10102 5.81144
1.98543 5.70685
1.95179 4.36277
1.90969 5.64117
1.88826 7.2252
1.88014 5.91412
1.80212 4.11164
1.64793 5.18836
1.61297 5.66821
1.54325 5.51878
1.48383 5.01494
1.43152 5.1804
1.38746 6.39353
1.37159 5.94147
1.23736 6.78433
1.15127 7.43806
1.14054 4.95368
1.01972 5.52541
0.902809 8.2124
0.858195 7.40491
0.667907 6.60153
0.603411 6.4943
0.576699 7.41261
0.531601 7.5437
0.500899 5.88782
0.41798 8.56924
0.38877 8.56122
0.386851 7.64048
0.367026 7.29918
0.356063 6.44509
0.353099 8.66822
0.348271 9.70619
0.342363 8.51448
0.339915 9.50465
0.330216 6.06101
0.245554 8.15559
0.208472 6.76064
0.179434 7.63204
0.173992 9.58797
0.160753 7.9165
0.107603 8.70587
0.0602703 8.03865
0.0164418 7.40488
0.00796028 8.99884
0.00431287 10.073
0.292204 0 0 0.388673 0.319124 
0 0 1 0 0 
0.484418 0 0 0.515582 0 
0 0.456282 0.341489 0.202228 0 
0 0.524767 0.475233 0 0 
0 0.652835 0.347165 0 0 
0 1 0 0 0 
0 0 0.787065 0 0.212935 
0.562999 0 0 0.437001 0 
0.100282 0.459032 0 0.440686 0 
0 0 0 1 0 
0.44315 0 0.383114 0.0848672 0.0888686 
0.258606 0 0.741394 0 0 
0.414744 0.108661 0.125408 0 0.351187 
0.274656 0.497867 0.0909689 0 0.136508 
0.320439 0.361254 0.318308 0 0 
0.207149 0.244231 0.407651 0 0.14097 
0.307718 0.17964 0.512642 0 0 
0 0 0 0 1 
0.303636 0.214375 0 0.481989 0 
0.0904544 0.438665 0 0.32426 0.14662 
0 0.189721 0.810279 0 0 
0.438296 0.48196 0 0 0.0797444 
0.454144 0.296468 0 0.101663 0.147724 
0.18851 0.175822 0 0 0.635668 
0 0 0 1 0 
0.075803 0 0 0.253228 0.670969 
0 1 0 0 0 
0.443518 0.120709 0.341509 0 0.0942634 
0.296129 0 0 0.703871 0 
0 0.430007 0 0.173776 0.396216 
0.771239 0 0.228761 0 0 
0 0.362142 0 0.292185 0.345673 
0 0 0.814068 0.185932 0 
0.298 0.702 0 0 0 
0 0 0.710753 0 0.289247 
0.511507 0 0.375144 0 0.113349 
0.229592 0 0.365933 0.404475 0 
0.255743 0.319077 0 0.343742 0.0814389 
0 0 0.473401 0 0.526599 
0 1 0 0 0 
0.339295 0.345442 0.315263 0 0 
0.464407 0 0 0.535593 0 
0.071912 0.394109 0.177735 0.356243 0 
0.203163 0 0.12546 0.316399 0.354979 
0 0 0.467052 0.260578 0.272369 
0.346536 0.0721838 0.58128 0 0 
1 0 0 0 0 
0 1 0 0 0 
0 0 0 0.60395 0.39605 
0.284822 0.352039 0 0 0.363139 
0.446211 0.347501 0 0.0916794 0.114609 
0 1 0 0 0 
0.14603 0.134724 0.325594 0 0.393652 
0 0.46951 0 0.53049 0 
0 0.0805261 0.25695 0 0.662524 
0.29841 0.209124 0 0.175319 0.317146 
0.336668 0 0 0.22115 0.442182 
1 0 0 0 0 
0.154685 0.208636 0.239777 0.396902 0 
0 1 0 0 0 
0 0.381007 0.0764505 0.542543 0 
0.372077 0 0.346419 0.0561212 0.225382 
0 0 0 0 1 
0 0.304601 0.148572 0.418568 0.128259 
0 0.588059 0 0 0.411941 
0.238839 0 0.48274 0 0.278421 
0 0 0 0 1 
0 0 0 0.437668 0.562332 
0 0 0 0 1 
0 1 0 0 0 
0 0.0690103 0.399537 0.186826 0.344627 
0.105926 0 0 0.894074 0 
1 0 0 0 0 
0 0.516628 0 0 0.483372 
0 0 0.669687 0 0.330313 
0.130553 0 0.376484 0.492963 0 
1 0 0 0 0 
0.0811745 0.43662 0 0.482206 0 
0.247742 0.4969 0 0.255358 0 
0.384452 0 0.615548 0 0 
0.359903 0.192295 0 0.447803 0 
0.351335 0 0 0.648665 0 
0.161372 0 0 0.450321 0.388307 
0 0 0.45022 0.54978 0 
0 0.508738 0.491262 0 0 
0.507246 0.237923 0 0 0.254831 
0.493106 0.506894 0 0 0 
0 0 0.218094 0.433067 0.34884 
0.431327 0 0 0.321802 0.246872 
0.45972 0 0 0.404424 0.135856 
0 0 0 0 1 
0.656716 0 0 0 0.343284 
0.293567 0.706433 0 0 0 
0.328607 0.453367 0.218026 0 0 
0.290083 0.277203 0.112398 0.320316 0 
0.277901 0.722099 0 0 0 
0 0.642067 0 0 0.357933 
0.455989 0 0.544011 0 0 
0.119962 0.358823 0.451319 0 0.0698963 
