5 100
0.355106
0.27974
0.323321
0.599284
0.723922
11.5686 0.454499
11.2719 0.396218
10.2485 0.502076
10.1958 0.448958
10.1868 0.698374
10.158 0.26174
9.97385 1.07605
9.72862 0.469004
9.62276 0.690619
9.23317 0.978971
8.70545 0.63066
8.63604 1.13486
7.9747 0.495446
7.90783 0.312773
7.84622 0.378338
7.48156 0.689207
7.40782 1.12501
7.35745 0.456175
6.96828 1.42654
6.93327 2.20924
6.90149 1.69306
6.34547 3.51595
6.16358 1.97619
6.15863 1.82035
6.14313 1.05722
6.1103 2.45366
6.09004 1.83606
6.06985 2.17136
5.8111 1.40746
4.88396 2.12769
4.82208 2.84622
4.80825 3.6774
4.76822 3.49334
4.72776 4.27141
4.6452 1.81649
4.52066 2.29867
4.33253 3.61132
4.17522 4.10466
4.09706 3.43444
3.99106 4.6563
3.97939 3.23633
3.78801 3.48925
3.73051 3.2576
3.71884 2.73044
3.71188 3.08982
3.68588 4.01298
3.62909 2.58061
3.49681 4.63242
3.40665 4.56572
3.38542 4.91468
3.14593 4.11147
3.04764 4.5187
2.68172 4.52363
2.51283 5.31731
2.48308 6.67909
2.38788 5.2935
2.36259 6.06419
2.23959 5.83396
2.19137 4.6366
2.11666 5.36069
2.08347 4.40575
1.90849 6.95679
1.70359 5.22518
1.69481 5.09804
1.65438 6.7036
1.65312 7.34324
1.41056 7.49203
1.34404 6.44674
1.02747 5.20321
0.962059 6.26515
0.959966 6.34845
0.883669 6.139
0.856592 5.46332
0.820991 7.59533
0.697375 7.14087
0.672863 5.70232
0.609997 7.42354
0.594326 5.9866
0.589697 8.43993
0.480338 6.54554
0.474334 5.85756
0.427336 6.25829
0.339783 9.32144
0.279165 8.8412
0.259661 9.59307
0.227394 8.02421
0.212072 8.06485
0.186875 10.2168
0.142394 10.0147
0.127559 7.2607
0.121315 8.34132
0.10493 8.85268
0.0874358 9.46241
0.0605112 10.389
0.0374478 8.69086
0.0373159 8.71301
0.0245754 7.32215
0.0214546 8.03963
0.0161662 9.75334
0.0146315 10.8499
0.273765 0.345679 0 0.187323 0.193232 
0.45089 0 0.302047 0 0.247063 
0.370014 0 0 0.629986 0 
0.0894014 0.101481 0.129066 0.374659 0.305392 
0.383555 0 0 0.483058 0.133387 
0.405977 0.518488 0 0.0755346 0 
0.463197 0.536803 0 0 0 
0 0 0 0.427701 0.572299 
0 0 0 1 0 
0 0 0.612762 0 0.387238 
0.424823 0 0.445855 0.129321 0 
0 0.209626 0 0.500784 0.28959 
0 0.577816 0.422184 0 0 
0.158685 0.841315 0 0 0 
0 0.610151 0 0 0.389849 
0 0 0.406396 0 0.593604 
0.261642 0 0.228072 0.510286 0 
0.254602 0.24124 0 0.375679 0.128479 
0 0 0.571621 0 0.428379 
0 0 0.148508 0.260589 0.590903 
0.315674 0.199377 0.1956 0.289349 0 
0.283419 0.190898 0.201888 0.173754 0.150041 
0.27984 0.524499 0.195661 0 0 
0 0 0 0.575262 0.424738 
0 0.419449 0 0 0.580551 
0 0 0.126082 0.500826 0.373092 
0.120563 0.26671 0.0934665 0.236442 0.282818 
0.358184 0 0.091177 0.325229 0.225411 
0.238638 0.129392 0.219948 0.412023 0 
0.336501 0.360111 0.243271 0.0601172 0 
0.158879 0.155446 0.401019 0 0.284656 
0.231848 0.231866 0.303373 0.232914 0 
0.418909 0 0.22882 0.352271 0 
0.567587 0 0.0904258 0.341987 0 
0 0.104369 0.318949 0 0.576683 
0 0 1 0 0 
0 0.194459 0.437167 0 0.368374 
0.18371 0.239136 0.506316 0 0.0708384 
0.204685 0.383826 0.411489 0 0 
0.27262 0 0 0.250036 0.477344 
0.30773 0 0.306922 0 0.385347 
0.279935 0.195659 0.261334 0 0.263072 
0.532542 0 0 0.467458 0 
0 0 0.709025 0.290975 0 
0.195354 0 0.205981 0 0.598665 
0 0.205246 0.266328 0.309203 0.219224 
0.0723031 0 0.146965 0.492768 0.287964 
0 0 0 0.461275 0.538725 
0.452697 0.0671156 0 0.317913 0.162275 
0.511041 0.172774 0.214455 0 0.10173 
0.230935 0.127465 0.323135 0.318466 0 
0 0 0 0.140737 0.859263 
0.216547 0.260547 0.522906 0 0 
0.289376 0.051884 0.274032 0.109058 0.275649 
0.238156 0.186643 0.156808 0.418393 0 
0.472599 0.470373 0.0570277 0 0 
0 0.707494 0 0 0.292506 
0.483795 0.211592 0 0.304613 0 
0 0 0.233777 0.593511 0.172712 
0.380769 0 0.143731 0 0.4755 
0 0 0.249741 0.750259 0 
0.35876 0.64124 0 0 0 
0.225879 0 0.774121 0 0 
0 0.279362 0.720638 0 0 
0 0.357364 0.642636 0 0 
0 0.300662 0.33029 0 0.369049 
0.313354 0.212882 0.156734 0 0.31703 
0.235562 0.364926 0 0.22679 0.172722 
0.343566 0.273567 0.199721 0 0.183146 
0.635178 0 0.364822 0 0 
0.17761 0.14371 0.239937 0 0.438744 
0.462165 0 0 0.537835 0 
0.295261 0.107681 0.111804 0.299233 0.186022 
0.630606 0 0.251718 0.117675 0 
0.396528 0.107672 0 0.414085 0.0817146 
0.632879 0 0.367121 0 0 
0.262363 0.253843 0.24191 0 0.241884 
0.127061 0.352349 0.52059 0 0 
0.125924 0.541065 0 0.223131 0.10988 
0.238081 0 0.0740356 0.182491 0.505392 
0 1 0 0 0 
0 0.411459 0 0 0.588541 
0 0 0.508788 0.491212 0 
0.244992 0 0 0.659638 0.09537 
0.27578 0.419725 0.304495 0 0 
0.687876 0 0.312124 0 0 
0 0.147798 0.617077 0.235125 0 
0 0 0 1 0 
0 0 0.187405 0.511958 0.300637 
0.346465 0 0 0 0.653535 
0.233894 0.446843 0.151131 0.0899253 0.0782074 
0 0 0 0.664139 0.335861 
0 0.440002 0.559998 0 0 
0 0.181604 0.141801 0.320123 0.356472 
0 0.26982 0 0.612882 0.117298 
0.207787 0.0567646 0.13012 0.508999 0.0963298 
0.213953 0.292516 0 0.493532 0 
0 0 0.376889 0 0.623111 
0 0 0 0.639903 0.360097 
0.141211 0 0.308432 0.295536 0.25482 
