5 100
0.270286
0.603611
0.424212
0.326431
0.256992
10.984 0.418699
10.3915 0.761296
9.71871 0.580386
9.10288 0.651975
8.84605 0.166947
8.49198 0.127986
8.32221 0.355146
8.01207 1.17981
7.72654 0.401746
7.55004 2.21959
7.05368 0.930228
7.03261 2.00272
7.01721 2.02551
6.91022 1.7599
6.78283 0.552973
6.60901 2.52344
6.49538 0.977981
6.464 1.2512
6.4336 0.883963
6.30405 3.29071
5.89545 2.3459
5.76106 3.21852
5.69534 2.8542
5.51136 2.6091
5.39157 2.33477
5.22299 2.68947
5.17195 2.69726
5.14488 2.81454
5.0532 2.54559
5.01057 2.62336
4.47923 4.28598
4.43328 3.58079
4.38195 4.48911
4.36031 4.29767
4.22225 3.19462
4.03382 3.64788
4.01545 3.38699
3.67418 2.83512
3.58801 3.80285
3.54199 4.73909
3.40231 3.76506
3.36671 5.06583
3.35658 3.45167
3.3496 3.45793
3.22866 4.67939
3.20988 4.00823
3.02248 4.9943
2.95417 5.40852
2.88261 3.42525
2.61603 4.41043
2.54768 6.07306
2.50809 5.33976
2.30655 4.02741
2.24151 4.49514
2.20007 6.19674
2.16931 5.84667
2.04136 5.14584
1.9717 5.15897
1.85955 6.22407
1.83559 6.0931
1.82447 5.43995
1.8243 6.87943
1.62858 6.86632
1.49467 6.14048
1.28235 7.39706
1.12415 6.44773
0.967687 7.09702
0.799388 5.68867
0.77869 7.13631
0.773343 8.59758
0.756173 5.40205
0.741096 6.62942
0.739181 7.28563
0.69704 6.42155
0.538116 6.88505
0.520984 8.58836
0.504977 8.99876
0.473094 6.93048
0.416675 9.46694
0.380046 9.10751
0.353082 9.29146
0.326849 6.48081
0.27741 6.47994
0.265604 6.61331
0.246901 8.63636
0.238061 8.68049
0.225233 6.46932
0.221199 8.77712
0.211679 9.34511
0.160758 8.39574
0.157111 6.50197
0.0919008 9.21938
0.0911224 10.8278
0.0824135 7.5196
0.0763574 10.7964
0.0637217 7.26708
0.0271657 7.38587
0.00312577 11.2523
0.0030727 10.6195
0.00198594 9.53864
1 0 0 0 0 
0 0.395946 0 0.604054 0 
0.603884 0 0 0.396116 0 
0.134935 0.344572 0 0.520493 0 
0.134051 0 0.354927 0 0.511022 
0.137363 0.350148 0 0 0.512489 
0 0 0 1 0 
0 0 1 0 0 
0.490238 0.509762 0 0 0 
0 0 0 1 0 
0 0 0.283796 0 0.716204 
0 1 0 0 0 
1 0 0 0 0 
1 0 0 0 0 
0 0 0.840953 0 0.159047 
0.734531 0.265469 0 0 0 
0 0 0.416878 0 0.583122 
0 0 1 0 0 
0 0.491853 0 0 0.508147 
0.64531 0.112331 0.242359 0 0 
0 0 0 0 1 
0.49912 0.274874 0 0.226006 0 
0 0.15334 0 0.84666 0 
0.67437 0.144772 0.180858 0 0 
0 0 0 0.846372 0.153628 
0.375324 0.0570624 0.24768 0 0.319933 
0 0 0 0.52623 0.47377 
0.237162 0.31654 0 0.446298 0 
0 0 0.305398 0 0.694602 
0 0 0.536404 0.38061 0.0829858 
0 0.360991 0 0 0.639009 
0 0.640337 0 0 0.359663 
0.31034 0 0 0.68966 0 
0 0 0 1 0 
0.25925 0.104909 0 0 0.635841 
0.488902 0 0.243874 0 0.267224 
0.316822 0 0.262726 0 0.420453 
0.28741 0.384222 0 0.328368 0 
0.552869 0 0 0 0.447131 
0 0.35985 0.459091 0 0.181059 
0 0.56967 0 0.43033 0 
0 0.374271 0.625729 0 0 
0 0 0 1 0 
0 1 0 0 0 
0.211663 0 0.262953 0.26701 0.258374 
0 0 0.496851 0.183112 0.320037 
0.33584 0.21091 0.214361 0.0811814 0.157708 
0.442715 0 0 0 0.557285 
0 0 1 0 0 
0 0 0 1 0 
0 0 0.535054 0.464946 0 
0.584344 0.150332 0 0.265323 0 
0.58158 0.41842 0 0 0 
0.1189 0 0.8811 0 0 
0.366883 0 0.418677 0 0.21444 
0 0.216226 0.783774 0 0 
0.811694 0 0 0.188306 0 
0.615796 0 0 0 0.384203 
0 0 0 0 1 
0 0.614573 0.385427 0 0 
0.428744 0.464962 0 0.106294 0 
0 0.471833 0.34589 0.182277 0 
0.53244 0 0 0.46756 0 
1 0 0 0 0 
0 0 0 0.157561 0.842439 
0 1 0 0 0 
0 0 1 0 0 
0 0 0 0 1 
1 0 0 0 0 
0 0 1 0 0 
0.154993 0 0 0 0.845007 
0.185594 0.429147 0 0.385259 0 
0 0 0 0.402579 0.597421 
0 0.433847 0.215251 0 0.350901 
0.456737 0 0 0.543263 0 
0 0.701205 0 0 0.298795 
0 0.533904 0.466096 0 0 
0 0 1 0 0 
0 0.502616 0 0 0.497384 
0 1 0 0 0 
0.587057 0 0.412943 0 0 
0 0 1 0 0 
0 0 0 0 1 
0.805935 0 0.194065 0 0 
0.668603 0.149076 0.182321 0 0 
0.384102 0.330907 0.28499 0 0 
0.424863 0 0.151881 0.423256 0 
0 0 0 1 0 
0 0 0 1 0 
0 0 0.382588 0 0.617411 
1 0 0 0 0 
0.127601 0.617374 0 0.255025 0 
0 0.45889 0 0.54111 0 
1 0 0 0 0 
0 1 0 0 0 
0 0 0.544037 0 0.455963 
0 0.138988 0 0.861012 0 
0.312229 0 0 0 0.687771 
0 0.382007 0 0.617993 0 
0 0 0 1 0 
