5 150
0.689528
0.70352
0.449484
0.74295
0.332583
10.5181 0.269795
10.4156 0.61536
10.1127 0.707138
9.80646 0.316248
9.75462 1.07824
9.68893 0.716763
9.6783 0.219988
9.37137 0.833566
9.31248 0.142174
9.18879 0.326113
9.15194 0.577849
8.80082 0.646987
8.71298 1.10385
8.4031 0.164748
8.27711 1.03323
8.12636 1.50611
8.05996 0.413207
8.01181 1.20267
7.99843 0.969652
7.91776 1.3901
7.65631 1.99773
7.52708 2.25941
7.4593 2.02521
7.39588 1.2616
7.20019 1.70598
6.91263 0.868776
6.8978 1.76037
6.81115 0.522638
6.69011 2.18463
6.44495 1.13093
6.29546 3.07826
6.13827 2.17943
6.06408 3.62767
6.03596 1.61647
6.02737 2.65908
5.91655 1.82342
5.80096 1.59354
5.75383 1.68722
5.7036 2.62037
5.6854 1.94842
5.10916 3.08091
4.72236 1.73024
4.71821 3.55189
4.70465 3.82666
4.55649 3.22826
4.5372 3.48788
4.4893 2.90709
4.36321 3.25226
4.30806 2.2582
4.06854 3.70383
3.96504 4.48412
3.911 3.45071
3.9062 3.77903
3.82378 3.82414
3.78603 2.83803
3.68177 4.03706
3.60683 3.88774
3.53432 5.57864
3.50776 3.64752
3.36626 3.72536
3.30852 3.10525
3.27445 3.90017
3.25776 4.01377
3.05571 3.67196
3.0021 3.86227
2.85792 5.34424
2.70125 5.75085
2.64765 5.80473
2.61261 5.06707
2.55265 3.37476
2.49114 4.0011
2.46282 4.5704
2.37511 5.60067
2.32401 5.82329
2.3191 5.32256
2.31856 4.73135
2.29454 4.25684
2.24988 5.37485
2.23197 4.3917
2.21734 6.21343
2.13172 4.68222
2.10157 4.47079
2.0595 5.41014
1.97253 5.25551
1.92673 6.33132
1.84978 4.88711
1.83987 4.63409
1.67161 6.77952
1.6518 5.40687
1.56921 6.64679
1.56579 6.58534
1.55117 7.05057
1.50279 6.32367
1.24192 6.12988
1.19868 5.09854
1.18434 8.25452
1.15401 7.42571
1.05868 6.4401
1.02969 8.58101
1.01773 6.28852
0.984154 7.13895
0.950859 5.37735
0.836988 5.61593
0.822591 7.06967
0.786621 6.0443
0.779373 6.2623
0.76205 5.75271
0.710453 5.56073
0.669934 6.37878
0.629466 8.88263
0.624888 9.33125
0.59595 6.41182
0.562438 7.45696
0.456845 7.9843
0.448431 8.70133
0.434078 8.6069
0.431237 9.62493
0.367528 6.33853
0.339832 7.61209
0.335671 6.29166
0.301627 6.95096
0.294322 8.2594
0.2833 7.31243
0.281718 9.22639
0.26152 7.70349
0.232551 10.0324
0.212849 8.18573
0.197896 7.23266
0.168055 7.33501
0.166474 10.9529
0.153805 6.58732
0.101643 8.37158
0.0944208 9.05193
0.0860565 7.19874
0.0686122 7.28149
0.0589882 7.80844
0.0448503 7.80235
0.034593 9.96952
0.0333601 11.492
0.0331087 10.327
0.0264327 7.51374
0.0229245 9.68938
0.0158383 10.6303
0.015362 9.98419
0.0145387 11.7295
0.0134128 10.9715
0.0116342 11.179
0.00808839 10.1389
0.00785778 10.9867
0.00342544 8.06234
0 1 0 0 0 
0.438453 0 0 0.561547 0 
0 1 0 0 0 
0 0 0.506374 0.493626 0 
0 0 0 1 0 
0 0 1 0 0 
0 0 0 0 1 
0 1 0 0 0 
0 0 0 0.433993 0.566007 
0 0 1 0 0 
0 1 0 0 0 
0.554663 0 0.445337 0 0 
0 0.694596 0 0.305404 0 
0 1 0 0 0 
0 0 0.487105 0 0.512895 
1 0 0 0 0 
0 1 0 0 0 
0 0 1 0 0 
0 1 0 0 0 
0 0.365325 0.17512 0 0.459555 
0 0 1 0 0 
0 0.41166 0 0 0.58834 
0.418959 0 0.581041 0 0 
0 1 0 0 0 
0.422437 0 0 0 0.577564 
0 0 1 0 0 
0 0 0 1 0 
0.411053 0 0.588947 0 0 
0.811849 0 0 0.188151 0 
0.449357 0 0 0.550643 0 
0.734034 0 0 0.265965 0 
0 1 0 0 0 
0 0 1 0 0 
0 0.766589 0.233411 0 0 
0.469045 0.530955 0 0 0 
0.329982 0 0.670018 0 0 
0 0.484706 0 0 0.515294 
1 0 0 0 0 
1 0 0 0 0 
1 0 0 0 0 
1 0 0 0 0 
0 0 0 1 0 
0 0 0.0951594 0 0.904841 
0.565985 0.434015 0 0 0 
0.357577 0 0 0.642423 0 
0.577002 0 0.422998 0 0 
0 0.31035 0 0.68965 0 
0 0.512971 0.487029 0 0 
1 0 0 0 0 
1 0 0 0 0 
0 0 0 0 1 
0 0 1 0 0 
0 0 0.112369 0.887631 0 
0.327503 0 0 0 0.672497 
0 0.613809 0 0 0.386191 
0 0 0 1 0 
0.395954 0 0.248734 0 0.355311 
0 1 0 0 0 
0 1 0 0 0 
0 0 0 0 1 
0.409499 0 0.140811 0.449689 0 
0.399448 0 0.600552 0 0 
0 1 0 0 0 
0.22575 0 0 0.379428 0.394822 
0.327537 0.357101 0 0.315362 0 
1 0 0 0 0 
0 0 0 0 1 
0 1 0 0 0 
1 0 0 0 0 
0 0 0 1 0 
0 0 0 1 0 
0 0.760479 0.122225 0 0.117296 
0 0 1 0 0 
0 0 0 1 0 
0 0 0 0 1 
0 0 0 1 0 
1 0 0 0 0 
0 0 0.147579 0.852421 0 
1 0 0 0 0 
0 0 0.53006 0 0.46994 
0 1 0 0 0 
0 0 1 0 0 
0 1 0 0 0 
0.747184 0 0 0.252816 0 
0 0 1 0 0 
0 0 0 1 0 
0 0 0.236643 0.763357 0 
0 0.229386 0.770614 0 0 
0 0 0 0 1 
0 0 0 1 0 
0.646194 0 0 0 0.353806 
0 0 0 1 0 
0 0 0 0 1 
0 1 0 0 0 
0 0.499456 0.500544 0 0 
0 0 1 0 0 
0 1 0 0 0 
0 0 1 0 0 
0.567292 0.432708 0 0 0 
0 0 0.425247 0 0.574753 
0 0.369702 0 0 0.630298 
0 0 0.448883 0 0.551117 
0 0 1 0 0 
1 0 0 0 0 
0.719956 0 0.280044 0 0 
0.642448 0.357552 0 0 0 
0 0 0 1 0 
0 0 0 0.342204 0.657796 
0 1 0 0 0 
0.47717 0 0 0 0.52283 
0 1 0 0 0 
0 0.265587 0.371309 0.363104 0 
0 0 0 0 1 
0 0 0 0 1 
1 0 0 0 0 
0 0 0 0 1 
0.242266 0.271025 0 0.486709 0 
0 0 0 1 0 
0.886095 0 0 0.113906 0 
0.327167 0.672833 0 0 0 
0 0 0 0.724621 0.275379 
0 1 0 0 0 
0 1 0 0 0 
0.258724 0 0 0.741276 0 
0 0 0.0963315 0.41346 0.490208 
0 0 0.127386 0.872614 0 
0 0 0 0 1 
0 0 0.4617 0.401955 0.136345 
1 0 0 0 0 
0 1 0 0 0 
0.485794 0.514206 0 0 0 
0.246383 0 0 0.375667 0.37795 
0 0 0 1 0 
0 0 0 0 1 
0 0 0.641954 0 0.358046 
0 0 0 0 1 
0 0 0 1 0 
0 0 1 0 0 
0 0 0 1 0 
0 0 0 1 0 
0 0 0 0 1 
0 0 0 1 0 
0 0 0 0.509934 0.490066 
1 0 0 0 0 
0 1 0 0 0 
0.198829 0 0 0.267412 0.533759 
0 0 0 1 0 
0 0 0.294066 0.705934 0 
1 0 0 0 0 
0 0 0 0 1 
