5 50
0.525048
0.616176
0.623409
0.726394
0.393742
10.521 0.328004
9.3031 0.362832
9.11997 1.20917
8.87901 0.737829
8.44767 0.435763
8.06832 1.691
8.01469 1.54696
7.85304 0.589061
7.15981 1.39914
6.99856 0.781403
6.46 1.5358
6.13187 1.93965
6.01089 1.39546
5.78399 3.12324
5.57913 3.15097
5.10543 2.03885
4.79503 2.67417
4.41834 4.01893
4.38331 2.41467
4.26197 3.06967
3.93772 3.48431
3.45757 3.22879
3.38896 2.9034
2.96725 4.74536
2.59316 4.19289
2.36794 4.11358
2.31726 6.47539
2.27712 5.07859
2.2456 5.71597
1.90624 4.58188
1.80378 4.53119
1.7191 4.648
1.54518 5.31372
1.35549 5.0937
1.20866 8.27225
1.1133 6.74662
1.02392 6.09262
0.835547 8.63326
0.749176 6.84857
0.448919 8.1396
0.380746 6.29301
0.379077 9.26889
0.376922 9.18569
0.265192 9.25378
0.260339 7.58319
0.257846 8.83445
0.178382 10.0172
0.0722055 7.68104
0.0106231 8.52687
0.00764149 9.25906
0 0 0.357611 0.417755 0.224634 
0.0542503 0.430179 0.373146 0 0.142425 
0.131616 0.745739 0 0.122645 0 
0.312505 0 0.331086 0 0.356409 
0 0.768096 0.231904 0 0 
0.346946 0 0 0.653054 0 
0.420035 0 0 0.399186 0.180779 
0 0 0.667879 0.332121 0 
0.357066 0 0.277674 0 0.365259 
0 0 0.352835 0.506967 0.140198 
0.164003 0.133986 0.70201 0 0 
0.488968 0 0 0.511032 0 
0 0.294779 0 0.442492 0.262729 
0.161832 0 0.511469 0 0.326699 
0.49146 0 0 0.50854 0 
0 0.354193 0 0.281878 0.363929 
0.490616 0.37468 0.134704 0 0 
0 0.342674 0.261036 0.326344 0.0699466 
0.37471 0 0 0.496791 0.128499 
0.876712 0 0.123288 0 0 
0.282623 0.402539 0 0.314838 0 
0.144651 0 0.483032 0.372317 0 
0.563388 0 0.436612 0 0 
0.0639749 0 0 0.483245 0.45278 
0.807401 0.192599 0 0 0 
0.649059 0 0 0 0.350941 
0.273505 0.386402 0.340094 0 0 
0.265899 0 0.734101 0 0 
0 1 0 0 0 
0 0 0 0.403177 0.596823 
0 1 0 0 0 
0 0 0 1 0 
0.204139 0.553906 0 0.241955 0 
0 0.743065 0 0 0.256935 
0 0.499855 0 0 0.500145 
0.532513 0.467487 0 0 0 
0 0.643816 0 0.183762 0.172422 
0 0.252717 0.363688 0.207482 0.176113 
0 0 1 0 0 
0 0.36071 0.453897 0.056151 0.129242 
0 1 0 0 0 
0.268417 0.529621 0 0.201962 0 
0.564151 0.435849 0 0 0 
0.649432 0 0 0.350568 0 
0.463025 0.536975 0 0 0 
0 0.341252 0.658748 0 0 
0.0655029 0 0 0.58778 0.346717 
0 0.508093 0.491907 0 0 
0 0 0.3315 0 0.6685 
0.284975 0.231308 0.304822 0 0.178895 
