5 100
0.419561
0.428716
0.483146
0.398137
0.696501
11.2995 0.39788
10.9931 0.158274
10.966 0.184269
10.7602 0.696527
10.492 0.12429
10.0338 0.330255
8.95577 0.896556
8.58346 1.44389
8.4193 0.778311
8.17303 1.20254
8.08749 0.596155
8.04993 0.325736
7.81033 1.44615
7.64004 1.51439
7.59064 1.24887
7.58666 1.53755
7.22085 0.349474
7.10532 0.330878
7.01987 1.65971
6.99143 1.54678
6.59833 2.01084
6.24602 2.31209
6.2221 2.5357
6.1746 1.49295
6.08772 1.41901
6.07066 1.79529
5.62681 2.50923
5.5038 3.60337
5.493 2.01262
5.36882 2.64451
5.26241 3.09348
5.11946 2.27689
5.09638 1.80664
5.04671 2.7048
4.83312 4.0645
4.77308 3.11485
4.634 3.05376
4.44618 2.81832
4.22583 2.0715
4.1427 3.63612
4.04842 3.74668
4.04272 3.64729
3.43508 5.01211
3.32163 4.70495
3.05305 4.38891
3.04312 4.10404
2.72052 6.15061
2.71617 6.20434
2.50693 5.44768
2.47159 5.56362
2.44223 4.73721
2.41928 4.80974
2.18669 3.83233
2.03004 4.24469
1.99296 7.24481
1.98097 5.67154
1.92605 4.76897
1.7659 6.54273
1.69909 6.63034
1.56012 4.83693
1.29916 5.06426
1.24011 7.19646
1.19348 5.80807
1.1158 7.89152
1.08142 5.56202
1.05276 5.74894
1.0045 5.41958
0.881186 7.52012
0.854466 6.38116
0.835383 9.22178
0.804501 6.1562
0.790633 5.96298
0.787348 7.18045
0.762462 8.35664
0.711043 8.1216
0.6686 6.80682
0.585391 7.6946
0.580962 7.30136
0.576865 7.15712
0.559025 5.69251
0.532825 7.27701
0.472011 7.73409
0.420071 8.26125
0.403069 6.97834
0.395496 9.13205
0.386331 9.71332
0.323309 6.76514
0.304378 7.94502
0.261854 7.35454
0.213668 9.86574
0.189723 8.83719
0.183896 9.45499
0.138664 8.17405
0.0960194 10.7514
0.0904195 8.64847
0.0875389 9.1256
0.0650704 10.4098
0.0393543 10.1349
0.0226677 7.68306
0.00384895 11.6177
0.54262 0 0.457379 0 0 
1 0 0 0 0 
0 0 1 0 0 
0 0.863367 0 0.136633 0 
0 0 1 0 0 
0 0.479407 0 0 0.520593 
0 0.59048 0 0.40952 0 
0 1 0 0 0 
0 0 0 1 0 
1 0 0 0 0 
0 0 0 0 1 
0 0 1 0 0 
0 0 1 0 0 
0.419023 0 0 0 0.580977 
0.443887 0 0.315877 0.240236 0 
0.335921 0.664079 0 0 0 
0 0 0 1 0 
0.361685 0 0 0 0.638315 
0.600047 0 0 0.399953 0 
0.708657 0 0 0 0.291343 
1 0 0 0 0 
0 0 0 1 0 
0.364665 0 0.635335 0 0 
1 0 0 0 0 
0 0 0 0 1 
0 0 1 0 0 
0.438743 0 0.561257 0 0 
1 0 0 0 0 
0 0 0 0 1 
0 0.22613 0.77387 0 0 
0.669334 0 0 0 0.330667 
0 0.173131 0 0.826869 0 
0 0 1 0 0 
0 0 0.359817 0.640183 0 
0 0.553938 0.446062 0 0 
0 0.67634 0 0 0.32366 
0 0 0 0 1 
1 0 0 0 0 
1 0 0 0 0 
0.15686 0 0 0.421836 0.421304 
0 0.21594 0.78406 0 0 
0 0.450443 0.549557 0 0 
0 0 0.270624 0.729376 0 
0.778052 0 0 0.221948 0 
0 0 0 0 1 
0.126864 0 0.449879 0.423256 0 
0 0 0 1 0 
1 0 0 0 0 
0.393109 0 0 0 0.606891 
0 1 0 0 0 
0 0.678068 0.321932 0 0 
0 1 0 0 0 
0 0 0 0 1 
0 1 0 0 0 
0 0 0 1 0 
1 0 0 0 0 
0 1 0 0 0 
0 0 0 1 0 
0 1 0 0 0 
0 1 0 0 0 
0 0 0 0 1 
0 0 0 0.35392 0.64608 
1 0 0 0 0 
0 0 0 0 1 
0 0 0 1 0 
0 0.636687 0 0 0.363313 
0 0 1 0 0 
0 0 0 1 0 
1 0 0 0 0 
0.132671 0.147541 0.204151 0 0.515638 
1 0 0 0 0 
0.171258 0 0.828742 0 0 
0.66504 0 0 0.33496 0 
0 0 1 0 0 
0 0 0 0.58527 0.41473 
0 0.620659 0 0.379341 0 
0 0.302971 0.381035 0 0.315994 
0 1 0 0 0 
0 0 1 0 0 
0 1 0 0 0 
0 0 0 1 0 
0 1 0 0 0 
0 0 0 0 1 
0 0 0 0 1 
0.509002 0 0 0 0.490998 
0 0.548595 0 0 0.451405 
0 0 0.568402 0.431598 0 
0 0 1 0 0 
0 0.554654 0.445346 0 0 
0 0 1 0 0 
0 0 0.184525 0.815475 0 
0 0 0.257373 0.742627 0 
0.838061 0 0 0.161939 0 
0 0 0 1 0 
0.274226 0.219967 0 0 0.505808 
1 0 0 0 0 
0 0 0 0 1 
0.836501 0 0 0 0.163499 
1 0 0 0 0 
0 0 0 1 0 
