5 100
0.315188
0.63406
0.489692
0.61288
0.543008
10.4373 0.544524
10.4135 0.926106
10.3304 1.01083
9.04622 0.793336
8.71241 1.39788
8.60546 1.03645
8.52521 1.15761
8.50008 0.628092
8.48403 0.664261
8.39537 0.562478
8.38487 1.15015
7.88311 0.227301
7.64791 1.50425
7.21711 0.735262
7.1089 0.539705
6.91136 1.25296
6.83805 1.55021
6.11267 3.03131
5.82983 1.33109
5.6213 2.16886
5.34112 2.39246
5.30386 3.79534
5.22694 1.72439
5.16309 3.92313
5.00268 2.62121
4.90817 1.9308
4.80118 1.87067
4.60606 2.40908
4.30061 4.35341
4.13411 2.55674
4.05368 2.508
4.04547 3.66531
4.00718 2.87434
4.00674 2.87391
3.9795 3.01537
3.9361 3.303
3.91257 2.71137
3.89285 2.53674
3.73344 3.3456
3.65197 2.94368
3.51251 5.70728
3.5008 4.39014
3.4823 5.0655
3.43589 4.0036
3.43298 4.59312
2.96842 4.80387
2.94208 3.7883
2.8623 4.68127
2.78458 3.80515
2.70119 4.7044
2.69138 4.98442
2.6216 5.20164
2.62138 4.13638
2.61197 4.68319
2.59546 3.35265
2.56067 5.76448
2.53751 4.25056
2.42415 4.99242
2.34282 6.0402
2.28703 5.52525
2.13747 4.91479
2.05699 5.6634
1.97433 5.55111
1.81993 6.47261
1.54118 7.10069
1.45705 4.81757
1.45343 7.00768
1.40959 7.18423
1.38848 6.17553
1.36188 8.12019
1.35376 7.47567
1.32639 6.21587
1.13524 4.85458
1.09875 7.14965
1.07162 6.82871
1.04308 6.12367
1.02505 8.14477
0.983561 8.50273
0.953227 8.86221
0.903856 8.93064
0.743829 7.51926
0.715332 7.27733
0.713307 7.33232
0.674271 5.43847
0.668186 8.66205
0.469518 6.5756
0.390752 8.82056
0.353326 7.41021
0.324491 6.51305
0.299618 9.92326
0.274924 6.29767
0.191297 10.3485
0.105241 10.7494
0.0564057 10.4176
0.0385173 8.07382
0.0202654 9.04316
0.0171125 10.7386
0.00995136 9.24757
0.0080174 9.01085
0.00164392 8.88533
0 1 0 0 0 
0 0 0 0 1 
0 0 1 0 0 
0 0 1 0 0 
0 1 0 0 0 
0 0 0 1 0 
0 1 0 0 0 
0 1 0 0 0 
0 1 0 0 0 
0 0 0 0 1 
0 0 1 0 0 
0 0 0 1 0 
0 0 0 1 0 
1 0 0 0 0 
0 1 0 0 0 
0 0 1 0 0 
0 1 0 0 0 
0 0 0 0 1 
0 1 0 0 0 
0 0 1 0 0 
0 1 0 0 0 
0 1 0 0 0 
0 1 0 0 0 
1 0 0 0 0 
0 0 0 0 1 
0 1 0 0 0 
1 0 0 0 0 
0 0 1 0 0 
0 1 0 0 0 
1 0 0 0 0 
0 0 0 1 0 
0 1 0 0 0 
1 0 0 0 0 
0 0 0 1 0 
0 0 1 0 0 
0 1 0 0 0 
0 0 0 1 0 
0 0 1 0 0 
0 1 0 0 0 
0 0 0 0 1 
0 0 0 1 0 
0 0 1 0 0 
1 0 0 0 0 
0 0 0 0 1 
0 1 0 0 0 
0 0 0 1 0 
0 0 0 0 1 
0 0 0 1 0 
1 0 0 0 0 
1 0 0 0 0 
0 0 1 0 0 
0 1 0 0 0 
1 0 0 0 0 
1 0 0 0 0 
1 0 0 0 0 
0 0 1 0 0 
0 0 0 0 1 
1 0 0 0 0 
1 0 0 0 0 
0 0 0 1 0 
1 0 0 0 0 
0 0 0 0 1 
0 0 0 0 1 
1 0 0 0 0 
0 0 0 1 0 
0 1 0 0 0 
0 0 1 0 0 
0 1 0 0 0 
0 0 1 0 0 
1 0 0 0 0 
0 1 0 0 0 
0 0 1 0 0 
0 0 0 1 0 
0 1 0 0 0 
0 0 0 0 1 
0 1 0 0 0 
0 0 1 0 0 
0 0 0 0 1 
0 0 0 1 0 
0 0 1 0 0 
0 0 0 1 0 
0 0 1 0 0 
0 0 1 0 0 
0 1 0 0 0 
0 0 0 0 1 
1 0 0 0 0 
0 0 0 0 1 
0 0 1 0 0 
0 0 1 0 0 
0 0 0 0 1 
1 0 0 0 0 
1 0 0 0 0 
0 0 0 0 1 
0 0 1 0 0 
0 0 1 0 0 
1 0 0 0 0 
0 1 0 0 0 
0 0 0 0 1 
0 0 0 1 0 
1 0 0 0 0 
