5 150
0.491322
0.709394
0.399259
0.647737
0.290705
11.2479 0.360047
10.4303 0.688938
10.0631 0.737912
9.9104 0.521049
9.82182 0.783773
9.75887 0.993414
9.62096 0.266042
9.55135 1.21699
9.17004 1.19926
9.14629 1.09766
9.11361 1.46166
9.10307 0.673385
9.02667 0.294632
8.78054 0.616503
8.61379 1.4191
8.52094 1.50254
8.20976 1.54743
7.99433 0.829314
7.67082 1.69643
7.66406 0.147738
7.61613 0.15415
7.59151 0.923445
7.44953 0.808348
7.37437 1.30651
7.34038 1.99722
7.25538 1.9504
7.25223 2.0275
7.21371 2.41177
7.1647 2.11023
6.93889 1.87593
6.85489 0.685346
6.56343 2.51641
6.54369 2.33751
6.41253 1.23365
6.16083 2.46371
6.04236 1.69072
5.96122 3.49992
5.83806 1.42457
5.79738 1.65321
5.79571 2.6714
5.78384 2.73536
5.62312 1.48889
5.46263 1.61274
5.45242 1.65999
5.16091 3.23298
5.11973 2.36651
5.11567 2.36906
4.98762 4.06882
4.90079 2.89812
4.85075 2.42869
4.82678 2.52451
4.79462 3.29164
4.73689 1.98505
4.58447 3.15751
4.53529 1.69978
4.45367 3.49383
4.44363 2.65882
4.35328 1.93386
4.06661 4.05009
4.03719 4.34464
3.94641 4.21959
3.90315 3.43723
3.83223 2.84384
3.8149 2.56629
3.76134 2.73406
3.7081 4.6852
3.66081 3.57529
3.6178 5.14313
3.60481 3.51647
3.58706 2.6533
3.40708 3.41113
3.37664 4.57201
3.23149 3.03963
3.07858 4.01773
3.05923 4.59341
2.90372 4.73279
2.86036 4.45143
2.82635 5.9108
2.75936 5.68633
2.73083 5.2148
2.71037 5.71701
2.41151 5.81077
2.39936 4.82658
2.36634 5.51675
2.35215 5.16695
2.3261 4.39745
2.18784 4.5723
2.08833 5.31281
2.04243 3.98409
2.03829 6.09526
1.84184 6.3181
1.68964 5.13872
1.61831 5.44826
1.53054 6.72613
1.47727 7.68223
1.4664 5.50348
1.38121 6.64942
1.34622 6.08785
1.3287 8.35392
1.31162 4.94496
1.13626 7.1774
1.13533 6.48866
1.12349 5.74163
1.1037 5.36472
0.969811 7.38426
0.901965 7.34704
0.89739 7.26272
0.785618 5.91739
0.760907 5.38846
0.691869 6.99531
0.689045 8.15502
0.63949 6.94163
0.612025 6.88833
0.590527 5.93047
0.559042 9.22295
0.485973 8.97384
0.476789 7.88602
0.375707 6.44058
0.36226 10.0354
0.356691 9.65818
0.354238 8.83634
0.335552 10.0504
0.293769 9.83423
0.289542 6.70543
0.284766 6.75229
0.243551 8.88984
0.232301 8.72692
0.215346 10.4223
0.168174 9.83465
0.160651 10.1306
0.150683 8.91111
0.145663 8.42402
0.138616 9.52139
0.136741 7.42499
0.106003 8.67277
0.104687 9.81167
0.0786165 6.86583
0.0766682 10.7562
0.0698272 11.1115
0.0690437 7.76676
0.0583818 8.62188
0.0386671 10.45
0.0317263 10.0715
0.0285142 10.3557
0.0175731 11.1389
0.0119579 9.44498
0.0114357 11.4262
0.00875791 11.8892
0.00760768 7.74763
0.00289932 11.0677
1 0 0 0 0 
0 0 1 0 0 
0 0.635041 0 0.364959 0 
0 1 0 0 0 
1 0 0 0 0 
0 0 0 1 0 
0.277414 0 0 0 0.722586 
0 0 0 1 0 
0 0 0 1 0 
1 0 0 0 0 
0 0 1 0 0 
0 0 0 1 0 
0 0 0 1 0 
0 0 1 0 0 
0 1 0 0 0 
0 0 1 0 0 
0 0 1 0 0 
0 0 0 0.487763 0.512237 
0 0 1 0 0 
0.397371 0 0.602629 0 0 
1 0 0 0 0 
0 0 0 0.880089 0.119911 
0 0 0 1 0 
0.564916 0 0 0 0.435084 
0 0 0 1 0 
0 0.303168 0 0 0.696832 
0 0 0 0 1 
0 0.583293 0.416707 0 0 
0 1 0 0 0 
0 1 0 0 0 
1 0 0 0 0 
0 1 0 0 0 
0 0 0 0 1 
0 0 0 0 1 
0 1 0 0 0 
0 0 0 0 1 
0.494323 0 0 0 0.505677 
0 1 0 0 0 
0 0 1 0 0 
0 1 0 0 0 
1 0 0 0 0 
0 0 0.41014 0.58986 0 
0 0 1 0 0 
0 0 0 0 1 
1 0 0 0 0 
0 0 0 1 0 
0 0 0 0 1 
1 0 0 0 0 
0 0 0 0 1 
0 0 0 0 1 
0 0 0 0 1 
0 0 1 0 0 
0 0 1 0 0 
0 0 1 0 0 
1 0 0 0 0 
0 1 0 0 0 
0 1 0 0 0 
0 0 1 0 0 
0 0 0 0 1 
0 0 0 1 0 
0 0.198287 0.801713 0 0 
0 0 1 0 0 
0 1 0 0 0 
1 0 0 0 0 
0 1 0 0 0 
0 0 0 1 0 
0 0 0 0 1 
0 1 0 0 0 
1 0 0 0 0 
0 0 1 0 0 
0 0 0 0.57802 0.42198 
0 0 1 0 0 
0 0.384148 0 0.615852 0 
0 0.336252 0 0 0.663748 
0.651419 0 0 0.348581 0 
0 0.529107 0.470894 0 0 
1 0 0 0 0 
1 0 0 0 0 
0.709943 0 0.290057 0 0 
0 0 0 0 1 
0 1 0 0 0 
0 1 0 0 0 
0 0 0 1 0 
0 0 1 0 0 
0 1 0 0 0 
0 0 0 1 0 
0.684978 0 0 0 0.315022 
1 0 0 0 0 
1 0 0 0 0 
0 1 0 0 0 
0 0 1 0 0 
0.616182 0 0 0 0.383818 
0 0 0 0 1 
1 0 0 0 0 
1 0 0 0 0 
0 1 0 0 0 
0 0 1 0 0 
0 1 0 0 0 
0 0 0 0 1 
0 0 0 1 0 
0 0.600189 0 0 0.399811 
0 0.653715 0.346285 0 0 
0 0 1 0 0 
0 0 0 1 0 
0 1 0 0 0 
0 0 0 0 1 
0 0 0 1 0 
0 1 0 0 0 
0 0 1 0 0 
0 0 0 0 1 
0.508726 0.491274 0 0 0 
0 0 0 0 1 
0 0 1 0 0 
0 0 0 1 0 
0 1 0 0 0 
0 0 0 0 1 
0 0 0 0 1 
1 0 0 0 0 
0 0 1 0 0 
0.718847 0 0 0.281153 0 
0 0 0 1 0 
0 0 1 0 0 
0 0 0 1 0 
0 0 0 0 1 
0 0 0 0 1 
0 0 0 0 1 
0 0 0 0 1 
0 0 0.411236 0 0.588764 
0.45617 0 0 0.54383 0 
0.468266 0.531734 0 0 0 
1 0 0 0 0 
0 0 1 0 0 
0 0 0 0 1 
0 0 0.389759 0 0.610241 
0 0.453169 0.546831 0 0 
0 0.333398 0 0.666602 0 
0 0 1 0 0 
0 0 0.712716 0.287284 0 
0 1 0 0 0 
0 1 0 0 0 
0 0 0 1 0 
0 0 1 0 0 
0 0 0 0 1 
1 0 0 0 0 
0 0 0 0 1 
0 0 1 0 0 
1 0 0 0 0 
1 0 0 0 0 
0 0 0 1 0 
0 0 1 0 0 
