5 50
0.253327
0.490699
0.582972
0.314699
0.578913
10.4118 0.272295
10.0672 1.01735
9.06494 0.942928
9.03893 0.154095
8.45846 0.532706
7.95549 1.76257
7.6501 1.06392
7.63324 1.0412
7.52682 1.58847
6.79457 0.974442
6.75926 1.8332
6.36391 1.06548
5.52216 1.52729
5.4553 3.11772
4.95971 4.16208
4.81487 4.12811
4.41818 4.36834
4.37941 2.01313
4.23555 2.74288
3.84359 3.53828
3.68454 4.66835
3.03374 3.52563
2.95623 4.6645
2.8917 3.32707
2.88572 5.9469
2.59538 4.27956
2.38914 3.42846
2.31299 6.24959
2.14739 5.38306
2.02833 7.23091
1.8797 6.41664
1.57844 6.74949
1.54833 5.191
1.33456 5.26087
1.25312 7.25
1.16772 5.4362
1.06327 7.98488
1.03518 7.17879
1.00829 5.76307
0.847843 6.82202
0.746549 7.28158
0.691205 6.51678
0.676345 7.86569
0.661269 8.44392
0.404844 7.49735
0.335024 8.70165
0.166988 6.9656
0.13901 7.14897
0.113147 10.8102
0.00094335 10.5571
1 0 0 0 0 
0 0.347647 0.348837 0.12019 0.183325 
0.686557 0.313443 0 0 0 
0 0 0 0.632757 0.367243 
0.0997086 0 0.359989 0 0.540302 
0 0.202495 0.513822 0.283684 0 
0 0.15135 0 0.59134 0.257311 
0.353269 0 0.249438 0.235455 0.161838 
0.456857 0.428884 0 0 0.114259 
0.106306 0 0.459109 0.434585 0 
0.353241 0.161961 0.277559 0 0.207239 
1 0 0 0 0 
0.10227 0.380435 0 0.344552 0.172744 
0 0.374413 0.23218 0 0.393407 
0.408288 0.217469 0 0.374243 0 
0.308547 0 0 0.442932 0.248521 
0.35354 0 0 0.332657 0.313803 
0 0 0 1 0 
0.436007 0.171217 0 0.392775 0 
0.25785 0 0 0.74215 0 
0.317743 0.682257 0 0 0 
0 0.219148 0.432769 0 0.348083 
0 1 0 0 0 
0 0.0948657 0.71669 0 0.188444 
0 0 1 0 0 
0.491147 0 0 0.508853 0 
0.370114 0.519784 0.110102 0 0 
0.754996 0 0 0 0.245004 
0 0 0.506921 0 0.493079 
0 0.401677 0 0.49134 0.106982 
0.265748 0 0.182446 0.219483 0.332323 
0.504807 0.495193 0 0 0 
0 0.433796 0.0909097 0.329237 0.146058 
0 0 0.167678 0.313826 0.518495 
0.202692 0.413663 0 0.383645 0 
0 0.342867 0 0.657133 0 
0.384765 0 0.26028 0.354955 0 
0 0 0.69581 0.0862521 0.217938 
0.323197 0.676803 0 0 0 
1 0 0 0 0 
0.38723 0.40702 0.20575 0 0 
0 0 0 1 0 
0 0.684454 0 0.315546 0 
0.601588 0.398412 0 0 0 
0 0 0 1 0 
0.578705 0 0 0.421295 0 
0.421608 0 0 0 0.578392 
0.488264 0 0 0 0.511736 
0.478598 0.521402 0 0 0 
0.226595 0.20545 0 0.303261 0.264694 
