5 100
0.496067
0.318257
0.347757
0.458695
0.506009
10.844 0.653023
9.27856 0.937868
9.08184 0.635434
8.88687 1.43367
8.73437 0.22881
8.66597 1.05467
8.53289 1.33853
8.13611 0.954633
8.09067 0.855364
7.77101 2.08714
7.74161 1.88702
7.14806 2.3166
7.00102 2.59144
6.9184 1.72594
6.8624 2.51823
6.64661 1.59877
6.58035 2.76042
6.49075 1.62103
6.39987 1.83123
6.22079 0.778696
6.19279 1.94367
6.06751 1.89874
5.92914 2.04806
5.6781 1.65485
5.41726 2.90895
5.30726 2.02256
5.12681 3.16296
5.11897 2.26696
5.02278 3.56761
4.92446 2.92145
4.91499 2.99325
4.78299 2.65725
4.7382 2.35433
4.67274 3.42214
4.32123 3.22361
4.30398 3.60366
4.28199 3.95819
4.23144 4.28063
4.21897 3.5769
3.85455 3.1816
3.81635 3.1325
3.79294 3.39524
3.77068 2.61077
3.693 3.47169
3.50331 3.58973
3.32606 4.01077
3.20479 4.06794
2.49632 4.80481
2.36152 5.05739
2.30112 4.36557
2.10279 6.65489
2.0239 5.1592
1.65599 6.46357
1.65321 7.40742
1.65219 4.67417
1.63712 5.98714
1.33003 4.97157
1.1816 8.50919
1.09044 6.03999
0.971294 7.36845
0.948834 5.68856
0.935112 7.68334
0.933504 6.39426
0.823138 6.82461
0.750527 7.72975
0.722508 7.70279
0.707229 7.2267
0.595641 6.19549
0.594962 7.9316
0.568157 9.37098
0.53906 5.90648
0.53851 6.77937
0.528741 6.23389
0.434958 6.32985
0.403587 6.24102
0.381235 7.22994
0.380141 9.60835
0.366295 7.38321
0.34151 7.25066
0.239739 9.18302
0.234858 7.43905
0.208382 9.21859
0.179774 6.49949
0.173763 9.06017
0.16355 10.3674
0.162424 8.63329
0.152516 8.17766
0.137135 7.08026
0.113617 7.33984
0.103597 9.90943
0.0860938 10.577
0.0732609 10.8886
0.0548187 10.9589
0.0506629 10.0032
0.0370287 8.49021
0.0362562 11.3451
0.0361863 9.69773
0.0211089 9.62078
0.0197678 11.4699
0.017453 10.0629
0.159365 0 0.521717 0.318918 0 
0.454223 0.545777 0 0 0 
0 0 0.720236 0.279764 0 
0 0 0 0.693232 0.306768 
0 0.431153 0 0 0.568848 
0 0.533845 0.466155 0 0 
1 0 0 0 0 
0.193735 0.806265 0 0 0 
0 0 0 0 1 
0.498581 0 0.501419 0 0 
0 0 0.529934 0.170851 0.299215 
0 0 0 0.400068 0.599932 
0 1 0 0 0 
0 0 0.276458 0 0.723542 
0 0 1 0 0 
0 0 0.683636 0 0.316364 
0.369208 0.273849 0 0.356943 0 
0 0 1 0 0 
0.263175 0 0 0.378631 0.358194 
0 0.743085 0 0.256915 0 
0.46521 0.53479 0 0 0 
0 0.480946 0.227522 0.291532 0 
0 1 0 0 0 
0.78375 0 0 0.21625 0 
0 0.347448 0.43776 0.214792 0 
0.0587223 0.514656 0 0.426622 0 
0 0 0.733522 0.266478 0 
0 0.609579 0 0.390421 0 
0 0.54636 0 0.143501 0.310139 
0.389343 0.454375 0 0.156282 0 
0.332154 0.352579 0.315268 0 0 
0 0 0.510498 0 0.489502 
0.547961 0.452039 0 0 0 
0 0 0.862095 0 0.137905 
0 0 1 0 0 
0.330944 0.544934 0 0 0.124122 
0 0.492015 0 0 0.507985 
0 0 0.611455 0 0.388545 
0 0 0.156747 0.457319 0.385934 
0.52337 0.47663 0 0 0 
0 0 0 1 0 
0 0 1 0 0 
0.506911 0 0.493089 0 0 
1 0 0 0 0 
0 0 0 0 1 
0.219268 0 0.780732 0 0 
0 0 0 1 0 
0 0 0.221883 0 0.778117 
0 0.299008 0.328478 0.372515 0 
0 0 0.152421 0 0.847579 
1 0 0 0 0 
0 0 0.265906 0.39428 0.339814 
0.385677 0 0 0 0.614323 
0 0.174782 0 0 0.825218 
0 0 0 0.388395 0.611605 
0 0 0 0 1 
0 0 0.279691 0 0.720309 
0.393866 0 0 0 0.606134 
1 0 0 0 0 
0 0 1 0 0 
0.228186 0 0 0 0.771814 
0.229277 0 0 0.366036 0.404688 
0.319398 0 0.391729 0.288872 0 
0 0 1 0 0 
0 0 0 1 0 
0 0.473729 0 0.526271 0 
0 0 0.757436 0.242564 0 
0 0 0 0 1 
1 0 0 0 0 
0 0 0.350073 0.339539 0.310388 
0.776515 0 0 0.223485 0 
0.135289 0.432401 0.268884 0.163426 0 
0.352403 0.332724 0 0 0.314873 
0 1 0 0 0 
0 0 0.77156 0 0.22844 
0 0.31637 0.405292 0 0.278338 
0 0.619246 0 0.380754 0 
0.583836 0 0 0 0.416164 
0 0.496711 0.0997191 0.40357 0 
0.29703 0 0.294926 0.28524 0.122804 
0 0.626442 0 0.373558 0 
1 0 0 0 0 
0.249609 0 0 0 0.750391 
0 0 0 0 1 
0 0 0.536121 0.234209 0.22967 
0 0 0 0 1 
0 0.622707 0.377293 0 0 
0.372687 0 0 0.627313 0 
0 0 0 0.518021 0.481979 
0.464527 0.247974 0.144725 0 0.142774 
0.360901 0 0.639099 0 0 
0 0 1 0 0 
0.4523 0 0.547701 0 0 
0 0 0 0 1 
0.402657 0 0 0 0.597343 
0 0 1 0 0 
1 0 0 0 0 
0.371561 0 0 0.127605 0.500834 
0 0 0 0.566043 0.433957 
0.35938 0 0.64062 0 0 
