5 150
0.484764
0.337725
0.424047
0.376621
0.692656
11.8844 0.114474
11.8418 0.131202
11.1327 0.353904
10.6686 0.470558
10.0401 0.806446
9.99811 0.854166
9.95853 0.404238
9.907 0.74317
9.69785 0.848989
9.13699 1.39397
8.93574 0.0925269
8.59962 1.09817
8.57682 0.502713
8.57116 1.79313
8.33854 1.67466
8.33004 0.390969
8.13031 0.928643
7.61877 0.397348
7.57624 2.13289
7.28378 2.65179
7.16064 0.266795
7.018 0.592556
6.94073 2.61791
6.85414 0.560944
6.81795 1.93099
6.62711 0.906145
6.44296 2.73541
6.38942 1.3357
6.35001 1.16088
6.34839 2.50245
6.3205 2.56618
6.23016 1.89189
6.07379 3.04983
6.05233 2.64575
5.97167 1.46778
5.67442 2.44259
5.66022 2.66282
5.55662 2.8151
5.53803 2.41362
5.3496 3.7395
5.28948 2.51392
5.13038 3.38913
5.12724 1.95197
5.11603 2.59778
5.10904 2.54343
5.08476 2.735
5.04394 2.61629
5.00337 2.54436
4.88795 2.97878
4.88388 2.90768
4.71094 4.02671
4.67628 2.79564
4.48603 4.84167
4.37461 3.77087
4.34565 2.37534
4.27483 3.68122
4.20852 4.32119
4.15201 2.6188
4.14271 3.40489
3.94585 2.94476
3.93944 3.34927
3.93197 3.13236
3.64899 2.83585
3.60202 2.87341
3.38246 4.86117
3.32783 3.12094
3.27576 4.00396
3.16073 5.64816
3.0222 4.94821
2.98908 3.18705
2.96001 5.28249
2.899 4.31146
2.86794 5.8376
2.74377 5.11271
2.65461 5.83124
2.64923 4.13371
2.49061 4.92256
2.30919 4.85927
2.2023 5.63717
2.08222 5.50475
2.03759 4.75705
2.02672 4.81587
2.00624 3.91529
1.98503 5.72285
1.97368 5.06485
1.92017 6.53259
1.89116 4.76741
1.85869 5.45362
1.80064 4.53332
1.70836 4.25091
1.69785 5.72915
1.60391 5.25372
1.58876 5.98208
1.4809 6.97634
1.45453 4.64762
1.3638 6.03206
1.34931 7.19956
1.29494 4.62845
1.19251 6.09333
1.10229 5.89997
1.09591 8.26433
1.09414 5.18727
1.02847 6.51344
0.978672 5.55959
0.948664 7.66316
0.93322 6.84134
0.881458 8.5465
0.840958 6.43241
0.81158 8.62496
0.766799 7.60072
0.676411 8.21391
0.639121 7.93543
0.571978 7.79864
0.56601 8.43575
0.507044 8.19287
0.45321 9.32865
0.406564 7.92515
0.344516 7.61975
0.343774 8.58343
0.340017 8.62223
0.333781 8.30313
0.2739 6.61804
0.271056 8.44939
0.245189 6.76087
0.223827 7.01004
0.200974 8.44687
0.193251 9.3913
0.160884 10.8801
0.15627 7.57224
0.155603 8.32793
0.121966 10.5686
0.0831197 8.0777
0.0724789 10.4287
0.062869 7.8686
0.0626257 11.0722
0.0599506 7.96328
0.0555487 9.10909
0.0368856 8.79234
0.0302444 7.08451
0.028083 10.6401
0.0241044 10.8964
0.0213835 8.94572
0.0150973 9.94237
0.0142661 9.99101
0.0117213 11.3556
0.0113138 10.1961
0.00873333 12.0074
0.00856622 10.3464
0.00509906 11.4763
0.00353447 10.571
0 0 0 0.421867 0.578133 
0 0 0.211547 0.788453 0 
0 0 0.283405 0 0.716595 
0.136454 0 0 0.491211 0.372335 
0.441996 0 0.456337 0 0.101667 
0.132114 0.429655 0 0 0.43823 
0 0.411311 0 0.588689 0 
0 0.35134 0.406827 0 0.241833 
0.294727 0.274455 0.114991 0 0.315827 
0 0 0.304464 0.500646 0.19489 
0.373431 0 0.626569 0 0 
0 0.776247 0 0.223753 0 
0.403324 0 0 0.234262 0.362414 
0.401972 0 0.298956 0 0.299072 
0 0 0.0828284 0.371404 0.545768 
0.531369 0 0.0699734 0 0.398658 
0 0 1 0 0 
0 0.506779 0 0 0.493221 
0.165683 0.224784 0 0.337192 0.272341 
0 0.44846 0 0.287853 0.263687 
0 0 0 1 0 
0.334739 0.377432 0 0.28783 0 
1 0 0 0 0 
0 0 0.591572 0.408429 0 
0 0 0.439578 0.560422 0 
0.540381 0.326443 0.133177 0 0 
0 0.145187 0.202047 0.361886 0.29088 
0 0 0 0.364139 0.635861 
0 0 0 0.794567 0.205433 
0 0.284681 0.311958 0 0.403361 
0.606438 0 0.393562 0 0 
1 0 0 0 0 
0 0.500417 0.499583 0 0 
0 0.424163 0 0.575837 0 
0.360627 0 0 0 0.639373 
0.0563092 0.0946548 0.420276 0.42876 0 
0 0 0 0 1 
0 0.86329 0 0.13671 0 
0 0.372388 0.627612 0 0 
0 0.808468 0 0 0.191532 
0 0.604681 0.173208 0.222112 0 
0 0.422786 0.19595 0.381265 0 
0.478519 0 0 0 0.521481 
0 0.4543 0 0 0.5457 
0 0 0.428524 0.372043 0.199434 
0.113384 0 0.570846 0 0.31577 
0.569881 0 0 0.430119 0 
0.406528 0 0.34957 0.243903 0 
0 0.547598 0 0 0.452401 
0 0 0 1 0 
0 0 0 0.333019 0.666981 
0.424936 0.39299 0.182074 0 0 
0.45349 0.54651 0 0 0 
0 0.283803 0.17709 0.31283 0.226277 
0.496295 0 0.238014 0.265691 0 
0 0.519683 0 0 0.480317 
0 0.345708 0 0.388895 0.265397 
0 0 0.31065 0 0.68935 
0 0.308752 0.409508 0 0.28174 
0.0451546 0 0.413082 0.338741 0.203022 
0 0 0.468124 0.0888135 0.443062 
0.395635 0.358138 0 0 0.246226 
0.588289 0 0 0.152012 0.259699 
0.445368 0.345813 0.208819 0 0 
0 0 0.375705 0.624295 0 
0.337386 0.216049 0.446565 0 0 
0 0 1 0 0 
0 0.233458 0.323868 0.316279 0.126395 
0 0.752036 0 0.247964 0 
0 0.0953458 0 0.353458 0.551196 
0 0 0 1 0 
0.293334 0.111242 0.488831 0.106593 0 
0.300491 0.196382 0 0.106267 0.39686 
0 0 0.597738 0.402262 0 
0 0 1 0 0 
0.369159 0 0 0.46478 0.166062 
0.802261 0 0 0 0.197739 
0 0 0.129386 0.456246 0.414369 
0 0 0 1 0 
0 0 0 0.508988 0.491012 
0.542174 0 0 0.457826 0 
0 1 0 0 0 
0.348297 0 0 0.651703 0 
0.577877 0.151069 0.271055 0 0 
0.569654 0.065786 0 0 0.36456 
0 0 0.483492 0.283689 0.232819 
0 0 1 0 0 
0.375623 0 0.192774 0 0.431603 
0.612048 0.111868 0.133406 0 0.142677 
0 0.352652 0.0808002 0.320429 0.246119 
0.343005 0 0.295845 0.36115 0 
0 0.195406 0.364724 0 0.43987 
0.702021 0.161197 0 0 0.136782 
0.358634 0 0.214676 0.426691 0 
1 0 0 0 0 
0.326304 0.265127 0.131929 0 0.27664 
0 0 0 0 1 
0.461593 0 0.176888 0 0.361519 
0 0.177649 0.372447 0 0.449903 
0 0 1 0 0 
0.504424 0 0 0.110245 0.385331 
1 0 0 0 0 
0 0.28934 0 0 0.71066 
0 0 0.468136 0 0.531864 
0 0 0.608341 0.214844 0.176816 
0 0.220886 0.358551 0 0.420563 
0 0.306963 0.693037 0 0 
0.366673 0 0 0.633327 0 
0 0.277333 0.410867 0 0.3118 
0 0.191614 0 0.335328 0.473057 
0 0.347467 0 0.267216 0.385318 
0 0.262739 0.121105 0.616156 0 
0 0 0.367907 0.0790896 0.553003 
0 0.427661 0.315991 0.122939 0.133409 
0.419052 0 0.370505 0 0.210442 
0 0 0 0.511263 0.488737 
0.591848 0 0.408152 0 0 
0 0.530541 0 0.469459 0 
0.633641 0 0 0 0.366359 
0 0.0960886 0.576201 0 0.327711 
0.172264 0 0.405193 0.280177 0.142366 
0 0.423562 0 0.576438 0 
0.44066 0.0824983 0 0.135783 0.341058 
0.244752 0.197989 0 0.167035 0.390224 
0.744192 0 0.255808 0 0 
0.446259 0 0.262664 0.291077 0 
0 0.250152 0.172025 0.398016 0.179807 
0.318129 0.36781 0.314061 0 0 
0.287524 0 0.3067 0.405776 0 
0.564902 0.211038 0 0 0.22406 
0 0 1 0 0 
0.271742 0.362452 0 0.0956355 0.27017 
0.225776 0.315121 0.31112 0 0.147983 
0.434174 0 0 0 0.565826 
0 0 0 0 1 
0.439625 0 0.560375 0 0 
0.784401 0.215599 0 0 0 
0 1 0 0 0 
0 0 0.391481 0.608519 0 
0 0 0 0 1 
0 0 0.667398 0.332602 0 
0.12415 0.87585 0 0 0 
0.287898 0.712102 0 0 0 
0 0 0 0.668619 0.331381 
0.334892 0.20339 0.386977 0.0747418 0 
0.155387 0 0.288407 0.227005 0.329201 
0 0 1 0 0 
1 0 0 0 0 
0 0.53275 0.279373 0.187876 0 
0 0.748074 0 0 0.251926 
