5 200
0.333224
0.309145
0.514977
0.42127
0.607372
12.0479 0.130154
10.8904 0.45065
10.7824 0.229191
10.6928 0.373786
10.6871 0.490953
10.644 0.490698
10.0884 1.08175
9.9417 0.237518
9.48598 1.19462
9.44759 0.250176
9.31278 1.32072
9.29201 0.92591
9.2724 0.620032
9.05347 1.05258
8.95338 1.55696
8.84227 1.05474
8.80019 1.14306
8.74055 0.899688
8.68059 1.77954
8.51105 0.635511
8.44335 1.37504
8.39845 2.08968
8.31987 1.64645
8.30822 0.390359
8.27761 1.34835
8.18889 0.879074
8.14392 1.10838
8.11555 1.021
7.93096 0.462923
7.92587 1.7174
7.88047 0.0943926
7.72308 1.11132
7.6144 1.08737
7.58221 0.765111
7.33959 1.25367
7.30325 0.132988
7.19279 2.97561
7.15293 1.67535
7.13007 0.869711
7.10441 0.990464
7.02534 1.19127
6.97854 1.30865
6.87219 1.86088
6.70599 0.840209
6.61761 1.78102
6.61088 2.38346
6.59607 3.24986
6.55972 1.02751
6.43562 2.43445
6.33965 1.93398
6.30932 1.31575
6.17959 2.47173
6.11208 2.11805
6.09826 2.43765
5.98271 1.4613
5.96624 1.75034
5.67098 2.95369
5.66908 2.85972
5.58993 2.68854
5.48179 1.9949
5.24297 2.57527
5.23732 3.76987
5.08704 3.41467
5.03835 2.64339
5.01351 2.50348
4.94749 2.17985
4.92778 1.60058
4.81653 2.54068
4.81513 2.16656
4.67787 4.28397
4.64131 3.98373
4.54882 2.64393
4.51216 3.68122
4.39956 4.63374
4.33005 3.95992
4.32374 3.53687
4.29246 4.5019
4.25485 4.08004
4.21842 3.00645
4.2022 2.5937
4.02682 3.66276
4.02644 4.34691
4.02237 2.43143
3.93372 3.65545
3.89711 2.85008
3.68031 3.57485
3.66616 4.11418
3.62611 2.73785
3.50912 3.4131
3.50043 4.03672
3.48181 2.90217
3.41743 3.86637
3.41438 3.63654
3.34847 3.75487
3.32816 4.3229
3.28756 4.12801
3.2571 4.24558
3.24618 5.79621
3.21587 5.42664
3.2054 4.75818
3.087 3.5558
2.94523 4.2932
2.88211 3.49458
2.76382 5.37882
2.62902 3.78119
2.5701 5.93047
2.53492 5.85229
2.52195 5.0062
2.48354 3.70193
2.46324 5.47694
2.32781 5.27175
2.25377 4.04873
2.17006 5.52027
2.05644 4.98298
2.03753 5.58324
2.006 5.20127
1.99473 5.91381
1.92304 7.23444
1.84113 6.96297
1.72471 6.99224
1.62466 6.85832
1.53548 6.08695
1.52042 6.35536
1.5027 4.87633
1.46615 6.19663
1.44585 5.58274
1.44079 6.99176
1.35494 7.43581
1.31362 5.90392
1.29294 6.94407
1.28965 6.59649
1.26647 5.0232
1.24108 6.29514
1.22943 6.13411
1.11248 6.53933
1.09694 6.97646
1.07047 7.33893
1.03529 8.23397
0.993802 7.56558
0.960242 6.37558
0.9216 6.12318
0.912705 7.10672
0.896317 8.53136
0.845244 6.2733
0.841083 6.59636
0.777628 5.2148
0.738307 8.69607
0.670339 8.85372
0.646981 8.74974
0.615504 8.19615
0.593576 6.26073
0.549868 5.84615
0.547899 8.23977
0.503928 7.52531
0.480607 9.59301
0.418674 6.75013
0.416577 9.82167
0.40519 8.91976
0.376567 7.94807
0.355577 7.75349
0.344094 6.10049
0.338764 7.83975
0.327722 8.45525
0.263774 7.98659
0.261057 8.56486
0.245509 9.16425
0.244773 9.93736
0.237302 8.61221
0.194621 9.57029
0.184831 8.31195
0.181701 10.3208
0.171728 10.6611
0.167487 7.89602
0.164148 7.6247
0.14271 9.30802
0.139087 9.71743
0.132774 8.28832
0.130024 9.27499
0.123818 10.6013
0.121374 9.26511
0.115926 7.03635
0.110281 6.87977
0.0649062 8.64035
0.0637672 8.41469
0.0619461 8.01391
0.0608126 9.25726
0.055051 9.01612
0.052945 11.3052
0.0452796 10.6166
0.0420786 8.17866
0.0304178 8.83752
0.0259339 10.0761
0.0248697 9.47386
0.0235769 10.1109
0.0226751 8.52457
0.0207656 7.95195
0.0158009 9.31596
0.0142025 10.9822
0.00939789 10.848
0.0036627 9.3954
0 0 0 0.820593 0.179407 
0.628765 0 0 0 0.371235 
0.301933 0 0.29433 0 0.403738 
0 0 0.556668 0.159181 0.284151 
1 0 0 0 0 
0 0.504232 0 0 0.495768 
1 0 0 0 0 
0 0 0 0 1 
0 0 0.889654 0 0.110346 
0.553454 0 0 0.446546 0 
0 0 0.269608 0 0.730392 
0.681424 0 0 0 0.318576 
0.287337 0.0782577 0.361681 0.272725 0 
0 0 0.5885 0.1763 0.2352 
0.37316 0 0.62684 0 0 
0.622734 0.377266 0 0 0 
0 0.364904 0 0.635096 0 
0 0.473599 0 0 0.526401 
0.638627 0 0 0 0.361373 
0.267051 0 0.227173 0.281167 0.224608 
1 0 0 0 0 
1 0 0 0 0 
0.747118 0 0 0 0.252882 
0 0 1 0 0 
0 1 0 0 0 
0 0 1 0 0 
1 0 0 0 0 
0 0.183221 0 0 0.816779 
0 0 0.103614 0.643949 0.252437 
0 0 0 0.383584 0.616416 
0 0 0.381704 0 0.618296 
0 0.449735 0 0 0.550265 
0 0.323652 0.336211 0.340137 0 
0.783766 0.216234 0 0 0 
0 0 0.261604 0.738396 0 
0 0 0 0 1 
0 0 0 1 0 
0 0 0 1 0 
0 0.108807 0 0 0.891193 
0.189368 0.387672 0.42296 0 0 
0 0 0 0.209244 0.790756 
0 0 1 0 0 
0 0.686767 0 0.313233 0 
0 1 0 0 0 
0.255214 0 0 0 0.744786 
0 0 0 1 0 
0.242198 0.61927 0.138532 0 0 
0 0 0.733 0.267 0 
0.495545 0.504455 0 0 0 
0 0.160279 0 0.839721 0 
0 0 0 0.684652 0.315348 
0.154059 0 0.845941 0 0 
0.181639 0.683247 0 0.135114 0 
0 0 1 0 0 
0 0.555932 0.444068 0 0 
0 1 0 0 0 
0 0 1 0 0 
0 0.161854 0 0 0.838146 
0.267193 0 0 0.252505 0.480302 
0.458511 0.231221 0.310268 0 0 
0.385151 0 0.182611 0.432238 0 
0 0 0 0 1 
0 0 1 0 0 
0.441781 0 0 0 0.558219 
0 0 0 0 1 
0.413515 0 0 0.31075 0.275735 
0 0 0 1 0 
0.381485 0 0.248251 0 0.370264 
0.0782353 0.371905 0.207172 0 0.342688 
0 0 0 1 0 
0 0 0.0802649 0.399811 0.519924 
1 0 0 0 0 
0.312279 0.561379 0 0.126342 0 
0.388614 0.44379 0 0 0.167596 
0.100368 0.899633 0 0 0 
0.530311 0 0.234926 0.234763 0 
0.195752 0 0 0 0.804248 
0.44168 0 0.55832 0 0 
0 0 0 1 0 
1 0 0 0 0 
0.535094 0.464906 0 0 0 
0.196745 0 0.803255 0 0 
0 0 0.508547 0 0.491453 
0 0 0.291601 0.708399 0 
0 0 0 0 1 
0.0997917 0 0.511435 0 0.388773 
0.149772 0 0 0.224946 0.625282 
0 0.184013 0.193161 0 0.622826 
0 0 0.331471 0.308292 0.360236 
0.422924 0 0.577076 0 0 
0 0.278806 0.332673 0.235439 0.153083 
1 0 0 0 0 
0 0 0.0798426 0.521953 0.398204 
0.333973 0.337063 0.20352 0.125444 0 
0.422362 0 0 0.347186 0.230452 
0.213834 0.0934044 0 0.320188 0.372573 
0 0.885972 0 0 0.114028 
1 0 0 0 0 
0 0 1 0 0 
0 0 0.156404 0.843596 0 
0 0 0 1 0 
0 0 0 1 0 
1 0 0 0 0 
1 0 0 0 0 
0.661562 0 0 0.338438 0 
0.628765 0.371235 0 0 0 
0 0 0 1 0 
0.430188 0.260284 0 0.309528 0 
0.432503 0 0.0936834 0.473814 0 
0.685816 0 0.314184 0 0 
0 0 0 1 0 
0 1 0 0 0 
0 0 1 0 0 
0 0.104923 0 0 0.895077 
0 0.308382 0.270127 0.284054 0.137437 
0 0.608369 0.196578 0.195053 0 
0 0 0.454189 0 0.545811 
0.339769 0.137925 0.251412 0.0519817 0.218913 
1 0 0 0 0 
0 0 1 0 0 
0.442848 0 0 0.375656 0.181496 
0 0.555483 0.444517 0 0 
0 0 0 0 1 
0 0 1 0 0 
0 0 0 1 0 
0 1 0 0 0 
0 0 0 1 0 
0 0.158811 0 0.841189 0 
0 0.457927 0 0 0.542073 
0 0.690514 0 0.309486 0 
0 1 0 0 0 
1 0 0 0 0 
0.254171 0 0.745829 0 0 
0 0 0 0 1 
0 0 1 0 0 
0.387013 0 0.292435 0 0.320551 
0 0 0.804588 0 0.195412 
0.399931 0 0.152116 0 0.447953 
0.390473 0.530932 0 0.0785954 0 
0 0.495081 0.41836 0.0865587 0 
0 0 0.519568 0 0.480432 
0 0 0 0 1 
0 0 0 0 1 
0 0 0 0 1 
0 0 0 0 1 
0 0 0 0.604955 0.395045 
0.260899 0.113747 0 0.299812 0.325542 
0.392447 0 0.150411 0.457142 0 
0 0.526235 0 0 0.473765 
0.473115 0.117544 0 0.409341 0 
0.0997071 0.326387 0 0 0.573906 
0 0 0 1 0 
0.489287 0 0.216297 0.294416 0 
0 0 0.454649 0.545351 0 
0 0 0 0 1 
0.430935 0.569065 0 0 0 
0.44491 0.0876977 0 0.467392 0 
0.105079 0.120709 0.43291 0 0.341302 
0 0 0.403726 0 0.596274 
0 0.483585 0 0.516415 0 
0 0 0.434595 0 0.565405 
0.607272 0.392728 0 0 0 
0 0 0.340955 0.411032 0.248012 
1 0 0 0 0 
0 1 0 0 0 
0.360171 0 0 0.639829 0 
0 0.119569 0 0.526002 0.354429 
0.19506 0.80494 0 0 0 
0.24361 0 0.380407 0.375983 0 
0.419125 0 0 0 0.580875 
0 0 0.323909 0.676091 0 
0 0.654815 0.113209 0.231975 0 
0 0 0.51487 0.48513 0 
0 0.217838 0 0 0.782162 
0 0 0 1 0 
0 0 0 1 0 
0 0 0.605741 0.394259 0 
0 0.501898 0.498102 0 0 
0 1 0 0 0 
0 0 0 0.328807 0.671193 
0.554513 0 0 0.445487 0 
0.538875 0.159499 0 0 0.301625 
0 0.500877 0 0.499123 0 
0 1 0 0 0 
0 0 1 0 0 
0.381162 0 0 0.387255 0.231584 
0 0.669507 0 0.330493 0 
0.379535 0 0.49589 0 0.124576 
0.339631 0.412943 0 0 0.247425 
0 0 0 1 0 
0 0 0.161066 0.43036 0.408574 
0.315462 0 0 0.684538 0 
0 0 0 0.324289 0.675711 
0 0 0 0 1 
0 0 0 0 1 
0.630903 0.369097 0 0 0 
0 1 0 0 0 
0 0 1 0 0 
0 0.550414 0 0.354594 0.094992 
0.279826 0 0.720174 0 0 
