5 50
0.736236
0.555429
0.342929
0.439123
0.44216
11.4326 0.227574
9.27534 0.513736
8.95397 0.450919
8.91586 1.11062
8.34894 1.62526
7.52035 0.946315
7.37035 1.32387
7.09996 1.56431
6.93409 2.0521
6.88318 1.16078
6.56872 0.549871
6.06988 1.58091
5.61765 3.09384
5.59837 1.95485
5.46193 2.36099
4.84742 4.25069
4.46047 3.65176
4.35385 2.96868
4.30792 4.31939
4.03634 4.49609
3.90578 4.31175
3.62341 4.11808
3.57638 4.80772
3.31836 5.2109
3.09643 2.82025
2.92499 4.46093
2.44109 4.12272
2.38196 4.40042
2.35262 6.29029
2.3517 4.16221
2.31947 5.44455
2.24673 4.57716
2.22916 5.8425
1.3316 5.11768
1.26342 7.48874
1.2245 7.1644
1.17855 5.61341
1.05192 4.81905
0.704808 9.09207
0.565138 9.35965
0.481431 8.93853
0.432198 7.36718
0.240394 8.91802
0.154287 10.9103
0.148299 9.62044
0.0887477 8.29554
0.0743331 8.09583
0.0401529 9.3608
0.0115759 8.01217
0.00511539 9.72159
0 0 0.29056 0.41989 0.28955 
0.444368 0.555632 0 0 0 
1 0 0 0 0 
0 0 0.118087 0.625733 0.25618 
0 0 0 1 0 
0.197531 0 0.205922 0.243972 0.352574 
0 0.484401 0.234355 0 0.281244 
1 0 0 0 0 
0 0 0.553109 0.446891 0 
0 0 0.390559 0 0.609441 
0.412566 0 0.379526 0 0.207908 
0.884265 0 0 0 0.115735 
0.334279 0 0 0 0.665721 
0 0.35762 0.64238 0 0 
0 0 0 1 0 
0 0.378953 0.246283 0 0.374764 
0.519822 0.227879 0 0.252299 0 
1 0 0 0 0 
0.445605 0 0.150872 0 0.403523 
0.259238 0 0.740762 0 0 
0 0 0.23401 0 0.76599 
0 0 1 0 0 
0 0 1 0 0 
0 0 0 0.441779 0.558221 
0 0.805103 0.194897 0 0 
0 1 0 0 0 
0 0 0.449104 0 0.550896 
0.602259 0 0.397741 0 0 
0 1 0 0 0 
0 0.241026 0.758974 0 0 
0 0.286593 0.294583 0.161715 0.257109 
0 0 0.264183 0.735817 0 
1 0 0 0 0 
1 0 0 0 0 
0 0 0 1 0 
0.38936 0 0 0.401552 0.209089 
0.466605 0.152973 0.380421 0 0 
0 0.37966 0.151253 0.469087 0 
0 1 0 0 0 
0 0.430877 0 0.351758 0.217365 
0.35703 0 0 0.64297 0 
0 0 0 0 1 
0.482091 0 0.517909 0 0 
0 0 0 0 1 
0 0 0.440724 0.559277 0 
0 1 0 0 0 
0 0 0 0 1 
0.12025 0.351852 0.174677 0 0.353221 
0.179445 0 0 0.820555 0 
0.581954 0 0 0.418046 0 
