5 150
0.301134
0.55195
0.378712
0.458472
0.396153
11.5754 0.371558
11.3627 0.308998
10.3097 0.53439
10.2666 0.551776
10.2546 0.784845
9.96502 0.567547
9.51432 0.447698
9.05759 0.471997
9.00305 0.433415
8.89524 0.702883
8.88233 1.09071
8.22878 1.4158
8.20362 0.50144
8.11458 1.53172
7.68397 1.33141
7.63573 1.02611
7.55629 0.238446
7.51037 2.46918
7.38278 1.40994
7.34808 2.28138
7.31302 2.42424
7.0918 0.822229
7.03969 1.56326
7.01113 1.63268
6.99776 1.07378
6.9126 1.7633
6.89393 1.76752
6.87083 1.06156
6.87002 2.27314
6.83813 0.970637
6.82621 0.999985
6.79324 1.88573
6.7161 1.36715
6.62241 2.37292
6.51136 1.93296
6.35402 1.31489
6.27963 1.58517
6.13405 1.30157
6.08311 1.5991
6.07835 1.3685
6.06899 2.04495
6.06271 2.78224
6.0533 3.31954
5.98131 1.7217
5.94093 3.24129
5.7733 2.6693
5.67975 3.50571
5.66554 2.87799
5.58084 2.67981
5.40703 1.67091
5.376 3.63931
5.35824 1.43182
5.26684 1.62818
5.1635 1.52109
5.13419 2.42031
4.92324 3.08434
4.87162 3.04095
4.84864 2.54391
4.73629 2.8041
4.65437 3.47009
4.63707 3.72662
4.57034 2.73154
4.46089 3.06865
4.43397 3.96427
4.18666 3.33076
4.12467 2.99995
4.12247 3.16709
4.08217 3.96376
3.98856 3.10444
3.83894 2.84262
3.82689 3.47678
3.65196 4.26431
3.6052 4.81865
3.5938 3.94338
3.56302 5.57166
3.17375 5.55886
3.16931 5.29325
3.14678 4.64017
3.11347 3.06695
3.09994 4.98493
3.00532 4.24668
2.981 4.45557
2.89994 5.75737
2.87149 3.09342
2.66828 5.71059
2.61611 5.30982
2.5945 3.93504
2.52098 6.28565
2.38092 4.78656
2.35727 5.55932
2.29146 6.78715
2.27639 4.30993
2.2425 5.51419
2.10016 6.58901
2.05455 6.14654
2.01691 3.96613
1.98373 6.28122
1.94303 6.65097
1.93118 6.03381
1.88834 4.16449
1.84849 4.36837
1.74741 7.15319
1.64465 4.84472
1.60355 6.43146
1.46884 7.06418
1.37712 5.75065
1.34582 6.63319
1.32463 5.32988
1.27582 6.12694
1.25657 7.25276
1.22815 7.04337
1.17116 4.89159
1.14187 5.55502
1.13728 7.57063
1.04991 4.96904
1.04452 5.70806
1.02922 5.85641
0.931717 8.64221
0.922997 5.97633
0.867078 7.95115
0.816242 7.72784
0.778685 8.01074
0.735695 8.86371
0.730642 7.51808
0.716783 6.49439
0.71369 5.96565
0.637215 7.11546
0.608638 6.18989
0.498731 8.03496
0.474247 8.89387
0.43826 9.76158
0.416371 9.64348
0.389854 7.44641
0.387848 8.02037
0.378667 9.92423
0.340456 9.59902
0.30417 10.3643
0.219204 9.72311
0.200555 9.60077
0.180545 7.33145
0.137914 10.6144
0.085483 8.26692
0.0686442 9.57565
0.0484232 10.4049
0.0316041 11.7523
0.0312725 8.98958
0.0255791 9.00579
0.0193452 10.9386
0.00671306 10.0252
0.00626834 8.61434
0 0 1 0 0 
0 0 0.752665 0.247335 0 
0.20149 0 0.235743 0.326135 0.236632 
0.170517 0.152457 0.574178 0.102848 0 
0.393897 0.438587 0 0 0.167516 
0.368224 0 0.133798 0.343246 0.154732 
0.377281 0 0.622719 0 0 
0 0 0 0 1 
0 0 0 1 0 
0.173754 0 0.302774 0 0.523472 
0 0.273541 0.726459 0 0 
0 0.42854 0 0.57146 0 
0 0 0.209525 0.790474 0 
0.237489 0.402639 0 0 0.359872 
0.478547 0.521453 0 0 0 
0 0 0 0 1 
0 0.259235 0 0.432361 0.308404 
0 0 0 0.557041 0.442959 
0.433399 0.0827314 0 0.240026 0.243843 
0.259935 0 0.411611 0.328454 0 
0 0 1 0 0 
0 0 0 0.699599 0.300401 
0 0 1 0 0 
0.31543 0.166057 0.180923 0.33759 0 
0 0 0.502662 0.117625 0.379714 
0 0 1 0 0 
0 0 0.481561 0 0.518439 
0.337314 0 0 0.164068 0.498617 
0 0 0 0 1 
0 0.577278 0 0.422722 0 
0 0.580336 0 0 0.419664 
0 0.204101 0.370219 0.42568 0 
0.366709 0 0.3224 0.310891 0 
0.895214 0.104786 0 0 0 
0 0 1 0 0 
0.344861 0.427032 0 0.228106 0 
0.607742 0.392258 0 0 0 
0.297698 0.381892 0.320409 0 0 
0 1 0 0 0 
0 0 1 0 0 
0.0626811 0.490675 0 0 0.446644 
0.2358 0.173463 0.280995 0.101279 0.208463 
0.385991 0 0.130357 0.483651 0 
0.142919 0.451614 0.173992 0 0.231476 
1 0 0 0 0 
0 0 0 1 0 
0.361567 0.192182 0 0.44625 0 
0.427463 0 0 0.235986 0.336551 
0 0.688467 0 0.311533 0 
0 0 0 0.619065 0.380935 
0.387406 0.185111 0 0.427483 0 
0.265934 0 0.458475 0.275591 0 
1 0 0 0 0 
0 0 0 1 0 
0.220457 0 0 0 0.779543 
0.365073 0 0.240811 0 0.394117 
0 0 0.295676 0 0.704324 
0.297533 0 0.702467 0 0 
0.824429 0.175571 0 0 0 
0 0.1876 0.336239 0.26239 0.213772 
0 0 0 1 0 
0.642246 0 0.357754 0 0 
0.555774 0 0.444226 0 0 
0 0.176823 0.251907 0.57127 0 
0.253654 0 0.451166 0 0.29518 
0.536042 0 0.153591 0 0.310367 
0.347092 0.162046 0 0 0.490862 
0.271897 0 0.728103 0 0 
0.282263 0.168575 0.549163 0 0 
0 0 0 0 1 
0.057128 0.444434 0 0.419451 0.0789867 
1 0 0 0 0 
0.164291 0 0.381924 0 0.453785 
0 0.588284 0.192535 0 0.219181 
0.458849 0 0.254307 0.286844 0 
0.1586 0.243462 0.251513 0 0.346425 
0 0 0.316458 0.683542 0 
0.535467 0.180989 0 0 0.283544 
0 0.332608 0 0.23989 0.427502 
0 0 0.503255 0.496745 0 
0 1 0 0 0 
0 0.371668 0 0.168489 0.459843 
0.294902 0.308889 0 0.315733 0.0804763 
0.445744 0 0 0.477911 0.0763451 
0.705682 0 0 0 0.294318 
0.191218 0.200489 0.140104 0.468189 0 
0.206896 0.1848 0.179701 0 0.428603 
0 0.319723 0 0.472264 0.208013 
0 0 1 0 0 
0.192008 0.150838 0 0.532913 0.12424 
0 0.70921 0.29079 0 0 
0.442868 0 0 0 0.557132 
0 0.241833 0.146786 0.393873 0.217508 
0.568153 0.431847 0 0 0 
0 0.57677 0.136043 0.0812318 0.205955 
0.285644 0.2254 0.200775 0 0.28818 
0.326205 0.0892672 0 0.0953429 0.489185 
0 0.485736 0 0 0.514264 
0.403352 0.39121 0 0.205438 0 
0 0 0 0.532082 0.467918 
0.568407 0.431593 0 0 0 
0 0 0 0.520855 0.479145 
0 0 0.179004 0.513981 0.307015 
0.329051 0 0 0.318906 0.352043 
0.43755 0 0.16614 0.39631 0 
0.0994101 0 0.623538 0 0.277051 
0 0 1 0 0 
0 1 0 0 0 
0.596369 0.403631 0 0 0 
0.170863 0.17958 0.248903 0.197599 0.203055 
0 0.510887 0 0.489113 0 
0.355443 0 0 0.393836 0.250721 
0 0 0 0 1 
0.195048 0.804952 0 0 0 
0 0.288471 0.0930505 0 0.618478 
0.342299 0.333691 0.32401 0 0 
0.608838 0.391162 0 0 0 
0 0.199256 0 0 0.800744 
0.303961 0.246462 0.19811 0 0.251467 
0.233082 0 0 0.766918 0 
0.622002 0 0 0 0.377998 
0 0 0 0.522345 0.477655 
0.0902424 0 0.217426 0.692331 0 
0 0.430028 0.365861 0.204111 0 
0 0.528582 0.471418 0 0 
0 0 0 0 1 
0.129318 0.581874 0 0 0.288809 
0.831831 0 0.168169 0 0 
0.140811 0.28314 0.197501 0.378548 0 
0.54347 0 0 0 0.45653 
0.474125 0 0.525875 0 0 
0 0.297447 0.224737 0 0.477816 
0.459142 0 0 0 0.540858 
0 0.603549 0 0.396451 0 
0.288221 0 0 0 0.711779 
0.404024 0 0 0.1096 0.486376 
0 0.113604 0.618888 0.267508 0 
0.424889 0 0 0.575111 0 
0 0.345166 0 0 0.654834 
0 0.298569 0 0.484038 0.217393 
0.151845 0.289719 0 0.558436 0 
0.134986 0 0 0.100834 0.76418 
0.571699 0 0.154554 0.273747 0 
0.379406 0 0 0 0.620594 
0 0.183863 0.285013 0.248153 0.282971 
0.060526 0 0.509034 0.133347 0.297093 
0.402274 0.520924 0.0768021 0 0 
0.272683 0.416772 0 0.310545 0 
0 1 0 0 0 
0.530984 0 0.210813 0.258203 0 
