5 200
0.566431
0.429632
0.709319
0.622524
0.295808
10.8364 0.359762
10.2582 0.60274
10.1366 0.76718
10.0095 0.904773
9.78527 0.379865
9.68034 0.672805
9.07764 0.325409
8.84683 0.442088
8.81059 0.37622
8.60084 0.991805
8.58606 0.251709
8.48014 1.25738
8.43287 1.65104
8.41557 0.405055
8.35158 1.84658
8.35014 1.75969
8.2558 1.60754
8.07189 1.29048
8.05589 1.57082
8.03267 0.502274
7.67364 1.84368
7.66066 0.673308
7.55562 1.90751
7.55256 1.51406
7.48965 0.610129
7.34307 1.05156
7.32152 1.90538
7.18551 0.238505
6.99714 1.92953
6.9551 0.757909
6.90926 2.11406
6.83478 1.88011
6.83057 0.966858
6.75598 2.01554
6.71926 1.48973
6.51049 1.65593
6.46751 1.44274
6.38227 2.75958
6.2097 2.03863
6.09533 1.39983
6.09012 2.83907
5.98784 1.95051
5.85294 2.38883
5.77031 2.75126
5.72735 1.7745
5.6789 2.68745
5.60542 2.80325
5.54495 1.46817
5.53956 2.2846
5.52065 2.22135
5.42119 3.47816
5.42043 1.91762
5.25297 3.66809
5.23038 3.8613
5.18684 2.55863
5.09799 4.15267
4.99612 2.01892
4.92574 2.25971
4.91212 3.45641
4.90349 3.26044
4.86111 4.31907
4.76271 2.89588
4.69904 3.71083
4.63629 3.94231
4.60946 3.92783
4.52721 3.56467
4.22785 3.12099
4.21082 2.37999
4.19809 3.18629
4.171 2.65889
4.14341 3.04881
4.11483 2.57569
4.03021 5.18664
3.93502 4.82318
3.91449 4.0468
3.83492 4.86111
3.79305 4.77855
3.76886 2.76543
3.718 4.73372
3.67332 5.30485
3.60023 3.91154
3.59202 4.359
3.54579 3.85461
3.52969 2.93895
3.46158 5.37953
3.37023 3.1911
3.3652 5.31303
3.34288 4.69978
3.34252 5.31335
3.29687 3.73056
3.28215 4.4917
3.19585 5.00741
3.18559 4.27335
3.10742 3.43533
3.06432 4.39272
2.89637 4.46801
2.88141 4.43372
2.87509 3.84179
2.8158 6.29008
2.62495 4.64824
2.62014 4.44498
2.61197 4.30455
2.54158 5.514
2.49814 6.55891
2.48051 5.36559
2.46726 3.63893
2.40813 4.71423
2.36257 4.7481
2.35349 5.54792
2.34342 4.40462
2.33951 4.36636
2.3011 3.74471
2.27597 5.07
2.27458 5.0994
2.21736 6.19367
2.21068 5.53168
2.17694 5.40439
2.15178 6.12945
2.0641 4.18995
2.03278 5.38786
2.00974 4.67947
1.99971 3.80355
1.95382 5.94837
1.92042 4.32181
1.9196 6.31248
1.89637 5.22706
1.71484 4.99052
1.68648 4.98602
1.59005 4.89723
1.54291 5.16236
1.51157 5.33598
1.49773 7.06774
1.46731 4.59892
1.4598 4.74437
1.45013 6.34333
1.35871 5.26743
1.35799 6.19714
1.30486 6.46752
1.26294 5.02486
1.22515 5.29237
1.19702 6.17284
1.0861 5.96513
1.02117 6.07944
1.02016 7.01923
0.929982 7.86068
0.891013 6.01944
0.875223 8.94024
0.84369 8.64729
0.831372 7.91607
0.79385 8.49541
0.762737 9.01877
0.642781 6.13974
0.64174 6.43839
0.614349 7.08455
0.611757 9.24475
0.469776 6.73057
0.465132 6.92926
0.373861 6.82294
0.373691 8.27886
0.365956 7.08735
0.3567 7.24569
0.345731 6.41872
0.342072 8.99585
0.335178 9.5325
0.332123 7.35037
0.316888 7.98656
0.247996 10.4817
0.22963 9.79124
0.214965 9.73488
0.214727 6.91747
0.193774 6.68531
0.186282 8.2424
0.184456 8.79027
0.179392 8.28049
0.171984 9.43166
0.167107 8.21462
0.164408 7.73149
0.164219 10.5777
0.155989 8.30656
0.128152 8.72225
0.0985123 10.2513
0.0847151 11.0635
0.0691727 10.1392
0.0571301 9.8485
0.0544688 7.04635
0.0417861 11.5232
0.0417627 10.9003
0.0388914 7.65944
0.0376205 9.77451
0.0362667 11.59
0.0360001 10.0898
0.0237058 11.6533
0.0131763 8.88283
0.0119876 9.41196
0.0119133 7.37589
0.0113513 7.94958
0.0102797 9.17395
0.00679214 8.81095
0.00605616 8.8444
0.00369542 10.9302
0 0.272913 0.155732 0.35269 0.218665 
0 0.224667 0.37936 0.395973 0 
0.108284 0.626014 0 0 0.265701 
0.532117 0 0.467883 0 0 
0 0.239175 0.319312 0.103671 0.337841 
0 0 0 1 0 
0.232871 0.182486 0.163254 0.22704 0.194349 
0.0457169 0.370457 0.241074 0 0.342752 
0 0 0 1 0 
0.346008 0.0963948 0.309373 0.179908 0.0683158 
0 0 0.302527 0.431316 0.266157 
0 0.372142 0.429219 0 0.19864 
0.354554 0.366671 0.278775 0 0 
0 0 0.15602 0.747561 0.0964198 
0 1 0 0 0 
0.337571 0.291381 0.0613379 0.30971 0 
0 0 0.575946 0 0.424054 
0 0.589766 0 0 0.410234 
0.362037 0 0.43661 0 0.201353 
0.312045 0 0.258269 0.24324 0.186446 
0.258163 0 0 0.559743 0.182094 
0.452554 0 0.547446 0 0 
0 0 0 1 0 
0 0.255228 0.248621 0 0.496151 
0 0.813567 0 0 0.186433 
0.393171 0.27521 0 0 0.331619 
0.204681 0.537231 0.0828499 0.175237 0 
0.562806 0 0.219123 0.218071 0 
0.31501 0.24889 0.185568 0.250532 0 
0 0.563949 0.436051 0 0 
0.603815 0 0.276023 0 0.120163 
0 0.240368 0 0.759632 0 
0.201774 0.305737 0.0736752 0 0.418814 
0.468237 0 0.531763 0 0 
0.290497 0 0 0.465677 0.243826 
0.186724 0.374484 0.0552038 0.229849 0.153739 
0 0 0.308952 0.308749 0.382299 
0.137663 0 0.402733 0.370359 0.0892449 
0.445993 0.215591 0.074748 0.0742967 0.189371 
0.464175 0.0864025 0 0.282437 0.166986 
0.478747 0.309218 0.212035 0 0 
0 0.24039 0.414032 0.345578 0 
0 0.179455 0 0.820545 0 
0.355905 0.152547 0 0.265098 0.22645 
0 0.265497 0.428728 0.305775 0 
0.343605 0 0 0.13398 0.522415 
0 0.239895 0.263649 0.160665 0.335791 
0 0.471564 0.528436 0 0 
0.442103 0.134661 0 0.166871 0.256364 
0 0 0 0.541452 0.458548 
0 0.336242 0.158661 0.332871 0.172227 
0 0.257854 0 0 0.742146 
0.372671 0 0 0.245508 0.381821 
0 0 0.196008 0.570483 0.233509 
0.306556 0.160161 0 0 0.533283 
0.410337 0.102266 0.207397 0 0.28 
0 0.157214 0.498625 0.134786 0.209375 
0 0.511819 0 0 0.48818 
0 0 0 0 1 
0.133149 0.27256 0.401004 0.193288 0 
0.137969 0.297683 0.470305 0 0.0940421 
0 0 0 0.198842 0.801158 
0.253432 0 0.512429 0.234139 0 
0.317311 0 0 0.682689 0 
0 0.588971 0.411029 0 0 
0 0.516265 0 0 0.483735 
0 0.215822 0.323344 0.172812 0.288021 
0.459706 0 0 0.540294 0 
0.190877 0.147243 0 0.478901 0.18298 
0 0.43888 0.56112 0 0 
0.284576 0 0.512449 0.14601 0.0569649 
0.259 0 0.268985 0.472016 0 
0.306444 0.381954 0 0.242913 0.0686887 
0.194528 0.0775849 0 0.152821 0.575066 
0.642573 0.357427 0 0 0 
0 0.380474 0 0 0.619526 
0.246464 0 0.298765 0.211703 0.243067 
0 0 0.272967 0.402828 0.324205 
0.204379 0.10687 0.259316 0.134384 0.29505 
0.32239 0.203651 0.224036 0 0.249923 
0 0.692794 0 0 0.307207 
0.184315 0.297625 0.334948 0 0.183112 
1 0 0 0 0 
0.264842 0 0.119935 0.546961 0.0682617 
0.141541 0.336852 0 0.25403 0.267577 
0.291762 0.221296 0.188469 0 0.298474 
0 0.549502 0.450498 0 0 
0 0 0 0.43526 0.56474 
0 0.228995 0 0.52301 0.247995 
0 0.369785 0.407554 0.222661 0 
0 0.198116 0.412455 0.310286 0.0791434 
0 0.423252 0 0.313307 0.263442 
0 0.379655 0.318806 0.0867248 0.214815 
0.109734 0 0.264844 0.30895 0.316472 
0.338742 0 0.235402 0.362331 0.0635249 
0 0.535743 0.0909618 0.224139 0.149157 
0.37292 0 0.169486 0.106932 0.350662 
0 0.591215 0.408785 0 0 
0 0 0 0 1 
0.378309 0.0800091 0.541681 0 0 
0 0 0.365298 0.634702 0 
0.287413 0.123361 0.265161 0 0.324065 
0 0 0 0.52221 0.47779 
0.276461 0 0 0.413837 0.309702 
0.241756 0.300758 0.270385 0 0.187101 
0.53117 0 0 0.46883 0 
0 0.68883 0 0 0.31117 
0.28256 0.322885 0.100375 0.294181 0 
0.311567 0 0.238731 0.151869 0.297833 
0.263191 0.074074 0.37721 0 0.285524 
0 0 1 0 0 
0 0.230101 0 0.769899 0 
0.280628 0.221538 0.354138 0 0.143696 
0.542899 0 0 0 0.457101 
0.198408 0.648927 0 0.152665 0 
0 0 0.361301 0.531878 0.106821 
0.294665 0 0.705335 0 0 
0.346333 0.0528242 0.285934 0.314909 0 
0.314976 0 0.356501 0.328523 0 
0 0 0 0 1 
0 0.296412 0.220793 0.130477 0.352319 
0.253998 0.197633 0.299118 0.0556526 0.193598 
0.078491 0.311828 0 0.60968 0 
0.0472019 0.295367 0 0.449989 0.207443 
0 0.812895 0 0 0.187105 
1 0 0 0 0 
0.262283 0 0.184411 0.252288 0.301017 
0.250125 0 0 0.33148 0.418395 
0.626566 0.103816 0.132021 0 0.137596 
0.250492 0 0.749508 0 0 
0.425975 0.266878 0 0.307146 0 
0 0.883606 0 0.116394 0 
0.381997 0 0.265546 0.352457 0 
0.312295 0.461957 0 0 0.225748 
0.122817 0.185465 0.336575 0.355142 0 
0 0.268615 0.298522 0.0997433 0.33312 
0 0 1 0 0 
0.50534 0 0.103178 0.117335 0.274147 
0 0.408742 0 0 0.591258 
0.620302 0 0 0.379698 0 
0 0.0693391 0.42662 0 0.504041 
0.438846 0.236539 0.324615 0 0 
0 0 0 0.691329 0.308671 
0 0 0.454789 0 0.545211 
0.303307 0.257308 0.195362 0 0.244023 
0.228161 0.29964 0 0 0.472199 
0.217279 0.28806 0.21776 0.276901 0 
0.403651 0 0 0.179826 0.416522 
0.169459 0.349337 0.375082 0.106122 0 
0.182063 0.384495 0.335576 0.0978663 0 
0.2311 0.229237 0 0.223456 0.316207 
0.478545 0 0.0940398 0.134021 0.293394 
0.460569 0.350192 0 0.189239 0 
0.267021 0.169835 0.283227 0.152697 0.127219 
0.405084 0 0 0 0.594916 
0 0.11753 0.602681 0.0896609 0.190128 
0.421638 0 0.156944 0.0549648 0.366454 
0.444662 0 0.185603 0.298023 0.0717108 
0.651795 0 0 0 0.348205 
0 1 0 0 0 
0 0 0 0.467957 0.532043 
0.280025 0 0 0.186253 0.533722 
0.0481545 0.243443 0.208785 0.160553 0.339064 
0 0 0.6118 0 0.3882 
0 0.484273 0.515727 0 0 
0 0.119082 0 0 0.880919 
0.133067 0.217578 0.124544 0 0.52481 
0.277795 0.22681 0.221767 0.273628 0 
0 0.795108 0 0.204892 0 
0.0520753 0.187308 0.273805 0.222597 0.264215 
0 0.143852 0.43227 0.423878 0 
0 0.599195 0 0.400804 0 
0.200204 0.169755 0.313403 0 0.316638 
0.267682 0 0 0 0.732318 
0 0.819779 0 0.180221 0 
0 0.267004 0.486072 0.246924 0 
0.670837 0 0 0.329163 0 
0.510343 0.211012 0.177743 0.100902 0 
0.285279 0.371146 0.343575 0 0 
0.234735 0.403526 0.126808 0 0.234932 
0 0.140174 0.377245 0.256564 0.226016 
0.373113 0.515671 0 0 0.111216 
0 0.59797 0.40203 0 0 
0 0.421259 0 0 0.578741 
0 0 0.265835 0 0.734165 
0.677783 0 0 0 0.322217 
0.134667 0 0.450327 0.415006 0 
0 0.12232 0 0.87768 0 
0.424497 0.441323 0 0 0.134179 
0.494943 0.505057 0 0 0 
0.0677629 0 0.244878 0.215476 0.471884 
0.471571 0 0 0.528429 0 
0.496483 0 0.503517 0 0 
0.25685 0.255385 0.24835 0 0.239415 
0 0.283593 0.183031 0.265589 0.267788 
0.329748 0 0.153036 0.517216 0 
0.377265 0 0.298748 0 0.323987 
0 0.467331 0 0 0.532669 
0.392809 0.468421 0.13877 0 0 
1 0 0 0 0 
