5 200
0.480857
0.731109
0.493446
0.736282
0.460883
10.7953 0.138324
10.0236 0.136694
9.9938 0.193899
9.49276 1.24885
9.10333 0.844435
8.73649 1.431
8.29866 0.150907
8.29011 1.1502
8.21881 1.50845
8.10932 1.09959
8.02518 0.952732
7.94095 0.30326
7.90338 0.931306
7.86327 2.02997
7.76424 0.527175
7.73479 0.10293
7.72209 0.242632
7.63535 1.89572
7.55342 0.929388
7.44012 1.86977
7.35475 0.787475
7.31855 0.664295
7.19435 0.671074
7.18083 0.259805
7.17203 1.375
7.08129 1.56814
6.97802 2.33265
6.88587 2.42149
6.83938 2.49006
6.40659 0.862908
6.40591 2.23132
6.40063 0.928842
6.28854 1.26754
6.19894 2.72467
6.06448 3.24188
6.00731 2.00321
5.94765 2.78039
5.90597 1.93733
5.66927 2.1682
5.46218 2.35526
5.26182 1.91069
5.15949 2.38922
5.14257 2.25317
5.12982 1.97148
5.05072 3.19138
4.9854 2.34168
4.96703 3.39251
4.93837 2.64272
4.84526 3.25265
4.79188 2.96523
4.70113 4.38178
4.63475 2.76808
4.63253 2.51464
4.58065 3.58388
4.40686 3.00947
4.40156 3.07735
4.37895 3.58577
4.3063 4.71656
4.2096 3.11554
4.15666 4.77963
3.94457 4.46715
3.90792 5.27528
3.82954 4.3978
3.8022 3.71841
3.55195 2.843
3.52339 4.55743
3.51029 4.80933
3.38092 2.79298
3.3427 3.87675
3.32496 3.66835
3.25191 3.86101
3.23591 4.19617
3.21666 3.58281
3.1397 4.80854
3.11255 3.86985
3.10877 3.93443
3.08799 3.68021
3.03337 5.02715
3.02445 6.04874
3.01722 3.9134
3.00325 4.28835
2.97592 4.34462
2.96021 4.91304
2.88946 5.27031
2.80638 4.27148
2.78598 3.96923
2.7279 4.28533
2.7258 4.60197
2.68964 5.06696
2.64347 4.50466
2.56026 4.64354
2.55235 5.63306
2.54308 4.8908
2.5034 4.06906
2.48752 5.54341
2.42049 6.05407
2.38155 4.3629
2.33531 5.0074
2.33378 3.66826
2.29456 4.24969
2.23709 4.70619
2.14738 4.98073
2.12408 5.5956
2.11809 6.9458
2.06934 4.75534
2.05797 6.00711
2.02433 4.13478
2.02409 4.51484
2.02343 4.79327
2.00319 6.11765
1.99977 5.46993
1.99624 4.96243
1.92864 4.50392
1.8584 5.25346
1.85064 4.43971
1.84277 5.09326
1.78928 5.35879
1.78136 6.30178
1.6705 5.86697
1.64461 6.20013
1.62994 5.78266
1.62288 4.58711
1.56731 5.62376
1.56287 6.04254
1.42289 7.19191
1.41322 7.02223
1.3877 6.45102
1.38564 7.10969
1.37986 7.82213
1.37946 7.76986
1.34211 8.19748
1.26435 6.08542
1.25383 6.38986
1.16946 6.2326
1.15599 5.54658
1.14977 6.88994
1.13026 7.19755
1.08147 8.06525
1.06219 7.67703
1.0445 6.74418
1.03453 8.04923
1.03129 6.25702
1.00329 7.44497
0.94793 7.87539
0.887359 5.41917
0.816125 5.93435
0.798773 8.30977
0.796457 8.18844
0.792687 5.53353
0.761971 5.75425
0.741015 8.56842
0.729333 7.7083
0.720157 7.54843
0.674176 5.68034
0.639995 8.84283
0.631923 6.86157
0.613058 8.45503
0.57639 7.92909
0.545849 6.56306
0.521171 6.15094
0.521121 6.31445
0.449604 6.06486
0.40806 8.6667
0.3884 6.97348
0.359783 7.76531
0.291326 9.8311
0.288042 6.41674
0.252989 10.3267
0.248578 9.95032
0.163836 10.8993
0.135887 7.30212
0.135791 10.7708
0.130098 7.55781
0.128424 7.86841
0.117397 7.87516
0.10443 8.14805
0.0877145 7.20268
0.0831986 10.9612
0.082611 10.8926
0.0803592 11.0865
0.0773267 7.77116
0.076667 7.73458
0.0517831 8.16465
0.0463701 7.90002
0.0426689 8.1002
0.0412113 9.68886
0.0340233 7.28642
0.0270493 9.5244
0.0238082 8.32893
0.0236719 10.2602
0.0202897 7.57738
0.0169263 9.4352
0.0146223 10.1311
0.0117606 12.0405
0.00735509 11.5774
0.00626576 10.5153
0.00434143 10.5736
0.00385269 7.48423
0.00328552 11.0197
0.00240329 9.00646
0 0 0 0.639953 0.360047 
0.69698 0.30302 0 0 0 
0 0.493062 0 0.506938 0 
0.132805 0 0.272358 0.160392 0.434445 
0.477918 0 0 0.104399 0.417683 
0 0.2441 0.404574 0 0.351326 
0.630699 0.159455 0 0 0.209845 
0 0.677309 0 0.322691 0 
0.31869 0 0.0624754 0.284028 0.334807 
0 0.390347 0.609653 0 0 
0.460945 0.191816 0 0 0.347239 
0.535857 0 0.24878 0 0.215363 
0.308323 0.319534 0.160993 0 0.21115 
0.36965 0 0 0.63035 0 
0 0.193517 0.266851 0.269268 0.270363 
0.319149 0.0805429 0 0.229662 0.370646 
0.565473 0 0.288705 0.145821 0 
0.398304 0.358389 0.243307 0 0 
0.625454 0 0.374546 0 0 
0 0.0518741 0.252129 0.350792 0.345205 
1 0 0 0 0 
0.404897 0.595103 0 0 0 
0.376269 0.623731 0 0 0 
0.104597 0 0.326291 0.281911 0.287201 
0 0.389776 0.323392 0 0.286832 
0.417375 0 0 0 0.582625 
0.262735 0.280417 0.456848 0 0 
0 0.453546 0.246495 0.0807893 0.219169 
0.119763 0.14438 0.302378 0.128295 0.305185 
0 0.140685 0 0.859315 0 
0.265042 0.103007 0.631951 0 0 
0.29177 0 0.386804 0 0.321426 
0.435491 0.404351 0.160159 0 0 
0 0.0898912 0.568646 0.341463 0 
0 0.246441 0.236969 0.147387 0.369203 
0.264888 0.242965 0 0.492147 0 
0.23099 0.0689677 0.267378 0.332541 0.100124 
0 0 0.519646 0 0.480354 
0 0 0.760014 0.239986 0 
0.328371 0.131594 0.160689 0.379346 0 
0.357757 0.342883 0.0689337 0.230426 0 
0.128512 0.291821 0.410429 0.0781989 0.0910396 
0 0 0.589677 0 0.410323 
0 0 0.519594 0.480406 0 
0.289948 0 0 0.354257 0.355795 
0.478188 0 0 0.521812 0 
0.503018 0 0.137353 0 0.359629 
0 0.445285 0.12736 0 0.427355 
0 1 0 0 0 
0.606464 0 0.20537 0.188166 0 
0 0 0.686002 0 0.313998 
0.0976431 0 0.182209 0.422849 0.297299 
0.298612 0.701388 0 0 0 
0.189507 0.164285 0.646208 0 0 
0 0 0.678733 0.321267 0 
0 0 0.439818 0 0.560182 
0.585562 0 0 0 0.414438 
0.62242 0.0968459 0 0.280734 0 
0 0.176532 0.354284 0.14395 0.325235 
0.262731 0.351095 0.319261 0 0.0669127 
0.233828 0.367113 0.276483 0.122575 0 
0 0 0 1 0 
0.178416 0.67859 0 0.142993 0 
0.106721 0.428885 0.464393 0 0 
0.474457 0.275975 0.168752 0 0.0808157 
0.281024 0 0 0.484817 0.234159 
0 0.548797 0 0.451203 0 
0.475764 0 0 0.448813 0.0754223 
0.140745 0 0.381627 0 0.477628 
0.154228 0.198988 0.175019 0.195398 0.276367 
0.15262 0.0998863 0.171638 0.229555 0.346302 
0.378277 0.348181 0.166522 0 0.10702 
0.0855072 0 0.691611 0 0.222882 
0.099007 0.177661 0.126476 0.276481 0.320374 
0 0 0 0.376161 0.623839 
0.41884 0.361481 0 0.219679 0 
0.47847 0.521529 0 0 0 
0.725001 0 0.128313 0 0.146686 
0.324026 0.385959 0.290016 0 0 
0.195586 0.315639 0.15241 0 0.336365 
0.282139 0.122456 0.277148 0.105248 0.213011 
0.481486 0.114554 0 0.403961 0 
0.119488 0.286547 0.060291 0.533675 0 
0 0.425035 0 0.237568 0.337397 
0.179585 0.270687 0.285124 0.264603 0 
0.432266 0 0.196295 0 0.37144 
0 0 0 0 1 
0.206099 0.264351 0.258577 0 0.270974 
0 0.29303 0.43936 0 0.26761 
0.407399 0.592601 0 0 0 
0.336823 0.488989 0.174188 0 0 
0.898976 0.101024 0 0 0 
0 0 0.393551 0 0.606449 
0 0.237306 0.35403 0.0568391 0.351825 
0.724647 0 0.275353 0 0 
0.0566565 0.256768 0.390933 0.187373 0.10827 
0 0.300012 0.34437 0.355618 0 
0.803963 0 0 0 0.196037 
0.637801 0.362199 0 0 0 
0 0 0 0.509108 0.490892 
0 0.526552 0 0.473448 0 
0 0.132273 0 0.324559 0.543168 
0 1 0 0 0 
0 0.200169 0 0 0.799831 
0.383779 0 0 0.367277 0.248944 
0.383394 0.539063 0 0.0775428 0 
0 0.601881 0.18575 0 0.212369 
0 0 0.337965 0.281933 0.380102 
0.666345 0 0 0 0.333655 
0 0 0.43519 0 0.56481 
0 0.0713075 0.210372 0.385534 0.332786 
0 0.260833 0.0838262 0 0.655341 
0.250848 0.173545 0.37536 0.200247 0 
0.409067 0 0.117271 0.12283 0.350832 
0.285748 0.222345 0.298455 0 0.193452 
0 0 0 0.337001 0.662999 
0.391728 0.248965 0 0.359307 0 
0.531896 0.180573 0.287531 0 0 
0.341329 0.0970245 0.448101 0 0.113546 
0.101223 0.22934 0.266772 0.124671 0.277993 
0 0 0.460162 0.350235 0.189603 
0 0.32048 0.67952 0 0 
0 0.347765 0.326562 0.325673 0 
0 0 0 0 1 
0.826702 0 0 0 0.173298 
0.176926 0 0.296265 0.13722 0.389589 
0 0.0599782 0.474706 0.465316 0 
0.278381 0 0 0.317435 0.404184 
0.498574 0 0 0.501426 0 
0 0.30603 0.292296 0 0.401674 
0.643726 0 0 0 0.356274 
0 0 0.667243 0.332757 0 
0.344252 0.406649 0.165472 0 0.0836268 
0.148723 0.20416 0.276482 0.125958 0.244677 
0 0.253396 0 0.321217 0.425387 
0 0 0 0.758791 0.241209 
0 0.132336 0.328271 0.206232 0.333161 
0.0838153 0.477686 0.178064 0.260434 0 
0.393326 0.270102 0.131662 0 0.20491 
0 0.357298 0.346895 0 0.295807 
0.246432 0 0.273847 0.257699 0.222022 
0.237974 0.244219 0.0995077 0.251285 0.167014 
0 0.769767 0 0 0.230233 
0.136311 0.304866 0.171652 0 0.387172 
0 0.802713 0 0.197287 0 
0.418273 0.364376 0.217351 0 0 
0.107728 0.462296 0.429976 0 0 
0.442638 0.31303 0.244331 0 0 
0 0.484589 0 0 0.515411 
0.0737969 0.347334 0.578869 0 0 
0 0.507185 0 0 0.492815 
0.188566 0 0.216304 0.251473 0.343656 
0 0 0.700604 0 0.299396 
0.286697 0 0.353683 0.35962 0 
0.367849 0.208519 0.139782 0 0.28385 
0.398161 0 0.184819 0.270862 0.146157 
0 0.811818 0.188182 0 0 
0 0.230544 0.133633 0.175145 0.460678 
0.3357 0 0 0.6643 0 
0 0.45907 0.211965 0.328965 0 
0.130841 0.635705 0 0.233455 0 
0 0 0 0 1 
0.239973 0 0 0.760027 0 
0.180137 0 0 0.409994 0.409869 
0 0 0 0.180262 0.819738 
0 0 0 0.234386 0.765613 
0.167868 0 0.520151 0 0.311981 
0 0.460866 0.39961 0 0.139524 
0.20052 0.235115 0.17939 0.25684 0.128135 
0.54398 0.191947 0 0 0.264073 
0.367527 0.233715 0 0.100036 0.298722 
0 0.463936 0 0.536064 0 
0 0.501644 0 0 0.498356 
0.28759 0 0.244564 0.216052 0.251793 
0.245325 0.063591 0.400414 0.121005 0.169665 
0.143707 0.164772 0.341706 0 0.349815 
0 0.447483 0.0622589 0.334707 0.155551 
0.354164 0.202455 0.443381 0 0 
0.280585 0.159481 0 0.174801 0.385132 
0.258458 0.252271 0.180059 0.309212 0 
0.443002 0 0.209273 0.16728 0.180444 
0 0.636216 0.134134 0 0.22965 
0.477818 0 0 0.159919 0.362264 
0 0 1 0 0 
0.533286 0.0716082 0 0 0.395106 
0 0.582415 0 0.169415 0.248171 
0 0 0.518463 0 0.481537 
0.188833 0.206719 0 0.196702 0.407747 
0.653936 0 0.0922005 0 0.253864 
0.54143 0.45857 0 0 0 
0.26287 0.0749001 0.305832 0.224762 0.131636 
0 0 0.0625226 0.42633 0.511147 
0.319382 0 0 0.431929 0.248689 
0 0.353671 0 0 0.646329 
0 0.263879 0.18047 0 0.555651 
0.513999 0.263966 0.1602 0 0.0618355 
0.0756073 0.420915 0.358283 0 0.145195 
0 0.607699 0 0.392301 0 
0 0.228213 0 0 0.771787 
0 0.754413 0 0 0.245587 
