5 150
0.513756
0.325106
0.538247
0.656171
0.683515
11.9247 0.16784
10.5752 0.65727
10.4782 0.141103
10.2099 0.668581
10.1344 0.531706
10.0822 0.193225
9.91379 0.874412
9.64274 0.130227
9.60264 0.286231
9.51323 0.154783
9.03729 0.859262
8.71988 0.706452
8.62382 1.40825
8.56846 0.404242
7.94801 1.21987
7.78469 0.842017
7.76188 1.90802
7.60631 0.936822
7.4889 1.6035
7.30344 1.80468
7.2425 2.03308
7.14122 0.739714
7.1041 0.547782
7.09791 0.791547
7.0339 1.86517
6.99146 1.18028
6.57039 2.0412
6.5224 1.63344
6.31555 3.1508
5.98592 2.06818
5.70107 2.90759
5.65702 1.70905
5.61913 3.1389
5.52206 2.37001
5.40557 3.25084
5.28639 3.51257
5.17127 2.66205
5.08898 1.91313
5.08702 3.21864
5.06791 3.62215
4.99354 3.16647
4.80252 2.26553
4.74595 3.01303
4.65327 1.82582
4.41959 3.07214
4.38938 3.62671
4.32229 2.38784
4.12921 3.66346
4.05294 3.71207
4.01954 4.52093
3.95901 4.93128
3.76112 3.07949
3.71964 4.46282
3.6285 2.70983
3.62638 4.61389
3.61813 4.59185
3.45384 5.16745
3.30152 3.15856
3.29407 4.7449
3.27573 4.27084
3.23757 4.57526
3.2374 4.15148
3.22586 3.18808
3.20757 5.7441
3.12049 3.02943
3.02447 3.51922
3.00134 5.36809
2.96881 3.93797
2.87232 4.69522
2.86674 3.58022
2.83397 5.78787
2.78443 3.91147
2.61591 5.18274
2.47553 5.32773
2.45229 6.12542
2.33772 5.87867
2.30324 6.13788
2.29408 3.81462
2.25033 4.59291
2.18614 4.66524
2.08489 6.08555
2.05565 4.99375
1.9483 4.52367
1.8963 5.50258
1.84897 5.36354
1.78722 6.77299
1.76948 7.42134
1.63921 4.59592
1.61594 6.06087
1.5787 5.88092
1.55295 7.196
1.53088 5.01055
1.47104 6.48098
1.44125 6.75147
1.28486 5.41913
1.25053 5.06119
1.23729 5.67497
1.15712 5.01349
1.10541 6.80948
1.06643 6.87529
0.994947 8.84317
0.994284 5.19926
0.991316 4.84537
0.982618 7.9734
0.95422 6.51667
0.881143 6.68753
0.824633 6.63334
0.716322 7.52005
0.70292 6.23102
0.688902 8.60755
0.633258 7.46989
0.607395 6.40397
0.579218 6.26125
0.558002 6.21372
0.504684 5.86203
0.463283 9.0077
0.438671 6.52535
0.435643 6.6638
0.399065 6.65383
0.394463 8.10863
0.383096 9.79246
0.361026 8.1351
0.359059 8.94566
0.352263 8.66587
0.339553 7.67984
0.30439 9.63666
0.28801 7.55236
0.286204 6.80835
0.277029 9.79901
0.2495 8.24789
0.247262 7.02756
0.241782 7.29609
0.236559 9.85135
0.236066 8.83951
0.232354 10.6684
0.171116 7.3059
0.168407 10.1244
0.134951 10.4321
0.0498234 11.4315
0.0387643 10.0886
0.0371011 10.7538
0.033633 10.8274
0.0323494 8.44584
0.0237799 11.9349
0.02018 8.96121
0.0156149 10.3735
0.0142209 9.38281
0.0138284 11.3496
0.0127536 11.2013
0.00107249 12.26
0 0 0.190065 0.114056 0.695879 
0 0 0.571494 0 0.428506 
0 0 0 0 1 
0.322569 0 0.677431 0 0 
0.736258 0.263742 0 0 0 
0 0 0 0.466453 0.533547 
0 0 1 0 0 
0 0 0 0.429365 0.570635 
0.330812 0.669188 0 0 0 
0 1 0 0 0 
0 0.530378 0 0.360843 0.108779 
0 0.216103 0.540886 0.243011 0 
0.621097 0 0.378903 0 0 
0 0 0 1 0 
0 0 0 0.317275 0.682725 
0 0 1 0 0 
0.769663 0 0.230337 0 0 
0 1 0 0 0 
0.25317 0 0.74683 0 0 
0.20716 0.303516 0 0 0.489324 
0 0 0 0.250223 0.749777 
0.291961 0 0.708039 0 0 
0 0 0.286653 0.713347 0 
0 0.30349 0.478934 0 0.217576 
1 0 0 0 0 
0.4543 0 0 0.257323 0.288377 
1 0 0 0 0 
0 0 0 0 1 
0 0 0 0 1 
0.644549 0 0 0.355451 0 
0 0.535714 0 0 0.464286 
0 0 1 0 0 
0.357516 0 0 0 0.642484 
0 0.431272 0 0.425676 0.143052 
0.321674 0 0 0 0.678326 
0.457573 0.542427 0 0 0 
0 0 0 1 0 
0.50254 0.132233 0 0 0.365228 
0 0 0 0 1 
0 1 0 0 0 
0 0 0 1 0 
0 0.290982 0 0 0.709018 
1 0 0 0 0 
0 0 0.417729 0 0.582271 
0.775075 0 0 0.224925 0 
0.53852 0.46148 0 0 0 
0 0 0.180765 0.819235 0 
0 0 0 0 1 
0.438916 0 0 0.561084 0 
0.53041 0.46959 0 0 0 
0.457746 0 0 0 0.542254 
0 1 0 0 0 
0.427725 0.276642 0.295633 0 0 
0 0 0 0.333734 0.666266 
0.527745 0.472255 0 0 0 
0 0 1 0 0 
0 0 0.591693 0.408307 0 
0.318084 0 0 0.681916 0 
0.30175 0.69825 0 0 0 
0 0.585862 0.414138 0 0 
0.470013 0 0 0.529987 0 
0 0 0 0 1 
0 0.273767 0 0.363545 0.362687 
0 0 0.301368 0.698632 0 
0.323486 0 0.379074 0 0.29744 
0.522163 0.0853857 0 0 0.392451 
0 0.505655 0.374131 0 0.120215 
0.3408 0.453618 0 0.205582 0 
0.374443 0.375775 0 0.249782 0 
0 0.709599 0 0 0.290401 
0 1 0 0 0 
0.0973763 0.355083 0.547541 0 0 
0 0 0.585519 0.414481 0 
0.285198 0 0.134271 0.365473 0.215058 
0.288591 0 0 0.475481 0.235928 
0 0 0.693888 0.306112 0 
0 0.317089 0.682911 0 0 
0 0.100598 0.397269 0.231253 0.27088 
0 1 0 0 0 
0 0 0 1 0 
0.580406 0 0 0.419594 0 
1 0 0 0 0 
0 0.3668 0 0.176499 0.456701 
0.447231 0 0.257652 0.295117 0 
0 0.654001 0 0.172394 0.173605 
0 0 0 0 1 
1 0 0 0 0 
0.139072 0 0.474187 0.167742 0.218999 
0 0 0.456488 0 0.543512 
0 0.565931 0 0.434069 0 
0 0 0 0 1 
0 0.259627 0.740373 0 0 
0.410397 0 0.25479 0.334813 0 
0 0 0 0 1 
0 0 0 0 1 
0 0.530942 0.469058 0 0 
0 0.467185 0 0 0.532815 
0.618658 0.381342 0 0 0 
0.571134 0 0.167052 0 0.261814 
0 0 0 0 1 
0.239211 0 0.215354 0 0.545435 
0 1 0 0 0 
1 0 0 0 0 
0 0 0.671684 0 0.328316 
0.463775 0 0 0.346296 0.189928 
0 0.350197 0.649804 0 0 
0 0 0.515148 0.0734141 0.411438 
1 0 0 0 0 
0 0.380852 0 0.391039 0.228109 
0.194954 0.098667 0 0.253277 0.453101 
0.15903 0.213565 0.369292 0 0.258114 
0.240922 0.759078 0 0 0 
0 0 1 0 0 
0 0 0 0.81923 0.18077 
0 0 1 0 0 
0 0 0.514674 0 0.485326 
0 0.347257 0.652743 0 0 
1 0 0 0 0 
0.379725 0 0.142241 0.478034 0 
0 0.682257 0.317743 0 0 
0.830084 0 0 0.169916 0 
0.362625 0 0 0.416056 0.221319 
0 0 0.715312 0.284688 0 
0.583511 0.416489 0 0 0 
0 0.509608 0.490392 0 0 
0 0 1 0 0 
0.44366 0.55634 0 0 0 
0 0 0.175788 0.824212 0 
0 0 0 1 0 
0 0 1 0 0 
0 0.437445 0.463678 0 0.0988766 
0 0 0 0.241138 0.758862 
0 1 0 0 0 
0 0 0 0.44305 0.55695 
0 0.672456 0.327544 0 0 
0 0.309541 0 0.373359 0.3171 
0 0 0.767861 0 0.232139 
0 0 0 0 1 
0 0 0.741781 0.258219 0 
0 0 0.287024 0.712976 0 
0 0 0 1 0 
0.317946 0 0 0 0.682054 
0.838911 0 0 0.161089 0 
1 0 0 0 0 
0.201127 0.0823885 0.173076 0.27143 0.271979 
0 0.296924 0.294863 0 0.408213 
0 0 0.67831 0.32169 0 
0 0.673421 0 0 0.326579 
0 0.382684 0 0 0.617316 
0 1 0 0 0 
