5 50
0.439322
0.424001
0.617229
0.285066
0.721404
10.9999 0.167816
9.60816 0.870473
9.43225 0.926191
8.60951 1.60763
8.31063 1.84435
8.23589 1.19254
7.0216 1.66932
6.79385 1.56649
6.79362 0.565067
6.69425 2.75248
6.59241 1.9481
5.41764 3.16151
5.21328 3.67214
4.71931 3.58227
4.50483 4.31302
4.49657 2.63285
4.38333 4.48929
3.93257 4.20047
3.89016 3.02757
3.75578 3.00548
3.73181 3.11324
3.57691 3.45112
3.32676 4.76989
3.08012 3.78404
2.95929 3.32664
2.94567 3.09434
2.94337 4.51949
2.94152 5.34216
2.76455 3.47197
2.38012 5.07932
2.37623 5.38342
1.54006 5.74567
1.43794 6.63691
1.15006 7.66003
1.12112 5.78566
1.05016 7.09381
0.966744 5.77782
0.933071 7.92862
0.90899 8.06749
0.846622 8.1934
0.546928 6.37729
0.357473 9.04484
0.265317 8.77228
0.230126 7.90153
0.105419 9.98601
0.0966399 7.84295
0.0163655 10.5117
0.0110669 10.5054
0.00710404 11.0983
0.00401549 8.04526
0.524588 0.475412 0 0 0 
0.266103 0 0 0.733897 0 
0.259431 0.112678 0.19425 0 0.433641 
0.205865 0.228908 0.299548 0.140945 0.124734 
0 0.264524 0.443277 0.292199 0 
0 0 0.265224 0.417145 0.317632 
0 0.785406 0 0.214594 0 
0.285584 0.714416 0 0 0 
0.212196 0 0.336009 0 0.451796 
0 1 0 0 0 
0 0 0 0 1 
0 0.217656 0.27896 0 0.503385 
0 0.370977 0 0 0.629023 
0 0.338481 0.181262 0.30736 0.172897 
0.223366 0.225365 0.551269 0 0 
0.425706 0 0 0 0.574294 
0 0.392155 0 0 0.607845 
0.359774 0 0 0.640226 0 
0.173732 0.0936217 0 0.368487 0.36416 
0 0 0 1 0 
0.107712 0 0.466162 0.339664 0.0864612 
0 0.210883 0.139703 0.366747 0.282667 
0.0947716 0.577429 0 0 0.3278 
0.354691 0 0.308523 0.0477437 0.289042 
0 1 0 0 0 
0 1 0 0 0 
0 0 0.272539 0.323835 0.403626 
0 0 0.243505 0.410691 0.345804 
0 0 0.507113 0.492887 0 
0 0 0.66017 0.33983 0 
0 0 0.562192 0.296437 0.141372 
0 0 0.237961 0.762039 0 
0.374121 0 0 0.16336 0.46252 
0.327457 0 0 0.213513 0.459029 
0 0 0.349203 0 0.650797 
0 0.42531 0.415621 0.15907 0 
0.0737401 0 0.284648 0.55156 0.0900515 
0.440293 0 0 0.559707 0 
0.305002 0.317827 0.377171 0 0 
0.363627 0 0.636373 0 0 
0 0.582327 0.256099 0 0.161574 
0 0 0 0 1 
0 0 0 0.360395 0.639605 
0 0 1 0 0 
0 0 0 0.500466 0.499535 
0 0 0 0.278963 0.721037 
0.190333 0.155832 0.503615 0.15022 0 
0 1 0 0 0 
0 0 0.525337 0 0.474663 
0 0.312799 0.687201 0 0 
