5 100
0.650006
0.281739
0.66699
0.489982
0.374622
9.89998 0.283361
9.11621 0.940347
8.97575 1.53072
8.92326 1.71366
8.37008 0.744411
8.13389 0.231599
8.02697 1.4873
7.895 1.19188
7.81888 2.25872
7.58251 1.12422
7.3921 0.969995
7.32612 0.216011
7.31744 1.37881
6.71507 1.18975
6.45327 3.1386
6.02782 1.24471
5.73073 2.51599
5.64061 2.718
5.43938 1.72097
5.4083 2.18146
5.2436 2.09267
4.86911 2.31334
4.63544 3.32272
4.6042 3.41865
4.52184 4.11595
4.15776 2.13144
4.11661 4.41421
3.99826 5.10915
3.95829 3.2479
3.87113 3.73585
3.82834 3.20913
3.56031 4.20893
3.54655 3.45777
3.52829 3.62808
3.45276 3.11853
3.38708 4.59226
3.33357 3.09596
3.25567 4.8776
3.25195 4.13014
3.18032 4.1426
3.03854 4.93009
3.01548 4.03513
2.79723 3.98421
2.78804 4.79023
2.67143 5.2078
2.66614 5.06202
2.5116 3.71942
2.38951 5.83835
2.38285 3.65385
2.18241 4.90593
2.09092 5.21764
2.00381 7.21968
1.95531 6.39868
1.89825 4.79209
1.63729 6.57086
1.40761 4.80891
1.36857 5.38976
1.303 7.3915
1.1941 6.41002
1.1131 5.41069
1.04424 7.1382
0.982432 6.66455
0.880053 5.5307
0.805046 8.83379
0.760156 5.4197
0.729874 8.28647
0.724211 6.13123
0.673073 5.46129
0.636581 7.64729
0.599218 8.2928
0.566575 6.66761
0.449698 8.87338
0.41203 9.33903
0.397565 6.24471
0.371214 8.33911
0.336249 7.82155
0.302536 9.78375
0.286572 6.94388
0.266279 9.42527
0.260783 7.18821
0.256572 9.81381
0.243379 7.60481
0.241582 10.41
0.229492 10.3462
0.194317 7.86237
0.190344 6.98367
0.173199 9.61563
0.168243 7.26089
0.155615 7.09293
0.152862 9.0743
0.151488 10.3925
0.132977 10.8914
0.0575139 7.1883
0.0504031 8.51901
0.0416515 11.0294
0.0356646 10.3225
0.0340092 11.3736
0.0223589 7.24596
0.0109017 8.66771
0.00284912 7.39214
0 0 0 0 1 
0.523734 0.137782 0 0.338484 0 
0.383287 0.0964906 0.16492 0 0.355302 
0 0.433581 0.23438 0 0.332039 
0 0 0.516399 0.483601 0 
0.54691 0 0 0 0.45309 
0 0 0.211917 0.413403 0.37468 
0 0.261315 0.234974 0.503711 0 
0.521401 0.1406 0 0.337999 0 
0 0 0 1 0 
0.218179 0 0 0.781821 0 
0 0 0.84746 0 0.15254 
0 0.619273 0.380727 0 0 
0 1 0 0 0 
0 0.425471 0.280265 0.204995 0.0892687 
0 1 0 0 0 
0.529843 0 0 0 0.470157 
0 0.308008 0 0.691992 0 
0.290025 0.202474 0.240181 0.176444 0.0908766 
0.358925 0.251545 0.340806 0.0487235 0 
0.705101 0.294899 0 0 0 
0 0 0.452132 0.547868 0 
0.397697 0.250282 0.352021 0 0 
0.673001 0 0 0 0.326999 
0.721989 0 0.278011 0 0 
0 0.439965 0 0.1119 0.448135 
0.728946 0.271054 0 0 0 
0 0 0 0.406824 0.593176 
0.240713 0 0 0.613293 0.145994 
0.162918 0.300146 0 0.333273 0.203664 
0.0786873 0.445763 0 0 0.475549 
0 0.211736 0 0.788264 0 
0.216109 0 0.0769366 0.358688 0.348266 
0 0 0 0.362568 0.637432 
0.72061 0 0 0 0.27939 
0.365189 0.334739 0.300071 0 0 
0 0.366834 0.633166 0 0 
0.344303 0 0.202691 0.364391 0.0886147 
0 1 0 0 0 
0.607487 0.392513 0 0 0 
0 0 0 1 0 
0 0.208357 0.389593 0.40205 0 
0 0 1 0 0 
0.373656 0.423923 0 0 0.202421 
0 0.7355 0 0.2645 0 
0 0 0.709514 0.290486 0 
0.173713 0.600134 0.226153 0 0 
0.356193 0.643807 0 0 0 
0.142654 0.222901 0.0936031 0.354367 0.186476 
0 0 0 0.385052 0.614948 
0.14579 0 0.443782 0.0805139 0.329914 
0 0.69731 0 0 0.30269 
0 0 1 0 0 
0.640442 0 0 0 0.359558 
0.346595 0 0 0.653405 0 
0.828806 0 0 0 0.171194 
0.0808676 0 0 0.355237 0.563896 
1 0 0 0 0 
0 0.665306 0 0 0.334694 
0 0 1 0 0 
0.287344 0 0.10313 0.304474 0.305052 
0.09809 0.90191 0 0 0 
0 0.401753 0.32759 0.270657 0 
0 1 0 0 0 
0 0.462167 0.283115 0 0.254718 
0 0 0.15696 0.84304 0 
0 0.100599 0.119902 0 0.779499 
0.278412 0 0.644598 0 0.0769898 
0 0 0.76439 0 0.23561 
0.777927 0 0 0 0.222073 
0.093093 0 0.412212 0 0.494695 
0.483147 0 0.516853 0 0 
0 0 0 0.638121 0.361879 
0 0.23885 0.76115 0 0 
0.480495 0 0.447501 0 0.0720032 
0 1 0 0 0 
0.557334 0.442666 0 0 0 
0.388219 0 0.112097 0.399258 0.100427 
0.286723 0.315992 0.237889 0 0.159395 
0 0 0 0 1 
0 0.460795 0.539205 0 0 
0 0.295164 0 0.704836 0 
0.172397 0.619048 0 0.208555 0 
0.180606 0.434864 0.38453 0 0 
0.259752 0 0.071805 0.413042 0.2554 
0 0.27493 0.40549 0 0.319581 
0 0.496201 0.380169 0.12363 0 
0.647331 0.259004 0 0.0936648 0 
0.36718 0 0.338423 0 0.294397 
0.195835 0.502468 0.301697 0 0 
0 0.137796 0.610423 0.251781 0 
0 0.555179 0 0 0.444821 
0.512029 0 0 0 0.48797 
0 0.16537 0.83463 0 0 
0.851294 0 0 0.148706 0 
0.0616375 0.251754 0.345534 0.282181 0.0588928 
0.339655 0 0.327471 0.332873 0 
0 0.237792 0 0 0.762208 
0.306166 0.259078 0.296065 0.138691 0 
0.302891 0 0.536812 0.160297 0 
