5 100
0.297258
0.540872
0.505867
0.717544
0.430288
10.4606 0.156324
9.97332 0.407854
9.31277 0.726066
8.1531 1.00966
7.71036 1.06698
7.3851 1.91767
6.95165 1.80969
6.93936 1.96554
6.7499 1.50392
6.67177 1.81458
6.60012 2.10569
6.18891 1.45681
6.1315 2.14629
6.02587 1.50831
5.79125 2.16031
5.60025 2.10905
5.29217 2.29464
5.23615 3.60518
5.08021 2.53492
4.97012 2.85875
4.83972 2.73588
4.79668 3.26386
4.58852 3.57186
4.5843 3.26588
4.4242 2.95129
4.26448 3.9553
3.87315 3.59676
3.83877 3.83074
3.82805 4.36783
3.70892 3.78517
3.63832 2.73822
3.60627 4.74139
3.57341 4.7026
3.3484 3.65539
3.1833 4.9079
3.09351 3.48804
3.0783 5.00064
2.95303 3.47649
2.89366 5.67106
2.85998 5.06853
2.76262 5.08432
2.62181 5.35159
2.43454 4.23799
2.25412 5.49269
2.07847 4.39268
1.91997 6.28385
1.86947 4.91402
1.85766 6.44674
1.84006 5.06192
1.78214 6.43312
1.78074 4.58541
1.76706 5.58469
1.72425 4.67213
1.56092 7.37388
1.4621 5.5385
1.45321 4.4957
1.4392 5.25742
1.25151 7.95269
1.24431 5.59513
1.23079 7.12618
1.00049 6.86424
0.967865 5.25893
0.916896 6.41353
0.866583 6.89921
0.855435 7.63858
0.836429 6.42855
0.81896 8.58297
0.717522 8.58543
0.694874 6.7187
0.693866 6.28419
0.691579 6.87871
0.667917 5.8028
0.652307 7.65083
0.631738 5.47737
0.620462 5.61272
0.566185 8.3469
0.533298 7.43118
0.437592 9.20602
0.289794 10.1954
0.286939 9.15216
0.259347 7.98047
0.225455 8.57055
0.223291 8.25709
0.181535 9.1202
0.169101 7.73977
0.128775 8.89019
0.102394 7.02124
0.0971478 7.35659
0.0824232 7.23465
0.0808219 8.13592
0.0803767 9.01453
0.0547647 9.37922
0.0439175 10.2953
0.0408544 10.4538
0.0320011 7.8625
0.0169156 8.06579
0.0137501 7.39605
0.0126533 8.87714
0.00972719 11.8755
0.00435785 11.3073
0 0 0 1 0 
0 0 0 1 0 
0 1 0 0 0 
0 0 0 0 1 
0 1 0 0 0 
0 0 0 0 1 
0 0 0 0 1 
0 0 1 0 0 
1 0 0 0 0 
0 0 1 0 0 
0 0 0 1 0 
1 0 0 0 0 
0 0 0 0 1 
0 0 0 1 0 
0 1 0 0 0 
0 0 0 1 0 
0 1 0 0 0 
0 0 0 0 1 
0 0 1 0 0 
0 0 0 1 0 
0 0 0 1 0 
0 0 0 0 1 
1 0 0 0 0 
0 0 0 0 1 
1 0 0 0 0 
1 0 0 0 0 
0 0 1 0 0 
0 0 0 1 0 
0 0 1 0 0 
0 0 0 0 1 
0 0 0 0 1 
0 0 0 0 1 
0 0 0 0 1 
0 1 0 0 0 
0 0 0 1 0 
0 1 0 0 0 
0 0 0 1 0 
0 0 0 1 0 
0 0 0 1 0 
0 1 0 0 0 
0 0 0 1 0 
0 0 0 1 0 
0 0 0 0 1 
0 1 0 0 0 
0 0 0 1 0 
0 1 0 0 0 
0 0 1 0 0 
1 0 0 0 0 
0 0 1 0 0 
0 1 0 0 0 
0 0 1 0 0 
1 0 0 0 0 
0 0 0 1 0 
0 0 0 0 1 
0 0 1 0 0 
0 1 0 0 0 
0 0 0 0 1 
0 0 0 1 0 
0 0 0 0 1 
0 1 0 0 0 
0 0 0 0 1 
1 0 0 0 0 
1 0 0 0 0 
1 0 0 0 0 
0 0 0 1 0 
0 0 0 0 1 
0 0 0 0 1 
1 0 0 0 0 
0 0 0 0 1 
0 1 0 0 0 
0 0 0 0 1 
0 1 0 0 0 
0 1 0 0 0 
0 1 0 0 0 
0 0 0 1 0 
0 1 0 0 0 
0 0 1 0 0 
1 0 0 0 0 
0 1 0 0 0 
0 0 1 0 0 
0 0 1 0 0 
0 0 0 1 0 
0 0 0 1 0 
0 0 0 0 1 
1 0 0 0 0 
0 0 1 0 0 
1 0 0 0 0 
0 1 0 0 0 
0 0 0 0 1 
0 0 1 0 0 
0 0 0 0 1 
0 1 0 0 0 
1 0 0 0 0 
0 0 0 0 1 
0 0 0 1 0 
1 0 0 0 0 
0 1 0 0 0 
0 0 0 0 1 
1 0 0 0 0 
1 0 0 0 0 
