5 200
0.652085
0.353921
0.454898
0.252785
0.255432
10.7782 0.182897
10.1977 0.892823
9.4648 0.314077
9.33303 1.28517
9.30476 1.22565
9.21115 1.47784
9.02348 1.57447
8.90126 1.49282
8.54794 1.15029
8.37855 1.30282
8.31253 1.4332
8.03989 1.27615
7.9125 0.223867
7.89141 1.45313
7.86783 0.427358
7.8504 1.44131
7.82525 0.409333
7.76885 0.282899
7.73759 0.59282
7.51769 0.885023
7.33642 0.436925
7.29301 2.46395
7.27647 0.965155
7.20102 0.405176
7.1646 2.0483
7.1372 0.948217
6.93996 1.97421
6.92305 2.64877
6.84486 0.823531
6.62132 0.678497
6.52365 2.97732
6.49902 1.15161
6.40522 1.37329
6.40418 2.15906
6.40026 1.57009
6.28234 2.23419
6.18877 1.02276
6.15381 2.28438
6.14684 1.60843
6.07177 1.33439
6.05856 1.38001
6.02507 1.52416
6.00316 2.23493
5.98588 2.77498
5.96366 2.30489
5.96104 3.07432
5.93984 1.92942
5.87248 1.69086
5.5779 1.99076
5.52906 1.22394
5.503 2.00578
5.27624 2.92281
5.26317 3.89049
4.96595 4.22711
4.88956 2.32499
4.76051 3.1381
4.72504 3.82523
4.66764 3.27446
4.61205 3.12543
4.60429 3.42475
4.42997 3.1375
4.38287 4.11752
4.32115 4.48537
4.31613 3.74884
4.29851 4.31153
4.22024 2.8618
4.14753 2.62012
4.08248 3.12436
4.0509 2.99629
4.03 3.52389
3.99243 3.69243
3.92482 3.4283
3.92015 3.08126
3.77582 3.89713
3.77498 3.4144
3.75119 3.29887
3.73263 3.44322
3.69211 3.03665
3.68816 4.7835
3.61699 2.961
3.6132 3.89364
3.60282 4.59461
3.53541 3.65011
3.45358 3.16429
3.40155 4.74513
3.37453 4.05837
3.29572 3.79376
3.28688 3.84101
3.1875 3.43316
3.03605 3.99036
3.02488 5.46401
2.99043 5.66972
2.96536 3.59374
2.89326 4.28443
2.76457 5.42862
2.68008 5.10504
2.39491 5.17417
2.3708 6.58775
2.344 4.89575
2.33676 5.92352
2.33574 5.93812
2.32496 5.73576
2.32343 5.54296
2.26538 5.34223
2.24424 4.86824
2.21428 5.55684
2.21152 4.64804
2.18574 4.65883
2.18514 6.26999
2.16459 4.67486
2.13535 5.24619
2.11103 4.96929
2.09373 5.56058
2.07939 4.60816
1.91117 4.67973
1.84579 6.33418
1.7481 6.48668
1.72743 6.21629
1.66608 5.45758
1.62658 5.63512
1.62408 5.42362
1.60466 6.49064
1.57819 6.98992
1.56185 6.35143
1.5597 5.59645
1.53045 5.82291
1.48703 5.17866
1.44525 5.35619
1.36985 7.73267
1.35195 7.40785
1.30601 5.6586
1.2842 5.23175
1.27312 7.10335
1.2546 5.46748
1.23479 6.53042
1.22779 7.96271
1.2154 5.93139
1.19041 7.58203
1.10561 8.32162
1.07941 6.21112
1.06812 8.36643
1.04781 8.07429
1.04018 6.00831
1.03563 6.73789
1.0338 5.18126
1.01298 8.58424
0.997055 5.38735
0.973465 6.19074
0.967164 6.6924
0.946831 5.68586
0.937328 8.00775
0.91588 6.09859
0.897405 6.90179
0.896024 5.36707
0.862273 5.91023
0.800127 7.11086
0.794939 8.26688
0.75689 6.46995
0.753284 5.69418
0.740294 8.60013
0.739559 6.18577
0.71551 8.60256
0.71032 6.23991
0.696364 5.67706
0.678643 8.37565
0.635689 8.91911
0.629172 5.67373
0.614069 8.52674
0.595072 7.1989
0.406293 6.69179
0.403102 10.107
0.355931 6.03879
0.350369 7.06214
0.344572 9.38274
0.319585 8.90857
0.295349 7.83345
0.28806 8.13587
0.247108 10.2903
0.245404 6.8159
0.232781 6.83465
0.185252 7.25958
0.181278 8.85576
0.130583 10.7374
0.118595 10.2999
0.0936623 9.41896
0.0875946 11.0332
0.0779368 7.192
0.0728345 8.91882
0.0705353 8.54055
0.0510339 10.9199
0.0314367 11.7844
0.0221847 10.8771
0.0183561 9.57887
0.0142191 9.0631
0.0132152 9.57651
0.0100777 8.61531
0.00792047 9.56167
0.0068005 11.2484
0.00155661 10.7235
0.000913985 9.10513
0 1 0 0 0 
1 0 0 0 0 
0 0 0 1 0 
0 0 1 0 0 
0 0.468761 0 0.531239 0 
0 0 0 1 0 
0 0.653295 0 0.346705 0 
0 0 1 0 0 
0 0 0 1 0 
0 0 0 0 1 
0 0.850358 0.149642 0 0 
0 0 0 0 1 
0 0 0.3311 0 0.6689 
0 0 0 0 1 
0 0 0 1 0 
0 0 0 0 1 
0 1 0 0 0 
0 0 1 0 0 
0 0 1 0 0 
0 1 0 0 0 
1 0 0 0 0 
0 0 0 0 1 
0 1 0 0 0 
0.846323 0 0.153677 0 0 
0 0 1 0 0 
0 0 1 0 0 
0 0 0 0 1 
0 0 0 1 0 
0 0.433886 0.566114 0 0 
0 0 0 0 1 
0 0 0 0 1 
0 0 0 0 1 
0 0 1 0 0 
0 1 0 0 0 
0 0 0 0.429816 0.570184 
0 1 0 0 0 
0 0 1 0 0 
0 1 0 0 0 
0 0 1 0 0 
0 0.288107 0 0.711893 0 
1 0 0 0 0 
0 0 0 1 0 
0 0 0 1 0 
0 0 0 0 1 
0 0 0 0 1 
0.55281 0.44719 0 0 0 
0.817752 0 0.182248 0 0 
1 0 0 0 0 
0 0 0 1 0 
1 0 0 0 0 
0 0 0 0 1 
0 0 0 0 1 
0 0.747156 0.252844 0 0 
1 0 0 0 0 
0 0 0 0 1 
0 0 0 0 1 
0 1 0 0 0 
1 0 0 0 0 
1 0 0 0 0 
0 0 0 0 1 
0 0 0.162656 0 0.837344 
0 0 0 0 1 
1 0 0 0 0 
0 0 0 0 1 
0 1 0 0 0 
1 0 0 0 0 
0 1 0 0 0 
0 0 0 1 0 
0 1 0 0 0 
0 0 0 1 0 
0 0 0 0 1 
1 0 0 0 0 
1 0 0 0 0 
0.463884 0.536116 0 0 0 
1 0 0 0 0 
1 0 0 0 0 
1 0 0 0 0 
0 0 0 1 0 
0 0.451411 0 0 0.548589 
0.293226 0.706774 0 0 0 
0 0 0 1 0 
0 0 1 0 0 
0 0.356812 0.643188 0 0 
0 0 0 1 0 
0.663536 0 0.336464 0 0 
0 0 0 1 0 
0 0 0 0 1 
1 0 0 0 0 
0.212755 0 0.787245 0 0 
0 1 0 0 0 
1 0 0 0 0 
0 0 0 0 1 
0 1 0 0 0 
0 0 1 0 0 
1 0 0 0 0 
0 0 0.440916 0.559084 0 
0 0 0 1 0 
0 0 0 1 0 
0 0 1 0 0 
0 1 0 0 0 
0 0 0 1 0 
0 0 0 1 0 
0 0 0 0 1 
0 0 1 0 0 
1 0 0 0 0 
0 1 0 0 0 
1 0 0 0 0 
0 0.437516 0.562484 0 0 
0 0 0 1 0 
0 0 0 0 1 
0 1 0 0 0 
0 0 0 1 0 
0.652101 0 0 0.347899 0 
0 0 0 1 0 
0 0 0 1 0 
1 0 0 0 0 
0 1 0 0 0 
0 0 0 0 1 
0 0 0 1 0 
0 1 0 0 0 
0.431212 0.568788 0 0 0 
0 0 0 0 1 
0 0 0 1 0 
0 0 0 1 0 
1 0 0 0 0 
0 0 0.463005 0 0.536995 
1 0 0 0 0 
0 1 0 0 0 
0 0 0 1 0 
0 1 0 0 0 
1 0 0 0 0 
0 0.349098 0.415802 0.2351 0 
0 1 0 0 0 
0.224107 0 0.490893 0.285 0 
1 0 0 0 0 
0 0 0 1 0 
0 0 1 0 0 
0 0 1 0 0 
0 0 0 0 1 
0 0 0 1 0 
0 0 0 0 1 
0 1 0 0 0 
0 0 1 0 0 
0 0 0 0.321273 0.678727 
0 0 0 1 0 
0 0 1 0 0 
0 1 0 0 0 
0 1 0 0 0 
1 0 0 0 0 
0 0 1 0 0 
0.741468 0 0 0.258532 0 
0 0 1 0 0 
0 0 0 0 1 
0 0.692242 0 0.307758 0 
0 0.339864 0 0.660136 0 
0 0 0 0 1 
0 0 1 0 0 
0.125838 0 0.874162 0 0 
0.252615 0 0 0 0.747385 
0 1 0 0 0 
0 0 0 1 0 
0 0 1 0 0 
1 0 0 0 0 
0 0 1 0 0 
0 0.870309 0.129691 0 0 
0 0 1 0 0 
0 1 0 0 0 
0 1 0 0 0 
1 0 0 0 0 
0.695576 0 0.304424 0 0 
0 0 0 0 1 
0 0 0 1 0 
0 1 0 0 0 
0 1 0 0 0 
0 0 0 1 0 
0 0 0 0 1 
0 1 0 0 0 
0 0 1 0 0 
0 0 0 0 1 
0 0.267605 0.243944 0.488451 0 
1 0 0 0 0 
0 0 0 1 0 
0 1 0 0 0 
0 0.57649 0.42351 0 0 
0 0 0 1 0 
1 0 0 0 0 
0 0 1 0 0 
0 0 0 0 1 
0 0 0 1 0 
0 0 0 0 1 
0 0 0 1 0 
0 0 0 0 1 
1 0 0 0 0 
0 0 0.541351 0.458649 0 
0 0 1 0 0 
0 0 1 0 0 
0 0 1 0 0 
1 0 0 0 0 
0 0 1 0 0 
0 0.275565 0 0 0.724435 
