5 150
0.540975
0.686538
0.588884
0.463089
0.357659
10.9959 0.585491
10.6415 0.207365
9.83182 0.979299
8.94914 1.23131
8.89717 1.03936
8.87375 1.64112
8.80068 0.317412
8.79055 0.145514
8.65458 0.475195
8.59564 1.00793
8.51786 1.7079
8.09527 0.262383
7.93169 1.38093
7.52996 1.47358
7.283 1.1881
7.05334 2.36789
7.01667 1.78626
6.91978 2.97705
6.87212 0.407237
6.81622 2.48929
6.7415 0.759277
6.65238 2.17496
6.57626 1.36586
6.46309 2.77496
6.45185 2.51031
6.23437 2.80118
6.19256 1.36615
6.12161 1.89461
6.10491 2.89748
6.08717 2.68104
6.01998 1.7648
5.82765 1.37086
5.78501 1.68887
5.78454 2.09759
5.74711 1.84093
5.70647 2.20468
5.69331 1.99193
5.66533 2.65828
5.65672 2.00802
5.30199 2.83723
5.13919 1.6921
5.13026 2.2588
4.97333 3.18342
4.85041 2.49009
4.68492 4.05624
4.56351 2.48728
4.5608 2.34921
4.49169 3.8218
4.45592 3.70545
4.40711 2.34035
4.3897 4.04265
4.3128 4.18607
4.20883 3.54892
4.19897 3.63713
4.18644 2.90434
4.08599 3.31014
4.05248 3.56949
3.70507 5.07112
3.64781 4.17496
3.43438 3.3261
3.28628 3.88338
3.27474 4.02551
3.00522 4.83661
2.93278 6.30619
2.85793 3.7926
2.79691 5.45217
2.73743 4.72959
2.73639 4.74223
2.61428 5.4764
2.4191 4.60374
2.40929 6.4453
2.40773 4.82425
2.34258 5.63772
2.28468 6.00813
2.20016 4.69565
2.15586 4.37245
2.11656 3.81354
2.07581 5.30272
2.04818 5.56173
1.90153 5.97269
1.85879 5.03516
1.78663 5.81139
1.75624 5.06335
1.71885 6.75862
1.71556 5.5905
1.66253 4.67614
1.61521 4.1385
1.59583 5.52232
1.50907 5.51782
1.49518 7.04951
1.41577 8.13399
1.3788 6.79954
1.37297 5.59918
1.12614 6.34117
1.12166 8.15206
0.954694 7.68397
0.950418 6.27359
0.934446 7.68644
0.93052 6.54889
0.907216 7.45361
0.869637 7.51264
0.832147 7.21603
0.797175 6.42969
0.778308 5.5709
0.725365 5.94974
0.719904 6.56307
0.718366 8.60204
0.703011 9.19464
0.657187 9.22092
0.641251 7.53025
0.617457 8.96244
0.579401 7.86066
0.53058 7.3864
0.481342 6.8005
0.479745 6.08696
0.471731 7.66826
0.374076 8.42745
0.327885 10.0887
0.324114 8.29132
0.303646 10.0247
0.285157 9.33302
0.284719 8.39769
0.277946 7.73429
0.265993 8.189
0.253411 9.58929
0.235756 9.70834
0.220186 6.45048
0.218163 6.50835
0.217585 7.50738
0.204502 7.86242
0.194283 7.29648
0.181074 6.7088
0.180743 7.09224
0.147158 7.56563
0.1441 8.70692
0.134916 7.06647
0.133421 7.84056
0.0882134 8.71782
0.0789322 10.8222
0.0670941 8.67515
0.0517641 8.39765
0.040142 10.4584
0.0299426 9.87414
0.0284528 11.027
0.0118412 10.7181
0.0112472 8.54842
0.00847278 9.28043
0.00685046 11.7771
0.00614422 11.7646
0.00409585 11.2561
1 0 0 0 0 
0 0.748913 0 0 0.251087 
0 0.467668 0 0 0.532332 
0 0 0 0.629437 0.370563 
0 1 0 0 0 
1 0 0 0 0 
0.73737 0 0.26263 0 0 
0 0 1 0 0 
1 0 0 0 0 
0 0 0 1 0 
1 0 0 0 0 
0 1 0 0 0 
0 1 0 0 0 
1 0 0 0 0 
0 0 0 0 1 
0 1 0 0 0 
0 0 0 0 1 
1 0 0 0 0 
0.605714 0 0 0 0.394286 
1 0 0 0 0 
1 0 0 0 0 
0 0 0 0 1 
0 0 0.289286 0 0.710714 
1 0 0 0 0 
0 0.45558 0 0 0.54442 
0 0 1 0 0 
0 0 0 0.650165 0.349835 
0 0 0.505708 0.494292 0 
1 0 0 0 0 
0 0 0 0 1 
0 1 0 0 0 
1 0 0 0 0 
0 0 1 0 0 
0 0.563228 0.436772 0 0 
1 0 0 0 0 
1 0 0 0 0 
1 0 0 0 0 
0 0.253539 0.746461 0 0 
0 1 0 0 0 
0 0 0 0 1 
0 1 0 0 0 
0 0 1 0 0 
0 1 0 0 0 
1 0 0 0 0 
1 0 0 0 0 
0 0 1 0 0 
0 1 0 0 0 
0 0 0 1 0 
0 0 0 0 1 
0 0 0 1 0 
1 0 0 0 0 
0 1 0 0 0 
0 0 0 1 0 
1 0 0 0 0 
0 0 1 0 0 
0 1 0 0 0 
0 0 1 0 0 
0 0 0 0 1 
1 0 0 0 0 
0 1 0 0 0 
0.580404 0.419596 0 0 0 
0 0 1 0 0 
0 0.624977 0.375023 0 0 
0 1 0 0 0 
0 0 1 0 0 
0 0 1 0 0 
0 0 0.28825 0.71175 0 
0 0 1 0 0 
0 0 0 1 0 
0 0 1 0 0 
0 0 0 1 0 
0 0 0 0 1 
0 0 0 1 0 
0 0 0 0 1 
0 0.740517 0 0.259483 0 
0 0 0 0 1 
1 0 0 0 0 
0.506057 0 0 0 0.493943 
0 0 0 1 0 
1 0 0 0 0 
0.539985 0.460015 0 0 0 
0 0 0 1 0 
0 0 1 0 0 
0 0.280926 0.719074 0 0 
0 0 0.367207 0 0.632793 
0 1 0 0 0 
0 0 1 0 0 
0 0 0 1 0 
1 0 0 0 0 
0 0 0.479421 0 0.520579 
0 0 0 1 0 
0 0 1 0 0 
1 0 0 0 0 
0 0 1 0 0 
0 0.530744 0 0 0.469256 
0 0 0 0 1 
0 0.665368 0.334632 0 0 
0.571649 0 0 0 0.428351 
0.654035 0 0 0 0.345965 
0 0 0 0 1 
0 0 0 0 1 
0 1 0 0 0 
0 0.483321 0.516679 0 0 
0 0.594355 0.405645 0 0 
0 0 1 0 0 
0 1 0 0 0 
1 0 0 0 0 
1 0 0 0 0 
0 0 1 0 0 
0 0 0 0 1 
1 0 0 0 0 
0 0 1 0 0 
0 0 1 0 0 
1 0 0 0 0 
0 0 0 0 1 
1 0 0 0 0 
0 0 1 0 0 
0 1 0 0 0 
0 0 1 0 0 
0 0 0 1 0 
0 1 0 0 0 
1 0 0 0 0 
0 0 0 0 1 
0 0 1 0 0 
0 0 0 0 1 
0 0 0 1 0 
1 0 0 0 0 
0 1 0 0 0 
0 0 0 0 1 
0 0 0 0 1 
0 0 0 1 0 
0 0 0 1 0 
0 0 0 1 0 
0 1 0 0 0 
0 0 0 0 1 
0 0 0 0 1 
0 0 0 0 1 
0 0 1 0 0 
0 0 1 0 0 
1 0 0 0 0 
0 0.489807 0 0.132409 0.377783 
1 0 0 0 0 
0 1 0 0 0 
1 0 0 0 0 
1 0 0 0 0 
1 0 0 0 0 
0 1 0 0 0 
0.497726 0 0.401031 0.101243 0 
0 0 0 0 1 
0 0 0 0 1 
