5 100
0.584376
0.378834
0.68083
0.266282
0.642697
11.7089 0.161507
11.6735 0.149886
11.2681 0.472669
9.76193 0.735995
9.69008 0.658001
9.62898 0.597631
8.79846 0.803785
8.3415 0.957308
8.25086 0.324907
8.02527 1.19736
8.00834 1.24195
7.83157 1.69618
7.40866 0.849892
7.33075 0.283271
7.22175 2.7176
7.17657 2.27931
7.06291 1.833
6.83346 1.98983
6.48415 3.35124
6.39268 1.18155
6.32712 2.72219
6.04143 1.68737
5.88263 1.38923
5.79053 3.07358
5.70899 1.31403
5.69196 1.6957
5.62785 3.21769
5.54931 3.59767
5.45397 2.14853
5.41411 2.38215
5.3929 2.38181
5.16822 1.83083
5.06084 3.86705
4.95112 2.1507
4.92984 2.44969
4.78491 2.83514
4.7822 2.72705
4.77849 3.56323
4.63204 2.83202
4.58665 3.41995
4.52783 2.18871
4.16462 3.86643
4.01655 3.52307
3.78882 3.68515
3.68091 5.36502
3.64739 3.75873
3.53114 4.34322
3.25088 5.20371
3.22352 4.79614
3.01845 4.14437
3.00849 3.6894
2.83764 4.02395
2.72228 4.12785
2.66058 5.01467
2.26614 5.70923
2.2558 4.33097
2.16869 5.03231
2.1107 5.06043
2.05256 6.42797
1.95685 6.45479
1.95672 5.10352
1.95099 4.97378
1.78759 6.91488
1.7637 6.98347
1.76032 6.14342
1.75936 6.49785
1.44525 4.65659
1.39192 5.41147
1.31903 5.03975
1.24691 7.70529
1.19925 6.10065
1.19889 7.0833
1.15932 5.21427
1.13745 6.44623
0.970018 7.63814
0.961871 7.78439
0.938541 5.56813
0.845612 7.24494
0.767564 6.81287
0.743382 5.64871
0.722032 8.00585
0.616555 8.27634
0.575503 8.39892
0.563484 5.91999
0.555595 7.87614
0.428579 9.11901
0.300161 6.77508
0.2407 8.78069
0.228405 7.47617
0.213303 9.11881
0.193849 9.26681
0.135728 6.83986
0.0834046 7.52492
0.0832326 10.2714
0.0641345 8.72725
0.0244824 7.25945
0.0152418 10.6323
0.0144531 11.3327
0.00164223 7.56681
0.00147265 10.9261
0 1 0 0 0 
0 1 0 0 0 
0 0 1 0 0 
1 0 0 0 0 
0 0 1 0 0 
0 1 0 0 0 
0 0 1 0 0 
0 0 0 0 1 
1 0 0 0 0 
1 0 0 0 0 
0 0 0 0 1 
0 0 0 0 1 
0 0 0 1 0 
0 0 0 1 0 
0 0 1 0 0 
0 0 1 0 0 
1 0 0 0 0 
0 0 0 0 1 
0 1 0 0 0 
0 0 0 1 0 
0 0 0 0 1 
0 0 1 0 0 
0 0 1 0 0 
0 0 0 0 1 
0 0 0 0 1 
0 0 0 0 1 
0 0 1 0 0 
0 0 0 1 0 
0 0 0 0 1 
1 0 0 0 0 
0 0 0 0 1 
0 1 0 0 0 
0 0 1 0 0 
0 0 0 1 0 
0 0 1 0 0 
0 0 0 1 0 
0 0 1 0 0 
1 0 0 0 0 
0 1 0 0 0 
0 1 0 0 0 
0 0 1 0 0 
0 0 0 0 1 
0 1 0 0 0 
0 0 1 0 0 
1 0 0 0 0 
0 1 0 0 0 
0 0 1 0 0 
0 1 0 0 0 
0 1 0 0 0 
0 1 0 0 0 
0 0 0 1 0 
0 0 0 0 1 
1 0 0 0 0 
0 0 1 0 0 
0 1 0 0 0 
1 0 0 0 0 
0 1 0 0 0 
0 0 0 0 1 
1 0 0 0 0 
1 0 0 0 0 
0 0 1 0 0 
1 0 0 0 0 
0 1 0 0 0 
0 0 0 1 0 
0 0 0 1 0 
0 0 1 0 0 
1 0 0 0 0 
0 0 0 1 0 
0 0 0 0 1 
0 0 0 1 0 
1 0 0 0 0 
1 0 0 0 0 
0 0 1 0 0 
0 0 1 0 0 
1 0 0 0 0 
0 0 1 0 0 
0 0 1 0 0 
0 0 1 0 0 
0 1 0 0 0 
0 0 0 0 1 
0 0 0 0 1 
1 0 0 0 0 
0 0 1 0 0 
0 0 1 0 0 
0 1 0 0 0 
0 1 0 0 0 
0 0 0 0 1 
0 0 1 0 0 
1 0 0 0 0 
0 0 0 1 0 
0 1 0 0 0 
0 0 1 0 0 
0 0 0 0 1 
0 0 1 0 0 
0 1 0 0 0 
0 1 0 0 0 
0 0 1 0 0 
1 0 0 0 0 
0 0 0 1 0 
1 0 0 0 0 
