5 150
0.435492
0.289689
0.737091
0.685987
0.252945
10.6209 0.283451
10.2124 0.482656
9.15218 0.544954
8.67922 0.522827
8.6098 0.892313
8.35433 0.542545
8.11014 0.970365
7.97028 1.45632
7.92935 1.29244
7.76358 2.08364
7.75849 0.741393
7.69532 1.74795
7.68186 1.76155
7.59337 0.823986
7.56042 2.07742
7.4255 1.80875
7.20228 0.890028
7.012 0.336843
6.89386 1.9819
6.86162 1.59672
6.84195 1.74904
6.7202 1.93602
6.43543 2.26269
6.40163 2.53448
6.26587 1.91883
6.12721 2.03527
6.02822 2.3809
5.94212 1.66538
5.84486 2.97081
5.80543 2.18862
5.74895 1.80573
5.63739 1.79608
5.44925 3.19592
5.43403 2.47729
5.34914 2.70921
5.31342 1.96651
5.2741 2.14262
5.04138 3.7789
4.83448 3.63998
4.81846 1.50957
4.73824 1.88441
4.61347 2.15988
4.51227 3.93241
4.4792 3.49213
4.46122 3.23012
4.45057 3.55535
4.3941 2.76053
4.31815 3.97344
4.31771 2.2142
4.27282 4.56678
4.16515 3.8521
4.0895 3.74348
4.03382 3.65185
3.71901 3.487
3.66473 5.60494
3.6576 4.05124
3.61045 3.78997
3.4903 3.72469
3.45158 3.50059
3.364 4.44001
3.31183 3.72982
3.30591 3.73378
3.23289 2.95101
3.22116 4.04552
3.10881 5.99244
2.80919 4.67273
2.73597 3.36111
2.6811 4.38115
2.68021 4.51364
2.57981 5.10995
2.5156 4.57643
2.43649 6.01026
2.41733 4.3606
2.3318 5.59333
2.24897 5.953
2.21771 4.83995
1.93497 4.48908
1.9184 7.11094
1.90703 6.31347
1.89824 5.23787
1.87968 7.31942
1.83812 4.74308
1.80876 4.80617
1.71502 4.92603
1.61367 5.44028
1.52893 6.33898
1.47767 4.56006
1.44849 7.09087
1.41871 5.10648
1.31312 7.4021
1.21808 4.67265
1.18657 5.52819
1.1858 6.89774
1.09887 6.55036
1.02399 8.39482
1.00205 7.82861
0.966074 5.82639
0.956299 4.89357
0.914124 7.4145
0.859245 6.00635
0.776763 7.63929
0.766125 7.47743
0.672023 8.09987
0.658937 7.70752
0.609501 9.05507
0.55964 6.05562
0.510786 6.38691
0.506918 8.56552
0.470269 9.07945
0.448288 6.95318
0.42523 8.39359
0.423628 6.31123
0.423007 7.98708
0.407071 8.28145
0.402067 6.26771
0.39991 9.14611
0.371899 7.00368
0.356494 7.21459
0.354875 8.11591
0.353978 6.07556
0.341124 6.66377
0.334406 6.56698
0.308798 8.43614
0.300211 9.52871
0.29507 7.09635
0.292442 7.80892
0.27449 9.4963
0.210892 9.72956
0.203148 8.10612
0.199917 8.94917
0.179317 7.3496
0.179125 8.02051
0.131756 9.35733
0.128736 9.58343
0.122944 11.0761
0.0999659 8.20439
0.0832502 9.55723
0.0722665 9.085
0.0663949 7.58908
0.0633467 11.5075
0.0625992 10.0289
0.0617499 7.24452
0.0609229 7.14411
0.0438118 7.82586
0.0434376 8.12097
0.0122861 12.0189
0.0090441 12.0375
0.00600121 11.9149
0.00585382 11.486
0.00333296 12.1538
0 0 0 1 0 
0 0 0 1 0 
0 0 0.164924 0 0.835076 
0 0 0 0 1 
0 0 0 1 0 
0 0.77259 0.22741 0 0 
0.718107 0 0 0 0.281893 
0 0 0 1 0 
0 0.604762 0 0 0.395238 
0 1 0 0 0 
0 1 0 0 0 
0 0.529349 0.470651 0 0 
0 0.687732 0.312268 0 0 
0 0 0 1 0 
0 1 0 0 0 
0 0 0 0 1 
0 0 0 1 0 
0 0 0 1 0 
0.144849 0 0.855151 0 0 
0 0 0 0 1 
0 0 0 0.289762 0.710238 
0 0.181859 0.500885 0 0.317256 
0.19262 0 0.581455 0.225925 0 
0.476623 0.523377 0 0 0 
0 0 0 0 1 
0 0 1 0 0 
0 0.682282 0 0 0.317718 
0 0 1 0 0 
0 1 0 0 0 
0 0 0.611848 0 0.388152 
0 0 0.730292 0.269708 0 
0 0 0 0 1 
0 0.513381 0 0.486619 0 
0 0 0 0 1 
0 0 0 0 1 
0.0848533 0 0 0.358141 0.557006 
0 1 0 0 0 
0.796222 0 0.203778 0 0 
0 0 0.301666 0 0.698334 
0 0.14903 0 0.85097 0 
0 0 1 0 0 
0 0 0 1 0 
0 0 1 0 0 
0 0.604604 0.395396 0 0 
0 0 0.150217 0.849783 0 
0 0 0 1 0 
0.593581 0 0 0 0.406419 
0.29346 0.122355 0 0.584185 0 
0 0 1 0 0 
0 0.574463 0.425537 0 0 
0 0.229379 0.414356 0.356264 0 
0 0 1 0 0 
0.232036 0 0 0 0.767964 
1 0 0 0 0 
0 0 0 1 0 
0 0 1 0 0 
0 0 1 0 0 
0.365111 0 0 0 0.634889 
0 0 0 1 0 
0 0 1 0 0 
0 0 0 0 1 
0.389278 0 0 0 0.610722 
0.446431 0.553569 0 0 0 
0 0 1 0 0 
0 1 0 0 0 
0 0 0 1 0 
0 0.389257 0.211398 0 0.399345 
0 0 1 0 0 
0 0 1 0 0 
1 0 0 0 0 
0.795366 0 0 0 0.204634 
0.732772 0 0 0.267228 0 
0 0 1 0 0 
0 1 0 0 0 
0 0 0 1 0 
1 0 0 0 0 
0 0 0 1 0 
0 1 0 0 0 
0 0 1 0 0 
0.459152 0.540848 0 0 0 
0.198652 0.186033 0 0 0.615316 
0 0 1 0 0 
0 1 0 0 0 
0 0 0 1 0 
0 0.398821 0 0.601179 0 
0 0 0 1 0 
1 0 0 0 0 
0 0.60158 0 0 0.39842 
1 0 0 0 0 
0 0.402547 0 0.190917 0.406536 
0 0.496315 0 0.503685 0 
0 1 0 0 0 
0.727453 0 0.272547 0 0 
0.267252 0 0.377771 0 0.354977 
0 0.319826 0.497947 0 0.182227 
0 0 1 0 0 
0 0.37123 0.62877 0 0 
1 0 0 0 0 
0 1 0 0 0 
0.41563 0 0.58437 0 0 
0 0 1 0 0 
1 0 0 0 0 
0 1 0 0 0 
0 0.26836 0.626388 0.105252 0 
0 1 0 0 0 
1 0 0 0 0 
0 0 0 0 1 
0 0 0.856369 0.143632 0 
0.491863 0.508137 0 0 0 
0 0 1 0 0 
1 0 0 0 0 
0 0 0 1 0 
0 0.20798 0 0.79202 0 
0 0 0.58117 0.41883 0 
0 0 0 1 0 
0 0 0 0.577721 0.422279 
0 0 0.477347 0.522653 0 
0 0 0 0 1 
0 0 0 0 1 
0 0 1 0 0 
0 0 0 0 1 
0.202747 0 0 0 0.797253 
0.206432 0.27403 0.437632 0 0.0819058 
0 1 0 0 0 
1 0 0 0 0 
0 0 0 0 1 
0.451427 0 0.548573 0 0 
0 1 0 0 0 
0 0 0 1 0 
0 0 0 0 1 
0 0.466273 0.297941 0.235786 0 
0 1 0 0 0 
0 0 0 0 1 
0 0 0.465087 0 0.534913 
0 0 0.416414 0 0.583586 
0 0 1 0 0 
0 0 1 0 0 
0.797648 0 0 0 0.202352 
0 0 0 1 0 
1 0 0 0 0 
0 0 0 0 1 
0 0 1 0 0 
0.172663 0 0.290496 0 0.53684 
1 0 0 0 0 
0 0.334633 0 0.665367 0 
0 0.364643 0.635357 0 0 
0 1 0 0 0 
0 0 1 0 0 
1 0 0 0 0 
0 1 0 0 0 
