5 100
0.398946
0.500023
0.561365
0.575434
0.313662
10.3103 0.545963
10.0464 0.74327
9.67107 0.30976
9.12607 0.585417
9.07594 0.956949
8.75996 1.09926
8.64329 1.31548
8.60538 0.971693
8.4554 0.313341
8.13635 1.19595
7.8932 0.386194
7.87733 0.246473
7.71303 0.699858
7.63253 0.290914
7.34584 1.32757
7.08833 0.43917
7.07277 1.99887
6.82601 1.02107
6.74372 2.35034
6.73377 3.0101
6.54629 0.532431
6.46241 2.92592
6.1901 2.40581
6.11922 1.76084
5.89721 1.82808
5.88837 2.48977
5.83383 3.20317
5.55944 2.67113
5.20491 3.80459
5.11429 3.09736
4.94218 2.58031
4.87403 2.14909
4.857 2.02961
4.8166 2.23065
4.77797 3.0293
4.49898 2.78434
4.24214 2.59443
4.14772 3.19534
4.12139 4.56537
4.00076 3.6507
3.8363 3.60252
3.72514 5.16554
3.67033 4.06362
3.37462 4.07215
3.33939 4.08636
3.166 4.73911
3.07241 4.51464
2.99547 4.90114
2.6459 5.46574
2.54922 5.02856
2.25208 4.24577
2.20875 5.62253
2.19222 5.77277
2.18526 5.48747
2.16709 5.65957
2.12741 4.82459
2.04784 4.9547
1.80833 4.66125
1.80646 5.79994
1.79642 7.18801
1.76708 5.69793
1.74112 4.89236
1.73733 4.58566
1.66521 6.61367
1.52692 5.7961
1.4449 6.9539
1.42697 5.20763
1.3692 7.37259
1.23726 4.99198
1.22494 5.39609
1.21208 6.54995
1.18197 6.05495
1.14694 7.65745
1.07419 7.79115
1.0624 5.94122
1.02646 7.09714
1.0146 7.1345
0.947001 7.89121
0.879962 6.09135
0.878344 7.15595
0.858045 6.10233
0.848302 5.16927
0.668996 7.36996
0.646702 6.72831
0.642834 8.13355
0.624281 9.02246
0.613654 6.37007
0.586072 7.28105
0.559855 8.36386
0.546832 8.73763
0.459754 7.29945
0.381111 7.59011
0.322182 9.47807
0.305829 10.0816
0.202453 10.3735
0.0608448 7.22359
0.0446946 10.0736
0.0111798 8.80138
0.00311819 11.5536
0.00169617 12.1584
0 0.500513 0 0.499487 0 
0.300776 0 0.210823 0.404904 0.0834963 
0.0847139 0.195628 0.152951 0.100381 0.466326 
0 0 0.156222 0.309255 0.534522 
0 0.311153 0 0.17899 0.509858 
0 0 0.290148 0.709852 0 
0.0579598 0.188865 0.236166 0.315755 0.201254 
0.366927 0.365128 0 0.267944 0 
0.370046 0 0.415723 0.214231 0 
0 0 0.447013 0.460294 0.0926924 
1 0 0 0 0 
0.455033 0 0 0 0.544967 
0 0.860787 0 0.139213 0 
0 0.532645 0 0 0.467355 
0.327432 0.14647 0 0 0.526098 
0.631149 0 0 0 0.368851 
0 0.367934 0 0.481435 0.150631 
0 0 0.334939 0.270509 0.394552 
0.459223 0 0 0.144404 0.396374 
0.278888 0 0.339794 0 0.381317 
0.378919 0.0561131 0.258147 0 0.306821 
0.529636 0 0.470364 0 0 
0.220682 0.287471 0.282129 0.209718 0 
0.319665 0 0.24692 0.433415 0 
0.541496 0 0.0798576 0.378647 0 
0 0.646563 0 0 0.353437 
0.207305 0.233954 0 0.402346 0.156395 
0 0 0.326592 0 0.673408 
0.3256 0 0 0.548487 0.125913 
0 0.296931 0.212506 0.163523 0.32704 
0 0.293182 0.41586 0.290958 0 
0 0 0 0 1 
0 0.291472 0.10024 0.273239 0.335049 
0 0 0.406578 0.438376 0.155045 
0 0.437407 0.13201 0.308439 0.122144 
0.323683 0.24233 0 0.207159 0.226828 
0 0.20479 0 0.587344 0.207866 
0 0.196408 0 0.803592 0 
0 0 0 0 1 
0.335549 0.244664 0.217053 0.202734 0 
0.460276 0.112327 0 0 0.427397 
0 0 0.498922 0 0.501078 
0.0689118 0.328956 0 0.370388 0.231744 
0 0.227532 0.195646 0.351378 0.225444 
0.535263 0.229773 0 0 0.234964 
0 0.440423 0.44582 0 0.113756 
0 0.534285 0 0 0.465715 
0.304097 0 0.363705 0 0.332198 
0 0.307195 0 0.263805 0.429 
0.172332 0 0.229124 0.598545 0 
0.308153 0.338815 0.209618 0.143414 0 
0 0 0.903722 0.0962776 0 
0.220934 0.216363 0.0792786 0.178076 0.305349 
0.412992 0 0.0910229 0.495985 0 
0 0 0 0.873272 0.126728 
0 0.510035 0 0.218441 0.271524 
0 0 0.183646 0.49659 0.319765 
0.336432 0.234357 0.216451 0 0.21276 
0 0 0 0.713196 0.286804 
0.410678 0 0.287865 0.301457 0 
0.16537 0.83463 0 0 0 
0.252885 0.132781 0 0.614334 0 
0.46212 0 0 0 0.53788 
0.461291 0.171541 0.367168 0 0 
0.31993 0 0 0.189691 0.490379 
0.402646 0.178302 0 0.419052 0 
0.287232 0.304765 0.334175 0.0738271 0 
0.632955 0.164169 0.202876 0 0 
0.14915 0.37119 0 0.120509 0.359151 
0.224425 0.326177 0.0637752 0.385622 0 
0 0 0.731922 0 0.268078 
0 0.193561 0 0 0.806439 
0.411934 0 0.1453 0 0.442766 
0 0 0.336182 0.322925 0.340893 
0.231271 0 0.274525 0.344385 0.149819 
0.370661 0 0.414195 0 0.215145 
0.0938766 0 0.308621 0.597502 0 
0 0 0.423285 0.576715 0 
0.230753 0 0.107902 0.661346 0 
0 0 0 1 0 
0 0 1 0 0 
0.299022 0 0 0.700978 0 
0.434064 0 0.21086 0.355076 0 
0.386558 0.104276 0 0.126815 0.382351 
0.360943 0 0.264511 0.374546 0 
0.412217 0 0.306353 0 0.281431 
0.337707 0.080415 0.581878 0 0 
0.586408 0.325866 0 0 0.0877258 
0.280047 0.0939539 0.23918 0.261637 0.125181 
0.354354 0 0 0 0.645646 
0 0.329454 0 0.294109 0.376437 
0 0.253632 0 0 0.746368 
0.108589 0.077329 0.293294 0 0.520788 
0 0.193316 0 0.378876 0.427808 
0.20042 0.122825 0.283384 0.393371 0 
0.2391 0.388677 0.307376 0.0648473 0 
0.447966 0.330649 0.130518 0.090867 0 
0.239246 0 0.468774 0 0.29198 
0.295713 0.170761 0.124722 0.134581 0.274223 
0.399593 0 0.220897 0.306959 0.0725516 
