5 50
0.500969
0.254303
0.337451
0.720321
0.439291
9.22344 0.967724
8.37192 1.89894
8.2426 0.80821
7.94664 0.98966
7.62836 1.97067
7.42639 0.861644
7.41435 0.1604
7.25759 0.846207
7.01849 2.62149
6.78298 1.29596
5.08002 3.85642
5.07921 1.96232
4.85969 2.49877
4.73589 1.77438
4.2801 4.95953
3.96362 2.83237
3.6949 4.84215
3.61378 2.96667
3.40553 2.94277
3.0523 4.47218
3.02988 4.27074
2.73798 3.83034
2.07604 6.37273
2.0568 4.95855
2.05169 5.72409
1.8684 5.50366
1.78432 5.66471
1.74478 6.54442
1.45012 5.98686
1.17975 6.4073
1.08783 6.04658
1.05658 5.17805
1.04985 6.82368
0.829718 6.62723
0.745741 7.17732
0.603878 5.84428
0.598576 6.92596
0.477296 7.68422
0.353348 8.93617
0.346388 10.1564
0.345626 9.36264
0.286852 7.77214
0.212881 10.588
0.174251 10.5627
0.129359 8.03921
0.126364 8.6093
0.107707 10.2498
0.0286398 11.1965
0.00451871 12.1831
0.00274006 11.8657
0 1 0 0 0 
0 0 0 0 1 
1 0 0 0 0 
0 1 0 0 0 
0 0 0 0 1 
0 0 0 0 1 
0 0 0 0 1 
0 1 0 0 0 
0 0 0 0 1 
0 0 0 0 1 
0 1 0 0 0 
0 0 0 0 1 
0 0 1 0 0 
0 0 0 0 1 
0 1 0 0 0 
0 1 0 0 0 
0 1 0 0 0 
0 0 0 0 1 
0 0 0 0 1 
0 0 1 0 0 
1 0 0 0 0 
0 0 0 1 0 
1 0 0 0 0 
0 0 1 0 0 
0 0 1 0 0 
0 1 0 0 0 
1 0 0 0 0 
0 0 1 0 0 
0 0 0 0 1 
1 0 0 0 0 
0 0 0 1 0 
0 0 0 1 0 
1 0 0 0 0 
0 0 0 1 0 
0 1 0 0 0 
0 1 0 0 0 
0 0 0 1 0 
0 1 0 0 0 
0 0 0 1 0 
0 0 1 0 0 
0 0 1 0 0 
0 0 0 0 1 
1 0 0 0 0 
0 0 1 0 0 
0 0 0 0 1 
1 0 0 0 0 
0 0 1 0 0 
0 0 0 0 1 
0 0 0 1 0 
0 0 1 0 0 
