5 50
0.695189
0.262574
0.480598
0.715056
0.648679
10.9141 0.111548
9.84715 1.32776
9.11427 1.26467
9.02671 0.794159
8.34839 0.46876
7.52521 1.45057
7.41316 0.255675
7.29581 1.61716
6.93549 2.61391
6.36451 2.01619
6.33888 1.88261
6.20407 1.27543
6.19688 2.15311
5.95501 1.45734
5.59305 2.44787
5.54658 1.95475
5.33291 2.69623
4.89265 1.7253
4.84033 1.91359
4.74101 1.95655
4.73832 2.62635
4.56703 2.71424
4.50861 3.45594
3.4722 4.3214
2.96765 4.85042
2.94448 4.79846
2.85782 4.50597
2.83334 4.70706
2.74872 4.04775
2.72045 3.51327
2.42545 5.47028
2.12441 5.71827
1.66991 7.43407
1.44623 4.85956
1.10368 6.5238
0.945233 6.34848
0.93704 7.17233
0.754859 6.2773
0.483992 5.71665
0.430633 7.84548
0.275026 7.30157
0.256222 7.50767
0.197368 7.56453
0.136677 8.96664
0.0946469 8.44599
0.092913 11.1182
0.0381893 9.93113
0.0371539 9.39196
0.00889543 11.5759
0.00816354 8.8535
0 0.508106 0.329954 0.161939 0 
0.326504 0.673496 0 0 0 
0 0.66374 0 0.33626 0 
1 0 0 0 0 
0.0637102 0.144823 0.107321 0.484717 0.199428 
0.438493 0 0 0.238491 0.323015 
0 0.706238 0 0.293762 0 
0.465219 0.293059 0 0.241722 0 
0.237474 0 0.46147 0 0.301057 
0.24943 0.0644061 0.329883 0.356281 0 
0 0 0.42417 0.342169 0.233661 
0 0 0.399987 0.280539 0.319474 
0.426841 0.298738 0.274421 0 0 
0.323072 0.285237 0.391691 0 0 
0.219231 0.137197 0 0.0884975 0.555074 
0 0.348716 0.162086 0.277835 0.211363 
0.359091 0.298915 0 0.150768 0.191225 
0.410413 0.589587 0 0 0 
0.30194 0.293095 0.169632 0 0.235333 
0.601849 0 0.398151 0 0 
0.235659 0.0679093 0.333392 0.0914865 0.271553 
0.449576 0.0536491 0.151576 0.345199 0 
0.0958542 0.346004 0 0.262681 0.295461 
0.267213 0.446803 0.285984 0 0 
0.464867 0 0.156358 0.234272 0.144503 
0 0.634568 0 0.365432 0 
0 0.266173 0 0.28016 0.453667 
0 0.213513 0 0 0.786487 
0.255219 0.279022 0.252292 0 0.213467 
0.25209 0.123129 0.442 0.133715 0.0490657 
0.213765 0.223649 0 0.458025 0.10456 
0.283878 0.298245 0.27543 0.142448 0 
0 0 0.284463 0.320881 0.394656 
0 0 1 0 0 
0.423292 0 0.417247 0.159461 0 
0 0 0.502234 0 0.497766 
0.472917 0 0.269959 0.257123 0 
0.41682 0 0 0.58318 0 
0.589813 0.296572 0 0.113615 0 
0 0 0 0 1 
0.562483 0.0886312 0.348886 0 0 
0.206572 0 0 0.294291 0.499137 
0 0.498834 0 0 0.501166 
0.183985 0.358082 0 0.34959 0.108343 
0.540234 0 0 0.459766 0 
1 0 0 0 0 
0 0.280221 0.382556 0.337222 0 
0.285263 0.439296 0.27544 0 0 
0.240901 0 0.1952 0.563899 0 
0 0.347361 0.0691534 0.349887 0.233599 
