5 150
0.625393
0.578135
0.485405
0.536172
0.608943
10.7945 0.512577
10.7642 0.399901
10.6127 0.656636
9.50242 0.733004
9.33959 1.01012
9.11179 0.559465
8.98859 0.35557
8.97447 1.45587
8.73005 0.141493
8.25485 0.33487
8.19263 1.27044
7.87675 0.648418
7.78046 1.84057
7.62827 0.590916
7.58901 0.364997
7.26889 1.27095
7.24816 0.681333
7.1938 0.306492
7.07803 1.59556
6.99348 0.97948
6.97356 2.16057
6.90882 1.97629
6.85253 1.59552
6.80888 1.87251
6.46399 2.4483
6.28655 1.97944
6.25642 1.44136
6.14175 2.51377
5.87741 2.37154
5.72728 1.11011
5.64978 3.51939
5.47677 2.50738
5.45855 2.13512
5.45172 3.28827
5.32874 2.77294
5.04562 2.59373
4.96944 2.65382
4.90685 2.37524
4.8139 3.6298
4.70865 4.12662
4.6994 2.74948
4.66673 3.11212
4.57108 2.69144
4.54202 4.21506
4.3211 4.18647
4.31927 3.88222
4.09202 3.7465
3.93153 3.00935
3.76856 3.21667
3.74336 3.89115
3.72655 4.19291
3.71379 2.46253
3.53399 4.45148
3.50242 3.97397
3.45831 4.21439
3.38492 3.24846
3.36249 4.09565
3.24334 4.26943
3.23842 4.43803
3.10397 4.02363
3.04662 5.25163
3.04049 4.69885
2.83374 5.52394
2.83067 6.13686
2.78687 4.71548
2.77588 3.36705
2.76527 3.55485
2.75122 4.85616
2.7502 6.06174
2.73734 5.35925
2.70921 4.88521
2.69784 3.89471
2.62806 4.3803
2.61177 3.82436
2.53179 4.56383
2.49077 4.09453
2.48369 4.69477
2.45347 4.21446
2.33522 4.47953
2.27103 4.68932
2.09734 4.24508
1.97943 6.70495
1.83922 4.89351
1.83027 4.35933
1.82575 4.69543
1.76841 6.12127
1.74522 7.23892
1.73485 6.33618
1.71694 5.3949
1.68835 6.50379
1.57663 5.54679
1.54015 4.70489
1.53435 5.07038
1.49138 7.86181
1.3359 6.70193
1.22856 5.07856
1.21431 5.86813
1.18209 5.22919
1.09365 8.3063
0.954582 7.23025
0.904195 7.33021
0.893024 6.01834
0.889787 6.91732
0.873657 7.11485
0.844146 8.63422
0.83463 6.37283
0.800651 7.69602
0.764218 6.70657
0.750287 7.02097
0.746578 8.08727
0.713047 7.74108
0.68734 5.83472
0.666972 7.46111
0.609946 8.47995
0.602405 8.43331
0.584635 9.49355
0.546285 9.3392
0.492211 9.75143
0.485723 5.97082
0.482814 9.06521
0.399089 8.11498
0.398115 8.18579
0.397178 6.45049
0.39209 8.84659
0.391253 9.6713
0.372354 6.93135
0.333545 6.83425
0.326343 7.66291
0.29839 9.31226
0.279704 10.2307
0.278386 9.15064
0.277201 8.36252
0.272336 9.41008
0.224324 6.65824
0.206371 7.12995
0.17213 6.50793
0.144879 9.99839
0.118738 8.41338
0.113107 9.93948
0.094839 9.04138
0.0937591 6.99827
0.0876573 8.63153
0.0828102 9.64212
0.0533989 10.736
0.0524742 7.23186
0.0491926 10.6484
0.0258071 8.73954
0.0185863 9.4667
0.00433765 10.3107
0.00219102 9.83684
0.351018 0 0 0.648982 0 
0 0.0874406 0.377891 0.22292 0.311748 
0.181417 0.254402 0 0.311146 0.253035 
0 0 0.485392 0 0.514608 
0 0.462671 0.0908324 0 0.446496 
0.720323 0.279677 0 0 0 
0.36395 0 0 0.281005 0.355046 
0.264869 0.342941 0.39219 0 0 
0.147152 0 0.852848 0 0 
0.305933 0 0.694067 0 0 
0 0.265385 0 0.387968 0.346648 
0.823301 0 0.176699 0 0 
0.124305 0.184902 0.247753 0.140593 0.302447 
0.294441 0 0.290409 0.41515 0 
0.347623 0.281992 0.370385 0 0 
0 0.570107 0 0.429893 0 
0.0694834 0.481837 0.351985 0 0.0966947 
0.676626 0.148091 0.175283 0 0 
0.321051 0.0455548 0 0.310148 0.323246 
0.230389 0 0.193495 0 0.576117 
0 0.310871 0.189105 0 0.500025 
0.248485 0.254432 0 0.345535 0.151548 
0.316551 0 0.374801 0 0.308648 
0.163132 0.120083 0 0 0.716786 
0 0 0 0 1 
0.0504029 0.228785 0.18614 0.36073 0.173942 
0 0 0 0 1 
0.43825 0 0 0.56175 0 
0 0 0 0.398678 0.601322 
0.373114 0.626886 0 0 0 
0 0 0 0.810792 0.189208 
0 0.370861 0.451743 0.177395 0 
0 0.352499 0 0.647501 0 
0.411602 0.164074 0.424324 0 0 
0 0.261665 0.376263 0 0.362072 
0 0.348499 0.651501 0 0 
0 0.302011 0.334584 0 0.363405 
0 0.599448 0 0 0.400552 
0.45065 0 0 0.144746 0.404604 
0.393109 0.395504 0 0.211388 0 
0.417817 0.266918 0.082655 0 0.23261 
0.239225 0.221315 0 0.117064 0.422396 
0 0.210633 0 0.3931 0.396267 
0.583023 0 0.219961 0 0.197016 
0 0.285005 0.26204 0.452956 0 
0.461377 0.400968 0.137656 0 0 
0.778003 0.221997 0 0 0 
0.484212 0.250102 0.265686 0 0 
0 0.415976 0.482417 0 0.101607 
0.0879226 0.107535 0.435284 0.369258 0 
0 0.403128 0.388632 0 0.20824 
0.349135 0 0 0 0.650865 
0.0706837 0.196665 0.212457 0.260251 0.259943 
0 0 0.107042 0.392926 0.500032 
0 0 0 0.526395 0.473605 
0.0935243 0.08416 0.291211 0.23226 0.298846 
0 0 0.376364 0.623636 0 
0 0 0.339765 0.543414 0.116822 
0.273346 0.254375 0.0811402 0.0928927 0.298246 
0.611452 0.0979161 0 0 0.290632 
0 0.205095 0.332194 0.298328 0.164383 
0.627278 0 0 0 0.372722 
0.134429 0.353651 0 0.177481 0.334439 
0.35377 0.175861 0 0 0.47037 
0.421172 0 0.333101 0.245727 0 
0.404596 0.433808 0 0.161596 0 
0.535381 0 0.167395 0 0.297224 
0.216918 0.293396 0 0.281476 0.20821 
1 0 0 0 0 
1 0 0 0 0 
0.141005 0.374949 0.484045 0 0 
0.339133 0 0 0.660867 0 
0.166075 0.0856107 0.160359 0.21137 0.376585 
0.379003 0.0856726 0.147195 0 0.388129 
0 0.626301 0 0.373699 0 
0.35922 0.484509 0 0.0841861 0.0720848 
0.501755 0 0.206378 0.291867 0 
0.377533 0.228927 0 0.39354 0 
0 0.212315 0.110553 0.239081 0.438051 
0 0.188654 0 0.349849 0.461496 
0 0 0 0.453082 0.546918 
0 0 0 0 1 
0.116638 0.264719 0.234574 0.38407 0 
0.264131 0.231947 0.165162 0.142275 0.196485 
0.339996 0.259444 0 0 0.40056 
0.245171 0 0.372405 0 0.382424 
0.807927 0.192073 0 0 0 
0 0.238346 0.474183 0.287471 0 
0 0.154757 0.304947 0.249878 0.290417 
0.132165 0.108116 0.0778756 0.359148 0.322696 
0 0.396801 0.0482938 0.301537 0.253367 
0 0.202296 0.336365 0.370164 0.0911754 
1 0 0 0 0 
0.304434 0 0.104539 0 0.591027 
0.399765 0.33651 0 0.0766955 0.18703 
0.230703 0.101013 0 0.668283 0 
0.535865 0.464134 0 0 0 
0.52098 0 0 0.310275 0.168745 
0.503737 0 0.0783268 0 0.417936 
0.35495 0.0554264 0.394298 0.195326 0 
0.342979 0 0.197524 0.247118 0.212379 
0.215007 0.172977 0 0.318248 0.293768 
0.380597 0.494357 0 0.125046 0 
0 0.249466 0 0.384519 0.366015 
0 0.519092 0.480908 0 0 
0 0 0.838925 0 0.161075 
0 0 0.305789 0 0.694211 
0 0.29511 0.51388 0 0.19101 
0 0 0.514608 0.485392 0 
0.285778 0.137629 0.267683 0 0.308909 
0 0 0.554803 0.129282 0.315916 
0 0.0956507 0 0.788995 0.115354 
0 0.437657 0.178559 0.383784 0 
0.408615 0 0 0.309065 0.28232 
0.55649 0.160859 0 0.282651 0 
0.415901 0 0 0.10323 0.480869 
0.55153 0.188922 0.259548 0 0 
0 0.406266 0 0.168467 0.425268 
0.0997456 0.260692 0.332456 0.307106 0 
0 0 0.484073 0.180877 0.335049 
0 0.20953 0.355382 0.334019 0.101069 
0 0.363863 0.294103 0 0.342034 
0 0.162306 0.5697 0 0.267994 
0 0 0 0 1 
0.290338 0.120042 0.144447 0.356269 0.088903 
0 0 0.38606 0 0.61394 
0.0800558 0 0.381291 0 0.538654 
0.178779 0.102123 0.218327 0.50077 0 
0.227089 0.589751 0 0 0.18316 
0.0812557 0 0.0963663 0.144833 0.677545 
0.147583 0.265842 0.586575 0 0 
0 0 0.304514 0.566346 0.12914 
0.103683 0.332462 0 0.371649 0.192206 
0.4764 0 0 0.5236 0 
0.330807 0 0.341828 0 0.327365 
0 0.0982647 0.266932 0.634804 0 
0.23794 0 0 0 0.76206 
0.0660358 0 0 0.576619 0.357346 
0 0.218599 0.447595 0 0.333806 
0.378031 0.621969 0 0 0 
0.0858708 0.540127 0 0 0.374002 
0.317041 0.333217 0.127654 0.222087 0 
0 0 0.371408 0.406825 0.221768 
0.139223 0.166548 0.3489 0.345329 0 
0.514418 0.485582 0 0 0 
0.368887 0.631113 0 0 0 
0.453891 0 0.108907 0 0.437202 
0.0972704 0 0.594078 0.308652 0 
0.579898 0.420102 0 0 0 
0.227558 0.0843898 0.572476 0 0.115577 
