5 150
0.552499
0.693907
0.653394
0.366749
0.472419
11.1751 0.127194
10.7403 0.619608
10.4264 1.05161
10.1981 0.845697
9.98845 0.124396
9.85734 1.09097
9.81711 0.240312
9.73452 0.210066
9.61822 0.564968
9.44062 0.248379
9.34218 0.298907
9.24176 0.641558
8.812 0.980044
8.3071 0.708202
8.23411 1.59171
8.05378 0.321663
7.98017 1.35794
7.90917 1.72029
7.90018 0.737566
7.77729 1.75666
7.74809 1.02147
7.68357 1.84661
7.65537 0.96955
7.58393 0.345521
7.46386 0.546708
7.36571 0.911132
7.17884 1.48022
6.51802 2.60627
6.44451 1.85761
6.36239 3.08179
6.32988 1.02688
6.31923 1.20312
6.12706 2.06811
6.04864 1.64826
6.02463 2.94943
6.02273 1.80478
5.83588 2.60368
5.72299 1.64742
5.45583 1.68321
5.22678 2.52094
4.99162 4.20515
4.86586 3.51255
4.83606 3.19824
4.82556 3.2258
4.7997 3.13498
4.7771 2.80655
4.7437 2.31573
4.6782 4.26218
4.53335 3.23708
4.39438 2.94563
4.17972 2.74439
4.08026 3.41525
4.06595 2.72969
4.02462 5.08565
3.96692 4.96698
3.95057 2.67711
3.79373 3.49411
3.75236 3.03076
3.66962 3.40932
3.5174 2.9797
3.49942 3.97438
3.41804 3.84
3.41577 4.73516
3.4145 4.41576
3.39842 5.47557
3.36627 3.79448
3.15334 3.70628
3.10012 4.4992
3.07879 3.87454
3.0557 5.24004
2.92461 3.07939
2.82625 4.77463
2.72739 4.82782
2.68374 4.5935
2.65649 5.53258
2.44348 6.05001
2.17839 4.87807
2.13648 4.94973
2.08609 6.65224
2.03682 4.67169
2.01062 5.01821
1.91955 4.17268
1.89741 6.9269
1.87243 5.17734
1.73845 5.91432
1.63486 7.40472
1.632 6.71583
1.59613 7.29909
1.5268 7.44645
1.48758 6.62496
1.45374 5.67083
1.39191 5.39813
1.32666 6.75238
1.2459 7.04233
1.23755 7.68424
1.21429 7.04316
1.19765 8.47103
1.18236 7.1138
1.09165 5.5513
1.08622 7.03545
1.07851 6.77981
1.07758 7.77788
1.06865 5.86109
1.02967 6.10025
0.950818 5.68815
0.921143 8.59751
0.832444 5.63935
0.795389 5.99499
0.725305 7.53358
0.697459 8.6462
0.696216 7.44504
0.673445 8.03208
0.587444 6.91984
0.573186 6.24948
0.570973 7.87943
0.548341 9.59481
0.532963 8.89598
0.49694 6.95565
0.48388 9.42561
0.468561 9.3979
0.329781 7.42383
0.325506 8.06322
0.304955 9.61464
0.303214 8.74623
0.29776 8.79292
0.286882 7.38104
0.279383 8.207
0.268801 6.89537
0.253956 6.44586
0.243766 8.64445
0.219882 7.98139
0.197106 7.31061
0.180582 10.4247
0.145061 9.02285
0.124048 8.51818
0.114327 8.49734
0.0922232 7.90311
0.0917234 7.97463
0.0910531 11.1393
0.0906428 8.92664
0.076121 9.25789
0.0700678 10.8802
0.0462065 10.0622
0.0295562 11.4563
0.0266193 7.66932
0.0213568 7.85315
0.0153086 9.19602
0.00828151 11.7029
0.00547532 9.93446
0.00490442 7.89681
0 0.586388 0.413612 0 0 
0 0.321684 0 0 0.678316 
0 1 0 0 0 
0 1 0 0 0 
0 0 0.63927 0.36073 0 
0 0 1 0 0 
0 0 0.510354 0.489646 0 
0.256627 0 0 0.517252 0.226121 
0 1 0 0 0 
0.803312 0.196688 0 0 0 
0 0 0 1 0 
0 0 1 0 0 
0.309206 0.690794 0 0 0 
0 0 0 0 1 
0 0 0 0.287224 0.712776 
0.542409 0.329428 0 0.128164 0 
0 0 1 0 0 
0 0.144357 0.855643 0 0 
0 0 0.470534 0.529466 0 
0.160884 0.839116 0 0 0 
0.180334 0 0.187337 0 0.632329 
0 0 1 0 0 
0 0 1 0 0 
0.506008 0 0 0 0.493992 
0 0 0 0.853211 0.146789 
0 0 0 0.438637 0.561363 
1 0 0 0 0 
0 0 0 1 0 
0 0 1 0 0 
0 0 1 0 0 
0 0 1 0 0 
0.676843 0 0 0 0.323157 
0 0 0 1 0 
0 0 0 1 0 
0 0.753845 0.246155 0 0 
0 0 1 0 0 
1 0 0 0 0 
0 0 1 0 0 
0 0 0 1 0 
0 0 1 0 0 
0 0 1 0 0 
0.570369 0 0 0 0.429631 
0 0 0.16685 0.488387 0.344763 
0 0.33524 0.66476 0 0 
0 0 0 0 1 
1 0 0 0 0 
0.672492 0 0.327508 0 0 
0 0 0 1 0 
0.209181 0 0.790819 0 0 
0 0 0.235773 0 0.764227 
0 0 1 0 0 
0.538048 0.461952 0 0 0 
0 0 0 0 1 
0 0 1 0 0 
0 0 1 0 0 
0 1 0 0 0 
1 0 0 0 0 
0 0 0 1 0 
0 0.167048 0.437165 0 0.395787 
0 0 0 1 0 
1 0 0 0 0 
0 0 0 1 0 
0 1 0 0 0 
0.714442 0 0 0 0.285558 
0 0.405766 0.594234 0 0 
0 0 1 0 0 
0 0 1 0 0 
0 1 0 0 0 
0 1 0 0 0 
0 0 0 0 1 
1 0 0 0 0 
0 0.484008 0 0 0.515992 
0 1 0 0 0 
0 0 0 1 0 
0.56515 0 0 0 0.43485 
0.407869 0 0.127909 0 0.464222 
0.159132 0.370291 0 0 0.470577 
0 0 0 1 0 
0.604926 0 0 0.395074 0 
0.241023 0 0 0 0.758977 
0 1 0 0 0 
1 0 0 0 0 
0 0 1 0 0 
0 0 0.508385 0 0.491615 
1 0 0 0 0 
0 0 1 0 0 
0 0 0 0 1 
0 0.586766 0 0 0.413234 
0 1 0 0 0 
0 0.428616 0 0 0.571384 
0 1 0 0 0 
1 0 0 0 0 
0 0 1 0 0 
0 1 0 0 0 
0 0 1 0 0 
0.263538 0 0.307327 0 0.429135 
0 0 0 1 0 
0.228626 0 0.483524 0.28785 0 
0 0 0 1 0 
0.653729 0 0 0 0.346271 
0.447237 0 0.552763 0 0 
0.336523 0 0 0 0.663477 
1 0 0 0 0 
0.270954 0 0.288762 0 0.440284 
0 1 0 0 0 
0 0.545168 0 0.454832 0 
1 0 0 0 0 
0 0 1 0 0 
0.570187 0 0 0.429813 0 
0 0 0.733762 0 0.266238 
0.323082 0 0 0 0.676918 
0.336367 0.663633 0 0 0 
0 0 0.498036 0.501964 0 
0 0 0 0 1 
0 1 0 0 0 
1 0 0 0 0 
0.293804 0.243381 0 0.462815 0 
0 0 0 0 1 
0 0.56448 0.43552 0 0 
0 0 1 0 0 
0.640593 0 0.359407 0 0 
0 0 0 1 0 
0 0 1 0 0 
0 1 0 0 0 
0.645153 0 0 0.354847 0 
1 0 0 0 0 
0.416023 0 0.583977 0 0 
0 1 0 0 0 
0.311027 0 0 0 0.688973 
0 0 0 1 0 
0 0 0 1 0 
0 1 0 0 0 
0.328007 0.671993 0 0 0 
0 0 0 1 0 
0.439082 0 0 0.560918 0 
0 0 0 0 1 
0 0 0.240737 0.759263 0 
0 0 0.199979 0.800021 0 
0 0 0 1 0 
0 0 0 0.671658 0.328342 
0 0 0 1 0 
0 0 0 1 0 
0.800178 0 0 0 0.199822 
0 1 0 0 0 
0 0 1 0 0 
0 0 0 1 0 
0 0 0 0 1 
0 0.665294 0 0.334706 0 
0.899653 0 0 0.100347 0 
0 0 0 0.523318 0.476682 
