5 100
0.299531
0.573375
0.450195
0.337164
0.66179
12.0944 0.117676
10.8664 0.273799
10.8142 0.746271
10.7492 0.421644
9.54657 0.246342
9.37581 0.656554
8.92009 0.17994
8.75376 0.165294
8.32253 1.06126
8.17943 0.660697
8.12169 0.266972
7.84506 1.2075
7.66973 0.835055
7.2181 0.855657
6.91177 1.16771
6.74463 0.744884
6.70928 2.27309
6.69163 2.07012
6.30513 0.717664
6.12499 2.90421
6.05345 1.05406
5.97199 2.33512
5.95142 1.51147
5.82898 3.03559
5.52589 1.58208
5.06325 1.74268
4.98308 2.66432
4.9275 2.47737
4.88115 3.62274
4.74924 3.58462
4.68763 2.93054
4.6733 3.09309
4.50852 2.49328
4.22856 4.30328
4.19701 2.72047
4.0875 3.22122
4.05134 3.51683
4.03939 2.75509
3.93841 3.78551
3.83814 3.75003
3.69626 5.11248
3.58105 5.64696
3.42819 3.63094
3.33868 5.61634
3.33169 4.52107
3.21602 3.93492
2.96495 4.51595
2.86252 4.44884
2.83774 5.42376
2.82853 5.13855
2.7434 5.83119
2.70722 4.33284
2.65093 4.28953
2.60775 4.48054
2.18745 4.13917
2.10484 3.81857
1.8513 6.91107
1.75429 5.43514
1.75263 7.11566
1.74452 6.18243
1.72242 6.11925
1.70561 6.00134
1.58744 6.44266
1.57622 6.47908
1.47202 6.29864
1.43372 6.52134
1.39345 4.48024
1.38424 4.56779
1.23691 6.19647
1.03334 7.55494
0.962324 8.39831
0.865772 8.79875
0.842071 5.1726
0.770724 6.66037
0.748239 6.70602
0.66732 9.09504
0.548756 7.29471
0.485813 6.2466
0.386717 6.71391
0.382218 6.83764
0.36852 6.28962
0.353074 7.43039
0.339005 6.59868
0.324411 8.70665
0.254815 9.18518
0.254128 8.53365
0.24951 10.2971
0.227756 8.53822
0.149454 7.91535
0.112259 8.74041
0.0846756 9.1466
0.0817115 9.30217
0.0690885 10.7862
0.0454285 8.7497
0.0441837 11.5273
0.0296451 8.71904
0.0215916 11.2455
0.014673 9.59843
0.0120002 7.63592
0.00405941 9.28622
0 0 0 0 1 
1 0 0 0 0 
0 0 0 1 0 
0 1 0 0 0 
0 0 1 0 0 
0 0 0 1 0 
0.358796 0 0 0 0.641204 
0 1 0 0 0 
0 0 1 0 0 
0 0 0.222151 0.543472 0.234377 
0 0 0 1 0 
0 1 0 0 0 
0 0 1 0 0 
0 1 0 0 0 
1 0 0 0 0 
0 0 0 0.398031 0.601969 
0 0 0 1 0 
0 0 1 0 0 
0 0 0 1 0 
0 0 1 0 0 
0 0 0 1 0 
0 0 0 1 0 
0.735698 0 0 0.264302 0 
0 0.198021 0 0.801979 0 
0 1 0 0 0 
0 0 1 0 0 
0 1 0 0 0 
0 1 0 0 0 
0 0 1 0 0 
0.434452 0.565548 0 0 0 
1 0 0 0 0 
0 0 0 1 0 
0 0.567131 0 0 0.432869 
1 0 0 0 0 
0 0 0 0 1 
0 0 0 1 0 
0 0 0.784211 0.215789 0 
1 0 0 0 0 
0 1 0 0 0 
0 0 1 0 0 
0 0 0 1 0 
0 0 0 1 0 
0 0 0 0 1 
0 0 0 1 0 
0 0 0 1 0 
0 0.287407 0 0 0.712593 
1 0 0 0 0 
0 0 1 0 0 
0 0 0 1 0 
0 1 0 0 0 
1 0 0 0 0 
0 0.785159 0 0 0.214841 
0 0 1 0 0 
1 0 0 0 0 
0 0 0 1 0 
0 0 1 0 0 
0 0 1 0 0 
0 0.33061 0 0 0.66939 
0 1 0 0 0 
0 0 0 1 0 
1 0 0 0 0 
0 0 0 1 0 
0.280382 0.719618 0 0 0 
1 0 0 0 0 
0 0 0 0 1 
0 0.463551 0.536449 0 0 
0.247367 0.318497 0.269536 0 0.164599 
0 0.492688 0 0 0.507312 
0.105446 0 0 0.894554 0 
0 0 0 1 0 
0 0 1 0 0 
1 0 0 0 0 
0 0 1 0 0 
0 0 0.795547 0 0.204453 
0 1 0 0 0 
0 0 0 1 0 
0 0 0 0 1 
0 0 1 0 0 
0 0 0 1 0 
0 0 0 0 1 
1 0 0 0 0 
0 0 0 1 0 
0 1 0 0 0 
0 0 1 0 0 
0 0 0 1 0 
1 0 0 0 0 
0 0 1 0 0 
0 1 0 0 0 
0 1 0 0 0 
0 0 0 1 0 
1 0 0 0 0 
1 0 0 0 0 
0 0 0 1 0 
0 0 0 0 1 
0 1 0 0 0 
1 0 0 0 0 
0 1 0 0 0 
0 0 0 0 1 
0 1 0 0 0 
0 0 0 0 1 
