5 50
0.477609
0.514737
0.334596
0.676936
0.447752
11.2062 0.524439
8.74439 1.14422
8.59025 0.466038
7.82939 1.6075
7.80745 1.96646
7.77422 0.639257
7.00542 0.447677
6.32238 1.7351
6.19063 0.950036
5.89272 2.91343
5.66753 1.72173
5.52949 2.50202
4.95255 2.55776
4.89623 4.42088
4.84288 3.0905
4.44684 2.65833
4.20547 3.37773
4.01229 3.20113
3.3243 3.31427
3.12736 3.68279
3.11937 3.06682
2.83222 3.37318
2.7715 3.76878
2.54185 5.19934
2.48059 4.26815
2.48032 3.71943
1.84273 4.64229
1.77126 6.46089
1.52316 6.16183
1.49039 4.71533
1.4418 6.54425
1.35757 5.82204
1.25259 5.41483
1.25059 6.97722
1.23366 5.58939
1.07639 5.67815
0.872838 5.78447
0.746195 7.42957
0.720458 6.42069
0.672515 8.29375
0.62245 8.82626
0.611795 8.09132
0.576666 6.85451
0.515084 8.6638
0.43428 7.28154
0.130473 7.05618
0.129888 11.0091
0.08998 8.0321
0.0333789 9.61113
0.0100021 11.8816
0 0.590956 0.409044 0 0 
1 0 0 0 0 
0.459124 0 0.0945652 0.446311 0 
1 0 0 0 0 
0 1 0 0 0 
0 0 0 1 0 
0 0 1 0 0 
0 0 0 1 0 
0 0 0 0 1 
0 1 0 0 0 
0 0 1 0 0 
0 0 0 0 1 
0 0 0 1 0 
0 0 1 0 0 
0 0 0 0 1 
0 0 0 0 1 
0 0 0 0 1 
0 0 1 0 0 
0.539302 0 0 0.460698 0 
0 0 0 1 0 
1 0 0 0 0 
0 0.390723 0 0.423584 0.185693 
0.227447 0 0.772553 0 0 
0 1 0 0 0 
0.327328 0.672672 0 0 0 
0 1 0 0 0 
0 0 0 0 1 
0 1 0 0 0 
0 0 1 0 0 
0 0 0 0 1 
0 0 1 0 0 
0 0 0.59588 0.40412 0 
0 0 0 0 1 
0.713809 0.286191 0 0 0 
0 0 0 0 1 
0 0 0 1 0 
0 1 0 0 0 
0 1 0 0 0 
0 0 0 1 0 
0 1 0 0 0 
1 0 0 0 0 
0 0 0 0 1 
0 0 0 0 1 
0 0 1 0 0 
0 0 0 0 1 
0 0 0 1 0 
0 1 0 0 0 
0 0 0 0 1 
0 1 0 0 0 
0 0 0 0 1 
