5 200
0.62344
0.58198
0.713363
0.433782
0.272263
11.5076 0.262032
11.4314 0.364129
11.2912 0.26211
10.8181 0.702597
10.5841 0.37354
10.3779 0.874996
10.0241 0.760969
9.91541 0.903289
9.83097 0.333493
9.70702 0.606264
9.7019 0.250627
9.66347 1.05833
9.48893 1.37789
9.12495 1.19945
9.11757 0.416039
9.09192 1.27997
9.00689 1.41178
9.0045 0.870497
8.93489 0.934134
8.73443 1.90215
8.69377 1.66356
8.27256 0.923907
8.18249 0.373471
8.13221 0.934066
8.0714 1.5039
8.04987 1.25957
8.00023 0.904485
7.81036 1.83436
7.72914 0.127545
7.53682 0.146458
7.49663 0.534186
7.17243 1.8343
7.01653 1.50494
7.01413 1.06361
6.93923 2.03747
6.90426 2.39559
6.87227 1.8953
6.78547 2.04339
6.77296 2.43334
6.70019 0.860235
6.60219 1.98163
6.55367 2.10191
6.52721 1.65278
6.48214 1.07167
6.47997 1.31156
6.45214 1.73789
6.3542 3.2984
6.28714 2.74995
6.07148 1.97095
6.02208 2.3487
5.91211 1.72761
5.86496 1.73511
5.82321 1.67505
5.69891 1.3325
5.69352 2.39858
5.68517 2.381
5.66653 3.60985
5.63955 3.35775
5.54577 2.27035
5.41782 2.01583
5.27879 3.80462
5.24051 2.09566
5.14714 1.8734
4.98486 2.0717
4.94463 3.19041
4.83701 2.56348
4.52962 2.41823
4.46487 2.40464
4.46262 2.48013
4.42334 2.89866
4.35761 3.74825
4.35148 3.79375
4.34625 2.44135
4.3445 3.19023
4.26967 2.28908
4.24514 3.00309
4.18559 4.02548
4.07848 2.58126
4.07549 2.21283
3.9601 3.76863
3.91639 5.16169
3.89433 5.37993
3.75469 3.69164
3.70646 3.7509
3.70384 3.84422
3.69339 4.03099
3.6616 3.10277
3.64407 2.94946
3.63601 4.16522
3.58168 3.47241
3.4877 3.61398
3.41722 4.90188
3.36327 3.95318
3.24991 3.75678
3.21123 3.39103
3.14085 4.12499
2.99284 3.78938
2.8522 4.28088
2.73801 5.84216
2.6673 3.5143
2.65374 6.43245
2.65116 5.72155
2.64833 4.53724
2.59609 4.49092
2.4972 5.31944
2.49296 4.62376
2.42527 4.50678
2.41109 4.25231
2.35528 4.03283
2.04203 5.45065
2.03587 5.73747
1.84118 4.72727
1.83134 6.76613
1.78819 4.55797
1.65362 5.40521
1.64279 5.59275
1.64029 4.99165
1.63112 4.97132
1.61917 5.00512
1.61864 6.3539
1.61771 4.4412
1.54803 5.57074
1.51609 5.04665
1.38661 5.37281
1.38557 7.87073
1.38517 5.42568
1.38057 7.33958
1.34367 5.96692
1.28456 6.44662
1.28389 6.22788
1.25927 5.50987
1.24119 7.5825
1.23321 6.90279
1.13086 6.75616
1.08677 4.75974
1.07951 8.05357
1.05715 7.17264
1.04608 7.21641
1.00695 6.21608
0.975775 7.05605
0.953502 6.04942
0.933349 6.48049
0.928683 6.17428
0.894352 8.48493
0.881324 6.28492
0.865207 6.17184
0.863542 6.48579
0.839605 7.75912
0.777293 6.46222
0.776316 6.3777
0.734255 9.22098
0.723258 7.71072
0.697773 9.21614
0.697623 6.92824
0.662337 6.37003
0.581443 6.40568
0.564118 8.49864
0.542437 8.37445
0.518476 6.36065
0.45712 6.05993
0.434974 6.93241
0.40976 6.87324
0.405734 6.29831
0.404065 8.88431
0.398892 6.87326
0.36739 8.67526
0.321536 9.26616
0.289272 9.86915
0.288494 8.71022
0.27523 10.2458
0.274009 6.74211
0.271343 6.59323
0.241464 7.73043
0.173708 7.268
0.162015 7.43754
0.157304 7.80354
0.144174 8.32614
0.137005 7.21796
0.103273 9.47145
0.100156 7.02956
0.0835508 7.25445
0.0802676 9.76929
0.0763188 8.06785
0.0557293 10.6171
0.0487971 8.05495
0.0466065 9.25204
0.0377499 8.83294
0.0358215 11.1117
0.035325 7.52678
0.0316866 9.07865
0.0233422 7.48929
0.0139662 8.84116
0.00967685 9.93615
0.0087293 10.9923
0.00859822 10.5026
0.0069243 10.2435
0.0039432 9.31148
0.00273918 7.98898
0.00246559 10.8904
0.00168847 11.4931
1 0 0 0 0 
0 1 0 0 0 
0 0.6277 0 0 0.3723 
1 0 0 0 0 
0 0 1 0 0 
0 0 0 0 1 
0 0 0.475178 0 0.524822 
0 0 1 0 0 
1 0 0 0 0 
0 0 0.536314 0.463686 0 
0 0 0 1 0 
0 0 1 0 0 
0 0 0 1 0 
0 0 0 0.774121 0.225879 
0 0 0 0 1 
0 0 0 1 0 
0 0 0 1 0 
0 0.214413 0.369609 0.328675 0.0873025 
0 0 0 1 0 
0 0 0 0 1 
0.116707 0 0.883293 0 0 
0 0 0 0 1 
0 0.420163 0 0 0.579837 
0 0 0 0.242193 0.757806 
1 0 0 0 0 
0 0 0.539247 0.460753 0 
0 0 0 1 0 
0 0.594165 0.405835 0 0 
0.531812 0 0 0 0.468188 
0 0 1 0 0 
0 0 0 1 0 
0 0 0 0 1 
0 0.395576 0.604424 0 0 
0 0.780262 0 0 0.219738 
0.810242 0.189758 0 0 0 
0.412876 0.587124 0 0 0 
0 0.425869 0 0 0.574131 
0.502503 0 0.237679 0 0.259818 
0.436647 0.480591 0 0 0.0827619 
0 0 0 0 1 
0 0 0 0 1 
0 0 1 0 0 
0 0 0 0 1 
1 0 0 0 0 
0 0 1 0 0 
0 0 0 1 0 
1 0 0 0 0 
1 0 0 0 0 
0.30454 0 0 0.23547 0.459991 
0 0 0 0 1 
0.411257 0 0 0 0.588743 
0.282162 0.717838 0 0 0 
0.744308 0 0 0.255692 0 
0 0 0 0 1 
0 0 1 0 0 
1 0 0 0 0 
0 0 1 0 0 
0 1 0 0 0 
0 0 0 1 0 
0 0 0 1 0 
1 0 0 0 0 
0.81616 0.183841 0 0 0 
0 0 0 1 0 
0 0 1 0 0 
0 1 0 0 0 
0 0.639815 0 0.360185 0 
1 0 0 0 0 
0 0 0.577346 0.422654 0 
0 0 1 0 0 
0 0 0 1 0 
0.193807 0 0.385184 0 0.421009 
0 0 0 1 0 
0 0 0 0 1 
0 0 0 0 1 
0 0 0.645739 0 0.354261 
0 0 0 0 1 
0 1 0 0 0 
0 0 0.208664 0.412853 0.378483 
0 0 0 0 1 
0 0 1 0 0 
0 0 0.523329 0 0.476671 
0 0.416461 0.421473 0 0.162066 
0 0 0.78148 0.21852 0 
0 1 0 0 0 
0.182989 0 0.321962 0.495049 0 
1 0 0 0 0 
0 0 0 0.379908 0.620092 
0.795088 0 0.204913 0 0 
0 0 0 0 1 
0.47602 0 0.52398 0 0 
0 0 0 0 1 
0.248836 0 0 0.751164 0 
0 0 1 0 0 
0.621108 0 0 0.378892 0 
0.116326 0.257687 0 0.259252 0.366735 
0.284011 0 0 0.715989 0 
0 1 0 0 0 
0 0 0 0 1 
0 0.694912 0 0.305088 0 
0 0 0.386075 0 0.613925 
0 0 0 1 0 
0 0.484101 0 0 0.515899 
0.549173 0 0 0.294838 0.155989 
0 0.552349 0.447651 0 0 
0.537805 0 0.357549 0.104647 0 
1 0 0 0 0 
0 1 0 0 0 
0.708105 0 0.291895 0 0 
0.291169 0 0.357634 0.351198 0 
0 1 0 0 0 
0.665905 0 0.334095 0 0 
1 0 0 0 0 
0 0 0 0 1 
0 1 0 0 0 
0 0 0 0.774007 0.225993 
0 0 0 1 0 
0 0 0 1 0 
0 1 0 0 0 
0 0 0 0 1 
0 0 0 1 0 
0 0 1 0 0 
0 0.723421 0.113508 0.163071 0 
0 1 0 0 0 
0 0 1 0 0 
0 0 1 0 0 
0 0.708108 0 0.291892 0 
0 1 0 0 0 
0.183494 0 0 0 0.816506 
0 1 0 0 0 
0 0 0 1 0 
1 0 0 0 0 
0 0 0 1 0 
0 0.483004 0.516996 0 0 
0 0.559176 0 0 0.440824 
0 0 0 0 1 
1 0 0 0 0 
0.129683 0.870317 0 0 0 
0 0.52258 0 0.47742 0 
0.434334 0 0 0.565666 0 
0.489286 0.510714 0 0 0 
0 0 1 0 0 
0.229523 0 0 0.770477 0 
0 0 0.505647 0 0.494353 
0 0 0.547617 0.0854058 0.366977 
0 0 1 0 0 
0 0.749392 0 0.250608 0 
1 0 0 0 0 
0 0.57113 0 0 0.42887 
0 0 0 0 1 
0.300658 0 0 0.699342 0 
0 0 0 0.399664 0.600336 
0.81207 0 0 0.18793 0 
0 0 0 0.830116 0.169884 
1 0 0 0 0 
0 0 0 0 1 
0 1 0 0 0 
0 0 0 0.183993 0.816007 
0 0 0 0 1 
0.593146 0 0.406854 0 0 
0 0 0 0.17439 0.82561 
0.426772 0.573228 0 0 0 
0 0 1 0 0 
0 0 0 0 1 
1 0 0 0 0 
0.265564 0.734436 0 0 0 
1 0 0 0 0 
0 0 0 0.636525 0.363475 
0 0 1 0 0 
0 0.368742 0 0 0.631258 
0 0.562886 0 0.437114 0 
0 0 0 0 1 
1 0 0 0 0 
0 0 0 0 1 
0 0 0.774265 0.225735 0 
0 0 0 0 1 
0 0 1 0 0 
0 1 0 0 0 
0 0 1 0 0 
0 0.221887 0 0.778113 0 
0 0 1 0 0 
0 0.407734 0 0 0.592266 
0 1 0 0 0 
0 0 0 1 0 
0 1 0 0 0 
0 0 0 0 1 
0.186901 0 0.813099 0 0 
1 0 0 0 0 
0 0 0.533374 0.466626 0 
0 0 1 0 0 
1 0 0 0 0 
0 0 1 0 0 
0 0.606376 0 0 0.393624 
0 1 0 0 0 
0 0 1 0 0 
1 0 0 0 0 
0 0.832411 0.167589 0 0 
0 0 1 0 0 
0.152892 0.676334 0 0 0.170775 
0 1 0 0 0 
0 0 0 0 1 
