5 50
0.340936
0.629693
0.425023
0.432107
0.357486
10.7266 0.293571
10.5139 0.529182
10.1537 0.106156
8.02553 1.31861
7.90605 1.77202
7.11024 0.482004
6.85344 0.516509
6.66875 2.10852
6.52272 0.726493
6.45753 2.06266
5.54092 2.30068
5.51129 2.42071
5.07193 3.37992
5.06214 3.17188
4.97711 3.09675
4.89133 2.65149
4.85529 3.54537
4.68761 2.1521
4.64623 3.90843
4.42315 4.77542
4.36645 2.74964
3.11637 4.29874
3.07596 3.89357
2.80921 3.67666
2.80068 5.28989
2.77017 5.36417
2.76959 5.39692
2.75358 4.59987
2.74362 4.17937
2.6789 4.243
2.36899 4.32141
2.13194 5.77459
1.92604 6.45736
1.73629 6.19676
1.0394 7.75428
0.62778 6.62869
0.570678 7.90059
0.567181 7.17728
0.551194 8.71085
0.529283 8.83727
0.503691 7.09984
0.460228 9.24816
0.379064 7.79736
0.358791 8.90196
0.299473 9.27983
0.147915 7.72486
0.138399 7.12901
0.120204 7.23906
0.0474816 8.55013
0.0103231 9.38661
0 0.486083 0.513917 0 0 
0 0.28074 0 0 0.71926 
1 0 0 0 0 
0.679374 0 0 0 0.320626 
0 0 0.249837 0.750163 0 
1 0 0 0 0 
0 0 1 0 0 
0 0.278728 0 0.265201 0.456071 
0 0 0 0 1 
0 0 0 0.515201 0.484799 
0 0 0 0 1 
0 0 0 0 1 
0 0 1 0 0 
1 0 0 0 0 
0 0 0 1 0 
0 1 0 0 0 
0 0.250646 0.749354 0 0 
0 0 0 1 0 
0.499212 0 0 0.500788 0 
1 0 0 0 0 
0.787174 0 0 0.212826 0 
0 0 0 1 0 
0 0 0 0 1 
1 0 0 0 0 
0 0 0 0 1 
0 0 1 0 0 
0 1 0 0 0 
0 0 0 0 1 
0 0 0 0 1 
1 0 0 0 0 
1 0 0 0 0 
0 0 1 0 0 
0 0 1 0 0 
0 0 0 1 0 
0 0 0 0 1 
0 0 0 1 0 
1 0 0 0 0 
0 0 0 0 1 
1 0 0 0 0 
0 0 1 0 0 
0 0 0 0 1 
0 0 0 0 1 
0 1 0 0 0 
0 0 0 0 1 
0 0 0 0 1 
0 0 0 0 1 
0 0 1 0 0 
0 0 1 0 0 
0 0 1 0 0 
0 1 0 0 0 
