5 200
0.736587
0.602611
0.575205
0.565256
0.261963
11.1561 0.419268
10.5229 0.880288
10.4194 0.147546
9.22953 0.548589
9.11095 0.480867
8.86825 1.04074
8.83964 1.81877
8.80614 1.88255
8.65812 0.263234
8.64759 1.15892
8.60844 0.963525
8.4917 1.92782
8.41965 1.16272
8.24275 0.683578
8.11583 0.827271
7.95283 1.44766
7.90251 1.42129
7.78693 1.13943
7.73044 1.7876
7.61879 1.7946
7.60254 0.2464
7.26504 2.63011
7.2303 1.61623
7.17175 1.15084
7.06994 0.813988
7.06239 1.20341
6.98932 0.738153
6.91845 1.95354
6.89219 2.21385
6.84409 1.59074
6.83219 0.682456
6.803 2.09783
6.75229 2.03954
6.74687 1.04083
6.7463 2.42657
6.73632 1.57849
6.72779 0.705232
6.69493 2.31099
6.66371 2.90947
6.64998 1.85968
6.57489 2.14861
6.51191 2.69373
6.4743 1.48058
6.28448 2.02667
6.26067 2.75059
6.15423 1.21909
6.14032 3.29222
6.06666 2.29389
5.92908 1.88893
5.86373 3.13696
5.53391 2.22473
5.5234 1.64597
5.50738 1.93042
5.49011 3.21171
5.4425 2.05818
5.39437 2.33049
5.13731 1.5804
5.09209 2.09473
5.03865 1.67856
4.9918 2.40335
4.88184 2.59538
4.8638 3.25009
4.81315 1.60793
4.7549 3.24441
4.75101 2.44271
4.60083 2.56519
4.55169 3.79426
4.50763 2.74381
4.4922 2.72679
4.46876 4.09039
4.46689 3.85295
4.41133 3.87238
4.35181 2.42842
4.25313 3.29223
4.205 4.49485
4.19521 3.38534
4.06757 3.19977
4.03684 2.67102
3.92787 3.75717
3.91671 3.64626
3.88156 3.06283
3.66904 2.55527
3.65789 2.69913
3.6137 3.24554
3.53469 5.00338
3.51598 5.49062
3.44227 4.12115
3.43262 4.55721
3.42464 5.17021
3.37256 4.17823
3.36536 5.56395
3.32953 4.21606
3.32407 4.66727
3.21512 3.12961
3.18321 4.1322
3.04754 5.86546
2.94841 4.10585
2.94077 3.28942
2.90011 3.51489
2.87473 4.18354
2.70099 4.51635
2.66782 4.73923
2.60275 5.64353
2.57783 3.68539
2.48208 5.39971
2.45381 5.50534
2.44723 5.04428
2.38975 4.42274
2.3331 5.22908
2.29315 5.13894
2.18645 5.40836
2.17491 5.15184
2.173 4.3761
2.12344 5.63109
2.12127 6.45764
1.94944 6.0659
1.9364 6.15647
1.92994 6.24883
1.85914 6.11574
1.81837 5.49364
1.78812 6.14983
1.75021 6.91997
1.71758 6.96121
1.67294 6.72339
1.66681 5.80039
1.62448 6.26502
1.58746 5.3537
1.56158 5.31343
1.55453 7.6682
1.51718 4.8254
1.49612 7.6325
1.48971 7.78869
1.4735 6.21644
1.46658 5.98426
1.3985 5.23512
1.35848 6.87401
1.33352 4.71595
1.30956 5.07387
1.23265 7.02304
1.15518 6.89099
1.11214 7.43653
1.10351 6.06292
1.08806 5.76054
1.07899 6.8832
1.07458 6.37367
1.06292 5.62006
1.05881 6.09181
1.04704 6.08344
1.02048 6.94283
1.01153 7.23464
1.00307 5.64577
0.995497 7.52261
0.953955 7.9832
0.944889 8.72052
0.926518 8.19543
0.920014 5.64767
0.905837 5.73164
0.862759 7.40952
0.861933 7.03108
0.860287 8.27611
0.856818 6.36888
0.853987 7.9898
0.845266 6.72513
0.83632 5.69451
0.755445 6.49779
0.740661 6.02578
0.737938 6.67948
0.732781 6.88675
0.571617 5.85618
0.561905 9.15699
0.535105 8.4987
0.532783 8.74668
0.485861 9.69452
0.403422 7.3918
0.38606 7.95824
0.367297 9.29059
0.318852 8.05029
0.282997 6.40605
0.27931 8.03818
0.251879 10.0824
0.246901 7.059
0.225351 6.98756
0.177719 6.50337
0.17612 7.37963
0.157031 9.92625
0.151477 6.97665
0.142953 8.58582
0.134741 8.81673
0.134401 8.83756
0.121539 10.9994
0.0912832 10.3897
0.0912791 8.90936
0.0738449 8.33322
0.0548235 8.37948
0.0476207 11.4827
0.0376434 11.703
0.00884001 8.79484
0.00721886 10.4447
0.00144447 10.3472
0.00110283 9.85539
0.47525 0 0 0.52475 0 
0.405169 0 0.2296 0.272227 0.0930041 
0 0.459645 0 0 0.540355 
0.288283 0 0 0.377989 0.333728 
0.10768 0.0704151 0.276511 0.545393 0 
0.102663 0 0 0.49051 0.406827 
0 0.209792 0 0.277934 0.512274 
0 0.355978 0.232664 0 0.411358 
0.0688328 0.219122 0.19423 0.517815 0 
0 0.264671 0.229491 0.239056 0.266782 
0.289137 0 0.368887 0.245144 0.0968331 
0 0 0.42716 0 0.57284 
0 0.171923 0.370586 0.19135 0.266142 
0 0.381848 0 0 0.618152 
0 0.447411 0.30612 0.131454 0.115015 
0 0 0.565675 0 0.434325 
0 0.33064 0 0.495073 0.174287 
0.255033 0.280224 0.248645 0 0.216098 
0.380946 0.0589283 0.370471 0.189654 0 
0 1 0 0 0 
0 0.157367 0.433609 0.198122 0.210902 
0 0.725647 0 0 0.274353 
0 0.191474 0 0.808526 0 
0.406474 0 0.593526 0 0 
0.259085 0.275084 0.16765 0.298181 0 
0 0.460604 0.0844342 0.454962 0 
0 1 0 0 0 
0.817869 0 0.182131 0 0 
0.218811 0.132048 0.219827 0.243927 0.185388 
0.211641 0.192718 0.0641826 0.266062 0.265396 
0 0 0.286593 0.537635 0.175772 
0.497685 0 0.502315 0 0 
0.270848 0 0 0.249602 0.479551 
0 0.539846 0.460154 0 0 
0 0 0 0 1 
0 0 0.362376 0.381469 0.256156 
0.629225 0 0.370775 0 0 
0 1 0 0 0 
0.508739 0 0.491261 0 0 
0.433645 0 0 0 0.566355 
0 1 0 0 0 
0 0 0.50369 0 0.49631 
0 0 0 0 1 
0.742569 0.257431 0 0 0 
0 0 1 0 0 
0 0 0 0.539687 0.460313 
0.118938 0.251578 0 0 0.629484 
0.182748 0.260142 0 0.55711 0 
0 0 0.347965 0.430804 0.221231 
0.231503 0.650546 0 0 0.117951 
0 1 0 0 0 
0 0.325237 0.674763 0 0 
0 0.135502 0 0 0.864498 
0.600747 0.399253 0 0 0 
0 0.1633 0 0 0.8367 
0 0.413094 0 0.0662141 0.520692 
1 0 0 0 0 
0 0 0 0.499299 0.500701 
0 1 0 0 0 
0.343455 0 0 0.656545 0 
0 1 0 0 0 
0.340217 0 0.357524 0 0.302259 
0 0.261269 0 0.318435 0.420295 
0.446019 0.346861 0.20712 0 0 
0 0 0.468186 0.232379 0.299435 
0.153961 0.558023 0 0.288016 0 
0.371689 0 0 0.628311 0 
0.308642 0.137892 0 0.553466 0 
0.142525 0 0.549334 0 0.308141 
0 0.439241 0.560759 0 0 
0.703435 0.296565 0 0 0 
0 0 0 0.578779 0.421221 
0 0.431738 0 0.196325 0.371937 
0 0 0 0.237196 0.762804 
0.566084 0.0918356 0 0 0.342081 
0 0.15547 0 0.84453 0 
0.572008 0 0 0.208841 0.21915 
0.246464 0.201737 0 0.226222 0.325577 
0.177086 0.276185 0 0.379161 0.167569 
0.664233 0 0 0 0.335767 
0.219755 0.212645 0.221572 0 0.346028 
0.487616 0 0.305671 0.206713 0 
0.373485 0 0 0.315969 0.310546 
0 0.604958 0.395042 0 0 
0.313117 0 0.0668574 0.283862 0.336164 
0.321687 0 0.261641 0.416672 0 
0 0.620784 0.379216 0 0 
0.423633 0.218153 0 0.18713 0.171084 
0 0 0.433264 0.453181 0.113555 
0 0 0 0 1 
0 0 0.404248 0.489402 0.106351 
0 0 0.148246 0.379887 0.471867 
0 0 0.753289 0.246711 0 
0.393735 0 0.172638 0.433627 0 
0.371023 0.368839 0.260139 0 0 
0.152615 0 0.356369 0.491016 0 
0.364955 0 0.173596 0.0903387 0.371111 
0 0 0.585292 0.414708 0 
0.070209 0 0 0.402394 0.527398 
0.273769 0.726231 0 0 0 
0.544968 0 0.455032 0 0 
0.656478 0.343522 0 0 0 
0 0 0 0.154567 0.845433 
0.458007 0 0.110775 0.431218 0 
0 0 0.3491 0.425322 0.225578 
1 0 0 0 0 
0 1 0 0 0 
0.392513 0 0.191327 0.41616 0 
0 0 0 0 1 
0.604011 0.134876 0.261113 0 0 
0 0 0 0.363231 0.636769 
0.366222 0.464171 0.169607 0 0 
1 0 0 0 0 
0.31199 0 0.325932 0 0.362077 
0 0.670371 0 0 0.329629 
0.218875 0.408203 0 0.372922 0 
0 0.329724 0 0 0.670276 
0 0.324799 0.130279 0 0.544922 
0 0.774556 0 0 0.225444 
0 0 0 1 0 
0 0 0 1 0 
0.233831 0.385884 0 0.380285 0 
0 0.542177 0 0 0.457823 
0.58304 0 0.41696 0 0 
0.142604 0.406249 0.136277 0.31487 0 
0.74401 0 0 0 0.25599 
0 0.258331 0.314693 0.158389 0.268587 
0 1 0 0 0 
0 0.15943 0.110671 0.232985 0.496914 
0.30088 0 0.36263 0.33649 0 
0 0.335548 0.347791 0.316661 0 
0.159341 0.326592 0.183313 0.330754 0 
0.38966 0.254952 0.150292 0.205096 0 
0.457428 0.0984312 0.444141 0 0 
0 0.278969 0.271359 0.449672 0 
0.0751683 0.622819 0 0 0.302013 
0 0 0 0.501325 0.498675 
0 0.570699 0 0.429301 0 
0.305966 0.320562 0.373473 0 0 
0.705709 0 0 0 0.294291 
0.172132 0 0.319351 0 0.508516 
1 0 0 0 0 
0 0 0.821531 0 0.178469 
0 0.545462 0 0 0.454538 
0.0990927 0.515529 0 0.385379 0 
0.434828 0 0.565172 0 0 
0.249986 0 0.368236 0 0.381778 
0.738921 0 0 0.261079 0 
0.3784 0 0 0 0.6216 
0.167256 0 0 0.832744 0 
0.35535 0 0.334199 0 0.310451 
0 0.146249 0.223019 0.256271 0.374461 
0.409774 0.590226 0 0 0 
0 1 0 0 0 
0.0911204 0.109626 0.799254 0 0 
0.653618 0 0.346382 0 0 
0.381398 0.341428 0 0.277173 0 
0 1 0 0 0 
0 0.867786 0.132214 0 0 
0.268347 0.292698 0.112616 0 0.326339 
0.378713 0.331802 0.289484 0 0 
0 0 0.492286 0 0.507714 
0.170569 0.128221 0.310046 0.138205 0.252959 
1 0 0 0 0 
0 0 1 0 0 
0 0.231706 0 0.568632 0.199661 
0 0.353007 0.217364 0 0.429629 
0 0 0.520872 0 0.479128 
0 0 0.275921 0 0.724079 
0.195412 0 0 0.604958 0.19963 
0.239128 0.309971 0.329946 0.120955 0 
0 0.394857 0.605143 0 0 
1 0 0 0 0 
0 0 0 1 0 
0 0 0 0.56658 0.43342 
0.805938 0 0.194062 0 0 
0.336556 0.294474 0 0 0.368971 
0.402481 0 0 0 0.597519 
0 1 0 0 0 
0 0 0 0 1 
0.327436 0 0.336052 0 0.336512 
0 0.108914 0.642082 0 0.249004 
0 0 1 0 0 
0.360499 0.0509647 0.270977 0 0.317559 
0.164235 0.371393 0.464372 0 0 
0.402674 0 0.345409 0.251917 0 
0 0.402644 0 0 0.597356 
0 0 0 0 1 
0 0.345411 0.243556 0.411033 0 
0 1 0 0 0 
0.480184 0 0.147287 0 0.372529 
0 1 0 0 0 
0.0878844 0 0.33288 0 0.579236 
0.273909 0 0.726091 0 0 
0 0 0.533023 0 0.466977 
0.0593522 0.307576 0.177947 0.365724 0.0894012 
0 0 0 1 0 
0 0 0 0.505167 0.494833 
0.201783 0 0 0.398733 0.399484 
0 0 0.506162 0.183005 0.310833 
