5 50
0.427099
0.666013
0.361728
0.380741
0.724593
9.63922 1.37449
8.78057 1.45442
8.42636 1.51314
8.31921 0.69776
7.51749 1.133
7.33147 1.46835
7.27105 1.48845
7.16096 1.96994
7.08667 2.00992
6.61473 0.886277
6.53692 3.01513
5.37242 2.22244
5.15259 2.62436
4.9454 2.87967
4.46985 4.02888
4.43313 2.98364
4.24356 2.52338
4.05206 2.78721
3.93347 2.97346
3.92003 4.08256
3.57194 3.4202
3.43888 3.88678
3.37038 3.48043
3.28654 3.84189
3.09044 4.02437
3.01798 3.80168
2.83982 4.77297
2.47452 5.30851
2.41558 5.82411
2.32732 4.18177
2.32279 4.11023
2.11161 6.59192
1.97992 7.43131
1.60985 5.16336
1.38249 5.21253
1.09048 5.04696
1.09022 6.93636
1.08376 8.2805
1.0583 6.36153
0.921306 8.29026
0.891657 6.31365
0.828933 5.52722
0.786648 5.17642
0.640472 9.05516
0.350967 8.37244
0.293352 8.28155
0.265831 10.4693
0.174645 7.23974
0.138057 8.93905
0.0899119 7.97269
0 0 0 0.488512 0.511488 
0 0.413214 0.161911 0.424875 0 
0 0.432248 0 0 0.567752 
0.287239 0.174217 0.538544 0 0 
0.192664 0.22829 0.342795 0.179299 0.056951 
0.28011 0 0.211825 0.334557 0.173508 
0 0 0 0.780344 0.219656 
0.247171 0.326363 0 0.31465 0.111816 
0.227362 0.552837 0 0.219801 0 
0.212465 0.187066 0.294094 0.306374 0 
0.392676 0 0 0 0.607324 
0.683769 0.234237 0 0 0.081994 
0.770406 0 0 0.229594 0 
0.604582 0 0.288273 0.107146 0 
0 0.40671 0.59329 0 0 
0 0.793582 0.206418 0 0 
0 0 0 0 1 
0.337064 0.662936 0 0 0 
0 0 0.567098 0.432902 0 
1 0 0 0 0 
1 0 0 0 0 
0.190746 0 0 0.492699 0.316555 
0.467068 0 0 0.465909 0.067023 
0.258891 0.363563 0.22451 0 0.153036 
0.625948 0.179036 0 0.195016 0 
0.493864 0 0.22272 0 0.283416 
0.23882 0.76118 0 0 0 
0 0 0 0 1 
0 1 0 0 0 
0 0 0.39393 0 0.60607 
0.338296 0 0 0 0.661704 
0 0 0.543865 0 0.456135 
0 0.385105 0 0.162477 0.452418 
0 0.439731 0 0.560269 0 
0 0 1 0 0 
0.103601 0.272406 0.245688 0.259515 0.118791 
0.194381 0 0.299902 0 0.505717 
0.718293 0 0 0 0.281707 
0 1 0 0 0 
0.643282 0 0 0 0.356718 
0.655659 0.227379 0 0.116962 0 
0 0.193755 0 0.419502 0.386743 
0 0.815137 0 0.184863 0 
0.226222 0 0 0.516088 0.25769 
0 0.532012 0.467988 0 0 
0.185375 0.37545 0 0.439175 0 
0.523616 0.153131 0 0.323253 0 
0 0 0.507789 0 0.492211 
0 0 0.0986859 0.780376 0.120939 
0.262827 0.271523 0.46565 0 0 
