5 50
0.565287
0.300295
0.302736
0.304582
0.626736
11.046 0.184472
10.3371 0.621667
10.103 0.716669
9.61677 0.110212
9.4149 0.644477
9.08059 0.231993
7.60531 0.974228
7.57239 0.923897
7.5269 1.58355
7.41705 1.62695
6.88909 2.64767
6.74922 2.64038
6.40386 1.15766
6.25151 2.21019
6.21776 3.12843
5.89756 2.00596
4.95324 3.07478
4.16997 3.7795
4.04526 2.56982
3.93148 3.85337
3.75916 3.7813
3.40263 5.17643
3.28522 4.23246
2.42375 5.32517
2.15 4.0884
2.09221 6.61828
1.89362 5.3207
1.85284 5.46068
1.85183 5.16906
1.71483 7.12921
1.48364 5.17791
1.34105 7.54364
1.30623 7.19552
1.09402 8.23255
0.964855 6.61952
0.886036 7.56966
0.88128 7.41533
0.782945 6.2156
0.776555 6.80833
0.659881 5.58913
0.635245 6.71068
0.514465 9.02485
0.392451 7.43919
0.246954 9.98767
0.223965 9.81031
0.206067 9.29191
0.119338 11.1624
0.0581904 8.46259
0.0085679 10.6764
0.00615529 8.66362
0 0 1 0 0 
0 0.135943 0.520278 0.138113 0.205665 
0 1 0 0 0 
0 0.34416 0.249365 0.406474 0 
0 0 0.446703 0 0.553297 
0.382753 0.0813743 0.318746 0.158795 0.0583314 
0.220474 0 0.267361 0.512165 0 
0.344996 0.140224 0 0.183653 0.331126 
0 0.622224 0 0.233743 0.144033 
0 0.381388 0.0904846 0.316854 0.211274 
0 0.359664 0.411945 0.228391 0 
0.455598 0 0.394222 0 0.15018 
0.116306 0.341206 0.259272 0.283216 0 
0 0 0.390271 0 0.609729 
0 0 0.280808 0 0.719192 
0 0.436127 0 0.335041 0.228832 
0.664191 0 0 0.2464 0.089409 
0.244458 0 0.104965 0.650577 0 
0 0.292152 0.294065 0.306172 0.107611 
0.0643808 0.407924 0 0.527695 0 
0 0 0.138023 0.550304 0.311673 
0.232944 0.187639 0.13376 0.445658 0 
0.21415 0 0 0.31358 0.47227 
0.153209 0.391381 0.45541 0 0 
0.282246 0 0.553311 0 0.164443 
0 0.350112 0.326244 0.215057 0.108587 
0.595202 0.140513 0.264285 0 0 
0.454125 0 0.0659684 0.479907 0 
0 0 0.174742 0.292786 0.532472 
0 0.424969 0 0.201473 0.373558 
0 0.114751 0.367669 0.277935 0.239645 
0 0 0.354439 0.645561 0 
0 0.410467 0.304074 0.285459 0 
0 0.189064 0.301656 0.220905 0.288375 
0.502715 0.422087 0 0 0.0751982 
0.231986 0 0.250063 0.358517 0.159434 
0.275604 0 0.355622 0.368774 0 
0.447799 0 0 0.552201 0 
0 0 0 1 0 
0.192799 0.308349 0.274062 0 0.22479 
0 0.709673 0.290327 0 0 
0 0.382312 0.140439 0.358369 0.11888 
0.27623 0 0.451836 0 0.271934 
0.342622 0.208176 0 0.284526 0.164676 
0.168779 0 0.490462 0 0.340759 
0.552842 0 0 0 0.447158 
0 0 0 0.305362 0.694638 
0.59806 0 0 0.40194 0 
0 0 0.370102 0.28672 0.343178 
0 0.353417 0.17869 0.467893 0 
