5 100
0.661046
0.712599
0.535938
0.437304
0.561693
10.4402 0.799183
9.1485 0.80011
8.54073 0.781277
8.2072 1.18944
7.86592 0.613609
7.57319 0.747273
7.32853 2.17317
7.32266 0.29938
7.22057 1.95581
7.19139 0.755724
7.04791 2.35317
7.03858 0.378648
7.0301 1.40191
6.90349 2.15433
6.90242 1.28846
6.90182 2.20177
6.89569 0.4885
6.75147 2.17818
6.26283 2.28582
6.21558 1.66951
6.15129 2.41294
6.12412 1.09172
6.00128 3.59398
5.80134 2.21573
5.79621 1.80993
5.71934 2.35781
5.59747 2.52077
5.59497 1.33551
5.55183 1.49457
5.42617 2.33809
5.35454 1.68861
5.24882 1.72081
5.12523 3.47191
5.07343 3.85596
5.00034 3.3931
4.95057 1.91298
4.88623 3.9606
4.72892 3.51284
4.55792 2.52864
4.32107 4.57169
4.12796 3.15093
4.12499 4.56984
4.07997 4.72768
3.84152 4.75286
3.66855 3.45963
3.57453 4.24234
3.56174 4.91254
3.47223 4.02314
3.38993 4.81116
3.28422 3.52559
3.23963 4.97141
3.16586 5.98943
2.99331 4.0285
2.94345 3.90912
2.87782 4.59399
2.76891 3.47049
2.30629 5.26747
2.25309 5.21051
2.03095 5.98621
2.01839 6.68926
1.96484 3.92484
1.9531 4.08166
1.76951 4.96115
1.54525 5.50905
1.39726 6.34032
1.34977 5.98347
1.31721 5.56295
1.1133 5.17009
1.07304 8.67984
1.03268 6.90194
0.970881 6.6265
0.862019 5.4186
0.846815 7.4609
0.832942 7.08033
0.817377 6.31834
0.806721 8.40424
0.739696 6.71565
0.733803 6.72916
0.725988 6.80934
0.655695 7.67927
0.640059 5.669
0.563846 6.75322
0.486643 8.89647
0.47495 8.84328
0.471859 8.41697
0.442618 6.08616
0.398165 7.14743
0.373973 7.48654
0.234781 8.4557
0.218789 10.1774
0.21037 7.73118
0.164299 9.55131
0.103221 8.83914
0.0879571 10.6176
0.057814 10.1671
0.0495688 10.8954
0.0484857 11.0649
0.0306301 7.1269
0.0244847 8.72864
0.00528274 11.9476
0 0 1 0 0 
0 0 1 0 0 
0 0 0 1 0 
0 0 1 0 0 
0.710168 0 0 0 0.289832 
0 1 0 0 0 
0.482356 0.517644 0 0 0 
1 0 0 0 0 
1 0 0 0 0 
0 0 1 0 0 
0 0 0 1 0 
1 0 0 0 0 
0 1 0 0 0 
0 0 0.409463 0 0.590536 
0 0 1 0 0 
1 0 0 0 0 
0 0 1 0 0 
0 1 0 0 0 
0 0 0 1 0 
0 0 1 0 0 
0 0 0 0 1 
0 0.282733 0.717267 0 0 
0.529891 0.470109 0 0 0 
0 0 0 0 1 
0 0 0 0 1 
0 0 0.189093 0 0.810907 
0 0 0 0 1 
0 0 0 1 0 
0 0 0 1 0 
0 0.636907 0.116625 0 0.246468 
0 0 1 0 0 
0 1 0 0 0 
0 0 0.664201 0 0.335799 
0.277264 0.366778 0 0 0.355957 
0.0905358 0.475941 0 0.433523 0 
0 0 0 1 0 
0 1 0 0 0 
0 1 0 0 0 
0 1 0 0 0 
0 0 0 0 1 
0 0 0 1 0 
0 0 0 0 1 
0 0 1 0 0 
0 0 0 0 1 
0 0 0 0 1 
0 0 0 1 0 
0 0 0 1 0 
0 1 0 0 0 
0 0.634861 0 0.365139 0 
0 0 1 0 0 
0 0 0 0 1 
0 0 1 0 0 
1 0 0 0 0 
0 0 0 0 1 
1 0 0 0 0 
0 0 0 1 0 
0 0.771024 0 0.228976 0 
0 0 0.729878 0.270122 0 
0 1 0 0 0 
1 0 0 0 0 
0 0.819714 0 0.180286 0 
0 0 0 1 0 
0 0 0 0.302405 0.697595 
0 0 1 0 0 
1 0 0 0 0 
0 0 0 1 0 
0 1 0 0 0 
0 1 0 0 0 
0 0 0 0 1 
0 0 0 0 1 
0 0 0 0 1 
0 0 0 0 1 
0 0 1 0 0 
1 0 0 0 0 
0 0 0 1 0 
1 0 0 0 0 
1 0 0 0 0 
1 0 0 0 0 
0 0 1 0 0 
0 0 1 0 0 
0 0 1 0 0 
0 0 0 1 0 
0 0 1 0 0 
1 0 0 0 0 
0 0 1 0 0 
0 0 1 0 0 
0 0 0 1 0 
0 0 0 1 0 
0 0 1 0 0 
0.191754 0 0.51649 0 0.291756 
1 0 0 0 0 
0 1 0 0 0 
0 0 0 1 0 
0 1 0 0 0 
1 0 0 0 0 
0 0 0 0 1 
1 0 0 0 0 
0 1 0 0 0 
0 0 0 0 1 
0 0 0 0 1 
