5 50
0.693037
0.73442
0.333285
0.609584
0.58607
9.95937 0.42322
8.48641 1.2644
8.47973 0.539022
8.01405 1.70621
7.74131 1.58346
7.32674 1.15734
7.2879 1.08249
7.16476 2.34672
7.02033 1.3478
6.53834 2.13532
5.95513 1.26698
5.77364 2.0987
5.42328 1.58834
4.9164 1.72598
4.84025 3.44597
4.56814 3.62396
4.48483 2.67669
4.31502 2.72319
4.18091 2.54621
3.9637 4.69789
3.95377 4.0155
3.95296 4.86379
3.78461 2.38041
3.55872 4.06073
3.51173 3.16204
3.29908 3.49621
3.23725 5.21919
2.24201 4.56507
1.91064 4.53222
1.82067 5.74197
1.57284 7.17229
1.31799 5.06377
1.16041 7.67291
1.06341 7.1915
1.00336 7.39458
0.98462 5.55017
0.662673 7.5061
0.590611 7.4069
0.50948 7.66345
0.451687 6.96069
0.362821 9.38287
0.338154 8.68974
0.190906 7.05871
0.136925 8.41192
0.12646 9.12628
0.0962467 9.66366
0.0762015 6.93697
0.0513249 9.12348
0.0144853 10.1597
0.0059582 7.92114
0 0 0 0 1 
0 0.289432 0 0.710568 0 
0 0.16202 0.83798 0 0 
0 0.364524 0 0 0.635476 
0 1 0 0 0 
0 1 0 0 0 
0 0 1 0 0 
0 0 0.424487 0 0.575513 
0 0 0 0.462738 0.537262 
0 0 0 1 0 
0.468212 0 0 0 0.531788 
0 0.323413 0 0.399529 0.277059 
0 0 0.374973 0 0.625027 
0 0.617117 0 0 0.382883 
0.388192 0 0 0.097192 0.514616 
0 0 1 0 0 
0.734282 0 0 0 0.265718 
0.362861 0 0 0.637139 0 
0 1 0 0 0 
0 0 1 0 0 
0 0 0.863301 0 0.136699 
0 0 0 0 1 
0.646904 0 0 0.353096 0 
0 0 0 0 1 
1 0 0 0 0 
0 1 0 0 0 
1 0 0 0 0 
1 0 0 0 0 
0 0 0 0 1 
1 0 0 0 0 
0 0 0 1 0 
1 0 0 0 0 
0 0.465955 0 0 0.534045 
0 0.4415 0 0.5585 0 
1 0 0 0 0 
0 0 1 0 0 
0 1 0 0 0 
1 0 0 0 0 
0 1 0 0 0 
0 0.491846 0.508154 0 0 
0.587994 0 0 0.412006 0 
0 1 0 0 0 
0 0.442924 0 0 0.557076 
0 0.364527 0 0.296496 0.338977 
0 1 0 0 0 
0 0 1 0 0 
0 0.256944 0 0 0.743056 
0 1 0 0 0 
0 0.557467 0 0.442533 0 
0 1 0 0 0 
