5 100
0.390065
0.619976
0.605953
0.425344
0.471809
11.3178 0.148702
9.69991 0.225467
9.40661 0.457839
8.73851 1.58279
8.18321 1.04347
7.8281 2.0753
7.34361 0.271669
7.05619 2.15471
6.7899 1.91076
6.63425 1.49097
6.60192 1.77645
6.38803 2.62382
6.16702 1.06328
6.10724 3.59362
6.07014 3.03116
6.04436 2.83577
5.69069 2.33723
5.55062 3.10586
5.40339 2.01662
5.3431 2.25896
5.297 3.5398
5.29532 1.47095
5.04904 2.89054
4.93952 3.67666
4.73328 3.82083
4.60625 2.65979
4.4466 2.42345
4.3456 3.77277
4.11392 2.95289
3.864 3.29638
3.8396 2.72747
3.76951 2.66823
3.72246 4.20726
3.60296 2.99634
3.52557 3.08362
3.4312 3.2736
3.40013 5.22493
3.3888 3.66936
3.35779 4.86547
3.34229 3.66243
3.2981 4.90111
3.17953 4.99405
3.08487 3.30116
2.97009 3.44706
2.92952 4.82192
2.86281 3.78447
2.61349 5.1094
2.58638 5.28935
2.55904 4.42789
2.43479 3.63472
2.34979 5.53217
2.33974 4.00509
1.90751 4.6411
1.85183 6.34397
1.79247 5.25171
1.68595 5.94939
1.62398 6.90662
1.56149 6.1823
1.37707 6.64967
1.35683 6.13478
1.19127 7.24322
1.1905 6.74551
1.17856 7.65102
1.15531 7.32838
1.10602 6.73345
1.07782 6.31113
0.95722 5.25569
0.950016 6.93226
0.91217 6.36329
0.910227 6.33932
0.868952 7.92847
0.848773 7.04231
0.820303 7.73556
0.738461 7.48762
0.683758 7.26462
0.598466 8.8646
0.573431 8.77674
0.476147 7.18802
0.476115 7.69349
0.410511 6.13046
0.382309 6.95548
0.353392 6.35295
0.349249 7.17315
0.300458 9.36019
0.291262 7.40744
0.226664 7.29563
0.207596 9.73421
0.200328 7.23212
0.143703 6.89587
0.125343 8.09306
0.113796 8.29139
0.103945 9.04562
0.0850094 7.06149
0.0705456 11.1373
0.0348515 9.44312
0.0221639 10.716
0.0103032 7.26566
0.00816611 8.04405
0.00644734 11.8148
0.00618805 9.81521
0 0 1 0 0 
0.403748 0.246529 0 0.349723 0 
0 0.361038 0.638962 0 0 
0 0 0 0 1 
0.417085 0 0 0 0.582915 
0.758774 0 0.241226 0 0 
0 0.262719 0.408404 0.328878 0 
0 0 1 0 0 
0 0 0 1 0 
0 0 0.400254 0 0.599746 
0.149439 0.190405 0.135039 0.525116 0 
0 1 0 0 0 
0.120122 0 0.39562 0.295371 0.188887 
0.322586 0 0 0.677414 0 
0.272671 0.241371 0.315699 0.170259 0 
0.0544201 0.207437 0 0.331146 0.406997 
0 0.45907 0.54093 0 0 
0 0.382455 0 0 0.617545 
0.40626 0.307529 0.28621 0 0 
0 0.45933 0.104786 0 0.435884 
0 0.78546 0 0.21454 0 
0 0 0.234733 0.438878 0.326389 
0 0.34313 0.31332 0 0.34355 
0.265885 0 0.734115 0 0 
0 0.199936 0.236088 0.361201 0.202774 
0 0 0 0.262481 0.737519 
0 1 0 0 0 
0.744558 0 0 0.255442 0 
0 0 0.194026 0 0.805974 
0.639196 0.143831 0 0.216973 0 
0.208022 0.34618 0 0.445798 0 
0 0.276259 0 0 0.723741 
0 0.296015 0.366967 0.337018 0 
0 0 0.343842 0.226665 0.429493 
0 0.174099 0.217518 0.170096 0.438287 
0 0 0.332822 0.464306 0.202872 
0 0 1 0 0 
0 0.342891 0.294843 0.183272 0.178994 
0 0.364264 0 0.635736 0 
0 0.819987 0 0 0.180013 
0 0.141181 0.517745 0.341074 0 
0 1 0 0 0 
0.128628 0 0 0.871372 0 
0.253301 0 0.239131 0.304038 0.20353 
0 0.209061 0.562095 0 0.228844 
0.0961845 0 0.512757 0 0.391059 
0 0 1 0 0 
0.708269 0.291731 0 0 0 
0 0 0.656765 0 0.343235 
0 0 1 0 0 
0 0.310124 0.441129 0.248746 0 
0.102199 0 0.339703 0.302581 0.255517 
0 0 0 1 0 
0 0.258157 0 0 0.741843 
0 0.370485 0.210361 0.308737 0.110416 
0.165832 0.187088 0.219071 0.428009 0 
0.297759 0.0518979 0.345405 0 0.304938 
0 0.507663 0 0.4282 0.0641365 
0 0 0 1 0 
0.466134 0 0.533866 0 0 
0 0 0 1 0 
0.486179 0 0 0 0.513821 
0.222256 0.134667 0.366244 0.0390915 0.237742 
0.284943 0 0.421078 0.29398 0 
0 0.500176 0 0.329855 0.16997 
0.294816 0 0.242708 0 0.462476 
0 0.241603 0.0908427 0.150626 0.516929 
0.293528 0.706472 0 0 0 
0.617917 0 0 0 0.382083 
0.338895 0.145508 0.333953 0 0.181643 
1 0 0 0 0 
0 0 0.262239 0 0.737761 
0.515508 0.484492 0 0 0 
0.810671 0.189329 0 0 0 
0 0.40409 0 0.59591 0 
0.420054 0 0.311301 0.268645 0 
0 0 0 0.54198 0.45802 
0.253925 0.200153 0.125219 0.19515 0.225553 
0 0.649683 0 0.252258 0.0980589 
0 0 0.206451 0 0.793549 
0 0.463914 0 0 0.536086 
0 0 0 0.232193 0.767807 
0 0 0.406455 0.198372 0.395173 
0.165819 0.280378 0 0.553803 0 
0 0 1 0 0 
0.157847 0.185525 0.49643 0.160199 0 
0.620677 0 0.245236 0.134087 0 
0 0 0.204398 0.652595 0.143007 
0 0 0 1 0 
0 0 0.283686 0.716314 0 
0.271532 0.728468 0 0 0 
0.589952 0.410048 0 0 0 
0.201415 0 0.424833 0 0.373752 
0.581087 0 0.418913 0 0 
0 0.610576 0 0.389424 0 
0 0.328539 0.220704 0.450758 0 
0 0.436467 0.154212 0.409321 0 
0 0 0.283403 0.716597 0 
0.303067 0 0.494015 0.202918 0 
0.288247 0.502245 0 0 0.209508 
