5 100
0.537286
0.59637
0.31183
0.735076
0.263001
11.6661 0.27487
11.2687 0.256056
10.6262 0.895717
10.5457 0.318145
8.83354 0.612424
8.5568 0.293217
8.19013 0.58035
7.41763 1.0809
7.34416 1.28181
7.32819 0.18593
7.06729 1.77657
7.01136 1.82011
6.37278 1.74813
6.12313 2.57364
5.82656 2.51293
5.81685 3.36194
5.77372 2.55301
5.76558 3.40695
5.66972 2.02087
5.37021 1.55014
5.29514 2.44948
5.15919 1.90777
5.15456 3.56212
5.07793 3.74914
5.07483 3.19208
5.02576 2.87503
4.98083 2.84036
4.47307 2.9133
4.35952 3.2357
4.14492 2.74804
4.04639 3.46202
3.99698 3.70284
3.82759 4.68922
3.74598 3.23841
3.71718 3.61612
3.70227 2.43446
3.55987 2.83288
3.55353 3.85958
3.22319 3.53606
3.18802 4.81726
2.8462 4.6262
2.84278 5.29372
2.58867 4.26151
2.45052 4.43682
2.4399 4.62628
2.39906 6.83835
2.36436 4.59683
2.33676 6.12615
2.33331 4.74871
2.27675 4.08065
2.21967 4.5035
2.17095 6.55563
2.15881 4.61825
2.1142 4.22884
1.85372 3.87894
1.80638 6.44246
1.66736 6.66091
1.64918 6.58832
1.64107 6.34139
1.62362 6.82579
1.60574 5.9038
1.57235 6.93034
1.45993 5.45169
1.3319 8.36829
1.31103 7.64813
1.29171 7.79902
1.26197 5.83197
1.20306 7.20301
1.19299 6.99151
1.18387 6.9639
0.99495 8.80843
0.965521 7.28634
0.948605 7.209
0.885964 6.55215
0.784024 7.12996
0.778435 7.26543
0.721952 7.57007
0.69269 7.41079
0.660535 7.17722
0.651406 5.74129
0.63617 8.88168
0.627728 8.06586
0.607287 7.01575
0.562187 7.65025
0.481573 9.80734
0.465246 7.29202
0.329283 9.56356
0.309974 7.23921
0.261489 7.11848
0.240832 8.25654
0.240135 6.46574
0.174488 7.04906
0.157984 8.42663
0.143792 7.33095
0.121763 7.42373
0.117159 8.76176
0.0739405 7.49444
0.0601839 10.1873
0.0373054 10.2802
0.0165503 11.1669
1 0 0 0 0 
0.253841 0.746159 0 0 0 
0 1 0 0 0 
0.2773 0.269824 0.162932 0.289943 0 
1 0 0 0 0 
1 0 0 0 0 
0.372304 0.19683 0 0 0.430866 
0.125121 0.416233 0 0 0.458646 
0.135687 0.34438 0 0.171455 0.348479 
0 0.157959 0.275363 0.26511 0.301567 
0.241567 0.509745 0.248688 0 0 
0 0 0.350913 0 0.649087 
0 0 0 0.504138 0.495862 
1 0 0 0 0 
0.265566 0.126369 0.417079 0 0.190985 
0 0.505096 0 0.494904 0 
0.314059 0.482629 0 0.203313 0 
0.3219 0.161135 0.325909 0.191056 0 
0.512571 0 0.12245 0.364979 0 
0 0.200901 0 0.449618 0.349481 
0 0.644402 0.355598 0 0 
0.18614 0.469452 0 0.10344 0.240968 
0 0.15739 0 0.535445 0.307165 
0.866049 0 0.133951 0 0 
0 0 1 0 0 
0 0.466732 0 0 0.533268 
0.513972 0 0.486028 0 0 
0 0.164012 0 0.439579 0.396409 
0.305648 0 0.454057 0 0.240295 
0.185435 0 0.43766 0 0.376905 
0.886885 0 0 0.113116 0 
0 0.551816 0.448184 0 0 
0 0 0 0 1 
0.698982 0 0 0 0.301018 
0 0.384817 0 0.615183 0 
0.797062 0 0 0.202938 0 
0 0 0.755182 0 0.244818 
0 0 0 0 1 
0.30408 0.242087 0.296402 0.157431 0 
0 0.365448 0.24868 0 0.385872 
0.386743 0 0.397361 0 0.215896 
0.374982 0.241734 0.112253 0 0.271031 
0.296394 0.342254 0 0.0620808 0.299271 
0 0.277123 0.24329 0.113468 0.366119 
0 0.643582 0 0.356418 0 
0.451632 0.209161 0 0.339207 0 
0 0.105463 0.347614 0 0.546924 
0.341826 0.204573 0 0 0.4536 
0.310723 0.218139 0.471138 0 0 
0.225112 0.0588567 0.307587 0 0.408444 
0 1 0 0 0 
0 0 0 1 0 
0 0 0.466368 0.533632 0 
0 0.286496 0.359893 0.353611 0 
0.0998043 0 0.348052 0.228796 0.323347 
0 0 0.201779 0 0.798221 
0.251683 0.302335 0 0 0.445981 
0 0.124128 0.429247 0 0.446625 
0 0.343706 0.385654 0 0.27064 
1 0 0 0 0 
0 0.497569 0.50243 0 0 
0 0.111312 0.525555 0 0.363134 
0 0 0 0 1 
0.328732 0.671268 0 0 0 
0 0.501431 0 0.175025 0.323543 
0 0 0.436294 0.563706 0 
0.239263 0.271776 0.0863729 0.169111 0.233478 
0 0 0 0 1 
0 0 0.287699 0.712301 0 
1 0 0 0 0 
0.307003 0.0862658 0 0.312917 0.293814 
0.066989 0.48285 0.14333 0.182198 0.124633 
0.643169 0 0.220455 0 0.136375 
0.643421 0 0.356579 0 0 
0 0 0.33945 0 0.66055 
0 0 0 0.704461 0.295539 
0 0 0 0 1 
0.460611 0 0.207301 0 0.332088 
0 0.396081 0.171693 0 0.432226 
0.072792 0.300145 0.309925 0 0.317138 
0 1 0 0 0 
0.171905 0.311734 0.248661 0.0663193 0.201381 
0.601048 0.192617 0.206335 0 0 
0 0 0.608883 0.391117 0 
0 1 0 0 0 
0 0 1 0 0 
0.424827 0 0 0.575173 0 
0.556407 0 0 0.443593 0 
0 0.506705 0 0 0.493295 
0 0.889411 0.110589 0 0 
0 0 0.486736 0 0.513264 
0.194066 0 0 0 0.805934 
0 0.361415 0.407464 0.231121 0 
0.623013 0.14345 0 0 0.233537 
0 0.228232 0.145044 0.626724 0 
0.602849 0.397151 0 0 0 
0 0 0 0.55671 0.44329 
0.199811 0.353878 0 0.253401 0.19291 
0 1 0 0 0 
0.15664 0 0.585378 0 0.257982 
