5 50
0.509514
0.571284
0.487678
0.579554
0.592051
10.3044 0.360671
10.2643 0.701256
9.0511 0.624541
8.82765 1.15498
7.69404 1.87678
7.60015 1.5794
6.83817 1.66192
6.81042 2.1477
6.67947 1.86162
6.51249 1.31519
6.10499 0.977101
5.58756 3.81163
5.47417 2.65766
4.85351 2.94848
4.59084 1.74148
4.30849 2.84567
4.21539 3.72454
4.20619 3.86556
4.18152 3.17759
4.07726 2.74918
3.9105 3.84355
3.60639 3.63585
3.19386 3.66466
3.17778 5.40824
2.92828 5.1804
2.51415 4.8123
2.44692 3.71354
2.02989 5.20318
1.90841 7.08864
1.72487 5.12583
1.37304 7.15762
1.20183 6.17913
1.15387 6.29513
1.01581 6.44577
0.830416 7.61097
0.792074 6.32096
0.659699 6.22533
0.549665 8.54075
0.419716 6.8144
0.347901 9.52379
0.255943 7.96124
0.225695 7.11111
0.195921 9.38647
0.106578 9.43242
0.0678207 8.18699
0.0651327 8.56888
0.0291601 10.2915
0.00411071 8.97639
0.00266856 10.2171
0.00128409 12.1577
0.597428 0.402572 0 0 0 
0.26734 0.0920815 0.312668 0.327911 0 
0.537144 0.136798 0.326058 0 0 
0.404433 0 0 0 0.595567 
0 0 0.5 0 0.5 
0 0.240061 0.254327 0.344508 0.161105 
0 0 0.3737 0.6263 0 
0 0 0.520413 0 0.479587 
0.26291 0 0.653284 0 0.083806 
0.0776074 0.179951 0.19775 0.166083 0.378609 
0.105045 0 0.51461 0.380345 0 
0.479717 0 0 0.333666 0.186617 
0.193535 0.301798 0 0.0892569 0.41541 
0.255165 0.261117 0.483718 0 0 
0.389099 0 0.0862367 0.124276 0.400389 
0.408581 0.121719 0 0.155848 0.313852 
0.36115 0.285176 0 0 0.353674 
0.198183 0.346538 0.339654 0.115625 0 
0.439807 0.158703 0.40149 0 0 
0.450657 0 0.549343 0 0 
0.28937 0.205235 0.116869 0 0.388526 
0 0 0.105962 0.627762 0.266276 
0.24594 0.239359 0 0 0.514701 
0.199396 0.318362 0.375395 0 0.106848 
0.461165 0.209683 0 0.329152 0 
1 0 0 0 0 
0 0 0.155058 0.400124 0.444819 
0 0 0 0.512517 0.487483 
0.297789 0 0.157605 0.3191 0.225506 
0 0 0.14069 0.85931 0 
0.589223 0 0 0.410777 0 
0.305059 0.555233 0.139708 0 0 
0.239164 0 0.197217 0 0.563619 
0 0.137795 0.180518 0.373629 0.308058 
0.321329 0.297726 0 0 0.380945 
0 0 0 0.469939 0.530061 
0 0.689532 0 0 0.310468 
0.426904 0.274 0.0689176 0.230178 0 
0.301919 0.382615 0.0748183 0.240647 0 
0 0.264186 0.443993 0 0.291821 
0 0.315477 0 0 0.684523 
0.174256 0 0.312748 0.512996 0 
0.411541 0.119569 0 0 0.46889 
0 0 0.341871 0.350774 0.307355 
0 0 0.355395 0.644606 0 
0 0.249487 0.395176 0.116775 0.238562 
0.127295 0.133922 0 0.371731 0.367051 
0.145322 0 0.854678 0 0 
0.128277 0 0 0 0.871723 
0 0.213326 0.30546 0.32903 0.152184 
