5 50
0.410268
0.504234
0.639615
0.702086
0.697493
11.6448 0.248284
10.0323 0.456245
9.92502 0.226422
9.76122 1.11925
7.69444 1.35544
7.37544 2.4742
7.26733 1.53322
7.12812 2.32663
7.00234 0.798559
6.91912 1.62818
6.02827 2.27769
5.66732 2.26684
5.62005 1.99518
4.91408 3.30856
4.9008 2.6444
4.55461 3.84538
2.96666 4.15387
2.72752 5.64604
2.67563 3.5528
2.58448 5.63468
2.03227 7.01279
1.77083 5.43554
1.21701 7.09244
1.19083 6.50267
1.18781 6.15744
1.16783 4.97834
1.01734 5.24745
1.00175 7.69103
0.982454 6.23659
0.975953 8.31094
0.862781 5.57648
0.82383 5.3278
0.720281 5.43637
0.538111 8.74087
0.507704 7.77787
0.461458 7.37812
0.378354 8.75368
0.291525 9.42594
0.272546 6.52088
0.245719 7.2853
0.206626 10.1956
0.185813 7.14963
0.142936 7.59397
0.0697923 11.0681
0.056483 11.2564
0.0278796 9.54636
0.0155854 8.0403
0.00830105 7.60036
0.00239194 10.3447
0.00228305 8.40757
0.539887 0 0.460112 0 0 
0 0.309854 0.0963205 0 0.593826 
0 0.506477 0.307816 0.185707 0 
0.472186 0.527814 0 0 0 
0.231983 0.31958 0.114904 0.333533 0 
0.220718 0.287462 0.265459 0.226361 0 
0.11359 0.544732 0.341679 0 0 
0 0 0 0.791054 0.208946 
0.285326 0.116627 0 0.431834 0.166212 
0 0.235194 0.378698 0 0.386107 
0.355928 0 0.067728 0.354367 0.221977 
0 0.494213 0 0.3021 0.203686 
0.401673 0.530733 0 0 0.0675938 
0.497265 0.417271 0 0.0854641 0 
0.27451 0 0 0 0.72549 
0 0 0.249247 0.750753 0 
0 0.200178 0.258416 0.313339 0.228067 
0 0.499824 0 0.500176 0 
0.11024 0 0 0.369806 0.519953 
0.248633 0.0944806 0.235413 0.278154 0.14332 
0.434858 0 0.565142 0 0 
0 0.264587 0.404697 0.0658667 0.264849 
0.155305 0.210184 0.257774 0 0.376737 
0 0 0.119661 0.417397 0.462942 
0.104856 0 0.539831 0.355314 0 
0.240255 0.413829 0.345916 0 0 
0 0.175074 0.496273 0 0.328653 
0.19005 0 0.207794 0.493912 0.108244 
0 0 0.619562 0.380438 0 
0 0.526806 0.110748 0 0.362446 
0 0.416796 0 0.372124 0.21108 
0.529192 0.470808 0 0 0 
0 0.225201 0.626436 0.148363 0 
0.271666 0.158199 0 0.357648 0.212487 
0 0.570344 0 0 0.429656 
0.275017 0 0.307335 0.295931 0.121718 
0.133695 0.197932 0.354323 0 0.314051 
0 0.525761 0.38025 0 0.0939894 
0.350844 0 0 0.208955 0.440201 
1 0 0 0 0 
0 0 0 0.467078 0.532922 
0.772748 0 0.227252 0 0 
0.266229 0.110694 0 0.283074 0.340002 
0 0.414379 0.087034 0.316632 0.181954 
0 0.529872 0 0 0.470128 
0.264812 0 0 0.735188 0 
0.602938 0.248463 0 0.148599 0 
0.274497 0.220927 0 0.504575 0 
0.362131 0.30582 0 0.131322 0.200728 
0 0.568494 0 0.1059 0.325605 
