5 50
0.451349
0.634912
0.321155
0.732159
0.565082
9.76551 0.996879
9.55817 0.513918
9.03981 1.10277
8.8062 0.385896
8.78089 0.320062
8.67612 1.53766
8.61729 0.179515
8.24565 2.29886
7.9791 1.0213
7.23945 2.47635
6.99434 2.39107
6.31793 0.730395
6.00097 2.72256
5.91189 3.08767
5.15859 2.88283
5.04218 3.63722
4.89567 2.2337
4.88665 2.67099
4.69768 3.45439
4.65792 3.90338
4.34382 2.98342
4.32583 4.63721
4.01793 4.36586
3.80944 4.29709
3.00908 3.73435
2.86301 5.41928
2.84589 3.5106
2.68202 4.55976
2.64803 4.5862
2.59081 5.4643
1.78984 5.28465
1.71765 6.91472
1.70542 5.59532
1.45927 4.91351
1.23425 5.40634
1.1673 7.32251
1.07053 7.06081
0.93119 8.105
0.779629 6.6076
0.759805 5.81228
0.730682 7.79587
0.529295 7.38423
0.309173 7.6608
0.283661 9.20764
0.255542 9.926
0.0438469 9.5345
0.0123054 9.27362
0.00907546 10.0052
0.0083113 7.63843
0.00325972 11.656
1 0 0 0 0 
0 0 1 0 0 
0 0 0 1 0 
0.58634 0 0 0 0.41366 
0 0 0 1 0 
0 0 1 0 0 
0.402272 0.597728 0 0 0 
0 0 1 0 0 
0 0 0 0.62301 0.37699 
0.325092 0 0 0.674908 0 
0 1 0 0 0 
0 0 0 1 0 
0.517812 0.482188 0 0 0 
0 0 0 0 1 
0.512611 0 0 0 0.487389 
0 0 0 1 0 
0 0 0 0 1 
1 0 0 0 0 
0 0 1 0 0 
0 1 0 0 0 
0 0 0 1 0 
0 0 0 0 1 
0 1 0 0 0 
1 0 0 0 0 
0 0 0.776944 0.223056 0 
0 0 1 0 0 
0 0 0 1 0 
0 0 0 0 1 
0 0 0 1 0 
0 0 0 1 0 
0 0 0 0.692331 0.307669 
1 0 0 0 0 
0 0 1 0 0 
0 0 1 0 0 
1 0 0 0 0 
1 0 0 0 0 
0.201457 0 0.798543 0 0 
0.38368 0 0.61632 0 0 
0 0 1 0 0 
1 0 0 0 0 
0 0 0 0 1 
0 0 0 0 1 
0 0 0 1 0 
0 0 1 0 0 
0 0 1 0 0 
0 0 1 0 0 
0 1 0 0 0 
1 0 0 0 0 
0 0 0 0 1 
0 0 0 0 1 
