5 50
0.368671
0.295076
0.463721
0.555353
0.414281
9.65765 1.17485
9.45805 0.406333
9.45677 1.09909
9.1861 1.05233
8.16879 1.01956
7.73896 0.309225
7.45048 2.32639
7.42865 1.69182
7.1671 0.617593
6.84472 1.37036
6.61707 0.79636
5.65142 2.78967
5.2154 2.2775
4.97973 2.43517
4.85324 3.22853
3.91498 4.80562
3.50642 3.38642
3.46967 4.10768
3.15308 3.15391
1.57137 6.30918
1.56145 4.811
1.50147 5.74734
1.21788 8.06742
1.11773 7.19618
1.11285 7.67375
1.06439 6.3863
1.01337 6.52109
0.990728 5.56912
0.866152 6.01599
0.731499 8.73104
0.703505 8.12912
0.689694 8.53921
0.609909 8.64021
0.462527 8.19949
0.455342 9.51787
0.431261 6.25064
0.322285 8.29146
0.249644 8.47961
0.178632 9.95036
0.133693 7.67434
0.119391 6.68539
0.103545 9.85721
0.101325 6.97988
0.0945926 7.1657
0.0638537 9.06127
0.044743 11.224
0.0277111 9.95632
0.0142467 10.1669
0.00684016 9.3811
0.00541116 7.6355
0.459173 0.275327 0.179784 0.0857162 0 
0.246124 0 0.155987 0.312776 0.285113 
0.16748 0 0.195175 0.637344 0 
0 0.436454 0 0 0.563546 
0.0903535 0 0 0.627195 0.282451 
0.369409 0.091226 0.244224 0.295141 0 
0.203532 0 0.26696 0.434068 0.0954398 
0 0.226955 0 0.529829 0.243216 
0 0 0 0.393031 0.606969 
0 0.439398 0.141744 0.191937 0.22692 
0 0 0 1 0 
0.412739 0 0.265287 0 0.321974 
0 0 0 0.803133 0.196867 
0 0.371314 0.628686 0 0 
0.439187 0 0 0.560813 0 
0 0.34499 0 0.439476 0.215534 
0.294452 0.388964 0 0 0.316583 
0 0 0.725526 0.274474 0 
0 0.441881 0.288087 0.270031 0 
0 0.690448 0 0 0.309552 
0.432083 0.27241 0.124224 0 0.171283 
0.764222 0 0 0.235778 0 
0 0.693958 0 0.306042 0 
0 0.534813 0.465187 0 0 
0.0916856 0.218337 0.35645 0.333528 0 
0 0.152617 0.263946 0.307643 0.275794 
0.313497 0 0.2883 0.338021 0.0601814 
0 0 0 0 1 
0 0 0 0.412138 0.587862 
0.330284 0 0.094084 0.26389 0.311742 
0.548462 0 0 0.451538 0 
0 0.359757 0.179877 0 0.460366 
0 0 0.393055 0.199331 0.407615 
0.125015 0 0.228674 0.41096 0.23535 
0.089587 0.392805 0.219591 0.298017 0 
0.390119 0 0 0.270727 0.339154 
0.205244 0.24197 0.298783 0.254003 0 
0 0.192181 0.354615 0.117533 0.335671 
0 0.378261 0.309642 0 0.312098 
0 0.257899 0 0.742101 0 
0.196192 0.523003 0.112956 0 0.167848 
0 0.188617 0.161387 0.166796 0.4832 
0 0.74148 0 0.25852 0 
0.240503 0.524424 0.235073 0 0 
0.16048 0.270541 0.0502701 0.276042 0.242667 
0.0619443 0 0.388911 0.549145 0 
0.58641 0.131584 0 0.169243 0.112763 
0.118136 0.45643 0.425435 0 0 
0.783382 0 0 0.113843 0.102775 
0.445192 0 0.554808 0 0 
