5 200
0.515557
0.728744
0.341998
0.475974
0.706267
12.0066 0.111924
11.4331 0.223837
10.8971 0.155633
10.3909 0.605159
10.3298 0.702399
10.0989 0.940766
10.0839 0.152434
9.88829 0.387004
9.86474 0.860246
9.84305 0.752207
9.36861 0.793758
9.21158 0.795444
9.11349 0.930376
9.10529 0.868069
8.80706 0.874628
8.78439 1.55544
8.78271 0.93836
8.67919 1.20749
8.50633 0.205874
8.48976 1.09301
8.45038 0.993248
8.14741 0.892
8.07191 0.72735
7.9305 1.15158
7.92542 1.27571
7.90104 1.35358
7.87134 0.701885
7.74206 0.330725
7.73935 0.880661
7.54474 2.37436
7.41638 1.72447
7.39118 1.5062
7.37865 0.242956
7.37849 1.56068
7.36731 0.284561
7.23365 0.344323
7.17535 0.883393
7.11793 0.518026
6.8869 1.93811
6.85574 1.82111
6.80473 1.63691
6.80192 1.4529
6.76384 1.92058
6.70073 1.84432
6.59077 0.862921
6.50622 2.00242
6.40005 2.04654
6.39575 2.33111
6.33879 1.50804
6.17794 2.08567
6.15083 1.88934
6.06188 1.84175
6.03001 1.82805
6.01705 1.97213
5.95938 1.74267
5.84569 1.84068
5.75253 3.27965
5.71255 2.40662
5.69924 1.6191
5.63899 1.43645
5.61117 2.48642
5.57966 1.68993
5.57008 3.19829
5.52773 1.74428
5.47217 2.13778
5.45252 2.66567
5.16942 2.65969
5.07178 1.91368
5.03214 1.94727
4.94197 3.68003
4.82655 3.3771
4.81013 2.88968
4.60856 3.23435
4.48409 4.28482
4.46693 3.03381
4.43218 3.22003
4.28857 3.04744
4.26982 2.99796
4.21439 3.61056
4.13363 5.1994
4.10428 2.46615
4.07206 2.55372
4.02125 4.14936
3.94286 3.24553
3.89934 3.30515
3.89428 3.21078
3.87109 4.50753
3.70354 3.90392
3.67743 2.82054
3.67153 4.55771
3.56904 3.33819
3.35279 3.76776
3.3005 4.41489
3.23649 5.22189
3.19715 3.97633
3.08758 4.97272
3.05866 4.87374
2.95689 3.90049
2.84898 3.65404
2.74635 4.93885
2.71834 4.4824
2.67247 4.939
2.67182 5.04566
2.4697 5.96239
2.4369 4.25751
2.41154 5.92876
2.38921 5.39016
2.36514 5.93786
2.34302 5.64769
2.30277 5.07748
2.26245 6.01896
2.20292 5.36497
2.19788 5.29913
2.10834 4.28501
2.07157 4.69642
2.0403 5.75689
1.97201 5.56671
1.89581 5.4086
1.87467 5.70694
1.78245 5.64922
1.73123 4.27861
1.69487 7.39273
1.66135 6.9441
1.63969 5.43287
1.59979 5.04974
1.58332 5.27968
1.51306 4.98759
1.49908 5.12146
1.35981 6.94877
1.35621 6.18697
1.19627 5.47211
1.13887 5.47736
1.07696 6.49346
1.03196 7.79165
0.954174 7.15286
0.93141 5.67963
0.848101 5.70508
0.813012 6.65781
0.783443 7.43782
0.764316 8.40727
0.714691 7.56074
0.678689 7.39719
0.669115 8.94851
0.643989 9.01054
0.63951 6.98523
0.633927 6.49201
0.631411 5.79781
0.625903 8.80212
0.616544 7.0627
0.573942 6.09884
0.558372 9.24581
0.540812 7.03256
0.521278 5.83357
0.495671 7.42097
0.493248 8.40233
0.485493 8.85223
0.482415 8.32796
0.451771 8.97992
0.447338 7.09996
0.38033 8.76942
0.347566 6.73651
0.344552 8.98207
0.330837 7.57179
0.314229 7.32503
0.314009 6.09973
0.285368 8.49792
0.279581 6.63628
0.25125 6.7486
0.229592 7.38956
0.227828 10.2675
0.224911 9.59005
0.219421 8.91916
0.206653 9.00078
0.204221 6.85993
0.196922 9.42392
0.156815 8.97956
0.154277 10.2918
0.124799 7.14215
0.0806406 10.5466
0.074341 7.37798
0.0741406 9.11721
0.0719232 10.031
0.0671464 9.03781
0.0654594 8.5535
0.0549807 8.57168
0.0529506 11.1539
0.0483689 7.36874
0.0432162 7.07632
0.0372168 10.7922
0.0246362 7.78683
0.0239991 8.54883
0.0220699 8.83671
0.0203947 10.7515
0.0152177 11.388
0.0147621 10.6837
0.0133264 11.5043
0.00948987 11.9573
0.00447638 8.80348
0.00369492 11.4678
0.00247726 10.2502
0 0 0.522532 0.477468 0 
0 0 0 1 0 
0 0 0.431745 0.568255 0 
0 0 0 0 1 
0 0 0 0 1 
0 0 1 0 0 
0 0 0.369193 0 0.630807 
0 0 1 0 0 
1 0 0 0 0 
0 0 0 0 1 
0 1 0 0 0 
0 0.618335 0 0.381665 0 
0 1 0 0 0 
0 0 0 0 1 
0 1 0 0 0 
0 1 0 0 0 
0.401445 0 0 0.598555 0 
0 0 0 0.420144 0.579856 
0.181918 0 0.314582 0 0.5035 
0 0 1 0 0 
0 0 1 0 0 
0 0 0 1 0 
0 0 1 0 0 
0 0 0 0 1 
0 0 1 0 0 
0 1 0 0 0 
0 1 0 0 0 
0 0 0.548187 0 0.451813 
0 0.26826 0.281086 0.321964 0.128691 
0.452235 0 0.547765 0 0 
0 0 0 1 0 
0 0 0 0 1 
1 0 0 0 0 
0.430116 0 0 0.569884 0 
0.392164 0 0 0 0.607836 
1 0 0 0 0 
0 0 0 0 1 
0 1 0 0 0 
0 0.458241 0.541759 0 0 
0.493666 0 0.506334 0 0 
0 0 0 0 1 
0.448285 0 0 0 0.551715 
0 0 0 1 0 
0 0 0 1 0 
0 0 0 1 0 
0 0.618654 0 0 0.381346 
0.396153 0 0.226066 0.377781 0 
0 0 0 1 0 
0 0 1 0 0 
1 0 0 0 0 
0 0 1 0 0 
0 0 0 0 1 
0 0 0.17529 0 0.82471 
1 0 0 0 0 
0.381784 0 0 0 0.618216 
0 0.612665 0 0 0.387335 
1 0 0 0 0 
0 0 0.373023 0 0.626977 
0 0 0 1 0 
0.460648 0 0 0.156322 0.38303 
0 0.805837 0 0 0.194163 
0 0 0 0 1 
0.139121 0.860879 0 0 0 
0 0.789938 0 0 0.210062 
0 1 0 0 0 
0 0.500171 0 0.499829 0 
0.370168 0.0868081 0.0969473 0.446077 0 
0 1 0 0 0 
1 0 0 0 0 
0 0.635287 0 0 0.364713 
0.601697 0 0 0 0.398303 
0 0 1 0 0 
0 0.455746 0 0.544254 0 
0 0 1 0 0 
0 0.687872 0 0.312128 0 
0 0 0 0 1 
1 0 0 0 0 
0 0 0 1 0 
0 0 1 0 0 
0 1 0 0 0 
0 0.345144 0 0.654856 0 
0 0 1 0 0 
0 0 0 1 0 
0 0 0 0.536343 0.463657 
0 0 1 0 0 
0 0 0 1 0 
0 0.492345 0.507654 0 0 
0 0 0.447062 0.552938 0 
1 0 0 0 0 
0 0 0 0 1 
0 0 0 1 0 
0 0 0 0.536787 0.463213 
0.519485 0.480515 0 0 0 
0.448553 0 0 0 0.551447 
1 0 0 0 0 
0 1 0 0 0 
0.25914 0 0.274983 0.183877 0.282 
0 0 1 0 0 
0 0 0 1 0 
0 0 0 1 0 
1 0 0 0 0 
0.23139 0.76861 0 0 0 
0 0 1 0 0 
0 0 1 0 0 
0 0 0 0.70566 0.29434 
0 0 0.627901 0 0.372099 
0 1 0 0 0 
0 0.343206 0.307461 0 0.349332 
0.570209 0 0.429791 0 0 
1 0 0 0 0 
0 0 0.554888 0.445112 0 
0 0 0 0 1 
1 0 0 0 0 
0 0.874763 0 0.125237 0 
0.400366 0 0.375032 0 0.224603 
1 0 0 0 0 
0 0 0 0 1 
0 0 0 0 1 
0.634158 0.365842 0 0 0 
0 0 1 0 0 
0.479997 0 0 0 0.520003 
1 0 0 0 0 
0 0 0 1 0 
1 0 0 0 0 
0 0 0 1 0 
0 0.702835 0.297165 0 0 
1 0 0 0 0 
0 0 1 0 0 
0.505376 0 0 0 0.494624 
0 0 0.184597 0.815403 0 
0 0.461322 0 0 0.538678 
0 0.884419 0 0 0.115581 
0 0 0.704365 0.295635 0 
0 0 0 0 1 
0 0.623149 0 0 0.376851 
0 0.288715 0.711285 0 0 
0 0 0 0 1 
0 0 0 1 0 
0 0 0 1 0 
0 0 0 1 0 
0 0 0 1 0 
0.0855929 0 0.462927 0 0.45148 
0.287193 0 0 0.193287 0.51952 
1 0 0 0 0 
0.20775 0 0.79225 0 0 
0 0 0 1 0 
0.274863 0 0.725137 0 0 
1 0 0 0 0 
0 1 0 0 0 
0.162459 0 0 0 0.837541 
0 1 0 0 0 
0 0 0.327238 0.672762 0 
0 1 0 0 0 
0 0.535083 0 0.464917 0 
0 0 0 0 1 
0 0.611734 0 0 0.388266 
0 0.494719 0 0 0.505281 
0 0 0 0 1 
0.566932 0 0 0.433068 0 
0.835328 0 0 0 0.164672 
0 0 0 1 0 
0 0.33842 0.508372 0.153208 0 
0.572371 0 0 0.10588 0.32175 
0.659455 0 0 0.340545 0 
0 0.471279 0.528721 0 0 
1 0 0 0 0 
0 0 1 0 0 
1 0 0 0 0 
0 1 0 0 0 
0 0.548388 0.451612 0 0 
0 0 1 0 0 
0 0 0 0 1 
0 0 0 1 0 
0 0.301711 0 0.361008 0.337281 
0 0.196816 0.491472 0 0.311712 
0 0 0 1 0 
0 0 0 1 0 
0 1 0 0 0 
0 0 0 1 0 
0 1 0 0 0 
0 0.355327 0 0.644673 0 
1 0 0 0 0 
0 0 0 1 0 
0 0.65856 0.34144 0 0 
0 1 0 0 0 
0 0 0 0 1 
0 0.417822 0 0 0.582178 
1 0 0 0 0 
0 0 1 0 0 
0 0.24672 0 0.75328 0 
0 1 0 0 0 
1 0 0 0 0 
0 0 0 1 0 
0 1 0 0 0 
0 1 0 0 0 
0.399139 0 0 0.143477 0.457384 
0 1 0 0 0 
0.580715 0 0.419285 0 0 
0 0.338087 0 0.661913 0 
0 0 0 0 1 
