5 150
0.372517
0.553934
0.26146
0.532739
0.33977
10.9589 0.301624
10.5125 0.619022
10.1535 0.813427
9.90023 0.87487
9.3902 1.11691
9.14575 1.08519
8.93677 1.16136
8.81279 1.18414
8.6607 1.02186
8.65834 0.600035
8.52457 0.326201
8.51834 0.625256
8.44994 0.911399
8.35991 1.1988
8.27464 0.41237
8.2244 1.13319
8.13777 0.293778
8.09754 0.31812
7.92684 1.08673
7.75056 0.848872
7.71444 1.0262
7.673 0.933675
7.32218 2.5544
7.24705 1.17732
7.14257 1.41467
7.11467 1.89787
7.00054 1.59247
6.8218 0.914108
6.67456 0.784723
6.65794 2.88446
6.40123 2.69278
6.21409 2.8641
5.95091 1.40135
5.83433 1.44972
5.74868 2.67761
5.72064 2.18459
5.61627 2.74185
5.57658 1.94245
5.41529 1.76058
5.21491 1.65687
5.19223 1.76192
5.05864 3.18352
4.89905 2.82812
4.87085 2.52013
4.75545 4.28268
4.69256 3.4989
4.67627 4.14796
4.63822 3.60901
4.56622 3.19988
4.52246 4.04638
4.42263 2.64862
4.40031 1.80747
4.39639 4.26621
4.35489 3.46556
4.28411 4.42367
4.14924 4.76665
4.10152 4.14841
3.92904 2.90436
3.91716 4.35852
3.80404 2.70057
3.79866 4.28223
3.67481 3.35645
3.66914 2.78184
3.66416 5.16239
3.58527 3.17893
3.56455 3.72745
3.45722 4.46396
3.45256 4.12612
3.41603 3.14159
3.36891 3.31077
3.31762 4.85171
3.27843 5.3944
3.1539 3.99383
2.97351 3.67053
2.92222 3.51496
2.91017 3.98629
2.86894 3.52293
2.71173 4.59555
2.64683 4.40209
2.58999 5.7912
2.39513 4.18157
2.32433 5.83424
2.29701 6.60855
2.28239 5.17101
2.25363 5.15742
2.19696 5.10277
1.84768 6.82087
1.73468 6.10628
1.61542 6.28791
1.60951 6.39158
1.55352 7.19609
1.54862 5.21704
1.52691 4.60861
1.49786 4.5955
1.45365 6.03618
1.37237 6.88602
1.3633 6.63414
1.34983 5.6561
1.29703 7.4991
1.23374 7.98018
1.10939 7.63849
1.06137 5.36347
1.05969 7.35015
1.03999 8.02949
1.03858 6.32057
1.01359 7.9731
1.01268 5.82554
0.946882 7.60339
0.942044 7.50841
0.938727 8.61893
0.911633 6.43061
0.848643 6.20078
0.818346 6.04371
0.689088 5.80029
0.656564 7.66047
0.584301 8.65433
0.571235 7.55273
0.528658 9.47076
0.52089 8.30985
0.495904 6.43073
0.479815 7.65386
0.468119 7.44248
0.417869 9.24627
0.393239 8.87651
0.371165 8.20813
0.343304 6.48965
0.304306 9.20735
0.286419 6.98819
0.246002 8.88102
0.223136 8.24487
0.190595 8.52022
0.187336 8.16586
0.178241 9.30239
0.14659 8.87943
0.140453 8.43521
0.131004 9.65892
0.112658 9.26131
0.104396 6.98561
0.102917 7.33326
0.0748547 7.23458
0.0668407 7.55144
0.0467932 10.604
0.0465195 9.32456
0.0398398 10.5059
0.0359362 9.48983
0.0300286 9.74961
0.0229263 8.69355
0.0210296 9.97054
0.0154589 10.6355
0.00717223 8.72633
1 0 0 0 0 
0 0 1 0 0 
0 0 1 0 0 
0.603894 0 0 0 0.396106 
0 0 0 0 1 
0 0 0 1 0 
0 0 0 0 1 
0 0 0 0 1 
0 0 0 0 1 
0 0 0 0 1 
0 0 0 0 1 
0 0 0 1 0 
0.31494 0.370943 0 0.314117 0 
0 0 0.823051 0 0.176949 
0 0 0 0 1 
0.352299 0.152544 0.495158 0 0 
0 1 0 0 0 
0 1 0 0 0 
0 0 0 1 0 
1 0 0 0 0 
0.718897 0.281103 0 0 0 
0 0 0 1 0 
0 1 0 0 0 
0.666694 0.200155 0.133151 0 0 
0 0.238516 0 0.761484 0 
0 0 1 0 0 
0 0 0 0.781651 0.218349 
0 1 0 0 0 
1 0 0 0 0 
0.310745 0 0 0 0.689255 
0 0 0 1 0 
0 1 0 0 0 
0 0 0.335249 0.188295 0.476456 
0 0 1 0 0 
0 0 0 1 0 
1 0 0 0 0 
0 1 0 0 0 
0 1 0 0 0 
0.452028 0 0.547972 0 0 
0.199557 0 0 0.800443 0 
1 0 0 0 0 
0 0.532961 0 0 0.467039 
0.447447 0.466775 0.0857785 0 0 
0 0 1 0 0 
0 0 0 0 1 
0.600035 0 0 0.399965 0 
0 1 0 0 0 
0 0 0 0 1 
0.242777 0.264462 0 0.492761 0 
1 0 0 0 0 
0 0.536381 0 0.463619 0 
0 0.752106 0.247894 0 0 
0 0.407048 0 0.592952 0 
0 0 0 0 1 
0 1 0 0 0 
0 0.395056 0 0.604944 0 
0 0 1 0 0 
0 0 1 0 0 
0 0 0 1 0 
0 0 0.545484 0.454516 0 
0 0 0 0 1 
0 0.0884975 0 0.593249 0.318254 
0 0 0 0.618944 0.381056 
1 0 0 0 0 
0 0.369255 0 0.630745 0 
0 0 0 1 0 
0.43385 0 0.56615 0 0 
0 0 1 0 0 
0.488468 0.511532 0 0 0 
0 0 0 1 0 
0 1 0 0 0 
0 1 0 0 0 
0.527806 0.472194 0 0 0 
0 0.515202 0.484798 0 0 
0 0 0.449189 0 0.550811 
0 0.24232 0.75768 0 0 
0 1 0 0 0 
1 0 0 0 0 
0.370521 0 0 0.629479 0 
0 0 1 0 0 
0.611229 0 0 0 0.388771 
0 0 0 0 1 
0 0 0.385533 0.614467 0 
0 1 0 0 0 
0.515664 0 0 0 0.484336 
0.201206 0.798794 0 0 0 
0 0.40152 0 0 0.59848 
1 0 0 0 0 
1 0 0 0 0 
0 0 0 0.256528 0.743472 
0 0 0 1 0 
0 0 0 0.643242 0.356758 
0 1 0 0 0 
0 0 1 0 0 
0 0 1 0 0 
1 0 0 0 0 
0 1 0 0 0 
0.190286 0 0.346093 0 0.463621 
0 0 1 0 0 
0 0.541598 0 0.458402 0 
0 0 0 1 0 
1 0 0 0 0 
0.494218 0 0 0.505782 0 
0 0.738959 0 0.261041 0 
1 0 0 0 0 
0 0.728491 0 0 0.271509 
1 0 0 0 0 
0 1 0 0 0 
1 0 0 0 0 
0 0 1 0 0 
0.421564 0 0 0 0.578436 
0 0 0 1 0 
0 0 0 1 0 
0 0 0.276525 0.723475 0 
0.30347 0 0.437626 0 0.258905 
0 0.7289 0 0.2711 0 
0 0.679916 0.320084 0 0 
0 1 0 0 0 
0 0 1 0 0 
0.554619 0 0.445381 0 0 
0.614662 0 0.385338 0 0 
0 0 0.873052 0 0.126948 
1 0 0 0 0 
0.676968 0 0 0 0.323032 
0.679348 0 0.320652 0 0 
1 0 0 0 0 
1 0 0 0 0 
0 0 0 0.822028 0.177972 
0 0 1 0 0 
0 0 0 1 0 
0.642209 0 0 0.357791 0 
0 0 0 1 0 
0 1 0 0 0 
1 0 0 0 0 
0 0 0 0 1 
0 0 0 1 0 
0.448262 0.551738 0 0 0 
0 0 0 0 1 
1 0 0 0 0 
0.393688 0 0 0.606312 0 
0.168825 0 0.313157 0 0.518018 
0 0 0.530952 0 0.469048 
0.503538 0.496462 0 0 0 
0 0 1 0 0 
0.432665 0.322697 0.244638 0 0 
0 0 0 0 1 
0 1 0 0 0 
0.491465 0 0 0.383622 0.124913 
0 0 0 1 0 
0.668384 0 0.331616 0 0 
