5 150
0.393376
0.650739
0.609554
0.722808
0.616878
11.4052 0.13663
11.3388 0.225347
11.2927 0.17094
10.7442 0.393789
9.97918 1.31016
9.86405 1.01379
9.68353 0.218769
9.1961 0.594637
9.179 0.909754
8.88202 1.0911
8.56688 0.67282
8.51271 1.5366
8.40669 0.938463
8.26198 0.508325
8.09896 0.991758
8.01071 0.124333
7.9495 0.786404
7.93581 1.06884
7.85733 0.897983
7.67058 0.755014
7.66661 1.20852
7.64077 1.56115
7.52011 2.21799
7.51986 1.58157
7.42944 1.28903
7.36646 0.249549
7.10748 0.40418
6.99078 0.978475
6.9685 1.58232
6.93372 1.76811
6.79869 1.63994
6.79103 1.91852
6.77345 1.06392
5.9557 1.31859
5.92638 3.43649
5.87158 1.78919
5.6511 2.81366
5.61116 2.82109
5.60816 3.12968
5.43581 1.69975
5.38412 2.53719
5.26548 2.57652
5.238 2.43003
5.19535 1.57752
5.03532 2.39682
5.00295 3.13122
4.95387 2.48418
4.79844 1.80936
4.79718 2.97073
4.56311 1.84955
4.46465 2.82922
4.33683 4.23455
4.27369 3.80142
4.2046 3.14566
4.19276 3.78218
4.1324 4.33719
3.99428 4.58735
3.96088 3.52938
3.78642 3.54073
3.43057 4.13391
3.35753 5.24299
3.33804 3.64496
3.30838 5.11084
3.29533 4.0373
3.2851 4.73401
3.09248 4.75382
2.95921 3.9841
2.85552 4.8962
2.70723 5.68901
2.57885 5.12372
2.48498 4.56718
2.35615 4.53889
2.24076 5.69618
2.16501 4.42686
2.1274 6.35003
2.10506 4.48196
2.03019 4.26931
1.91439 5.85879
1.88153 4.42977
1.85159 6.20608
1.83967 4.70649
1.74719 5.55412
1.72929 5.73887
1.6646 4.85904
1.64795 4.5111
1.6004 5.46409
1.53559 5.12703
1.51667 5.58132
1.49231 5.07484
1.44496 5.21298
1.43872 6.95125
1.37377 4.99985
1.27495 8.14403
1.26331 7.54633
1.25295 7.66001
1.23266 4.95087
1.20835 4.78712
1.02927 7.85262
0.97957 5.55691
0.892424 8.05512
0.857974 6.86611
0.831425 5.72041
0.806671 5.61855
0.780311 7.43517
0.75789 5.50156
0.715418 8.66689
0.713551 6.44308
0.670952 8.4671
0.619656 8.06414
0.60718 8.24631
0.555613 7.94967
0.490525 6.56095
0.478299 7.62017
0.473544 6.67343
0.460073 7.01018
0.445321 7.3354
0.432467 6.76313
0.4227 6.60576
0.41652 8.41822
0.383909 6.28701
0.373433 7.83474
0.355703 9.28281
0.340269 9.95672
0.282545 8.64493
0.262746 6.79152
0.250873 7.3607
0.228403 8.22991
0.174726 8.83388
0.170967 9.2889
0.158483 7.50571
0.153456 10.4626
0.123343 7.04164
0.117275 6.77626
0.100273 7.67346
0.0944478 9.39473
0.0766548 8.6656
0.0533337 7.90338
0.0439962 10.7861
0.0235653 9.94365
0.0208308 7.96571
0.0202726 9.29187
0.0155448 8.41034
0.0139512 7.79166
0.0135547 8.32336
0.0107602 9.74452
0.00945383 10.3587
0.0086412 8.95109
0.00597905 10.3461
0.00219842 8.75573
0.00125155 9.31012
0 0.652691 0 0 0.347309 
0.24264 0 0.322177 0.435183 0 
0.550724 0 0.449276 0 0 
0 0.469053 0.291567 0.23938 0 
0.40285 0 0.261971 0 0.335179 
0 0 0.199858 0 0.800142 
0.808786 0 0 0 0.191214 
0 0 0.357507 0 0.642493 
0.179808 0.356221 0.463971 0 0 
1 0 0 0 0 
0.498592 0.501407 0 0 0 
0 0 1 0 0 
0.430982 0 0.0536522 0 0.515366 
0 0.540204 0 0.459796 0 
1 0 0 0 0 
0 0 0 0 1 
0 0.786642 0 0.213358 0 
0.348984 0.167239 0 0.483777 0 
0 0 0 1 0 
0 0.183831 0.474049 0 0.342121 
0.204819 0.199879 0 0 0.595302 
0.156718 0.424347 0 0.418935 0 
0 0.833719 0.166281 0 0 
0 0 1 0 0 
0 0 1 0 0 
0.51485 0 0 0 0.48515 
0.222971 0.0877181 0.243485 0.219813 0.226013 
0 0.428043 0.167624 0 0.404334 
0 0.827918 0 0 0.172082 
0 0 0.399632 0.600368 0 
0.34057 0.0897739 0.203842 0.102842 0.262973 
0 0.256003 0.0583492 0.318953 0.366694 
0.405567 0 0 0.594433 0 
0 0 1 0 0 
0.502344 0 0 0.369153 0.128504 
0 0.437254 0 0 0.562746 
0 0 0.451855 0 0.548145 
0 0.151047 0 0.848953 0 
0 0 0 1 0 
0 0 0 0 1 
0 0 0.236336 0.763664 0 
0 1 0 0 0 
0 0.529415 0.193829 0.276756 0 
0.203108 0.408928 0.387963 0 0 
0 0 0.266327 0.554376 0.179297 
0.507855 0.153104 0 0.339041 0 
0 0.521265 0 0.478735 0 
0.31419 0.298785 0 0.185954 0.201071 
0.789904 0 0.210096 0 0 
0.552005 0.447995 0 0 0 
0.419705 0.149227 0.181307 0 0.24976 
0.443405 0.112806 0 0.44379 0 
0.200865 0.140259 0.0916227 0.248564 0.318689 
0 0.331575 0.126343 0 0.542082 
0 0.200149 0.446865 0.352986 0 
0.481323 0.183723 0 0 0.334953 
0 0 0 0.584592 0.415408 
0 0 0 0.702407 0.297593 
0 0 1 0 0 
0 0.680089 0 0 0.319911 
0.359706 0.370311 0 0.269983 0 
0 0 0 0.520079 0.479921 
0 0 0.558232 0.441768 0 
0 0.62043 0 0.37957 0 
0.174141 0.571215 0.254644 0 0 
0 0.357969 0.126451 0.302391 0.213189 
0 0 1 0 0 
0 0 0 1 0 
0 0.668823 0.171113 0.160064 0 
0.203021 0.225567 0.340521 0 0.23089 
0.278371 0 0 0.305014 0.416615 
0 0.572378 0 0 0.427622 
0 0.367834 0 0.253754 0.378413 
0.506281 0 0.493719 0 0 
0.316434 0.46071 0 0.222857 0 
0.299078 0.464972 0 0.23595 0 
0.689498 0 0 0.310502 0 
0.527956 0 0 0.472044 0 
0.241261 0 0.447223 0 0.311517 
0.156439 0 0.415915 0.285406 0.14224 
0.232452 0.499484 0.268064 0 0 
0.281578 0.304011 0 0.292676 0.121735 
0.0696787 0.402318 0 0.40517 0.122834 
0 0 0 0.369393 0.630607 
0 0 0.312638 0 0.687362 
0.472203 0 0.527797 0 0 
0.442633 0.441323 0.066145 0 0.0498991 
0 0 0 1 0 
0.216258 0 0.783742 0 0 
0 0.47963 0.249335 0.271035 0 
0.583574 0.201559 0.102701 0 0.112165 
0.229033 0 0.634141 0.136826 0 
0.543189 0 0.121758 0 0.335053 
0.396665 0 0.191063 0 0.412272 
0.418451 0.581549 0 0 0 
0 0 0 0 1 
0 0 0.714681 0.285319 0 
0 0.149301 0.668278 0 0.182422 
0.463903 0 0 0 0.536097 
0.0655928 0.151627 0.114927 0.347291 0.320562 
0.354966 0.104952 0 0.540082 0 
0.464697 0 0 0 0.535303 
0.0611545 0.319938 0 0.528604 0.0903036 
0.187958 0 0 0.45739 0.354652 
0.426421 0 0 0.142123 0.431457 
0 0 0.232014 0 0.767986 
0 0 1 0 0 
0.440576 0 0.242341 0.0992568 0.217826 
0.476057 0 0.364348 0.159596 0 
0 0.0717524 0.389209 0.539038 0 
0.322427 0.062951 0 0.413573 0.201049 
0 0.414965 0 0.489817 0.0952178 
0 0 1 0 0 
0 0.364717 0.278767 0.356516 0 
0 0.747352 0.252648 0 0 
0.2163 0 0 0.640149 0.143552 
0 0 0.544936 0.455064 0 
0.431496 0.35873 0 0 0.209774 
0 0.461767 0.345933 0 0.1923 
0 0 0.893087 0.106913 0 
0.486233 0.513767 0 0 0 
1 0 0 0 0 
0 0.187437 0 0.449359 0.363204 
0 0.196097 0 0.427706 0.376197 
0 0.502787 0 0.355389 0.141824 
0.119222 0.438278 0.4425 0 0 
0 1 0 0 0 
0.376933 0.508156 0.114911 0 0 
0.0662548 0.171677 0.184088 0 0.577979 
0 0.111633 0.336185 0.198138 0.354043 
0 0 0 0.217631 0.782369 
1 0 0 0 0 
0 0 0.525613 0.0633044 0.411083 
1 0 0 0 0 
0 0 0 0 1 
0.204485 0.293497 0.245264 0.11471 0.142044 
0 0.28622 0.71378 0 0 
0 0.391786 0.608214 0 0 
0.318765 0.226206 0 0.137224 0.317805 
0 0.352754 0.647246 0 0 
0 0.56215 0 0.43785 0 
0.399061 0.600939 0 0 0 
0 0.241436 0 0.104483 0.654081 
0 0.527673 0.472327 0 0 
0 0.233901 0.158289 0.0708866 0.536924 
0 0 0 0.638256 0.361744 
0 0 0 1 0 
0.435609 0.564391 0 0 0 
0 0 1 0 0 
0.27429 0.165249 0 0 0.560461 
