5 150
0.555994
0.43833
0.318987
0.682615
0.559107
10.7974 0.184291
10.6288 0.284181
10.3049 0.252679
10.0518 0.35497
9.64594 0.755917
9.25187 1.59902
8.95378 0.953108
8.88865 0.341329
8.7966 0.558076
8.65112 1.26995
8.32823 1.0029
8.23721 0.256873
7.84356 0.934365
7.7724 1.12043
7.76142 0.998482
7.7153 1.58456
7.63978 0.56414
7.28793 0.988558
7.23637 0.338438
7.19851 1.35868
7.13935 2.36094
6.98904 2.06558
6.79995 1.36692
6.69538 1.10377
6.58998 3.13868
6.58835 1.58671
6.54839 2.71993
6.53 0.913125
6.52486 2.08633
6.35397 2.56291
6.34413 1.88878
6.21993 1.1036
6.02551 1.58576
5.97924 3.0121
5.83184 2.78325
5.7512 2.66957
5.68862 2.48959
5.4611 2.68076
5.42534 3.50704
5.24362 2.01601
5.10631 3.98065
5.0024 2.81123
4.9353 2.2015
4.92503 3.08853
4.90002 3.4635
4.58593 3.96591
4.51256 2.86026
4.26454 4.00485
4.24431 2.81262
4.17075 3.45935
4.14368 2.80949
4.00187 5.04134
3.81938 3.79793
3.79862 3.35585
3.74286 5.19046
3.74276 3.64865
3.74033 3.79985
3.57596 2.65364
3.47069 4.69679
3.43038 3.66141
3.35722 3.42365
3.32687 4.5534
3.3176 5.20408
3.25759 5.91704
3.12458 4.90547
3.05823 3.58906
3.0495 3.32291
3.00992 3.73316
2.99334 3.81489
2.84034 4.01641
2.74621 4.8345
2.66831 5.06574
2.62613 4.63663
2.59227 5.23652
2.55675 5.06957
2.50916 4.20874
2.48262 3.72034
2.41756 4.28131
2.24565 4.83296
2.15675 5.18654
2.12591 4.4988
2.1096 5.50128
2.10951 4.40812
1.90343 4.19311
1.84462 5.00076
1.81548 4.60145
1.75848 5.97489
1.73177 5.71338
1.70328 6.9034
1.60931 6.06782
1.59196 5.21525
1.52022 7.77024
1.45891 5.45044
1.4539 7.257
1.3117 6.42379
1.27569 5.76867
1.01216 8.24614
1.00347 5.99272
1.00293 7.677
0.964537 5.89661
0.907782 8.66047
0.858586 5.67504
0.824057 6.61681
0.682148 8.54132
0.652045 6.71305
0.647756 9.11796
0.645215 7.33387
0.627772 8.86883
0.616715 8.98358
0.606239 6.55788
0.473957 7.74371
0.449165 7.24633
0.440506 8.5857
0.431682 6.2469
0.32349 8.25292
0.304414 8.76435
0.295911 10.5039
0.255269 8.47305
0.242035 7.52191
0.220081 9.01729
0.206626 7.39906
0.203869 7.0224
0.185631 7.43808
0.180034 8.22225
0.178403 10.2631
0.157106 8.29899
0.154057 10.5648
0.152285 7.09814
0.131829 10.2317
0.13101 7.92959
0.126125 8.67159
0.118699 6.86561
0.114129 9.86611
0.0967079 7.00386
0.0961187 7.61645
0.0906786 8.77563
0.0767889 9.69201
0.0714368 9.24862
0.0475099 9.4269
0.0444191 7.92095
0.0115954 8.57002
0.00929833 9.62332
0.00917304 7.45674
0.00685325 10.6657
0.00620843 8.22408
0.00403694 9.49793
0.00316152 11.313
0.00215225 9.92469
0.00205412 8.99429
0.000958804 8.80202
1 0 0 0 0 
0 0 0 0 1 
1 0 0 0 0 
1 0 0 0 0 
0 1 0 0 0 
0 1 0 0 0 
1 0 0 0 0 
0 0 0 1 0 
0 0 0 1 0 
0 1 0 0 0 
0 0 0 0 1 
0 0 0 0 1 
1 0 0 0 0 
1 0 0 0 0 
0 0 1 0 0 
0 0 1 0 0 
0 0 0 0 1 
1 0 0 0 0 
0 1 0 0 0 
0 1 0 0 0 
0 1 0 0 0 
1 0 0 0 0 
0 0 0 1 0 
0 1 0 0 0 
0 0 0 0 1 
1 0 0 0 0 
0 0 0 0 1 
0 1 0 0 0 
1 0 0 0 0 
0 1 0 0 0 
0 1 0 0 0 
1 0 0 0 0 
0 0 0 0 1 
0 1 0 0 0 
0 0 0 0 1 
0 0 0 1 0 
1 0 0 0 0 
0 0 0 1 0 
1 0 0 0 0 
0 0 0 1 0 
0 0 1 0 0 
0 1 0 0 0 
0 0 1 0 0 
1 0 0 0 0 
0 1 0 0 0 
0 1 0 0 0 
0 0 0 0 1 
0 1 0 0 0 
0 1 0 0 0 
1 0 0 0 0 
0 1 0 0 0 
0 0 0 0 1 
0 0 0 0 1 
0 0 0 1 0 
0 1 0 0 0 
1 0 0 0 0 
0 0 0 1 0 
0 1 0 0 0 
1 0 0 0 0 
1 0 0 0 0 
0 0 1 0 0 
1 0 0 0 0 
1 0 0 0 0 
0 1 0 0 0 
0 0 1 0 0 
0 0 1 0 0 
0 0 0 1 0 
0 0 0 1 0 
0 0 1 0 0 
0 0 0 0 1 
0 1 0 0 0 
0 1 0 0 0 
1 0 0 0 0 
0 0 0 0 1 
0 0 0 0 1 
1 0 0 0 0 
1 0 0 0 0 
0 1 0 0 0 
1 0 0 0 0 
1 0 0 0 0 
0 1 0 0 0 
1 0 0 0 0 
1 0 0 0 0 
1 0 0 0 0 
0 0 0 0 1 
0 0 0 0 1 
0 0 1 0 0 
0 0 0 0 1 
0 1 0 0 0 
0 0 1 0 0 
0 0 0 1 0 
0 0 0 1 0 
0 1 0 0 0 
0 1 0 0 0 
0 1 0 0 0 
1 0 0 0 0 
0 0 0 1 0 
1 0 0 0 0 
1 0 0 0 0 
0 0 0 1 0 
0 1 0 0 0 
0 0 0 0 1 
0 0 0 0 1 
0 0 0 0 1 
0 0 0 0 1 
1 0 0 0 0 
0 0 0 0 1 
1 0 0 0 0 
0 0 0 1 0 
0 1 0 0 0 
0 1 0 0 0 
0 0 1 0 0 
0 0 0 0 1 
1 0 0 0 0 
1 0 0 0 0 
0 0 0 1 0 
0 0 0 0 1 
0 1 0 0 0 
0 0 1 0 0 
0 0 0 0 1 
1 0 0 0 0 
0 0 0 0 1 
1 0 0 0 0 
1 0 0 0 0 
0 0 0 1 0 
0 0 0 0 1 
0 0 0 0 1 
0 0 1 0 0 
0 0 0 0 1 
0 0 1 0 0 
0 0 1 0 0 
0 0 0 1 0 
0 0 0 0 1 
1 0 0 0 0 
0 0 0 1 0 
0 0 0 1 0 
0 0 0 1 0 
1 0 0 0 0 
1 0 0 0 0 
0 0 1 0 0 
0 1 0 0 0 
0 0 1 0 0 
0 0 0 1 0 
0 0 1 0 0 
0 0 0 1 0 
0 0 0 1 0 
0 1 0 0 0 
0 0 0 0 1 
0 0 0 0 1 
0 0 1 0 0 
