5 150
0.617397
0.351627
0.38567
0.265458
0.353839
11.6557 0.106417
11.5908 0.356895
11.5187 0.203839
11.4249 0.266862
11.1244 0.456608
11.0465 0.347798
10.8112 0.416752
10.4536 0.407675
10.4469 0.163188
9.86177 0.267978
9.44414 0.95604
8.85003 0.361046
8.7973 1.13223
8.6626 0.697775
8.37671 1.81913
8.34957 0.373747
8.28083 1.4489
8.22113 0.26193
8.15074 1.67315
7.87883 0.201353
7.73518 1.43556
7.65328 1.15677
7.60181 0.291207
7.48043 0.617949
7.28595 2.25957
7.15978 2.5778
7.10076 1.7959
7.0136 1.47619
6.98299 2.22542
6.8694 0.570014
6.83103 1.40402
6.82959 1.16092
6.79873 0.879304
6.71874 0.835166
6.54027 1.64217
6.47653 2.38198
6.47606 1.1797
6.42944 1.67224
6.33976 2.87462
6.31591 1.2745
6.11872 2.02882
6.0932 3.03007
5.98009 1.39776
5.6434 2.26908
5.25504 1.91291
5.23801 2.49023
5.17774 2.8503
5.08727 2.51839
5.03017 3.07114
5.02588 1.62187
5.02331 1.45822
5.0008 3.11668
4.80481 2.98665
4.73425 3.45934
4.72094 2.59589
4.56831 3.16002
4.36901 4.67961
4.33743 3.15008
4.21127 2.56084
4.18271 3.75874
4.16996 3.98802
4.11947 4.33631
4.04819 2.34503
4.04593 2.24052
3.83296 4.90277
3.73442 3.95737
3.73004 3.48552
3.66385 5.32867
3.65496 3.049
3.64134 3.37938
3.62965 5.0156
3.52367 4.64211
3.32199 3.99623
3.28373 3.63939
3.24686 3.97719
3.19616 3.77581
3.17905 2.83901
2.9699 4.89416
2.90394 5.60248
2.89846 5.69252
2.82495 4.49422
2.67931 4.01425
2.66156 4.17673
2.64624 4.05566
2.57095 4.58982
2.47063 4.96135
2.37684 5.39223
2.31246 3.72509
2.30596 3.77023
2.23892 6.39156
2.16452 6.44158
1.94635 5.79054
1.87899 5.87638
1.84427 6.02635
1.8349 6.768
1.81486 5.43468
1.6533 4.87123
1.61273 7.7816
1.43422 5.5444
1.42617 6.7095
1.27186 7.77401
1.19284 6.53944
1.08962 7.23737
1.06823 6.11491
1.05306 7.94625
1.05143 6.40631
1.04032 7.65118
1.0069 5.84879
0.789276 5.4216
0.745311 7.69199
0.675079 8.2249
0.662924 8.2196
0.646772 6.19654
0.646082 7.2567
0.598653 7.60872
0.526593 8.43986
0.504813 7.47925
0.501313 6.14829
0.453083 7.55532
0.401963 6.12771
0.381831 8.35284
0.370666 7.54686
0.333814 8.08751
0.302211 8.2533
0.299361 9.83638
0.272292 7.88866
0.25948 6.77869
0.255347 10.3136
0.235837 10.393
0.199313 10.0961
0.150619 9.24253
0.145559 10.8861
0.142024 7.87274
0.134087 9.1608
0.10306 8.85653
0.0940997 8.24798
0.0684836 9.94042
0.065306 9.2645
0.0623526 7.88264
0.0571241 8.54053
0.0486859 9.45858
0.0414086 8.74428
0.0241674 9.87651
0.0203004 8.88882
0.0122005 11.3259
0.00972038 8.16038
0.00778068 10.3568
0.00703751 11.8675
0.00212987 9.43108
0.00181904 7.70814
0.584001 0.158395 0.257604 0 0 
0.426617 0 0 0.573383 0 
0.566126 0 0 0 0.433874 
0.369945 0.281897 0.348158 0 0 
0.211628 0.396551 0.0625193 0.329302 0 
0 1 0 0 0 
0 1 0 0 0 
0 0 0 1 0 
0.590495 0 0 0.409505 0 
0.130019 0 0.869981 0 0 
1 0 0 0 0 
0.676054 0 0 0.323945 0 
0 0.255551 0 0.744449 0 
0.390173 0 0 0 0.609827 
0.182333 0 0 0.501728 0.315939 
0.174505 0.123442 0 0 0.702053 
0.437867 0 0.562133 0 0 
1 0 0 0 0 
0 0 0 0 1 
0 0 0 0 1 
0 0 0.161708 0.838292 0 
1 0 0 0 0 
0.424201 0 0.0775118 0 0.498287 
0.744396 0 0 0.255604 0 
0 0 0.316573 0 0.683427 
0.353148 0 0.166166 0 0.480686 
0 0 1 0 0 
0 0 0 0 1 
0.0973607 0.428381 0.474258 0 0 
1 0 0 0 0 
0.541405 0.458595 0 0 0 
0.630287 0.369713 0 0 0 
0.432851 0 0 0.567149 0 
0.348089 0 0.651911 0 0 
0.838751 0 0 0.161249 0 
0 0 1 0 0 
0.401521 0.420041 0 0.178438 0 
0 0.323247 0 0.447103 0.22965 
0.388574 0 0 0.197221 0.414205 
0 0 0 0.843753 0.156247 
0 0.386053 0 0 0.613947 
0 0 0 0 1 
0 0 1 0 0 
0 0.608108 0.391891 0 0 
0 0 1 0 0 
0 1 0 0 0 
0 0 0 0 1 
0 0 0 0 1 
0.245056 0 0.384174 0 0.37077 
0.377667 0.229693 0 0.253507 0.139133 
0.327198 0 0 0.672802 0 
0.300254 0 0.699746 0 0 
0 1 0 0 0 
0 1 0 0 0 
0.194879 0 0 0.272566 0.532554 
0 0.377603 0 0 0.622397 
0.443259 0 0.556741 0 0 
0.223608 0 0 0.378274 0.398118 
0 0 0.468659 0 0.531341 
0 0.304634 0.0648347 0.157906 0.472625 
1 0 0 0 0 
0.239753 0.450385 0 0.309862 0 
0.657948 0 0.112126 0 0.229926 
0.444388 0.123542 0 0.43207 0 
0 0 0 0 1 
1 0 0 0 0 
0 0 0 1 0 
0 0 0 0.233754 0.766246 
0 0.585241 0 0 0.414759 
0.417569 0 0.582431 0 0 
0.585117 0 0 0.414883 0 
0 0.523993 0 0.476007 0 
0 0.244747 0.383475 0 0.371778 
0.708885 0 0.291115 0 0 
0 0.258766 0.161327 0.579907 0 
0 0 0.449246 0 0.550754 
0 0.220829 0 0 0.779171 
0 0 0 0 1 
0 0.573369 0 0.426631 0 
0 0 0 0 1 
0.309645 0 0 0.468874 0.221481 
0 0 0 1 0 
0.492534 0 0.422212 0 0.0852538 
0 0 1 0 0 
0 0 1 0 0 
0 1 0 0 0 
0.348902 0.155796 0.344319 0 0.150983 
0.420425 0.579575 0 0 0 
0 0 0 1 0 
0 0 0 0.25873 0.74127 
1 0 0 0 0 
0 0 0 1 0 
0 0.263469 0.389667 0 0.346864 
0.589467 0 0.134469 0.276064 0 
0 0 0.280868 0.719132 0 
0 0 0.354243 0 0.645757 
0 0.411461 0 0 0.588539 
0 0.440792 0.477127 0 0.0820817 
0 0.166126 0 0.833874 0 
0.178092 0.303544 0 0.518364 0 
0 0.451875 0.548125 0 0 
0 0.55594 0 0.44406 0 
0.659096 0 0 0.340904 0 
0 0.807782 0 0.192218 0 
0 0 0 0 1 
0 0 0 0 1 
1 0 0 0 0 
0 0.636127 0 0.363873 0 
0 0.455569 0 0.544431 0 
0 0 0 0 1 
0 0 0 0 1 
0 0 1 0 0 
0.460145 0.464952 0.0749024 0 0 
0 0 0.496182 0 0.503818 
0 0.401174 0 0.144334 0.454492 
0 0 0.418665 0 0.581335 
0.356394 0 0.295867 0 0.347739 
0.504014 0 0 0.495986 0 
0 0 0 1 0 
0.598931 0 0 0 0.401069 
0.241483 0.758517 0 0 0 
0.406241 0.344273 0 0.146569 0.102917 
0.146401 0 0.251887 0.601711 0 
0 0 0.346921 0.653079 0 
0 0.722836 0 0 0.277164 
0 0 0 0.519015 0.480985 
0 0 0.608422 0 0.391578 
0.486066 0 0.513934 0 0 
0 0.535797 0 0 0.464203 
0 0.359249 0 0 0.640751 
0.120627 0.303648 0 0 0.575725 
0 1 0 0 0 
0.245955 0 0.651137 0.102908 0 
0 0.478949 0 0.352755 0.168295 
1 0 0 0 0 
0 0 0 1 0 
0 0.358971 0 0 0.641029 
0.498855 0 0.501145 0 0 
0.837342 0.162658 0 0 0 
0.0953935 0.415625 0.179636 0.309346 0 
0.210277 0 0.0957563 0.328675 0.365292 
0 0 1 0 0 
0 0 0 1 0 
0 0.526223 0 0.473777 0 
0 0.555661 0 0 0.444339 
0 0.482244 0.34725 0.170505 0 
0.1587 0 0.410741 0 0.430558 
1 0 0 0 0 
0 0 0 1 0 
0.53272 0 0 0.46728 0 
