5 100
0.741941
0.559588
0.4033
0.713374
0.683326
10.3163 0.519374
9.94568 0.208451
9.86883 0.168937
9.65265 0.279474
9.41475 0.350075
8.76569 1.2975
8.6482 0.440849
8.6145 1.339
8.48128 1.16615
8.24166 0.306057
8.02138 2.05546
7.93575 1.53626
7.7554 2.24039
7.63839 0.567612
7.60789 1.09732
7.58535 0.907331
7.58453 1.92139
7.58068 0.148488
7.43525 1.47496
7.11509 2.30581
6.92346 2.80068
6.77849 1.91407
6.5138 1.65177
6.45206 2.31066
6.38524 0.8018
6.29288 1.59677
6.28054 2.11765
6.25647 0.994202
6.02099 3.38684
5.91996 2.01034
5.78666 2.6814
5.73747 2.23203
5.22979 2.55476
5.17971 3.91359
5.08191 3.46965
4.67917 2.04065
4.65826 2.7321
4.40405 2.10553
4.3611 3.94635
4.15669 4.98311
3.87635 4.07755
3.8718 2.47168
3.77531 2.77189
3.77104 4.02362
3.70944 3.55713
3.37222 4.31643
3.36615 3.51788
3.33514 4.59568
3.28633 3.13681
3.11726 5.68668
2.99115 4.11421
2.98315 3.62885
2.88186 3.64637
2.81775 5.24656
2.37253 3.35528
2.31335 6.07301
2.27339 4.3601
2.2581 4.29849
2.22332 4.81457
2.11476 6.08025
1.88827 5.65071
1.64031 5.00766
1.5534 5.50766
1.53112 5.93923
1.48383 6.04787
1.36473 6.38972
1.08492 4.77732
1.04902 5.86755
0.971945 6.61615
0.939369 8.12329
0.930666 6.54567
0.894588 5.31248
0.805956 8.54363
0.762617 7.71607
0.749591 6.75807
0.649731 5.38866
0.539575 7.11608
0.51554 7.29495
0.512843 6.97245
0.476557 6.80207
0.455462 6.98864
0.346493 9.25451
0.345208 9.6585
0.282752 7.22711
0.233059 10.6716
0.217178 9.44265
0.195154 9.53545
0.155809 7.98829
0.0973335 9.53463
0.071578 9.07053
0.0623652 9.90859
0.0575418 8.89668
0.0566526 11.0215
0.0465247 8.39594
0.0367076 10.7391
0.0334085 8.05482
0.0298475 8.08767
0.0237712 8.2957
0.020956 9.24365
0.00466043 12.136
0 0 0 1 0 
0.173846 0.430628 0 0 0.395526 
0 0 0.470633 0 0.529367 
0 0 0 0 1 
0.650541 0.129286 0 0 0.220172 
0 1 0 0 0 
0.51712 0 0.48288 0 0 
0 0.311803 0.388022 0.121207 0.178968 
0.631102 0.368898 0 0 0 
0 1 0 0 0 
0.109088 0.342476 0.176794 0 0.371641 
0 0.142911 0.431233 0.425857 0 
0 0.348692 0.651308 0 0 
0.607803 0 0 0 0.392198 
0 0.157675 0.571988 0.270337 0 
1 0 0 0 0 
0 0.199958 0.398091 0.401952 0 
0 0 0 1 0 
0 0.438583 0.561417 0 0 
0 0 0 0 1 
0 0 1 0 0 
0 0 0 0 1 
0.372056 0 0 0.434864 0.193079 
0.4578 0 0 0.5422 0 
0.31298 0 0.092075 0 0.594945 
0 0 0 0.721847 0.278153 
1 0 0 0 0 
0.339572 0.660428 0 0 0 
0 0 0.5093 0.395172 0.0955286 
0 0 0 1 0 
0.588802 0 0 0.411198 0 
0.446696 0 0.553304 0 0 
1 0 0 0 0 
0 0.104434 0.513222 0.0811877 0.301157 
0 0 0 0 1 
0 0.594564 0 0.405436 0 
0 0.591558 0.408442 0 0 
0 0 0.447561 0 0.552439 
0.243062 0 0 0 0.756938 
0 0 0.136581 0.490718 0.372702 
1 0 0 0 0 
0.767502 0 0 0 0.232498 
0 0 0 1 0 
0.139037 0 0.122253 0.17258 0.56613 
0.332276 0.504453 0.163271 0 0 
0 0 0 0 1 
0 1 0 0 0 
0.617565 0 0 0 0.382435 
0.404027 0 0.595973 0 0 
0 0.632709 0 0 0.367291 
0 0.612653 0 0 0.387347 
0 0 0.768731 0 0.231269 
0 0.535735 0.464265 0 0 
0 1 0 0 0 
0 1 0 0 0 
0.438964 0 0.139958 0.421079 0 
0 0 1 0 0 
0 0 0 1 0 
1 0 0 0 0 
0 0 0 0 1 
0.506639 0 0 0.493361 0 
0 0.40894 0.12282 0.288247 0.179992 
0 0.535731 0 0 0.464269 
0.245592 0.217429 0.253099 0.283881 0 
0 0 1 0 0 
0 1 0 0 0 
0.540742 0 0 0.459258 0 
0 0 1 0 0 
0.297497 0.625443 0 0 0.0770604 
0.372638 0.278662 0.3487 0 0 
0 0 0 0 1 
0.361176 0.405731 0 0 0.233093 
0 0.615216 0 0.384784 0 
0 0 0 1 0 
0 0 1 0 0 
0.56599 0 0 0 0.43401 
0.333126 0 0.19194 0.208272 0.266662 
1 0 0 0 0 
0.369908 0 0.630092 0 0 
0 0 0 1 0 
0 1 0 0 0 
1 0 0 0 0 
0.404596 0 0.595404 0 0 
0 0.491914 0 0.508086 0 
0 0.228129 0.334187 0.25967 0.178015 
0.244625 0 0 0.375494 0.379881 
0.554816 0 0 0.0965696 0.348615 
0 0.615531 0 0.384469 0 
0 0.435657 0 0.564343 0 
0 0 0 1 0 
0.519785 0 0 0 0.480215 
0.534851 0.465149 0 0 0 
0 0.63929 0 0 0.36071 
0 0 1 0 0 
0.725029 0 0 0.274971 0 
0 0.432468 0 0.567532 0 
0.301816 0.353678 0.299871 0.0446352 0 
0.601867 0 0 0.398133 0 
0.322225 0.677775 0 0 0 
0 0.323504 0.424421 0 0.252075 
