5 100
0.587929
0.296827
0.322043
0.535038
0.556908
11.0155 0.541135
10.6805 0.716907
10.2938 0.679112
10.2129 0.842472
10.1458 0.79245
10.0582 0.983018
9.48431 0.465545
9.46811 1.38921
9.39855 0.677028
8.90952 0.887924
8.87708 1.11008
8.22517 1.45151
8.17226 1.23679
8.15474 1.17829
8.0077 2.11517
7.87261 2.43426
7.54553 1.37121
7.32965 2.13307
7.25119 0.414292
7.20078 2.29056
6.92126 1.60277
6.46953 2.17979
6.26876 2.20099
6.15742 1.72715
5.94266 3.15513
5.90572 1.75873
5.67357 1.6915
5.52858 1.21271
5.46172 3.59622
5.43481 2.71209
5.19892 2.86791
5.13502 1.87802
5.0357 2.10936
4.77141 2.20261
4.65139 2.39892
4.39732 1.98315
4.38789 3.35034
4.36029 2.97279
4.28725 3.57287
4.22123 3.52681
4.20429 3.156
4.10924 3.78477
4.04798 2.81321
3.86182 2.27071
3.75071 2.97365
3.70461 4.53796
3.42791 3.86671
3.37523 3.25989
3.01734 5.08681
2.98026 4.15164
2.85294 5.10014
2.67031 5.44134
2.42078 4.58201
2.27501 5.69084
2.15112 4.44215
2.12998 4.56105
2.04263 5.89997
2.00186 5.07479
1.95475 6.56983
1.78005 7.22079
1.41983 5.958
1.39358 5.53786
1.28485 4.59709
1.27686 6.40435
1.0691 7.839
1.05809 6.98235
1.03418 7.08672
0.978709 5.29998
0.941008 5.92149
0.864882 5.90683
0.782924 5.76936
0.76933 7.42859
0.764974 7.74759
0.760196 7.43648
0.729217 6.83071
0.711247 7.97017
0.693191 7.74292
0.560123 5.8708
0.463627 7.46733
0.44409 6.54964
0.419426 7.58188
0.351995 7.76643
0.333858 7.25297
0.287982 10.4215
0.24516 10.1921
0.195162 6.98022
0.16193 6.52457
0.134197 8.35368
0.116062 9.07235
0.111063 10.2592
0.0864662 10.3077
0.0807937 10.6976
0.0576228 9.24211
0.0403608 11.5949
0.0268537 8.72733
0.00736502 8.82346
0.00559818 9.38936
0.00414071 9.05315
0.00217322 11.8117
0.00166815 10.0627
0.436588 0.0930321 0 0.470379 0 
0.466894 0 0 0.202333 0.330773 
0 1 0 0 0 
0 0.628264 0 0 0.371736 
0.805835 0 0 0 0.194165 
0.31091 0.316866 0 0.372224 0 
0 0 1 0 0 
0.154213 0 0 0.845787 0 
0 0.471351 0 0.231603 0.297047 
0 0 0.323004 0 0.676996 
0 0 0 0 1 
0 0.737823 0 0.262177 0 
0 0.284329 0 0 0.715671 
0 0 1 0 0 
0.400424 0.100153 0 0 0.499423 
0.313586 0.441272 0 0.245141 0 
0.5358 0.4642 0 0 0 
0 0 0 0 1 
0.506302 0 0 0.493698 0 
0 0 1 0 0 
0 0 0.42533 0.57467 0 
0 0.785781 0 0 0.214219 
0 0 0 1 0 
1 0 0 0 0 
0 0 0 0 1 
0 0.325696 0 0 0.674304 
0.753681 0 0 0.246319 0 
0 0 0 0.516379 0.483621 
0 0 0.461494 0.194575 0.343931 
0 0.137587 0 0.862413 0 
0 0.172547 0.134472 0.380489 0.312492 
0 1 0 0 0 
0 0 0 1 0 
0 0 0.732804 0.267196 0 
0.437883 0 0 0.562117 0 
0.218539 0 0 0 0.781461 
0.664929 0 0 0.335071 0 
0 0 1 0 0 
0.390062 0.312977 0 0 0.296961 
0.345888 0.434261 0 0 0.219851 
0 0 0 1 0 
0.283896 0 0 0.422232 0.293872 
0.127607 0.43841 0 0 0.433983 
0.394246 0.242707 0.363046 0 0 
0 0 0 0 1 
0 0.542754 0.457246 0 0 
0 0.593653 0.406347 0 0 
0.610963 0 0 0 0.389037 
0.554086 0 0 0 0.445914 
0 0 0.526367 0 0.473633 
0.498984 0 0 0.501016 0 
0 0 0 0 1 
0 0 0 1 0 
0 0 0 0 1 
0.794525 0 0.205475 0 0 
0.657633 0 0 0 0.342367 
0 0 1 0 0 
0.707911 0.292089 0 0 0 
0 0 0 0 1 
0 0 0 0.388402 0.611598 
0.325601 0 0.674399 0 0 
0 0 0 0.647198 0.352802 
0.389094 0.0956924 0.22718 0.288034 0 
0 0 0.138229 0.545717 0.316054 
0.410677 0 0 0 0.589323 
0.524507 0 0 0 0.475493 
0 0 0.376615 0.623385 0 
0 1 0 0 0 
0 1 0 0 0 
0 1 0 0 0 
0 0 0 0.259452 0.740548 
0 0.317238 0.682762 0 0 
0 0.450537 0.549463 0 0 
0 0.317311 0.286883 0.395806 0 
0 0 0 0 1 
0.723095 0.166757 0.110148 0 0 
0 0 0 1 0 
0.392692 0 0 0.468069 0.139239 
0.128174 0 0 0.410875 0.460951 
0 0 0.506656 0 0.493344 
0 0 0.657107 0 0.342893 
0 0.71919 0 0 0.28081 
0 0.4819 0 0.5181 0 
0.312115 0 0.687885 0 0 
0 0.498905 0 0.501095 0 
0 1 0 0 0 
0.280136 0.131802 0.136595 0.168299 0.283168 
0 1 0 0 0 
0.304926 0.322262 0.24919 0 0.123622 
0 1 0 0 0 
0.181985 0 0.405257 0 0.412757 
1 0 0 0 0 
0.257445 0.291262 0.249715 0.201578 0 
0.485081 0 0.514919 0 0 
0 0.588731 0 0.411269 0 
0 0 0 1 0 
0.573155 0.426845 0 0 0 
0 0 0.885567 0 0.114433 
0 0 0 0.377178 0.622822 
0 0 0 0.821237 0.178763 
