5 150
0.661023
0.73938
0.402852
0.46366
0.637051
10.916 0.632653
10.8676 0.199238
10.2268 0.348383
10.0899 0.630308
9.52942 0.935692
9.21156 0.581862
9.12336 1.64443
9.04494 1.03337
8.9203 0.88772
8.88486 0.876306
8.6216 1.64453
8.59193 0.768487
8.4646 1.13235
8.43071 1.14336
8.06049 0.323512
8.04858 0.337185
7.91927 0.372814
7.7613 1.53972
7.59265 1.83779
7.54674 2.33644
7.54021 2.00008
7.36743 1.19644
7.20787 1.96608
6.85008 0.578272
6.8146 1.82463
6.68117 1.62553
6.66719 1.25283
6.41661 1.95164
6.41593 2.15012
6.11361 1.73534
5.61644 1.64177
5.55165 2.01505
5.54909 2.00796
5.48358 2.13543
5.48113 2.35598
5.24676 2.80344
5.17377 2.72463
5.14862 3.11444
4.88086 2.26855
4.72241 2.38093
4.63232 2.94871
4.47375 3.03295
4.33063 2.77775
4.2827 2.70075
4.06596 4.16479
4.03409 3.56129
3.81986 5.22265
3.77281 3.38227
3.5308 3.30359
3.46747 3.51078
3.45515 3.83015
3.40824 3.67782
3.38334 2.73615
3.28526 3.50879
3.26177 5.31049
3.2406 3.57651
3.07597 4.52634
3.02771 4.75101
2.99279 5.76548
2.84021 4.13112
2.81903 5.34262
2.63432 4.78918
2.54727 4.75689
2.52106 4.81946
2.51054 5.59626
2.47033 5.59971
2.43814 4.71514
2.35819 5.2213
2.30083 4.72387
2.27435 4.30274
2.25917 4.49376
2.24471 5.50496
2.16372 5.77336
2.07531 5.59049
1.9962 6.41922
1.98648 4.29922
1.89941 5.09628
1.87298 6.24357
1.71196 4.83251
1.68812 5.75704
1.62643 6.15629
1.5909 4.85657
1.53366 6.35942
1.49562 7.80358
1.43527 7.43048
1.3744 5.00866
1.29594 5.80838
1.2705 6.8187
1.23325 8.24784
1.16023 7.28415
1.02487 8.01761
0.932999 7.54297
0.91897 5.6474
0.825411 8.56426
0.824888 8.753
0.76136 6.55122
0.754561 8.26371
0.725002 8.35277
0.707222 7.31053
0.695619 7.80687
0.66853 7.19922
0.653898 5.6175
0.646574 8.81433
0.621289 7.53298
0.57837 6.60093
0.555715 7.23045
0.523017 6.99503
0.517602 7.49713
0.496102 9.05228
0.452958 5.85952
0.426306 8.92918
0.396506 8.04675
0.389303 9.51748
0.381076 7.35549
0.371213 8.32948
0.370466 7.66966
0.349982 8.30103
0.349807 6.44511
0.331441 7.84682
0.327977 7.22753
0.322885 6.93034
0.308444 8.1921
0.304906 10.0379
0.289241 10.0543
0.26963 9.94798
0.257253 8.51237
0.253722 7.3456
0.218886 10.7041
0.202106 6.67431
0.188505 7.67753
0.187913 7.80839
0.174473 8.70474
0.166053 6.68731
0.125163 8.01915
0.106499 7.14347
0.0997988 9.62508
0.0918909 10.2254
0.0658595 8.7645
0.061688 7.19445
0.0389604 10.0937
0.0299187 9.6381
0.0274519 8.07545
0.0257425 9.00143
0.0172631 11.1845
0.0125622 9.62674
0.0123123 8.68286
0.00841213 7.88631
0.00817095 9.73343
0.00392818 10.4308
0.00233327 11.9879
0 0.394281 0 0 0.605719 
0 0.228413 0.290924 0.395049 0.0856136 
0 0.643602 0.356398 0 0 
1 0 0 0 0 
0.451943 0.476129 0 0 0.071928 
0 0 0.490445 0 0.509555 
0.33328 0.395501 0 0.27122 0 
0 0 0.615196 0.384804 0 
0.640363 0 0.359637 0 0 
1 0 0 0 0 
0 0.136159 0.863841 0 0 
0 0.809508 0.190492 0 0 
0 0 1 0 0 
0 0.685072 0.314928 0 0 
0.449502 0.197044 0 0.148937 0.204517 
0.21186 0.78814 0 0 0 
0.245315 0 0.269769 0 0.484917 
0.412216 0.124616 0 0 0.463168 
0.30705 0.300121 0.20771 0 0.185119 
0.183534 0.153654 0 0.253503 0.409309 
0.231097 0.331396 0.137055 0 0.300451 
1 0 0 0 0 
0 0.323839 0 0.676161 0 
0.387802 0.500258 0.11194 0 0 
0 0 0.414525 0 0.585475 
0 0.582799 0.417201 0 0 
0.574152 0 0.425848 0 0 
0.461804 0 0.321575 0 0.216621 
0 0.320638 0 0.679362 0 
0 0.627961 0 0 0.372039 
0.522714 0.477286 0 0 0 
0 0.299492 0 0 0.700508 
0 0 0 0.591751 0.408249 
0.0960077 0.592544 0.311448 0 0 
0.303625 0 0 0.546871 0.149504 
0 0.150837 0.226197 0.0803346 0.542631 
0 0.140217 0.720816 0 0.138967 
0.423219 0 0.181763 0.395019 0 
0.700009 0 0.299991 0 0 
0 0 0.556427 0 0.443573 
0.203936 0.367231 0 0 0.428833 
0.531782 0 0 0.468218 0 
0.422472 0 0 0 0.577528 
0 0 0 0 1 
0.613454 0.386547 0 0 0 
0.488784 0.255844 0.255372 0 0 
0 0.492911 0 0.507089 0 
0 0 0 1 0 
0.169411 0.486228 0 0.344361 0 
0.0990845 0.40203 0 0 0.498886 
0 0 0 1 0 
0 0 1 0 0 
0.798877 0 0.201123 0 0 
0.241193 0.365601 0 0 0.393206 
0.350623 0.231741 0.300003 0.117633 0 
0.122277 0 0 0.877723 0 
0 0.475431 0.524569 0 0 
0 0.738258 0 0.261742 0 
0.164312 0.342476 0 0.493212 0 
0.380241 0.16738 0.0819214 0 0.370457 
0 0 0 0.594647 0.405353 
0.197251 0.271482 0.208411 0.0995532 0.223303 
0.369902 0.0994591 0 0 0.530639 
0.413271 0.23398 0 0.352749 0 
0 0 1 0 0 
0 0 0.285158 0.348758 0.366084 
0 0.3617 0.217922 0.420378 0 
0 0.235027 0.357263 0.206035 0.201676 
0 0.543696 0.456304 0 0 
0.408035 0.421812 0 0 0.170153 
0.224901 0.275417 0 0.210342 0.28934 
0.632637 0.367363 0 0 0 
0.80354 0 0.19646 0 0 
0 0 0.132126 0.867874 0 
0 0 0.302532 0.697468 0 
1 0 0 0 0 
0.854972 0 0 0.145028 0 
0.40768 0 0 0 0.59232 
0.162305 0.219106 0.216198 0.139331 0.263061 
0 0.411072 0 0.588928 0 
0.237827 0 0 0.762173 0 
0 0.458873 0.541127 0 0 
0.177795 0 0.496507 0 0.325698 
0.0945238 0.23221 0 0.369686 0.30358 
0 0.308743 0.277838 0.122475 0.290945 
0 0.571649 0.428351 0 0 
0.161733 0.511936 0 0.32633 0 
0.0844207 0 0.27936 0.330914 0.305305 
0.16729 0.188949 0 0.270779 0.372982 
0 0 0.29321 0.70679 0 
0 1 0 0 0 
0 0 0.20802 0 0.79198 
0.15432 0.391654 0 0 0.454027 
0 0.424915 0 0.238163 0.336922 
0 0 0 1 0 
0 0 0 0.643118 0.356882 
0.172248 0 0 0.621113 0.206639 
0 0 0 0.250947 0.749053 
0.303586 0.312705 0 0 0.383709 
0 0 1 0 0 
0.345658 0 0.133685 0 0.520658 
0.344947 0.0720259 0 0.274349 0.308678 
0.144638 0 0 0.855362 0 
0 0 0.365609 0.372887 0.261504 
1 0 0 0 0 
0.883057 0.116943 0 0 0 
0 0 0 0 1 
0.27778 0.284814 0 0.437407 0 
0.650043 0 0 0 0.349957 
0 0.537992 0.462008 0 0 
0.172043 0.148048 0.227844 0.348525 0.10354 
0.36376 0.137959 0 0.378156 0.120125 
0.442432 0.312956 0.244612 0 0 
0.160018 0.215315 0.297223 0.283669 0.0437753 
0 0 0.190462 0 0.809538 
0 0 0 1 0 
0.160074 0.423964 0 0 0.415961 
0.624181 0.375819 0 0 0 
0.432858 0.322279 0 0 0.244863 
0.748539 0.251461 0 0 0 
0 0 0 1 0 
0.622315 0 0 0 0.377685 
0.519572 0.383761 0 0 0.096667 
0.40698 0 0.59302 0 0 
0.807545 0 0 0.192455 0 
1 0 0 0 0 
0.398269 0.601731 0 0 0 
0 0.544776 0 0.455224 0 
0.513447 0 0.486553 0 0 
0.304574 0.149483 0.0923584 0.453585 0 
0.372904 0.0516182 0 0.185231 0.390246 
1 0 0 0 0 
0.268332 0.297847 0 0 0.433821 
0 0.608573 0 0.391427 0 
0 0.223601 0 0.464936 0.311462 
0 0.45553 0.260267 0.151732 0.132471 
0 1 0 0 0 
0.49995 0 0 0.345264 0.154786 
0.15457 0.304279 0.41596 0.125191 0 
0.311577 0.331429 0 0 0.356994 
0 0.817093 0.182907 0 0 
0.479617 0 0 0 0.520383 
0.37441 0 0.364391 0 0.261199 
0 0.760733 0 0.239267 0 
0 0.332036 0.144365 0.5236 0 
0.387007 0 0.434958 0 0.178035 
0 0.381451 0.296519 0 0.32203 
0 0 0.259438 0 0.740562 
1 0 0 0 0 
0.139521 0.189308 0 0.421614 0.249557 
