5 150
0.703246
0.307009
0.340884
0.30504
0.661283
11.6519 0.15832
11.0819 0.531094
10.625 0.377034
9.9125 1.09685
9.89989 0.723647
9.7052 0.5705
9.21153 0.830665
8.15518 1.92113
8.10267 0.510917
8.02894 1.48728
7.9063 2.01906
7.82652 1.26979
7.82045 0.449277
7.61868 2.08066
7.36552 1.2447
7.31818 0.756276
7.31748 0.255916
7.22357 1.15157
7.16315 1.46255
6.87404 0.765537
6.79595 2.10668
6.70733 1.08913
6.63273 1.96116
6.57276 1.74852
6.47316 1.29916
6.37957 2.098
6.35515 1.50267
6.22734 1.91364
6.12636 2.77224
6.07542 2.29088
5.99083 1.49294
5.94706 1.45568
5.8554 1.85991
5.79899 2.34185
5.7116 3.5506
5.40963 1.94046
5.27499 1.57477
5.22806 2.36407
5.10612 3.51557
4.93715 3.03954
4.91528 2.41993
4.80215 2.18096
4.79394 2.61794
4.77815 2.80684
4.75026 3.22089
4.68178 3.09862
4.61423 4.15155
4.58638 3.97809
4.58013 3.47166
4.44004 3.44778
4.42394 3.86939
4.24851 3.65647
4.07076 2.84661
3.88502 3.89417
3.83337 3.72207
3.74483 2.53921
3.55905 2.60927
3.39948 2.76504
3.38781 3.54577
3.3849 5.61338
3.2082 3.36586
3.20154 4.37131
3.10824 5.61226
3.05372 4.35357
3.03742 5.96877
2.92606 3.36662
2.89761 4.21436
2.84314 5.07098
2.70611 4.17041
2.7059 5.10391
2.6966 5.50823
2.68921 5.70841
2.61627 4.37409
2.47337 5.38045
2.4562 6.8796
2.43726 5.79702
2.40545 4.56675
2.36602 5.07829
2.35483 5.27028
2.31143 5.11936
2.20213 5.64004
2.17519 6.91617
1.99447 4.14611
1.93106 7.06328
1.92363 5.11202
1.92041 5.36019
1.85204 4.39196
1.84279 6.16578
1.80751 5.46139
1.75717 5.49239
1.74015 5.81725
1.65762 6.56637
1.5681 6.80242
1.50926 6.8103
1.498 4.40555
1.48781 5.79867
1.40175 5.86024
1.31595 6.78303
1.29557 6.57811
1.23551 7.05772
1.18973 6.47126
1.12728 5.796
0.963953 6.31353
0.957671 6.0569
0.893524 7.19932
0.862029 6.76014
0.850253 6.94121
0.746282 5.77039
0.713788 6.21081
0.709349 9.01118
0.651152 9.2193
0.650532 7.04041
0.648624 9.05923
0.536051 7.5791
0.503949 9.02804
0.472332 7.34989
0.456442 7.9079
0.432846 6.51925
0.413838 9.87078
0.376276 8.17869
0.360504 9.64894
0.342425 7.56875
0.317572 6.54342
0.29087 8.37175
0.283379 8.8291
0.254087 7.63533
0.243556 9.36316
0.174088 9.78385
0.172567 7.70718
0.167018 9.68386
0.157462 10.6365
0.137412 9.48741
0.107047 7.7481
0.0808658 8.11646
0.0694095 8.51298
0.0647602 10.0552
0.0614392 9.00777
0.0533434 9.33486
0.0409747 8.5478
0.0356875 8.76719
0.0278066 10.8496
0.0265135 8.50909
0.0193592 9.271
0.00680884 9.36072
0.00420895 9.91913
0.00227154 9.29894
0.00214973 9.24239
0.00188153 10.6602
0.00181791 10.7818
0.00137345 10.5084
0 0 0 0 1 
0 1 0 0 0 
1 0 0 0 0 
0 1 0 0 0 
0 0 1 0 0 
0 0 0 1 0 
0 1 0 0 0 
0 0 0 1 0 
0 0 1 0 0 
1 0 0 0 0 
0 0 0 1 0 
0 1 0 0 0 
0 0 1 0 0 
1 0 0 0 0 
0 0 1 0 0 
0 0 0 1 0 
0 0 0 1 0 
0 0 1 0 0 
0 0 1 0 0 
0 1 0 0 0 
1 0 0 0 0 
0 0 0 0 1 
0 0 0 1 0 
0 0 0 0 1 
1 0 0 0 0 
0 0 0 1 0 
0 0 1 0 0 
0 0 1 0 0 
0 1 0 0 0 
0 0 0 1 0 
0 0 1 0 0 
0 1 0 0 0 
0 0 1 0 0 
0 1 0 0 0 
0 0 0 1 0 
0 0 1 0 0 
0 0 1 0 0 
0 0 0 0 1 
0 1 0 0 0 
0 0 1 0 0 
1 0 0 0 0 
1 0 0 0 0 
1 0 0 0 0 
0 1 0 0 0 
1 0 0 0 0 
0 0 1 0 0 
0 1 0 0 0 
0 0 0 1 0 
0 0 1 0 0 
0 0 0 0 1 
0 0 1 0 0 
0 0 0 0 1 
0 1 0 0 0 
0 0 0 0 1 
0 0 0 1 0 
0 0 0 0 1 
0 0 1 0 0 
0 0 0 0 1 
0 0 0 1 0 
1 0 0 0 0 
0 1 0 0 0 
0 0 0 1 0 
1 0 0 0 0 
0 0 0 1 0 
0 0 0 0 1 
0 0 0 1 0 
0 1 0 0 0 
0 0 0 0 1 
0 0 0 1 0 
0 0 1 0 0 
0 0 0 0 1 
0 0 0 0 1 
1 0 0 0 0 
0 0 0 0 1 
0 0 0 0 1 
0 0 1 0 0 
0 0 1 0 0 
1 0 0 0 0 
0 1 0 0 0 
0 1 0 0 0 
0 1 0 0 0 
0 0 0 1 0 
1 0 0 0 0 
0 0 0 0 1 
0 0 0 1 0 
0 0 1 0 0 
1 0 0 0 0 
0 0 0 0 1 
0 0 0 0 1 
1 0 0 0 0 
0 1 0 0 0 
0 0 0 1 0 
0 1 0 0 0 
0 0 0 0 1 
0 1 0 0 0 
0 0 1 0 0 
0 1 0 0 0 
0 1 0 0 0 
0 0 0 1 0 
1 0 0 0 0 
0 0 0 0 1 
0 1 0 0 0 
0 1 0 0 0 
0 0 1 0 0 
0 1 0 0 0 
0 0 0 0 1 
0 0 1 0 0 
1 0 0 0 0 
0 0 0 0 1 
0 0 1 0 0 
0 0 1 0 0 
0 1 0 0 0 
0 0 0 0 1 
0 1 0 0 0 
0 1 0 0 0 
1 0 0 0 0 
0 1 0 0 0 
0 0 0 1 0 
0 1 0 0 0 
0 0 0 1 0 
0 0 0 1 0 
0 0 0 1 0 
0 0 0 1 0 
0 0 0 0 1 
0 0 0 0 1 
0 0 0 0 1 
0 0 0 1 0 
0 1 0 0 0 
0 0 0 0 1 
0 0 0 1 0 
0 0 0 0 1 
0 1 0 0 0 
1 0 0 0 0 
0 0 0 1 0 
1 0 0 0 0 
0 0 0 0 1 
0 0 1 0 0 
0 0 1 0 0 
0 0 0 1 0 
1 0 0 0 0 
0 0 0 0 1 
0 0 1 0 0 
0 0 0 1 0 
0 1 0 0 0 
0 0 1 0 0 
0 1 0 0 0 
0 0 1 0 0 
0 0 1 0 0 
0 1 0 0 0 
1 0 0 0 0 
