5 150
0.7144
0.507073
0.287507
0.332919
0.700255
10.6273 0.618417
10.5799 0.385827
9.705 0.864136
9.54868 0.639604
9.23184 0.290335
9.05874 1.74127
8.97233 1.11834
8.90928 0.362341
8.78689 0.704001
8.71816 1.36692
8.50134 0.0763626
8.15272 0.830854
8.11842 0.89484
7.9863 2.15048
7.97527 0.431692
7.55316 1.32041
7.54765 1.52252
7.42811 1.70321
7.36697 0.730372
7.33091 1.944
7.29804 0.572735
7.24893 0.645117
7.14104 1.51817
7.13651 0.654474
7.10199 1.84637
6.90238 1.00625
6.88925 1.96921
6.78196 2.72958
6.71226 0.805116
6.52656 1.02123
6.46778 1.64571
6.35896 2.62961
6.08242 3.02602
5.94218 1.29814
5.93557 2.21998
5.89277 2.73984
5.83492 2.7754
5.54155 1.72101
5.4687 3.59658
5.46566 1.43153
5.42136 2.21653
5.40327 2.70677
5.24712 3.34895
5.2454 1.56756
5.01905 3.42657
5.01484 2.97912
4.97352 2.11219
4.83004 4.07759
4.68224 2.45575
4.65232 1.94867
4.63644 2.26877
4.58928 2.69276
4.52731 3.83362
4.47693 2.60734
4.42965 2.54947
4.41956 4.47226
4.27659 4.30025
4.16797 4.69083
4.12157 3.61912
4.0525 3.22704
3.80953 3.61831
3.68493 5.20748
3.57407 3.49695
3.50353 2.7636
3.40097 3.59316
3.37382 3.84768
3.3449 4.02299
3.32053 4.4344
3.19352 5.00706
3.17367 3.91669
3.06417 4.29242
3.04334 4.11374
2.99327 3.61964
2.97981 4.51812
2.97834 3.88399
2.85284 6.00329
2.79261 5.57995
2.64539 3.64994
2.63628 3.80921
2.62998 5.03487
2.54241 4.31173
2.45105 5.74917
2.44941 6.13783
2.39687 5.88355
2.29757 5.67019
2.265 5.94028
2.25515 5.55282
2.22044 4.83653
2.17024 6.7428
2.14031 4.25132
1.99553 4.18553
1.98944 4.7489
1.98575 6.58152
1.97377 5.05371
1.92313 4.71515
1.86517 4.50962
1.67753 4.38036
1.66805 6.17709
1.612 6.85879
1.60405 6.94958
1.56382 7.56418
1.51169 6.34852
1.42484 7.73322
1.41254 5.21967
1.3033 7.37009
1.28526 6.56478
1.19725 7.59662
1.15142 7.18967
1.12845 7.46214
1.10828 6.58128
1.09327 6.22565
1.08912 5.99358
1.07632 7.06563
1.06481 7.4882
0.986887 6.43943
0.855819 6.02726
0.826667 7.52475
0.802791 5.5625
0.797947 6.15497
0.772028 8.46517
0.762184 8.5925
0.685059 8.72378
0.666392 6.98712
0.628985 7.93312
0.532261 7.93456
0.507316 6.01609
0.448242 7.16045
0.439527 9.06007
0.428335 6.47913
0.402491 6.53492
0.399964 6.78089
0.396774 5.82586
0.345889 7.53031
0.246173 9.58177
0.207043 6.81483
0.145307 7.70669
0.107588 10.4538
0.106002 7.6283
0.0999718 10.4004
0.0925443 9.01917
0.0572993 8.87383
0.0410761 8.28076
0.014006 11.0861
0.0119612 9.28635
0.0106568 10.606
0.0100543 8.57983
0.00449967 11.5444
0.0034162 11.8168
0.00305907 10.2145
0.00241141 9.95463
0 0 0.423271 0.37574 0.20099 
0.379136 0.371037 0 0 0.249827 
0 0.482723 0.517277 0 0 
0 1 0 0 0 
0.562615 0.437385 0 0 0 
0 0.621241 0 0.378759 0 
0 0.467675 0 0.532325 0 
0 0.322908 0.677092 0 0 
0 0.510117 0 0.489883 0 
0.34271 0 0.0975793 0.216365 0.343345 
0 0 0.296399 0 0.703601 
0.200436 0 0 0.305502 0.494062 
0 0.839825 0 0 0.160175 
0 0.306252 0.334545 0.359203 0 
1 0 0 0 0 
0 0 0 0 1 
1 0 0 0 0 
0 0 0 0 1 
0.696929 0 0 0.303071 0 
0.516693 0 0 0.483307 0 
0.0588164 0.407889 0.213038 0.320257 0 
0 0 0.522936 0 0.477064 
0.653315 0 0 0.225891 0.120794 
0.353095 0.245681 0 0 0.401224 
0.411446 0.588554 0 0 0 
0.1642 0.391183 0 0.1615 0.283117 
0 0.292312 0.375145 0.332543 0 
0.427328 0 0.0647278 0.507944 0 
0 0 0 1 0 
0.377406 0 0 0 0.622594 
0.728742 0 0 0.271258 0 
0.113263 0.453129 0.433607 0 0 
0.406488 0 0.43925 0 0.154262 
0 0 0.160005 0.543599 0.296396 
0.310637 0.344334 0 0 0.345029 
0.141806 0 0.761376 0.0968181 0 
0 1 0 0 0 
0 1 0 0 0 
0 0.53422 0 0 0.46578 
0 0.460475 0.108633 0 0.430892 
0 0 0.572466 0.427534 0 
0 1 0 0 0 
0 0.293657 0.414507 0 0.291836 
0.182807 0.817193 0 0 0 
0.639359 0 0 0.360641 0 
0 0 0 0.604748 0.395252 
0 1 0 0 0 
0 0 0 1 0 
0 0.41443 0 0.58557 0 
0 0 1 0 0 
0 0.234015 0 0.765985 0 
0.724738 0 0.275262 0 0 
0 0.273506 0.407798 0.318696 0 
0 0 0 1 0 
0.243781 0.285438 0 0.279663 0.191117 
0 1 0 0 0 
1 0 0 0 0 
0 0.261439 0.738561 0 0 
0.876787 0 0 0.123213 0 
0.529518 0 0 0 0.470482 
0 0 1 0 0 
0.465395 0.534605 0 0 0 
0 0.375978 0 0 0.624022 
1 0 0 0 0 
0 0.524274 0.283679 0 0.192047 
0 0 0 0 1 
0 0 1 0 0 
0 0 1 0 0 
0.392689 0.297213 0 0 0.310098 
0 0 0.220472 0.779528 0 
0.218783 0.286413 0 0.494804 0 
0 0.593348 0 0 0.406652 
0 0 0.630376 0 0.369624 
0.306833 0 0.693167 0 0 
0 0.47728 0.52272 0 0 
0 0 0 0 1 
0 0.184627 0.815373 0 0 
0 1 0 0 0 
0.555745 0 0 0.444256 0 
0 0.136303 0 0.180542 0.683156 
0 1 0 0 0 
0.513967 0 0 0.486033 0 
0 0.433352 0.304717 0 0.261931 
0 0 0 1 0 
1 0 0 0 0 
0.434163 0 0.355829 0 0.210008 
0 1 0 0 0 
0 0 0 0 1 
0 0 0.449949 0 0.550051 
0 0 0 1 0 
1 0 0 0 0 
1 0 0 0 0 
0.749561 0 0 0 0.250439 
0 0.0792884 0.231909 0.159165 0.529637 
0 0.449722 0 0.550278 0 
0 0 0.437589 0 0.562411 
0 0 0 0.703228 0.296772 
0.680089 0 0.319911 0 0 
0 0.418355 0 0 0.581645 
0 0 1 0 0 
0 0 0 1 0 
0 0 0.513376 0.486624 0 
0 0.413645 0 0.497101 0.0892545 
0 0.342566 0 0.657434 0 
0.404166 0 0.253416 0 0.342418 
0 0 0 1 0 
0 0.727173 0.272827 0 0 
0 1 0 0 0 
0 0 0 0 1 
0.151819 0 0.210405 0.241484 0.396292 
0 0.428049 0 0.571951 0 
0 0.580608 0.419392 0 0 
0.394116 0 0.605884 0 0 
0.544758 0.455242 0 0 0 
0 0 0 0 1 
0.447437 0.552563 0 0 0 
0.609529 0 0 0.390471 0 
0.594316 0.405685 0 0 0 
0 0 1 0 0 
0 0 0.274276 0.725724 0 
0 1 0 0 0 
0 0 0 1 0 
0 0.311887 0 0.434282 0.253831 
0.831642 0.168358 0 0 0 
0.22648 0.140031 0.371452 0 0.262037 
0.731561 0 0 0.268439 0 
0 0.550808 0.449192 0 0 
0 1 0 0 0 
0 0 0 0 1 
0.873594 0 0 0 0.126406 
0 0 0.514009 0.485991 0 
0.89481 0.10519 0 0 0 
0 0.663773 0 0 0.336227 
0 0 0.365837 0.634163 0 
0 0.519312 0.480688 0 0 
0 0 0.418896 0 0.581104 
0.355691 0.328345 0.0841224 0 0.231842 
0 0.405827 0 0 0.594173 
0.613903 0.386097 0 0 0 
1 0 0 0 0 
0 0.38327 0 0.61673 0 
0 0 0 0.646022 0.353978 
1 0 0 0 0 
0 0.339594 0 0 0.660406 
0 0 0 0.604997 0.395003 
0.493475 0 0.121734 0 0.384792 
0.437623 0 0 0.562377 0 
0 0.201379 0.134528 0.396008 0.268085 
0 0 0 1 0 
0.681178 0.318822 0 0 0 
