5 100
0.748733
0.517159
0.658521
0.544671
0.255066
8.9682 1.26264
8.61697 0.691165
8.15807 0.18265
8.10148 0.775282
8.02105 0.861311
7.78863 1.45427
7.29098 0.782904
6.72394 3.10665
6.48039 2.09664
6.47546 1.13499
6.42791 3.29852
6.24743 1.61245
6.06038 2.11216
5.68459 1.97147
5.61513 2.77685
5.32865 2.59258
5.26829 3.17689
5.03885 3.36448
5.02703 3.2598
4.93952 2.81842
4.62355 1.85828
4.53403 4.40724
4.46334 2.9993
4.30536 4.32177
4.16924 2.77076
3.88301 3.48955
3.74149 3.33948
3.35477 3.9376
3.24381 3.35884
3.18621 4.33537
3.17635 4.3883
3.03533 4.44283
3.01428 4.82749
2.98561 3.50414
2.92146 4.173
2.84631 3.81792
2.82567 6.19205
2.78541 3.75351
2.74592 5.21158
2.7108 5.47571
2.69272 4.25335
2.66767 4.90202
2.64981 5.64833
2.6304 3.63753
2.58966 4.00325
2.58204 3.51081
2.20543 5.17088
2.2016 4.92613
2.16871 6.34863
2.0286 6.16825
1.9515 6.28163
1.93441 5.93366
1.65505 7.52152
1.62762 4.88368
1.48778 6.23038
1.47675 5.14688
1.41222 6.14172
1.39 7.74731
1.3564 5.1065
1.33233 4.36497
1.28503 7.6765
1.21127 5.27093
1.16062 6.57245
1.04629 7.06731
1.00216 6.97777
0.97239 6.93838
0.917633 7.82469
0.906631 6.52346
0.897045 5.87776
0.810933 6.06708
0.778429 5.70124
0.739009 5.74295
0.732285 7.9307
0.69649 6.37808
0.645396 8.70146
0.58185 6.83578
0.485727 6.01783
0.407251 7.94195
0.401076 7.57376
0.396254 6.18959
0.303172 6.6238
0.299218 10.0685
0.283319 9.52491
0.253133 6.25134
0.138177 8.66529
0.0941075 8.45493
0.089231 10.5552
0.0857645 11.1637
0.0767776 8.37424
0.0655992 10.9316
0.0623302 9.98131
0.0619368 8.02302
0.0559732 7.62062
0.0483792 10.7315
0.0368646 7.71906
0.0285195 8.75318
0.0267506 8.61866
0.00479687 11.95
0.00315158 10.7852
0.0010546 9.65837
0 0 0 0 1 
1 0 0 0 0 
0 0 0 0 1 
0 0 0 0 1 
0 1 0 0 0 
0 0 1 0 0 
0 0 0 0 1 
0 0 1 0 0 
0 1 0 0 0 
0 0 1 0 0 
0 1 0 0 0 
0 0 1 0 0 
1 0 0 0 0 
0 0 1 0 0 
0 1 0 0 0 
0 0 0 1 0 
0 1 0 0 0 
0 0 0 0 1 
1 0 0 0 0 
0 1 0 0 0 
0 0 1 0 0 
0 0 0 1 0 
0 0 0 1 0 
0 0 0 0 1 
1 0 0 0 0 
1 0 0 0 0 
0 0 1 0 0 
0 0 0 1 0 
1 0 0 0 0 
0 0 0 1 0 
0 0 0 0 1 
0 0 1 0 0 
0 0 0 0 1 
0 0 0 0 1 
0 0 1 0 0 
1 0 0 0 0 
0 0 0 0 1 
0 1 0 0 0 
1 0 0 0 0 
0 0 0 1 0 
0 0 1 0 0 
0 1 0 0 0 
0 0 0 0 1 
0 0 0 0 1 
0 0 0 1 0 
1 0 0 0 0 
0 0 0 1 0 
1 0 0 0 0 
0 0 1 0 0 
0 0 0 0 1 
0 0 1 0 0 
1 0 0 0 0 
1 0 0 0 0 
0 0 1 0 0 
1 0 0 0 0 
0 0 1 0 0 
0 0 0 1 0 
0 0 1 0 0 
0 1 0 0 0 
0 0 0 0 1 
0 1 0 0 0 
0 0 0 0 1 
0 0 0 1 0 
0 0 0 1 0 
1 0 0 0 0 
1 0 0 0 0 
0 1 0 0 0 
0 1 0 0 0 
0 0 0 1 0 
0 0 0 0 1 
0 0 1 0 0 
1 0 0 0 0 
0 0 1 0 0 
0 0 0 0 1 
0 1 0 0 0 
0 0 1 0 0 
1 0 0 0 0 
1 0 0 0 0 
0 1 0 0 0 
0 1 0 0 0 
1 0 0 0 0 
0 0 1 0 0 
0 0 0 0 1 
1 0 0 0 0 
1 0 0 0 0 
0 1 0 0 0 
0 1 0 0 0 
1 0 0 0 0 
0 1 0 0 0 
0 1 0 0 0 
0 0 0 0 1 
0 1 0 0 0 
0 0 0 0 1 
0 1 0 0 0 
0 0 0 1 0 
0 0 0 0 1 
0 1 0 0 0 
0 0 1 0 0 
0 0 1 0 0 
0 0 1 0 0 
