5 50
0.484642
0.265748
0.529046
0.627926
0.288881
11.6158 0.315675
10.3062 0.483533
10.1104 0.118576
9.98701 0.489601
8.40304 0.39253
8.0326 0.58381
7.3969 0.897567
7.2206 2.11904
7.21812 2.03509
6.67572 1.74073
6.59285 2.0181
6.54739 0.829911
6.37474 2.76358
6.27034 2.33277
5.65469 1.82608
5.63997 2.77884
4.26282 4.89271
3.8631 4.78946
3.7791 4.82678
3.60258 4.68524
3.59566 3.2084
3.12998 3.19285
2.8264 5.67107
2.57806 6.2913
2.54354 5.06662
2.52892 3.97667
2.48368 4.43816
2.31556 4.17095
1.95332 5.37606
1.87727 5.60419
1.54425 5.52428
1.23659 7.26794
1.08748 5.71987
1.07858 6.12291
0.990207 7.05054
0.963606 8.88006
0.848019 6.61874
0.707899 8.92502
0.679405 8.89804
0.604365 5.66408
0.558604 8.80423
0.41427 7.26875
0.186049 7.98489
0.177549 9.99881
0.144843 7.62098
0.0451865 10.1758
0.0245575 7.27849
0.0242856 9.11613
0.0171835 8.79824
0.00287448 7.41557
0.781811 0.218189 0 0 0 
0 0 0 0 1 
0.4666 0 0.459269 0 0.074131 
0 0 0.332258 0.667742 0 
0.190619 0.172951 0 0.301165 0.335266 
1 0 0 0 0 
0 0 0 1 0 
0.257363 0 0.374962 0 0.367674 
0.0791882 0.412722 0 0.508089 0 
0.237186 0.39583 0.366984 0 0 
0.112946 0.887054 0 0 0 
0.375616 0 0.144035 0 0.48035 
0 0 0.130413 0.869587 0 
0.598883 0 0 0 0.401117 
0.155025 0.261887 0.43976 0.143328 0 
0.125284 0.438659 0 0.286041 0.150015 
0.70995 0 0.29005 0 0 
0.124627 0 0.167906 0 0.707467 
0.144693 0 0 0.500084 0.355223 
0 0.598551 0 0.401449 0 
0 0.313451 0 0 0.686549 
0 1 0 0 0 
0 0 0 1 0 
0.114403 0 0.742364 0 0.143233 
0.272937 0.56936 0 0.157702 0 
0.566585 0 0.0656926 0.367723 0 
0.600276 0 0 0.399724 0 
0.431958 0.162265 0.405777 0 0 
0.758231 0 0.241769 0 0 
0.31092 0.25723 0 0 0.43185 
1 0 0 0 0 
0 0 0.514303 0.485697 0 
0 0.189106 0 0 0.810894 
0.364515 0 0 0.635485 0 
0.508843 0 0 0.491157 0 
0.317572 0.105995 0 0.447144 0.129289 
0.280467 0.302999 0 0.416534 0 
0 0 0 0.679326 0.320674 
0.492816 0.279186 0 0 0.227997 
0 0.715851 0 0.284149 0 
0 0 0 0.445562 0.554438 
0.432903 0 0.259839 0 0.307258 
0 0.0797524 0.369214 0.11623 0.434804 
0.32118 0.37998 0.0825235 0.216316 0 
0 0 0.451677 0.464125 0.084198 
0.369625 0 0 0.630375 0 
0 0.44591 0.277308 0.276783 0 
0.493366 0 0.327074 0 0.17956 
0 0 0.876914 0 0.123086 
0 0.608563 0.143899 0.247538 0 
