5 100
0.675884
0.603628
0.409713
0.557943
0.493456
11.8643 0.250146
10.6803 0.28202
9.73907 0.121169
8.89213 0.798194
8.45431 1.1608
8.23756 1.20372
7.97095 1.36271
7.97001 1.35122
7.84692 2.37753
7.76729 1.06146
7.6913 1.89554
7.67701 2.20602
7.63178 1.64127
7.21661 1.04431
7.06923 0.652501
6.95546 0.615791
6.95194 1.12725
6.95088 2.29426
6.91527 2.1246
6.77924 1.62913
6.44667 0.79381
6.38324 1.69737
6.36438 1.52372
6.33365 2.56173
6.01314 2.61169
5.91597 1.31857
5.88046 1.28585
5.74768 2.56545
5.12756 3.33881
4.99507 4.09156
4.90983 2.30506
4.81687 2.92788
4.73013 3.59601
4.72843 2.70156
4.71353 2.93576
4.71038 2.34543
4.44531 3.07719
4.35327 3.41883
4.28185 4.21208
4.07465 2.64519
3.99001 3.56373
3.9368 3.23657
3.76233 4.14417
3.59815 3.04519
3.06713 3.9406
3.0351 4.48509
2.95782 4.25122
2.82498 3.78873
2.63432 4.88792
2.39731 4.48836
2.33777 6.11509
2.32577 4.49377
2.25061 6.08988
2.12432 4.41762
2.06068 5.89325
1.86339 5.97878
1.82192 5.87493
1.6729 4.29086
1.66041 4.76214
1.57276 7.21109
1.37382 6.4111
1.35581 7.1138
1.33242 6.8209
1.32492 6.80531
1.04545 6.02777
0.963898 8.27269
0.938943 4.99921
0.914695 5.85368
0.838223 8.24503
0.823519 5.5908
0.773118 7.68672
0.765439 9.3497
0.745297 6.65235
0.701891 8.85619
0.688053 8.65859
0.687773 8.33956
0.67176 7.98805
0.643812 7.88723
0.580463 9.06275
0.563333 8.38293
0.537524 6.28305
0.48116 9.20242
0.455509 8.00282
0.406962 8.62893
0.392265 8.71696
0.369738 9.72713
0.289578 8.69867
0.197119 6.69188
0.170829 9.06458
0.159929 8.36642
0.159825 7.66727
0.104434 7.19145
0.0905832 10.1832
0.0899242 10.7313
0.0632807 8.85921
0.0195324 11.4767
0.0192367 11.856
0.0152877 9.67097
0.0118454 7.95888
0.0050477 12.1128
0 0 0.133556 0 0.866444 
0 0 0 0 1 
1 0 0 0 0 
0 0 1 0 0 
1 0 0 0 0 
0 0.470405 0.529595 0 0 
0 0 0 1 0 
0.465438 0.534562 0 0 0 
0 0 1 0 0 
0 1 0 0 0 
1 0 0 0 0 
0 0 0 1 0 
0 0.324544 0 0 0.675456 
0 0 0 0.237455 0.762545 
0 0 1 0 0 
0 1 0 0 0 
0 0 0 1 0 
1 0 0 0 0 
0 0 1 0 0 
1 0 0 0 0 
0 0 1 0 0 
0 0 1 0 0 
0 1 0 0 0 
1 0 0 0 0 
0 0 0 1 0 
1 0 0 0 0 
0 0 1 0 0 
0 0 0 0 1 
0 0 0 0 1 
0 1 0 0 0 
0 0.432458 0 0.567542 0 
0 0 0 0 1 
0 0 0.353888 0.646112 0 
1 0 0 0 0 
0 0 0 1 0 
0 0 0 0 1 
0 0 0 1 0 
0.906547 0 0.0934527 0 0 
1 0 0 0 0 
0 0 0 1 0 
0 1 0 0 0 
0 0 0.482892 0 0.517108 
0 0 1 0 0 
0 0 0 1 0 
1 0 0 0 0 
0 0 0 0 1 
0 0 1 0 0 
1 0 0 0 0 
0 0 0 1 0 
0 1 0 0 0 
0 1 0 0 0 
0 1 0 0 0 
0 0 1 0 0 
1 0 0 0 0 
0 0 1 0 0 
0 1 0 0 0 
0 1 0 0 0 
0 0.463815 0 0.536185 0 
0 0.416414 0 0.583586 0 
1 0 0 0 0 
0 0.884677 0.115323 0 0 
0 1 0 0 0 
0 0 0.582632 0.417368 0 
1 0 0 0 0 
0 0 1 0 0 
0 0 1 0 0 
0 0 0 1 0 
0 0.567597 0 0 0.432403 
0.527654 0 0 0.472346 0 
0 0 0 0 1 
0 0 0 1 0 
0 0.746726 0.253274 0 0 
1 0 0 0 0 
0.514247 0 0 0 0.485753 
0 0 0 1 0 
0 0 0 1 0 
1 0 0 0 0 
1 0 0 0 0 
0 0 1 0 0 
1 0 0 0 0 
0 0 0 1 0 
0 0 0 0 1 
0 0 1 0 0 
0 0 0 1 0 
0 0 0 1 0 
0 1 0 0 0 
0 0 0 1 0 
0 1 0 0 0 
0 0 0 0 1 
1 0 0 0 0 
1 0 0 0 0 
0 0 1 0 0 
1 0 0 0 0 
0.454222 0 0 0 0.545778 
0 0 0 0 1 
0 0 0.830796 0.169204 0 
0 0 1 0 0 
0 1 0 0 0 
0 1 0 0 0 
0 0.472224 0 0.527776 0 
