5 100
0.524468
0.672361
0.439489
0.380436
0.456259
10.9317 0.283287
10.8355 0.652088
10.6623 0.316675
10.358 0.949065
9.84318 0.177052
9.7805 0.54905
9.67754 0.955849
9.64537 0.263725
9.16284 1.00993
8.33313 0.654294
8.06701 1.55477
8.05531 1.55718
8.03789 0.458846
7.31173 1.67896
7.2213 1.68606
7.16072 0.896338
7.15836 2.64571
7.00183 2.18211
6.82932 2.18993
6.4773 1.45196
6.38982 1.2016
6.35681 3.40514
6.33401 3.48659
6.21206 2.35454
6.05728 2.52177
5.97316 1.70208
5.69256 2.74299
5.54659 3.22998
5.50744 1.63158
5.50561 1.70392
5.39341 2.61373
5.10779 2.95081
4.87795 2.95479
4.7301 1.7848
4.49482 1.85059
4.49288 3.49717
4.48052 2.96148
4.36012 2.89682
4.30564 4.59261
4.20686 2.57121
4.20358 4.54668
4.10393 3.37435
3.77653 3.39385
3.74547 5.0515
3.68136 3.50681
3.66376 3.91463
3.40249 4.51909
3.24419 3.85939
3.12813 5.10812
2.97503 5.33461
2.88349 5.84726
2.80621 4.64022
2.52696 6.31623
2.22483 3.99077
1.95934 4.87304
1.95878 4.38387
1.72956 4.82645
1.65349 6.64004
1.5719 7.17937
1.56433 7.32032
1.5565 5.38932
1.5288 5.33025
1.50741 7.74308
1.46275 6.35085
1.31981 6.02894
1.14876 6.50174
1.14549 5.13745
1.11527 5.44438
1.09889 5.34553
1.07694 7.9485
0.986675 6.72438
0.940233 7.81536
0.914347 6.01681
0.902423 8.90367
0.880506 6.24114
0.589254 8.97756
0.48137 6.25868
0.467785 6.31519
0.43971 6.1778
0.401259 9.30404
0.397599 9.96662
0.318892 7.79683
0.306781 8.49342
0.29805 6.91425
0.214741 9.52297
0.211543 7.59247
0.21084 7.36591
0.151236 10.1243
0.13279 7.87804
0.117731 8.02116
0.116388 9.20979
0.112485 9.45521
0.0844126 6.84431
0.0706769 8.88607
0.0563233 9.90662
0.0416978 7.38572
0.0400426 10.8897
0.0306453 11.453
0.0173688 7.72443
0.00090693 12.0875
0 0 0 0 1 
0 0.511502 0 0 0.488498 
0 0 0 0 1 
1 0 0 0 0 
0 0 0 0 1 
0 0.507237 0 0.492763 0 
0 0 1 0 0 
0 0 0 1 0 
0 0 0 1 0 
0.51915 0.48085 0 0 0 
0.233574 0.766426 0 0 0 
0 1 0 0 0 
1 0 0 0 0 
1 0 0 0 0 
0 0 0 0 1 
0 0 0 1 0 
0.348215 0.651785 0 0 0 
0 0 0 1 0 
0.296565 0 0 0 0.703435 
0 0 0 1 0 
0.541507 0 0.458493 0 0 
0 0 1 0 0 
0 0 1 0 0 
0.444945 0 0 0 0.555055 
0.623308 0 0 0 0.376692 
0 0 0 0 1 
0 1 0 0 0 
0 1 0 0 0 
0 1 0 0 0 
0.853973 0.146027 0 0 0 
0.683323 0 0 0 0.316677 
0 0 0.376086 0.623914 0 
0 0.348592 0 0 0.651408 
1 0 0 0 0 
0 0 0 0 1 
0 0.407154 0 0.232496 0.36035 
1 0 0 0 0 
0 0 0 1 0 
0 0 0.183728 0 0.816272 
0 0 0 1 0 
0 0 1 0 0 
0 0.157204 0 0.842796 0 
0 0 1 0 0 
0 0 0 0 1 
0 0.367554 0.266479 0 0.365967 
0 0 1 0 0 
0 0 1 0 0 
0 0 1 0 0 
1 0 0 0 0 
0.456727 0.219212 0.324061 0 0 
1 0 0 0 0 
0 0 0 1 0 
0 1 0 0 0 
0.127564 0 0.422789 0.449648 0 
0 0 0 0 1 
0 0 0.510877 0 0.489123 
1 0 0 0 0 
0 0 0 0 1 
0.635037 0.364963 0 0 0 
0 0 1 0 0 
0 0 0 1 0 
0.528499 0 0.471501 0 0 
0 0 0 1 0 
0 1 0 0 0 
0 0 0.288846 0 0.711155 
0.398753 0 0.601247 0 0 
0 0 0.241252 0.758748 0 
0 1 0 0 0 
0.270388 0.0982017 0.289173 0 0.342237 
0 0 0.504881 0.495119 0 
0.405447 0.363566 0.230987 0 0 
1 0 0 0 0 
0.533553 0 0.466447 0 0 
0 0 0 1 0 
0.78194 0 0 0 0.21806 
1 0 0 0 0 
0.166141 0 0.109769 0 0.72409 
0.187958 0 0 0 0.812042 
0 1 0 0 0 
0 0 1 0 0 
0 1 0 0 0 
0 0 0.767806 0.232194 0 
0 0 0 0 1 
0.404772 0 0 0 0.595228 
0.583018 0.416982 0 0 0 
0 0.870854 0 0 0.129146 
0.665225 0 0.334775 0 0 
0 0 0 1 0 
0.695729 0.304271 0 0 0 
0 0 0.437854 0 0.562146 
0 0 1 0 0 
0.726983 0 0.273017 0 0 
0 0 1 0 0 
0 1 0 0 0 
0 1 0 0 0 
0.594218 0.303372 0 0.10241 0 
0 1 0 0 0 
1 0 0 0 0 
0 0 0 0 1 
0 0 1 0 0 
