5 50
0.288835
0.635128
0.661908
0.745788
0.66821
12.0852 0.197841
10.4057 0.253489
9.3084 0.61364
8.75689 1.10073
8.09439 0.604518
7.40121 2.28836
6.58955 0.700668
6.57542 1.66985
6.48489 3.21897
6.22916 1.558
6.13193 1.8022
6.02416 2.60042
5.66138 3.48881
4.77305 2.16067
4.20631 2.88434
4.04113 3.09209
3.99646 2.79161
3.56231 3.31591
3.42751 4.41531
3.24469 2.75011
2.90802 5.32015
2.90175 4.67235
2.74093 4.33461
2.66308 3.86819
2.52428 6.54118
2.25823 5.04565
2.20791 6.14141
2.16939 5.09328
2.14358 4.09836
2.13868 4.72261
1.59235 4.98194
1.58537 5.57658
1.13383 6.31787
0.981103 5.67384
0.944268 7.76956
0.889044 6.91786
0.886669 7.36423
0.834403 6.68179
0.743182 7.92354
0.513938 6.14062
0.419905 8.51918
0.312233 8.92303
0.287556 8.24048
0.162528 10.1286
0.155849 9.38558
0.0845527 9.29473
0.0802509 8.48866
0.0742982 7.14821
0.0619809 9.67471
0.0124864 11.2813
0 0.782472 0.217528 0 0 
0.284635 0.715365 0 0 0 
0 0 0 0.600374 0.399626 
0 0 0 0.54405 0.45595 
0 0 0.524055 0.270732 0.205213 
0 1 0 0 0 
0 0.193247 0.467646 0 0.339108 
0 0.136145 0.542162 0 0.321693 
0 0 1 0 0 
0 0.245797 0.0869902 0 0.667213 
0 0.342546 0 0 0.657454 
0.719633 0 0 0 0.280367 
0 0 0 1 0 
0.269383 0.402585 0 0 0.328032 
0 0 0.506118 0 0.493882 
0.0758488 0 0 0.447677 0.476474 
0.812752 0.187248 0 0 0 
0.445071 0 0.554929 0 0 
0.367752 0 0 0.411095 0.221153 
0 0 0 1 0 
0 0 0 0.696763 0.303237 
1 0 0 0 0 
0.390284 0 0 0.609716 0 
0 0 0 1 0 
0.328337 0.342345 0.329318 0 0 
0 0 1 0 0 
0 0.350797 0 0 0.649203 
0 1 0 0 0 
0 0.466733 0 0.0555282 0.477739 
0 0.22449 0 0 0.77551 
0 0.523545 0 0.476455 0 
0.467133 0.27431 0.258556 0 0 
0 1 0 0 0 
0 0 0 1 0 
1 0 0 0 0 
0.447709 0.268134 0 0.121123 0.163034 
0 0.279999 0.173175 0.546826 0 
0 1 0 0 0 
0 0 0.606468 0 0.393532 
1 0 0 0 0 
0.753836 0 0 0.246164 0 
0.530297 0 0.0848347 0 0.384869 
0 0.402384 0.128998 0.468618 0 
0 0 0 1 0 
0.399007 0 0 0 0.600993 
0 0 0 1 0 
1 0 0 0 0 
0.351672 0 0.353425 0 0.294903 
0 0 0 1 0 
0.45384 0 0 0.374243 0.171917 
