5 200
0.428213
0.556406
0.390645
0.549539
0.383686
10.7043 0.32549
10.3835 0.335796
9.89722 0.797804
9.85091 0.631711
9.42981 0.415524
9.12363 0.269066
9.07472 0.664303
8.98228 0.449044
8.96986 0.600164
8.84511 0.54229
8.82964 0.390932
8.79934 0.47617
8.71964 0.976038
8.71575 1.40476
8.48464 1.65095
8.4763 1.31751
8.05011 1.74927
7.83213 1.14713
7.7561 0.980136
7.72098 0.292614
7.64847 1.51354
7.51785 0.241243
6.98256 2.63403
6.97892 1.41283
6.93834 1.91553
6.86994 1.28763
6.85924 2.46624
6.80736 0.812838
6.69027 2.44662
6.68934 1.96037
6.41943 2.51684
6.39964 1.86425
6.3826 1.68444
6.24335 2.31145
6.15866 1.69096
5.99829 2.19035
5.99071 1.23618
5.95273 3.26357
5.82539 1.0977
5.79753 2.69356
5.78335 1.08319
5.66607 1.61039
5.59411 3.22791
5.57637 2.03245
5.46494 2.51054
5.12172 3.78197
5.12152 2.1794
5.05975 2.23547
5.04246 3.21543
5.00607 2.09873
4.93505 1.7534
4.92693 2.55801
4.91748 2.81972
4.89442 2.65425
4.82292 3.75503
4.68933 3.47099
4.5901 3.61211
4.50389 3.1228
4.49645 3.06373
4.48463 2.37112
4.47675 3.26587
4.35576 3.62585
4.34814 3.56187
4.33408 2.9971
4.29899 3.38972
4.2754 2.96795
4.27151 3.56318
4.22861 3.30188
4.18402 2.99208
4.14651 2.13596
4.13881 2.58864
4.0402 2.69916
3.99037 4.41241
3.94819 3.66778
3.80869 4.03383
3.79866 3.33405
3.75929 4.53707
3.46666 4.43679
3.40101 3.39075
3.37774 3.31626
3.34145 4.43777
3.30622 4.09083
3.29049 4.55499
3.28582 3.8049
3.24346 4.06053
3.24346 4.97885
3.23273 4.57094
3.20124 4.03509
3.12897 5.13771
3.10399 4.27593
3.0897 4.16047
3.03065 4.39434
2.99699 3.72699
2.99014 4.69109
2.98666 4.46802
2.94021 4.37114
2.84816 4.83439
2.7958 3.89349
2.74972 5.08018
2.69049 6.26145
2.68695 4.31382
2.51146 3.98882
2.4786 3.93813
2.44678 5.8764
2.439 6.61924
2.318 6.01264
2.30051 6.75233
2.26804 4.89723
2.17921 4.46796
2.10322 5.17356
2.07591 4.28688
2.06776 6.11036
2.03692 5.65538
2.02687 6.31397
1.96272 5.59195
1.94549 6.60065
1.91664 4.77582
1.8538 6.37045
1.7877 6.21152
1.76284 6.80101
1.70069 5.81027
1.67442 7.62423
1.65737 6.51582
1.61544 5.19134
1.46987 6.86474
1.40453 5.13575
1.38504 5.23195
1.38252 5.86674
1.32575 8.27194
1.29466 6.1869
1.28758 6.61638
1.2836 5.61495
1.27022 6.55207
1.22656 6.44946
1.1862 7.03891
1.16847 4.87182
1.1605 7.13124
1.11267 5.638
1.10944 5.37989
1.09519 5.50859
1.01644 7.10035
0.974021 6.14906
0.971819 7.28255
0.948824 7.64194
0.909473 5.83059
0.846503 6.06804
0.834112 8.17568
0.831855 5.46102
0.82052 6.19145
0.799741 6.2881
0.767581 5.74242
0.734048 6.6754
0.575525 6.21576
0.5226 6.77424
0.485666 5.91695
0.482891 8.1199
0.450725 7.88934
0.441832 9.44974
0.426637 8.98082
0.424618 6.74262
0.419614 9.27055
0.377441 8.78497
0.355235 7.59996
0.333032 7.71691
0.306255 8.31029
0.258234 6.51134
0.24022 8.32975
0.236149 8.61777
0.227969 7.82833
0.213795 7.37206
0.191648 9.96467
0.188836 9.39725
0.188548 6.68051
0.188322 8.46424
0.154176 6.966
0.140053 10.6382
0.138082 9.178
0.132561 9.03473
0.118639 9.59442
0.114971 9.18102
0.091969 7.11661
0.0879025 10.0541
0.0806602 10.7484
0.0558433 6.98912
0.0555853 9.58079
0.0530994 6.91968
0.0421584 7.95982
0.0418772 8.89856
0.0389904 9.9091
0.0362675 9.11951
0.0359838 11.3992
0.0273796 11.6981
0.0233247 8.2431
0.0200783 8.90552
0.0176065 9.11903
0.0167195 10.8406
0.0149502 11.4991
0.0146565 8.89999
0.00638669 11.2992
0.00551295 7.54508
1 0 0 0 0 
0 0 0 1 0 
0 0 0 1 0 
0 1 0 0 0 
0 0 0 1 0 
0 1 0 0 0 
0 1 0 0 0 
0 0 1 0 0 
0 0 0 1 0 
0 0 0 1 0 
1 0 0 0 0 
0 1 0 0 0 
0 1 0 0 0 
0 0 0 1 0 
0 0 0 0 1 
0 0 1 0 0 
0 0 0 0 1 
0 0 1 0 0 
0 1 0 0 0 
1 0 0 0 0 
1 0 0 0 0 
0 0 1 0 0 
0 0 0 0 1 
0 1 0 0 0 
0 0 0 0 1 
1 0 0 0 0 
1 0 0 0 0 
0 0 0 0 1 
0 1 0 0 0 
0 0 0 1 0 
0 0 1 0 0 
1 0 0 0 0 
0 0 0 0 1 
0 0 0 1 0 
0 1 0 0 0 
0 0 0 0 1 
0 0 1 0 0 
0 0 0 0 1 
1 0 0 0 0 
0 1 0 0 0 
0 0 0 0 1 
1 0 0 0 0 
0 0 0 1 0 
0 0 0 1 0 
0 0 1 0 0 
0 1 0 0 0 
0 0 0 1 0 
0 0 1 0 0 
0 0 0 0 1 
0 1 0 0 0 
0 1 0 0 0 
0 0 1 0 0 
0 1 0 0 0 
0 0 0 1 0 
0 1 0 0 0 
0 0 0 1 0 
0 0 0 0 1 
0 0 0 1 0 
1 0 0 0 0 
0 0 1 0 0 
0 1 0 0 0 
0 0 0 1 0 
0 0 0 0 1 
0 0 0 1 0 
0 0 1 0 0 
0 0 1 0 0 
0 0 1 0 0 
0 1 0 0 0 
1 0 0 0 0 
0 1 0 0 0 
0 0 0 1 0 
1 0 0 0 0 
1 0 0 0 0 
0 1 0 0 0 
0 0 0 1 0 
0 0 0 1 0 
0 0 0 1 0 
0 0 1 0 0 
0 0 1 0 0 
0 1 0 0 0 
0 0 0 0 1 
0 0 1 0 0 
0 0 0 0 1 
0 0 0 0 1 
0 0 0 0 1 
0 0 1 0 0 
0 1 0 0 0 
0 0 1 0 0 
0 1 0 0 0 
0 0 1 0 0 
0 0 0 1 0 
0 0 1 0 0 
0 0 1 0 0 
0 0 0 0 1 
0 0 0 0 1 
0 0 1 0 0 
1 0 0 0 0 
0 0 0 1 0 
1 0 0 0 0 
0 1 0 0 0 
0 0 0 1 0 
0 0 1 0 0 
0 0 0 1 0 
0 0 0 1 0 
0 0 0 0 1 
1 0 0 0 0 
1 0 0 0 0 
0 1 0 0 0 
0 0 0 0 1 
0 1 0 0 0 
0 0 0 1 0 
0 1 0 0 0 
0 0 1 0 0 
0 0 1 0 0 
1 0 0 0 0 
1 0 0 0 0 
0 0 1 0 0 
0 0 0 0 1 
0 1 0 0 0 
0 0 0 0 1 
0 0 0 0 1 
0 0 0 0 1 
0 1 0 0 0 
0 0 1 0 0 
1 0 0 0 0 
0 0 1 0 0 
0 0 0 1 0 
0 0 0 0 1 
1 0 0 0 0 
0 0 1 0 0 
0 0 0 1 0 
1 0 0 0 0 
1 0 0 0 0 
0 0 0 0 1 
0 0 0 1 0 
1 0 0 0 0 
0 1 0 0 0 
0 0 0 1 0 
0 0 1 0 0 
0 0 0 0 1 
0 0 1 0 0 
0 0 0 1 0 
0 0 0 0 1 
1 0 0 0 0 
1 0 0 0 0 
1 0 0 0 0 
0 0 1 0 0 
0 0 0 1 0 
0 0 1 0 0 
0 0 0 1 0 
0 0 1 0 0 
1 0 0 0 0 
0 1 0 0 0 
1 0 0 0 0 
0 0 1 0 0 
0 0 1 0 0 
0 0 0 1 0 
0 0 0 1 0 
0 0 0 1 0 
1 0 0 0 0 
0 0 1 0 0 
0 0 0 0 1 
0 0 0 0 1 
0 0 0 1 0 
0 0 0 1 0 
0 0 1 0 0 
0 0 0 0 1 
0 0 0 0 1 
1 0 0 0 0 
0 0 0 0 1 
0 0 0 0 1 
0 0 1 0 0 
0 0 1 0 0 
0 1 0 0 0 
0 0 0 0 1 
1 0 0 0 0 
1 0 0 0 0 
0 0 0 1 0 
0 1 0 0 0 
0 0 0 0 1 
1 0 0 0 0 
1 0 0 0 0 
0 0 0 0 1 
1 0 0 0 0 
0 1 0 0 0 
0 1 0 0 0 
0 0 0 0 1 
0 0 1 0 0 
0 0 0 1 0 
0 1 0 0 0 
0 1 0 0 0 
0 1 0 0 0 
1 0 0 0 0 
0 1 0 0 0 
0 0 1 0 0 
0 1 0 0 0 
0 1 0 0 0 
0 0 1 0 0 
1 0 0 0 0 
0 1 0 0 0 
