5 200
0.376545
0.520089
0.575297
0.513421
0.45394
10.994 0.325373
10.5917 0.504651
10.4744 0.118307
10.435 0.402029
10.1907 0.308604
10.149 0.821917
10.1188 0.301173
9.88422 0.73711
9.72099 0.222269
9.27276 0.372866
9.21958 0.35865
9.19249 1.03233
9.04674 1.54669
8.85288 1.481
8.77945 0.167458
8.77331 0.16472
8.6742 0.175273
8.42624 1.07768
8.28194 0.551377
8.14301 0.69565
7.86782 0.597428
7.8329 0.214934
7.79498 1.67867
7.55022 0.786548
7.45718 0.196047
7.30014 1.84913
7.15228 1.50785
7.06938 1.4747
7.01635 1.36689
6.99415 0.960787
6.93919 1.04647
6.92438 2.86176
6.88574 1.27129
6.85946 2.81383
6.84311 1.94556
6.75852 2.09528
6.56365 1.32555
6.48513 1.57885
6.46817 2.74606
6.36762 0.971107
6.30448 2.15642
6.29826 2.46949
6.10394 2.90212
6.09593 2.0893
6.09495 1.21873
6.08901 2.28562
6.03733 1.27162
5.87891 2.92459
5.75318 1.29327
5.71708 2.05949
5.6935 1.99392
5.49103 1.67244
5.46084 2.64599
5.38558 2.83422
5.3832 2.7929
5.36505 2.36945
5.31885 3.37689
5.27 3.20731
5.22426 3.33852
5.0675 2.15966
4.95361 3.48336
4.94992 3.63997
4.78861 2.33477
4.68277 3.13079
4.68026 3.10877
4.55313 2.88599
4.5173 3.10571
4.48896 2.83896
4.37278 3.89855
4.36983 4.17708
4.33064 4.72338
4.31172 4.07209
4.30681 2.61996
4.24477 3.97182
4.22766 3.85684
4.20098 2.19491
4.12821 4.196
4.04707 3.58908
3.89843 4.20653
3.78586 3.6248
3.66721 4.17253
3.55512 4.38104
3.52967 5.72971
3.50205 4.18734
3.42824 5.17569
3.41041 4.53427
3.11352 3.95629
3.05815 4.58221
2.98115 4.6067
2.97505 5.79313
2.96641 4.75937
2.87143 3.21501
2.73882 3.87393
2.67117 5.62342
2.52325 4.71077
2.44984 4.57634
2.43952 4.4971
2.29643 5.29302
2.29388 3.63078
2.21549 3.70143
2.13097 5.77677
2.03364 4.26301
2.02874 5.81575
2.01836 5.00404
2.01528 5.20162
1.99632 6.17227
1.99585 4.86485
1.9881 6.09675
1.9391 6.42254
1.89308 5.68428
1.82583 5.64329
1.76642 5.75474
1.72111 6.59239
1.6958 7.35512
1.68786 5.07374
1.61993 6.17736
1.61562 4.65891
1.58275 6.06758
1.5502 7.9201
1.46798 7.41842
1.46355 7.23924
1.45981 6.3136
1.42895 5.98832
1.42731 6.7204
1.40676 6.10052
1.33344 5.51382
1.29999 5.06644
1.26842 7.67778
1.25708 7.52283
1.25692 7.33103
1.22841 7.66707
1.21634 7.83658
1.13778 6.45228
1.09265 7.73502
1.05824 8.43627
1.0201 6.65636
0.981209 6.90752
0.885191 6.57731
0.864031 5.15952
0.840976 6.33618
0.830644 7.64302
0.801184 7.08979
0.765701 6.24949
0.76257 9.019
0.725792 6.97065
0.702084 6.20189
0.696659 7.27217
0.682008 5.73535
0.628066 8.74766
0.62259 8.98069
0.614288 7.50811
0.610144 5.56773
0.5865 6.89414
0.453776 9.74218
0.424283 9.61142
0.422218 8.26255
0.397103 7.72351
0.380078 7.48266
0.3696 9.63827
0.316483 8.07793
0.297165 7.11792
0.271128 7.14833
0.263743 7.17135
0.250764 7.83198
0.241522 7.8261
0.219946 7.67235
0.215328 9.39831
0.213771 9.0262
0.203947 8.37308
0.19171 10.1597
0.168932 9.86412
0.166004 9.19232
0.148843 9.61012
0.134505 9.15697
0.133361 9.26021
0.109533 7.67928
0.0992984 7.63084
0.0936535 7.14182
0.0874355 10.6709
0.082402 8.20237
0.0801974 10.7995
0.0787705 9.45444
0.0679174 7.64859
0.0607232 7.59102
0.0576336 11.4197
0.053032 10.3114
0.052365 11.1495
0.0448334 9.33466
0.0303552 11.6528
0.0209669 10.2789
0.0126515 8.25432
0.0109466 7.26447
0.0104168 9.07339
0.0101702 11.4583
0.00750865 11.2615
0.00725731 11.8688
0.00635769 10.373
0.00350712 11.2864
0.0032082 10.7521
0.00121072 8.25516
1 0 0 0 0 
0 1 0 0 0 
0.557594 0 0 0.442406 0 
0.0953827 0 0 0.63447 0.270147 
0 0 0 0 1 
0 0.489673 0 0.510327 0 
0.570219 0 0 0.429781 0 
1 0 0 0 0 
0 0 0 0 1 
0 0 0 1 0 
0 0.534181 0 0 0.465819 
0 0 0.66499 0.33501 0 
1 0 0 0 0 
0 0 0 0 1 
0 0 1 0 0 
0 1 0 0 0 
0 1 0 0 0 
0 0 1 0 0 
0 0 0 0 1 
0.653913 0.346087 0 0 0 
0 0 0 1 0 
0.535403 0.464597 0 0 0 
0 0 0 0 1 
0 1 0 0 0 
0 0 0 0 1 
1 0 0 0 0 
0 0.21698 0 0.78302 0 
0 1 0 0 0 
1 0 0 0 0 
0 1 0 0 0 
0 0 0 0 1 
0 0 0.629417 0.201538 0.169044 
0 0 0 0 1 
0 0.591657 0 0.408343 0 
0 1 0 0 0 
0.564484 0 0 0 0.435516 
0.445612 0 0.283103 0.271285 0 
0 0 0.476403 0 0.523597 
0 0 0 1 0 
1 0 0 0 0 
0 0.874708 0.125292 0 0 
0 0.41658 0 0 0.58342 
0.698468 0.301532 0 0 0 
0 1 0 0 0 
0.524709 0.475291 0 0 0 
0 0 0 1 0 
0 0 0 0.490773 0.509227 
0 0 0 0 1 
1 0 0 0 0 
0.681057 0 0.318943 0 0 
0 0 0.791774 0.208226 0 
0 0 0.73608 0.26392 0 
0 0 0 1 0 
1 0 0 0 0 
0 1 0 0 0 
0.699452 0 0.300548 0 0 
0.691601 0 0 0 0.308399 
0.486664 0 0.513336 0 0 
0 0 0 0 1 
0 1 0 0 0 
1 0 0 0 0 
0 0 0 0.427312 0.572688 
0 1 0 0 0 
0 0.621661 0.378339 0 0 
0 1 0 0 0 
0 1 0 0 0 
0 0.654608 0 0 0.345392 
0.284014 0.437447 0 0 0.278539 
0 0 0 0 1 
0 0.458698 0 0 0.541302 
0 0 0 1 0 
0 0.176469 0 0.823531 0 
1 0 0 0 0 
0.21085 0.312544 0 0.135376 0.34123 
0 0.212003 0.401244 0 0.386753 
0.266534 0 0 0.459263 0.274202 
0 0.152909 0.620242 0.226849 0 
0 0 0.422729 0.33424 0.243031 
1 0 0 0 0 
0 0 1 0 0 
0 0 0 0 1 
0 0 0.204669 0 0.795331 
0 0 0 0.623007 0.376993 
0 0 0 0 1 
0 0 1 0 0 
0.422794 0 0 0 0.577206 
0 0 0 0 1 
0.194673 0 0.309337 0 0.495991 
0 0 0 1 0 
0.421064 0.578936 0 0 0 
0 1 0 0 0 
0 0 0 0 1 
0.623784 0 0.376216 0 0 
1 0 0 0 0 
0 0 0 0 1 
0 0 0 1 0 
0.419912 0.580088 0 0 0 
0 0 0 1 0 
0 1 0 0 0 
0 1 0 0 0 
0 0 0 1 0 
0 0 0.614737 0 0.385263 
0 0 0 1 0 
0 0 0 0 1 
0 0.590117 0.409883 0 0 
0 0 0 1 0 
0 1 0 0 0 
0 0 0 1 0 
0 0 0 1 0 
0 0 0 0 1 
0 0 0 1 0 
0 0 0 1 0 
0 0 0 1 0 
1 0 0 0 0 
0 0 0 0.658647 0.341353 
0 0 0.781931 0.218069 0 
0 0 1 0 0 
0 1 0 0 0 
0.790627 0 0.209373 0 0 
0 0 0 1 0 
0 0 1 0 0 
0 0 0 0.280156 0.719844 
0 0 0 0 1 
0 0 0 0 1 
0.162521 0 0.529702 0 0.307776 
0.174226 0 0.39348 0.432294 0 
0.536093 0 0.463907 0 0 
1 0 0 0 0 
0.878778 0 0 0 0.121221 
0 0 0 1 0 
0 1 0 0 0 
1 0 0 0 0 
0 1 0 0 0 
0 0 1 0 0 
0.361213 0 0 0.311325 0.327462 
0 0.538918 0 0.461082 0 
0 1 0 0 0 
0 0 0 1 0 
0.627492 0 0.372508 0 0 
1 0 0 0 0 
0 0 0 0 1 
0 0.514456 0 0.485544 0 
0 0 0 1 0 
0 0 0 1 0 
0 0 0 0 1 
0 1 0 0 0 
0.539465 0 0.460535 0 0 
0 0.601847 0 0 0.398153 
0 1 0 0 0 
0.357284 0 0.121612 0.521104 0 
0 0 0 1 0 
0 0 1 0 0 
0 1 0 0 0 
0 0 0 1 0 
0 0 0.305386 0.694614 0 
0 0 0.53743 0 0.46257 
0 1 0 0 0 
0 0 0 1 0 
0 0.369181 0 0.529181 0.101638 
0 0 1 0 0 
0 0 0 0 1 
0 0 1 0 0 
1 0 0 0 0 
0 1 0 0 0 
0 0 0 1 0 
0 0.226954 0 0 0.773046 
0.534113 0.465887 0 0 0 
0 0 0 0.544733 0.455267 
0 1 0 0 0 
1 0 0 0 0 
0 0 0.517013 0.482987 0 
0 0 1 0 0 
0.273688 0.726312 0 0 0 
0.552993 0.447007 0 0 0 
0 0 0 1 0 
0 0 0 1 0 
0 0.163672 0 0.11904 0.717288 
0.563395 0.436605 0 0 0 
0 0 0 0.539461 0.460539 
0 0 1 0 0 
0.159033 0 0 0.3592 0.481767 
1 0 0 0 0 
0.571432 0.428568 0 0 0 
0 0 0 0 1 
1 0 0 0 0 
0 1 0 0 0 
0.380295 0.329971 0 0.289733 0 
0 0 0 1 0 
0 0 0 1 0 
1 0 0 0 0 
0 0 0 0 1 
0.066253 0.350058 0.219934 0.363754 0 
0 0 0 0 1 
0 0 0 0 1 
0 0 1 0 0 
0 0 1 0 0 
0 0.726696 0 0.273304 0 
0 0 0.88036 0.11964 0 
0 0 0 1 0 
0 0.571132 0 0.428868 0 
