5 150
0.272553
0.376194
0.501411
0.370777
0.61726
11.6466 0.393997
11.4024 0.290409
11.383 0.268307
11.3113 0.171316
11.241 0.238858
11.0204 0.642272
10.9232 0.389193
9.80551 0.513258
9.80278 0.161361
9.73384 0.436706
9.72658 1.0713
9.49968 1.12238
9.43571 0.254498
9.33528 1.09931
9.24934 1.67069
9.16183 0.684191
8.86076 1.40416
8.75433 0.63444
8.4287 0.662633
8.41969 1.32402
8.22024 0.796621
8.06767 0.95597
7.81134 0.962213
7.75481 1.29242
7.52229 0.436481
7.46891 0.754178
7.32599 1.54909
7.07042 2.06261
7.03915 0.727131
7.02195 1.75718
6.92721 1.88682
6.68658 2.33599
6.67792 0.846432
6.06358 2.29872
6.04915 2.77585
5.7912 1.73109
5.76416 1.84502
5.69904 3.22716
5.50126 2.66541
5.42623 3.38965
5.21474 2.03605
5.02368 1.69407
4.63784 4.42243
4.49072 2.16171
4.44587 3.04139
4.18236 2.78032
4.12525 3.52643
4.12493 3.58055
4.08352 4.73795
4.0153 4.18068
3.93209 2.69701
3.66736 4.50756
3.4084 3.43524
3.37131 4.36802
3.30233 3.99801
3.22243 5.58569
3.1178 3.79667
2.96739 3.07543
2.86539 3.90338
2.83772 5.45889
2.81237 3.44815
2.72922 4.04052
2.69474 5.4859
2.64334 3.61458
2.51066 4.44038
2.44196 6.42001
2.41903 3.39167
2.39855 5.77393
2.28426 6.73651
2.25112 4.57671
2.21331 4.45148
2.13646 6.07815
1.98835 5.03928
1.85704 6.40258
1.70795 5.64889
1.66189 6.88795
1.56864 6.9623
1.44185 6.23644
1.38162 7.80914
1.34065 4.76957
1.33632 7.15152
1.27247 6.48491
1.25258 5.05948
1.2311 6.10393
1.22891 6.83709
1.2262 6.30495
1.20247 7.70433
1.12346 8.07786
1.10822 7.83118
1.10789 7.76756
1.10165 7.42738
1.08017 5.3111
1.07229 5.42352
1.02302 6.58608
1.01515 6.13037
0.870201 6.15932
0.821402 6.23137
0.8119 5.82678
0.788883 7.27391
0.783163 7.39822
0.781689 5.60718
0.714449 7.3334
0.686476 7.04846
0.674259 6.61544
0.674247 7.99768
0.636309 6.49931
0.541864 6.09391
0.53391 6.49653
0.527167 8.14482
0.499721 5.92341
0.477028 8.05671
0.466256 7.89835
0.463427 8.02846
0.451652 6.79911
0.451221 9.51011
0.450414 7.55597
0.40259 9.59721
0.377412 8.18255
0.373755 8.16367
0.351407 6.65241
0.341326 7.62679
0.326892 10.0061
0.311361 8.44014
0.305989 10.1447
0.257624 7.4354
0.251377 7.43686
0.240124 6.58449
0.230268 6.83681
0.224158 8.54742
0.211347 8.47154
0.198847 7.39492
0.151295 10.7448
0.118655 7.37841
0.0981231 10.8908
0.0796904 8.3373
0.0641959 9.41854
0.0621224 9.91716
0.055284 8.00807
0.0508865 7.77619
0.0478836 10.9895
0.0298314 7.15996
0.0266761 11.1493
0.0258213 8.23696
0.0237156 7.26461
0.0192952 11.2465
0.0123146 7.36129
0.0113104 11.9664
0.00547171 8.87024
0.0052537 9.9209
0.00179277 10.3575
0 0 1 0 0 
0.718002 0 0.281998 0 0 
0 0.430382 0 0.216346 0.353272 
0.363311 0.448824 0 0.187865 0 
0 0 0.615446 0.384554 0 
0 0 1 0 0 
0 0 1 0 0 
0.268925 0 0.0916966 0 0.639378 
0 1 0 0 0 
0 0.259154 0.740846 0 0 
0 0 0 0.512159 0.487841 
0.216562 0.421454 0 0.0732504 0.288733 
0 0 0 0 1 
0 0 0.385982 0.475787 0.138232 
1 0 0 0 0 
0 0 1 0 0 
0 1 0 0 0 
0.543981 0 0.456019 0 0 
0 0 1 0 0 
0.263421 0.284915 0.356768 0 0.0948964 
1 0 0 0 0 
0.200808 0.350957 0 0.111318 0.336917 
0 1 0 0 0 
0 0 1 0 0 
1 0 0 0 0 
0 0.452157 0.22055 0.327293 0 
0 0 0.282171 0.717829 0 
0.513503 0 0.486497 0 0 
0 0 0 0 1 
0 0 0.749225 0.250775 0 
0 0 0 1 0 
0.292899 0 0.498956 0.208145 0 
0 0 0.371089 0 0.628911 
0 0 0 1 0 
0 0.626948 0.373052 0 0 
0.544846 0 0 0.455154 0 
0 0 0.0999032 0.599804 0.300293 
0 0.585767 0 0 0.414233 
0 0.632369 0.367631 0 0 
0.135782 0 0 0 0.864218 
0 0.575643 0.424357 0 0 
0 0 0.392717 0.607283 0 
0.457771 0.542229 0 0 0 
0 0.733024 0 0.266975 0 
0.514603 0 0 0.485397 0 
0 0.127866 0.333092 0 0.539042 
0.51019 0.48981 0 0 0 
0 0 0 1 0 
0 0 0 0.542934 0.457066 
0 1 0 0 0 
0 0 1 0 0 
0 0 0 0 1 
0 0 0 0 1 
1 0 0 0 0 
0 0 0 1 0 
0.252874 0.216955 0.372968 0.157203 0 
0 0 0 0.720748 0.279252 
0 0.618623 0.105607 0 0.27577 
0.61486 0 0 0 0.38514 
0 0 0.541672 0 0.458328 
0 0 0.306313 0.693687 0 
0 1 0 0 0 
0.412749 0.360116 0.227135 0 0 
1 0 0 0 0 
0 0 0 0 1 
0 0.501249 0 0.498751 0 
0 0 0 0.400988 0.599012 
0 0 1 0 0 
0 0.571136 0 0.428864 0 
0.334208 0.463115 0 0.202677 0 
0.0980946 0.419788 0 0.482117 0 
0 0 0.241334 0.390897 0.367769 
0 0 0.638264 0 0.361736 
0 0 0.67185 0.32815 0 
0 0.158576 0.495237 0 0.346187 
0 1 0 0 0 
0 0.826495 0.173505 0 0 
0 0.521231 0 0.478769 0 
0 0 0 0.27659 0.72341 
0 0 0 0.608383 0.391617 
0 0 0 1 0 
0.274924 0.450479 0.274598 0 0 
0.793743 0 0 0 0.206257 
0 0 0 0 1 
0 0 0 0.164536 0.835464 
0 1 0 0 0 
1 0 0 0 0 
0.244405 0.165013 0 0.590583 0 
1 0 0 0 0 
0 0 0.374799 0.213361 0.41184 
0 0 1 0 0 
0.409308 0.309232 0.28146 0 0 
0.280824 0.719176 0 0 0 
0.264851 0 0 0.735149 0 
0.10807 0.355952 0.535979 0 0 
0 0 0.236058 0.763942 0 
0 0 0.322796 0 0.677204 
0.500351 0 0.172306 0 0.327343 
0 0 1 0 0 
0 0.186371 0.412434 0 0.401194 
0.718891 0 0 0 0.281109 
0 0.435627 0.564373 0 0 
0 0 0 1 0 
0.18268 0.817321 0 0 0 
0.240989 0.49681 0 0.262201 0 
0 0.23447 0 0 0.76553 
0.406462 0.105548 0.295347 0 0.192643 
0 0.678246 0 0.321754 0 
0 0 0 0 1 
0 0 0 0.537446 0.462554 
0.265704 0 0.274455 0 0.459841 
0 0 0 0.435251 0.564749 
0.668234 0 0.331766 0 0 
0 0 1 0 0 
0 0.544311 0.455689 0 0 
0 0.264 0 0.392836 0.343163 
0 0.212528 0.787472 0 0 
1 0 0 0 0 
0 0 0 0 1 
0 0 0 1 0 
0 0 1 0 0 
0 0.657231 0 0 0.342769 
0 0.854519 0.145481 0 0 
0.33876 0.161782 0.261113 0.195663 0.0426816 
0 0 0.378311 0.621689 0 
0 0 0.0887072 0.348185 0.563108 
1 0 0 0 0 
0 0 0.468858 0.531142 0 
0 0 0.630968 0.369032 0 
0.320916 0.141963 0.0581144 0.479006 0 
0 0 1 0 0 
0 0 0 0 1 
0.408843 0.361481 0 0 0.229676 
0 1 0 0 0 
0.596374 0 0.403626 0 0 
0.395 0.28812 0 0.31688 0 
0.238237 0 0 0.476628 0.285135 
0 0.139181 0 0.391816 0.469003 
0 0.271142 0.276494 0.452365 0 
0 0 0 0 1 
0 0 0 1 0 
0 0.704458 0 0.295542 0 
0 0.345277 0.352798 0.301925 0 
0 1 0 0 0 
0 0 0.580247 0.419753 0 
0 0 0 1 0 
0.614145 0 0.126323 0 0.259532 
0.248334 0 0.229203 0 0.522463 
0 0.54107 0.255714 0 0.203215 
0 0.50553 0 0.289849 0.204621 
