5 50
0.45748
0.426809
0.418996
0.503304
0.533425
11.3869 0.450551
10.2146 0.724333
9.7809 0.910695
9.1168 1.45023
8.75086 0.274457
7.41914 1.83807
6.84252 2.81541
6.39327 1.50347
5.59472 2.48785
5.51212 2.14992
5.1543 3.20132
4.92215 2.13612
4.39446 4.64897
4.30652 3.25526
4.04932 3.57036
3.87502 3.7777
3.53448 2.55274
3.04386 3.98361
2.84342 3.49815
2.80701 4.68905
2.76595 5.14798
2.60394 6.06665
2.5574 4.13796
2.3265 5.71502
2.13839 4.62214
2.12958 5.17186
2.09699 4.92523
1.3895 7.37354
1.3306 5.78068
1.21322 5.15978
1.16706 6.75889
1.14132 5.71884
1.10908 7.17997
1.09615 5.62177
0.988842 7.45534
0.931108 7.3016
0.922219 7.92473
0.608246 7.18355
0.530829 8.94041
0.445467 9.84669
0.413271 8.29544
0.235697 10.3716
0.114539 9.09791
0.0642479 7.77986
0.0614903 10.2971
0.0331322 8.21253
0.0271318 10.1485
0.0191987 10.9618
0.00599958 12.0766
0.00159347 10.1039
0 0 0 0.632671 0.367329 
0.169746 0.345749 0 0.220705 0.2638 
0 0 0 0.402191 0.597808 
0.483373 0.516627 0 0 0 
0.413731 0.379689 0 0 0.20658 
0.808877 0 0 0.191123 0 
0 0.216936 0 0.46776 0.315304 
0 0 0.763607 0 0.236393 
0 0.211207 0.406665 0.215515 0.166612 
0 0.208142 0 0.399273 0.392585 
0 0 0.617999 0 0.382001 
0.125911 0 0 0 0.874089 
0 0.316496 0.337324 0.34618 0 
0.450603 0 0.421701 0.127697 0 
0.227225 0.446501 0 0 0.326274 
0 0.756107 0 0.243893 0 
0.224539 0.0999596 0 0.675501 0 
0.426955 0 0.155039 0.418006 0 
0.452097 0 0.547903 0 0 
0.22632 0 0.412231 0.083629 0.27782 
0 0.49308 0 0 0.50692 
0.151095 0.318528 0.29611 0 0.234268 
0.196168 0 0 0 0.803832 
0.647892 0 0.352108 0 0 
0.388044 0.114345 0.324632 0 0.172979 
1 0 0 0 0 
0 0.706159 0 0.293842 0 
0.242368 0 0.757632 0 0 
1 0 0 0 0 
0.334644 0.542189 0 0.123168 0 
0 0.587533 0.412467 0 0 
0 0 0 0 1 
0 1 0 0 0 
0 0 0.275077 0.724923 0 
0.147634 0 0.328717 0.294888 0.22876 
0.532704 0.380009 0 0.0872865 0 
0 0.3652 0.0552678 0.302946 0.276586 
0.205584 0.794416 0 0 0 
0.343837 0.240595 0.415568 0 0 
0.0888969 0.239502 0 0.313914 0.357687 
0.31782 0.31051 0 0.308076 0.063594 
0.276041 0 0 0.429088 0.294871 
0 1 0 0 0 
0 0 0.0735982 0.525112 0.401289 
0 0 0.583578 0 0.416422 
0.250298 0.749702 0 0 0 
0.329751 0 0.670249 0 0 
0.770724 0 0 0 0.229276 
0 0 0 0.574858 0.425142 
0 0 1 0 0 
