5 150
0.50309
0.383534
0.284318
0.652539
0.495079
10.7209 0.413701
10.6148 0.331673
10.3116 0.460035
10.1977 0.324323
10.1402 0.134866
9.71051 1.45296
9.00071 0.777005
8.94867 0.681192
8.74791 1.81653
8.38679 0.217604
8.29113 1.83072
8.21118 1.48346
8.15711 1.60463
8.0178 1.43463
7.94488 1.29099
7.74126 0.540154
7.6649 1.43589
7.64896 1.22964
7.30321 2.26659
7.29795 0.768368
7.06161 1.4477
7.03695 1.68295
6.97438 0.396935
6.84579 1.04532
6.7847 2.22232
6.72865 2.03743
6.61875 1.70193
6.56585 2.18186
6.37822 1.10853
5.93439 2.45885
5.86403 1.78418
5.66961 2.0194
5.6638 2.05846
5.48855 2.12243
5.45113 3.08314
5.09572 2.60976
5.04377 3.10185
4.98768 2.38051
4.91043 4.10205
4.8391 2.13131
4.78861 1.76478
4.74894 4.17928
4.63859 3.7097
4.62106 3.8338
4.60111 3.67207
4.5244 2.08217
4.4558 2.32213
4.36248 2.81187
4.36105 4.24976
4.33309 2.9946
4.18538 2.77624
3.99759 3.59052
3.63872 5.32978
3.50302 4.31576
3.3967 4.91168
3.34361 3.91272
3.09479 3.03307
2.96253 3.10012
2.8307 4.9542
2.82366 4.21748
2.71264 5.50244
2.64419 3.82537
2.53774 5.59191
2.36904 4.41013
2.33494 5.30197
2.31522 5.30486
2.28863 6.31536
2.26462 5.2932
2.11097 5.54767
2.04792 3.89867
2.04592 5.43665
2.00367 7.30055
1.99033 7.00548
1.84666 6.17469
1.77293 4.77159
1.77247 5.01904
1.71038 6.3396
1.66686 6.08765
1.51766 4.67936
1.51149 6.88133
1.47836 4.73099
1.42809 6.43565
1.39682 6.55366
1.30361 7.80185
1.21194 7.36774
1.21151 5.64458
1.11329 6.10409
1.08284 7.49608
1.06032 8.4903
0.990817 7.09041
0.977235 8.35792
0.931614 5.94188
0.892613 6.61942
0.850176 8.67971
0.754065 6.91445
0.751593 7.71736
0.681432 6.84468
0.679504 6.76589
0.615254 7.60663
0.53296 8.1058
0.522984 8.18055
0.515531 9.20451
0.489682 7.41681
0.460824 8.81001
0.411327 6.19173
0.410179 8.10391
0.39589 8.73649
0.395074 8.50599
0.391127 8.47356
0.324943 8.62833
0.324068 8.49283
0.303518 9.936
0.287697 7.79404
0.28432 6.68973
0.282283 8.37781
0.228369 7.0132
0.225126 6.80666
0.191032 9.55681
0.187485 9.7502
0.173159 10.7717
0.153816 6.73409
0.150961 7.51372
0.150186 6.84204
0.136698 7.87875
0.121303 8.06717
0.109956 6.78173
0.101444 7.0977
0.0843624 7.10972
0.0837412 8.50638
0.079682 7.26147
0.0599856 7.49267
0.0429313 7.38126
0.0426076 7.77288
0.0363308 7.35589
0.0203699 9.01952
0.0203082 9.05486
0.0197708 11.2272
0.0190124 10.063
0.0176823 9.18829
0.0143659 11.0531
0.013622 9.58716
0.0100257 7.8752
0.00937211 11.0142
0.00779595 10.5746
0.00722129 8.21131
0.00592737 8.43655
0.00388804 9.24612
0.00366621 10.3051
0.00274252 7.53588
0.00155483 10.8035
0.248887 0.196675 0.554438 0 0 
0.183057 0 0 0 0.816943 
0 1 0 0 0 
0 0 0 0 1 
0.42822 0 0 0.214908 0.356872 
0 0 0.286309 0.713691 0 
0.41675 0.23646 0 0 0.346791 
0.518461 0 0 0.481539 0 
0 0.312472 0 0.296752 0.390776 
0 0 0 1 0 
0 0 0.359281 0.512827 0.127893 
0.158224 0 0.841776 0 0 
0 0 1 0 0 
0 0 1 0 0 
0 0.457755 0 0.542245 0 
0 0 0.712152 0.287848 0 
0.542294 0 0 0 0.457706 
0 0.220131 0.328833 0.451036 0 
0 1 0 0 0 
0.392118 0.244245 0 0 0.363638 
0.592026 0 0.407974 0 0 
0.454413 0 0 0 0.545587 
0 0.846855 0 0 0.153145 
0 0 0.24256 0 0.75744 
1 0 0 0 0 
0 0 0.606935 0 0.393065 
0 0 0 1 0 
0.294779 0.0981183 0.401882 0 0.205221 
0.189435 0.810565 0 0 0 
1 0 0 0 0 
0.570809 0 0.429191 0 0 
0 0.407609 0 0.448909 0.143482 
0 0 0 0.670291 0.329709 
0 0 0 0 1 
0 0.263761 0 0.386184 0.350055 
0.479697 0.368175 0 0 0.152128 
1 0 0 0 0 
0.614497 0.385503 0 0 0 
0.156559 0.25286 0 0.524354 0.0662269 
0.354983 0.239106 0 0.405911 0 
0 0 0.645275 0 0.354725 
0.160257 0 0 0.422331 0.417412 
0 0 0.770356 0 0.229644 
0 0 0.851875 0.148125 0 
0.577881 0.422119 0 0 0 
0.264481 0 0.735519 0 0 
0 0.572278 0.214101 0 0.21362 
0 0.51782 0.48218 0 0 
0 0.652964 0.347036 0 0 
0 0 0.365715 0.634285 0 
0 0.131723 0.282368 0.252068 0.333841 
0 0 0.811739 0.188261 0 
0 0 0 0.683931 0.316069 
0 0.484542 0 0 0.515458 
0 0 0 0.655991 0.344009 
0.567147 0 0 0 0.432853 
0 1 0 0 0 
0 0 0.652412 0.347588 0 
0 0.810307 0 0 0.189693 
0 0 0 0 1 
0 0.485173 0 0.133106 0.381722 
0.28398 0 0 0.71602 0 
0.370972 0 0 0.629028 0 
0 0 0.826503 0 0.173497 
0.474143 0 0 0.525857 0 
0 0 0.40271 0.597291 0 
0.664985 0 0.335015 0 0 
0 0 0.699141 0 0.300859 
0.10287 0 0.508448 0 0.388682 
0.368351 0.507802 0 0.123846 0 
0.31298 0.219939 0.243412 0.22367 0 
0.326996 0 0 0 0.673004 
0 0.370055 0.358778 0.271167 0 
0 1 0 0 0 
0 0.371215 0.628785 0 0 
0 0 1 0 0 
0 0.367645 0 0.249999 0.382357 
0 0.667689 0 0.332311 0 
1 0 0 0 0 
0.623882 0 0 0.376118 0 
0 0.41909 0.118651 0.462259 0 
0.669586 0 0.330414 0 0 
0 0.319072 0 0.680928 0 
0 0.340151 0.533383 0 0.126466 
1 0 0 0 0 
1 0 0 0 0 
0.609447 0 0 0 0.390553 
0 0 0.444078 0 0.555922 
0.697169 0 0 0 0.302831 
0 0.15999 0 0.125431 0.714579 
0 1 0 0 0 
0 0 1 0 0 
0 0 0.445417 0 0.554583 
0 0.428432 0.34317 0 0.228397 
0.0629534 0 0.218115 0.580923 0.138009 
0.533144 0 0 0.466856 0 
0 1 0 0 0 
0 0.221118 0 0 0.778882 
0 1 0 0 0 
1 0 0 0 0 
0 0 0 1 0 
0.603902 0 0 0 0.396098 
0.716902 0 0.283098 0 0 
0 1 0 0 0 
0 0.477584 0 0.240499 0.281917 
0.308615 0.691385 0 0 0 
0.161287 0.838713 0 0 0 
0 0.507145 0 0.492855 0 
0.840192 0 0 0 0.159808 
0.391736 0 0 0.228324 0.37994 
0 0.536399 0 0 0.463601 
0.426101 0.206533 0.367366 0 0 
0 1 0 0 0 
0 0 1 0 0 
1 0 0 0 0 
0.514565 0 0 0.485435 0 
0.517477 0 0 0 0.482523 
0.380799 0 0 0.619201 0 
0 0 0.769785 0 0.230215 
0.382858 0.256301 0.230079 0.130762 0 
0.272694 0 0 0 0.727306 
0 0.220557 0.779443 0 0 
1 0 0 0 0 
0 0 1 0 0 
0 0 0 1 0 
0.400594 0 0 0 0.599406 
0 0.814419 0 0 0.185581 
0 0 0.692257 0 0.307743 
0 0 0.604385 0 0.395615 
1 0 0 0 0 
0 0 0 0 1 
0 0 0 1 0 
0.803842 0 0.196158 0 0 
0.740974 0 0.259026 0 0 
0 0 1 0 0 
0 0 0 1 0 
0 0.595965 0 0.404035 0 
0 0 1 0 0 
0 1 0 0 0 
0.635081 0 0 0 0.364919 
0.60056 0 0.39944 0 0 
0 0 0 0.39527 0.60473 
0.396693 0.37809 0 0.225217 0 
0 1 0 0 0 
0 0 0 1 0 
0.587361 0 0.412639 0 0 
0 1 0 0 0 
0 0.450219 0.415089 0.0629226 0.071769 
0.331226 0 0 0.668774 0 
0.326759 0 0 0.319146 0.354096 
