5 100
0.513512
0.311357
0.360599
0.383229
0.557993
10.6439 0.608759
10.38 0.245316
10.1571 0.443696
9.56865 0.66449
9.06192 0.158536
8.93588 1.34796
8.86199 1.06217
8.74997 0.853466
8.55887 1.83912
8.41898 1.28365
8.04626 0.313029
7.74426 1.71208
7.32635 2.15256
7.2921 1.86342
7.21897 1.63654
7.10512 2.68111
7.04846 1.46714
6.9632 1.13847
6.51734 1.75883
6.51144 3.01242
5.73665 1.93384
5.73299 3.52151
5.69527 2.48535
5.65224 2.20842
5.64777 3.02576
5.56238 2.57811
5.54163 1.51091
5.48384 1.72293
5.48005 3.21124
5.44531 1.96783
5.43229 1.43865
5.43174 2.68606
5.378 2.18816
5.15755 3.25232
5.14436 2.92798
5.14237 1.8554
4.92465 2.89162
4.86117 2.63216
4.631 4.13742
4.61618 2.39011
4.35913 3.51167
3.61514 5.16263
3.60589 5.01501
3.57012 2.49907
3.48585 3.20225
3.47202 3.28504
3.36351 4.60573
3.11844 4.71911
3.01324 4.52504
2.99899 3.61603
2.93222 4.4642
2.90642 2.92215
2.9045 3.37464
2.84631 5.30813
2.80981 4.17653
2.75002 3.36003
2.53416 4.68923
2.27352 5.16048
2.05641 3.95503
2.00477 4.13636
1.85198 5.67867
1.76982 6.27886
1.67655 7.02316
1.67066 4.9918
1.60709 6.95498
1.56691 6.5169
1.51238 5.62041
1.47076 6.11028
1.45274 5.85221
1.38279 5.85471
1.12921 5.7589
1.03975 6.94984
0.94486 6.56105
0.835875 5.66041
0.580938 8.94816
0.574112 9.76614
0.499547 7.21275
0.496393 6.16622
0.491991 6.97275
0.491164 6.83084
0.46851 7.87716
0.411493 9.83324
0.40943 8.5949
0.379097 7.2242
0.376799 6.37843
0.319957 9.82757
0.311173 6.34753
0.252424 7.22192
0.241379 6.65621
0.204807 8.9426
0.199412 6.57784
0.103766 10.0919
0.0968158 8.19249
0.0877257 8.53076
0.0592101 10.8853
0.021158 11.8457
0.0152902 8.30575
0.00327797 9.65934
0.002496 8.73056
0.00127573 11.0438
0 0 1 0 0 
0 0 1 0 0 
0 1 0 0 0 
1 0 0 0 0 
0 0 0 1 0 
0 1 0 0 0 
1 0 0 0 0 
0 0 1 0 0 
0 0 0 0 1 
0 0 1 0 0 
0 0 0 1 0 
0 1 0 0 0 
0 0 0 1 0 
1 0 0 0 0 
0 1 0 0 0 
0 1 0 0 0 
1 0 0 0 0 
0 0 1 0 0 
0 0 1 0 0 
0 0 1 0 0 
0 0 1 0 0 
1 0 0 0 0 
0 1 0 0 0 
0 0 0 0 1 
0 0 0 0 1 
0 0 1 0 0 
0 0 0 0 1 
0 1 0 0 0 
0 0 0 0 1 
0 0 0 0 1 
0 0 0 0 1 
1 0 0 0 0 
0 0 1 0 0 
0 0 1 0 0 
1 0 0 0 0 
0 0 0 1 0 
0 0 0 0 1 
1 0 0 0 0 
0 0 0 1 0 
0 0 1 0 0 
0 0 0 1 0 
0 0 0 0 1 
0 1 0 0 0 
0 1 0 0 0 
0 0 0 0 1 
0 0 1 0 0 
0 1 0 0 0 
0 0 0 1 0 
0 0 0 1 0 
0 0 1 0 0 
0 0 0 0 1 
0 0 0 1 0 
0 1 0 0 0 
0 0 0 1 0 
0 0 0 1 0 
0 0 0 1 0 
0 0 1 0 0 
0 0 0 0 1 
0 1 0 0 0 
0 1 0 0 0 
0 0 0 0 1 
0 1 0 0 0 
0 0 0 1 0 
0 0 0 0 1 
1 0 0 0 0 
1 0 0 0 0 
1 0 0 0 0 
1 0 0 0 0 
0 0 0 0 1 
1 0 0 0 0 
0 0 1 0 0 
0 1 0 0 0 
0 0 1 0 0 
0 1 0 0 0 
1 0 0 0 0 
0 0 0 1 0 
0 1 0 0 0 
0 1 0 0 0 
0 0 0 0 1 
0 1 0 0 0 
1 0 0 0 0 
1 0 0 0 0 
0 0 0 0 1 
0 0 0 1 0 
0 0 0 0 1 
0 0 0 1 0 
1 0 0 0 0 
0 0 0 0 1 
1 0 0 0 0 
0 0 0 1 0 
1 0 0 0 0 
0 0 1 0 0 
1 0 0 0 0 
1 0 0 0 0 
0 0 0 0 1 
0 0 1 0 0 
0 1 0 0 0 
0 1 0 0 0 
0 1 0 0 0 
0 0 1 0 0 
