5 50
0.689955
0.662046
0.426534
0.307314
0.742599
10.8907 0.0876954
10.1789 0.503329
8.85105 1.09289
7.8723 0.582943
7.52452 1.76503
7.31788 0.66849
6.86423 0.758264
6.11518 2.64513
5.96029 1.44181
5.78407 2.76279
5.77675 3.68059
5.53797 3.07855
5.46588 2.52778
4.77569 2.36181
4.40313 1.99201
3.98159 2.66422
3.96767 5.34979
3.93095 3.66389
3.66948 4.85845
3.63452 3.86938
3.42994 3.91585
3.23664 4.02088
3.23414 3.82865
3.17718 5.04034
2.65775 6.36118
2.46843 5.24319
2.08188 6.61878
2.05502 3.75919
2.00648 4.92624
1.77126 6.57759
1.72839 5.59749
1.66179 5.87927
1.34671 5.33436
1.32677 7.742
1.22543 6.73117
1.15361 6.2212
1.13045 7.3055
0.64835 6.88068
0.579774 6.48631
0.571005 7.25315
0.323653 8.38173
0.250418 10.1508
0.249492 9.45014
0.244228 7.73336
0.194871 7.70133
0.0575615 8.22389
0.0366174 9.63859
0.0319705 10.0288
0.0186578 10.2765
0.00529244 8.3316
1 0 0 0 0 
0 0.253744 0.148243 0.229326 0.368687 
0.322649 0.156124 0 0.311842 0.209385 
0.434976 0 0.103329 0.461694 0 
0 0 0.344321 0.655679 0 
0.309773 0.406629 0.283598 0 0 
0.0746279 0.486916 0 0 0.438456 
0 0.769428 0 0 0.230572 
0.286731 0.239939 0.26327 0 0.210061 
0 0 0 1 0 
0 0.406933 0 0.593067 0 
0 0 0.692103 0 0.307897 
0 0.324653 0 0.314204 0.361143 
0.745086 0.254914 0 0 0 
0 0.223994 0.244364 0 0.531641 
0.257602 0 0.554979 0 0.187419 
0 0.54591 0 0.45409 0 
1 0 0 0 0 
0.421428 0.319273 0 0 0.259299 
0.200598 0.311312 0.26877 0 0.21932 
1 0 0 0 0 
0 0 0 0 1 
0.280948 0.309132 0.409919 0 0 
0 0.475196 0.524804 0 0 
0.66616 0 0.33384 0 0 
0 0 0 0.592348 0.407652 
0.476512 0 0.268442 0.255046 0 
0.108193 0 0.314824 0 0.576983 
0.352447 0.647553 0 0 0 
0 0 0.394 0.298414 0.307586 
0.477134 0 0 0 0.522866 
0.266075 0.15723 0 0.305648 0.271047 
0 0 0 0.313824 0.686176 
0.33211 0 0 0.66789 0 
0 0 0.488009 0 0.511991 
0.338692 0.327537 0.333771 0 0 
0 0 0 0.624543 0.375457 
0 0.546991 0 0 0.453009 
0.242622 0.406073 0.351305 0 0 
0.361585 0.322461 0 0 0.315953 
0 0 0 1 0 
0.338707 0.346284 0 0 0.315009 
0 0 0 0 1 
0.212624 0.344513 0 0.355351 0.087512 
0 0 0.333674 0.666326 0 
0.551263 0 0 0 0.448737 
0 0 0.27549 0 0.72451 
0.373423 0.0965638 0.379897 0.150116 0 
0 0.375735 0.295852 0.163996 0.164417 
0.222451 0 0.654403 0 0.123145 
