5 100
0.525552
0.60818
0.388325
0.294572
0.593287
11.3376 0.120175
10.9193 0.172784
10.608 0.174151
10.4929 0.557548
9.616 0.869559
9.33923 1.44226
8.8737 0.480589
8.846 0.41878
8.61928 0.972449
7.75875 1.51687
7.58204 1.11012
7.14202 1.95473
7.0737 0.832576
7.01762 1.17448
6.90505 2.08499
6.88205 0.59964
6.74407 0.959903
6.70462 1.18699
6.58375 2.75791
6.21972 1.43852
5.91 2.34541
5.89758 2.27676
5.71926 2.80647
5.68416 2.54743
5.56424 2.06869
5.35538 2.71531
5.27082 2.01035
5.16954 3.1661
4.44599 4.13933
4.36138 2.8085
4.23437 2.25246
4.15049 3.09204
3.79725 2.82267
3.52214 4.92224
3.5039 3.16065
3.33873 4.33016
3.11721 4.41764
3.02098 4.69899
2.9165 4.10977
2.76513 4.68624
2.44689 3.54455
2.20506 5.22571
2.15528 3.89642
2.01302 6.66997
1.7429 5.62116
1.64793 5.44226
1.64406 5.12031
1.60754 5.60774
1.57432 5.18889
1.55517 5.5461
1.48924 7.13059
1.48374 5.20105
1.48285 5.7182
1.469 5.46946
1.43368 6.50627
1.37755 6.35151
1.32391 6.85256
1.29812 6.09981
1.25137 5.14861
1.16195 6.25668
1.08656 6.34481
1.00537 7.4438
0.946724 7.96213
0.921225 8.71834
0.864052 7.44563
0.842998 8.28088
0.733681 9.18591
0.680357 9.42511
0.626748 6.81722
0.614973 6.90928
0.522015 7.61428
0.517817 6.60275
0.4923 8.08383
0.482551 6.16827
0.475154 9.62818
0.471244 8.33383
0.426732 7.21864
0.346237 8.90587
0.327441 9.04183
0.275574 7.25732
0.266856 6.31446
0.26233 8.31208
0.262098 10.0412
0.251944 6.36233
0.251895 10.5321
0.186168 7.48428
0.173 7.6972
0.14355 7.34452
0.103938 7.47132
0.0971546 7.87458
0.0809602 10.7705
0.0665299 11.2806
0.0567007 8.5546
0.0409548 8.07212
0.0400972 11.6533
0.028887 11.4011
0.0232651 11.4174
0.0209131 11.7165
0.0154448 11.2493
0.00749061 11.025
0.722365 0 0 0 0.277635 
0 0 0 1 0 
0 1 0 0 0 
0 0 0.684885 0.315115 0 
0 0 0 0 1 
1 0 0 0 0 
0 0 0 0 1 
0.190106 0 0 0.809894 0 
0 0 1 0 0 
0.343981 0 0 0.656019 0 
0 0 1 0 0 
1 0 0 0 0 
0 0 0 0 1 
0.574188 0 0.425812 0 0 
0 0 1 0 0 
0 0 0 0.608207 0.391793 
0.850968 0 0.149032 0 0 
0.29443 0.0370755 0 0.351936 0.316558 
0.210383 0 0.607376 0 0.18224 
0 0 0 1 0 
0 0 0 1 0 
0 0 0 1 0 
0 0 0 1 0 
0 0 0 1 0 
0.292238 0.313621 0 0 0.394141 
0 0 1 0 0 
0.454867 0.147742 0 0.397391 0 
0 0.37036 0.62964 0 0 
0 0 1 0 0 
0 0 0 0 1 
0.834555 0 0 0.165445 0 
0 0 1 0 0 
0 0 1 0 0 
0 0 0.585988 0 0.414013 
0 1 0 0 0 
0 0 0 0 1 
0 0.582007 0 0 0.417993 
1 0 0 0 0 
0.635775 0 0.364225 0 0 
0.721001 0 0 0 0.278999 
1 0 0 0 0 
0 1 0 0 0 
1 0 0 0 0 
0 0 0 0.641696 0.358304 
0 0 0 1 0 
1 0 0 0 0 
0 0.768079 0 0 0.231921 
0 0 1 0 0 
0.54556 0.454441 0 0 0 
0 0 0 1 0 
1 0 0 0 0 
0 0.537003 0 0 0.462997 
0 0 0 0 1 
1 0 0 0 0 
0 0 0 1 0 
0 0 0 1 0 
0 0.218502 0 0.209661 0.571837 
0.752394 0.247606 0 0 0 
0 1 0 0 0 
1 0 0 0 0 
0 0 0 1 0 
0 0 0 0 1 
0 0 0 0 1 
0.530117 0 0.469883 0 0 
0 0.243473 0.756527 0 0 
0 0.472299 0 0.527701 0 
0 0 0 0 1 
0 0 0 1 0 
0.639675 0 0 0.360325 0 
0 1 0 0 0 
0 0 0 0.283259 0.716741 
0.268006 0 0 0.731994 0 
0 0 0.473676 0 0.526324 
0 0 1 0 0 
0 1 0 0 0 
0 0 0.851022 0 0.148978 
0 0 0 1 0 
0 1 0 0 0 
0 0.427549 0 0 0.572451 
0 0 0 1 0 
0 0 0.475799 0.524201 0 
0 1 0 0 0 
0.13211 0 0.469846 0 0.398044 
0 0 0 1 0 
0 1 0 0 0 
0 0 0 0 1 
1 0 0 0 0 
1 0 0 0 0 
0 0 0.6742 0.3258 0 
0 0 0 0 1 
0 0.572909 0.427091 0 0 
0 0 1 0 0 
0.156849 0.450082 0 0 0.393069 
0.489247 0 0 0.334365 0.176388 
0.585404 0 0 0.229819 0.184778 
0 0.734878 0.265122 0 0 
1 0 0 0 0 
0 0 0 0 1 
0 0 1 0 0 
0 0 1 0 0 
