5 50
0.502205
0.426138
0.555429
0.336093
0.622997
10.2871 0.556408
10.0877 0.151999
9.7795 0.183167
9.5201 1.36388
8.1054 0.396611
7.88631 0.399623
7.76407 1.52482
7.00859 1.94589
6.61426 0.503362
6.53838 0.83713
6.5183 0.794186
6.02299 2.35219
5.64461 2.08162
5.35439 1.91687
5.33807 3.76708
5.20495 3.08528
5.19958 2.72776
5.12534 3.25832
4.96725 2.48998
4.85169 2.71338
4.39262 3.91839
4.3012 3.04962
4.11661 3.3879
3.92395 3.07467
3.30208 3.78151
2.6907 5.19047
2.53592 5.484
2.28964 4.97239
2.02281 4.7604
1.48093 4.53802
1.46007 5.51944
1.26866 4.9702
1.00244 6.55458
0.97191 8.44946
0.820862 7.3454
0.678416 8.32593
0.425277 9.60612
0.403911 9.27234
0.400265 6.65384
0.38035 6.15172
0.353774 6.26423
0.246958 6.79937
0.207956 7.99335
0.141945 10.7296
0.0842789 7.87925
0.0450111 8.43599
0.0425665 7.68637
0.018778 9.43159
0.0153701 8.18597
0.00985437 11.7015
0.540393 0 0.459607 0 0 
0.684393 0 0 0 0.315607 
0 0 0.262126 0.62768 0.110193 
0 0 0.586895 0.413105 0 
0.413459 0 0.586541 0 0 
0.246791 0.279999 0 0 0.47321 
0 0 0.314906 0.685094 0 
0 0 0.463354 0.536646 0 
0 0 1 0 0 
0 0 0 0.375663 0.624337 
0.223047 0 0 0.369594 0.40736 
0 0.675984 0 0 0.324016 
0 0 0.530436 0 0.469564 
0 0 0 0.746776 0.253224 
0 0.331666 0 0 0.668334 
0.319033 0.680967 0 0 0 
0 0 1 0 0 
0 1 0 0 0 
0 0 0 1 0 
0 0 0.169741 0 0.830259 
0.470697 0.350231 0 0.179072 0 
0.677995 0.322005 0 0 0 
0.472877 0 0.527123 0 0 
0.559902 0.306319 0.133779 0 0 
0 0.139123 0.114041 0.412143 0.334693 
0.419615 0 0.580385 0 0 
0 1 0 0 0 
0 0 0 0 1 
0 0 0 1 0 
0 0.530475 0 0.469525 0 
0 0 0.782791 0.217209 0 
0 0 0 0 1 
0.287294 0 0.347681 0 0.365025 
0 0.14082 0 0.188364 0.670816 
0.768633 0 0 0 0.231367 
0 0 1 0 0 
0 0.397594 0 0.602406 0 
0 0 0 0 1 
0 0 0 1 0 
0.272881 0.0897481 0.400935 0 0.236436 
0 0 0 0 1 
0.421533 0.578467 0 0 0 
0.21748 0.442032 0 0 0.340489 
0 0 0 0.849393 0.150607 
0.497786 0 0 0 0.502214 
0 0 0 0 1 
0 0.371854 0.272691 0.355455 0 
0.275105 0 0 0.724895 0 
0.328008 0.421352 0 0.25064 0 
1 0 0 0 0 
