5 150
0.260529
0.289171
0.284104
0.500938
0.663282
11.2275 0.442393
10.181 0.487528
9.19473 1.16358
9.13482 1.25655
9.08051 1.15172
8.86945 1.20285
8.63932 0.533466
8.55606 1.22068
8.49041 1.82271
8.39746 0.361019
8.32499 0.154662
8.18356 1.23916
8.16064 0.965265
7.98707 0.807977
7.95974 1.19544
7.91133 1.8197
7.8753 0.394103
7.87505 0.593101
7.78595 0.791948
7.75947 1.36583
7.61648 1.92464
7.58035 0.586914
7.54187 1.04221
7.27477 1.78217
7.19948 1.61968
7.19577 0.238318
7.03783 0.413553
6.97538 0.367276
6.90691 1.3015
6.68039 2.31902
6.66757 2.7403
6.62582 1.27389
6.36365 2.26804
6.31372 2.17604
6.24626 2.13645
6.18584 1.34542
5.96577 1.89215
5.71009 2.71217
5.69283 2.62673
5.6438 2.0028
5.53827 2.32005
5.51155 3.07103
5.43922 2.93383
5.34333 2.2167
5.3386 3.44576
5.07577 3.13833
5.07452 2.74101
4.97306 2.85951
4.78221 2.60396
4.69114 3.69268
4.65308 2.80344
4.63714 2.79833
4.60971 2.77686
4.59588 3.20832
4.57095 4.19872
4.55497 2.89745
4.29609 4.16954
4.20224 3.25551
4.19638 2.40256
4.15169 3.61484
4.12268 3.78873
4.06941 3.49486
3.89959 4.71972
3.85801 4.82112
3.81105 4.19795
3.67703 3.10979
3.59608 4.42768
3.4904 4.20193
3.06799 3.31839
3.05921 4.53912
2.91766 4.22437
2.76756 4.17599
2.70763 6.45796
2.70742 3.3332
2.64535 4.3256
2.62977 5.26778
2.57514 5.76902
2.56821 5.40771
2.53362 4.91875
2.46507 6.20422
2.38427 4.51413
2.2778 4.86071
2.27256 5.02371
2.2466 4.02196
2.08798 6.30775
2.08468 6.90979
2.07083 6.96726
1.96733 5.76718
1.95952 5.85309
1.92259 4.1867
1.88046 4.52114
1.87477 4.66545
1.8296 5.76804
1.70162 5.87586
1.606 4.76542
1.54346 4.33688
1.5141 5.96509
1.38463 6.80111
1.38119 7.42759
1.38025 7.75794
1.31803 6.51739
1.23848 5.11946
1.1765 6.38174
1.13156 7.34811
1.09852 6.49785
1.08788 7.67565
1.06246 5.6204
1.02233 5.46767
0.902391 6.59939
0.900004 6.54642
0.847406 5.58427
0.839297 6.72129
0.81283 8.23631
0.801844 8.38533
0.794253 5.77177
0.740026 7.83213
0.732006 7.34587
0.72371 6.80885
0.698408 9.28784
0.682576 8.63187
0.672042 7.02674
0.633155 7.12385
0.619655 7.49297
0.601689 8.06746
0.57575 6.44852
0.557886 6.41553
0.551133 8.59554
0.527771 6.77954
0.489306 6.00972
0.46574 6.40485
0.384295 10.063
0.369981 6.27233
0.359014 6.97795
0.354989 10.1196
0.2234 8.40302
0.15795 9.10244
0.157495 8.56448
0.0788777 8.58981
0.0599982 7.24804
0.0439697 8.83393
0.0400867 11.5499
0.0325287 10.5719
0.0300845 10.0299
0.0235383 10.8063
0.0207544 7.82486
0.0116842 8.23738
0.0109421 10.5227
0.00946792 9.5012
0.00553523 10.725
0.00510947 8.69104
0 0.811503 0 0 0.188497 
0 0 0 0.683323 0.316677 
0 0.786753 0.213247 0 0 
0.112633 0 0 0 0.887367 
0 0.437224 0 0 0.562776 
0.31005 0 0 0.68995 0 
0 0 0 0.612807 0.387193 
0 0 0 0 1 
1 0 0 0 0 
0.719996 0.280004 0 0 0 
0 0.800277 0 0 0.199723 
0 0 0 0 1 
0 1 0 0 0 
1 0 0 0 0 
0 0 0 1 0 
0 1 0 0 0 
0 0 0 1 0 
0 0 0 1 0 
0 0.860083 0 0 0.139917 
0.265569 0.619486 0 0 0.114945 
0 0 0.155394 0 0.844606 
0 0 1 0 0 
0 0 0 0 1 
0.820744 0 0.179256 0 0 
0 1 0 0 0 
0 1 0 0 0 
0 0 0 0 1 
0 1 0 0 0 
0 1 0 0 0 
0.583198 0 0 0.416801 0 
1 0 0 0 0 
0 0.684591 0.315409 0 0 
0 0 1 0 0 
0 0 0 0 1 
0 0 0 0 1 
0 0 0 1 0 
0 0 1 0 0 
0 0 0 0.704513 0.295487 
0 0.311291 0 0 0.688709 
0 0.367057 0 0.632943 0 
0 1 0 0 0 
0 0 0 0.168601 0.831399 
0 1 0 0 0 
1 0 0 0 0 
0.447772 0 0.552228 0 0 
0 0 1 0 0 
0 1 0 0 0 
0 0 0 1 0 
0 0.212099 0.787901 0 0 
0 0 1 0 0 
0 0 0.470681 0.414503 0.114816 
1 0 0 0 0 
1 0 0 0 0 
0 0.375778 0 0.395545 0.228677 
1 0 0 0 0 
1 0 0 0 0 
0 0 0 0.181744 0.818256 
0 0 0 0 1 
0 0 1 0 0 
0 0 1 0 0 
0 0 1 0 0 
0 0 0 1 0 
0.757164 0 0 0 0.242836 
0 1 0 0 0 
0 0 0.826413 0.173587 0 
0 0 0 0 1 
0.330328 0 0 0.669672 0 
0 1 0 0 0 
0 0 1 0 0 
0 0 0.885396 0.114604 0 
0 0 1 0 0 
0 0 0 0 1 
0 0 0 0 1 
0.303122 0 0 0.696878 0 
0 0 1 0 0 
0 1 0 0 0 
0.713787 0 0 0.0911357 0.195077 
0 0 0.526604 0.473396 0 
0 0 1 0 0 
0 0 1 0 0 
0 0 1 0 0 
0 0 1 0 0 
0.581084 0.096157 0 0 0.322759 
1 0 0 0 0 
1 0 0 0 0 
0 0 0 0 1 
0 0.241504 0.187288 0 0.571208 
0 0 0.513963 0 0.486037 
0 0.384143 0 0.615857 0 
0.567805 0 0.432195 0 0 
0 0 0 1 0 
0 0 0 0.55994 0.44006 
0.349168 0.323711 0 0 0.327121 
0 0 0 0 1 
0.415316 0.14866 0 0 0.436025 
0.418327 0 0 0 0.581672 
0 0 0 1 0 
0 1 0 0 0 
0 1 0 0 0 
0 1 0 0 0 
0 0 0 0 1 
0 1 0 0 0 
1 0 0 0 0 
0 0 0 1 0 
0 0 0.708252 0.291748 0 
0 0 0 1 0 
0 0 0 0 1 
0 0 1 0 0 
0 0.459129 0 0 0.540871 
0 0.718091 0.281909 0 0 
0 0 0 0 1 
0 1 0 0 0 
0 0 1 0 0 
0 0 0 0 1 
1 0 0 0 0 
1 0 0 0 0 
0 0 0 0 1 
0 0.764295 0.235705 0 0 
0.479573 0 0.520427 0 0 
0 0 1 0 0 
0 1 0 0 0 
0.870907 0 0 0.129093 0 
0.229764 0.354908 0.415328 0 0 
1 0 0 0 0 
0 0 0.885139 0 0.114862 
1 0 0 0 0 
0.879824 0 0.120176 0 0 
0 0.146849 0.428959 0 0.424191 
0 0 0 1 0 
0.461628 0 0 0.538372 0 
0 0 0 0.502196 0.497804 
1 0 0 0 0 
0 0 0 1 0 
0 0.282693 0.717307 0 0 
0.219162 0.339247 0 0 0.441591 
0 0 0 0.637265 0.362735 
0 0 0.526043 0.473957 0 
0 0 0 0.534788 0.465212 
0 0 1 0 0 
0 0 0 1 0 
0 0.393501 0.606499 0 0 
0 0.351107 0 0.648893 0 
0.348176 0 0 0 0.651824 
0 0.379206 0.620794 0 0 
0 1 0 0 0 
0 0 0 0 1 
1 0 0 0 0 
0 0 1 0 0 
0 0.314574 0 0.395075 0.290351 
0 0.613881 0 0.38612 0 
