5 200
0.483009
0.474052
0.360874
0.56164
0.302171
11.3858 0.107301
10.8885 0.453501
10.6488 0.474958
10.0794 1.20581
9.96507 0.552532
9.79394 1.17792
9.63867 0.529087
9.56055 1.00668
9.51655 0.439362
9.24202 1.1613
9.23184 1.24503
9.17804 0.994884
9.10695 0.918882
8.82079 1.32428
8.73127 1.0024
8.57697 1.80384
8.5654 1.53445
8.4756 0.452867
8.22989 0.337421
8.10624 0.438609
8.02772 0.166117
7.81918 0.971241
7.69568 1.42695
7.63035 1.3077
7.45404 1.28238
7.33482 1.0828
7.3236 2.2373
7.1966 2.0888
7.11238 1.67897
7.0898 0.60938
6.95955 2.01155
6.92028 0.947752
6.5854 2.09272
6.58515 1.53872
6.52777 1.5924
6.51087 3.11953
6.48497 1.583
6.45935 2.5966
6.19139 2.24963
6.10918 2.15677
6.0869 2.64308
6.01303 2.02902
5.98048 2.37398
5.95258 3.56712
5.92629 2.70924
5.80311 1.36058
5.74283 3.59487
5.72476 2.98851
5.68365 2.17681
5.62074 3.2518
5.57944 1.76543
5.55772 1.61101
5.49291 2.97152
5.42008 1.62851
5.22361 2.76052
5.21354 2.21564
5.19061 2.4498
5.16144 2.66553
5.10339 2.37577
5.09189 2.64596
4.90896 2.89801
4.84523 2.43767
4.8361 2.99215
4.69706 4.47972
4.60601 2.68216
4.53911 2.46793
4.50447 2.16303
4.47451 3.10606
4.41201 2.87988
4.36857 2.57764
4.3511 4.89735
4.31034 3.28168
4.29865 2.23115
4.23933 4.27566
4.239 2.84302
4.22963 3.82754
4.22168 4.18099
4.21905 3.52104
4.19221 2.85442
4.16642 4.34052
4.14623 3.04359
4.1259 2.55301
4.07361 3.51492
4.0359 3.45866
3.95943 3.66611
3.73758 4.11813
3.69368 5.04467
3.64593 4.00073
3.56528 4.40044
3.53323 3.74319
3.4611 4.30166
3.45819 3.22503
3.44483 4.82816
3.39939 4.91993
3.35929 4.92247
3.28741 3.79451
3.23927 5.16707
3.1895 4.4104
3.09681 5.6473
2.99377 5.44043
2.90912 4.21568
2.87488 5.93911
2.87128 4.56932
2.83715 4.27372
2.83588 4.69884
2.58844 4.62869
2.58112 5.45383
2.51891 5.64024
2.44557 5.36853
2.41034 5.40826
2.4068 4.78792
2.37242 5.34708
2.35001 4.18468
2.29328 6.13884
2.28842 4.51112
2.2642 5.33685
2.22234 4.10676
2.21974 4.41882
2.1639 4.62037
2.07339 4.35231
2.01475 5.0616
2.01323 5.1957
2.00352 5.94385
1.92924 6.69343
1.79868 6.77089
1.78548 5.50907
1.78529 6.25067
1.76458 6.11883
1.66535 6.77992
1.63779 6.31939
1.62466 7.71562
1.58257 6.59604
1.56941 7.02895
1.53793 5.28559
1.5301 7.31937
1.52507 7.30546
1.51925 6.15686
1.46576 4.84385
1.40579 5.86153
1.37674 6.29103
1.35919 5.46405
1.33911 5.45922
1.29987 7.39345
1.28855 7.52671
1.2521 5.72174
1.14846 8.34945
1.04075 7.92828
0.983787 7.70278
0.91369 6.45476
0.879077 7.29025
0.843503 5.95542
0.76516 7.60222
0.741595 6.18942
0.677072 7.87594
0.610743 9.148
0.584295 7.44774
0.570318 6.33647
0.567966 8.99321
0.532126 9.20924
0.511479 6.43453
0.493165 8.37421
0.486182 7.64281
0.44334 7.81459
0.400058 6.72713
0.384154 7.94864
0.382309 6.56283
0.373892 6.22651
0.354948 8.98825
0.338044 8.51961
0.325116 8.10821
0.324992 9.19463
0.310976 6.91356
0.298802 9.91996
0.293213 8.66223
0.249236 8.59632
0.201314 6.76254
0.193171 7.35045
0.153143 8.81967
0.140183 7.32768
0.139649 8.56592
0.138955 10.4955
0.134556 6.90912
0.11927 10.3158
0.0962736 10.2725
0.0950389 9.04956
0.0865884 7.87665
0.0860823 8.47859
0.070161 8.30519
0.0674033 9.02547
0.0597463 8.85089
0.0413648 8.11291
0.0318428 9.76558
0.0312998 8.309
0.0205682 10.2941
0.00975867 8.71033
0.00968218 7.30122
0.00664263 11.6344
0.00560229 10.302
0.00362613 10.6942
0.00114241 8.97662
0 0 0 1 0 
0 1 0 0 0 
1 0 0 0 0 
0 1 0 0 0 
1 0 0 0 0 
1 0 0 0 0 
0 0 1 0 0 
0 0 0 1 0 
0 1 0 0 0 
0 1 0 0 0 
0 0 0 1 0 
0 0 0 0 1 
0 0 0 0 1 
0 1 0 0 0 
0 1 0 0 0 
0 0 0 0 1 
0 0 0 0 1 
0 0 0 0 1 
0 0 1 0 0 
0 0 0 1 0 
0 0 0 1 0 
0 0 1 0 0 
0 0 0 1 0 
0 0 0 0 1 
0 1 0 0 0 
0 0 0 1 0 
1 0 0 0 0 
1 0 0 0 0 
0 1 0 0 0 
0 1 0 0 0 
1 0 0 0 0 
1 0 0 0 0 
0 0 0 0 1 
0 0 0 1 0 
0 1 0 0 0 
0 0 0 0 1 
0 0 1 0 0 
0 1 0 0 0 
0 1 0 0 0 
0 1 0 0 0 
0 0 0 1 0 
0 0 0 1 0 
0 0 0 0 1 
0 0 1 0 0 
0 1 0 0 0 
0 1 0 0 0 
0 0 1 0 0 
0 0 0 1 0 
0 1 0 0 0 
0 0 1 0 0 
0 0 1 0 0 
0 0 1 0 0 
0 0 0 0 1 
0 0 1 0 0 
0 0 0 1 0 
0 0 1 0 0 
0 0 0 1 0 
0 0 1 0 0 
0 0 1 0 0 
0 0 0 0 1 
0 1 0 0 0 
0 0 0 0 1 
1 0 0 0 0 
1 0 0 0 0 
0 1 0 0 0 
1 0 0 0 0 
0 1 0 0 0 
1 0 0 0 0 
0 0 0 0 1 
0 0 1 0 0 
0 0 0 1 0 
0 0 0 1 0 
1 0 0 0 0 
0 0 0 1 0 
0 0 0 0 1 
1 0 0 0 0 
0 0 1 0 0 
0 0 1 0 0 
0 1 0 0 0 
0 0 0 1 0 
0 1 0 0 0 
0 0 0 1 0 
0 0 0 0 1 
0 0 0 0 1 
0 0 1 0 0 
1 0 0 0 0 
0 0 1 0 0 
0 0 0 1 0 
0 0 1 0 0 
0 0 0 0 1 
1 0 0 0 0 
0 1 0 0 0 
0 0 1 0 0 
1 0 0 0 0 
0 0 1 0 0 
1 0 0 0 0 
0 1 0 0 0 
0 0 0 1 0 
0 1 0 0 0 
0 0 0 1 0 
0 0 1 0 0 
0 1 0 0 0 
0 0 0 1 0 
0 0 0 1 0 
1 0 0 0 0 
0 0 1 0 0 
0 1 0 0 0 
0 1 0 0 0 
0 0 0 0 1 
0 0 1 0 0 
0 1 0 0 0 
0 1 0 0 0 
0 0 0 1 0 
1 0 0 0 0 
0 0 1 0 0 
1 0 0 0 0 
1 0 0 0 0 
0 0 1 0 0 
1 0 0 0 0 
0 0 1 0 0 
1 0 0 0 0 
1 0 0 0 0 
0 1 0 0 0 
0 0 0 1 0 
1 0 0 0 0 
0 0 0 0 1 
0 0 0 1 0 
1 0 0 0 0 
1 0 0 0 0 
0 0 0 1 0 
1 0 0 0 0 
0 0 0 0 1 
0 0 1 0 0 
1 0 0 0 0 
0 0 0 1 0 
0 1 0 0 0 
0 0 0 0 1 
1 0 0 0 0 
0 0 0 1 0 
0 0 0 1 0 
0 0 0 1 0 
0 0 1 0 0 
0 0 0 1 0 
0 0 0 1 0 
0 0 0 0 1 
0 1 0 0 0 
0 0 0 0 1 
0 1 0 0 0 
0 0 0 1 0 
0 0 1 0 0 
0 0 1 0 0 
0 0 0 0 1 
0 0 1 0 0 
0 0 0 0 1 
1 0 0 0 0 
1 0 0 0 0 
0 0 0 1 0 
0 0 0 1 0 
0 0 0 1 0 
0 0 1 0 0 
0 1 0 0 0 
0 0 0 1 0 
0 0 1 0 0 
0 0 1 0 0 
0 0 0 0 1 
0 0 0 0 1 
0 0 1 0 0 
1 0 0 0 0 
1 0 0 0 0 
0 0 0 0 1 
0 0 1 0 0 
0 0 0 1 0 
0 0 0 0 1 
0 1 0 0 0 
0 1 0 0 0 
0 0 1 0 0 
0 0 1 0 0 
0 0 0 1 0 
0 0 0 1 0 
0 0 0 1 0 
1 0 0 0 0 
0 0 0 1 0 
0 0 0 0 1 
0 0 0 0 1 
0 1 0 0 0 
0 0 0 0 1 
1 0 0 0 0 
0 1 0 0 0 
0 0 0 1 0 
0 0 0 1 0 
0 1 0 0 0 
0 0 0 0 1 
0 0 0 0 1 
1 0 0 0 0 
0 0 1 0 0 
0 0 1 0 0 
0 0 0 0 1 
0 1 0 0 0 
0 0 0 0 1 
0 0 0 1 0 
