5 100
0.519051
0.430548
0.43395
0.355274
0.610912
10.8164 0.607072
9.93185 0.487019
9.36792 0.474706
9.0764 0.607346
8.82418 1.44827
8.59953 0.422907
8.2948 0.669857
8.22023 1.16415
7.92466 1.55121
7.6447 1.22
7.34493 0.59005
7.16387 2.38596
6.94339 1.87172
6.92346 0.658569
6.88038 1.22981
6.83829 3.12607
6.36247 2.88551
6.32459 1.47857
6.31028 2.62974
5.93861 2.77784
5.91862 2.17017
5.77137 2.6055
5.71152 2.67137
5.53769 1.6326
5.37378 2.45136
5.16818 3.45562
5.07541 3.13868
4.67164 4.13465
4.58711 4.21072
4.18942 4.2344
4.13272 2.75659
4.10333 2.8741
3.87951 3.60374
3.81295 2.51938
3.72305 5.02198
3.67079 3.30013
3.58157 5.25106
3.36184 4.38551
3.25672 4.67034
3.22157 3.12164
3.20759 3.59107
3.20435 5.18275
3.20409 3.01075
3.1426 3.25076
3.11263 3.72549
3.0027 3.50511
2.9292 3.58195
2.92392 3.81767
2.83301 5.00136
2.80539 4.81993
2.7745 5.12557
2.65283 5.27995
2.61969 4.37863
2.61008 3.84863
2.27034 4.83626
2.13292 6.90764
2.03726 5.27954
2.02696 4.42954
1.74486 5.05207
1.72237 4.60466
1.66087 4.94196
1.50278 6.5642
1.38806 6.32729
1.3567 5.21726
1.14398 7.27582
1.13784 7.39378
1.07607 4.76577
1.07456 7.37462
0.978744 6.04858
0.95339 8.60475
0.884426 8.37308
0.878232 5.30636
0.79912 7.78359
0.68944 6.40259
0.594343 8.62189
0.492274 6.48011
0.49041 9.36296
0.48785 8.6643
0.482826 9.66043
0.471985 5.93578
0.442263 8.51089
0.438162 6.90409
0.346597 8.02626
0.338339 8.72663
0.310383 8.99627
0.250165 8.16198
0.246341 7.75137
0.222257 10.227
0.206732 8.78136
0.170028 10.6132
0.122097 8.71255
0.0742743 10.1592
0.0503173 10.9198
0.0502919 10.9765
0.0408377 8.2112
0.030362 10.3429
0.0288205 9.22866
0.0206664 9.99512
0.014678 7.41055
0.0119555 9.48043
0 0 0 0 1 
0 0 0 0 1 
0 0 0 0 1 
1 0 0 0 0 
1 0 0 0 0 
0 0 0 0 1 
1 0 0 0 0 
0 0 1 0 0 
1 0 0 0 0 
0 0 1 0 0 
0 0 0 0 1 
0 1 0 0 0 
0 0 0 0 1 
0 0 1 0 0 
0 0 0 0 1 
0 1 0 0 0 
0 1 0 0 0 
0 0 0 1 0 
0 1 0 0 0 
0 0 1 0 0 
0 0 1 0 0 
0 0 1 0 0 
0 0 0 1 0 
0 0 0 1 0 
0 0 0 1 0 
1 0 0 0 0 
0 0 1 0 0 
0 0 0 0 1 
0 0 0 0 1 
0 0 0 0 1 
0 0 0 0 1 
0 0 0 0 1 
0 0 1 0 0 
0 0 0 1 0 
0 0 1 0 0 
1 0 0 0 0 
0 0 0 0 1 
1 0 0 0 0 
1 0 0 0 0 
0 0 0 1 0 
0 0 1 0 0 
0 1 0 0 0 
0 1 0 0 0 
1 0 0 0 0 
0 0 1 0 0 
0 0 0 1 0 
0 0 1 0 0 
0 1 0 0 0 
0 1 0 0 0 
0 1 0 0 0 
0 0 1 0 0 
0 1 0 0 0 
0 1 0 0 0 
0 0 1 0 0 
0 0 1 0 0 
0 0 0 0 1 
0 0 1 0 0 
0 0 1 0 0 
1 0 0 0 0 
0 0 0 1 0 
0 0 1 0 0 
0 0 1 0 0 
0 0 0 0 1 
0 0 1 0 0 
1 0 0 0 0 
0 1 0 0 0 
0 1 0 0 0 
0 1 0 0 0 
1 0 0 0 0 
0 1 0 0 0 
0 1 0 0 0 
0 0 0 1 0 
0 0 0 0 1 
0 0 0 0 1 
0 1 0 0 0 
0 0 1 0 0 
0 0 0 1 0 
0 0 0 1 0 
0 1 0 0 0 
0 1 0 0 0 
0 1 0 0 0 
0 0 1 0 0 
1 0 0 0 0 
0 0 1 0 0 
0 0 1 0 0 
0 1 0 0 0 
1 0 0 0 0 
0 0 1 0 0 
0 0 0 1 0 
0 0 1 0 0 
0 1 0 0 0 
0 0 1 0 0 
0 1 0 0 0 
0 0 0 0 1 
1 0 0 0 0 
1 0 0 0 0 
0 0 0 0 1 
0 0 1 0 0 
0 0 1 0 0 
1 0 0 0 0 
