5 200
0.38393
0.742615
0.501549
0.719619
0.331439
11.5408 0.322579
11.1747 0.242908
10.7138 0.208939
10.2291 0.473964
10.1603 0.669077
9.30406 0.574304
9.06213 1.16439
8.79258 1.10322
8.28486 0.347823
8.26877 0.201328
8.14105 1.61385
8.13869 0.470178
7.94243 0.25717
7.91161 1.74241
7.81177 0.192856
7.73928 1.23034
7.53188 1.73564
7.51206 1.6869
7.35795 0.4783
7.25328 1.11224
7.17531 1.28857
7.12108 0.725149
6.98675 1.51328
6.97869 1.65657
6.73983 0.872142
6.70387 1.10915
6.62561 0.912315
6.62069 1.02608
6.59949 2.48998
6.58231 1.16721
6.56398 1.69853
6.4494 0.802535
6.43338 1.90172
6.37917 2.08686
6.36378 2.72346
6.29305 1.25763
6.24795 1.77583
6.2243 1.64813
6.15438 2.00584
6.14287 2.73477
5.93507 1.25145
5.91019 2.26865
5.83883 1.49918
5.78662 2.88182
5.73186 2.70359
5.65501 2.66376
5.57153 3.42939
5.56277 3.06158
5.5045 2.0707
5.44029 2.58443
5.40704 3.44228
5.33759 2.78386
5.31387 2.09688
5.19844 1.59429
5.0403 1.89436
4.98999 4.14383
4.88242 3.19374
4.77313 2.71586
4.75734 4.71175
4.69517 2.6842
4.67332 4.06325
4.67171 2.93508
4.61396 3.13365
4.48607 3.68511
4.4493 3.72357
4.38542 2.04967
4.33313 3.98394
4.29832 3.45036
4.28885 4.05563
4.28179 3.43426
4.24138 5.06347
4.14433 3.95536
3.93196 2.76613
3.7746 3.35172
3.68069 2.97444
3.67882 3.87833
3.66928 3.32415
3.63951 4.52958
3.50848 3.46525
3.38356 3.76108
3.34645 4.06313
3.28861 2.93096
3.28018 4.26318
3.23114 4.11356
3.21867 4.12283
3.11983 4.69364
3.09396 4.5991
3.09065 3.12841
2.93268 4.70469
2.81807 4.56852
2.71976 4.70579
2.6498 3.95328
2.6186 3.69369
2.48425 4.73043
2.48211 4.40215
2.43485 4.70838
2.38055 5.21539
2.37591 4.50132
2.29688 3.81586
2.22136 5.30469
2.14573 5.01291
2.12185 4.839
2.06143 5.72342
2.04187 4.36892
1.94941 4.70311
1.90257 6.11746
1.8565 5.62215
1.85034 5.76033
1.81632 6.14953
1.68689 6.43206
1.65216 5.28428
1.64713 4.91709
1.62651 6.75984
1.56858 5.32213
1.54613 4.88651
1.542 6.70369
1.50645 6.28099
1.44596 6.38673
1.44568 5.6175
1.40823 5.68906
1.29883 4.54976
1.233 6.67823
1.19224 5.44236
1.16653 5.71526
1.15625 5.64551
1.06779 7.17879
1.06075 6.94327
1.04474 6.97988
1.00967 7.39352
0.994673 8.21144
0.952572 5.87757
0.919854 7.98806
0.910292 6.1444
0.789256 7.23258
0.783893 6.7827
0.755966 6.19074
0.688137 6.91946
0.66888 7.72606
0.666776 9.0471
0.663356 7.65742
0.64892 6.29275
0.620283 8.53018
0.617711 6.39797
0.58882 7.79956
0.586867 8.75666
0.546563 7.78297
0.538695 9.42645
0.533475 6.25279
0.528881 9.75983
0.522658 7.65037
0.4946 7.47538
0.448288 8.75428
0.424904 8.81719
0.418011 7.09917
0.366646 7.4721
0.316037 9.72514
0.305654 8.25809
0.296471 6.84619
0.290089 7.74797
0.286981 6.34984
0.282905 6.81972
0.25044 8.70204
0.226547 6.79603
0.225063 6.59158
0.22305 6.33397
0.204357 7.89209
0.194279 10.6171
0.184198 8.32494
0.168751 7.95129
0.145858 8.02242
0.144999 7.55286
0.12556 9.75934
0.109441 6.99387
0.108972 8.77127
0.105301 8.11943
0.0990185 10.211
0.0972128 8.34163
0.0941806 10.373
0.0789451 9.7535
0.0532589 9.84791
0.0526528 7.52858
0.0525431 11.2416
0.0514453 8.99508
0.0513856 8.13797
0.0334296 9.15214
0.0272862 10.2604
0.0203273 8.05009
0.0197628 9.38067
0.0137843 7.61807
0.0127424 8.00511
0.00939189 9.17309
0.00784615 7.32994
0.00781393 10.2856
0.00492514 9.00977
0.00462428 10.9142
0.00323774 11.9966
0.00292259 7.59191
0.00225884 12.0857
0.00211584 12.2633
0.00178586 9.36331
1 0 0 0 0 
0 0 0 0 1 
0 0 0 0 1 
0 0 0 0 1 
0 0 1 0 0 
1 0 0 0 0 
1 0 0 0 0 
0 1 0 0 0 
0 0 0 1 0 
0 1 0 0 0 
0 0 1 0 0 
0 0 0 0 1 
1 0 0 0 0 
0 0 0 0 1 
0 0 1 0 0 
0 0 0 1 0 
0 0 1 0 0 
0 0 0 0 1 
0 0 0 1 0 
1 0 0 0 0 
0 0 1 0 0 
0 1 0 0 0 
0 0 1 0 0 
1 0 0 0 0 
1 0 0 0 0 
0 0 0 0 1 
0 0 0 1 0 
0 0 1 0 0 
0 0 0 0 1 
0 0 0 1 0 
0 0 1 0 0 
0 0 0 0 1 
1 0 0 0 0 
0 1 0 0 0 
0 1 0 0 0 
0 0 1 0 0 
0 0 1 0 0 
0 1 0 0 0 
1 0 0 0 0 
1 0 0 0 0 
0 0 0 0 1 
0 0 1 0 0 
1 0 0 0 0 
0 1 0 0 0 
0 0 0 0 1 
1 0 0 0 0 
0 0 0 1 0 
0 0 0 0 1 
0 1 0 0 0 
0 1 0 0 0 
0 0 0 1 0 
0 1 0 0 0 
0 0 0 0 1 
0 1 0 0 0 
0 0 0 1 0 
0 0 0 0 1 
0 0 1 0 0 
0 0 0 0 1 
0 1 0 0 0 
0 0 1 0 0 
0 0 0 0 1 
1 0 0 0 0 
0 0 0 0 1 
0 0 0 1 0 
0 0 0 0 1 
0 0 1 0 0 
0 0 0 0 1 
0 0 1 0 0 
1 0 0 0 0 
0 1 0 0 0 
0 0 1 0 0 
0 0 0 0 1 
0 1 0 0 0 
1 0 0 0 0 
1 0 0 0 0 
0 0 0 1 0 
0 0 0 1 0 
0 0 0 1 0 
0 0 0 1 0 
0 0 0 1 0 
0 0 0 1 0 
0 1 0 0 0 
0 1 0 0 0 
0 0 1 0 0 
0 0 0 0 1 
0 0 1 0 0 
0 1 0 0 0 
0 0 0 0 1 
0 0 1 0 0 
0 1 0 0 0 
1 0 0 0 0 
0 1 0 0 0 
0 0 0 0 1 
0 1 0 0 0 
0 0 0 0 1 
0 1 0 0 0 
0 0 1 0 0 
0 1 0 0 0 
0 1 0 0 0 
0 0 0 1 0 
0 0 0 0 1 
1 0 0 0 0 
0 1 0 0 0 
1 0 0 0 0 
0 0 1 0 0 
0 0 1 0 0 
0 1 0 0 0 
0 1 0 0 0 
1 0 0 0 0 
1 0 0 0 0 
1 0 0 0 0 
1 0 0 0 0 
0 0 0 0 1 
0 0 1 0 0 
0 0 0 0 1 
0 0 0 1 0 
0 0 0 1 0 
0 0 0 0 1 
0 0 0 1 0 
1 0 0 0 0 
0 1 0 0 0 
0 0 1 0 0 
0 0 0 1 0 
0 0 0 1 0 
0 0 0 1 0 
1 0 0 0 0 
0 0 1 0 0 
0 0 0 1 0 
0 0 1 0 0 
0 0 0 1 0 
0 0 0 0 1 
0 0 1 0 0 
0 0 0 1 0 
0 0 0 0 1 
0 0 0 1 0 
0 0 1 0 0 
0 0 0 0 1 
0 0 1 0 0 
0 0 0 0 1 
0 0 1 0 0 
1 0 0 0 0 
0 0 1 0 0 
0 0 0 0 1 
0 0 1 0 0 
0 0 0 0 1 
1 0 0 0 0 
0 0 0 1 0 
0 0 0 0 1 
0 0 0 0 1 
0 0 0 0 1 
0 0 0 1 0 
0 0 0 0 1 
1 0 0 0 0 
0 0 1 0 0 
0 1 0 0 0 
1 0 0 0 0 
0 0 0 1 0 
0 0 0 1 0 
0 1 0 0 0 
1 0 0 0 0 
0 0 0 0 1 
0 1 0 0 0 
0 0 0 0 1 
1 0 0 0 0 
0 0 0 0 1 
0 0 0 0 1 
1 0 0 0 0 
0 1 0 0 0 
1 0 0 0 0 
1 0 0 0 0 
0 0 0 0 1 
0 0 0 0 1 
0 1 0 0 0 
0 1 0 0 0 
0 0 0 0 1 
0 0 0 0 1 
0 0 0 1 0 
0 1 0 0 0 
1 0 0 0 0 
0 1 0 0 0 
0 0 0 1 0 
0 0 0 0 1 
0 0 1 0 0 
0 0 0 1 0 
1 0 0 0 0 
0 0 0 1 0 
0 0 0 0 1 
0 1 0 0 0 
0 1 0 0 0 
0 0 0 0 1 
0 0 0 0 1 
1 0 0 0 0 
0 0 1 0 0 
1 0 0 0 0 
0 1 0 0 0 
0 0 0 0 1 
0 1 0 0 0 
0 0 1 0 0 
1 0 0 0 0 
0 0 1 0 0 
