5 150
0.64874
0.629772
0.733001
0.283113
0.307039
11.0719 0.703714
9.63937 0.521094
9.33494 0.279545
9.08049 0.850707
8.98028 0.732353
8.95326 0.354642
8.92146 0.131459
8.74639 0.417726
8.36084 2.05346
8.21303 2.01532
7.99851 0.988408
7.94989 0.33255
7.94139 1.40064
7.45702 0.215056
7.31579 1.70965
7.29425 1.80355
7.22826 1.10065
7.18626 1.86831
7.09384 1.33475
7.02919 1.79469
6.84769 1.95329
6.76575 2.33213
6.57863 1.31046
6.51308 1.3236
6.48907 1.69327
6.42822 1.0665
6.40842 1.70808
6.29152 2.64015
6.24789 2.37934
6.21353 1.89543
6.19713 2.3769
6.06301 1.32472
6.05611 2.81836
5.95974 1.91654
5.83701 1.95158
5.61574 2.87946
5.47789 3.21312
5.24013 1.81965
5.06291 2.22885
5.05425 3.25701
4.96662 1.93825
4.85911 1.83332
4.84363 2.39771
4.7941 1.68502
4.73469 2.61534
4.5781 3.63652
4.21659 3.34255
4.15546 2.73283
4.10982 4.87855
4.07075 3.42197
4.03514 3.74265
3.93458 3.41657
3.84685 3.81884
3.66398 4.29121
3.62951 3.30871
3.62164 3.32058
3.58504 3.97045
3.58473 4.38362
3.56776 3.39781
3.31017 4.0826
3.28805 3.28102
3.2523 4.58039
3.21741 4.42571
3.08733 6.08814
3.04938 3.90802
3.04594 5.30241
2.98292 5.28818
2.56132 3.96983
2.48883 4.67234
2.33335 5.37235
2.30672 4.76814
2.29011 5.12931
2.24696 3.61347
2.24344 6.0516
2.09274 5.87654
2.0858 6.12989
1.99891 4.86933
1.95635 4.24447
1.83685 7.02654
1.83491 6.14598
1.81548 5.03748
1.80911 4.62342
1.74792 4.52304
1.72954 5.04567
1.6957 4.32868
1.68983 6.62884
1.54419 6.67293
1.48921 7.85855
1.45939 5.44444
1.43945 7.07715
1.40259 6.59521
1.37817 7.51523
1.26978 8.29523
1.23748 6.65281
1.15005 6.99196
1.14647 5.78524
1.14541 6.1918
1.14256 4.99019
1.07285 5.51055
1.05898 7.0065
1.0121 7.06765
1.01058 8.03857
0.960008 5.28246
0.908988 7.20664
0.829317 6.97531
0.756911 6.18802
0.756677 7.08261
0.754252 6.83552
0.729959 8.0065
0.729649 8.9713
0.673695 7.0635
0.66494 6.56049
0.611374 7.57691
0.603095 7.04391
0.541137 8.4343
0.489206 8.59223
0.475667 9.58213
0.465229 7.22581
0.403303 6.78502
0.390819 6.47936
0.376423 6.79135
0.374354 7.72629
0.371383 7.76165
0.345939 8.00052
0.343832 8.88529
0.299241 8.53593
0.288987 7.68467
0.280682 9.94664
0.275606 9.67334
0.266369 9.20208
0.263504 10.0803
0.257268 10.0787
0.254018 7.65837
0.245115 9.67732
0.223549 6.93054
0.186303 8.48893
0.123872 8.97352
0.115871 9.85778
0.107167 10.9708
0.0981506 10.5151
0.0898541 11.0689
0.0408941 9.77489
0.0395574 10.088
0.0338377 9.39099
0.0232377 11.646
0.0224024 8.22523
0.0121169 8.35651
0.00888723 10.7831
0.00380223 12.0724
0.00118013 9.01422
0.103601 0.300085 0.235455 0.0665671 0.294292 
0 0 0.511833 0 0.488167 
0.486697 0.513303 0 0 0 
0 0.359459 0 0.640541 0 
0 0.412648 0.285113 0 0.302238 
1 0 0 0 0 
0.323274 0.581397 0.0953292 0 0 
0 0.182851 0.554887 0 0.262262 
0.461452 0.134252 0 0.276557 0.127739 
0 0.402944 0 0.597056 0 
0.432344 0 0 0 0.567656 
0.330192 0 0.467172 0.202636 0 
0 0.321212 0 0.445179 0.233609 
0 0 0 1 0 
0.305171 0 0 0.404636 0.290193 
0.470041 0.15975 0 0.159309 0.2109 
0.256224 0.176883 0.197823 0.189869 0.1792 
0 0.267838 0.498781 0.233382 0 
0.490282 0 0 0.10196 0.407758 
0.415115 0 0 0.584885 0 
0 0.758639 0 0.241361 0 
0 0.564755 0.435245 0 0 
0.449677 0 0.229353 0.32097 0 
0.379692 0 0.394259 0.226049 0 
0 0 0 0.453332 0.546668 
0.253223 0.20622 0.409865 0.130692 0 
0 0.161019 0.386679 0 0.452303 
0 0 0 1 0 
0 0 0 1 0 
0.35513 0.234692 0 0 0.410178 
0.230946 0 0.272357 0.242106 0.254591 
0.260206 0.43549 0.240939 0 0.0633649 
0.30756 0 0.540918 0 0.151522 
0 0 0.103406 0.516556 0.380038 
0 0 0.647977 0 0.352023 
0 0 0 1 0 
1 0 0 0 0 
0 0.152999 0 0.444146 0.402854 
0.360498 0 0 0.326799 0.312703 
0 0 0 0 1 
0 0.403189 0.322182 0 0.274629 
0 0.382804 0 0.524737 0.0924585 
0.172764 0 0.827236 0 0 
0 0.321286 0.266055 0.331155 0.081505 
0.306533 0 0.693467 0 0 
0 0 0 0 1 
0 0.428157 0 0.571842 0 
0 0 1 0 0 
0 0.173409 0 0 0.826591 
0 0 1 0 0 
0 0 0 0 1 
1 0 0 0 0 
0 0.545825 0.454175 0 0 
0.416243 0 0 0.300228 0.283528 
0.798804 0 0 0.201197 0 
0.107557 0.439804 0 0 0.452639 
0 0.711577 0 0 0.288423 
0.672722 0.145886 0 0.181391 0 
0.213207 0 0.549161 0 0.237632 
0 0.469136 0 0.376168 0.154696 
0 0.412554 0.230683 0.356762 0 
0.474687 0.131323 0.39399 0 0 
0 0.445522 0 0.554478 0 
0.284798 0 0.417654 0.297547 0 
0 0 0 1 0 
0 0.403586 0.318279 0.210207 0.0679274 
0.720524 0 0.279476 0 0 
0 0 0.371371 0.628629 0 
0 0 0 0.479464 0.520536 
0.106089 0.483462 0.114163 0 0.296286 
0.139923 0 0.2535 0 0.606577 
0 0 0.442398 0 0.557602 
0 0.449906 0 0 0.550094 
0 0.307908 0 0 0.692092 
0 0 1 0 0 
0 0.53096 0 0 0.46904 
0.239856 0 0.3719 0 0.388243 
0.187104 0.401164 0.161133 0 0.250599 
0 0.385369 0 0 0.614631 
0 0.327853 0.508223 0 0.163924 
0.0846462 0 0.560897 0.354457 0 
0.302971 0.314629 0 0.156156 0.226243 
0.392694 0.293985 0 0 0.31332 
0 0.546729 0.305351 0 0.14792 
0.661157 0 0 0.338843 0 
0 0 0 0.625686 0.374314 
0 0 0 0.60078 0.39922 
0 0.1887 0 0.301471 0.50983 
0.278135 0 0 0.206237 0.515628 
0.0988775 0.537817 0 0 0.363305 
0.308169 0.15425 0 0.101709 0.435871 
0 0.267975 0.364145 0 0.36788 
0 0.426011 0.147118 0 0.426871 
0 0 0.566136 0 0.433864 
0 0.617792 0 0.382208 0 
0.264884 0.735116 0 0 0 
0.0619825 0.350327 0 0 0.58769 
0 0 0 0.475533 0.524467 
0.20425 0 0.153851 0.28038 0.361519 
0 1 0 0 0 
0.623376 0 0.376624 0 0 
0.170774 0.51228 0 0 0.316946 
0 0 1 0 0 
0 0.351003 0 0.326792 0.322205 
0 1 0 0 0 
0.241855 0.758145 0 0 0 
0 0.605196 0 0 0.394804 
0 0 1 0 0 
0.137331 0 0 0.423944 0.438725 
0 0 0 1 0 
0 0 0.610058 0.270295 0.119648 
0.319886 0.165671 0 0.197456 0.316987 
0.372104 0 0.495483 0 0.132413 
0 0 0.581637 0.418363 0 
0.164573 0.495675 0.339752 0 0 
0.205831 0.28001 0.318389 0.19577 0 
0.271797 0.214643 0.513559 0 0 
0 0.275591 0.180727 0.368119 0.175563 
0 0.450997 0 0.167765 0.381238 
0 1 0 0 0 
0.253382 0.193526 0.330949 0.222143 0 
0 0 0 0.699082 0.300918 
0 0.792152 0.207848 0 0 
0.365019 0.070106 0.389388 0 0.175487 
0 0 0 0 1 
0 0.680468 0 0.319532 0 
0.23228 0 0 0.384243 0.383476 
0.27193 0 0.172081 0.292527 0.263462 
0.545439 0.0763878 0.27214 0.106033 0 
0 0 0.488422 0 0.511578 
0.266787 0.238536 0.310119 0.184558 0 
0 0.277812 0.0924155 0.334821 0.294951 
1 0 0 0 0 
0 0 0 0.3006 0.6994 
0 0.448933 0.353441 0.197626 0 
0 0.567856 0 0 0.432144 
0 0 0 1 0 
0 0 0.286117 0.32131 0.392573 
0.40519 0.0983055 0 0 0.496504 
0 0.484008 0 0 0.515992 
0 0 0 1 0 
0.380902 0 0 0 0.619098 
0 0.498505 0.285955 0.21554 0 
0.224282 0.350197 0 0.425521 0 
1 0 0 0 0 
0.627061 0 0.372939 0 0 
0 1 0 0 0 
0 0 1 0 0 
0.456929 0.320063 0 0.223008 0 
0 0.152378 0 0.421807 0.425815 
