5 150
0.499138
0.459189
0.464576
0.594203
0.6105
10.5041 0.402279
10.4352 0.558805
10.1374 0.720046
10.1126 0.329946
9.51996 0.375556
9.46401 1.03972
9.43542 0.366403
9.34683 1.01416
9.23376 0.294977
9.2034 1.24943
8.88343 1.53745
8.4191 1.88276
8.25126 1.50969
8.14098 1.85075
8.11447 1.31433
7.55143 1.48645
7.27604 2.11874
7.15663 2.15785
7.0934 2.18602
6.94659 2.12662
6.88736 1.42565
6.85352 2.67208
6.8459 2.08936
6.81334 1.91119
6.67021 0.760844
6.57894 2.2773
6.42633 1.285
6.35382 1.72452
6.20214 0.98787
6.07113 0.915834
6.05482 1.52095
5.94786 1.64988
5.93712 3.3037
5.72004 1.96205
5.70768 3.22735
5.70435 1.59067
5.51825 2.37417
5.46356 1.30327
5.43353 1.75246
5.22914 3.10853
5.20938 3.35942
4.91984 2.21554
4.9078 2.27482
4.76073 2.32849
4.74703 2.88976
4.62869 2.32381
4.6054 3.2892
4.40114 4.68343
4.22375 3.90452
4.07502 2.65534
4.04802 4.30421
4.01182 4.23702
3.77426 3.67794
3.75873 2.4238
3.74614 5.52268
3.7089 3.04054
3.42611 2.78659
3.36713 4.13763
3.34974 5.52376
3.30859 3.73939
3.29318 2.83998
3.1682 5.84027
3.1164 3.10785
3.07853 4.7585
3.04389 3.68574
3.03295 5.22922
2.85001 4.77759
2.83146 4.10344
2.78204 5.20922
2.67006 5.82465
2.66279 4.47207
2.66146 4.39711
2.63872 3.25748
2.5287 4.7174
2.44906 5.67194
2.40344 5.50725
2.34452 4.31754
2.33662 6.79483
2.31992 5.36331
2.26385 5.80638
2.16412 4.39943
1.90201 5.23295
1.82416 6.95545
1.7913 5.2776
1.77948 6.3548
1.77098 4.70327
1.74826 7.50268
1.70498 4.80993
1.60682 7.20567
1.552 5.07698
1.42505 4.74034
1.38694 7.40843
1.31114 6.05649
1.24976 7.77766
1.21835 5.14033
1.19051 7.25623
1.15148 7.77591
1.08911 7.69284
1.05267 5.8542
0.994737 5.39756
0.948736 8.13502
0.946631 5.22687
0.925354 5.75874
0.828444 7.79642
0.81738 5.94982
0.797452 5.85964
0.76373 8.97009
0.755804 8.82689
0.673539 7.43274
0.66326 8.07947
0.628226 7.05205
0.600829 7.20384
0.596897 5.64948
0.596122 8.5726
0.54271 8.85379
0.53418 8.01278
0.519897 8.73101
0.510911 5.83314
0.508643 9.65014
0.485669 7.00641
0.46873 7.23008
0.428756 7.58192
0.400645 7.97604
0.349429 6.65009
0.333115 9.82636
0.329639 10.049
0.326543 8.14585
0.310963 9.36038
0.294003 8.24948
0.271165 8.02318
0.255258 8.84925
0.253346 10.0795
0.246528 7.98831
0.237909 8.39723
0.163678 10.4513
0.129943 7.89193
0.113541 10.1617
0.0948313 9.35512
0.0841147 7.91492
0.0775291 7.79096
0.0575416 7.7082
0.0379444 9.86747
0.0335663 8.88198
0.0151384 8.90966
0.0119055 10.0334
0.0106782 11.4486
0.00292042 10.0102
0.00290063 9.54042
0.00252721 12.0308
0.00120089 7.51243
1 0 0 0 0 
0 1 0 0 0 
0 0 1 0 0 
0 0 0 0 1 
0 0 0 0 1 
1 0 0 0 0 
0 0 1 0 0 
0 0 1 0 0 
0 0 0 0 1 
0 0 1 0 0 
0 1 0 0 0 
0 0 0 1 0 
0 1 0 0 0 
1 0 0 0 0 
0 0 0 0 1 
0 1 0 0 0 
0 0 0 1 0 
1 0 0 0 0 
0 1 0 0 0 
0 1 0 0 0 
0 0 1 0 0 
0 1 0 0 0 
0 1 0 0 0 
1 0 0 0 0 
0 0 1 0 0 
0 0 0 0 1 
0 1 0 0 0 
0 0 1 0 0 
0 1 0 0 0 
1 0 0 0 0 
0 0 0 1 0 
1 0 0 0 0 
0 0 0 0 1 
0 0 0 1 0 
0 0 0 1 0 
0 0 1 0 0 
0 0 1 0 0 
0 0 0 0 1 
1 0 0 0 0 
0 0 1 0 0 
0 1 0 0 0 
0 0 0 0 1 
0 0 1 0 0 
0 0 1 0 0 
0 0 0 0 1 
0 0 0 0 1 
0 0 0 0 1 
0 0 0 1 0 
0 0 1 0 0 
0 1 0 0 0 
0 0 0 1 0 
1 0 0 0 0 
0 0 0 1 0 
0 0 0 1 0 
1 0 0 0 0 
0 0 1 0 0 
0 0 0 1 0 
0 0 1 0 0 
0 0 1 0 0 
0 1 0 0 0 
0 0 1 0 0 
0 0 0 0 1 
1 0 0 0 0 
1 0 0 0 0 
1 0 0 0 0 
0 0 0 1 0 
0 0 0 1 0 
0 0 0 1 0 
0 0 0 0 1 
0 1 0 0 0 
0 0 0 1 0 
0 1 0 0 0 
0 1 0 0 0 
0 1 0 0 0 
0 0 0 0 1 
0 0 1 0 0 
0 0 0 0 1 
0 0 1 0 0 
0 1 0 0 0 
1 0 0 0 0 
0 0 0 1 0 
0 1 0 0 0 
0 0 0 1 0 
1 0 0 0 0 
0 0 0 1 0 
0 0 0 1 0 
0 1 0 0 0 
0 0 0 1 0 
0 0 1 0 0 
0 1 0 0 0 
0 0 1 0 0 
1 0 0 0 0 
1 0 0 0 0 
0 0 0 1 0 
0 0 0 0 1 
1 0 0 0 0 
0 0 0 1 0 
0 0 0 0 1 
0 0 0 0 1 
1 0 0 0 0 
0 0 0 0 1 
0 0 0 0 1 
0 0 0 0 1 
0 0 0 1 0 
0 0 1 0 0 
0 0 1 0 0 
0 0 0 1 0 
1 0 0 0 0 
0 0 0 0 1 
0 0 1 0 0 
0 0 0 0 1 
0 0 1 0 0 
0 0 1 0 0 
0 0 0 1 0 
1 0 0 0 0 
1 0 0 0 0 
0 0 1 0 0 
0 0 1 0 0 
0 0 0 1 0 
1 0 0 0 0 
0 0 0 1 0 
0 0 1 0 0 
0 0 0 0 1 
0 0 0 1 0 
0 0 0 1 0 
0 0 1 0 0 
0 1 0 0 0 
1 0 0 0 0 
0 0 0 1 0 
0 0 1 0 0 
0 1 0 0 0 
0 0 0 0 1 
0 1 0 0 0 
0 0 1 0 0 
0 1 0 0 0 
0 0 0 0 1 
0 0 0 0 1 
0 0 0 1 0 
0 0 1 0 0 
0 0 0 0 1 
0 1 0 0 0 
0 0 0 1 0 
0 1 0 0 0 
0 1 0 0 0 
0 0 1 0 0 
0 0 0 0 1 
0 1 0 0 0 
1 0 0 0 0 
0 1 0 0 0 
0 0 0 0 1 
