5 200
0.724883
0.369922
0.67407
0.52401
0.496391
11.1637 0.421147
10.7456 0.270512
10.4271 0.470931
10.37 0.81615
10.0215 0.547056
9.88958 1.16009
9.75407 1.0956
9.17264 1.08453
8.86197 0.903765
8.39793 0.795029
8.1782 0.492715
8.13611 1.20937
8.08606 2.09931
8.02947 0.431112
7.75181 0.1237
7.73633 2.04288
7.69207 0.47727
7.61001 0.358275
7.53536 1.41238
7.46918 0.512205
7.32651 0.162297
7.31303 0.369178
7.25953 0.34468
7.20943 0.339308
7.16636 0.916896
7.14401 1.40326
7.09307 1.2897
7.07606 0.479922
7.06919 2.30081
6.91127 0.920411
6.6756 2.03689
6.64801 1.11079
6.64161 1.48731
6.63498 0.80647
6.62269 1.4715
6.39214 2.26233
6.16661 2.95607
6.13057 1.98117
6.06838 2.78056
6.02953 1.53335
5.89863 2.42444
5.84821 1.59722
5.76135 2.08942
5.73121 1.703
5.71787 1.16286
5.70575 1.49245
5.69512 2.97642
5.66084 2.33727
5.65739 3.52399
5.51454 2.48411
5.34869 3.5837
5.31346 1.93118
5.28511 2.98422
5.20485 1.6764
5.16321 2.30843
5.15837 2.30627
5.14208 3.21821
5.12866 3.47307
5.11911 2.18696
5.11674 3.62651
5.04396 2.55194
4.99241 2.35852
4.94463 3.23239
4.94162 3.14386
4.8792 2.21976
4.76743 3.07489
4.65267 3.33063
4.57697 1.7328
4.4603 2.84896
4.40749 3.22392
4.25492 2.13174
4.22915 4.99459
4.1483 3.42654
4.04274 2.42163
4.00696 4.11464
3.99984 2.39806
3.76892 2.89602
3.72054 3.35045
3.6378 2.54729
3.57298 3.88717
3.54766 2.53608
3.51322 3.95036
3.47905 3.46212
3.43994 3.43457
3.4227 3.88918
3.40784 4.78665
3.19149 4.34588
3.11719 3.23215
3.07497 3.75693
3.05909 4.95791
2.89943 3.69746
2.89115 5.00084
2.84896 4.11081
2.83295 5.24059
2.81293 4.60962
2.74563 4.52585
2.69914 6.04941
2.65497 5.20555
2.62665 5.46325
2.59514 4.76143
2.59412 6.37695
2.53246 6.1907
2.48587 5.69342
2.44593 3.97727
2.44226 5.56307
2.42847 4.85751
2.42353 6.15379
2.3992 6.07943
2.30993 4.25684
2.30228 4.61656
2.26824 6.17179
2.25746 4.60452
2.19259 4.39376
2.17572 6.31964
2.11484 4.15523
2.0512 4.47303
1.94492 5.89813
1.93924 4.47308
1.88343 4.31195
1.74779 5.70281
1.68831 5.63151
1.65405 6.16105
1.65341 6.38912
1.64134 5.40083
1.53651 7.16208
1.51723 6.99848
1.50535 5.56885
1.49142 7.14909
1.48495 7.02772
1.44676 7.04153
1.4411 5.77319
1.43676 6.92031
1.42951 6.76573
1.38966 6.74545
1.38513 7.97272
1.35818 6.91553
1.27922 7.52613
1.17224 6.0121
1.137 6.72638
1.1111 6.59074
1.10644 7.1964
0.983001 8.1246
0.97825 6.40506
0.973123 7.48727
0.961101 7.71091
0.945247 5.6816
0.928723 6.58315
0.909176 6.47796
0.880807 7.58511
0.852966 6.87983
0.84874 8.10314
0.816475 6.17514
0.780657 7.34178
0.768318 5.40257
0.76773 5.93993
0.766897 6.27478
0.74883 6.80524
0.714611 7.23982
0.692801 6.39767
0.690137 6.38846
0.673719 7.87835
0.62893 6.88756
0.609573 7.66971
0.607821 7.92676
0.599801 6.99586
0.530571 8.37136
0.475782 6.76475
0.474452 6.15952
0.395307 7.97833
0.379071 9.72922
0.326224 8.94209
0.302349 7.68993
0.25872 9.65457
0.220451 9.87751
0.191145 9.6593
0.18515 9.29048
0.164882 8.95644
0.156679 7.56394
0.145628 7.13662
0.143586 10.5109
0.128629 10.8361
0.117762 8.08931
0.116215 8.55637
0.114166 8.89968
0.0884862 7.88882
0.0741083 8.93781
0.0592374 9.08304
0.0532506 10.9271
0.0524258 9.33515
0.0523844 8.65493
0.0267079 7.72136
0.024978 10.1308
0.0244946 8.9926
0.0226948 10.1456
0.0216756 8.69122
0.0184399 10.9933
0.0127217 10.5861
0.0111338 9.305
0.00973295 7.6306
0.00452251 8.28433
0 0.60096 0 0.198582 0.200458 
0.644565 0 0 0.139228 0.216207 
0.472709 0 0.0541135 0 0.473177 
0.33118 0 0.460229 0 0.208591 
0.401045 0.37282 0 0 0.226134 
0.652799 0 0 0.347201 0 
0.393458 0 0.606542 0 0 
0 0.447781 0 0.185721 0.366497 
0 0.304208 0 0.344006 0.351785 
0 0.275474 0 0.421701 0.302825 
0 0 0.768497 0.231503 0 
0.3599 0 0.302871 0 0.337229 
0 0.369234 0.630766 0 0 
0 0 0 0.417304 0.582696 
0.40105 0 0 0.219646 0.379304 
0 0.317408 0 0.354654 0.327938 
0.357454 0 0.342379 0.300168 0 
1 0 0 0 0 
0.520575 0 0 0.479425 0 
0.62028 0 0 0.37972 0 
0 0 0 0.435851 0.564149 
0 0 1 0 0 
0 0 0 1 0 
0 0 0 1 0 
0.44376 0.220465 0 0.335775 0 
0 0 0 0.736572 0.263428 
0.626242 0 0.0941962 0 0.279562 
0.38036 0.0923693 0.231409 0.295862 0 
0 1 0 0 0 
0.105945 0.349296 0 0.544759 0 
0.241321 0 0 0.655566 0.103113 
0 0 0.485691 0.514309 0 
0.432919 0 0.567081 0 0 
0 0.42408 0 0 0.57592 
0 0.696097 0 0.303903 0 
0.532261 0.467739 0 0 0 
0 0.183377 0.420229 0.301661 0.0947328 
0.285233 0.329562 0.1198 0 0.265404 
0.550802 0.15929 0 0 0.289908 
0 0.366355 0 0 0.633645 
0.406051 0.354861 0.239088 0 0 
0 0 0 0 1 
0 1 0 0 0 
0 0.376363 0 0.623637 0 
1 0 0 0 0 
0.244307 0.1715 0.584193 0 0 
0.277548 0.337038 0 0 0.385414 
0 0 1 0 0 
0 1 0 0 0 
0.243614 0.335939 0.334268 0.0861784 0 
0 0.371682 0.562017 0.0663017 0 
0 0 0 1 0 
0 0 0.361365 0.256365 0.38227 
0 0 0 0 1 
1 0 0 0 0 
0.619229 0.380771 0 0 0 
0 0 0 0.142271 0.857729 
0.455738 0 0 0.544262 0 
0.353972 0.27076 0.375268 0 0 
0.284134 0.377388 0.0437342 0.294744 0 
0 1 0 0 0 
1 0 0 0 0 
0 0 0.72915 0 0.27085 
0 1 0 0 0 
0 0 0.57778 0 0.42222 
0 0.326524 0 0.673476 0 
0.109598 0.278593 0.247287 0.249405 0.115117 
0 0.16048 0.158229 0.33148 0.349811 
0 1 0 0 0 
0 0.693811 0 0.306188 0 
0.457536 0.182785 0 0.359679 0 
0.443987 0 0 0 0.556013 
0 0 0.30587 0.69413 0 
0.276158 0 0 0.351627 0.372214 
0.155766 0.361723 0.128508 0 0.354003 
0 0 0.181562 0.222619 0.595818 
0.0897089 0.306027 0.459524 0.14474 0 
0 0 0 0.368314 0.631686 
0 0.508261 0 0 0.491739 
0 0.194289 0 0.529038 0.276673 
0.0795318 0 0.334672 0.235598 0.350198 
1 0 0 0 0 
0.344838 0.296749 0.358413 0 0 
0.427842 0.299378 0.27278 0 0 
0 0.396221 0 0.508934 0.0948449 
0.219958 0.425551 0 0 0.354491 
0.517024 0 0 0 0.482976 
0 0 0 0 1 
0.431701 0 0.0943834 0 0.473916 
0.305911 0.432269 0.103493 0 0.158328 
0.189469 0 0.306287 0.504244 0 
0 0.151684 0.709841 0 0.138475 
0 0 0.146379 0 0.853621 
0 0.141334 0.655829 0.202838 0 
0.185557 0 0 0.354794 0.459649 
0 0.257537 0.385446 0 0.357017 
0 0 0 0 1 
0 0 0.372833 0.627167 0 
0 1 0 0 0 
0 0.544043 0 0 0.455957 
0.078907 0.59918 0 0.321913 0 
0 0.1539 0.345578 0.326101 0.174421 
0 0.0552996 0.406985 0.185438 0.352277 
0 0.635241 0.287105 0 0.0776541 
0 0 0.373095 0.626905 0 
0 0 1 0 0 
0.134227 0.543532 0 0.322241 0 
0 0.222316 0.344811 0.25479 0.178084 
0 0 0.753635 0 0.246365 
0.112914 0.168016 0 0.31276 0.40631 
0.186634 0 0.813366 0 0 
0.124624 0.193428 0 0.330775 0.351172 
0.144799 0.132942 0.222254 0 0.500005 
0 0.658299 0 0.341701 0 
0.219809 0.276983 0.284595 0.218613 0 
0.293315 0.128069 0 0.289868 0.288748 
0 0.208032 0 0.791968 0 
0 0 1 0 0 
0 0.301299 0 0.187437 0.511264 
0 0.64908 0 0 0.35092 
0.22512 0.218798 0.203384 0.163323 0.189374 
0 0.496495 0 0 0.503505 
0.314221 0 0.685779 0 0 
0.293484 0.294939 0 0.411577 0 
0.171574 0 0 0.320013 0.508412 
0 0 0.353404 0.205907 0.44069 
0.4809 0 0 0.5191 0 
0.646775 0 0.163909 0 0.189316 
0 0 0.596561 0 0.403439 
0.0713288 0.383673 0.207494 0.337504 0 
0.566581 0.0939845 0.108737 0.230697 0 
0 0 0 0.505629 0.494371 
0 0 0 0.386697 0.613303 
0 0.134741 0 0.437406 0.427853 
0 0 0.322025 0.677975 0 
0.452064 0.547936 0 0 0 
0.437905 0 0.306165 0 0.255931 
0 0.169338 0 0.35278 0.477882 
0.422286 0.20593 0 0.0717568 0.300028 
0 0 0 1 0 
1 0 0 0 0 
0 0 0 0 1 
0 0.303992 0.696008 0 0 
1 0 0 0 0 
0.279389 0 0.289622 0.43099 0 
0 0 0 0.598125 0.401875 
0.362473 0.34371 0 0.293817 0 
0 0.23233 0.139289 0.169651 0.458731 
0 0 0 0.449392 0.550608 
0 0 0.540277 0 0.459722 
0 1 0 0 0 
0.186946 0.434154 0.322237 0.0566628 0 
0 0 0 0.375654 0.624346 
0.519801 0.139641 0 0 0.340558 
0 0.391287 0.146378 0 0.462335 
0.516391 0 0 0.0547157 0.428893 
0 0 0.366849 0 0.633151 
0.569466 0 0.430534 0 0 
0.608988 0.391012 0 0 0 
0 0.682537 0 0.317463 0 
0 0.404234 0.595766 0 0 
0.298588 0.28484 0.416572 0 0 
0 0.421658 0 0.469215 0.109127 
0 0 0.253541 0 0.746459 
0.306117 0.35254 0.248058 0 0.0932843 
0.524376 0 0 0 0.475624 
0 0 0 0.47057 0.52943 
0.216268 0 0.366228 0.417504 0 
0.764223 0 0.235777 0 0 
0.834615 0 0 0.165385 0 
0 0 0.446099 0.553901 0 
0.304741 0.449046 0 0 0.246212 
0 0.467229 0 0.436116 0.0966548 
0.310723 0 0.481855 0.207422 0 
0.375292 0 0.117946 0.506761 0 
0 0.698505 0 0.301495 0 
0 0.324418 0 0.675582 0 
0 0.464842 0 0 0.535158 
0.286817 0 0.147411 0.169788 0.395984 
0.732329 0 0.267671 0 0 
0.159815 0 0 0 0.840185 
0.346878 0.343447 0 0 0.309675 
0 0 0 1 0 
0 0 0 1 0 
0 0 1 0 0 
0 0 0.591749 0 0.408251 
0.424001 0.207467 0 0.368532 0 
0.383183 0.186724 0 0 0.430093 
0 0 0 0.332066 0.667934 
0.205375 0.281592 0.102348 0.226332 0.184352 
0 0 0.57174 0 0.42826 
0 0 0.540062 0 0.459938 
0.471365 0.264637 0 0.263997 0 
0.371277 0 0 0 0.628723 
0.158324 0.250523 0 0 0.591153 
0.0991609 0 0.48567 0.415169 0 
0.333954 0.418142 0.107906 0 0.139999 
0.161702 0.581421 0 0.256876 0 
0.480721 0 0 0.193158 0.326122 
0.167178 0.246635 0 0.297558 0.28863 
