5 150
0.535638
0.466483
0.278108
0.34006
0.485649
11.8065 0.20316
11.3757 0.206018
11.2647 0.308315
9.74905 0.754072
9.60642 0.422659
9.04502 0.145527
8.98811 1.37366
8.82388 0.107655
8.62571 1.30335
8.42965 0.18004
8.32603 0.168449
8.22901 1.40557
8.22848 1.08469
8.17739 1.69176
7.53055 0.349091
7.50347 1.92273
7.4931 0.323634
7.24227 0.858586
6.95301 0.74583
6.93683 0.388922
6.66357 1.93265
6.49825 2.08501
6.38269 1.63992
6.33597 1.54944
6.32665 2.44427
6.32568 2.5692
6.18709 3.05943
6.15461 2.4416
6.12321 1.98423
6.03558 2.94276
5.94969 1.78713
5.79272 2.20074
5.76408 1.68818
5.59921 3.09169
5.53319 1.6579
5.47589 2.60283
5.4539 2.56606
5.36706 2.33292
5.3414 1.27322
4.99978 2.71276
4.86269 2.64093
4.8441 2.81297
4.79617 1.8396
4.60752 3.80805
4.48884 2.93078
4.48732 3.7936
4.4531 2.70207
4.40205 3.80137
4.29858 2.56379
3.78416 4.58508
3.71119 4.10134
3.68138 4.51323
3.61024 5.04825
3.39239 3.59334
3.32317 3.78862
3.30794 3.49545
3.27302 3.4997
3.25804 5.4193
3.17683 4.81433
3.16703 3.43142
3.06392 4.87473
3.01395 5.5168
2.95724 3.79827
2.93216 4.61112
2.93098 4.3291
2.71221 5.60717
2.70663 4.7732
2.69008 5.71381
2.67263 5.50072
2.60037 3.96128
2.5653 6.31878
2.55228 4.30214
2.54926 4.95742
2.54113 5.076
2.48467 3.80914
2.45394 6.6459
2.43786 5.26707
2.38915 5.75984
2.38367 6.25639
2.35726 3.96499
2.19886 5.93021
2.00185 3.95433
1.80224 5.88225
1.67179 6.84614
1.66226 6.68268
1.63496 5.76729
1.63475 6.58183
1.5946 5.13519
1.5665 6.21659
1.5471 7.03604
1.54052 7.34534
1.53856 5.89694
1.53642 6.60917
1.51714 6.05787
1.49418 6.28661
1.45576 7.08217
1.35986 4.52377
1.35705 6.68274
1.32415 4.89506
1.32298 5.46625
1.31326 5.45865
1.29092 6.00835
1.26021 5.53519
1.23508 6.23622
1.21944 7.56422
1.20335 7.28951
1.1907 7.40651
1.04907 5.47214
1.03412 5.42077
1.0148 6.32076
0.956029 6.67083
0.941643 6.55205
0.933878 6.19256
0.932741 5.55075
0.887119 7.01126
0.825318 6.564
0.820594 8.20291
0.813966 6.68783
0.80433 5.91974
0.749691 6.41433
0.742598 7.85758
0.577866 5.77897
0.577475 7.38364
0.561603 9.28139
0.511512 7.70334
0.465075 6.4512
0.406524 6.88489
0.37278 6.50688
0.346816 6.68582
0.330082 6.94432
0.316798 8.39551
0.314522 8.12336
0.308558 8.29798
0.272374 7.05051
0.24672 9.60662
0.216051 9.67938
0.205029 10.0567
0.165946 9.97767
0.138122 7.9749
0.0943096 9.68946
0.0776632 9.36021
0.0447572 10.997
0.0324243 7.65766
0.0281705 10.9815
0.0181032 11.8508
0.0132006 9.62856
0.0101127 8.74742
0.0089819 10.9641
0.00163876 8.69497
0.00128829 10.1533
0 0 1 0 0 
0 0 0 1 0 
0 0 0 0 1 
0 0 0 1 0 
0 0 0 1 0 
0 0 0 0 1 
0 1 0 0 0 
0 0 0 1 0 
0 0 0 0 1 
0 0 1 0 0 
0 0 0 1 0 
0 1 0 0 0 
0 0 0 0 1 
0 0 0 1 0 
0 0 1 0 0 
0 1 0 0 0 
0 0 0 1 0 
1 0 0 0 0 
0 0 1 0 0 
0 0 0 1 0 
0 0 0 1 0 
1 0 0 0 0 
0 1 0 0 0 
0 0 0 1 0 
0 0 1 0 0 
0 1 0 0 0 
0 0 1 0 0 
0 0 1 0 0 
1 0 0 0 0 
1 0 0 0 0 
1 0 0 0 0 
0 0 1 0 0 
0 0 0 1 0 
0 0 1 0 0 
0 0 0 1 0 
0 0 1 0 0 
0 0 0 0 1 
0 0 0 1 0 
0 0 1 0 0 
0 0 0 1 0 
0 1 0 0 0 
0 0 1 0 0 
0 0 0 0 1 
0 1 0 0 0 
0 1 0 0 0 
0 0 1 0 0 
0 0 1 0 0 
1 0 0 0 0 
0 0 0 1 0 
0 1 0 0 0 
1 0 0 0 0 
0 0 0 1 0 
1 0 0 0 0 
0 0 0 1 0 
0 0 0 1 0 
0 0 0 0 1 
0 0 1 0 0 
0 1 0 0 0 
0 0 1 0 0 
0 0 1 0 0 
1 0 0 0 0 
1 0 0 0 0 
0 0 1 0 0 
1 0 0 0 0 
0 0 1 0 0 
1 0 0 0 0 
0 1 0 0 0 
0 0 1 0 0 
1 0 0 0 0 
1 0 0 0 0 
0 0 0 0 1 
0 0 0 0 1 
0 0 0 1 0 
0 0 0 0 1 
0 1 0 0 0 
0 0 1 0 0 
0 0 0 1 0 
0 0 0 0 1 
0 0 0 0 1 
1 0 0 0 0 
0 1 0 0 0 
0 1 0 0 0 
0 1 0 0 0 
1 0 0 0 0 
0 0 0 0 1 
0 1 0 0 0 
0 0 1 0 0 
0 0 0 1 0 
0 0 1 0 0 
0 0 1 0 0 
0 0 0 0 1 
1 0 0 0 0 
0 1 0 0 0 
0 0 0 1 0 
0 0 0 1 0 
1 0 0 0 0 
0 0 0 1 0 
0 0 0 1 0 
0 1 0 0 0 
0 1 0 0 0 
0 1 0 0 0 
0 1 0 0 0 
0 0 0 0 1 
1 0 0 0 0 
0 1 0 0 0 
1 0 0 0 0 
0 1 0 0 0 
0 1 0 0 0 
0 0 0 1 0 
0 1 0 0 0 
0 1 0 0 0 
0 0 0 1 0 
0 0 1 0 0 
0 0 0 0 1 
0 1 0 0 0 
0 0 0 1 0 
0 0 1 0 0 
0 0 0 1 0 
0 0 0 0 1 
0 0 0 0 1 
0 0 0 1 0 
0 0 0 1 0 
1 0 0 0 0 
1 0 0 0 0 
0 1 0 0 0 
0 0 0 0 1 
0 0 0 0 1 
0 0 1 0 0 
0 0 0 0 1 
0 0 0 0 1 
0 0 1 0 0 
0 0 1 0 0 
1 0 0 0 0 
0 0 0 0 1 
1 0 0 0 0 
0 0 1 0 0 
0 1 0 0 0 
0 0 0 0 1 
0 1 0 0 0 
0 1 0 0 0 
0 1 0 0 0 
0 0 0 1 0 
1 0 0 0 0 
0 0 0 0 1 
0 0 0 0 1 
0 0 0 1 0 
1 0 0 0 0 
1 0 0 0 0 
0 1 0 0 0 
0 0 1 0 0 
