5 150
0.431341
0.491111
0.290345
0.630657
0.624905
11.256 0.132186
11.0247 0.443956
10.4879 0.598242
10.1826 0.193599
10.1565 0.349286
10.1015 0.168914
9.86305 0.44791
9.80202 1.09826
9.48464 1.43799
9.39334 0.481483
9.25678 0.570252
9.0055 0.61177
8.80593 1.04093
7.6611 0.743736
7.40995 1.89479
7.39325 1.57402
7.29917 2.47136
7.26117 1.91265
7.17316 1.88651
7.05788 1.12486
7.04518 1.61683
6.95226 0.802592
6.8132 1.58318
6.78643 1.83852
6.6419 0.960824
6.62679 1.12143
6.45241 1.4562
6.01148 2.31154
5.98661 2.64105
5.92591 2.91101
5.77135 1.53147
5.72765 1.51817
5.64951 2.41105
5.64404 1.52632
5.47963 3.12479
5.19849 4.02993
5.04091 2.53302
5.0104 2.87812
4.91914 4.01685
4.89247 4.11589
4.80649 2.82664
4.76698 3.0338
4.58362 1.77639
4.45815 2.41179
4.44463 3.90356
4.44318 2.80528
4.42839 3.81339
4.40989 2.98166
4.31348 2.49014
4.20531 3.55537
4.1868 3.26963
4.0388 3.82166
4.02687 3.33012
3.98037 3.61214
3.97624 2.94611
3.80868 4.43298
3.78228 4.35867
3.56314 3.28741
3.39918 4.71986
3.32066 3.86844
3.2807 4.90646
3.0565 5.37069
3.0032 3.9331
2.94039 3.69146
2.80645 5.68213
2.7763 4.34891
2.72213 4.44184
2.69542 5.31999
2.68229 5.44308
2.65095 4.47261
2.6474 4.76589
2.58979 4.93119
2.51511 4.93383
2.43752 4.03751
2.4326 6.52011
2.36142 5.62995
2.32663 4.49876
2.31896 4.83213
2.30069 4.25362
2.28123 6.06224
2.18936 4.46878
2.16863 6.21749
2.09063 5.32735
2.04305 4.85939
2.03029 5.88846
1.91188 5.94096
1.83847 4.04856
1.80253 4.58277
1.78572 5.67801
1.78558 5.24716
1.68095 5.08978
1.50475 7.09553
1.43472 7.40465
1.35368 5.12879
1.29957 6.74361
1.25127 7.6066
1.1546 5.08925
1.05579 7.65036
1.02735 8.17205
1.00751 8.90389
0.987338 7.66402
0.929128 5.89434
0.887582 7.60611
0.871209 8.54795
0.856492 7.30829
0.846419 7.36934
0.843097 8.75689
0.831053 6.60317
0.797765 8.70999
0.792403 6.19741
0.753133 7.67477
0.701482 8.62307
0.671082 8.25669
0.652866 6.03483
0.643774 7.69998
0.636403 9.49258
0.625166 7.60092
0.583993 8.38576
0.566066 7.60964
0.546446 6.27794
0.503397 8.49581
0.482294 9.50957
0.46942 7.38534
0.464564 6.79089
0.438115 6.68402
0.406424 9.6495
0.370643 8.34747
0.362664 8.13238
0.354097 6.5028
0.256772 6.57226
0.244091 8.74408
0.231047 6.95953
0.213797 9.34975
0.209372 8.20678
0.188897 9.57655
0.149902 7.61716
0.134939 7.03127
0.116887 8.62267
0.0913055 8.58523
0.0741902 9.95945
0.0722803 11.0539
0.0591178 9.49351
0.0499245 9.6546
0.040745 9.05798
0.0358268 7.92935
0.0289924 9.5344
0.0245831 9.65385
0.0225262 8.13293
0.0212022 11.9109
0.0168143 9.37261
0 1 0 0 0 
0.74193 0 0 0 0.25807 
0.408429 0.200509 0 0.391062 0 
0 0.316556 0.585796 0 0.0976481 
0.284266 0 0.406547 0.309187 0 
0.255403 0 0.323307 0.42129 0 
0.105079 0.440723 0.26056 0.079804 0.113834 
0 0.485443 0 0.2885 0.226056 
0 0.46874 0 0.53126 0 
0.456535 0.258664 0.10284 0.181962 0 
0.336101 0 0.171047 0 0.492852 
0 0 0.183837 0.406073 0.410089 
0 0 0.387238 0.255127 0.357635 
0.236482 0.229768 0 0.371337 0.162413 
0.399044 0 0.203188 0 0.397768 
0 0 0 0.597447 0.402553 
0 0.239608 0.760392 0 0 
0.256583 0 0 0.272499 0.470919 
0.215217 0.405214 0.152981 0.226587 0 
1 0 0 0 0 
0 0 0 0.637614 0.362386 
0 0.0708077 0.32546 0.319266 0.284466 
0 0.144455 0 0.855545 0 
0 0.360941 0.258946 0.328566 0.0515469 
0 0 0 1 0 
0 0.685482 0.314518 0 0 
0.107087 0.461936 0.430977 0 0 
0 0 0.238868 0 0.761132 
0 0.403088 0.254527 0.342386 0 
0 0.348587 0.269102 0.245217 0.137093 
0 0.45284 0.131686 0.183166 0.232308 
0.378426 0 0 0.621574 0 
0 0.374476 0.500265 0 0.125259 
0.678435 0 0.321565 0 0 
0 0 0 0.467054 0.532946 
0 0.207622 0.27709 0.336462 0.178826 
0 0 0.399211 0.0881739 0.512615 
0.213997 0.0386432 0.308178 0.12237 0.316811 
0 0 0.515509 0.484491 0 
0 0.689321 0.310679 0 0 
0.248417 0.261682 0.287655 0.202246 0 
0.550323 0 0 0.301237 0.14844 
0.632544 0.367456 0 0 0 
0.225509 0 0.275326 0.164795 0.33437 
0.46559 0.237602 0.206942 0 0.0898661 
0 0.433503 0.474775 0.0917222 0 
0 0.33783 0.396547 0.265623 0 
0.359739 0.640261 0 0 0 
0.25319 0.321382 0.0983579 0.252683 0.074387 
0.108789 0 0.242886 0.343311 0.305013 
0 0.0634681 0 0.500009 0.436522 
0.59031 0 0 0 0.40969 
0 0 0 0 1 
0.228023 0.261852 0.449571 0.0605537 0 
0 0.0938863 0.162011 0.317241 0.426861 
0.183848 0.250184 0.100243 0.187533 0.278192 
0.118112 0.221419 0.206579 0.259764 0.194127 
0 1 0 0 0 
0.269202 0.0936877 0.183185 0.271236 0.18269 
0 0.736134 0.263867 0 0 
0.260939 0.143531 0 0 0.595531 
0.565676 0 0 0 0.434324 
0.125875 0 0.203641 0 0.670483 
0 1 0 0 0 
0 0.200634 0 0 0.799366 
0 0 1 0 0 
0 0.287916 0.451361 0.260722 0 
0.710131 0 0 0 0.289869 
0.230183 0.181747 0 0 0.58807 
0 0 0.369988 0 0.630012 
0 0 0 1 0 
0.631161 0 0 0.368839 0 
0 0.693915 0 0 0.306085 
0 0.582055 0 0.245875 0.17207 
0 0.592594 0.287633 0 0.119773 
0 1 0 0 0 
0.255477 0.367022 0.270125 0.107375 0 
0.274298 0.412207 0.21356 0.099934 0 
0.631821 0.0915923 0 0.276587 0 
0 0.668751 0 0 0.331249 
0.126906 0.332279 0.540814 0 0 
0.142868 0 0 0.510081 0.34705 
0.354199 0 0.362915 0.282886 0 
0.536999 0.100826 0.158048 0.204126 0 
0.187665 0 0.497809 0.314526 0 
0.116562 0.177323 0.423702 0 0.282412 
0 0.26026 0.32358 0.41616 0 
0 1 0 0 0 
0.262849 0.362082 0.375069 0 0 
0.316949 0.273697 0.139 0.270354 0 
0.232782 0.205343 0.136059 0.229702 0.196114 
0.14483 0.228938 0 0.626232 0 
0.36284 0.309321 0 0.0513737 0.276465 
0 0 1 0 0 
0 0.518699 0.216171 0.26513 0 
1 0 0 0 0 
0 0.247744 0 0.476966 0.27529 
0 0.528145 0 0.471855 0 
0.239306 0.484042 0.276652 0 0 
0 0.311459 0 0.285933 0.402608 
0.360589 0.250282 0.100546 0.102379 0.186204 
0 0.257155 0.438933 0 0.303912 
0.068344 0.30797 0 0.229505 0.394181 
0 0.255612 0.23385 0.23556 0.274978 
0.162258 0.120265 0.172386 0.276618 0.268473 
0 0 0 0.101557 0.898443 
0 0 0.380681 0 0.619319 
0 0.110286 0.381422 0 0.508292 
0.365449 0 0 0 0.634551 
0.242099 0.281227 0 0.2979 0.178774 
0 0.349574 0.280189 0 0.370237 
0 1 0 0 0 
0.349479 0 0.313683 0 0.336838 
0.196807 0 0.480986 0 0.322207 
0.562102 0 0.158161 0.0781807 0.201557 
1 0 0 0 0 
0 0.121647 0.451489 0 0.426863 
0.461521 0.270091 0 0.197336 0.071051 
0 0.1145 0.8855 0 0 
0.14086 0.241238 0.126461 0.293747 0.197694 
0.299301 0.482938 0 0.217761 0 
0 0.24165 0.161532 0.210505 0.386313 
0 0.056005 0.24797 0.336561 0.359464 
0 0 0.450517 0.106206 0.443277 
0.386173 0 0.232894 0.246063 0.13487 
0.204827 0 0 0.35021 0.444963 
0.447087 0.189808 0.288839 0 0.0742658 
0 0 0 0.499337 0.500663 
0.468188 0.386186 0 0.145626 0 
0.134287 0 0.865713 0 0 
0.260446 0.122906 0.244577 0.332473 0.0395984 
0 0.306038 0.693962 0 0 
0.335641 0.109236 0 0.245279 0.309845 
0.239164 0.204354 0.1675 0.388981 0 
0.205418 0.0653829 0.233081 0.264173 0.231945 
0.389224 0.384498 0.066917 0.159362 0 
0 0.660041 0 0.339959 0 
0 0.415827 0.392868 0.191305 0 
0.111358 0.165543 0.306034 0.183848 0.233218 
0 0 0 0.44263 0.55737 
0.544253 0 0 0.332608 0.123139 
0.17752 0 0.300391 0.226744 0.295345 
0 0 0.699623 0.300377 0 
0 0.1135 0.340614 0.225022 0.320864 
0 0 0 0.292591 0.707409 
0.322077 0.359009 0.198874 0.12004 0 
0.331265 0.432116 0.236619 0 0 
0 0.41276 0 0.416339 0.170901 
0.165022 0.0828473 0.31053 0.229254 0.212346 
0.30077 0.119183 0.285452 0 0.294595 
