5 200
0.668531
0.353351
0.625881
0.42658
0.621471
11.1453 0.157435
10.738 0.6429
10.0674 0.490855
9.96859 1.01393
9.43897 0.664826
9.25275 0.671863
9.23484 0.329732
9.17201 0.424308
9.07182 1.03996
9.03729 1.01964
8.64 1.57885
8.5886 0.889834
8.48793 1.24498
8.38346 0.853275
8.20427 1.04127
7.97509 1.27844
7.97509 0.951627
7.95891 0.892129
7.91556 1.4518
7.66201 0.982436
7.58902 0.466246
7.54481 1.54412
7.43638 0.925658
7.35392 1.67997
7.22604 1.46085
7.20568 2.16768
7.18756 0.9834
7.1767 0.638033
7.15586 0.556945
7.14555 0.323382
7.06398 1.75539
6.91622 2.21776
6.71477 1.58045
6.44729 2.81246
6.3509 2.18433
6.33559 1.93477
6.28651 1.88999
6.26839 1.10014
6.24773 0.87043
6.19896 1.6305
6.17794 1.63362
6.11971 2.15677
6.07971 1.02281
6.04938 2.18921
5.9785 2.5014
5.94158 2.16324
5.93989 1.43287
5.86164 1.7248
5.84529 1.62425
5.75673 2.26508
5.71937 1.70881
5.69841 2.72069
5.60106 2.25875
5.48324 2.84566
5.43356 2.04094
5.40041 1.70791
5.36924 3.48593
5.32636 2.9373
5.27521 1.5419
5.17252 1.96856
5.1506 3.85908
5.11825 2.89416
5.11135 2.00429
5.06321 2.79266
5.04908 2.28628
5.03626 2.20434
4.89869 2.75305
4.8467 2.05831
4.82129 2.89317
4.78408 2.50065
4.76653 2.96327
4.7615 2.81823
4.56665 3.74587
4.51972 3.96728
4.25252 3.18789
4.22742 2.48666
4.09813 3.71863
4.06884 2.44255
3.93988 4.34034
3.88086 2.94814
3.83658 2.78746
3.74132 3.20315
3.71218 3.54993
3.69631 4.48924
3.66869 4.76204
3.42182 4.35161
3.40431 3.30228
3.341 4.14655
3.32824 4.30837
3.28037 5.04389
3.16565 4.58274
3.1117 4.18451
3.07605 3.35833
2.79983 4.99051
2.77827 5.58287
2.63366 5.70391
2.58061 5.36601
2.52237 4.53643
2.43009 6.56778
2.4024 3.53818
2.36462 3.71152
2.19939 5.51368
2.19166 5.58998
2.14712 5.90212
2.12497 4.67531
2.11147 4.48121
1.94282 4.87425
1.91546 7.28612
1.86603 7.0974
1.84648 5.56574
1.7951 6.20696
1.60099 7.86856
1.58398 5.77201
1.5836 6.56582
1.47374 4.91449
1.43835 7.09132
1.43631 6.79157
1.32626 6.53196
1.28167 4.73279
1.25962 7.44848
1.10657 5.80333
1.10078 7.27478
1.0954 5.50663
1.05942 7.07144
1.02865 7.14347
1.00734 5.12066
0.93102 6.85312
0.911861 8.24304
0.868499 7.43398
0.82974 9.11611
0.82812 5.59776
0.826074 5.32386
0.82236 5.67922
0.820052 8.19101
0.815968 8.50334
0.791677 8.74126
0.753957 7.25115
0.737001 6.65928
0.729978 5.94431
0.722749 9.31367
0.628608 8.45167
0.613791 5.49292
0.612178 5.71224
0.607965 9.03193
0.59902 7.11762
0.595537 7.33009
0.573429 8.86457
0.573167 6.89928
0.525367 5.71493
0.517218 8.91887
0.504323 5.96351
0.493245 9.06994
0.433701 6.62782
0.410749 7.79361
0.360643 8.06376
0.352816 9.23091
0.323255 7.46841
0.313229 9.49339
0.307724 8.62435
0.303024 8.98966
0.302378 8.8316
0.292512 9.04876
0.261318 7.35826
0.256665 8.96796
0.245226 6.96263
0.241917 9.72335
0.227215 8.63303
0.218237 6.87838
0.204146 10.1215
0.150203 9.45932
0.135777 9.90606
0.128792 8.71042
0.124929 11.1621
0.123891 9.71053
0.123499 8.28667
0.122239 10.1513
0.101427 9.89749
0.0953961 8.52305
0.0913143 6.73717
0.086226 8.54038
0.084882 10.1496
0.0765443 9.30387
0.0599912 8.99244
0.0494672 8.74546
0.0424995 7.95327
0.0345918 9.38727
0.034125 11.7438
0.0268178 11.2576
0.0236161 10.9049
0.0148612 11.2415
0.0145186 7.97682
0.0131815 7.34643
0.00973703 7.75501
0.00947756 10.0603
0.00716814 7.57885
0.00710478 9.79121
0.00603466 8.671
0.00354211 10.9683
0.00259632 7.46356
0.0014153 7.63685
0.0994082 0.213973 0.341945 0 0.344674 
0 0 0.48261 0.51739 0 
0 0 0 0 1 
0.237692 0.341259 0 0 0.421049 
0.100586 0.364958 0 0.0696287 0.464827 
0.0735722 0.366163 0.146673 0.321262 0.092329 
0 0.364352 0.224857 0 0.410791 
0.397396 0 0 0.435857 0.166747 
0 0.574975 0 0 0.425025 
1 0 0 0 0 
0.328887 0 0.152369 0.263471 0.255273 
0.067963 0.233708 0.234637 0.216983 0.24671 
0 0.419964 0.0748975 0 0.505138 
0 0.410089 0.438209 0 0.151702 
0.353021 0.15248 0.4945 0 0 
0.40322 0.339662 0 0.257118 0 
0 0.141457 0.256505 0.602037 0 
0.187601 0.0825202 0.451281 0.278598 0 
0.189757 0 0 0.810243 0 
0.444905 0 0 0.555095 0 
0.510158 0 0 0.489842 0 
0.235909 0.282647 0 0 0.481445 
0.08744 0.501958 0 0 0.410602 
0.658146 0 0.164009 0 0.177846 
0 0.0813195 0.332379 0.258957 0.327345 
0.189933 0.325519 0 0.245617 0.238932 
0.344192 0.0990294 0.147786 0.354534 0.0544586 
0.31692 0.197943 0 0.301993 0.183144 
0.0587342 0 0.184571 0.442092 0.314603 
0 0 0.578712 0 0.421288 
0 0 0.460486 0.15429 0.385224 
0.0864769 0.286081 0.0784113 0.275518 0.273513 
0 0.290261 0.343791 0.365948 0 
0 0.727123 0.272877 0 0 
0 0.346469 0.374059 0.279471 0 
0.215344 0.0917565 0.495225 0.197675 0 
0.222388 0 0.583806 0.193806 0 
0 0 1 0 0 
0.346272 0.439314 0 0 0.214414 
0.50959 0.0753581 0 0.415052 0 
0.639342 0.360658 0 0 0 
0.147372 0.218573 0.438167 0 0.195888 
0 0 0 1 0 
0.314935 0.685065 0 0 0 
1 0 0 0 0 
0.12708 0.255843 0.213262 0.269535 0.13428 
0 0.109245 0.492584 0.398171 0 
0 0.358205 0.641795 0 0 
0.444337 0.369855 0.185808 0 0 
0.109809 0.325677 0 0.206454 0.358059 
0.256761 0.130136 0.21845 0.0974953 0.297157 
0.30049 0.196301 0.0572981 0.3744 0.0715104 
0 0.622693 0 0 0.377307 
0.144878 0.0891942 0.325967 0 0.439962 
0.465491 0.414196 0 0.120312 0 
0.327086 0.102574 0.4143 0.15604 0 
0.218475 0.395363 0.0968681 0.289294 0 
0.382228 0 0.458353 0 0.159419 
0.341303 0.132634 0.19314 0 0.332924 
0.204634 0.36385 0.431516 0 0 
0 0.415219 0 0.277998 0.306783 
0.291018 0.220043 0 0.303862 0.185077 
0 0.222602 0.290319 0.2738 0.213279 
0 0.355625 0.644375 0 0 
0 0 0.824088 0.175912 0 
0.0686604 0 0.39167 0.169155 0.370514 
0.140663 0.0954968 0.137852 0.202028 0.42396 
0.371597 0.167247 0.270342 0 0.190814 
0 0.402159 0.369277 0.228565 0 
0 0.374415 0 0 0.625585 
0 0.283588 0 0.329751 0.386661 
0.118227 0.375208 0 0.506566 0 
0.151218 0 0 0.277255 0.571527 
0.452808 0 0.486155 0 0.0610371 
0 0 0.735933 0.264067 0 
0.301479 0.47459 0.101405 0.122526 0 
0.114157 0.276237 0 0.0784389 0.531167 
0 0.280193 0.401063 0.318744 0 
0 0 0 0.529886 0.470114 
0.182213 0.229587 0.268172 0 0.320028 
0 0.210518 0 0.789482 0 
0.221991 0.318004 0 0.252997 0.207007 
0.148882 0.410481 0 0.379628 0.0610089 
0.286401 0.277002 0 0.206262 0.230336 
0 0.261568 0.446709 0 0.291723 
0.191448 0 0.574001 0.234551 0 
0.308947 0.230539 0 0.211601 0.248913 
0 0 0.270185 0.569621 0.160195 
1 0 0 0 0 
0.30374 0.100144 0.0971673 0 0.498949 
0 0.230235 0.379522 0.390243 0 
0 0.295706 0.248017 0.138644 0.317633 
0.0891438 0.271986 0.314993 0 0.323877 
0.266486 0 0.306457 0 0.427057 
0 0 0 1 0 
0 0.167459 0.347323 0 0.485219 
0.241532 0 0 0.491657 0.266811 
0.368543 0 0.374493 0 0.256965 
0.396561 0 0.222408 0 0.381031 
0 0 0 0.772306 0.227694 
0.580545 0 0.195433 0.224022 0 
0 0.275822 0.39265 0.331528 0 
0 0.217149 0.436313 0.346538 0 
1 0 0 0 0 
0 0 0.233798 0.497536 0.268666 
0.319475 0.563487 0 0 0.117038 
0.405221 0 0.221231 0 0.373549 
0 0 0 0.765676 0.234324 
0.272231 0.303666 0 0.273439 0.150664 
0.294845 0 0.491465 0 0.21369 
0.549373 0.27399 0 0 0.176637 
0.346019 0.266707 0 0.387274 0 
0.289801 0 0.113805 0.102228 0.494166 
0 0.0692799 0.322756 0.415939 0.192025 
0.121347 0 0 0.155575 0.723078 
0 0.405868 0.594132 0 0 
0.376955 0 0 0.623045 0 
0.286212 0.259105 0.270739 0 0.183944 
0.240395 0 0.493377 0 0.266228 
0 0 0 0.511407 0.488593 
0 0.291626 0.243868 0.394518 0.0699885 
0 0.459622 0.540378 0 0 
0 0.321253 0 0.272759 0.405987 
0 0 0.441662 0 0.558338 
0 0 0 0 1 
0.365097 0 0.147823 0.48708 0 
0.281084 0 0.582639 0.136277 0 
0 0.168304 0.221599 0 0.610096 
0.223352 0 0 0.776648 0 
0 1 0 0 0 
0.205249 0.372095 0.347101 0.0755551 0 
0.249087 0.107328 0.251483 0.164201 0.227901 
0.0692115 0.215666 0.133436 0.27872 0.302965 
0 0.329906 0 0 0.670094 
0.147866 0 0.511368 0 0.340766 
0.196099 0 0.148381 0.65552 0 
0.246351 0 0.550312 0 0.203337 
0.842905 0 0.157095 0 0 
0.247825 0.297186 0.317808 0.0960918 0.04109 
0.389069 0 0 0.397603 0.213328 
0.249368 0 0.248667 0.270915 0.231051 
0.183992 0.174896 0.276073 0.0759611 0.289077 
0 0 0 1 0 
0.474093 0.246256 0 0.279651 0 
0.434809 0.565191 0 0 0 
1 0 0 0 0 
0.136663 0.494547 0.166355 0 0.202435 
0.468214 0 0.301679 0.230107 0 
0.298743 0 0.43312 0.268138 0 
0.294135 0 0.274332 0.190023 0.24151 
0 0.190154 0.194304 0.111214 0.504328 
0.153366 0 0.346464 0.329475 0.170695 
0.350282 0 0 0.649718 0 
1 0 0 0 0 
0 0 0 1 0 
0.277545 0 0.374921 0.0922444 0.25529 
0.200813 0 0.102343 0.696844 0 
0.129781 0.35759 0.143577 0.119222 0.24983 
0.0994208 0 0.490966 0 0.409613 
0 0.600789 0 0 0.399211 
0 0.595657 0 0.404343 0 
0 0 0.579396 0.420604 0 
0.187876 0.422394 0 0.22263 0.167101 
0 0.722255 0 0 0.277745 
0 1 0 0 0 
0 0 0.521473 0.478527 0 
0 0.145346 0.210643 0.644011 0 
0.0743738 0.259851 0.0588884 0.317257 0.28963 
0 0.537928 0.462072 0 0 
0.310695 0.23224 0.147681 0.309384 0 
0.182082 0.186262 0 0.373471 0.258184 
0 0.29873 0.288597 0.191611 0.221062 
0 0 0 0 1 
0.385414 0.198513 0.297905 0 0.118168 
0 0 0.25102 0.374847 0.374133 
0.477638 0.307671 0.147794 0 0.0668967 
0 0.262306 0.401502 0 0.336192 
0.61591 0.384089 0 0 0 
0.155166 0 0.186254 0.419696 0.238884 
0 0.616054 0 0 0.383946 
0.137526 0.765581 0.0968934 0 0 
0 0 0.329279 0 0.670721 
0.264204 0.145006 0.284728 0.306062 0 
0 0 0 0 1 
1 0 0 0 0 
0.258264 0.302726 0 0.255353 0.183657 
0 0.245347 0.33737 0.417283 0 
0.343173 0.300808 0 0.356019 0 
0 0 1 0 0 
0.112228 0.346925 0 0 0.540846 
0 0 0.172324 0.294428 0.533248 
0 0 0 0.688168 0.311832 
0 0.10427 0.477524 0.418206 0 
0.129524 0.263698 0 0.186581 0.420197 
0 0 1 0 0 
0.422273 0.462748 0 0.0602061 0.0547725 
0.176018 0 0.823982 0 0 
0.234133 0.49105 0 0.274816 0 
0.307973 0 0.376517 0.31551 0 
0.266147 0 0 0.313731 0.420122 
