5 100
0.275575
0.342425
0.272797
0.508583
0.711486
11.9855 0.108497
10.4295 0.332396
9.57655 0.776427
9.40769 0.230282
8.72496 0.881451
8.0396 0.232495
7.99187 1.07613
7.90339 2.14192
7.88215 0.921809
7.3081 1.02193
7.15676 2.30479
7.1482 0.274953
7.00523 1.80987
6.87798 2.13838
6.77436 2.77389
6.64833 2.00783
6.6431 1.88605
6.59879 2.05123
6.4919 2.48821
6.47284 2.31551
6.32708 0.770625
6.14544 2.27859
5.66157 3.082
5.00311 2.95935
4.98777 3.23372
4.93939 2.89021
4.85426 3.7594
4.83925 3.4974
4.67528 3.15871
4.57519 3.1648
4.34039 2.50043
4.24881 4.33422
4.215 3.84461
4.09244 2.76908
3.90771 3.4046
3.88042 3.6936
3.77498 3.21858
3.77391 4.65021
3.4997 4.73826
3.4771 4.03322
3.41058 2.87753
3.3472 3.65838
3.27329 5.03396
3.19806 4.26253
3.15805 4.15509
3.04259 3.69103
2.96122 3.4186
2.95617 3.61172
2.93188 4.23515
2.90204 5.76868
2.87134 3.81009
2.62195 4.79738
2.5288 3.88587
2.45879 3.92727
2.43236 5.23837
2.41983 4.27146
2.40639 4.57575
2.27453 5.81734
2.24152 4.76491
2.22372 6.77596
2.14849 6.09551
1.86543 4.98783
1.79713 6.95584
1.67907 4.73909
1.53434 4.93155
1.51332 5.68073
1.49154 6.02707
1.31215 4.74537
1.29811 7.46957
1.17689 4.8038
1.06534 4.87806
1.06437 7.41628
0.960437 7.55087
0.82752 5.63012
0.732272 6.15048
0.693005 6.26188
0.683849 8.67379
0.627154 7.8867
0.524151 9.44268
0.499414 6.71652
0.495112 7.032
0.44276 7.86559
0.409541 7.61422
0.384225 9.98806
0.35793 9.06485
0.336664 7.13373
0.29303 8.95248
0.234562 7.38672
0.211018 6.76412
0.194391 8.90316
0.165375 10.2961
0.0899385 10.5339
0.0770949 9.20601
0.0769726 10.731
0.0688715 11.1906
0.0278104 9.65885
0.0251333 10.8246
0.00881817 7.97232
0.00803957 8.57752
0.00707819 11.0384
0 1 0 0 0 
1 0 0 0 0 
0 0 1 0 0 
0 0 0 0 1 
1 0 0 0 0 
1 0 0 0 0 
0 0 0 0 1 
1 0 0 0 0 
0 0 1 0 0 
0 1 0 0 0 
1 0 0 0 0 
0 0 0 1 0 
0 0 1 0 0 
0 0 0 0 1 
0 0 0 0 1 
0 0 1 0 0 
0 1 0 0 0 
1 0 0 0 0 
0 0 0 1 0 
0 0 0 0 1 
0 1 0 0 0 
0 1 0 0 0 
0 0 1 0 0 
0 0 1 0 0 
0 0 0 1 0 
1 0 0 0 0 
0 0 0 0 1 
1 0 0 0 0 
0 0 0 1 0 
1 0 0 0 0 
1 0 0 0 0 
0 0 0 1 0 
0 0 0 1 0 
0 0 0 0 1 
0 0 0 0 1 
0 0 0 1 0 
0 0 0 0 1 
1 0 0 0 0 
0 1 0 0 0 
0 0 0 0 1 
0 0 1 0 0 
0 0 0 0 1 
0 1 0 0 0 
1 0 0 0 0 
0 0 0 1 0 
0 0 1 0 0 
0 0 0 0 1 
0 0 1 0 0 
0 1 0 0 0 
0 0 0 1 0 
0 0 0 0 1 
0 1 0 0 0 
0 0 0 1 0 
0 0 0 1 0 
1 0 0 0 0 
0 0 0 1 0 
0 0 0 1 0 
0 0 1 0 0 
1 0 0 0 0 
1 0 0 0 0 
0 0 0 1 0 
0 0 0 0 1 
0 1 0 0 0 
0 0 0 0 1 
0 0 1 0 0 
0 0 1 0 0 
1 0 0 0 0 
0 0 0 0 1 
0 0 0 0 1 
0 1 0 0 0 
0 0 0 0 1 
0 0 1 0 0 
0 0 1 0 0 
0 1 0 0 0 
0 0 0 0 1 
0 0 0 0 1 
1 0 0 0 0 
1 0 0 0 0 
0 0 0 0 1 
0 0 1 0 0 
0 0 0 1 0 
0 1 0 0 0 
0 0 1 0 0 
0 0 0 0 1 
0 0 0 0 1 
1 0 0 0 0 
0 0 0 0 1 
1 0 0 0 0 
1 0 0 0 0 
1 0 0 0 0 
0 0 0 1 0 
0 0 0 0 1 
0 0 1 0 0 
0 0 1 0 0 
0 0 0 0 1 
1 0 0 0 0 
0 0 0 1 0 
1 0 0 0 0 
0 0 0 1 0 
0 1 0 0 0 
