5 200
0.522256
0.738021
0.574046
0.706542
0.36565
11.7928 0.149868
10.8642 0.489201
10.1893 0.534796
9.34832 0.145832
9.12439 0.48176
9.1242 1.57195
9.11747 0.321791
8.59126 0.361776
8.5832 1.19354
8.5128 0.269419
8.51229 1.33596
8.13589 1.87577
8.04606 0.450218
7.97302 1.32183
7.95396 1.0808
7.91627 1.95894
7.84105 1.55752
7.78423 1.86972
7.56982 0.68965
7.35922 0.747035
7.35654 1.54609
7.2981 1.39716
7.15561 1.06546
6.97585 0.948925
6.82967 1.15208
6.78484 0.620424
6.76805 1.82657
6.76772 2.10605
6.67347 2.44679
6.66911 0.926757
6.59208 0.852766
6.48516 2.35142
6.47465 3.13229
6.47394 2.15412
6.46123 2.3264
6.32067 0.998969
6.21673 1.46992
6.04655 1.80997
5.96381 1.98598
5.94904 1.61606
5.56421 1.29167
5.51549 2.84546
5.37033 2.09424
5.27713 2.93162
5.18137 2.32184
5.17823 1.97883
5.16868 2.91935
5.03073 2.96118
4.98593 3.89615
4.96559 3.04516
4.89573 2.63871
4.8748 3.54335
4.8259 3.51999
4.73106 2.07756
4.59138 3.75827
4.54362 2.52028
4.51783 2.72437
4.47947 3.90368
4.24057 2.57291
4.23382 3.73802
4.23257 2.89986
4.18614 3.67446
4.16803 3.22105
4.12298 2.48094
4.08903 3.20926
4.02017 3.08961
3.8302 3.12835
3.80867 3.46545
3.74256 3.44562
3.66774 3.5264
3.65753 4.35627
3.64528 3.77453
3.63162 4.21393
3.4981 4.30121
3.48238 2.52533
3.37655 4.56685
3.37086 4.09663
3.25071 4.49395
3.24316 3.57491
3.20485 2.96903
3.16328 4.63653
3.15893 3.58926
3.09624 3.09394
3.00336 3.21614
2.88567 5.15692
2.87665 4.50388
2.83966 4.31047
2.74519 3.54639
2.74213 3.60321
2.5999 3.70517
2.49952 4.17552
2.44608 4.3359
2.37056 6.34592
2.36132 5.90396
2.35089 6.16914
2.3198 6.09839
2.24235 5.15892
2.24084 4.68022
2.17288 5.13791
2.1441 5.68637
2.11112 5.29484
2.10808 4.58014
2.07742 5.76312
2.02009 4.62004
2.01428 6.16399
1.96709 6.23302
1.96615 5.03273
1.92729 5.15905
1.88064 6.67738
1.87544 4.4854
1.84217 6.47313
1.81023 5.9706
1.79336 4.33373
1.73932 4.3584
1.64786 6.0522
1.52595 5.34702
1.47596 5.38695
1.43601 5.72319
1.40298 4.90881
1.40169 5.28538
1.38823 6.9035
1.38591 7.55963
1.37258 5.80139
1.35099 7.32697
1.283 5.93522
1.23147 6.15281
1.10749 6.21713
1.10507 6.39257
1.10452 5.54802
1.09456 7.31613
1.09116 5.76827
1.05319 5.72048
0.898118 7.19899
0.862091 5.74635
0.859283 5.00582
0.851831 7.37264
0.826332 7.0765
0.815589 5.4893
0.810006 7.45029
0.807894 5.70257
0.774708 6.7395
0.751275 7.07116
0.740935 7.00959
0.71791 6.1963
0.703465 8.69747
0.690078 5.89074
0.645775 6.18353
0.642841 7.76153
0.627932 6.1699
0.589171 6.16394
0.550039 7.04016
0.528464 9.23115
0.490775 9.54941
0.49018 6.50839
0.469008 6.04754
0.464988 7.44569
0.453521 6.96182
0.433861 9.2083
0.398294 7.47547
0.387065 6.21499
0.381465 7.68075
0.376057 9.71944
0.367337 6.02475
0.365446 6.64794
0.357161 9.52436
0.339407 9.41683
0.304471 6.08843
0.292601 9.619
0.273015 8.98742
0.224548 7.3087
0.217448 7.97122
0.205378 8.96641
0.201185 9.16198
0.193491 7.04121
0.179419 6.75469
0.17843 9.47219
0.17455 9.8257
0.15915 9.16838
0.156192 9.54817
0.132124 6.56326
0.126237 8.81318
0.116015 7.11997
0.114366 9.66066
0.104797 10.3729
0.0980236 7.4098
0.0960049 8.63183
0.0938856 7.01137
0.0869177 8.07793
0.0784318 10.8495
0.0511035 8.71206
0.0437419 7.74464
0.0348006 10.6037
0.0243675 8.08922
0.0231608 9.05505
0.0121376 11.4023
0.00840313 8.80882
0.00693701 8.99334
0.00660343 11.9543
0.00376448 7.86
0.00137238 8.45038
0.520847 0.479153 0 0 0 
0 0 1 0 0 
0 1 0 0 0 
0 0 0 0 1 
1 0 0 0 0 
1 0 0 0 0 
0 0.288009 0 0.711991 0 
0 0 0 1 0 
0 0.352713 0.192086 0 0.4552 
0 0.277366 0 0.722634 0 
0 0 1 0 0 
0.308688 0 0 0 0.691312 
0 0 0 1 0 
1 0 0 0 0 
0 0 0.377635 0.622365 0 
1 0 0 0 0 
0 0.451869 0 0 0.548131 
0 0 0.278803 0.721197 0 
0.855904 0 0.144096 0 0 
0 0 0 0 1 
0 0 0 0 1 
0 0 0 0.512585 0.487415 
0 0.520321 0 0 0.479679 
0 0 0.391624 0.437473 0.170903 
0 0 0 1 0 
0 0 0 1 0 
0 0 0 0 1 
0 0 0 1 0 
0 0 0 0 1 
0 0 1 0 0 
0.515542 0.484458 0 0 0 
0 0 1 0 0 
0.512412 0.487588 0 0 0 
0 0.444124 0.555876 0 0 
0.589482 0 0 0.410518 0 
0 0 0 1 0 
0 1 0 0 0 
0 0 0.497211 0 0.502788 
0 0.254423 0 0.745577 0 
0 1 0 0 0 
0 0 0 1 0 
0 0 0 0 1 
1 0 0 0 0 
0.837718 0 0 0 0.162282 
0 0 0.659426 0 0.340574 
0 1 0 0 0 
0.488116 0 0 0 0.511884 
1 0 0 0 0 
0.545977 0 0 0 0.454023 
0.386188 0 0 0 0.613812 
0 0 1 0 0 
0 0 0 0 1 
0 0 0 1 0 
1 0 0 0 0 
1 0 0 0 0 
0 0.535669 0 0.397033 0.0672977 
0.41691 0 0.58309 0 0 
1 0 0 0 0 
0 0 1 0 0 
0 0.720235 0.279765 0 0 
0 0 0 0 1 
0.178029 0.23257 0.589402 0 0 
0 0 0 0.540666 0.459334 
0 0 1 0 0 
0 0 0 1 0 
0 0 0.528137 0.471863 0 
0 0 0 1 0 
0 0 0 0.55979 0.44021 
0 0 0.398496 0.345258 0.256245 
0.473054 0 0 0 0.526946 
1 0 0 0 0 
1 0 0 0 0 
0 0 0.626848 0.373152 0 
0 0 1 0 0 
0.413683 0.392156 0.0962057 0 0.0979547 
0 0 1 0 0 
0.366853 0 0 0.633147 0 
1 0 0 0 0 
0 0.388148 0 0 0.611852 
0.593006 0 0.406994 0 0 
0 0 1 0 0 
1 0 0 0 0 
0 0.703051 0 0.296949 0 
0 0.823326 0 0.176674 0 
1 0 0 0 0 
0 0 0 1 0 
0 0 1 0 0 
0 0 0 1 0 
0 0 1 0 0 
0 0 0 0 1 
0 0 0 0 1 
0 0 0 0 1 
1 0 0 0 0 
0.670647 0 0 0.329353 0 
0 0.600781 0 0.399219 0 
0.595164 0 0.404836 0 0 
0 0 1 0 0 
1 0 0 0 0 
0 0.798461 0 0.201539 0 
0.381842 0 0 0.618158 0 
0 0 0 1 0 
0 0 0 0 1 
0 0 1 0 0 
0.415691 0.584309 0 0 0 
0 0 1 0 0 
0 0 1 0 0 
0.685028 0 0 0.314972 0 
0 1 0 0 0 
0.378085 0 0 0 0.621915 
0 0.661422 0 0.338578 0 
0.586094 0 0.413906 0 0 
0 0 0 0 1 
0 0 1 0 0 
0 0 1 0 0 
0 1 0 0 0 
0.341276 0 0.239827 0.418896 0 
0 0.248215 0 0.751785 0 
0 0 1 0 0 
0 0 0 0 1 
1 0 0 0 0 
0 0.576084 0 0.423916 0 
0 1 0 0 0 
0 0.385001 0 0 0.614999 
0 0.466205 0 0 0.533795 
0.561024 0 0 0 0.438975 
1 0 0 0 0 
0 1 0 0 0 
0 0.783514 0 0.216486 0 
0 1 0 0 0 
0 0 1 0 0 
1 0 0 0 0 
1 0 0 0 0 
0 0 0 1 0 
1 0 0 0 0 
0 0 0 1 0 
0 0.588861 0 0 0.411139 
0 0 0 1 0 
0.138813 0.238131 0 0.49787 0.125187 
0 0.722373 0.277627 0 0 
0.465289 0 0 0.534711 0 
0 1 0 0 0 
0 0 0.305543 0.694457 0 
0.503917 0 0 0 0.496083 
0 0 0 1 0 
0 0 0 0.459424 0.540576 
0 0 0 1 0 
1 0 0 0 0 
0 0 0 0 1 
0 0 1 0 0 
0 0.227427 0 0 0.772573 
0.78718 0 0 0 0.21282 
0 0 1 0 0 
0 0 1 0 0 
0 0 0.223749 0.677364 0.0988867 
0 0 0 1 0 
1 0 0 0 0 
0 0 0 0 1 
0.269687 0 0 0.730313 0 
0 0.455247 0 0.544753 0 
0 1 0 0 0 
1 0 0 0 0 
0.279396 0 0 0 0.720604 
1 0 0 0 0 
1 0 0 0 0 
0 0 0 1 0 
0.372045 0 0 0.627955 0 
0.56566 0 0 0 0.43434 
0 0 0 1 0 
0 0.651297 0 0 0.348703 
0.894107 0 0 0 0.105893 
0 0.557417 0 0.442583 0 
0.371458 0 0 0 0.628542 
0 0.511464 0 0 0.488536 
0 0 0 1 0 
0 0 1 0 0 
1 0 0 0 0 
0 0.601586 0.398414 0 0 
1 0 0 0 0 
0 0.515608 0 0 0.484392 
0 0 1 0 0 
0.338954 0 0.661046 0 0 
0 0.49916 0 0 0.50084 
0.589424 0.410576 0 0 0 
0.426949 0.19429 0.37876 0 0 
0 0 1 0 0 
0 0 0 1 0 
0 0 0 0 1 
0.364195 0 0.635805 0 0 
1 0 0 0 0 
1 0 0 0 0 
0.225771 0 0.389208 0.38502 0 
0 0 0 1 0 
0 0 1 0 0 
0 1 0 0 0 
1 0 0 0 0 
0.528482 0 0 0.471518 0 
0 0 0 0 1 
0 0 0.48476 0.51524 0 
1 0 0 0 0 
0.422671 0 0 0.577329 0 
