5 100
0.472037
0.349246
0.555567
0.475242
0.69293
10.3507 0.61345
9.02292 1.26898
8.89373 0.989721
8.8122 1.06007
8.69845 1.38259
7.88826 0.56238
7.54113 1.16141
7.49656 1.42444
7.41557 2.49856
7.40289 2.00288
7.3844 1.7927
7.36946 0.74752
7.35905 2.09929
7.34367 1.54904
7.12743 1.68058
6.88985 1.62332
6.82154 0.81453
6.49986 1.57398
6.37492 3.06328
6.22493 1.81131
6.07024 2.33811
6.05614 1.56049
5.87041 2.23414
5.70296 1.62032
5.52288 3.22266
5.50867 1.8015
5.42506 1.92416
5.38701 1.96066
5.28379 2.63137
5.23399 3.85037
5.18329 2.9271
5.07319 2.7247
4.89537 3.86343
4.75349 3.98493
4.74721 3.80789
4.58191 3.44797
4.53073 2.86293
4.39479 2.97004
4.16419 2.07829
4.0169 4.41949
3.86137 3.57098
3.82372 3.82502
3.62582 2.53749
3.53675 4.84543
3.5334 3.91221
3.47711 3.55776
3.39702 4.61894
3.12413 3.95529
3.11529 4.15517
2.6062 4.6323
2.57781 4.4151
2.49747 5.46294
2.42368 4.58474
2.41331 4.78062
2.25352 4.48517
2.13473 6.93359
2.11391 5.08621
1.99784 5.04929
1.76598 6.64202
1.71101 4.48549
1.36583 4.5328
1.28517 6.73255
1.25792 6.58555
1.17505 6.61162
1.17394 5.65115
1.08136 6.93419
0.83968 8.28074
0.775027 7.26992
0.772352 7.57864
0.764581 5.74646
0.723035 6.32422
0.48499 5.72043
0.471574 7.89869
0.455799 6.76709
0.449614 7.29392
0.40696 7.25213
0.371646 6.36136
0.265333 8.82384
0.234112 9.28541
0.207102 8.79171
0.184847 7.58369
0.142495 8.08771
0.141591 10.0453
0.140641 7.18101
0.123597 8.82097
0.0923781 7.51524
0.0619235 7.7113
0.0559115 8.91869
0.0539881 7.35223
0.0492295 8.46875
0.0368186 11.6584
0.0314587 10.4657
0.0279474 10.2083
0.0237574 8.09908
0.0204453 11.8002
0.0145289 11.3424
0.00878734 8.98924
0.00213428 9.91973
0.00155865 11.1562
0.00095902 9.13045
0 0.387471 0 0.612529 0 
0 0 1 0 0 
0 0 0 1 0 
0 0 0 0.398312 0.601688 
0 0 0 1 0 
0 0 1 0 0 
0.33109 0 0 0.66891 0 
0 1 0 0 0 
0.586476 0 0 0.413524 0 
0 0 0.241308 0 0.758692 
0 0 1 0 0 
0 0 0 0 1 
1 0 0 0 0 
1 0 0 0 0 
0 0 0.234824 0.504412 0.260764 
1 0 0 0 0 
0 0 1 0 0 
0 0 0 0 1 
0 0 0 1 0 
0 0 0 0 1 
0 0 0 1 0 
0 0 0 0 1 
0 0.260171 0 0.739829 0 
0 0 1 0 0 
0 0.24531 0.347384 0.407305 0 
0 0.321551 0 0 0.678449 
0 0 0.778229 0 0.221771 
0 0 0 0 1 
0 0 0.322629 0 0.677371 
0 0 1 0 0 
0.760551 0 0.239449 0 0 
0 0 0 1 0 
0 0 0 1 0 
0 0 0 0 1 
0 0.895346 0.104654 0 0 
0 0 1 0 0 
0 0 0 0.249613 0.750387 
0 0 0.275005 0 0.724995 
0 0 0 0.310478 0.689522 
0 0 0.670577 0.329423 0 
0 0.576444 0 0 0.423556 
0 1 0 0 0 
0.413657 0 0.586343 0 0 
0 1 0 0 0 
0 0 0 1 0 
1 0 0 0 0 
0 0 0 0 1 
0 1 0 0 0 
1 0 0 0 0 
0 0 0 0 1 
0.443368 0 0.393993 0 0.162639 
0 0 0 1 0 
0 0 0 0 1 
0 0 0 1 0 
0 0.522845 0 0 0.477155 
0 1 0 0 0 
0 0 0.432439 0 0.567561 
0 0 0 0 1 
0 1 0 0 0 
0 0 0 0 1 
0 0 1 0 0 
0 0 0 0 1 
0 0 0 1 0 
0 0.115705 0 0.592904 0.291392 
0.632391 0 0 0 0.367609 
0 0 0 0 1 
0 0.768128 0.231872 0 0 
0.25452 0 0 0.74548 0 
0 0 1 0 0 
0 0 0 0 1 
0.462114 0 0 0.537886 0 
0 1 0 0 0 
0 1 0 0 0 
0 0.60858 0 0 0.39142 
0 0 1 0 0 
0 0 0 1 0 
0 0 1 0 0 
0 0 0.340173 0.659827 0 
0.431605 0 0.568395 0 0 
0 0 0 0 1 
0.249331 0 0.750669 0 0 
0 0 0.421335 0 0.578665 
0 0 1 0 0 
0 1 0 0 0 
0 0 0 1 0 
0 0 0 1 0 
1 0 0 0 0 
0 0 0 0.206846 0.793154 
0 0 0.332676 0 0.667324 
0 0 0.305044 0 0.694956 
0 0 0.69049 0 0.30951 
0 0 1 0 0 
0 0 0 0 1 
0 0.483314 0 0 0.516686 
0.340639 0 0.418472 0 0.24089 
0.120551 0.2252 0.441153 0.213096 0 
0 0.280872 0 0.216922 0.502206 
0 0.40351 0 0.59649 0 
0.466382 0 0 0.533618 0 
0 0 0 1 0 
