5 50
0.360736
0.538598
0.370106
0.286973
0.532357
11.3058 0.442803
10.8884 0.437461
10.5743 0.386739
8.97926 1.16833
8.47474 1.08263
7.61947 2.18167
7.41377 0.443397
7.39354 1.24598
7.3663 0.869832
6.98357 0.985248
6.25772 3.25644
6.22442 2.01548
6.18426 1.92817
5.75315 3.06385
5.6143 1.85314
5.52959 3.12749
4.1339 4.07994
4.12511 3.72027
3.6673 3.61945
3.38521 3.65315
3.24563 3.94549
3.24327 5.46435
2.90555 5.5782
2.84554 3.73733
2.69682 3.52352
2.40721 4.57857
2.16967 4.09317
1.98254 5.50789
1.72654 6.36107
1.55218 5.24979
1.50008 5.39515
1.34173 7.10703
1.29123 7.50184
0.784895 8.70522
0.779011 8.79196
0.710073 6.79482
0.705145 8.52563
0.618324 6.27249
0.52967 8.23345
0.341472 9.42182
0.284545 10.0254
0.265303 6.85755
0.219373 7.99556
0.132262 7.02672
0.113763 7.84823
0.0241866 11.0041
0.0237273 10.2646
0.0138938 10.9304
0.0133555 8.93381
0.00134762 8.49925
0 0 0 0 1 
0 0 0 1 0 
0 1 0 0 0 
0 0 1 0 0 
0 1 0 0 0 
0 1 0 0 0 
0 0 0 1 0 
0 0 1 0 0 
0 0 1 0 0 
0 1 0 0 0 
0 1 0 0 0 
0 0 1 0 0 
1 0 0 0 0 
0 0 0 0 1 
0 0 1 0 0 
1 0 0 0 0 
1 0 0 0 0 
0 0 0 0 0 
1 0 0 0 0 
0 0 0 0 1 
0 0 1 0 0 
0 0 0 0 1 
0 1 0 0 0 
0 0 1 0 0 
1 0 0 0 0 
0 0 0 1 0 
0 0 1 0 0 
0 1 0 0 0 
0 0 0 1 0 
0 0 0 0 1 
0 0 1 0 0 
0 0 0 0 1 
1 0 0 0 0 
0 0 0 1 0 
0 0 1 0 0 
0 1 0 0 0 
0 0 0 0 1 
1 0 0 0 0 
1 0 0 0 0 
0 0 1 0 0 
0 0 0 1 0 
0 0 0 1 0 
0 0 0 1 0 
0 1 0 0 0 
1 0 0 0 0 
0 0 0 1 0 
0 0 1 0 0 
0 1 0 0 0 
0 0 0 0 1 
0 0 1 0 0 
