5 200
0.311235
0.579127
0.683088
0.462577
0.657346
12.0119 0.137264
11.5775 0.432071
11.2823 0.511502
10.9447 0.319445
10.2586 0.819987
10.1897 0.819448
9.65899 0.203028
9.49175 0.768355
9.44298 1.10425
9.30651 0.685826
9.0844 1.05865
8.85368 1.07336
8.32563 0.629446
8.29521 0.984863
8.23331 0.937998
8.13888 0.768732
7.83627 1.27888
7.81918 1.25153
7.78833 0.442657
7.70053 0.167138
7.66739 0.176973
7.61127 1.36637
7.4197 1.85852
7.4178 0.375034
7.38079 2.00772
7.17945 1.42496
6.98443 1.39819
6.95191 1.47768
6.87814 0.91996
6.79088 0.770656
6.53931 1.21881
6.46942 1.65844
6.3683 1.82333
6.30046 2.72203
6.27059 1.85467
6.21544 1.78723
6.09081 2.00166
6.0577 2.72556
5.95827 3.57371
5.80764 3.39546
5.79374 2.46807
5.61062 2.39491
5.59637 2.59854
5.54308 2.47912
5.51132 3.33385
5.39312 3.86496
5.37844 2.45885
5.33099 1.19744
5.21172 1.44334
5.18607 1.974
5.13225 3.83982
5.07091 3.9919
5.03635 2.91739
4.94794 3.1463
4.87927 3.00682
4.79204 2.40942
4.77186 2.50244
4.73481 2.72129
4.62868 4.37257
4.60273 4.30716
4.47177 3.78374
4.36356 2.64689
4.26766 3.48735
4.21158 3.60699
4.1544 3.16666
4.13641 3.38763
4.12505 2.78473
4.1099 4.22341
4.09755 2.99539
4.0554 3.03823
4.02814 3.42369
3.92012 4.91396
3.91299 2.70028
3.80965 4.98942
3.7622 3.15019
3.65235 3.28236
3.64504 4.71062
3.63252 3.64773
3.61102 4.64229
3.58695 3.89622
3.5393 4.56361
3.51733 4.65913
3.47201 4.13934
3.46199 4.10408
3.42258 2.74105
3.42127 2.87733
3.38773 5.21735
3.31892 4.37238
3.29699 4.06873
3.27756 4.74318
3.21374 5.3538
3.21258 4.13248
3.17249 4.40166
3.17088 4.57052
3.17024 3.2986
3.15232 4.32885
3.11963 3.07797
3.10541 5.03938
3.08086 4.05225
2.97965 5.01306
2.87258 3.84374
2.86379 5.07319
2.80578 3.8415
2.78629 4.24746
2.66932 3.51003
2.62752 4.13636
2.51047 4.7347
2.47064 5.70204
2.39825 6.90398
2.37128 5.68418
2.28656 5.44001
2.17728 5.97754
2.1291 3.72967
2.09517 6.47785
2.02156 4.81427
1.99002 5.40875
1.95937 5.32624
1.94838 5.04613
1.90383 4.66331
1.87798 4.42056
1.83755 4.97087
1.78954 6.75254
1.71297 4.61239
1.70292 5.8763
1.63607 5.60696
1.47757 5.8111
1.34602 6.04954
1.27512 7.01968
1.25058 6.41412
1.24286 5.4882
1.2087 6.03264
1.16788 6.69223
1.14316 5.00095
1.1362 5.33074
1.11291 6.81644
1.11216 5.42471
1.10571 6.48895
1.09517 8.60245
1.08049 6.49683
1.04018 5.72978
1.02365 5.03449
1.00366 7.89646
0.99281 7.78387
0.967851 5.45915
0.953033 5.31918
0.8876 5.83639
0.859186 7.56659
0.818256 6.5717
0.800449 6.71795
0.714412 6.20351
0.712507 7.05728
0.682937 6.62251
0.664173 6.75626
0.646577 6.25204
0.628099 6.5241
0.623258 8.812
0.620539 7.83023
0.49571 7.78321
0.495083 7.21228
0.485393 8.76483
0.481844 6.87101
0.475562 7.69639
0.373484 7.39326
0.338732 7.70189
0.309277 7.98634
0.306546 7.04967
0.231476 10.1667
0.194879 10.4188
0.187994 9.73581
0.184321 9.30769
0.183173 7.86897
0.177793 6.58069
0.168902 6.62274
0.163445 10.3726
0.159071 9.14427
0.137814 10.3936
0.137553 10.0548
0.134491 9.33929
0.115641 10.715
0.112429 10.91
0.111039 10.2621
0.102103 10.0469
0.0876631 8.04263
0.0872756 10.3632
0.0799601 9.06167
0.0741473 8.77306
0.072887 8.53975
0.0601589 10.8428
0.0563589 8.9347
0.0559789 7.91802
0.0365091 8.56943
0.0282612 10.877
0.0196331 9.52445
0.0177182 8.23198
0.0175097 9.54404
0.0168536 11.1525
0.0087937 7.86955
0.00536012 10.7937
0.00147154 8.11361
0.0011278 8.25271
1 0 0 0 0 
0 0 1 0 0 
0 0.325935 0.192968 0 0.481097 
0 1 0 0 0 
0.285645 0 0 0.714355 0 
0.350998 0 0 0.212029 0.436973 
1 0 0 0 0 
0 1 0 0 0 
0 0.345291 0.333138 0.321571 0 
0 0 0.577681 0.422319 0 
0 0 0.485684 0.514316 0 
0 0 1 0 0 
0.475183 0 0.524817 0 0 
0 0 0 0.639755 0.360245 
0 0.278232 0.721768 0 0 
0.229147 0 0.770853 0 0 
0 0 0 1 0 
0.354479 0.204681 0 0.44084 0 
0.523897 0 0 0.476103 0 
1 0 0 0 0 
0 0.775527 0 0.224473 0 
0 0.510948 0 0.205303 0.283749 
0.280895 0 0 0.0848046 0.6343 
0.262884 0 0.35614 0 0.380975 
0.262704 0 0 0.37393 0.363366 
1 0 0 0 0 
0 0 0.529289 0.148178 0.322533 
1 0 0 0 0 
0 0 1 0 0 
0 0 0.169183 0.830817 0 
0 0.40743 0 0.367883 0.224687 
0 0 0 0 1 
0 1 0 0 0 
0 0.686426 0.313574 0 0 
0.547502 0.452498 0 0 0 
0 0.617421 0 0 0.382579 
0.631354 0 0 0 0.368646 
0.369028 0 0 0.347982 0.28299 
0 1 0 0 0 
0.675046 0 0 0.324954 0 
0 1 0 0 0 
0 0 0.517511 0 0.482489 
0 0 0 0.286447 0.713553 
0 0.215365 0.521815 0 0.26282 
0.634467 0.365533 0 0 0 
0 1 0 0 0 
0 0 0.838057 0.161943 0 
0 0.68842 0 0 0.31158 
0 0 0.433072 0 0.566928 
0.236474 0 0.763526 0 0 
0.259433 0.37388 0.161798 0.141914 0.0629754 
0.318471 0.139288 0 0 0.542241 
0.33238 0.31008 0.35754 0 0 
1 0 0 0 0 
0.419509 0.239519 0.340972 0 0 
0 1 0 0 0 
0.213509 0.249982 0.220676 0.315833 0 
0.124523 0 0 0.749648 0.12583 
0 0 0 1 0 
0.34667 0.37829 0.27504 0 0 
0.333803 0.666197 0 0 0 
0 0.410926 0 0.589074 0 
1 0 0 0 0 
0.391902 0.608098 0 0 0 
0 1 0 0 0 
0.311924 0.275919 0.0476137 0 0.364543 
0 1 0 0 0 
0 0 0 0 1 
0 0 0 1 0 
0 0 1 0 0 
0 0.384936 0 0.615064 0 
0.553975 0.446024 0 0 0 
0 0.299078 0.368118 0 0.332804 
0 0.200244 0 0 0.799756 
0 0 0.567606 0 0.432394 
0 0.28763 0.20995 0 0.50242 
0 0.272315 0 0.617901 0.109784 
0 0 0.276102 0 0.723898 
0 0 1 0 0 
0 0.0846294 0.395994 0 0.519377 
0 0 0 0.821986 0.178014 
0.671742 0 0.328258 0 0 
0 0 0 0.831869 0.168132 
0 0.829094 0 0.170906 0 
0 0 0 0 1 
0 0.221865 0.443866 0 0.334269 
0.390677 0.319721 0 0 0.289602 
0 0.215811 0.391289 0.3929 0 
0 0.26104 0.273272 0 0.465688 
0 0 0 1 0 
0.50479 0.242397 0 0.252813 0 
0 0.445005 0 0.292984 0.262011 
0.434427 0 0.162656 0.402918 0 
0 0.771566 0.114785 0 0.113649 
0.356978 0 0.365358 0 0.277664 
0.257066 0.140201 0.505077 0 0.0976551 
1 0 0 0 0 
0 0 0 0.445134 0.554866 
0.103297 0 0.426016 0.470687 0 
0 0 0 1 0 
0.443128 0.556872 0 0 0 
1 0 0 0 0 
0.345051 0 0.52969 0.12526 0 
0 0 0.474696 0.525304 0 
0 0 0.717718 0.282282 0 
0.117151 0 0.143592 0.739258 0 
0 0 1 0 0 
1 0 0 0 0 
0.802503 0 0 0 0.197497 
0.711262 0 0 0 0.288738 
0 1 0 0 0 
0.139331 0.222491 0 0 0.638178 
0.231607 0.0870805 0 0.681313 0 
0 0 0.176989 0 0.823011 
0 0 0 0 1 
1 0 0 0 0 
0 0 1 0 0 
0.718905 0 0 0.142092 0.139004 
0 0 1 0 0 
0 0.406466 0 0 0.593534 
0 0 0 0 1 
0.654524 0 0 0 0.345476 
0 0 1 0 0 
0 0 0 0 1 
0 1 0 0 0 
0.213567 0 0 0.63708 0.149353 
0 0 1 0 0 
0 0 0 0 1 
0 0.481831 0 0.518169 0 
0 0 0.632076 0.367924 0 
0 0 0.307853 0.430673 0.261474 
0 0 0.471572 0 0.528428 
0.508004 0 0 0.491996 0 
0 0.182954 0.817046 0 0 
0.357385 0.642615 0 0 0 
0 0 1 0 0 
0 0 0.456677 0 0.543323 
1 0 0 0 0 
0 0 1 0 0 
0.745177 0.254823 0 0 0 
0 0.406971 0 0.260167 0.332862 
0.408017 0 0 0.591983 0 
1 0 0 0 0 
0 0 0.745001 0 0.254999 
0.535056 0 0.464944 0 0 
0.310162 0.229949 0 0.459888 0 
0 0 0 0 1 
0.502489 0 0 0.134084 0.363427 
1 0 0 0 0 
0 0 0 1 0 
0.531868 0.468132 0 0 0 
0.341897 0 0 0 0.658103 
0 1 0 0 0 
0 1 0 0 0 
0 0 0 0.725987 0.274013 
0.188949 0.360257 0.450794 0 0 
0 0.171857 0 0.517263 0.31088 
0 0.853964 0.146036 0 0 
0 0 1 0 0 
0.517196 0 0.482804 0 0 
0 0 0 0.438948 0.561052 
0.203239 0 0.796761 0 0 
0 0 0 0 1 
0.257136 0 0.424494 0 0.31837 
0 0.522561 0 0 0.477439 
0 0 0.0768974 0.557579 0.365523 
0.252058 0.317979 0 0.429963 0 
0 1 0 0 0 
0.386059 0.0877304 0 0.526211 0 
0.796562 0 0 0.203438 0 
0 0.220253 0.324998 0 0.454748 
0 0.410446 0 0 0.589554 
0.345247 0 0.654753 0 0 
0 0.216663 0 0 0.783337 
1 0 0 0 0 
0 0 0 0 1 
1 0 0 0 0 
0 1 0 0 0 
0 0 0.311243 0 0.688757 
0 0 0 0.501842 0.498158 
0 0 0 1 0 
0 0.185664 0 0 0.814336 
0.467429 0 0 0.53257 0 
0.575566 0 0.424434 0 0 
0 1 0 0 0 
0.239688 0 0 0 0.760312 
0.0588101 0.126531 0.264729 0.294307 0.255622 
0 0.425807 0.574193 0 0 
0.152247 0 0.402677 0.445076 0 
0.639329 0 0 0 0.360671 
0.236882 0.215707 0.137165 0.204731 0.205515 
0 0 0 1 0 
0.459135 0 0 0.42941 0.111455 
0 0 0.402657 0 0.597343 
0 0 0 0 1 
0.409409 0 0 0 0.590591 
0 0.452913 0.261727 0 0.28536 
0 0 1 0 0 
0.251637 0 0.748362 0 0 
0 0 0 0 1 
