5 100
0.644604
0.544794
0.50988
0.447409
0.397008
10.8911 0.547636
10.5685 0.318895
10.0257 0.184202
9.57601 0.824049
9.31093 0.465316
8.60792 0.622294
8.50978 1.4923
8.37026 0.726191
8.09797 0.157541
7.82491 1.46301
7.33067 0.147312
7.24788 1.32017
7.20343 1.62324
7.19553 2.38983
6.71291 2.54898
6.64862 0.87295
6.56341 1.66478
6.41538 2.09867
6.29858 2.56046
6.00261 2.21004
5.93527 3.50482
5.85412 2.79633
5.7454 1.27834
5.72254 3.03789
5.64128 3.23669
5.58503 2.69592
5.43434 2.43257
5.3871 2.75557
5.08358 3.8414
4.80738 3.07144
4.79862 3.16783
4.5992 3.82609
4.4891 2.3973
4.3892 2.66868
4.34875 3.80626
4.23449 3.82825
4.23259 2.10181
4.23153 2.54758
4.07371 3.14001
3.95565 3.66499
3.67087 4.88634
3.58024 3.52239
3.5792 3.0946
3.57481 3.52365
3.54343 3.45054
3.42113 3.43942
3.41907 3.59012
3.38748 3.13571
3.21981 3.71556
3.1935 3.81401
3.09171 4.00762
2.91342 4.31338
2.82736 4.32248
2.79927 4.09211
2.73346 5.81713
2.51301 4.75819
2.45692 5.72662
2.27439 4.34224
2.20762 5.28949
2.13288 4.65101
2.00281 4.89894
1.83737 5.20406
1.72438 5.79038
1.5685 7.38577
1.44684 6.51352
1.36214 6.61163
1.30722 4.70747
1.29416 5.80885
1.10592 7.79506
0.926291 7.4352
0.8529 5.49269
0.845594 6.9832
0.797713 6.68679
0.668463 5.77372
0.550986 8.51994
0.541806 8.862
0.44028 9.08049
0.421674 6.30727
0.419865 7.40651
0.341576 8.40216
0.333223 7.27408
0.289921 6.17074
0.282904 9.15935
0.211916 9.75108
0.208526 8.39404
0.207049 7.40146
0.197421 7.21798
0.169802 10.005
0.164287 9.23411
0.151158 10.3369
0.119039 8.76992
0.0673733 9.59808
0.0550393 10.8081
0.0412825 7.33684
0.0255506 9.28484
0.0184747 8.4257
0.0117737 10.5607
0.00813588 8.65914
0.00755591 9.15197
0.00137479 8.61377
0 0 0.538555 0.114966 0.34648 
0 1 0 0 0 
0 0.355585 0 0 0.644415 
1 0 0 0 0 
0 0 0 0 1 
0.352039 0 0.348127 0 0.299835 
0 0.710558 0 0 0.289442 
0 0 0 1 0 
0 0 0 1 0 
0 0 0 1 0 
0 1 0 0 0 
0.249223 0 0 0.750777 0 
0.814603 0 0.185397 0 0 
0.86363 0 0 0 0.13637 
1 0 0 0 0 
0.640162 0.359838 0 0 0 
0 0 0 1 0 
0 0 0.409222 0.590778 0 
0 0.323486 0.180135 0.49638 0 
0.383647 0 0 0 0.616353 
0 0 0.453407 0 0.546593 
0.15559 0.680816 0 0 0.163594 
0 0 0 0 1 
0 0 1 0 0 
1 0 0 0 0 
0 0 0 0 1 
0 1 0 0 0 
0 0 1 0 0 
0 0 0 1 0 
0 0.467614 0 0.532386 0 
0 0 0 1 0 
0 0 0 0.61745 0.38255 
0.23385 0.76615 0 0 0 
0 0 1 0 0 
0 0 0 0 1 
0 0 1 0 0 
0.424559 0 0.575441 0 0 
0.557072 0 0.442928 0 0 
0 0 0 0 1 
0 0 0 0 1 
0 0 0 1 0 
0 0 0 0 1 
0 0 0.430559 0 0.569441 
0 1 0 0 0 
0 0 1 0 0 
0 0.539354 0 0.460646 0 
0 0 0 0.502887 0.497113 
0 0 0 1 0 
0 0.816983 0.183017 0 0 
0 1 0 0 0 
1 0 0 0 0 
0 0.579446 0.420554 0 0 
0 0 0 1 0 
1 0 0 0 0 
0 0 0 1 0 
0 0 0 1 0 
0 0 0.472905 0.461867 0.065228 
0 0 0 0 1 
0 0 0.440547 0 0.559453 
0 0 1 0 0 
0 0 0 1 0 
0 0.540428 0 0.459572 0 
0.243979 0 0.317746 0.438276 0 
0.482687 0 0.517313 0 0 
0 0 0 0 1 
1 0 0 0 0 
1 0 0 0 0 
0 0 0 0 1 
0 0 0 1 0 
0 0 0 0 1 
0 0 0 0.183047 0.816953 
0 0 0 0 1 
0 0 1 0 0 
0 0 0 1 0 
0 0 0.605172 0.394828 0 
1 0 0 0 0 
0 0 0.876257 0.123743 0 
0.310536 0 0 0.689463 0 
0.347086 0 0 0.652914 0 
1 0 0 0 0 
0 0 0.541655 0 0.458345 
0 0 1 0 0 
1 0 0 0 0 
0 0.774293 0 0.225707 0 
0 0 1 0 0 
0 0 0.611091 0 0.388909 
0 0 1 0 0 
0.53757 0 0 0 0.46243 
0.631352 0 0.368648 0 0 
0 0 0.566376 0 0.433624 
0 0 0 1 0 
0 0.117146 0.613488 0 0.269367 
0 0 0 0.157689 0.842311 
1 0 0 0 0 
0 0 0 1 0 
0 1 0 0 0 
0 0 0 1 0 
0.377002 0 0 0 0.622998 
0 0 0 0 1 
0.686093 0 0.313907 0 0 
