5 150
0.334918
0.339755
0.551859
0.716872
0.624401
11.0123 0.343274
10.0775 0.812541
9.86712 0.477292
9.74407 1.26367
9.66027 0.146204
9.3351 0.659051
9.10227 0.922654
9.03354 0.684866
8.59234 1.4126
8.56919 0.469978
8.52984 1.07185
8.34532 0.636753
8.13311 0.659402
8.11589 0.373815
8.03672 1.27107
7.97942 2.27632
7.96199 1.59571
7.92953 1.8478
7.60986 0.453128
7.39332 0.236626
7.25875 1.40737
7.24253 1.36066
7.13538 0.770732
6.98706 1.96214
6.81485 1.21451
6.79015 0.887741
6.66381 2.99867
6.60691 2.1339
6.59547 2.44586
6.54238 1.34581
6.45737 1.37816
6.39566 1.14406
6.30754 1.6407
6.23047 1.43632
6.167 1.93507
6.05118 1.4445
5.87104 2.21163
5.80816 2.28989
5.75617 1.14921
5.69315 2.20873
5.67496 1.23522
5.55823 3.57038
5.54186 1.94078
5.39442 2.31275
5.38627 1.91692
5.28286 3.15098
5.26281 1.35704
5.18683 2.39207
4.98676 3.82447
4.9301 2.65906
4.79647 3.06696
4.77707 3.37468
4.76962 4.60124
4.67585 2.94121
4.52811 3.46383
4.50054 2.69789
4.39844 3.83998
4.24803 4.33343
4.212 3.3507
3.97076 4.24295
3.96997 3.39262
3.96583 3.8189
3.89673 2.89188
3.85247 3.09639
3.81664 4.64411
3.74797 3.73763
3.68864 3.75232
3.6719 3.09941
3.64997 4.35381
3.63556 4.10353
3.61582 4.39589
3.55213 2.83036
3.55129 3.51051
3.515 5.31707
3.4889 2.999
3.43862 5.33378
3.37726 3.51997
3.33994 3.15236
3.24165 4.16893
3.184 3.7334
3.08672 4.4665
3.07048 5.73318
2.68521 5.17379
2.64607 5.74557
2.50528 4.31131
2.363 4.97959
2.34718 4.69093
2.22144 6.70759
2.18352 5.48275
2.08661 4.89474
2.03684 5.51516
1.96615 6.72545
1.95851 4.448
1.91127 5.63323
1.89933 5.66272
1.80942 6.07837
1.77158 5.54049
1.71308 6.78247
1.68687 5.83917
1.60294 7.13983
1.55008 4.89889
1.53077 5.95007
1.47525 4.38519
1.38751 7.09102
1.38657 5.05587
1.36827 8.17759
1.36249 7.68903
1.28687 8.13735
1.2831 6.47453
1.01671 6.25078
0.972084 5.49553
0.87298 7.98575
0.814672 9.01293
0.7893 7.6771
0.678074 9.53749
0.647063 8.87165
0.6369 9.49277
0.552094 8.77349
0.529679 7.12791
0.507803 7.27845
0.361516 8.1757
0.357933 6.38405
0.355933 9.25279
0.355033 8.22169
0.345665 7.58867
0.331065 7.41369
0.312329 6.40926
0.310903 6.82038
0.272287 7.43861
0.265339 9.48546
0.233448 8.57908
0.218535 9.16959
0.19134 10.3071
0.190275 7.79637
0.170381 7.47981
0.149659 9.10278
0.123387 9.21942
0.108877 6.98615
0.100577 7.88818
0.0697741 7.49703
0.0696309 6.94802
0.0552556 7.23687
0.0516421 7.0913
0.0467076 8.16097
0.0389602 8.12828
0.0314381 11.681
0.0286773 8.3413
0.0160094 7.95021
0.0122938 11.9783
0.00499602 7.43486
0 0 0 1 0 
0 0 0 1 0 
0.422885 0 0.499942 0.0771723 0 
0.509995 0.0766701 0 0.413335 0 
0 0 0.630944 0 0.369056 
0.350332 0.649668 0 0 0 
0 0.269082 0.377716 0.353202 0 
0 1 0 0 0 
0.308385 0.308948 0 0.382667 0 
0.199519 0.153276 0.166228 0.194204 0.286773 
0.263687 0.354527 0.269522 0 0.112264 
0 0 0.183594 0.816406 0 
0.216194 0.150367 0.403868 0.229571 0 
0.582172 0 0 0 0.417828 
0.36617 0.63383 0 0 0 
0.365996 0.319116 0.314889 0 0 
0.28097 0.167685 0 0.457252 0.0940926 
0 0 0 0 1 
0 0.190292 0 0.406954 0.402753 
1 0 0 0 0 
0.43054 0 0 0 0.56946 
0.179493 0.0626675 0.430201 0.182871 0.144768 
0 0.507173 0.422087 0 0.07074 
0 0.409203 0.394248 0 0.196549 
0.180709 0.234674 0.433942 0 0.150674 
0 0.863462 0.136538 0 0 
0.373739 0 0.626261 0 0 
0 0.200089 0.200341 0.530685 0.0688852 
0 0 0.64105 0.35895 0 
0 0 1 0 0 
1 0 0 0 0 
0 1 0 0 0 
0 0 0.434207 0 0.565793 
0 0.253977 0.375749 0 0.370274 
0 0.30231 0.537499 0 0.16019 
0.118917 0.515523 0.36556 0 0 
0 0.278094 0 0.514392 0.207513 
0 0 0 1 0 
0 0.575982 0 0 0.424018 
0.234645 0.327488 0 0.114508 0.323359 
0.863105 0.136895 0 0 0 
0.316961 0 0 0.683039 0 
0.368679 0 0 0.631321 0 
0 0.374781 0.317061 0 0.308159 
0.613559 0.386441 0 0 0 
0.241721 0.0860728 0 0.672206 0 
0.3552 0.495599 0 0 0.149201 
0 0.120971 0.457071 0 0.421958 
0.328271 0 0.312316 0.359414 0 
1 0 0 0 0 
0.398093 0 0 0.149225 0.452682 
0.235784 0.764216 0 0 0 
0 0 0.768152 0 0.231848 
0 0.256207 0 0.39688 0.346913 
0.243248 0 0.297727 0.459025 0 
0.34543 0 0 0 0.654571 
0 0.27048 0.291012 0.289768 0.148741 
0 0 0 1 0 
0.255992 0.552393 0 0.191615 0 
1 0 0 0 0 
0 0.345647 0 0 0.654353 
0.288361 0.435722 0 0.156253 0.119664 
0 0 0 0 1 
0 0 0.424956 0 0.575044 
0 0.71699 0 0 0.28301 
0.0437176 0.143335 0.350651 0.12147 0.340826 
0.511872 0 0 0 0.488128 
0 0.293807 0.378115 0.328078 0 
0.593727 0.170559 0 0.235713 0 
0 0 0.717049 0.28295 0 
1 0 0 0 0 
0 0.373944 0.626056 0 0 
0 0.115509 0.194543 0.689947 0 
0 0 0 0.54495 0.45505 
0.294192 0 0 0 0.705808 
0.478273 0.235993 0.19157 0.0941635 0 
0 0.530258 0.225495 0 0.244247 
1 0 0 0 0 
0.502645 0 0 0.497355 0 
0.537094 0.127333 0 0.218495 0.117079 
0.366854 0 0 0.322978 0.310168 
0 0 0 0 1 
0.156916 0 0.359011 0.149723 0.334351 
0.4729 0 0 0.5271 0 
0.360911 0 0.639089 0 0 
0.372088 0.388068 0.239844 0 0 
0.288209 0 0.296718 0.16746 0.247614 
0.422037 0 0.264779 0 0.313184 
0 0 0 0.246698 0.753303 
0.326266 0.146946 0.243316 0 0.283472 
0.317505 0.0657078 0 0 0.616787 
0.215318 0.677158 0.107524 0 0 
0.181525 0 0.306539 0.19502 0.316916 
0 0.65877 0 0.34123 0 
0 0.561133 0.37516 0.0637068 0 
0 0.199451 0.405588 0.130343 0.264618 
0.356748 0.334894 0 0.19415 0.114208 
0.407354 0 0.273285 0.176799 0.142562 
0.533774 0.316243 0 0 0.149983 
0 0 0.422265 0 0.577735 
0 0 1 0 0 
0 0.576714 0 0.292261 0.131025 
0 0.839805 0 0 0.160195 
0 0.264486 0.735514 0 0 
0 0 0 1 0 
0 0 0.244366 0.755634 0 
0 0.509937 0 0.490063 0 
0.343122 0.161047 0 0.495831 0 
0 0 0 0 1 
1 0 0 0 0 
0 0.432888 0 0.205887 0.361225 
0.548604 0 0 0 0.451396 
0.49414 0 0.279594 0 0.226266 
0 0.618822 0 0 0.381178 
0 1 0 0 0 
0 0 0.580122 0 0.419878 
0.546452 0.453548 0 0 0 
0.118179 0.084037 0.316774 0.106971 0.374039 
0 0.190682 0.448982 0 0.360335 
0 0 0 0.514646 0.485354 
0 0 0 0.607469 0.392531 
0 0 0.222829 0.777171 0 
0 0.177621 0.527871 0.294508 0 
0.299232 0.321291 0 0.282455 0.0970217 
0 0.729608 0 0 0.270392 
0 0 0 0.195258 0.804742 
0 0 0.571111 0.428889 0 
0 0.326171 0.272763 0 0.401066 
0 0.425164 0 0.422574 0.152262 
0 0.423878 0 0.218202 0.35792 
0.186339 0 0.437893 0.183829 0.191939 
0 0 0.772855 0.227145 0 
0.455544 0 0 0 0.544456 
0 0 1 0 0 
0 0 0 1 0 
0 0.224256 0.478523 0 0.297221 
0.399965 0.18338 0.234905 0 0.18175 
0.059754 0.176559 0.220633 0.202301 0.340753 
0.450007 0.326134 0 0 0.223859 
0 0 1 0 0 
0.645115 0 0 0 0.354885 
1 0 0 0 0 
0.437028 0 0 0.304766 0.258206 
0 0.48432 0 0 0.51568 
0 0.501016 0.11587 0 0.383114 
0 0 0 0 1 
0 0.735133 0 0 0.264867 
0.396571 0 0.603429 0 0 
0 0.243888 0.265508 0 0.490604 
0 0 0.489205 0.510795 0 
