5 100
0.613231
0.655026
0.570017
0.526986
0.331301
10.2983 0.242756
9.7571 0.402304
8.54737 1.10954
8.31655 0.86026
8.14 0.574717
7.39425 0.92084
7.36966 0.934461
7.35448 0.885971
7.00607 2.5919
6.98847 1.72309
6.92485 1.6752
6.84288 1.33721
6.48424 1.30524
6.36781 2.04961
5.99788 2.31149
5.80972 1.9608
5.61311 1.97693
5.54755 1.78824
5.17779 2.72085
5.15989 3.19343
4.97905 3.92646
4.94283 2.24404
4.84628 1.79133
4.73011 1.90463
4.65372 4.13395
4.55262 4.09358
4.54786 2.64853
4.45844 2.9682
4.40789 3.02549
4.29667 4.088
4.16094 2.95375
3.9734 3.98379
3.93117 2.87707
3.89899 4.24048
3.68697 4.46469
3.50752 4.97629
3.49174 4.41695
3.48095 2.92152
3.14003 3.71029
3.03652 4.61062
3.01015 3.81992
2.85069 5.71598
2.84621 3.44222
2.72966 5.0096
2.57453 4.15918
2.49763 4.06536
2.40668 5.2667
2.4029 4.802
2.39963 3.73986
1.85622 4.48957
1.85281 5.94632
1.77685 7.18741
1.65499 5.42374
1.50309 6.91171
1.23262 7.00368
1.22673 6.06012
1.16112 5.39303
1.11636 4.91614
1.10181 5.20911
1.08685 5.56797
1.05504 6.7275
0.938295 7.3073
0.846021 5.60481
0.788921 5.49351
0.779736 8.19051
0.700995 9.14345
0.595503 5.92495
0.557494 8.76915
0.50275 8.98776
0.481669 8.45808
0.475909 9.05308
0.441667 8.07339
0.413104 9.369
0.390676 9.33234
0.388651 6.24002
0.361912 8.22753
0.327992 6.89738
0.318288 9.494
0.303206 7.49637
0.283941 8.70746
0.265338 9.79559
0.259412 7.52855
0.200393 8.83231
0.188895 9.32252
0.172375 7.22476
0.160517 9.71525
0.150448 7.99309
0.132155 9.69718
0.114549 10.5706
0.103735 8.11511
0.08968 7.55388
0.083825 7.11123
0.0395726 11.5964
0.0261686 11.7678
0.0207867 11.2621
0.0198628 9.64596
0.00948293 9.8515
0.00461537 12.229
0.00402836 11.9603
0.00174939 11.0819
1 0 0 0 0 
0 0 0 0 1 
0 0 0 1 0 
0 0 0 1 0 
1 0 0 0 0 
0 0 0 1 0 
1 0 0 0 0 
0 0 0 0 1 
1 0 0 0 0 
1 0 0 0 0 
1 0 0 0 0 
0 0 0 0 1 
0 0 1 0 0 
0 0 0 1 0 
0 0 1 0 0 
0 0 0 1 0 
0 0 0 1 0 
1 0 0 0 0 
0 0 0 0 1 
0 0 0 1 0 
1 0 0 0 0 
0 0 0 1 0 
0 0 0 0 1 
1 0 0 0 0 
0 1 0 0 0 
0 0 0 0 1 
0 0 0 1 0 
1 0 0 0 0 
1 0 0 0 0 
0 0 0 1 0 
0 0 0 0 1 
0 0 0 1 0 
1 0 0 0 0 
0 0 0 1 0 
0 0 1 0 0 
0 0 0 0 1 
1 0 0 0 0 
0 0 0 1 0 
0 0 0 1 0 
0 1 0 0 0 
0 0 1 0 0 
0 0 0 1 0 
0 0 0 1 0 
0 0 0 0 1 
0 0 0 0 1 
1 0 0 0 0 
0 1 0 0 0 
0 0 1 0 0 
0 0 1 0 0 
0 1 0 0 0 
0 0 1 0 0 
0 0 0 0 1 
1 0 0 0 0 
0 0 0 1 0 
1 0 0 0 0 
0 0 1 0 0 
0 0 1 0 0 
0 0 0 1 0 
0 1 0 0 0 
1 0 0 0 0 
0 0 0 0 1 
1 0 0 0 0 
0 0 1 0 0 
0 1 0 0 0 
0 0 1 0 0 
0 0 0 1 0 
0 0 0 1 0 
0 1 0 0 0 
1 0 0 0 0 
1 0 0 0 0 
0 0 1 0 0 
0 0 0 0 1 
1 0 0 0 0 
1 0 0 0 0 
0 0 0 0 1 
1 0 0 0 0 
0 0 1 0 0 
1 0 0 0 0 
0 0 1 0 0 
0 1 0 0 0 
0 1 0 0 0 
0 0 1 0 0 
0 0 1 0 0 
0 0 0 0 1 
1 0 0 0 0 
0 0 0 0 1 
1 0 0 0 0 
0 0 0 0 1 
0 0 0 1 0 
0 0 0 1 0 
0 0 0 1 0 
1 0 0 0 0 
0 0 0 0 1 
0 0 1 0 0 
1 0 0 0 0 
0 1 0 0 0 
0 0 0 0 1 
0 0 0 1 0 
0 1 0 0 0 
0 0 0 0 1 
