5 100
0.587576
0.309246
0.320728
0.290938
0.482909
10.4811 0.162615
10.1408 0.270196
9.87461 0.67791
9.70703 0.998009
9.56984 0.437687
9.2211 1.23083
9.19509 1.0487
9.08894 0.9518
9.0149 1.31954
8.41565 1.39956
8.38928 0.560753
8.1976 0.790513
8.14083 1.26864
7.92594 1.08117
7.88948 0.549717
7.84785 0.737584
7.2245 1.33067
7.12548 1.22293
7.02606 1.7788
6.94243 2.20667
6.8161 1.65813
6.55897 0.845671
6.52574 1.19788
6.42645 2.16001
6.3751 2.05428
6.25521 1.60514
5.58401 2.87305
5.56724 3.19429
5.36595 2.13493
5.31257 1.43155
4.79523 2.48547
4.57652 3.70265
4.44762 3.45101
4.4338 3.44259
4.26139 2.68018
4.24455 3.87963
4.21476 3.23691
4.14633 4.4581
4.07035 4.40706
3.8387 4.20465
3.72063 4.86945
3.65941 3.08461
3.60301 3.4111
3.51424 3.01527
3.27004 2.78161
2.97633 3.19521
2.84646 5.8745
2.61787 5.09221
2.47327 3.74375
2.45501 4.46718
2.42308 4.93322
2.3136 5.45243
2.23657 5.82612
2.03801 5.23536
1.95181 5.85501
1.92407 5.7166
1.84806 5.84398
1.79813 6.97702
1.72769 7.24857
1.70514 4.72862
1.68511 4.63005
1.62898 5.68216
1.62339 5.27153
1.5819 4.5372
1.49356 5.79844
1.39406 6.4321
1.35878 5.6469
1.19659 7.1931
1.10402 6.86886
0.967462 7.60343
0.868495 7.6721
0.833351 8.97963
0.799659 8.79475
0.790319 5.73226
0.73737 6.81172
0.674941 5.73954
0.488574 6.56966
0.441386 8.23949
0.418699 6.6819
0.409751 7.76453
0.40877 9.7391
0.399257 7.51513
0.355277 8.62393
0.265697 10.6197
0.21408 8.72033
0.198844 10.4515
0.151719 8.44356
0.0943063 10.6118
0.0839524 8.51895
0.0802324 9.95022
0.0791781 8.44334
0.0723972 11.2768
0.0685189 9.30306
0.0648605 7.7064
0.0387787 8.4799
0.0352057 10.788
0.0280835 7.55966
0.0116149 7.4547
0.00311259 10.8619
0.001346 8.53495
1 0 0 0 0 
0 0.340418 0 0 0.659582 
0 0 0 1 0 
0 0 1 0 0 
0 0 1 0 0 
1 0 0 0 0 
0 0.705123 0 0.294877 0 
0 1 0 0 0 
0 0.816443 0 0 0.183557 
0 0 0 0 1 
0 0 0 0 1 
0 0 0 1 0 
1 0 0 0 0 
0 0 1 0 0 
1 0 0 0 0 
0 0 1 0 0 
0 0 1 0 0 
0 0 1 0 0 
0 1 0 0 0 
1 0 0 0 0 
0 0 1 0 0 
0 0 0 1 0 
0 0 0.566742 0 0.433258 
0 0 0.540624 0 0.459376 
0.483044 0 0 0 0.516956 
0 0 0 1 0 
0 0 0 0 1 
1 0 0 0 0 
0 0 1 0 0 
0.501109 0 0 0.498891 0 
0 0 0 1 0 
0 0 1 0 0 
0.176976 0 0 0.823024 0 
0 1 0 0 0 
0.323966 0 0.676035 0 0 
1 0 0 0 0 
0 1 0 0 0 
0 0 1 0 0 
0 0 0 1 0 
0 0 0 1 0 
0 1 0 0 0 
0 0.821971 0.178029 0 0 
0 0 0 1 0 
1 0 0 0 0 
1 0 0 0 0 
0 0 0 1 0 
0 0 0.708701 0 0.291299 
0 0 0 1 0 
0.572862 0.427138 0 0 0 
0 0 1 0 0 
0 1 0 0 0 
1 0 0 0 0 
0 1 0 0 0 
0.844056 0 0 0.155944 0 
1 0 0 0 0 
0 0 0 1 0 
0 0 0 1 0 
0 0 1 0 0 
0 0 0 1 0 
0 0 1 0 0 
0 0 0 0 1 
0 0 1 0 0 
0 1 0 0 0 
0.419374 0 0.270579 0 0.310047 
0 0 1 0 0 
1 0 0 0 0 
1 0 0 0 0 
0 0 1 0 0 
0.290974 0 0 0 0.709026 
0 0 1 0 0 
0 0 1 0 0 
0 0 1 0 0 
0 1 0 0 0 
0 1 0 0 0 
0 0 0 1 0 
0 0 0 0.522672 0.477328 
0 0 0 0 1 
0 1 0 0 0 
0 0 0 1 0 
0 0 0 0 1 
0 0 0 1 0 
1 0 0 0 0 
0 0 1 0 0 
1 0 0 0 0 
0 0 0 1 0 
0 0 0 1 0 
0 0 0 0 1 
0 1 0 0 0 
0 1 0 0 0 
0 0.695058 0 0.304942 0 
0 0 1 0 0 
0 0.310365 0.689635 0 0 
0 0 1 0 0 
0 0 0 1 0 
1 0 0 0 0 
0.390831 0 0.609169 0 0 
0 0 0 0 1 
0 0 1 0 0 
1 0 0 0 0 
0 0 0 1 0 
