5 50
0.64938
0.430441
0.521935
0.547662
0.507103
10.2039 0.395952
9.21502 0.897436
9.08155 0.745759
9.00289 1.00462
8.64589 1.49968
8.15168 1.61141
7.62446 0.936912
6.92301 0.840574
6.90667 0.670453
6.83013 1.51317
6.81778 2.5296
6.48703 1.16108
6.17155 1.88235
5.79967 2.73154
5.6227 1.95351
5.33865 3.56099
5.25474 2.24269
5.00953 3.78994
4.88022 2.18429
4.61565 2.70881
4.27512 3.01128
4.262 3.92434
3.92455 4.20197
3.75059 2.94677
3.69467 5.15669
3.60694 3.19374
3.31025 2.94569
3.18736 3.09326
2.89106 4.3269
2.45619 4.50069
2.14608 6.70187
2.13394 4.13438
1.90917 7.4533
1.83004 4.97522
1.78874 4.84176
1.21803 6.70488
1.15426 6.9918
1.0413 5.21655
0.829614 6.51822
0.629227 6.52272
0.340311 7.41962
0.269862 10.4096
0.22481 9.17986
0.210448 6.63402
0.193992 7.01302
0.14438 8.61335
0.0796457 7.83603
0.0145599 9.66551
0.0121911 10.0409
0.00284529 9.09959
0 0 0.42153 0.57847 0 
0 0 0.545849 0 0.454151 
0 0.157904 0 0 0.842096 
0 0.228629 0 0.77137 0 
0 0.669904 0.330096 0 0 
0 0 0.529864 0.470136 0 
0 0 0 0 1 
0.178754 0 0.205307 0.129043 0.486896 
0.523507 0.194352 0 0 0.282141 
0 0 0 0.19419 0.80581 
0 0.426901 0 0 0.573099 
1 0 0 0 0 
0 0.362623 0 0.32449 0.312887 
0 0.400548 0 0 0.599452 
0 0 0 0 1 
0.809747 0 0 0 0.190253 
0 0 1 0 0 
0 0.727854 0.272146 0 0 
0.553531 0.446469 0 0 0 
0.154318 0.513295 0.2006 0.131788 0 
0.467461 0 0.532539 0 0 
0.59793 0 0.40207 0 0 
0 0.519198 0 0.480802 0 
0.495915 0.504085 0 0 0 
0 0 0 1 0 
0 0 0 1 0 
0.304331 0.514908 0 0 0.180761 
0.259759 0.244486 0 0.495756 0 
0 1 0 0 0 
0 0 0 1 0 
0.220537 0.339115 0.168025 0 0.272322 
0 0 0.194039 0 0.805961 
0 0 1 0 0 
0.213972 0.0855692 0.246884 0.166336 0.287238 
0.45822 0 0 0 0.54178 
0.430056 0 0.364843 0.205101 0 
0.596645 0.403356 0 0 0 
0 0.489528 0 0 0.510472 
0 0 1 0 0 
1 0 0 0 0 
0 0.325627 0 0 0.674373 
0 0 0 1 0 
0.377133 0.324079 0.298788 0 0 
0.460056 0 0 0 0.539944 
0 0 0 1 0 
0 1 0 0 0 
0 0 0 0 1 
0 0.520867 0 0 0.479133 
0 0.524205 0 0.475795 0 
0 0.456487 0.543513 0 0 
