5 150
0.30211
0.304811
0.433004
0.365818
0.686354
11.3346 0.126096
10.6945 0.245861
10.4827 0.594051
10.4404 0.403399
10.1477 0.287591
9.64364 0.541665
9.5146 0.744028
9.36861 0.670431
8.81392 0.534782
8.77857 0.882024
8.72091 0.795778
8.62246 1.85116
8.57232 0.790999
8.23865 1.12373
8.11261 1.58431
8.08001 0.923425
8.00043 0.907028
7.94121 1.51658
7.87862 1.60358
7.75605 1.57391
7.73683 0.506786
7.52465 0.57269
7.50761 0.977589
7.2244 0.607242
6.89013 2.55579
6.79106 1.25394
6.52417 0.723526
6.51054 1.68854
6.37664 2.56688
6.30745 1.60595
6.30228 2.06498
6.29366 1.11002
6.16129 1.04626
6.10088 2.64614
6.08972 1.37043
5.9107 2.74652
5.90972 2.56522
5.90461 1.91702
5.85165 3.90133
5.82304 3.57854
5.6242 2.40175
5.56007 3.22951
5.54922 2.10978
5.51012 2.52949
5.05582 3.64285
5.02505 3.96576
4.99489 3.18709
4.9425 2.80587
4.79794 3.70399
4.72494 3.23616
4.69759 3.24295
4.40566 4.31799
4.24435 4.21509
4.00186 5.06314
3.73686 3.51355
3.72947 3.78458
3.70832 4.05121
3.70042 3.03202
3.64752 3.27847
3.55995 2.5973
3.50269 3.81826
3.44612 4.70681
3.35324 3.97419
3.31413 4.22222
3.28423 4.18995
3.04769 5.49309
2.72385 5.87587
2.69748 5.02273
2.68826 5.87891
2.58664 5.15858
2.47617 4.52413
2.47073 4.64155
2.36993 4.3608
2.36733 6.28216
2.32937 3.8478
2.26227 6.28702
2.24 3.84568
2.20028 5.66183
2.14072 4.51286
2.05236 6.29456
1.99338 6.13095
1.93742 6.12667
1.78094 4.67982
1.75932 5.32165
1.71159 5.68873
1.6702 5.98994
1.62809 5.94609
1.58763 4.37367
1.53325 4.94763
1.46252 5.16876
1.42029 7.90722
1.41299 6.76861
1.32769 7.85371
1.20472 7.98978
1.1477 6.94431
1.12733 4.89833
1.1148 8.30043
0.965421 7.66159
0.963539 4.98514
0.915291 5.8951
0.846656 5.96584
0.839401 5.89738
0.833996 6.05262
0.833385 7.21139
0.821721 6.06889
0.780458 5.82716
0.73454 8.61829
0.721659 7.59419
0.710234 5.57351
0.631698 9.17987
0.607066 7.91681
0.5892 6.0272
0.559308 5.88583
0.497264 6.45102
0.48002 6.05365
0.399518 6.55715
0.39255 7.05732
0.382144 6.67875
0.314624 9.18645
0.301353 8.51202
0.279897 8.47694
0.227926 7.21679
0.204727 9.92982
0.192252 8.46604
0.184364 8.28297
0.171906 8.41028
0.150583 7.08472
0.135164 10.573
0.1105 8.45085
0.109326 7.65617
0.109116 11.0852
0.106378 9.65677
0.101992 7.46804
0.0995825 7.28562
0.0762677 9.41216
0.0762509 7.88064
0.0744851 8.36772
0.072763 9.14047
0.0472228 11.3348
0.0471684 10.6556
0.0436686 9.2885
0.0398346 9.47711
0.0329331 11.648
0.0251795 7.87286
0.0193963 10.1148
0.0164093 8.8235
0.0114482 7.91272
0.00901956 7.51737
0.00431779 10.9897
0.00116693 9.39161
0 0.436563 0 0.344275 0.219161 
0 0 0 1 0 
0 0 0.414976 0.367313 0.217711 
0.649684 0.350316 0 0 0 
0 0.308807 0.281509 0.409684 0 
0 0.435146 0 0.564854 0 
0 0 0 0.470607 0.529393 
0.416337 0 0.583663 0 0 
0 0 1 0 0 
0 0 1 0 0 
0 0.539642 0 0.460358 0 
0 0 0.440876 0.559124 0 
0.504218 0.495782 0 0 0 
0 0 0.728492 0.271508 0 
0 0 1 0 0 
0 1 0 0 0 
0.26971 0.43715 0 0.0946926 0.198447 
0 0 0 1 0 
0.563469 0 0.436531 0 0 
0.375059 0.500251 0 0 0.12469 
0 1 0 0 0 
0.197326 0 0 0 0.802674 
0 0 0.294507 0.705493 0 
0 1 0 0 0 
0 0 0 1 0 
0.20965 0.79035 0 0 0 
0.60487 0 0 0 0.39513 
0.253714 0.326032 0.420253 0 0 
0 1 0 0 0 
0 0.504386 0 0 0.495614 
0 0 1 0 0 
0 0 0 0 1 
0.583882 0 0.416118 0 0 
0 0 0 0 1 
0.468287 0 0.397208 0 0.134505 
0 0.231631 0 0.768369 0 
0 0.194337 0.418982 0 0.386681 
0.73432 0 0.26568 0 0 
1 0 0 0 0 
0 0 1 0 0 
0 0 0 1 0 
0 0 0 1 0 
0.388131 0 0 0.611869 0 
0 0.40767 0.59233 0 0 
0 0 0 1 0 
0 0.457846 0 0 0.542154 
1 0 0 0 0 
0 0 0 0.374452 0.625548 
0.427478 0.365726 0 0 0.206796 
0.116012 0.226693 0.226376 0.43092 0 
0 0 0 0.547649 0.452351 
0 0 0 0 1 
0 0 0.514294 0.485706 0 
0 0.485996 0 0 0.514004 
0 0 1 0 0 
0.203077 0.340734 0.456189 0 0 
0 0.452274 0 0.547726 0 
0 0 0 0.566771 0.433229 
0.518993 0 0 0.481007 0 
0 0 0 0.705035 0.294965 
0.134694 0.251537 0.273181 0 0.340587 
0 0 0 1 0 
0 0 0.717573 0.163228 0.119199 
0 0 0 1 0 
0 0.333689 0.666311 0 0 
0 0.181059 0 0.666118 0.152823 
0.409093 0.590907 0 0 0 
0 0 0 0 1 
0 0 0.482587 0 0.517413 
0.666696 0.333304 0 0 0 
0.522598 0.205131 0 0.272272 0 
0.330146 0 0.0959454 0.314535 0.259374 
0.31977 0.4986 0 0 0.18163 
0 0.156352 0 0.531323 0.312325 
0 1 0 0 0 
0 0 0.766075 0 0.233925 
0.189171 0 0.810829 0 0 
0.58062 0.199757 0 0 0.219623 
0 0 0.423933 0.576067 0 
0 0.344862 0 0.655138 0 
0 0.0654601 0.549577 0.384963 0 
0 0 0 1 0 
0 0 0 0 1 
0.840705 0 0 0.159295 0 
0 0 1 0 0 
0 0 0 1 0 
0.350435 0 0 0.649565 0 
0.207489 0.485497 0.307014 0 0 
0.479739 0.278763 0.241498 0 0 
0 0.364537 0 0.635463 0 
0 0.194122 0.181542 0.624335 0 
0 0.373893 0.626107 0 0 
0 0 0 0 1 
0.190292 0.246632 0.153769 0.409307 0 
0 0 0 1 0 
0 0 1 0 0 
1 0 0 0 0 
0.221495 0 0.316989 0 0.461517 
0 0.401282 0.598718 0 0 
0 0 0 0 1 
0.455678 0.372938 0.171384 0 0 
0 0 0 1 0 
0 0 0 1 0 
0.18392 0 0 0.81608 0 
0.696662 0 0 0.303338 0 
0.80842 0 0 0 0.19158 
0.226517 0.773483 0 0 0 
0 0.20952 0 0 0.79048 
0 0 0 0.252178 0.747822 
0 0 0.488761 0 0.511239 
0 0.201289 0.398653 0 0.400058 
0.34248 0.458559 0.198961 0 0 
0.369515 0 0 0.630485 0 
0.209189 0 0.790811 0 0 
0 0 0.431087 0 0.568913 
1 0 0 0 0 
0 0.362364 0.507075 0.130561 0 
0 0.354951 0 0.645049 0 
1 0 0 0 0 
0 0.325665 0.491122 0.183214 0 
0 0 0 1 0 
0.366803 0.344058 0.289139 0 0 
0.241414 0.237565 0.146708 0.331016 0.0432972 
0.529218 0 0.211353 0 0.259429 
0.433326 0.141661 0.165677 0 0.259336 
0 0.396772 0.471109 0 0.132119 
0.463811 0 0 0.536189 0 
0 0 0 0 1 
0 0.362978 0 0.637022 0 
0 1 0 0 0 
0.337081 0.0920368 0 0.351345 0.219537 
0.102383 0.323196 0 0.574422 0 
0 0 0 0 1 
0 0.540787 0.459213 0 0 
0.481882 0.227997 0.290122 0 0 
0 0 0 0 1 
0 0 1 0 0 
0 0.558608 0 0 0.441392 
1 0 0 0 0 
0 1 0 0 0 
0 1 0 0 0 
1 0 0 0 0 
0 0 0.312842 0.247971 0.439187 
0.120546 0 0.212649 0.323952 0.342852 
0.111625 0 0.459983 0.428392 0 
1 0 0 0 0 
0.256978 0.187686 0 0 0.555336 
0 0 1 0 0 
0 0 0 1 0 
0 0 1 0 0 
