5 200
0.405324
0.713759
0.383518
0.48336
0.423467
10.8556 0.339488
10.67 0.277618
10.5935 0.381696
10.2764 0.748056
9.86848 0.831975
9.73932 0.939328
9.4002 0.717
9.38659 0.4324
9.2811 1.16278
9.20899 0.917418
9.17531 0.943811
9.14435 1.39197
9.0651 0.442541
9.02972 0.623932
9.02723 0.261095
8.91168 0.848713
8.84555 1.13388
8.45544 1.03084
8.3147 0.624425
8.27986 0.960217
8.2341 1.53383
8.10335 1.32637
8.04709 0.660757
7.83267 1.11584
7.62769 0.95546
7.61647 2.18007
7.54433 1.82648
7.41173 2.05926
7.37577 0.842609
7.37396 1.29047
7.35531 0.101598
7.32985 1.91676
7.01422 2.2175
6.90219 1.43313
6.87281 2.31079
6.80794 0.626789
6.71921 2.13844
6.71747 1.49258
6.66902 2.75954
6.63445 1.87434
6.61916 1.87749
6.60198 2.10916
6.57815 1.6136
6.34262 2.11637
6.3225 1.56154
6.30907 1.50444
6.24391 2.03471
6.08105 1.6523
6.0532 1.74808
5.9844 2.68772
5.92397 3.03263
5.82545 2.10519
5.82398 2.45787
5.76208 3.78391
5.73286 3.46544
5.46132 2.73189
5.39442 3.62973
5.33855 2.85822
5.28167 1.4488
5.24253 2.71325
5.17927 2.26523
5.15611 2.40637
5.08863 3.7941
5.03361 4.16736
5.02619 1.7855
4.94437 4.20165
4.92106 3.53355
4.67966 2.82073
4.45181 2.65733
4.27317 3.01867
4.26428 3.47703
3.98159 2.98503
3.86119 4.08585
3.62922 4.17342
3.48868 4.16598
3.46827 3.57864
3.2574 3.67886
3.21134 4.77997
3.2067 3.99574
3.14051 4.46531
3.08707 3.99523
3.08198 4.53053
2.91136 4.31537
2.80047 3.45738
2.78946 3.9201
2.78634 4.08986
2.74938 3.31732
2.6272 5.32539
2.40778 3.42887
2.38478 5.94758
2.33622 4.50282
2.2885 4.10968
2.2201 5.89734
2.18737 4.52502
2.18463 3.62031
2.17291 4.29696
2.14955 5.77467
1.9728 6.42502
1.93845 6.19112
1.92404 5.26937
1.90332 4.59247
1.85213 6.57894
1.83046 6.4839
1.7751 5.99401
1.77255 4.56875
1.72965 7.22701
1.67543 6.51967
1.6748 5.05595
1.61487 4.65335
1.56356 5.97822
1.56251 4.39859
1.54909 6.05658
1.43647 5.48157
1.40454 6.42165
1.39247 7.49398
1.38422 5.37312
1.35424 6.9908
1.28381 7.73705
1.24687 8.00116
1.2031 5.09682
1.18407 6.04216
1.08904 6.56268
1.08444 6.87004
0.96408 5.45588
0.956071 7.52832
0.925699 7.44497
0.902584 5.54864
0.87262 8.74769
0.806926 7.16775
0.786041 8.86702
0.781094 8.28121
0.77223 8.70429
0.68819 7.73668
0.6715 8.92446
0.649677 6.76273
0.578082 8.01438
0.564986 8.07416
0.559203 8.86949
0.528275 9.00863
0.518644 8.41206
0.510239 9.07624
0.49927 9.6633
0.475369 7.3066
0.472986 9.51351
0.472398 7.34461
0.462597 8.28484
0.445132 9.81607
0.403275 7.43184
0.389697 9.97489
0.376907 6.05802
0.373597 6.83016
0.369966 9.19297
0.367502 5.95714
0.366759 9.78275
0.360461 7.46622
0.320226 7.11055
0.30003 9.07949
0.289031 6.62051
0.276517 10.5628
0.27484 6.21794
0.238651 7.0541
0.22283 10.2718
0.218854 9.9889
0.214869 10.1823
0.208592 8.47854
0.203757 7.50185
0.19307 10.0502
0.183316 8.15037
0.157861 10.3158
0.143329 6.85261
0.135811 9.80508
0.124764 8.49801
0.117179 8.43885
0.101675 9.46379
0.0996318 9.45756
0.0927288 9.47762
0.0905054 7.41032
0.087322 8.86849
0.0781394 8.34514
0.0766008 10.5343
0.0761331 10.3355
0.0736725 7.31312
0.0684799 10.3762
0.0481235 10.2496
0.0431478 7.50145
0.0341789 7.47521
0.0299279 7.66616
0.0280954 11.5016
0.0248588 9.34093
0.0241789 11.0695
0.0230179 9.81221
0.0213083 7.96419
0.0139305 10.1501
0.0107418 8.28073
0.00935242 8.91772
0.00478399 8.55551
0.00276905 9.54692
0.00271592 11.9377
0.00259677 11.429
0.00160776 8.93057
0 0.364334 0.406891 0.228775 0 
1 0 0 0 0 
0 0 0 0.761418 0.238582 
0.437341 0.330253 0 0 0.232407 
0 0 0 1 0 
0 0 0 0.456722 0.543278 
0 0 0 0.477143 0.522857 
0 0.527361 0.472639 0 0 
0 0.601484 0 0.398516 0 
0 0.492754 0 0 0.507246 
0 0 1 0 0 
0 0 0 0 1 
0 0 1 0 0 
1 0 0 0 0 
0 1 0 0 0 
0 0.278451 0 0.49473 0.226819 
0 1 0 0 0 
0 0 0.316373 0.683627 0 
0.375088 0 0.437464 0.187448 0 
0 0 0.594905 0 0.405095 
0.278338 0.201309 0 0.520354 0 
0 0 0 1 0 
0.121514 0 0 0 0.878486 
0 0 1 0 0 
0 1 0 0 0 
0.508663 0 0.491337 0 0 
1 0 0 0 0 
0.293244 0.706756 0 0 0 
0 0 0 1 0 
0 0 1 0 0 
0.249922 0 0.750078 0 0 
0 1 0 0 0 
0.372311 0.627689 0 0 0 
0 0 0 1 0 
0.376615 0 0.203697 0.419689 0 
0 0 0 0 1 
0.357682 0 0 0.290268 0.35205 
0 0 0.674567 0.325433 0 
0 0.800621 0.199379 0 0 
0 1 0 0 0 
0 0 0 0.457207 0.542793 
0 1 0 0 0 
0 0 0 0 1 
0 1 0 0 0 
0 0 0 0.34355 0.65645 
1 0 0 0 0 
0 0 0 0 1 
0 0 1 0 0 
0 1 0 0 0 
1 0 0 0 0 
0 0 0 1 0 
0 1 0 0 0 
1 0 0 0 0 
0 0.13623 0.453164 0 0.410606 
0.832188 0 0.167812 0 0 
0.472758 0.527242 0 0 0 
0 1 0 0 0 
0 0 0 1 0 
1 0 0 0 0 
0 0 0 0 1 
1 0 0 0 0 
0 0.391848 0 0 0.608152 
1 0 0 0 0 
0 0.551578 0.448422 0 0 
0 0 1 0 0 
0 1 0 0 0 
0.748144 0 0 0.251856 0 
0 0 0 1 0 
0 0 0 0.851096 0.148904 
0 0 0 0 1 
0 0 1 0 0 
0 0 0 1 0 
0.355935 0.644065 0 0 0 
0.442428 0 0 0 0.557572 
0 1 0 0 0 
0 1 0 0 0 
0 0 0 0 1 
0 0 1 0 0 
0 0 0.527591 0.472409 0 
0 1 0 0 0 
0.159813 0 0.840187 0 0 
0 0.514124 0 0.485876 0 
0 0 0 0 1 
1 0 0 0 0 
0.810624 0.189376 0 0 0 
1 0 0 0 0 
0 0 0 1 0 
0 0 0 1 0 
0 0.579074 0 0 0.420926 
0 0 0 0 1 
0 0 0.350409 0.649591 0 
0.401346 0 0.473395 0.125259 0 
0.325373 0 0 0 0.674627 
0 0 0 1 0 
0 1 0 0 0 
0 0 1 0 0 
0 0 0 1 0 
0 0 0.667621 0.332379 0 
0.584353 0 0 0.415647 0 
0.503922 0 0 0.496078 0 
0.323012 0.131333 0 0.545655 0 
0 0 0 0 1 
0 0.288697 0 0 0.711303 
1 0 0 0 0 
0 0 0.324197 0.675803 0 
0 0 0.30644 0 0.69356 
0 0 0 0 1 
1 0 0 0 0 
0 0 0 1 0 
0 0 0 1 0 
0 0 0 1 0 
0.458851 0.541149 0 0 0 
1 0 0 0 0 
0 0 1 0 0 
0 0.578362 0 0.421638 0 
0 0 0 0 1 
0.328874 0 0 0 0.671126 
0.716098 0 0.283902 0 0 
0 0 0 1 0 
0 0 0 1 0 
0 0 0 0 1 
0 1 0 0 0 
0 0 0 0 1 
1 0 0 0 0 
0 0 0 0 1 
0 0 1 0 0 
1 0 0 0 0 
0 0 1 0 0 
0 0 0 1 0 
0 0 0 1 0 
0 0 0.444845 0.555155 0 
0 0.471358 0.121846 0 0.406796 
0 0 0 0 1 
1 0 0 0 0 
0 0 0 1 0 
0 1 0 0 0 
0 0 0 0 1 
1 0 0 0 0 
0 0 0.195584 0.657945 0.146471 
0 0 1 0 0 
0.389885 0 0 0.222723 0.387392 
1 0 0 0 0 
0 1 0 0 0 
1 0 0 0 0 
0 0 0 0 1 
0 0 0 1 0 
0 0 0.626149 0.102983 0.270868 
0 0 0 1 0 
1 0 0 0 0 
0 0 1 0 0 
0.484974 0.515026 0 0 0 
0 0 0 1 0 
0 1 0 0 0 
0.403178 0 0 0.596821 0 
0 1 0 0 0 
0 0.719744 0 0 0.280256 
0 0 0 0 1 
0.79422 0 0.20578 0 0 
0.304446 0.695554 0 0 0 
0 0 0 1 0 
0.562635 0 0 0 0.437365 
1 0 0 0 0 
0 0 0 1 0 
0 0.384054 0 0.615946 0 
0.29989 0.106969 0 0.59314 0 
0.207536 0 0.792464 0 0 
0 0 0 0 1 
0 0 0.242436 0.757564 0 
0 0 0 0 1 
0.715102 0.125921 0.158977 0 0 
0 0 1 0 0 
0 0 1 0 0 
0 0 0 1 0 
0.444073 0 0 0.180345 0.375581 
0 1 0 0 0 
0.442481 0 0.463889 0 0.0936295 
0 0 0 1 0 
0 0 0 1 0 
0.624993 0.375007 0 0 0 
0 0 0 1 0 
0 0 0 1 0 
1 0 0 0 0 
0.328213 0.378666 0 0 0.293121 
0 0 0 0 1 
0 0 0 1 0 
0.368135 0 0 0.631865 0 
0 0.825236 0.174764 0 0 
0 0 0 0 1 
0 1 0 0 0 
1 0 0 0 0 
0.451997 0 0 0.548003 0 
0 0.377055 0.32539 0 0.297554 
0 0 0.711015 0.288986 0 
0 0.261395 0 0.738605 0 
0.252842 0 0.747158 0 0 
0 0 1 0 0 
1 0 0 0 0 
1 0 0 0 0 
1 0 0 0 0 
0.29021 0.70979 0 0 0 
