5 150
0.691351
0.520321
0.309844
0.674908
0.307686
9.85297 0.80008
9.75593 0.650211
9.61328 0.731707
9.37486 1.13887
9.23714 0.164105
9.21617 0.224584
9.04926 0.749682
9.03343 0.479469
8.74869 1.25422
8.1782 0.775239
7.98738 0.765519
7.96367 1.17012
7.96288 1.49507
7.90412 1.31283
7.71355 0.753434
7.6737 1.23827
7.66688 2.1205
7.50243 0.361763
7.11143 1.49927
7.10181 2.20518
7.03376 0.556461
6.89263 2.08981
6.89003 0.966835
6.86565 0.436008
6.82111 0.661326
6.69188 1.76145
6.68805 0.976109
6.65389 1.84194
6.63925 2.8081
6.51634 1.98409
6.46417 1.95745
6.35356 2.0922
6.15992 1.15713
6.15654 1.53717
5.99711 1.86713
5.95317 3.23626
5.84974 2.28823
5.81913 2.22978
5.76968 2.12326
5.74423 2.00495
5.53902 2.49783
5.52125 3.58726
5.51997 3.1299
5.42334 1.87469
5.16541 4.28035
5.0009 3.508
4.9577 2.31601
4.75667 3.2546
4.73384 2.30121
4.53926 2.97441
4.5306 3.12116
4.50757 3.10389
4.46452 3.91918
4.46295 2.86731
4.39533 2.71172
4.33838 3.05535
4.32362 2.29633
4.28351 2.33388
4.16656 4.05621
3.99894 4.79839
3.98328 4.27263
3.9277 4.99794
3.85825 3.74706
3.83767 3.35396
3.7436 5.04748
3.69441 2.86883
3.67336 4.20226
3.5703 5.50774
3.46961 3.4996
3.4676 3.99072
3.45574 3.51456
3.44549 3.2439
3.20629 4.56434
3.20444 4.49277
3.05375 5.18354
3.00408 5.95618
2.95819 4.93224
2.79949 5.26848
2.66628 5.10392
2.65946 5.95542
2.64034 6.18832
2.62056 3.80942
2.61861 5.939
2.48944 5.02678
2.4307 4.26918
2.34608 4.24581
2.31219 4.56932
2.10182 5.45934
1.95736 5.46875
1.93962 5.06214
1.83984 7.29152
1.82137 6.44278
1.76819 6.01836
1.71176 5.90306
1.61659 6.38292
1.59231 6.23674
1.51566 6.79828
1.43555 6.73777
1.37184 7.32325
1.36937 6.21301
1.16282 6.10963
1.12893 6.31199
1.12606 7.03513
0.985755 6.97892
0.972465 6.38742
0.899131 8.40042
0.848946 7.28337
0.823953 8.50665
0.764132 6.14874
0.61781 7.16817
0.616341 7.56875
0.588477 8.73694
0.584945 8.7311
0.563277 8.73958
0.527766 9.68022
0.517818 7.2921
0.503102 7.08324
0.48736 5.83841
0.470491 7.87374
0.443973 10.013
0.405793 5.8502
0.400571 8.45702
0.384971 9.26118
0.383751 7.86899
0.375693 6.1745
0.374757 9.33299
0.360695 8.73868
0.352778 9.59154
0.307043 6.40783
0.264184 7.80441
0.255074 6.45269
0.238833 9.30598
0.227488 8.91427
0.211281 6.70236
0.210632 10.6971
0.19969 7.99508
0.181909 10.078
0.167612 9.23428
0.0976918 9.67089
0.0957267 7.34462
0.0932433 11.0808
0.0653885 8.55188
0.0548462 7.30898
0.0436043 10.079
0.0256554 11.3377
0.0242467 11.445
0.021919 8.81511
0.0114925 11.1535
0.00676232 12.1769
0.00268464 11.9853
1 0 0 0 0 
0.360617 0 0 0.639383 0 
1 0 0 0 0 
0 0.448979 0 0 0.551021 
0 0 1 0 0 
0 1 0 0 0 
0.735219 0 0.264781 0 0 
0 0 0 1 0 
0 0 0 0 1 
0 0 0 1 0 
0 1 0 0 0 
0 0 1 0 0 
0.375501 0 0.624499 0 0 
0 0 0.436042 0.563958 0 
0 1 0 0 0 
0 0 0 1 0 
0 0.481168 0 0 0.518832 
0 0 0 1 0 
0 0 0 0 1 
0 1 0 0 0 
1 0 0 0 0 
0 0 0.504875 0 0.495125 
0 0 0 0 1 
1 0 0 0 0 
1 0 0 0 0 
0 0 0 1 0 
1 0 0 0 0 
0 0 1 0 0 
0 0 1 0 0 
0 0 1 0 0 
0 0 0 1 0 
0 0 0 0 1 
1 0 0 0 0 
0 0 1 0 0 
0 0 1 0 0 
0 0 1 0 0 
0 0 1 0 0 
0 0 1 0 0 
0 0 0 0 1 
0 0 0 0 1 
0 1 0 0 0 
0 0 1 0 0 
1 0 0 0 0 
0 0 1 0 0 
0 0 0 0 1 
1 0 0 0 0 
0 1 0 0 0 
1 0 0 0 0 
0 0 1 0 0 
0 0 1 0 0 
0 0 1 0 0 
0 0 0 1 0 
0 0 0 0.286349 0.713652 
0 1 0 0 0 
0 0 0 1 0 
0.3265 0 0 0 0.6735 
0 0 0 0 1 
0 1 0 0 0 
0 0 1 0 0 
0 1 0 0 0 
0 0 0 1 0 
0 0 0 0 1 
0 1 0 0 0 
0 0.130503 0.869497 0 0 
0.342314 0 0 0 0.657686 
0 0 0.667286 0 0.332714 
0 0 0 1 0 
0 0.503151 0 0.496849 0 
0 0 0 0 1 
0 0.398229 0 0 0.601771 
0 0 0 1 0 
0 0.34282 0 0.65718 0 
0.457073 0 0.542927 0 0 
0 0.138989 0.861011 0 0 
0 0.149669 0 0.850331 0 
0 0 1 0 0 
1 0 0 0 0 
0 1 0 0 0 
0 0 1 0 0 
0 1 0 0 0 
0 0 0.396835 0.603165 0 
0 0 0 1 0 
0 0 0 0 1 
0 0 0 0 1 
0 0 1 0 0 
0 1 0 0 0 
0 1 0 0 0 
0 0 0.520313 0.479687 0 
0 0 0 0 1 
0 0.514967 0 0 0.485033 
0 0 0 1 0 
0 0 0 0 1 
0 0 0 1 0 
1 0 0 0 0 
0.371332 0 0 0 0.628668 
0 0 0 1 0 
0 0 1 0 0 
0 1 0 0 0 
0 1 0 0 0 
1 0 0 0 0 
0 1 0 0 0 
1 0 0 0 0 
0 1 0 0 0 
0 1 0 0 0 
0 0 0 0 1 
0 0 0 1 0 
0 0.331176 0 0.668824 0 
0 0 1 0 0 
0 0 0 0 1 
0 0 0 1 0 
0 0 0 0 1 
0 0 0 0 1 
0 0 0 1 0 
0 0 0 1 0 
0 0.527378 0 0.472622 0 
0 0 0 0 1 
0.181323 0 0.818677 0 0 
1 0 0 0 0 
0 0 0 0 1 
0 0 0 0.753427 0.246573 
0 0 0 0 1 
0 0 1 0 0 
1 0 0 0 0 
0 0 0 0 1 
0 0 1 0 0 
1 0 0 0 0 
0 0 0 1 0 
0 0 0 1 0 
1 0 0 0 0 
0 1 0 0 0 
0.305959 0 0 0.694041 0 
0 0 0 0 1 
0 1 0 0 0 
0 0 0 1 0 
0 0 1 0 0 
0 0 0 0 1 
0 0 0 0 1 
0 0 0 0 1 
0 1 0 0 0 
1 0 0 0 0 
0 1 0 0 0 
1 0 0 0 0 
0 1 0 0 0 
0 0 1 0 0 
1 0 0 0 0 
0 0 0 0 1 
0.482979 0 0 0.517021 0 
0 0.385223 0 0 0.614777 
0 0 0 0.863556 0.136444 
0 0 1 0 0 
