5 100
0.373829
0.622814
0.654019
0.354678
0.733871
10.8973 0.177566
10.6342 0.156266
10.3098 0.638502
10.2885 0.260533
9.59802 0.739849
9.18428 0.634642
9.06064 1.18828
8.52609 1.15242
8.30472 1.01058
8.0801 1.20595
7.81977 1.09222
7.80495 1.70266
7.57497 1.07915
7.56521 1.76458
7.511 0.760125
7.42487 1.5413
7.24397 2.62719
7.05601 0.961008
7.0352 0.423693
6.56353 1.76582
6.28345 2.50803
6.24491 2.19364
6.22493 2.00194
5.99969 2.18534
5.93463 1.97426
5.90662 2.1753
5.75724 2.31933
5.62271 1.2872
5.39632 2.9416
5.27359 2.50733
5.22255 2.13322
4.83509 2.76429
4.74757 2.94046
4.62856 2.05732
4.46755 2.09495
4.08204 3.71788
4.04583 2.94247
3.79986 3.08903
3.7001 5.21885
3.19665 4.79667
2.97064 3.76668
2.89352 3.73795
2.83126 5.69818
2.8197 4.8792
2.59024 5.06909
2.5678 6.17037
2.41652 6.35488
2.37416 3.79596
2.36218 5.84293
2.34269 4.79677
2.30564 4.23584
2.18101 4.45387
2.09244 4.62977
2.07002 5.93521
2.03425 4.12792
1.98693 4.20771
1.96504 5.03758
1.78988 6.61049
1.70324 7.32064
1.48245 7.13032
1.35552 5.46823
1.20559 5.41948
1.11405 5.12529
1.02097 6.07136
1.01657 8.38757
0.877798 7.16827
0.846844 7.16189
0.825361 7.02373
0.810883 7.20913
0.718101 8.42958
0.685512 8.72033
0.649553 8.23522
0.586151 5.9108
0.522819 8.54353
0.49568 9.00697
0.489919 6.56667
0.485206 6.22522
0.435538 7.77797
0.428315 9.39785
0.357409 6.87605
0.331229 8.42885
0.326055 10.0237
0.243955 8.3829
0.201624 8.95789
0.162792 10.6117
0.157271 8.32772
0.15311 8.51419
0.129916 8.9546
0.118442 8.22296
0.0930117 6.76942
0.0914957 8.93863
0.0838015 7.61498
0.0743361 7.43156
0.0543743 7.18153
0.0328699 8.22399
0.0297294 11.1968
0.0147458 7.61101
0.0115198 10.0734
0.00468309 11.6104
0.00198915 8.23575
0.146762 0.208545 0 0.644693 0 
0.449773 0.255845 0 0 0.294382 
0 0.218956 0.49811 0 0.282934 
0 0 0.856872 0 0.143128 
0 0 0 0.491227 0.508773 
0 0 0.398887 0.451018 0.150095 
0 0 0.786874 0 0.213126 
0.183187 0 0.133934 0.320307 0.362572 
0.183004 0.329752 0.425603 0.0616407 0 
0.292642 0 0.109658 0.5977 0 
0.591396 0 0 0 0.408604 
0.121101 0.335555 0 0.543343 0 
0.0679699 0.490475 0.129009 0.111825 0.20072 
0.388373 0.205467 0 0.40616 0 
0 0.826848 0 0.173152 0 
0.29929 0.154203 0.338794 0 0.207712 
0.243834 0.362457 0.246635 0.147074 0 
0.569618 0 0 0 0.430382 
0 0 0.365347 0.450713 0.18394 
0.42365 0 0 0.376058 0.200292 
0.4341 0.149572 0 0 0.416329 
0.144936 0.250093 0.292925 0 0.312046 
0.382215 0.485694 0 0.132091 0 
0 0.465786 0 0.534214 0 
0.180537 0 0.349598 0.214887 0.254978 
0.220513 0.426957 0 0.35253 0 
0.137323 0.415007 0 0.0511654 0.396504 
1 0 0 0 0 
0.265875 0 0 0.500427 0.233698 
0 0 1 0 0 
0.381711 0.188469 0.42982 0 0 
0.86527 0 0.134729 0 0 
1 0 0 0 0 
0.41173 0 0 0 0.58827 
0.147552 0 0.284459 0.111558 0.456431 
0.227439 0.139931 0.251257 0.322663 0.0587097 
0 0.452341 0.378901 0 0.168758 
0.228667 0.23232 0.145382 0.2425 0.15113 
0.208862 0.461576 0 0 0.329561 
0 0.424052 0 0 0.575948 
0.149897 0.365974 0.0625555 0 0.421573 
1 0 0 0 0 
0.219174 0 0.57956 0 0.201266 
0.309151 0.690849 0 0 0 
0 0 0.373178 0.300725 0.326096 
0 0 0 1 0 
0.344059 0.215352 0 0 0.440589 
0.326712 0.253387 0 0.419901 0 
0.271894 0.355037 0.309931 0.0631376 0 
0.488325 0 0.180888 0.330787 0 
0 0.161145 0 0.424186 0.414669 
0.274643 0 0.132547 0.230213 0.362598 
0.123309 0 0.507694 0 0.368997 
0.362981 0.0416705 0 0.258566 0.336783 
0 0 0.464115 0.0740629 0.461822 
0 0 0.378331 0 0.621669 
0.380528 0 0.219364 0.239237 0.160871 
0 0.205393 0 0 0.794607 
0.115705 0.283656 0 0.290917 0.309723 
0.510807 0 0.36662 0.122573 0 
0.382519 0 0.502857 0 0.114625 
0.519129 0 0.337466 0.143405 0 
0.415219 0.448825 0.135957 0 0 
0.394787 0 0 0.605213 0 
0.22871 0.057952 0.133484 0.244825 0.335029 
0.315623 0.141475 0 0.152928 0.389973 
0.408059 0.396417 0.122927 0.0725967 0 
0 0.523543 0 0 0.476457 
0 0 0 1 0 
0 0 0.338727 0.333995 0.327278 
0.437802 0 0 0.429564 0.132634 
0.404865 0.240107 0.355028 0 0 
0.185351 0.270695 0.168915 0 0.375039 
0 0.358774 0.143291 0.497935 0 
0.385489 0 0 0.366422 0.248089 
0 0.294362 0.1095 0.25955 0.336587 
0.284939 0.335017 0 0.165121 0.214923 
0.242817 0.590767 0 0.166416 0 
0 0 0.236269 0 0.763731 
0 0.517526 0.412346 0.0701281 0 
0.13267 0.390764 0.145527 0.331039 0 
0 0.323636 0.676364 0 0 
0.201205 0.171846 0.0847933 0.270524 0.271632 
0.290292 0 0.268973 0.161022 0.279712 
0.383933 0.271466 0 0 0.344601 
0.276321 0 0.382915 0 0.340764 
0.483874 0 0.284337 0.231789 0 
0 0.431119 0.102961 0 0.46592 
0.272525 0 0.394524 0.332951 0 
0 0.448377 0 0.551623 0 
0 0 0.481705 0.518295 0 
0.0607651 0.283379 0.232258 0.423599 0 
0.229827 0 0.28314 0.421915 0.0651184 
0.626788 0.121293 0 0.251919 0 
0.205049 0.464847 0 0.330104 0 
0.152258 0.391904 0 0.455838 0 
0 0.256532 0.743468 0 0 
0 0 0.500098 0.499902 0 
0.497022 0.2786 0.224379 0 0 
0.282307 0.547297 0.170396 0 0 
