5 200
0.392186
0.570444
0.380085
0.737976
0.593684
11.3781 0.259599
11.0711 0.451322
10.4091 0.95294
10.0939 0.517123
9.82716 0.508039
9.74252 0.623028
9.62413 0.377581
9.58088 0.273824
9.35355 1.17303
9.33848 0.922538
9.25873 1.10366
9.17771 1.09974
9.03864 1.39346
8.573 0.996801
8.40589 0.188306
8.38286 0.862914
8.30711 1.19198
8.22814 0.725992
8.053 1.51763
7.8072 1.23615
7.56496 1.58975
7.46205 0.347171
7.41834 2.05035
7.25481 1.56226
7.10692 0.391447
6.97278 0.640044
6.96595 0.909212
6.88856 1.58297
6.85272 2.64193
6.76486 0.962994
6.6471 2.20274
6.59054 1.0837
6.41427 0.915525
6.30007 1.77712
6.24046 1.28307
6.00979 1.58037
5.99163 2.15731
5.75115 2.14109
5.73663 2.65351
5.57349 1.94554
5.56735 3.07762
5.33532 3.96461
5.31173 2.82148
5.28021 2.72787
5.23348 3.80168
5.22697 3.93885
5.20633 1.36622
5.14268 3.57715
4.94875 3.08837
4.92892 3.19085
4.85399 1.90652
4.84438 3.38915
4.83212 2.25537
4.80367 3.92582
4.79914 3.92318
4.71132 3.94019
4.69791 2.78558
4.5095 3.62827
4.5083 2.07966
4.45596 3.24055
4.44456 3.10132
4.43974 3.99788
4.33689 2.70496
4.33611 2.76416
4.28588 3.58314
4.16445 4.02468
4.10759 4.63739
4.04623 2.76263
3.9318 3.43235
3.82073 3.2187
3.76488 5.1093
3.73095 4.7439
3.69065 4.1858
3.59496 3.51005
3.5857 5.50208
3.54343 3.94468
3.31972 4.00011
3.28629 5.11293
3.28009 3.02965
3.27644 3.29076
3.23472 4.29352
3.22828 4.56363
3.20383 4.12413
3.17013 4.79352
3.14361 4.61411
3.08793 4.75475
3.0009 5.0339
2.88184 4.93756
2.84572 4.92296
2.82261 3.94735
2.73618 3.45168
2.72048 3.79281
2.7141 4.26162
2.66182 3.30217
2.59409 3.95331
2.55417 5.01927
2.54329 5.42673
2.54107 3.64947
2.54061 3.80942
2.51808 5.23897
2.48027 5.0958
2.47635 5.71104
2.43801 5.29709
2.35593 5.24739
2.34208 5.35016
2.26018 6.22297
2.21912 4.7791
2.16558 4.80379
2.14029 4.08611
2.09962 4.1095
2.02746 4.76702
1.98788 5.36127
1.96831 4.09673
1.86436 6.31674
1.78127 7.10402
1.65785 5.35347
1.54138 6.02884
1.51993 5.34567
1.50242 5.81319
1.47381 5.3832
1.40204 6.94202
1.39633 6.81025
1.36337 4.57886
1.25812 5.19463
1.25657 6.2715
1.24109 7.58426
1.23173 5.96381
1.19472 7.39536
1.18868 8.29637
1.13608 5.971
1.108 5.89793
1.0889 6.02066
1.05566 5.43601
0.990059 5.31513
0.98408 7.07518
0.973909 6.32132
0.967138 7.94902
0.962224 6.04072
0.959091 5.08587
0.951073 8.17214
0.950209 8.13964
0.924347 7.8989
0.830992 6.03916
0.755481 7.95603
0.711675 8.81405
0.706307 6.59557
0.652759 6.72682
0.652584 6.86927
0.642033 7.89375
0.606471 7.26491
0.572917 8.75825
0.551507 6.90813
0.542241 7.52192
0.536795 6.86808
0.52277 7.92478
0.510889 6.88955
0.492458 7.46749
0.445297 8.00855
0.429262 7.72688
0.424828 6.48006
0.41313 9.13774
0.379669 9.09612
0.372032 7.5496
0.347525 7.22615
0.3285 8.58486
0.316126 7.28001
0.310443 7.95531
0.309211 8.73459
0.299555 8.26726
0.275944 6.42248
0.271685 6.95096
0.263425 6.66897
0.239736 6.69955
0.237257 8.3905
0.204793 9.18305
0.176341 10.755
0.170699 10.3707
0.162706 10.7398
0.14975 7.9772
0.145111 6.74134
0.138657 9.06672
0.106637 7.37734
0.0984493 10.9153
0.0835134 7.75423
0.0796576 8.19274
0.0718857 9.10554
0.0711629 8.17601
0.0680489 7.47537
0.0666098 8.50556
0.0590667 7.92702
0.0585224 9.99808
0.0522691 8.06897
0.0183514 10.0637
0.0165635 10.4392
0.0156921 9.53927
0.00643216 10.2701
0.00321622 7.58216
0.00245778 11.4138
0.00177983 7.93882
0.00136056 8.41248
0 0 1 0 0 
0 0 0 0.739711 0.260289 
0 0.255558 0 0 0.744442 
0.361793 0.126329 0.275511 0 0.236367 
0 1 0 0 0 
0 0.418003 0 0.581997 0 
0 0 0 1 0 
0.482622 0 0.517378 0 0 
0.452015 0 0.436216 0 0.111769 
0 0 0 1 0 
0.186762 0 0.574121 0 0.239117 
0.229409 0 0 0.216342 0.554249 
0.257178 0.221167 0.19076 0 0.330895 
0 0 0 0.157798 0.842202 
1 0 0 0 0 
0 1 0 0 0 
0 0 0 1 0 
0 0.387653 0.612347 0 0 
0 0 0.27288 0 0.72712 
0.51995 0.48005 0 0 0 
0.443051 0 0.556949 0 0 
0.419564 0 0.580436 0 0 
0 0 0.450208 0 0.549792 
0.575232 0 0 0.424768 0 
0 0.301586 0.698414 0 0 
0.280394 0 0.297801 0.421805 0 
0.419604 0 0 0.294811 0.285585 
0 0 1 0 0 
0 0 0.690046 0 0.309954 
0.418249 0.300737 0 0.281015 0 
0.221589 0 0.257858 0 0.520553 
0 0.471872 0.528128 0 0 
0 1 0 0 0 
0.415603 0 0 0 0.584397 
0 0 0.528499 0 0.471501 
0 0 0.310731 0.367385 0.321885 
0 0.349971 0.446718 0 0.203311 
0 0 0 0 1 
0.21546 0.382248 0 0 0.402292 
0 0.429622 0 0.0968841 0.473494 
0 0 0 1 0 
0 0.856772 0 0 0.143228 
0.315679 0.128443 0.555878 0 0 
0 0 1 0 0 
0.259248 0.326027 0.217532 0 0.197193 
0 0 0 1 0 
0 0 0 0 1 
0.0975842 0.277021 0 0.625395 0 
0.408753 0 0.591247 0 0 
0.326632 0.393364 0 0 0.280004 
0 0.619385 0 0 0.380615 
0 0.378372 0 0.621628 0 
0 0.347871 0.544689 0 0.10744 
0 0 1 0 0 
0 0 0 0.639282 0.360718 
0.165856 0 0.125891 0 0.708253 
0 0.311962 0.329422 0 0.358616 
0 0.507103 0 0 0.492897 
0.334847 0 0.445776 0.0530499 0.166327 
0 0 0 0 1 
0 0 0.543534 0 0.456466 
0 0 0.591424 0.408576 0 
1 0 0 0 0 
0 0 0.304672 0.695328 0 
0 0 0.242669 0.525161 0.23217 
0.483087 0.456079 0 0.0608334 0 
0 0 0 0.359091 0.640909 
0.389924 0 0.610076 0 0 
0 0.69158 0 0.30842 0 
0.545152 0.454847 0 0 0 
0.491523 0 0 0.288892 0.219585 
0 0 0.727812 0 0.272188 
0 0.806008 0.193992 0 0 
0.688181 0 0.311819 0 0 
0 0 0.541193 0 0.458807 
0 0.441892 0.558109 0 0 
0.530307 0.152099 0.317594 0 0 
0 0.187387 0.812613 0 0 
0 0 0 1 0 
0.309425 0 0 0.690575 0 
0 0 1 0 0 
0 0 0.557545 0 0.442455 
0 0.216094 0.68374 0.100166 0 
0.761965 0 0 0 0.238035 
0 0.231944 0 0 0.768056 
0 1 0 0 0 
0.380521 0 0 0 0.619479 
0.491075 0.291481 0 0.217443 0 
1 0 0 0 0 
0 0 1 0 0 
0 0 0.423543 0 0.576457 
0 0 0 0.463954 0.536046 
0 0.740152 0.259848 0 0 
0.269507 0 0.493864 0.236629 0 
0 1 0 0 0 
1 0 0 0 0 
0 0 0 1 0 
0 0.635002 0 0.364998 0 
0 0.428885 0.188144 0.38297 0 
0 1 0 0 0 
0 0 0.382235 0 0.617765 
0 0 0.475969 0.524031 0 
0 0.429881 0.570119 0 0 
0.336865 0.572496 0.0906393 0 0 
0 0 0 0.267459 0.732541 
0 0 0 1 0 
0 0 1 0 0 
0 1 0 0 0 
0 0 1 0 0 
0 0.313284 0.392513 0 0.294204 
0 0.46991 0 0.37224 0.15785 
0 1 0 0 0 
0 0 0 0.180149 0.819851 
0 1 0 0 0 
0.271564 0.120563 0.347222 0 0.260651 
0 0 1 0 0 
0 0 0.274456 0.24782 0.477724 
0.532307 0 0 0.107804 0.359889 
0.508448 0 0 0 0.491552 
0 0.388643 0 0.611357 0 
0.207794 0 0.579295 0 0.212911 
0.279894 0 0.437455 0 0.282651 
0 0.196266 0.803734 0 0 
0.108198 0.304481 0.242849 0 0.344473 
0 0.707547 0 0.292453 0 
0 1 0 0 0 
0 0 0 0.724889 0.275111 
0 1 0 0 0 
0 0 0.324434 0.533723 0.141843 
0 0 0 1 0 
1 0 0 0 0 
0 0 0.311984 0 0.688016 
0 0 0 1 0 
0 1 0 0 0 
0 0 0 1 0 
0 0 0.722424 0 0.277576 
0.446932 0.553068 0 0 0 
0.206583 0 0.656284 0 0.137132 
0 0 0.4823 0 0.5177 
0 1 0 0 0 
0 0 0 1 0 
0 0 1 0 0 
1 0 0 0 0 
0 0 0 0.462209 0.537791 
0 1 0 0 0 
0.168923 0 0.338539 0.363119 0.129419 
1 0 0 0 0 
0.408668 0.492562 0 0 0.0987708 
0 1 0 0 0 
0.836217 0 0 0.163783 0 
0 0 0 1 0 
0 0 0 1 0 
0.15354 0 0.43146 0 0.415 
0 0 0.490117 0 0.509883 
0.580286 0.419714 0 0 0 
0.253485 0 0.195247 0.551268 0 
0 0 1 0 0 
0.575017 0 0.424983 0 0 
0 0 0.15931 0 0.84069 
0 0 0.660936 0.339064 0 
0 0 1 0 0 
0.251336 0 0.2052 0.361552 0.181912 
0 0 0.728983 0.271017 0 
0 0.163487 0 0.836513 0 
0 0 1 0 0 
1 0 0 0 0 
0 0 0 0 1 
0 0 0.453667 0 0.546333 
0 0 0.20676 0 0.79324 
1 0 0 0 0 
0 0 0.115148 0.582877 0.301975 
0 0.635699 0 0 0.364301 
0 0 0 1 0 
0.263724 0.26436 0 0.471915 0 
0 1 0 0 0 
0 0 0.685886 0 0.314114 
0.263512 0 0 0.736488 0 
0 0.774239 0 0.225761 0 
0.790914 0 0 0 0.209086 
0 0 0 0.282286 0.717714 
0.693579 0.306421 0 0 0 
0 0 1 0 0 
0 0.305315 0.694685 0 0 
0 0.691045 0 0.308955 0 
0 0 0.688508 0 0.311492 
0 0 1 0 0 
0 0 0 0 1 
0 0 0.740206 0 0.259794 
0.26423 0 0.365841 0 0.369929 
0.883287 0.116713 0 0 0 
0 0 0 0.50722 0.49278 
0 0 0.791218 0 0.208782 
0.339134 0 0 0 0.660866 
0 0.213735 0.539583 0 0.246682 
0.2205 0 0 0.779499 0 
0.854097 0 0.145903 0 0 
0.247934 0 0.542405 0 0.209661 
0.244986 0.256788 0.274053 0 0.224173 
0 0 0 0.601735 0.398265 
0 0 0.380933 0.619067 0 
