5 50
0.531411
0.402394
0.606868
0.725524
0.370334
10.4618 0.49682
10.1731 0.322322
9.40253 0.16757
8.38262 0.478539
8.20053 0.879275
8.12956 1.00724
7.8551 0.354148
6.89286 1.09932
6.72574 1.4604
6.25905 2.85852
5.80453 2.29739
5.70616 2.67474
5.69836 2.5858
5.66666 2.38514
5.56183 2.05725
5.39394 2.73553
5.17904 2.06893
4.8186 1.83081
4.80233 3.67414
4.72351 3.77864
4.286 3.10007
3.98184 5.11834
3.7863 3.24424
3.26176 3.98317
2.58254 5.09895
2.46191 4.56552
2.4538 4.52189
2.41751 6.39444
2.40256 4.56687
2.38144 5.12473
2.19001 6.11201
1.97273 3.89705
1.61258 6.68966
1.1933 7.08194
0.947295 6.87828
0.892838 7.04067
0.879346 8.05528
0.782243 7.43184
0.477405 6.17622
0.419769 9.64991
0.350138 8.79885
0.349226 7.62951
0.332806 6.88295
0.282813 7.643
0.0756465 10.448
0.0699981 10.4043
0.0193292 9.00203
0.00932838 11.18
0.00337687 8.21117
0.0024897 11.9242
0.0994701 0.204936 0.294755 0.0762449 0.324594 
0.539587 0 0.121468 0.338945 0 
0 0.394401 0 0.328176 0.277423 
0 0.188608 0 0.30061 0.510782 
0.154909 0 0.43677 0 0.408321 
0 0.252788 0 0 0.747212 
0.336319 0.663681 0 0 0 
0.334976 0.11906 0.209888 0.336076 0 
0 0.312028 0.377744 0 0.310227 
0 0.433947 0.235676 0.153266 0.177112 
0 0 0.3911 0.6089 0 
0.254721 0.13855 0.311618 0.295111 0 
0.300386 0.154656 0 0.103908 0.44105 
0.249149 0.279963 0.470888 0 0 
0 0 1 0 0 
0 0 0.457576 0.542424 0 
0 0.19891 0.292487 0 0.508603 
0 0 0.450522 0.336231 0.213247 
0 0.54804 0.168209 0 0.283751 
0 0 0.60734 0 0.39266 
0.558759 0 0 0.441241 0 
0 0.378074 0 0 0.621926 
0.283065 0.186382 0.195539 0 0.335013 
0.125196 0.148516 0.171233 0.348967 0.206088 
0.224807 0.323451 0 0.171217 0.280525 
0 0 0.412458 0.587542 0 
0.457556 0 0 0 0.542444 
0.607132 0 0.392868 0 0 
0 0.18207 0.81793 0 0 
0 0.268409 0.337151 0.339074 0.0553667 
0.414978 0.396751 0.188271 0 0 
0.642285 0.227537 0.130179 0 0 
0.233682 0.139577 0.40422 0 0.222521 
0 0.763434 0.236566 0 0 
0 0.402086 0.385489 0.212425 0 
0.307886 0.266716 0.0921066 0.13995 0.193342 
0.0927707 0.413791 0.165894 0 0.327544 
0 0 0.848721 0.151279 0 
0.17612 0.243475 0.304591 0 0.275815 
0 0.299706 0.236156 0.201662 0.262476 
0.19066 0 0 0.306349 0.50299 
0.202814 0 0 0.26705 0.530136 
0.160536 0.282762 0.259408 0.297294 0 
0 0 0 0.717411 0.282589 
0.192512 0.4802 0.327289 0 0 
0.551401 0.165188 0 0.283411 0 
0.491442 0 0.110929 0.397629 0 
0 0 0 1 0 
0.0443626 0 0.291781 0.313592 0.350264 
0.598627 0.401373 0 0 0 
