5 200
0.719039
0.279679
0.301347
0.472861
0.456565
11.9512 0.183044
11.435 0.318788
11.3139 0.261875
10.4759 0.163774
10.4667 0.424724
10.2474 0.508437
10.1646 0.527925
10.0072 0.720199
9.74529 0.78733
9.55204 0.925382
9.54744 0.186716
9.42263 1.28332
9.15969 0.790393
8.96511 0.551094
8.94239 0.34934
8.543 0.708943
8.50885 1.30392
8.48249 0.382857
8.46449 1.62626
8.16344 0.943428
8.13157 1.31311
8.11498 0.4343
7.42913 2.60239
7.24856 1.76062
7.18113 1.39459
6.85178 2.52975
6.80539 1.73765
6.7761 2.6198
6.57925 2.73228
6.5792 1.11845
6.53651 0.824775
6.48852 1.58772
6.47415 2.14618
6.39341 1.00805
6.32654 2.29006
6.28382 2.12178
6.28244 2.98993
6.12938 1.87064
6.0947 3.21426
6.0775 1.901
6.07301 2.77133
6.03953 2.75832
5.91869 2.25863
5.90832 2.67499
5.88383 2.89064
5.83556 1.39965
5.80424 3.16017
5.72017 2.25891
5.70166 2.66637
5.67561 3.68316
5.49599 1.98656
5.4882 2.43406
5.45456 3.69122
5.29005 1.97535
5.2284 2.70034
5.22405 2.52288
5.09492 3.11825
5.04729 1.52512
5.00956 3.22536
4.99597 1.69926
4.9057 2.24428
4.82142 3.46367
4.78394 2.97373
4.77511 4.24887
4.77314 2.94125
4.77096 2.80151
4.67068 1.96739
4.66022 2.54076
4.65027 3.03449
4.57295 3.05272
4.57134 3.74051
4.52398 2.6378
4.50995 3.01741
4.49214 4.24327
4.2349 3.33534
4.17035 3.03104
4.05034 3.05287
4.03974 2.46565
3.99666 3.71239
3.82117 4.70917
3.81231 4.42748
3.6575 3.08299
3.63987 3.43311
3.52996 3.67113
3.50011 3.28993
3.34695 5.48181
3.30392 2.6551
3.27018 3.58602
3.22069 3.2927
3.20511 5.37509
3.13439 3.84323
3.02412 3.54019
2.95034 4.76181
2.94021 3.8976
2.91974 4.43552
2.69754 3.23918
2.62562 5.17953
2.61079 4.5859
2.58777 3.66096
2.48833 4.653
2.46796 4.17142
2.46675 5.80287
2.45371 5.1525
2.45091 5.36842
2.38485 5.1768
2.34712 5.47095
2.34018 6.5603
2.31926 5.76397
2.29049 4.15451
2.2692 5.56573
2.24478 4.75279
2.1859 4.71701
2.13825 4.52812
2.12881 4.56561
2.11324 6.64567
2.10636 6.07621
2.09223 5.32924
2.08147 5.52528
1.95891 5.38759
1.90775 5.80606
1.89318 4.88153
1.88836 5.2983
1.7067 5.66321
1.64862 6.74142
1.63711 5.34013
1.54945 6.72518
1.53869 6.46691
1.4805 4.55088
1.47108 6.35586
1.46507 5.08263
1.35907 4.76845
1.21413 5.87417
1.19858 6.89126
1.18888 6.3748
1.14162 6.84208
0.977789 7.40704
0.976235 5.33837
0.905375 5.47348
0.900336 5.2651
0.889885 5.91192
0.861085 6.87408
0.849331 7.3236
0.832875 7.30869
0.823111 5.51642
0.804337 5.87815
0.803287 7.45085
0.786334 6.07129
0.782712 8.31984
0.776028 7.12604
0.766144 7.50944
0.762849 7.20746
0.758041 6.73815
0.741365 8.56706
0.700837 8.56621
0.697084 6.02458
0.690427 8.48648
0.646491 8.67122
0.640103 8.2395
0.594747 8.03811
0.585535 8.51075
0.575924 8.44728
0.553396 7.16955
0.504618 8.82338
0.504483 6.91403
0.409882 7.91281
0.405063 6.17172
0.375375 6.20661
0.330916 8.57328
0.294752 9.92082
0.254883 6.62456
0.198415 6.64023
0.195377 8.39525
0.162258 9.89134
0.157818 7.88702
0.143087 10.994
0.140174 10.7634
0.127183 7.85985
0.124578 10.5936
0.121032 8.37538
0.0989367 7.6353
0.0989043 10.0413
0.0779611 11.3032
0.0735065 11.0614
0.0671829 11.0106
0.066041 9.46384
0.054366 10.997
0.029311 8.46956
0.0223543 8.87697
0.0214898 9.86304
0.0209811 8.98592
0.020532 9.07539
0.0191955 9.21518
0.0178246 10.6074
0.0107814 10.9891
0.00767569 10.7674
0.00643741 9.03438
0.00564495 11.9464
0.00490041 8.6915
0.00451025 7.84434
0.00169914 7.78456
0 0.368818 0 0.385283 0.245898 
1 0 0 0 0 
0.1883 0.277362 0.0742387 0 0.460099 
0 0.414327 0 0.486362 0.0993113 
0 1 0 0 0 
0 0.263827 0.434789 0 0.301384 
0.101006 0.214019 0.342687 0.287875 0.0544131 
0 0.44145 0 0 0.55855 
0.656456 0 0.343544 0 0 
0 0 0.160968 0.376503 0.462529 
0.253813 0.294592 0.0393402 0.205071 0.207184 
0.306047 0 0.354691 0.339262 0 
0.298229 0 0.163578 0.335653 0.20254 
0.173997 0 0.40261 0.423393 0 
0.296012 0.205483 0.233726 0 0.264778 
0.726272 0 0 0.273728 0 
0 0 0.0745431 0.471908 0.453548 
0 0 0.29558 0.339519 0.364901 
0 0 0.295048 0.330634 0.374318 
0 0.325029 0.465375 0.209596 0 
0.318499 0.3316 0.0822673 0.267634 0 
0 0.395114 0.31123 0.293656 0 
0 0.185633 0.252919 0.273005 0.288442 
0.818057 0 0 0.181943 0 
0 0.508795 0 0.323195 0.16801 
0 0.299492 0 0.259885 0.440624 
0 0.186314 0 0.6509 0.162786 
0 0 0.467887 0.532112 0 
0.204194 0 0.401506 0.3943 0 
0.224662 0 0.775338 0 0 
0 0 0 1 0 
0 0 0.791536 0 0.208464 
0 0.126852 0.24675 0.452117 0.174281 
0 0.226477 0.357536 0.260371 0.155616 
0.118779 0 0.332768 0.548453 0 
0 0 0.26248 0.73752 0 
0.355677 0.142692 0.064891 0.43674 0 
1 0 0 0 0 
0.294926 0.188834 0.329284 0.186956 0 
0 0.186542 0.419032 0.394426 0 
0 0.593301 0 0.406699 0 
0.238155 0.0584584 0.38215 0.321237 0 
0.198136 0.31849 0.164658 0.318715 0 
0.359989 0.161155 0.265956 0 0.2129 
0.271909 0.295789 0.432302 0 0 
0.333213 0.443021 0.0961439 0.127622 0 
0 0.184929 0 0.143432 0.671639 
0.313014 0 0 0.584458 0.102528 
0 0.187219 0 0.531799 0.280982 
0.286693 0.158419 0 0.222763 0.332125 
0.311152 0.190702 0 0.154269 0.343877 
0.168085 0 0.451948 0 0.379967 
0 0 0.208771 0.791229 0 
1 0 0 0 0 
0.289045 0 0 0.509389 0.201566 
0 0.647638 0 0 0.352362 
0.241335 0.0931355 0.297031 0.0942673 0.274231 
0 0.619421 0 0.127482 0.253096 
0.375804 0.371188 0 0 0.253009 
0.108023 0.343902 0.189748 0 0.358327 
0 0.226356 0.25801 0.136016 0.379618 
0.33367 0 0 0.277262 0.389067 
0.449959 0 0.550041 0 0 
0.301133 0.138675 0.310855 0 0.249336 
0 0.26349 0.516907 0.109841 0.109762 
0 0.448829 0 0.20004 0.351131 
0.202501 0.166943 0.426821 0 0.203735 
0.465984 0.215121 0.318894 0 0 
0 0 0 0.216609 0.783391 
0 0.490496 0 0.325213 0.184291 
0.153346 0.542684 0 0.30397 0 
0.219362 0.431963 0.348675 0 0 
0 0.877746 0 0 0.122254 
0.117124 0 0.19225 0.373012 0.317614 
0 0 0.449509 0.550491 0 
0.229366 0.429535 0 0 0.341099 
0.262739 0 0.737261 0 0 
0.392524 0 0.359363 0.248113 0 
0.292036 0 0.416641 0 0.291322 
0.102459 0.194369 0.420114 0 0.283058 
0 0.505911 0 0.494089 0 
0 0.425449 0 0.109416 0.465135 
0.310901 0.381922 0 0 0.307177 
0 0.170007 0.533377 0 0.296616 
0 0.3592 0.22893 0 0.41187 
0.467901 0 0 0.532098 0 
0.149911 0.487634 0 0.362455 0 
0 0.257003 0.656354 0.0866434 0 
0.381056 0.312702 0 0 0.306242 
0 0.4257 0.390025 0.184275 0 
0.390239 0.260066 0 0.117316 0.232379 
0.391232 0 0 0.149524 0.459244 
0 0.253616 0.426221 0.320164 0 
0 0.292281 0.156143 0.551576 0 
0.342055 0 0 0 0.657945 
0.533963 0.256697 0 0.20934 0 
0.228574 0.259558 0.217212 0 0.294657 
0 0 0.227896 0.51422 0.257884 
0 0.087449 0.782262 0 0.130289 
0 0.545083 0 0.16657 0.288347 
0 0.45462 0 0.54538 0 
0 0.436786 0.18058 0 0.382634 
0 0 0.350792 0.649208 0 
0.304299 0.182264 0.11736 0.275957 0.120121 
0.280931 0.214671 0 0.504397 0 
0.291852 0.52031 0 0.187838 0 
0.258185 0 0.228881 0.512934 0 
0.191434 0.424635 0 0.383931 0 
0.215377 0.297017 0.216452 0 0.271154 
0.276782 0 0.322909 0.204888 0.195421 
0 0 0.186425 0.383156 0.430419 
0.370657 0 0.629343 0 0 
0.558984 0.441016 0 0 0 
0 0 0.459767 0 0.540233 
0 0.169558 0.337158 0.371757 0.121527 
0.231598 0 0.31572 0.0610968 0.391585 
0.248732 0 0 0.356246 0.395021 
0 0.32344 0 0.67656 0 
0.595508 0 0 0.404493 0 
0.448466 0.313864 0 0 0.23767 
0.494446 0.505554 0 0 0 
0.334645 0.249091 0.416264 0 0 
0 0.244232 0.755768 0 0 
0.483747 0.214531 0.301722 0 0 
0.291872 0.214035 0.274749 0 0.219345 
0.0759921 0.37623 0.290273 0.257504 0 
0 0 0.403627 0.419447 0.176926 
0.169462 0 0.231885 0.483423 0.115231 
0.536123 0 0 0.463877 0 
0 0 0 0.550078 0.449922 
0.379599 0.265995 0.274877 0 0.0795288 
0 0.397737 0 0.602263 0 
0 0.40891 0.45955 0 0.13154 
0.254904 0 0.403514 0 0.341582 
0.296158 0.260361 0 0.136831 0.30665 
0.458758 0.092419 0 0 0.448823 
0.305342 0 0.360502 0.0531541 0.281002 
0.501176 0 0.402703 0 0.0961218 
0.159447 0.352826 0 0 0.487727 
0.48585 0 0 0.51415 0 
0.298593 0.259615 0 0.441792 0 
0 0.413165 0.201833 0 0.385002 
0 0.23069 0.198379 0.172553 0.398378 
0.824687 0 0 0 0.175313 
0.505928 0.494072 0 0 0 
0.514561 0 0.389526 0.0959131 0 
0.174103 0.406743 0.194438 0 0.224716 
0.388152 0.123366 0.324324 0 0.164159 
0.267673 0.326601 0.254426 0.0685079 0.0827917 
0.232186 0.305447 0.462367 0 0 
0 0.87393 0 0 0.12607 
0 0.356203 0 0.643797 0 
0.353081 0 0.313912 0 0.333006 
0.0462319 0.223871 0 0.348372 0.381525 
0 0.557864 0.442136 0 0 
0 0.409885 0.590115 0 0 
0.2674 0.301772 0.356357 0.0744707 0 
0.353083 0 0 0.269128 0.377789 
0 0 0 0 1 
0.266878 0.3126 0 0.234655 0.185867 
0.585371 0 0.255647 0.158982 0 
0.782368 0 0.217632 0 0 
0 0.381157 0.0971163 0.215381 0.306346 
0 0.187146 0.297023 0.515831 0 
0 0.265831 0.33925 0.269343 0.125577 
0 0.342545 0.332784 0.324671 0 
0 0.168669 0.32054 0.206218 0.304572 
0 0 0 1 0 
0 0.144577 0.35685 0.284384 0.214189 
0.497133 0.101951 0 0.400916 0 
0.303084 0.218741 0 0.290705 0.18747 
0.292936 0.407565 0.2995 0 0 
0.199635 0 0 0.800365 0 
0 0.36028 0.0971025 0.183478 0.35914 
0 0 0.849481 0 0.150519 
0 0.508655 0 0 0.491345 
0.335019 0 0.363039 0 0.301942 
0 0 0.545792 0 0.454208 
0.549792 0.450208 0 0 0 
0 0.356835 0 0 0.643165 
0.369714 0.067293 0 0.0737366 0.489257 
0.263929 0 0.184816 0.308747 0.242508 
0.541537 0 0 0 0.458463 
0.463688 0 0.237581 0.298732 0 
0 0 0.195247 0 0.804753 
0.200745 0.310429 0.357272 0 0.131554 
0 0.333613 0 0.387188 0.2792 
0.118311 0 0.881689 0 0 
0.13307 0 0 0.643513 0.223417 
0 0.39298 0 0.154598 0.452421 
0 0.18568 0 0.489064 0.325256 
0.125521 0 0.345202 0.243858 0.285419 
0 0.303041 0 0.696959 0 
0.247908 0.0516815 0 0.372802 0.327609 
0.232195 0.108432 0 0.391081 0.268292 
0.314166 0 0.685835 0 0 
0 0 0 0.758101 0.241899 
0.366111 0 0 0.404243 0.229646 
0.396081 0.14797 0.135298 0.204515 0.116136 
0 0.333037 0.158186 0.169514 0.339263 
