5 150
0.704711
0.457923
0.596126
0.394002
0.394932
11.968 0.149375
11.1764 0.561005
10.3442 0.770655
10.303 0.709109
10.1057 0.604189
10.0325 0.323646
10.011 0.544452
9.79537 0.629281
9.63563 0.461625
8.97227 0.245872
8.18576 1.46048
8.10705 0.221697
7.95326 0.670827
7.94083 2.1998
7.90112 0.699435
7.56665 1.26171
7.51756 0.403489
7.49379 0.67753
7.41321 0.287183
6.92443 2.30178
6.78459 1.88708
6.40983 1.95322
6.35889 2.94543
6.27237 2.18542
6.25466 1.70944
6.23878 1.42731
6.21654 3.09841
6.12926 0.920369
6.11028 3.31363
5.97305 3.04406
5.92317 3.0007
5.63961 2.97015
5.23776 2.3637
5.04526 3.11037
4.88198 3.38609
4.84394 2.53381
4.80317 3.20603
4.79043 2.95604
4.76538 2.48257
4.58372 2.74007
4.42641 2.06101
4.42516 2.97883
4.40906 2.95794
4.3598 3.50462
4.34854 3.09134
4.07601 4.58308
4.06051 2.93219
4.01213 3.54634
3.63539 4.04322
3.62164 4.0408
3.50044 4.93952
3.46535 3.89098
3.41284 4.49374
3.25012 4.13643
3.22391 4.33552
3.09355 3.85419
3.09216 5.57353
3.03779 4.82356
3.01493 3.53825
2.99235 5.7673
2.97425 4.91551
2.86386 4.56602
2.77787 4.61006
2.72677 5.05548
2.69577 4.16893
2.6406 3.76092
2.62922 3.38563
2.46638 6.21912
2.42565 6.33016
2.41948 4.90017
2.41273 4.29751
2.30079 4.11907
2.29525 5.26944
2.29514 3.68098
2.26428 4.15552
2.23436 6.27065
2.22597 4.04645
2.18113 4.74701
2.17109 4.64312
2.14192 4.40796
2.12489 4.83562
2.10261 4.38744
2.10053 5.93245
2.07592 4.39164
2.07207 5.54869
1.93718 5.80068
1.90809 6.39763
1.84058 6.40423
1.70715 5.043
1.70093 5.60985
1.66196 6.05068
1.53689 5.96465
1.48172 7.68969
1.24112 5.06146
1.17758 7.37068
1.15781 7.35872
1.1545 7.01929
1.12432 7.81677
1.07148 7.05668
1.06768 5.535
0.993489 7.77255
0.967689 7.96577
0.883454 9.13211
0.857225 7.61489
0.846093 5.77434
0.840037 6.06317
0.834522 6.65608
0.833796 7.60251
0.781977 7.38711
0.731654 8.74708
0.65322 7.96376
0.647993 7.51406
0.601546 6.01759
0.585025 6.25361
0.523466 6.83236
0.518184 7.60611
0.446708 8.51925
0.444088 9.00025
0.435684 6.9271
0.427446 8.8667
0.424656 8.59345
0.406161 8.77237
0.390408 8.04029
0.365757 6.63115
0.35236 7.96184
0.305085 9.88086
0.28134 9.98762
0.261296 8.14622
0.257829 9.10558
0.256367 10.5158
0.224872 10.1482
0.1833 7.14648
0.173708 7.48494
0.158159 10.8668
0.151697 10.4778
0.112567 11.2067
0.108667 10.8516
0.102261 9.30107
0.101973 7.24283
0.0876565 8.04465
0.0558527 9.20429
0.0531438 11.3392
0.0514151 8.08274
0.0459466 11.588
0.0384659 9.66265
0.0321643 11.1848
0.0320066 9.07934
0.019152 9.64296
0.00943787 7.5663
0.00619837 10.7487
0 0 0.60444 0.39556 0 
0.377378 0 0 0 0.622622 
0 1 0 0 0 
0 0 0.457521 0.542479 0 
0 0 0.225781 0.774219 0 
0 0.257293 0.191255 0.323655 0.227797 
0.364402 0.290974 0 0.344624 0 
0 1 0 0 0 
0.424816 0 0.28106 0 0.294124 
0 0.168493 0 0.396275 0.435233 
0 0.316375 0.254795 0 0.428829 
0.295139 0 0.457913 0.246948 0 
0 0.505704 0.494296 0 0 
0 0 0 0.67914 0.32086 
0.332225 0.489046 0 0 0.178729 
0.342611 0.207367 0.225768 0.0422661 0.181988 
0 0 0.125014 0.432207 0.44278 
0 0 0 0.491675 0.508325 
0.278691 0 0.372765 0 0.348545 
0.340946 0 0.659054 0 0 
0 0.62692 0.146881 0.226199 0 
0.332979 0.0553013 0.178407 0.433313 0 
0.329794 0 0.325316 0.344889 0 
0.298462 0.0770886 0 0.27033 0.35412 
0 0.107074 0.37439 0.336084 0.182452 
0.353334 0.327807 0 0.18264 0.136219 
0.427765 0 0 0.156899 0.415335 
0.449116 0.0861087 0 0 0.464775 
0.352457 0.498295 0 0 0.149249 
0 0 0 0.307181 0.692819 
0.466141 0.176372 0.357488 0 0 
0 0.6181 0.3819 0 0 
0.390842 0.387375 0 0.221783 0 
0 0.660533 0.0904275 0 0.249039 
0 0.799942 0 0 0.200058 
0.223058 0 0.403889 0 0.373053 
0.319827 0.189642 0 0.352234 0.138297 
0.160108 0.297726 0.273927 0.189822 0.0784164 
0.836427 0.163573 0 0 0 
0 0.213599 0 0.459681 0.32672 
0.327724 0 0 0.672276 0 
0.0984811 0.369295 0.532224 0 0 
0.356865 0 0 0.643135 0 
0.359769 0 0.0826023 0.221436 0.336193 
0 1 0 0 0 
0.347472 0 0.126907 0.270713 0.254908 
0.436997 0 0.265636 0.143855 0.153512 
0.0892724 0.410206 0 0.500521 0 
0.0865846 0 0.284201 0.40206 0.227155 
0.357744 0 0.121962 0.520294 0 
0 0.294223 0.378944 0 0.326834 
0.110721 0 0.321733 0.113716 0.45383 
0.598276 0.0888416 0.312883 0 0 
0 0 0 0.342249 0.657751 
0.77726 0 0 0 0.22274 
0.279108 0 0.434429 0.286463 0 
0.148849 0 0 0.332773 0.518378 
0 0 0 0.181979 0.818021 
0.557447 0.442553 0 0 0 
0.279693 0 0 0.539496 0.180811 
0.255692 0 0 0.744308 0 
0.555715 0.0705641 0 0.373721 0 
0 0.626466 0.373534 0 0 
0 0.333002 0 0 0.666998 
0.573044 0 0 0.426956 0 
0.488131 0 0 0.356678 0.15519 
0.35893 0 0 0 0.64107 
0 0.33855 0.406826 0.254625 0 
0.582975 0 0.417025 0 0 
0.211731 0.279506 0.266701 0 0.242062 
0.15983 0 0.140523 0.350994 0.348653 
0 0.579123 0 0.265903 0.154974 
0 0.60778 0 0.31323 0.0789908 
0 0 0 1 0 
0 0.743675 0 0 0.256325 
0.27106 0.216231 0.03612 0.171764 0.304825 
0.343677 0.338366 0.142135 0.175822 0 
0.197731 0.168353 0 0.217007 0.416908 
0.0386009 0.204952 0.288242 0.259841 0.208363 
0.308024 0.0422541 0.215776 0.21545 0.218495 
0 0.609938 0 0.390062 0 
0.335022 0.485887 0.179091 0 0 
0 0.260629 0.336747 0.402624 0 
0.646555 0.238928 0 0 0.114517 
0.273989 0 0 0.185279 0.540732 
0 0.223374 0.255078 0.263524 0.258024 
0.223642 0.299832 0 0.222311 0.254215 
0.575448 0 0 0.137526 0.287026 
0 0.119891 0.333172 0.148191 0.398746 
0.371346 0.149334 0.356872 0 0.122448 
0.60575 0.320376 0 0 0.0738744 
0 0.385103 0 0 0.614897 
0 0 0.607133 0.392867 0 
0.327164 0.268451 0 0.248931 0.155455 
0.240924 0.248491 0.326701 0.113148 0.070736 
0.468594 0.207699 0 0.0977039 0.226004 
0.417612 0 0.400008 0.182381 0 
0 0.443214 0 0.556786 0 
0.105425 0 0.632822 0.261753 0 
0.329214 0 0 0.670786 0 
0 1 0 0 0 
0.612026 0 0 0 0.387974 
0.823829 0.176171 0 0 0 
0.212107 0 0 0 0.787893 
0 0.738077 0 0.261923 0 
0.101506 0.103602 0.435994 0.358898 0 
0 0 0.390499 0.299813 0.309688 
0.177113 0.390414 0 0.174645 0.257828 
0.625918 0.374082 0 0 0 
0.391716 0 0.436601 0.171683 0 
0.295345 0 0.409253 0.295402 0 
0.14127 0 0.361855 0.224963 0.271911 
0 0.294603 0.0805598 0.321389 0.303449 
0 0.352118 0.371192 0 0.27669 
0 0.46853 0 0.53147 0 
0.490127 0.365366 0 0 0.144506 
0 0.332026 0.4105 0.204054 0.0534192 
0.283679 0 0.189164 0.242179 0.284979 
0 0 0.53044 0.46956 0 
0.246561 0.195537 0.279306 0 0.278596 
0.356278 0.0967539 0.426556 0.120412 0 
0.204403 0.189718 0.0935574 0.40289 0.109432 
0 0 0.715295 0 0.284705 
0.523884 0.476116 0 0 0 
0.839824 0 0 0.160176 0 
0.074032 0.149177 0.372276 0 0.404514 
0 0 0 0.341781 0.658219 
0 0.130233 0 0 0.869767 
0.123398 0.271003 0.176458 0.20653 0.222611 
0 0.357432 0.642568 0 0 
0.238764 0.460507 0.135385 0.165344 0 
0.259568 0.0947634 0.247372 0.298041 0.100255 
0 0.377282 0 0.513385 0.109334 
0.113943 0.392506 0 0 0.493551 
0.180248 0.291095 0.0508112 0.181625 0.296221 
0.387255 0.170339 0.0703408 0.372065 0 
0.346426 0 0.653574 0 0 
0.214221 0 0.424354 0 0.361425 
0 1 0 0 0 
0 0 0.449589 0.550411 0 
0.21515 0.250925 0.100297 0.278203 0.155426 
0.351722 0 0.161421 0.173387 0.31347 
0 0 0 1 0 
0.116524 0.183224 0.45229 0 0.247962 
0.213763 0.397021 0 0.389216 0 
0.264444 0 0.33814 0.397416 0 
0.158558 0.249553 0.295486 0 0.296402 
0.261861 0.115374 0.160444 0.208389 0.253933 
0 0.243402 0.175196 0.45727 0.124133 
0 0.385288 0.614712 0 0 
