5 100
0.303453
0.714278
0.278855
0.41155
0.631558
12.0232 0.128643
11.6456 0.113713
11.0032 0.678576
10.9924 0.0926638
10.8285 0.590053
10.3355 0.79188
10.1033 0.809236
9.47797 0.543544
9.10224 0.50124
9.00214 0.116045
8.98781 0.161309
8.91218 1.44229
8.73761 1.39437
8.39649 0.776352
8.2738 0.478442
8.07511 1.72191
7.88083 1.4462
7.43654 2.5995
7.2854 2.09295
7.21201 1.14074
7.13876 1.9943
7.06846 1.26568
7.04994 1.72134
6.69587 2.76352
6.49016 2.46027
6.29053 2.98725
6.13577 1.29911
5.95024 1.5409
5.69122 1.37585
5.67654 3.11554
5.50998 1.15144
5.30911 1.76639
4.86574 3.63296
4.65175 3.98524
4.50905 4.66856
4.39461 3.20215
4.05783 2.58339
4.05559 4.01166
4.0492 2.86971
3.99994 4.44228
3.95201 3.4189
3.88054 3.04734
3.86191 4.21385
3.77638 4.91487
3.67956 4.23673
3.43035 4.32473
3.40845 4.60671
3.39508 3.61496
2.79288 4.36874
2.77368 4.87539
2.77065 5.56672
2.68315 6.24247
2.62925 5.96572
2.59886 4.34465
2.59628 4.82713
2.56326 4.99662
2.14301 4.59085
2.07785 6.11027
2.07423 5.98125
1.92085 5.25764
1.79001 6.99971
1.73069 6.6633
1.72174 6.71448
1.61339 7.07456
1.48577 6.52097
1.35675 5.78025
1.35297 5.30918
1.31148 5.43006
1.2542 5.84488
1.24142 5.73431
1.10466 8.13076
1.07099 5.29233
1.0082 7.27109
0.870296 5.55756
0.814142 6.89697
0.630759 7.75621
0.548347 6.07213
0.531661 9.01224
0.498968 8.37088
0.483796 7.33066
0.457844 8.23796
0.429172 6.65777
0.379048 6.30382
0.370075 8.79274
0.367905 9.81793
0.345218 7.80929
0.338846 9.74467
0.238759 6.4865
0.184641 10.5199
0.175027 10.6512
0.140046 7.49052
0.0878755 7.93664
0.0811599 8.00183
0.0777277 10.9209
0.0392464 10.3987
0.0377809 8.48117
0.0198281 11.498
0.00550693 10.7044
0.00489418 11.1869
0.00303754 7.85038
1 0 0 0 0 
0 0 0.490916 0.509084 0 
0.497122 0.502878 0 0 0 
1 0 0 0 0 
1 0 0 0 0 
0 0 1 0 0 
0 1 0 0 0 
0 0 0 1 0 
0 0 0 1 0 
0 1 0 0 0 
0 0 0 0.290237 0.709763 
0.631432 0 0.368568 0 0 
0 1 0 0 0 
0 0 1 0 0 
0 0 0.139726 0.860275 0 
0.20078 0 0.677771 0.12145 0 
0.179304 0 0.820696 0 0 
0.863503 0.136497 0 0 0 
0 0.184883 0 0.815117 0 
0 1 0 0 0 
0 0.867692 0 0 0.132308 
0 0.300381 0 0.699619 0 
0 0 0.829634 0.170366 0 
0.607288 0 0 0.392712 0 
0 0 0 0.402397 0.597603 
0 0.527417 0 0.472583 0 
1 0 0 0 0 
0 0 0.679113 0.320887 0 
0 0 0 0 1 
0.204929 0.795071 0 0 0 
0 0 0 1 0 
0 0 0.655637 0.344363 0 
0 0.745335 0 0.254665 0 
0 0 1 0 0 
0 0 0 1 0 
0 0 1 0 0 
0.829596 0 0 0.170404 0 
0.745112 0 0 0.254888 0 
0.401367 0 0.598633 0 0 
0 0 0 0.35381 0.64619 
1 0 0 0 0 
0 0 0.488379 0.511621 0 
1 0 0 0 0 
0.574188 0.425812 0 0 0 
0 0 0.287691 0.712309 0 
0.427901 0 0.572099 0 0 
0 0.728263 0 0 0.271737 
0 0 0 0 1 
1 0 0 0 0 
0 0 0 0 1 
1 0 0 0 0 
0 0.0871318 0.199361 0 0.713507 
0 1 0 0 0 
0 0 1 0 0 
1 0 0 0 0 
0 0 0 1 0 
1 0 0 0 0 
0.537224 0 0 0.462776 0 
0 0 0.562322 0.0620342 0.375644 
0 1 0 0 0 
0.356291 0 0 0.643709 0 
0 0 0 0 1 
0 0 0 1 0 
0 0 0.408817 0 0.591183 
0.546598 0 0 0.453402 0 
0 0 0 1 0 
0 0 0 0 1 
0 0 0 0 1 
0 0.384877 0 0 0.615123 
0 0 1 0 0 
0.348046 0.308554 0 0 0.343399 
0 0.455621 0.544379 0 0 
0 0 0 1 0 
0.476902 0 0 0.523098 0 
0.375371 0.624629 0 0 0 
0 0 0 1 0 
0.773487 0 0 0.226513 0 
0 0 0 0.611945 0.388055 
0.16426 0 0 0.569 0.26674 
0 0 0 1 0 
1 0 0 0 0 
1 0 0 0 0 
0 0 0 1 0 
0 0 1 0 0 
0 1 0 0 0 
0 0 1 0 0 
0 0 0 0.77062 0.22938 
0 0 0 0 1 
0 0 1 0 0 
0 0 0 0 1 
0 0 1 0 0 
0 0 0 1 0 
0.358474 0 0.641526 0 0 
1 0 0 0 0 
0 0.608382 0 0.391618 0 
0 0 0 1 0 
0 0 0 1 0 
0 0 1 0 0 
0 0 0 1 0 
0 0 0 1 0 
