5 100
0.51252
0.51008
0.65673
0.422206
0.472142
11.136 0.615412
10.4397 0.227884
9.65639 0.968616
9.55614 0.411579
9.22113 1.35315
8.77445 0.833399
8.59688 1.49475
7.98089 1.70201
7.92622 1.87858
7.82622 1.64592
7.76683 0.540556
7.2769 0.929117
7.20043 1.50254
7.19207 1.63545
7.16438 1.62434
7.11516 0.783652
6.77135 1.61153
6.52523 1.80147
6.4789 1.9551
6.45536 2.18629
6.45476 3.09148
6.2611 2.14108
6.15218 2.6708
6.08314 2.06683
6.04495 1.68545
6.01624 2.69524
5.72299 2.13015
5.68614 2.579
5.52895 2.54868
5.44903 2.87518
5.4319 2.73778
5.4313 2.59295
5.03389 2.51411
4.98352 2.71288
4.80738 3.19285
4.69153 3.23553
4.41227 4.18976
4.39459 2.87793
4.0281 4.44531
3.91318 3.63179
3.87006 3.45682
3.67267 4.52192
3.66829 2.8197
3.38258 5.1427
3.31118 3.64452
3.22121 4.58209
3.12718 5.06124
3.01874 5.25552
2.97891 5.8412
2.90478 5.90055
2.85795 4.48515
2.50146 4.36097
2.48444 6.12557
2.40723 4.55788
2.38365 6.74583
2.31654 4.75643
2.14636 5.25986
2.10033 5.60826
1.9838 4.41918
1.71058 4.96033
1.68748 6.11197
1.63599 6.97669
1.57586 6.38406
1.48848 5.84633
1.48327 5.27668
1.41922 4.97155
1.32432 5.4348
1.18219 7.37178
1.13131 5.83247
1.0693 6.67814
1.03886 6.01374
1.03383 7.94251
0.954297 6.25484
0.919933 8.05555
0.911885 5.81408
0.752188 6.6897
0.690711 6.51966
0.511028 8.70658
0.464887 8.95341
0.462415 9.92426
0.442286 7.45421
0.425338 6.75116
0.416758 6.32693
0.363114 8.36743
0.344752 6.20195
0.344399 9.50179
0.32821 8.13618
0.305085 7.72543
0.250568 6.64364
0.172707 7.49202
0.169394 6.89464
0.165391 8.87104
0.147466 7.5218
0.143601 7.38261
0.121631 9.90067
0.0546771 9.85938
0.0438588 8.68824
0.0293854 11.0041
0.0206745 10.2959
0.00198494 11.2839
0 0 0.199514 0 0.800486 
0.745551 0.254449 0 0 0 
0 0 0 0 1 
0.715898 0 0 0.284102 0 
0 0 1 0 0 
0 0.837253 0.162747 0 0 
0 0 1 0 0 
0 0 0.67528 0.32472 0 
0.0779907 0.35773 0 0.280442 0.283837 
0.249179 0 0.282051 0 0.468769 
0 0 1 0 0 
0 0.676865 0 0 0.323135 
0 0.717328 0 0.282672 0 
0 0 1 0 0 
0 0 0.727103 0 0.272897 
0 0.270994 0.35903 0 0.369976 
0.129922 0.297017 0.296809 0 0.276251 
0.425837 0.135504 0 0.438659 0 
0 0 0 0.307166 0.692834 
0 0 1 0 0 
0.637957 0 0 0 0.362043 
1 0 0 0 0 
0 0.349683 0 0.368163 0.282154 
0 0.487931 0 0.512069 0 
0 0.150701 0.849299 0 0 
0 0 0 0.640423 0.359577 
0.430813 0.569187 0 0 0 
1 0 0 0 0 
0 0 0 0 1 
0 0 0.52864 0 0.47136 
0.514526 0.485474 0 0 0 
0.658115 0.341885 0 0 0 
0.0857752 0.282146 0 0.632078 0 
0.262218 0 0 0 0.737782 
0 0.380581 0.356269 0.26315 0 
0.176645 0 0.823355 0 0 
0 1 0 0 0 
0 0.365929 0 0 0.634071 
0.861965 0.138035 0 0 0 
0.517654 0.482346 0 0 0 
0 0 0 0 1 
0 0.475977 0 0.524023 0 
0.410554 0 0.589446 0 0 
0.368181 0.134966 0 0.496854 0 
0 1 0 0 0 
0.508787 0 0 0.491213 0 
1 0 0 0 0 
1 0 0 0 0 
0.484945 0.113771 0 0 0.401284 
0 0.356042 0.450772 0.193186 0 
0 0 1 0 0 
0 0 0.484636 0.515364 0 
0.330747 0 0.419846 0.249407 0 
0.354192 0.645808 0 0 0 
0.451695 0.548305 0 0 0 
0 0 0 1 0 
0.472673 0 0 0 0.527327 
0 0.264191 0.192401 0.229167 0.314241 
1 0 0 0 0 
0 0 0 0 1 
0 1 0 0 0 
0 0.34306 0 0.586353 0.0705872 
0.227381 0 0.772619 0 0 
0 0 0 0.440905 0.559095 
0 0.329879 0.129808 0 0.540314 
0 0 0 0.740975 0.259025 
0 0.429377 0.184373 0.0614723 0.324778 
0 0.489362 0.320181 0.190457 0 
0.683685 0.316315 0 0 0 
0 0 0.713954 0 0.286046 
0 0 1 0 0 
1 0 0 0 0 
0 0.791705 0 0 0.208295 
0 0.138337 0 0 0.861663 
0 0 0 1 0 
0 0 1 0 0 
0.34045 0 0 0 0.65955 
0 0 1 0 0 
0.154689 0.295924 0 0.549387 0 
0.691752 0.308248 0 0 0 
0 0 0 0 1 
0 0.721175 0.278825 0 0 
0.387559 0.102923 0 0.509518 0 
0 1 0 0 0 
0 0 1 0 0 
0 0 0.518692 0.481308 0 
0 0 0 0 1 
0 0.297764 0.702236 0 0 
0.255776 0 0 0 0.744224 
0 0 0 0 1 
1 0 0 0 0 
0.389433 0.504741 0 0.105826 0 
0.518468 0.209456 0 0 0.272076 
0.438373 0 0.315928 0.245699 0 
0 0.266739 0.264354 0.269252 0.199655 
0.333337 0 0.666663 0 0 
0 0.569964 0.430036 0 0 
0.471723 0 0.528277 0 0 
0.473115 0.418533 0 0 0.108352 
0 0.411214 0 0.254654 0.334132 
