5 50
0.504936
0.321383
0.314852
0.505654
0.670453
9.80192 0.565422
9.47652 0.482836
9.26268 0.359609
8.46511 1.32496
8.26195 1.36619
7.9991 0.73749
7.33378 2.18738
7.21791 1.00099
6.67875 1.83529
6.59421 2.31149
6.391 1.21379
6.15357 1.8782
5.90568 1.95367
5.47266 1.66169
5.25054 3.39285
4.85246 2.61474
4.66675 2.73382
4.37899 2.30418
3.96064 2.88043
3.42153 4.43196
3.23363 2.95044
2.97067 4.55573
2.78614 4.55684
2.70848 5.09045
2.67171 6.02985
2.33207 5.12694
2.18833 5.77112
1.92434 5.47565
1.78741 6.90741
1.73672 6.65047
1.72451 5.98295
1.57405 7.47712
1.48951 6.69353
1.35056 6.5059
1.09503 5.45307
0.939004 6.75038
0.897117 6.43081
0.739472 6.6418
0.693489 6.566
0.678568 8.22478
0.655464 7.70488
0.619914 9.21435
0.579696 6.99584
0.576743 6.01848
0.288463 6.89536
0.247305 8.56535
0.220069 6.93064
0.217676 6.44799
0.0279118 7.34831
0.00168671 11.6385
1 0 0 0 0 
0 1 0 0 0 
0 1 0 0 0 
1 0 0 0 0 
0 0 0 1 0 
0 0 1 0 0 
0 0 1 0 0 
0 0 0 1 0 
0 0 0 1 0 
0 0 0 1 0 
0 0 1 0 0 
0 1 0 0 0 
1 0 0 0 0 
0 0 0 1 0 
0 0 1 0 0 
1 0 0 0 0 
1 0 0 0 0 
0 0 0 0 1 
0 0 0 0 1 
1 0 0 0 0 
1 0 0 0 0 
0 1 0 0 0 
0 0 0 1 0 
0 1 0 0 0 
1 0 0 0 0 
0 0 0 1 0 
0 0 0 1 0 
1 0 0 0 0 
0 0 0 0 1 
0 0 0 1 0 
0 1 0 0 0 
0 0 0 0 1 
0 0 1 0 0 
0 0 1 0 0 
0 0 0 0 1 
0 0 0 0 1 
0 0 1 0 0 
0 0 1 0 0 
0 0 1 0 0 
0 1 0 0 0 
0 0 0 0 1 
1 0 0 0 0 
0 0 1 0 0 
0 1 0 0 0 
0 0 0 1 0 
0 1 0 0 0 
0 0 0 0 1 
1 0 0 0 0 
0 1 0 0 0 
0 1 0 0 0 
