5 100
0.350532
0.276407
0.436167
0.6464
0.428275
11.4988 0.201035
10.3831 0.546752
10.2929 0.466569
9.93701 0.693928
9.33365 0.542687
9.2452 1.23631
8.9256 0.902247
8.67483 1.19444
8.34031 1.45203
7.80477 1.73182
7.44279 0.137584
7.11009 1.36024
7.07043 1.25412
7.03721 0.841856
6.99029 0.989014
6.91446 2.14173
6.78675 1.95284
6.41895 1.62524
6.11373 1.18014
5.92269 2.72841
5.64878 2.31527
5.27191 3.15953
5.2644 2.2767
5.06939 3.54737
5.03699 2.91842
4.9919 2.60295
4.83911 3.73638
4.70743 3.24123
4.69782 2.87749
4.40405 2.86157
3.76383 2.94493
3.75942 3.79743
3.75005 4.96652
3.69274 3.40342
3.66156 3.15486
3.65562 5.0085
3.44926 4.32789
3.40181 3.46138
3.39325 3.66996
2.95457 5.15875
2.93602 4.53028
2.92586 3.48218
2.82454 4.15543
2.67388 4.22921
2.59434 4.9732
2.52302 5.57273
2.46445 3.75005
2.34843 5.02341
2.20333 6.05919
2.01509 4.51468
1.97611 6.10949
1.94604 4.11918
1.92803 7.18526
1.85207 4.11618
1.80499 5.95769
1.78028 5.24006
1.72165 5.27773
1.63575 5.50753
1.57081 5.91204
1.43875 5.96801
1.38687 6.99854
1.38092 7.00664
1.34057 6.77552
1.24309 5.26095
1.16761 7.23136
1.06135 5.38414
1.00797 6.07872
0.923806 7.22769
0.704925 8.81958
0.615047 6.23515
0.495124 9.34918
0.432023 7.31224
0.424948 6.5091
0.420888 8.49093
0.415498 7.15506
0.336033 6.22154
0.298755 6.96806
0.286936 8.61242
0.253721 7.03237
0.2079 6.60672
0.201699 9.35573
0.198028 7.52882
0.171273 8.5335
0.167017 9.98902
0.148929 7.33886
0.14344 7.18691
0.13325 7.77174
0.101401 9.76051
0.0932941 9.87671
0.0897067 6.84715
0.0777854 7.3454
0.0600414 7.78552
0.0584234 11.2938
0.0521716 8.50381
0.0262989 8.81955
0.0152601 10.0326
0.0096111 10.3273
0.00504288 10.0012
0.00311876 8.27288
0.00239148 7.67967
1 0 0 0 0 
0 0 0 1 0 
0 0 0 1 0 
0 0 0 1 0 
0 0 0 1 0 
0 0 0 1 0 
0 0 0 0 1 
0 1 0 0 0 
0 0 1 0 0 
0 0 0 0 1 
0 0 0 1 0 
0 0 0 1 0 
0 0 0 1 0 
0 0 0 1 0 
0 0 0.351062 0.648938 0 
0 0 1 0 0 
1 0 0 0 0 
0.54696 0 0 0.45304 0 
1 0 0 0 0 
0.260691 0.371643 0 0.367666 0 
0 0 0 1 0 
0 0 0 1 0 
0 0 1 0 0 
0 0 0 0.378078 0.621922 
0 0 0.460687 0 0.539313 
0 0 1 0 0 
1 0 0 0 0 
0 0 1 0 0 
0 0 0 1 0 
0 1 0 0 0 
0 1 0 0 0 
0 0 0 1 0 
0 0 0 0 1 
0.464184 0.535816 0 0 0 
0 0 1 0 0 
0 0 0 0 1 
0 0 0 1 0 
0 0 0 1 0 
0 0 1 0 0 
1 0 0 0 0 
0 0 0.872803 0 0.127197 
0 0 0 0 1 
0 0 0 0 1 
0 0 1 0 0 
0 0 1 0 0 
0 0 0 1 0 
0 0 1 0 0 
0 1 0 0 0 
1 0 0 0 0 
0 1 0 0 0 
0 1 0 0 0 
0 0 0 0 1 
0 0 0 1 0 
1 0 0 0 0 
0.548729 0 0.451271 0 0 
0 0 1 0 0 
0 0 0 0 1 
0 0 0 1 0 
0 0.482863 0 0.517137 0 
0 1 0 0 0 
0 0 0 0 1 
0 0 0 0 1 
0 0.248524 0 0.751476 0 
0 0 0 1 0 
0 0 0 1 0 
0 1 0 0 0 
1 0 0 0 0 
0 0 0 0 1 
0 0 0.233902 0 0.766097 
0 0 0 0.325256 0.674744 
1 0 0 0 0 
0 1 0 0 0 
0.285872 0 0.714128 0 0 
0 0 0 0 1 
1 0 0 0 0 
0 1 0 0 0 
1 0 0 0 0 
0 1 0 0 0 
0 0.103761 0.468419 0.42782 0 
1 0 0 0 0 
1 0 0 0 0 
0 0 0 0 1 
0 0 0.836791 0.163209 0 
0 0 0 0 1 
0 0 0 1 0 
0 0 0 1 0 
0 0 0 0 1 
0 0 0 0 1 
1 0 0 0 0 
0 0 0 1 0 
0 0 0 0 1 
0 1 0 0 0 
0 1 0 0 0 
0 0 0 1 0 
0 0 0 0.528457 0.471543 
0 0 1 0 0 
0 0 0.653123 0 0.346877 
0 0 0.558862 0.441138 0 
1 0 0 0 0 
0 0 0 0 1 
