5 150
0.334704
0.639996
0.717269
0.627895
0.353244
11.0616 0.119424
10.4698 0.447629
10.251 0.616262
9.94623 0.0884638
9.68764 0.314277
8.9597 1.54837
8.42569 0.568556
8.40849 1.57484
8.28451 0.417047
8.2603 1.47659
8.20369 1.45713
8.13813 0.802802
7.89808 1.27997
7.48182 1.5395
7.43666 1.86711
7.33692 0.253261
7.27196 1.87313
7.04366 0.761523
6.91373 0.910466
6.88374 1.7646
6.67351 1.41886
6.63891 2.8544
6.54334 0.899911
6.52959 1.13042
6.38846 2.13668
6.27611 2.50022
6.13835 1.75348
5.72148 1.88839
5.56921 2.3178
5.49947 2.81905
5.39707 1.68128
5.38559 1.46286
5.32428 2.25937
5.2669 2.10318
5.20774 1.96672
5.10395 3.38787
4.98942 2.00684
4.837 2.27269
4.80066 2.97797
4.78872 3.62614
4.76835 2.38302
4.75787 4.17616
4.60966 3.4264
4.44107 3.21802
4.38663 4.02145
4.3503 2.44253
4.32812 3.62132
4.26294 4.55436
4.21234 4.74722
3.99524 3.87038
3.98702 3.49277
3.88277 3.42315
3.87782 3.4025
3.7834 3.85352
3.6457 4.37111
3.64522 3.68612
3.33158 5.47274
3.2407 4.346
3.22631 4.08053
3.15448 5.46876
2.9695 5.54119
2.96543 3.97713
2.88609 3.3452
2.84534 5.03088
2.74669 3.89795
2.73657 5.77867
2.72945 4.76455
2.72682 4.89842
2.71946 4.6745
2.67245 5.11565
2.65698 4.07108
2.60777 4.84217
2.54361 6.31694
2.43178 5.25521
2.40325 4.90797
2.30534 4.93272
2.24856 6.27753
2.20861 3.84432
2.16813 4.90589
2.08046 4.42543
2.08025 5.39286
2.04159 5.61326
2.02023 4.90433
2.00192 4.00076
1.88655 6.03193
1.78172 4.64698
1.63198 6.77312
1.5939 5.49647
1.53508 6.34311
1.46896 6.78046
1.43287 6.8952
1.33209 6.70708
1.30982 4.93548
1.22965 5.36565
1.22307 6.32672
1.18976 7.8893
1.17753 4.75958
1.0859 5.8502
1.06469 7.97608
1.03708 7.40932
1.03502 7.92208
0.986833 7.81167
0.98403 5.83947
0.917622 5.8011
0.886435 5.03728
0.882784 5.86421
0.86793 7.76387
0.815909 8.42509
0.811196 8.40081
0.797572 5.54749
0.756891 6.50781
0.715474 5.89321
0.68899 8.79014
0.645734 5.67917
0.617499 5.57174
0.61535 9.54607
0.600293 8.49301
0.586361 6.19281
0.52767 6.60423
0.467893 8.75066
0.454621 6.61683
0.445955 8.41419
0.40632 9.97237
0.340542 9.84522
0.317572 7.27156
0.308562 9.96507
0.30296 6.56454
0.287837 8.12728
0.228907 10.0016
0.22317 8.86829
0.20556 7.19274
0.190245 6.78451
0.139335 6.98368
0.128362 6.84238
0.116081 7.98786
0.114176 7.30638
0.112829 8.06242
0.109434 8.56575
0.10551 9.61084
0.0964826 6.80862
0.080965 7.62159
0.0794168 10.3229
0.0714036 7.28094
0.0695371 9.1483
0.048214 10.7351
0.0456861 8.93191
0.0414352 8.77667
0.0302161 10.8837
0.00436526 10.1231
0.00114254 8.18179
0 0.292288 0.321548 0.386164 0 
0 0.353233 0 0 0.646768 
0 0 0.509777 0.358486 0.131738 
0.60899 0 0 0 0.391009 
0.328022 0.186999 0 0.304198 0.180781 
0 0.349248 0.0776222 0.349401 0.223728 
0 0.303936 0.0765284 0.619536 0 
0.174294 0.26881 0.311827 0.24507 0 
0 0.430038 0.569962 0 0 
0 0.411551 0.588449 0 0 
1 0 0 0 0 
0 0.714981 0 0 0.285019 
0 0 0 0 1 
0 0 0.363376 0.636624 0 
0 0.393375 0 0 0.606625 
0.166733 0.415051 0.0917285 0.326488 0 
0 0.373625 0 0.343432 0.282944 
0.300559 0.280079 0 0.0826881 0.336673 
0 0.636236 0 0.136741 0.227023 
0.794072 0 0 0 0.205928 
0 0 0 0.809718 0.190282 
0 0 0 0.207476 0.792524 
0 1 0 0 0 
0.61755 0 0.38245 0 0 
0 0 0.358203 0.641797 0 
0 0.436018 0 0 0.563982 
0 0 0 0.427612 0.572388 
0 0 0.881422 0 0.118577 
0.346799 0.653201 0 0 0 
0 0 0 0.399138 0.600862 
0.311364 0.330397 0 0 0.358239 
0 0.325824 0.289028 0.385147 0 
0 0 0.504239 0 0.495761 
0.0675628 0.309787 0 0.252337 0.370313 
0.430731 0.0898432 0.479426 0 0 
0.570749 0 0 0.429251 0 
0.37137 0.287513 0 0 0.341117 
0.11338 0.373507 0 0.513113 0 
0.202979 0.388491 0.40853 0 0 
0 0.458218 0 0 0.541782 
0.19932 0 0.428892 0 0.371788 
0.176243 0.144464 0 0.388421 0.290872 
0 0.212183 0 0.787817 0 
0.188243 0 0.32226 0.489497 0 
0.324737 0 0 0.481329 0.193935 
0.202158 0.317048 0 0.272481 0.208313 
0 0 0.708565 0.291435 0 
0 0.541559 0 0.458441 0 
0 1 0 0 0 
0 0.446161 0 0.345017 0.208821 
0 0 1 0 0 
0.160753 0.355943 0.279013 0.204291 0 
0.199657 0.0650796 0.35848 0.376784 0 
0 0 0.372467 0.335744 0.291789 
0 0 0.483222 0 0.516778 
0.498733 0 0 0 0.501267 
0 0 0.702622 0.297378 0 
0 0.690928 0.151169 0.157903 0 
0 0.538545 0.461455 0 0 
0.430092 0.136173 0.433735 0 0 
0.157983 0.275214 0.0762128 0.395592 0.0949983 
0.27503 0 0 0.72497 0 
0.553675 0 0.330114 0.116211 0 
0 1 0 0 0 
0 0.608598 0 0.20456 0.186841 
0 0 0 1 0 
0.428375 0.292461 0 0 0.279164 
0.322019 0.200661 0.477319 0 0 
0 0 0 0 1 
0.387991 0 0 0 0.612009 
0 0 0 0.342195 0.657805 
0 0.391928 0 0 0.608072 
0.156737 0.561042 0 0.282221 0 
0.27186 0.72814 0 0 0 
0.0928638 0.709235 0 0 0.197901 
0 0 0 1 0 
0 0 0 1 0 
0 0.599848 0 0 0.400152 
0.365636 0.360224 0.0595918 0.10776 0.106789 
0.42933 0.452665 0 0.118005 0 
0 0.655618 0.344382 0 0 
0.14712 0.444999 0 0 0.407882 
0.379926 0.273464 0.178632 0 0.167978 
0 0 0 1 0 
0.117111 0.399075 0.136946 0 0.346867 
0 0 1 0 0 
0 0 0 1 0 
0 0 0 0.800831 0.199169 
0 0.437255 0 0.562745 0 
0.546706 0 0 0 0.453294 
0 0.311557 0.358669 0.105949 0.223826 
0 0 0.429858 0 0.570142 
0.302224 0 0.697776 0 0 
0.328718 0 0.671282 0 0 
0 0.157446 0.136139 0 0.706415 
0 0 0.576091 0.423909 0 
0 0 0.450966 0.124532 0.424502 
0.433258 0 0.234883 0.331859 0 
0.475773 0.170709 0 0.353518 0 
1 0 0 0 0 
0 0.356881 0.643119 0 0 
0.494156 0.192043 0 0 0.313801 
0 0 0.161823 0.677174 0.161003 
1 0 0 0 0 
0.168665 0.165087 0.349468 0.200327 0.116454 
0 0.456953 0 0.543047 0 
0.590546 0 0 0 0.409454 
0 0 0.236017 0.763983 0 
0 0.240429 0.0993432 0 0.660228 
0 0 0.639293 0.360707 0 
0.725138 0 0 0.274862 0 
0.211693 0.372396 0 0.415911 0 
0 0.340239 0 0.337728 0.322033 
0 0 0 1 0 
0 0.836531 0.163469 0 0 
0 0 0 0.101177 0.898823 
0.32654 0 0.322491 0.350968 0 
0 0.21211 0.683665 0 0.104225 
0 0 0 0.623688 0.376312 
0 0 1 0 0 
0.134339 0 0.498147 0 0.367514 
0 0.756347 0 0 0.243653 
0 0 0 1 0 
0.401333 0 0.267981 0.330686 0 
1 0 0 0 0 
0.0459893 0 0.385552 0.241638 0.326821 
0 0.363452 0.204228 0 0.43232 
0.449613 0.550387 0 0 0 
0 0.338078 0.244568 0.188234 0.229121 
0 0.514911 0 0 0.485089 
0.492427 0 0 0.507573 0 
0 0 0.671918 0.328082 0 
0.313441 0.292689 0.393871 0 0 
0 0 0.331575 0.467601 0.200824 
0 0 0.576977 0.423023 0 
0.199924 0 0.28017 0.149848 0.370058 
0 0 0.677702 0 0.322298 
0.399326 0 0.49561 0.105064 0 
0.274633 0 0.400805 0 0.324562 
0 0 0.318347 0 0.681653 
0.327981 0.242244 0.206349 0.223427 0 
0.463418 0 0 0.536582 0 
0.453823 0 0.393959 0 0.152218 
0.0869681 0.333459 0 0.256878 0.322695 
0.148515 0 0.15525 0.206027 0.490209 
0.328559 0 0.671441 0 0 
0 0 0 1 0 
0.360573 0 0.130722 0 0.508705 
0 0 0.101413 0.100291 0.798296 
0.173708 0 0.501391 0 0.3249 
