5 100
0.550187
0.487479
0.724054
0.599064
0.577057
10.6634 0.235663
10.6331 0.661734
9.6054 0.836969
9.49069 0.970666
9.33195 1.09449
8.62807 1.3306
8.12372 1.66942
8.00481 1.25807
7.98944 1.29413
7.74206 0.0943349
7.66321 1.5138
7.61076 1.04285
7.54395 1.64748
7.29536 0.30106
7.13504 0.998053
6.84229 1.21286
6.81811 1.50225
6.5135 2.13815
6.482 0.792349
6.41722 3.40805
6.3598 2.94062
6.27697 2.28079
5.98019 1.27979
5.91172 1.11347
5.88078 2.6153
5.85208 2.71204
5.67713 2.17534
5.67663 1.42292
5.437 2.04932
4.88312 3.38471
4.81886 3.11409
4.77457 3.71995
4.69795 2.17763
4.05009 3.33675
3.91962 3.75111
3.65288 3.55803
3.5399 3.75424
3.39969 2.84254
3.38881 4.20487
3.37207 4.31905
3.08419 4.84442
3.07377 4.34197
2.85198 4.29236
2.84804 4.27952
2.81506 4.86091
2.70154 5.4603
2.54379 5.58797
2.46936 4.46859
1.93772 5.1938
1.86453 5.90025
1.65907 6.33353
1.60102 6.73769
1.54699 7.06981
1.44245 6.88797
1.40856 5.62945
1.2239 5.21718
1.20053 5.06234
1.11167 6.96549
1.09199 7.29453
1.02115 6.47119
0.986983 6.87738
0.86592 6.32509
0.831639 7.16416
0.829099 6.038
0.81649 5.33686
0.687827 8.87133
0.627914 9.52962
0.594936 8.53306
0.580771 9.40854
0.571141 6.21245
0.499409 7.30344
0.476083 8.05839
0.413952 7.69291
0.409314 6.99264
0.388846 9.60168
0.377279 8.30932
0.366557 9.49819
0.355338 7.02384
0.343072 8.22517
0.320777 7.15116
0.316934 10.1606
0.250902 6.96046
0.250544 8.88403
0.235739 9.7954
0.154005 7.40878
0.146825 10.8093
0.13262 8.31579
0.132053 6.63797
0.121438 9.39348
0.10113 8.94317
0.0996946 9.51479
0.073493 8.51904
0.0554502 7.95794
0.0444533 9.05933
0.0415844 10.9652
0.0125238 9.44777
0.00962841 10.56
0.00162341 10.4537
0.00139215 8.87425
0.000941564 8.94776
0 0 0 0 1 
0 0 1 0 0 
0 0.319837 0 0 0.680163 
0 0 0 0.535782 0.464218 
0 0 0.64192 0.35808 0 
0 0.34296 0 0 0.65704 
0.585272 0 0 0.414728 0 
0 0 0.450593 0.549407 0 
0 0 0.218379 0 0.781621 
0.242245 0.257435 0.50032 0 0 
0.527774 0.285843 0 0 0.186383 
0.578182 0 0 0 0.421819 
0 0 1 0 0 
0.825276 0 0 0.174724 0 
0 0 1 0 0 
0 0.62322 0 0.37678 0 
0 0 1 0 0 
0 0 0 1 0 
0 0 0.200754 0.571144 0.228102 
0 0.320218 0 0 0.679782 
0.26782 0.403774 0 0 0.328406 
0 0 1 0 0 
0 0 0 0 1 
0 0 0 1 0 
0 0.157387 0.527929 0.0838961 0.230788 
0 0.44919 0.439592 0.111219 0 
0 0 0.290911 0.709089 0 
0.508597 0 0 0.491403 0 
0 0 1 0 0 
0 0.332912 0.11916 0.547928 0 
1 0 0 0 0 
0 0.509995 0.490005 0 0 
0 0 0.174733 0.400663 0.424605 
0.207366 0 0.165355 0 0.627279 
0.578967 0.421033 0 0 0 
0 0.293373 0.201037 0.50559 0 
0 0 0.593875 0 0.406125 
0 0.470407 0 0.529593 0 
0.453681 0.115942 0.430378 0 0 
0 0.485357 0 0 0.514643 
0 0.553031 0 0.446969 0 
0.433003 0 0.566997 0 0 
0.426599 0 0.573401 0 0 
0.394167 0.364907 0.240927 0 0 
0 0 0.262082 0.737918 0 
0 0 1 0 0 
0 0 0 1 0 
0 0 1 0 0 
0 0 0.547013 0 0.452987 
0 0 0 1 0 
0.498942 0 0 0 0.501058 
0 0.371933 0.128815 0.155655 0.343596 
0 0 0.780582 0.219418 0 
0 0.447948 0 0.552052 0 
0 0.166817 0 0 0.833183 
0.0889037 0 0.0750403 0.362521 0.473535 
0 0 0.487774 0.512226 0 
1 0 0 0 0 
0 0 0.542567 0 0.457433 
0.273238 0.109655 0.32922 0 0.287887 
0.74055 0 0.134842 0 0.124608 
0 0 1 0 0 
0 0 0.575291 0 0.424709 
0.463337 0.536663 0 0 0 
0 0.0832663 0.493491 0.423242 0 
0.274715 0 0 0.725285 0 
0 0.160304 0.21741 0 0.622286 
0 0.764035 0.235965 0 0 
0.442564 0 0 0.557436 0 
1 0 0 0 0 
0 0.362747 0 0.637253 0 
0 0 0.441206 0 0.558794 
0.488792 0 0.511208 0 0 
0 0 0 0 1 
0 0 0.382587 0 0.617413 
0 0 0 1 0 
0 0.672145 0.327855 0 0 
0 0 1 0 0 
0 0.769609 0 0 0.230391 
1 0 0 0 0 
0 0.363609 0 0.391103 0.245288 
0.401553 0 0 0.598447 0 
0 0 0 0 1 
0.274608 0.416224 0.247665 0 0.0615033 
0 0.517871 0 0.482129 0 
0.232603 0 0.767397 0 0 
0.759896 0 0.240104 0 0 
0 0 0.37195 0 0.62805 
0 0 0 0.781135 0.218865 
0.611634 0 0 0.388366 0 
0 0 0 1 0 
0.787396 0.212604 0 0 0 
0 0 0 0.646191 0.353808 
0 0 1 0 0 
0 0.337098 0 0.399343 0.263559 
1 0 0 0 0 
0.198599 0.453016 0 0 0.348385 
0 0.673913 0 0.326087 0 
0 0 0 0.577136 0.422864 
0 1 0 0 0 
