5 150
0.725249
0.560511
0.543161
0.296617
0.681776
11.051 0.20229
10.6379 0.342571
9.79701 0.277342
9.3575 0.177595
9.34345 0.120256
9.25554 0.87396
9.18078 0.995322
8.89348 1.87176
8.82362 1.44894
8.76044 1.54269
8.4558 0.568763
8.34822 0.230553
8.33184 0.712266
8.25852 1.64489
7.99987 0.241106
7.87839 1.40533
7.85434 1.3645
7.8334 0.863904
7.83302 0.668667
7.74504 0.827556
7.65812 0.497241
7.65094 2.36431
7.51315 0.154498
7.37054 1.76212
7.33983 2.54149
7.33814 0.415525
7.3321 0.293262
7.32057 1.69571
7.30458 1.88201
7.29987 1.63614
7.27199 0.385091
7.06766 2.18949
6.988 0.843527
6.7164 1.24994
6.57078 0.98932
6.5065 2.7604
6.01684 3.53283
5.92312 1.26824
5.74836 2.39153
5.67051 3.56129
5.66458 2.18996
5.54294 1.99578
5.49978 1.58291
5.37566 1.57145
5.07301 3.77601
5.04256 3.32491
5.03244 3.4201
5.021 2.20091
4.99679 1.56014
4.88269 2.34813
4.79641 3.5162
4.77642 2.14627
4.7006 4.00702
4.6823 2.28991
4.62271 3.81842
4.5045 2.90815
4.21925 2.4899
4.21003 3.02642
4.15882 2.61813
4.11571 3.85726
4.10358 4.8864
3.99462 3.6215
3.98807 3.48767
3.97842 2.93446
3.92711 4.52394
3.89801 3.91378
3.79921 4.17153
3.66142 2.87142
3.5908 3.04537
3.57186 2.86965
3.5302 5.3145
3.22978 4.09958
3.20671 3.8325
3.13919 5.21445
3.12418 3.72954
3.05285 4.6338
2.92841 4.36056
2.72878 4.34068
2.69095 4.47863
2.67421 4.74379
2.56824 5.16361
2.55637 5.74313
2.49501 4.75805
2.31491 4.01849
2.26968 5.41839
2.22852 4.85237
2.04826 4.70656
1.90716 5.33556
1.90217 4.2921
1.83533 5.31958
1.69754 6.55357
1.69247 6.52423
1.67621 6.70004
1.63546 5.47744
1.54989 4.67952
1.52414 6.04579
1.49027 5.54129
1.4626 5.31792
1.43401 7.13356
1.3703 6.40782
1.3623 5.43851
1.26781 7.96865
1.2422 7.57084
1.20392 5.46194
1.13362 5.04146
0.976113 5.06963
0.970488 7.0327
0.938283 7.97857
0.925603 8.70684
0.844469 7.77132
0.826164 9.22148
0.738511 7.87878
0.734203 6.10024
0.714295 8.53977
0.654239 7.73632
0.635831 7.95773
0.587014 6.08598
0.578024 8.19846
0.562741 6.43722
0.543539 8.70922
0.501957 9.22381
0.487795 7.27168
0.482739 7.15684
0.4569 8.68224
0.442294 8.55127
0.419929 7.70089
0.403068 8.42657
0.337446 7.41412
0.32065 7.88397
0.310353 7.02989
0.296947 8.78778
0.292423 8.74475
0.286466 9.85631
0.20528 7.99174
0.204253 7.6787
0.190619 7.81695
0.182039 7.39874
0.162391 10.7891
0.155224 9.73292
0.149052 9.22219
0.0696679 8.80138
0.0653528 9.32159
0.0599142 10.5571
0.0583005 7.48242
0.0466187 9.09088
0.0340989 10.3388
0.00275567 9.0846
0.00226264 9.58481
0.00145558 8.61591
0.00141176 8.22441
0 1 0 0 0 
0 1 0 0 0 
0 0.219997 0 0.194072 0.585931 
0 0 0 0 1 
0 0 1 0 0 
0.158201 0 0 0 0.841799 
0.384422 0.428456 0 0 0.187122 
0 0 0.683981 0.316019 0 
0.225769 0 0.774231 0 0 
0 0 0 0 1 
0 0 0 1 0 
0 0 0 0 1 
0 0 0 1 0 
1 0 0 0 0 
0 0 0 1 0 
0 1 0 0 0 
0.582168 0 0 0 0.417832 
1 0 0 0 0 
1 0 0 0 0 
1 0 0 0 0 
0 0 0 1 0 
0 0.468166 0.269374 0 0.26246 
1 0 0 0 0 
0 0 0 1 0 
0 0 1 0 0 
0 0.816743 0 0.183257 0 
1 0 0 0 0 
0 1 0 0 0 
0.603558 0.396442 0 0 0 
0 0 0 1 0 
0 0 0 0 1 
0 0.397204 0 0.602796 0 
0 0 0.418079 0 0.581921 
0 1 0 0 0 
0.522186 0 0 0 0.477813 
1 0 0 0 0 
1 0 0 0 0 
0 0 0 1 0 
0 1 0 0 0 
0.355199 0 0 0 0.644801 
0 0 0.81579 0 0.18421 
0 0 0 0.311268 0.688732 
0 0 0 0.5512 0.4488 
1 0 0 0 0 
0 0 1 0 0 
0 0.421096 0.578904 0 0 
0 0 0 0.174673 0.825327 
0 0.423686 0 0 0.576314 
0 0 0 1 0 
0 0 0.610774 0.389226 0 
0 1 0 0 0 
0.297273 0.115211 0.256696 0 0.330821 
1 0 0 0 0 
0 0.638902 0 0.137109 0.223988 
0 1 0 0 0 
0 0.260246 0.396725 0.343029 0 
0 0 0 0 1 
0 0 0 1 0 
1 0 0 0 0 
1 0 0 0 0 
0 0 1 0 0 
0 0 0 1 0 
1 0 0 0 0 
0 0 0 0 1 
0 0 0 1 0 
1 0 0 0 0 
0 0.739131 0.260869 0 0 
1 0 0 0 0 
0 0 0 0 1 
0 0 0 0 1 
0 0.740324 0 0.154783 0.104893 
0 0 0.609232 0 0.390768 
0 0.29012 0.70988 0 0 
0 0 0 0 1 
0.591276 0 0.408724 0 0 
0 0 0.602488 0 0.397512 
0 0 0 0.567131 0.432869 
0 0.540624 0 0.328135 0.131241 
0 0.23132 0.294458 0.338997 0.135225 
0 0 0 1 0 
0 0 1 0 0 
0 0 1 0 0 
1 0 0 0 0 
0 0.326572 0 0.401674 0.271755 
0 0.47276 0 0.0875532 0.439687 
0 0.280389 0.244244 0.475368 0 
0.246555 0 0.345462 0.407983 0 
1 0 0 0 0 
0 0.365088 0.634912 0 0 
0 0 0 0 1 
0 0 1 0 0 
0 0 1 0 0 
0 0 0.809733 0.190267 0 
0 0 1 0 0 
0 0 0.141557 0.858443 0 
0.600374 0 0.399626 0 0 
0 0 0.49786 0.50214 0 
0 0 1 0 0 
0 0 1 0 0 
0 0 1 0 0 
0 0 1 0 0 
0.500646 0 0 0.499354 0 
0 1 0 0 0 
0 0 0 0.437275 0.562725 
0 1 0 0 0 
1 0 0 0 0 
1 0 0 0 0 
1 0 0 0 0 
0 1 0 0 0 
1 0 0 0 0 
0.504208 0.495792 0 0 0 
0 0.0987842 0.253375 0 0.647841 
0 0 0 1 0 
0 0 1 0 0 
0 0.849416 0 0 0.150584 
0 0.466223 0 0.533777 0 
0 0 0 1 0 
0 0 1 0 0 
0 0 0 0 1 
0 0 1 0 0 
0 0 0 1 0 
0 0 1 0 0 
1 0 0 0 0 
0 0 1 0 0 
1 0 0 0 0 
0 0 1 0 0 
0 0.28561 0 0.71439 0 
0.664391 0 0 0 0.335609 
0 0 0 1 0 
0 0 0.73771 0.26229 0 
0 0 0.196003 0 0.803997 
0 0 0 1 0 
0.127841 0.872159 0 0 0 
0 0 1 0 0 
0.380376 0 0 0 0.619624 
0 0 0 0 1 
0 0 0 1 0 
1 0 0 0 0 
1 0 0 0 0 
0 0 1 0 0 
0 0 0.485053 0.514947 0 
0 0.413579 0.524252 0 0.0621683 
0 0 0 1 0 
0.593818 0 0 0 0.406182 
0 1 0 0 0 
0.702687 0 0.297313 0 0 
0.596732 0 0 0.403268 0 
0 0 1 0 0 
1 0 0 0 0 
0 0 0 0 1 
