5 150
0.395894
0.459708
0.326907
0.356708
0.700987
9.75533 0.114066
9.59109 0.854671
9.27518 1.1697
8.3065 0.531236
8.10172 1.14708
7.95274 1.02278
7.71778 2.06061
7.50571 1.33679
7.34414 1.55485
7.27411 0.858524
7.22115 1.97529
6.98366 0.990821
6.86519 2.74335
6.57496 0.784348
6.36419 1.66024
6.20568 1.65374
6.19424 1.01533
6.18106 2.6178
6.05709 2.03135
5.96409 2.58234
5.82709 1.20885
5.8269 2.89878
5.7356 2.2597
5.48914 2.04411
5.36809 2.473
5.27869 2.52326
5.16808 2.03195
5.14004 3.0039
4.981 3.11516
4.94737 2.25986
4.9284 3.1626
4.91715 2.1205
4.76567 3.53165
4.53855 3.23251
4.3462 2.65685
4.34195 2.59041
4.20654 4.07875
4.18021 3.66276
4.10652 2.21301
4.02626 2.58723
3.98102 3.06993
3.96654 3.54501
3.94655 3.00403
3.90127 4.04249
3.78228 4.29683
3.63869 3.71465
3.40379 4.3673
3.27843 4.01269
3.26324 4.92325
3.22145 4.08491
3.17597 4.38176
3.13673 4.47783
3.08201 4.21505
3.00926 3.34486
2.92445 5.70185
2.81909 3.75168
2.79463 3.59012
2.7282 5.08898
2.70204 5.70988
2.69194 6.03536
2.66593 4.52504
2.65362 3.40256
2.60136 4.73475
2.51335 4.93751
2.47876 5.31216
2.46756 4.16045
2.40907 5.58104
2.32095 3.65384
2.25933 6.01963
2.23238 6.33264
2.1749 5.82061
2.0737 6.0454
2.07002 4.91605
1.80862 5.62583
1.79022 4.20884
1.71273 7.49788
1.68914 6.39862
1.68382 5.69117
1.60136 4.73298
1.54111 5.34855
1.51819 6.13722
1.41671 8.06972
1.29223 6.68476
1.2768 5.367
1.25952 5.92149
1.19912 8.2477
1.19363 6.91621
1.18812 7.32323
1.1864 5.69927
1.18208 6.98246
1.17996 6.75376
1.17848 7.06228
1.13706 7.66734
1.11127 7.64241
1.10477 7.24898
1.02619 8.1687
1.01247 8.20539
0.987778 5.33178
0.987249 5.56862
0.835347 5.26556
0.804809 7.36077
0.671989 5.53814
0.66546 8.69173
0.662147 8.02903
0.657792 7.90191
0.649012 6.36088
0.599918 6.01491
0.595506 8.71476
0.579789 8.00144
0.568011 9.11976
0.555838 8.9978
0.541182 6.66965
0.503194 9.73798
0.498082 9.56372
0.480759 9.92228
0.423644 8.26768
0.399346 7.37882
0.344886 9.35012
0.330536 9.80128
0.301026 10.0188
0.27065 7.06102
0.267629 8.36012
0.242051 6.29892
0.228355 9.32928
0.214878 9.91829
0.208484 10.4601
0.192916 9.99142
0.179876 9.18134
0.176187 6.85919
0.168559 7.7503
0.148451 9.53581
0.145562 9.57172
0.143166 6.76266
0.138961 8.76638
0.131547 7.24713
0.118121 9.61502
0.100548 8.28852
0.0993135 11.1059
0.0886784 7.18695
0.0872803 10.3061
0.0760116 8.16654
0.0629366 8.53313
0.0592997 10.2513
0.0544902 8.89223
0.0493702 11.5756
0.0430274 10.7043
0.0376861 8.54119
0.0315369 9.05991
0.00334581 10.3707
0.00110807 11.2017
0.47493 0 0 0 0.52507 
0 0.225491 0 0.303711 0.470798 
0.11285 0.420909 0 0.466241 0 
0 0.536988 0 0.195453 0.267558 
0 0.388364 0.374184 0.237451 0 
0.426683 0.0828771 0 0.49044 0 
0 0 0.381993 0.618007 0 
0 0.107263 0 0.59705 0.295687 
1 0 0 0 0 
0 0 0 0.306017 0.693983 
0 0 0 0.273139 0.726861 
0.151725 0.366129 0.148456 0 0.333689 
0.352915 0 0.0754877 0.294922 0.276676 
0 0.296897 0 0.414397 0.288706 
0 0 0.494767 0.336469 0.168764 
0.292291 0 0 0.349522 0.358187 
0.488001 0.263634 0.248365 0 0 
0 0 0.259651 0.740349 0 
0.383739 0.36898 0 0.247281 0 
0.624948 0 0.103954 0 0.271098 
0.566285 0 0.433715 0 0 
0.110033 0.562636 0 0.079626 0.247705 
0.440773 0 0 0.0873539 0.471873 
0 0 0 0.523851 0.476149 
0 0.382446 0.335319 0.0630343 0.2192 
0.309253 0.449848 0.240899 0 0 
0.0805207 0.499261 0.122961 0 0.297258 
0 0 0.710755 0 0.289245 
0.20563 0 0 0.556086 0.238284 
0.416015 0 0.309019 0 0.274966 
1 0 0 0 0 
0.410727 0 0 0.154789 0.434483 
0 0 0.187265 0 0.812734 
0.348267 0 0.147177 0 0.504556 
0 0 0.250693 0.3504 0.398907 
0.292661 0 0.366271 0.341068 0 
0 0 0.667507 0.332493 0 
0.216101 0 0.27387 0.16356 0.346469 
0.433868 0.566133 0 0 0 
0 0.35528 0.507593 0 0.137127 
0 0 0.372238 0.279326 0.348436 
0 0.545932 0.454068 0 0 
0.76863 0 0 0 0.23137 
0 1 0 0 0 
0.418676 0.270827 0.310497 0 0 
0 0 0.165025 0.306908 0.528066 
0 0.316046 0.479622 0.204332 0 
0 1 0 0 0 
1 0 0 0 0 
0.407872 0 0 0.484641 0.107487 
0 0 0 0 1 
0 0.306046 0.107697 0 0.586257 
0 0 0 1 0 
0 0 1 0 0 
0.328306 0 0.0614413 0.215867 0.394385 
0.375273 0 0 0 0.624727 
0 1 0 0 0 
0.117228 0.146903 0.298324 0.113215 0.32433 
0.124679 0.144821 0.139384 0.591116 0 
1 0 0 0 0 
1 0 0 0 0 
0.096159 0 0.419334 0 0.484507 
0 0 0.217413 0.242395 0.540192 
0.130825 0.390514 0 0 0.478661 
0.367663 0 0.207401 0.0662146 0.358721 
0.572035 0 0.427965 0 0 
0 0 0.232323 0.442905 0.324772 
0 0.190291 0.327809 0 0.4819 
0.559196 0.440804 0 0 0 
0 0 0 0.305748 0.694252 
0.730964 0.269036 0 0 0 
0.173839 0.283615 0 0 0.542546 
0 0.257049 0.280505 0.177996 0.284449 
0.599484 0 0.400516 0 0 
0.488124 0 0.234365 0.277512 0 
0 0 0.239876 0.320923 0.4392 
0.104959 0.634503 0 0.260538 0 
0 0 0 0.415242 0.584758 
0.80458 0 0 0.19542 0 
0.453241 0 0.546759 0 0 
0.604072 0 0 0 0.395928 
0 1 0 0 0 
0 0 0.360437 0 0.639563 
0.142344 0.41102 0.287926 0.15871 0 
0 0 0 0 1 
0.354639 0.366017 0 0 0.279345 
0.332211 0 0.329086 0.338703 0 
0 0.226359 0.305174 0 0.468467 
0.312223 0.159313 0.193733 0.33473 0 
0 0.216725 0.783275 0 0 
0.388025 0 0 0.611975 0 
0 0.468232 0 0 0.531768 
0 0 0.497722 0 0.502278 
0 0 0.384306 0.615694 0 
0.755674 0 0 0 0.244326 
0 0.258883 0.0553654 0.381299 0.304453 
0 0.240307 0 0.759693 0 
0.487011 0 0.512989 0 0 
0.467276 0.369219 0 0.163504 0 
0.295368 0 0.117725 0.21605 0.370858 
0 0 0.787312 0 0.212688 
0 0 0 1 0 
1 0 0 0 0 
0.214666 0.392425 0 0.392909 0 
0.174561 0.356049 0.332257 0 0.137134 
0.593214 0.406786 0 0 0 
0 0 0 0 1 
1 0 0 0 0 
0.644212 0 0 0.355788 0 
0.360413 0 0.0837066 0 0.55588 
0 0 0.377186 0.622814 0 
0.542535 0 0 0.238394 0.21907 
0 0 0.494617 0.505383 0 
0.592979 0.161929 0 0 0.245091 
0.499553 0.191427 0 0.30902 0 
0 0 0 0.580657 0.419343 
0 0.439755 0 0 0.560246 
1 0 0 0 0 
0.386726 0 0.267605 0.345669 0 
0.418102 0 0 0.233267 0.348631 
0.295046 0 0 0 0.704954 
1 0 0 0 0 
0.546868 0 0 0 0.453132 
0.237313 0 0.222221 0.540466 0 
0 0 0.281232 0.718768 0 
0.354497 0.363518 0 0 0.281985 
0.61586 0 0 0.183843 0.200297 
0 0.510416 0 0 0.489584 
0.401649 0.598351 0 0 0 
0.870995 0 0 0 0.129005 
0.187792 0.391076 0.246913 0.174219 0 
0 0 0.437556 0.290837 0.271607 
1 0 0 0 0 
0.276015 0 0.297093 0.426892 0 
0.298114 0.336389 0 0.22498 0.140516 
0.437049 0 0 0 0.562951 
0.628821 0.371179 0 0 0 
0.129223 0 0.692749 0 0.178027 
0 0.353257 0.208284 0 0.438459 
0 0.851386 0 0.148614 0 
0.352847 0 0 0.42309 0.224063 
0.336334 0.186612 0 0 0.477055 
0 0 0.379585 0.620415 0 
0 0.325276 0.674724 0 0 
0.195522 0.507734 0.177201 0.119544 0 
0.628297 0 0 0 0.371703 
0.51462 0 0 0 0.48538 
0 0 1 0 0 
0 0.878867 0 0 0.121133 
0 0 0.235029 0.189132 0.575838 
