5 50
0.31534
0.652219
0.471778
0.280061
0.531549
11.2245 0.579866
10.7094 0.468933
9.48626 1.41075
8.46685 1.49902
8.32519 0.798611
7.67705 0.689809
7.0347 1.02084
6.97498 0.460347
6.47669 2.22012
6.41702 2.39016
6.11788 2.60754
6.05336 1.95649
5.40069 1.5353
5.28626 3.28531
5.04692 2.30637
4.907 3.68592
4.2169 2.40925
4.1979 4.14294
4.05985 4.9532
4.05175 5.30211
3.73981 4.88911
3.69121 2.97729
3.53232 3.68259
3.25941 3.9589
3.15243 5.62916
3.10764 5.18352
3.09274 4.56894
3.0657 3.74135
2.47553 4.54627
2.35693 5.71233
1.7817 4.67504
1.62304 7.51933
1.4756 7.26789
1.41546 5.53323
1.39065 6.42924
1.38496 6.2466
1.28197 6.89036
1.24698 6.42297
1.24098 7.56989
1.14795 6.94915
1.03376 6.56374
0.80123 7.16096
0.520928 7.82831
0.349277 7.86171
0.241057 8.71775
0.0649799 7.38676
0.05399 10.0569
0.0241306 10.6445
0.0187323 10.5212
0.0111193 11.1979
0 0 0 1 0 
0 0 0.811572 0.188428 0 
0 0 1 0 0 
0 0 1 0 0 
0 0 0.670716 0.329284 0 
0 0 0 1 0 
1 0 0 0 0 
0.477005 0 0.522995 0 0 
0 0 0 1 0 
0 0 1 0 0 
0 0 0 1 0 
0.404732 0.313114 0 0.282154 0 
0.381853 0 0.618147 0 0 
0 0 1 0 0 
0 0 0 1 0 
0 0.369082 0 0 0.630918 
0.488477 0 0.511523 0 0 
0 0 1 0 0 
0.358452 0.429828 0 0.21172 0 
0 1 0 0 0 
0 0.302532 0.0899472 0.330967 0.276553 
0 0 0 0 1 
0 0 0 1 0 
1 0 0 0 0 
0 1 0 0 0 
0 0 0 0 1 
0 0 0 0 1 
0 0 0 1 0 
0 0.341547 0.658453 0 0 
0 0.343205 0.656795 0 0 
0 0 1 0 0 
0 0.483153 0 0 0.516847 
0 0.233089 0.766911 0 0 
0 0.611175 0.12051 0.268316 0 
0 0 0 0 1 
1 0 0 0 0 
0 0 1 0 0 
0 0 0 1 0 
0 0 1 0 0 
1 0 0 0 0 
0 0.267366 0 0 0.732634 
1 0 0 0 0 
0 0 0 1 0 
1 0 0 0 0 
1 0 0 0 0 
0 0 0 1 0 
0 1 0 0 0 
0 0.615433 0.384567 0 0 
0 0 0.730953 0.121964 0.147083 
0.487301 0.353421 0.159278 0 0 
