5 50
0.421484
0.683775
0.406713
0.647717
0.627575
9.75056 0.408037
8.99044 1.39
8.56456 0.606702
8.43965 1.84648
7.062 2.44906
6.80079 1.95197
6.63763 1.84707
6.55695 2.86761
6.41497 2.03292
6.32985 2.14943
6.32101 2.28538
6.305 0.963274
6.1421 3.27424
6.02635 1.13594
5.43435 2.21054
5.31817 2.15514
4.94639 3.6726
4.71187 2.20835
4.30763 3.60818
3.73418 5.44138
3.64829 3.82561
3.38638 4.30318
3.27851 4.47855
3.18205 4.71736
2.95493 5.23103
2.82044 4.85471
2.78442 3.71505
2.19149 7.01072
1.94733 6.18485
1.61856 7.00228
1.59226 5.16447
1.3568 4.84425
1.04998 8.64766
0.776913 6.63161
0.652875 8.01666
0.517414 7.89052
0.34119 7.70281
0.285784 8.86562
0.28509 6.93932
0.21577 6.4303
0.186952 10.332
0.126956 10.9646
0.107495 6.79666
0.104452 9.03671
0.0742692 8.82681
0.0465606 8.54204
0.0302637 10.4367
0.0126771 11.8262
0.00587398 10.4435
0.00152879 11.3498
0.108004 0.0686916 0.455332 0.217565 0.150408 
0 0 0.616102 0.2775 0.106398 
0.40378 0.59622 0 0 0 
0 0.369687 0.248856 0.381458 0 
0.237717 0.282441 0.119825 0.276835 0.0831829 
0.255159 0 0.272187 0.257181 0.215472 
0.292648 0 0.268704 0.174567 0.264081 
0.189917 0.072182 0 0.241872 0.49603 
0 1 0 0 0 
0.279253 0.187577 0.374891 0.158279 0 
0 0 0 0.346299 0.653701 
0.359663 0.187444 0.452893 0 0 
0.142754 0.405992 0.224749 0.150237 0.0762674 
0 0 0 1 0 
0.347464 0.381885 0 0.27065 0 
0.241624 0.1902 0.568176 0 0 
0 0 0 1 0 
0 0 0.48146 0.51854 0 
0 0 0.215526 0.246615 0.537859 
0 0.338665 0.250509 0 0.410826 
0 0 1 0 0 
0.337857 0.118939 0.300545 0.0646932 0.177966 
0.333097 0.427114 0 0.239789 0 
0.207585 0.224905 0.247966 0.319543 0 
0 0 0 1 0 
0.124678 0.185092 0 0.116639 0.573591 
0.497174 0.502826 0 0 0 
0.0863458 0.471148 0 0 0.442506 
0.450377 0 0 0.549623 0 
0.581169 0 0 0.418831 0 
0 0.629634 0 0 0.370366 
0.509023 0 0 0 0.490977 
0.273803 0.100408 0.168356 0 0.457433 
0.248539 0.289413 0 0 0.462048 
0.327265 0.160123 0.152725 0.15518 0.204707 
0.145614 0 0.237154 0 0.617232 
0.236191 0 0.224744 0.321697 0.217367 
0.158118 0.363325 0 0.293768 0.184789 
0 0 0.427046 0 0.572954 
0 0.41587 0.232993 0.129662 0.221475 
0 0.204893 0.203422 0.591686 0 
0.101243 0.218896 0.336674 0 0.343187 
0.442561 0.557439 0 0 0 
0 0.34502 0.65498 0 0 
0.453277 0.263589 0 0.283134 0 
0 0 0.11086 0.609557 0.279583 
0.587966 0 0 0.412034 0 
0.565105 0 0 0.293169 0.141726 
0.396953 0.264645 0.338402 0 0 
0.349831 0 0.080578 0.276079 0.293512 
