5 200
0.601335
0.27732
0.49018
0.71055
0.708126
10.9434 0.354681
10.4271 0.14744
9.5327 0.900029
9.00595 0.733924
8.70048 0.455567
8.59458 1.08358
8.34564 1.02998
7.98375 1.40149
7.78321 1.22196
7.52976 0.541689
7.46153 0.920744
7.24091 1.29794
7.23721 0.313538
7.21851 1.12486
7.16453 1.74691
7.084 1.50162
7.01124 1.07715
6.83209 2.21076
6.78913 1.6385
6.77781 0.934002
6.70919 1.29499
6.63608 1.4634
6.61518 1.00419
6.58551 2.91518
6.57355 0.671766
6.50467 1.59629
6.31473 3.31834
6.30042 3.09103
6.27862 1.14855
6.16611 2.39849
6.15667 2.71009
6.03313 2.95534
5.91473 3.44692
5.86771 1.91749
5.85081 2.52554
5.77003 1.53091
5.45832 3.89034
5.44694 2.47746
5.41757 3.50302
5.23072 3.33339
5.05346 1.80506
4.97279 2.8161
4.94229 2.65522
4.64502 2.37014
4.63787 3.00609
4.55429 2.50052
4.54133 2.27455
4.3945 2.85314
4.37969 3.61908
4.34876 3.15755
4.31795 2.61815
4.31249 2.65027
4.24003 4.60799
4.18579 3.40773
4.12884 4.65495
3.97427 4.72393
3.88052 4.26409
3.87154 5.07083
3.81603 3.16338
3.78353 4.31075
3.72675 3.67118
3.6379 4.63327
3.51433 3.40434
3.48462 3.53553
3.42412 4.9614
3.41528 4.01016
3.39564 4.89845
3.39003 5.10672
3.3259 5.24889
3.21926 3.41195
3.21477 3.84177
3.18472 5.89329
3.1833 4.77782
3.1599 3.26201
3.06252 4.80133
3.03 3.96039
2.87887 3.63571
2.86094 3.96821
2.83004 3.96598
2.82456 4.74636
2.76286 3.42605
2.71383 5.20311
2.7104 5.069
2.67557 3.65556
2.65726 6.11185
2.629 5.42432
2.62644 4.3665
2.6154 4.42813
2.52371 5.26782
2.51687 5.01367
2.51067 4.3286
2.49359 3.92262
2.40306 5.68944
2.38614 3.77086
2.32967 4.36691
2.23312 5.77694
2.22645 3.5206
2.21713 5.75987
2.15379 5.36965
2.05686 4.70615
2.05591 5.11796
1.95984 6.52808
1.95498 3.89149
1.90325 4.61822
1.818 7.24217
1.79653 6.36895
1.63735 5.31354
1.59338 7.89906
1.59065 4.74131
1.55002 5.58426
1.52493 7.36006
1.50178 5.38084
1.46086 6.7934
1.45523 6.9961
1.4474 5.05415
1.42228 4.87283
1.34842 6.28723
1.26797 6.88247
1.21753 5.97841
1.2125 5.84056
1.1826 8.20618
1.16909 6.20358
1.10926 7.53438
1.09349 7.21842
1.06532 5.70371
1.04953 8.39097
1.04951 5.12741
1.04444 7.06068
1.0422 6.69504
1.00485 8.51271
0.97689 7.02468
0.945632 7.88536
0.923199 5.52821
0.84677 6.8794
0.820895 6.02017
0.797276 5.83992
0.779604 8.36678
0.76973 7.97478
0.745201 9.18297
0.71743 7.67164
0.715466 9.23577
0.710368 6.90861
0.687396 8.22
0.652597 8.23184
0.616203 6.93221
0.612006 8.26459
0.553352 6.948
0.548215 6.043
0.519594 7.44156
0.503396 6.05985
0.491798 6.95931
0.482758 5.9192
0.462092 8.31477
0.446836 6.25045
0.408956 6.94384
0.396312 9.59584
0.379337 7.54495
0.377896 8.5823
0.372945 8.10779
0.362404 5.94778
0.333528 8.48911
0.320083 8.61294
0.28013 6.40084
0.263284 6.70988
0.251122 7.86748
0.244981 9.65605
0.240551 6.86133
0.21297 6.70536
0.208845 9.82784
0.183945 9.2137
0.167494 7.28829
0.164311 9.15512
0.163162 10.8234
0.157124 8.99357
0.152346 8.84401
0.142152 7.51795
0.10984 8.64511
0.0976653 11.0761
0.0875532 10.7667
0.0841227 10.7624
0.0822409 8.48803
0.0680225 8.00636
0.0531848 10.6476
0.0466749 11.2072
0.0426109 8.68116
0.0348182 9.5138
0.0284736 9.27197
0.0263885 10.9402
0.0261321 10.6729
0.0252328 9.42532
0.0197687 8.93491
0.0179826 10.6692
0.0142922 7.23623
0.01026 9.70486
0.00846617 8.49301
0.00792735 11.6749
0.00519495 11.7055
0.00393606 8.51525
0.00332859 8.31205
0.00162474 8.34809
0 1 0 0 0 
0 0 0 1 0 
1 0 0 0 0 
0 0 0 0 1 
0 0 0 0 1 
1 0 0 0 0 
0 0 0 0 1 
0 0 0 1 0 
0 0 1 0 0 
1 0 0 0 0 
0.764304 0 0 0.235696 0 
0 1 0 0 0 
1 0 0 0 0 
0 0.195881 0.804119 0 0 
0 0 1 0 0 
0 0 0 0 1 
0 1 0 0 0 
0 0 0 1 0 
0 0 0 1 0 
0 0 0 0 1 
0 0.840039 0 0.159961 0 
0 1 0 0 0 
0 1 0 0 0 
0 0 1 0 0 
1 0 0 0 0 
0 0 1 0 0 
0 1 0 0 0 
0 0 1 0 0 
0 0 0 0 1 
0 0 1 0 0 
0 0 1 0 0 
0 1 0 0 0 
0.238407 0 0.761593 0 0 
0.606 0 0.394 0 0 
0 0 0 1 0 
0.493062 0 0 0.506939 0 
0 0 0 0 1 
1 0 0 0 0 
0 0 0 1 0 
0 1 0 0 0 
0 1 0 0 0 
0 1 0 0 0 
0 0 0 1 0 
0 0.634817 0 0.365183 0 
0 0 0 0 1 
0 0.452964 0 0 0.547036 
0 0 0 1 0 
0.841499 0 0.158501 0 0 
1 0 0 0 0 
0 0.28752 0 0 0.712479 
0 0 0 0 1 
0 1 0 0 0 
0 0.333137 0.666863 0 0 
0 0.205981 0 0.141785 0.652234 
1 0 0 0 0 
1 0 0 0 0 
0 0.560248 0 0.439752 0 
0 0 0 1 0 
0 0 1 0 0 
0 1 0 0 0 
0 0 0 1 0 
0 0 1 0 0 
0 1 0 0 0 
0.674058 0 0.325942 0 0 
0 0 0 1 0 
0.352819 0.647181 0 0 0 
0 0 0 0 1 
0 0 1 0 0 
1 0 0 0 0 
0 0 1 0 0 
0 1 0 0 0 
0 1 0 0 0 
1 0 0 0 0 
0 0 1 0 0 
0 0 1 0 0 
0 0 0 0 1 
0 0 0 0 1 
0 0 0 0 1 
0.593296 0 0 0.406704 0 
0 0 0.404732 0.595268 0 
0 0 0 1 0 
0 0.526968 0 0 0.473032 
0 0 1 0 0 
0 0 0 0 1 
0 0 0 1 0 
0 0 0 1 0 
0 0 0 0 1 
0 0 1 0 0 
1 0 0 0 0 
0 0 1 0 0 
0 0 0 1 0 
0 0 0 0 1 
0 0 0 1 0 
0 0 0 0 1 
1 0 0 0 0 
0 0 1 0 0 
0 0 1 0 0 
0 0 1 0 0 
0 0 1 0 0 
0 0 1 0 0 
0 0 0 1 0 
1 0 0 0 0 
0 1 0 0 0 
0 0 0 1 0 
0 0.395683 0 0.604317 0 
0 0 0 0 1 
0 0 1 0 0 
0 0 1 0 0 
0.408021 0 0.591979 0 0 
1 0 0 0 0 
0 0 0.525422 0 0.474578 
0 0 1 0 0 
0 1 0 0 0 
0 0.899288 0 0 0.100712 
0 1 0 0 0 
1 0 0 0 0 
1 0 0 0 0 
0 0 0 1 0 
0 0 0 1 0 
0 0 0 1 0 
0 0 1 0 0 
0 0 0 0 1 
0 1 0 0 0 
0 0.778592 0 0 0.221408 
0 0 0 1 0 
0 1 0 0 0 
1 0 0 0 0 
1 0 0 0 0 
0 0 0 1 0 
0 1 0 0 0 
0 1 0 0 0 
0.600744 0.399256 0 0 0 
0 0 0 1 0 
0 0 0 0 1 
0 1 0 0 0 
0 1 0 0 0 
0 1 0 0 0 
0 0 0 0.614882 0.385118 
0.704993 0 0 0.295007 0 
0 1 0 0 0 
0 0.17035 0 0.82965 0 
1 0 0 0 0 
0 0 1 0 0 
1 0 0 0 0 
0 0 1 0 0 
0.358745 0 0.641255 0 0 
0 0 0 0 1 
0 1 0 0 0 
0 0 0 1 0 
0.392023 0.607977 0 0 0 
0 0 0 0 1 
0 0 0 0 1 
0 0 0 1 0 
0 0 0 1 0 
1 0 0 0 0 
0 0 0 0 1 
0 0 0 0 1 
0 0 0.315388 0 0.684612 
0 1 0 0 0 
0 0 0 1 0 
1 0 0 0 0 
0 0 0 1 0 
1 0 0 0 0 
0 0 0.448575 0.551425 0 
0 1 0 0 0 
0 0.68907 0 0 0.31093 
1 0 0 0 0 
0 0.460504 0.112026 0 0.427469 
0 0 0 0 1 
1 0 0 0 0 
1 0 0 0 0 
0 0 0 0 1 
0.637202 0 0 0 0.362798 
0 1 0 0 0 
1 0 0 0 0 
1 0 0 0 0 
0 0 1 0 0 
0 1 0 0 0 
0 0 0 0 1 
0 1 0 0 0 
0 0 0 0 1 
0 0 0 1 0 
0 1 0 0 0 
0 0 0 1 0 
0.55812 0 0 0 0.44188 
1 0 0 0 0 
0 0 0 0 1 
0 1 0 0 0 
0 0.549033 0.450967 0 0 
0 1 0 0 0 
0 0 0 0.30588 0.69412 
0 0 0 0 1 
0 0 1 0 0 
0 0 0 1 0 
0 0 1 0 0 
0 0 0 1 0 
0 0 1 0 0 
0 1 0 0 0 
0 0.659724 0 0.340276 0 
0 0 0 0 1 
