5 50
0.549463
0.291948
0.736526
0.55343
0.400594
10.4673 0.625145
9.78307 1.01323
9.4825 0.69208
8.6794 1.16846
8.58918 0.599901
7.73729 1.57538
7.59693 1.41876
7.45466 0.836913
7.3786 0.835295
6.76494 1.82285
6.22875 2.79882
6.18511 2.86556
5.91055 2.00791
5.36101 1.34745
5.28057 1.88477
5.1662 3.37292
5.12849 1.64015
5.01251 2.08422
4.59225 3.57787
3.42956 3.4093
3.08278 3.81264
2.24954 6.98387
2.19704 5.29922
2.09549 4.74523
1.92391 6.2389
1.79462 7.04839
1.75554 7.31949
1.53694 7.3378
1.49249 5.5576
1.30911 5.91207
1.21801 7.31358
1.07012 5.61127
1.05033 5.98907
0.680593 6.88098
0.578694 6.25128
0.45625 6.89292
0.402752 8.6942
0.328284 7.91684
0.314767 7.89094
0.30507 8.48306
0.295746 6.25766
0.287388 6.45235
0.125882 10.8985
0.0707618 7.48833
0.0648709 8.80719
0.0617025 9.66439
0.0576236 8.59645
0.0497889 7.22401
0.0120223 12.0613
0.00779631 10.4924
0 1 0 0 0 
0 0 1 0 0 
0 0 0 1 0 
0 0 1 0 0 
0 0 0 0 1 
0 0 0 0 1 
0 0 1 0 0 
0 0 0 0 1 
1 0 0 0 0 
0 0 0 0 1 
1 0 0 0 0 
0 0 0 0 1 
0 0 1 0 0 
0 0 1 0 0 
0 0 1 0 0 
0 1 0 0 0 
0 0 0 1 0 
0 0 0 0 1 
0 0 1 0 0 
0 0 0 0 1 
1 0 0 0 0 
0 1 0 0 0 
0 1 0 0 0 
0 0 1 0 0 
0 0 0 0 1 
0 0 0 0 1 
1 0 0 0 0 
1 0 0 0 0 
0 0 1 0 0 
0 1 0 0 0 
0 1 0 0 0 
0 0 0 0 1 
0 0 0 1 0 
0 0 0 0 1 
0 1 0 0 0 
0 0 0 1 0 
1 0 0 0 0 
0 0 0 0 1 
0 0 0 0 1 
0 0 0 0 1 
0 0 0 1 0 
1 0 0 0 0 
0 0 1 0 0 
1 0 0 0 0 
0 0 1 0 0 
0 0 0 0 1 
1 0 0 0 0 
0 0 0 1 0 
0 0 0 1 0 
0 1 0 0 0 
