5 50
0.504097
0.423574
0.445547
0.592769
0.598399
11.5698 0.319556
10.9792 0.101163
10.5763 0.622101
9.32245 0.436288
9.30833 0.593381
8.79078 1.13759
8.64229 1.16607
8.61956 0.671041
8.09585 0.803018
7.79362 1.97011
7.49197 0.690521
7.04385 1.82223
6.98699 1.14958
6.83752 1.44778
6.60431 0.584701
5.96609 3.15824
5.83941 1.59413
5.80805 2.17233
5.78462 1.60536
5.38549 2.54202
5.01795 2.17467
4.60072 3.66359
4.42454 4.13195
3.7937 4.46557
3.66063 4.6021
3.31291 4.11137
3.0722 3.92252
2.86505 4.42138
2.47043 5.17797
2.3938 5.73123
2.0425 4.37579
1.56332 5.22763
1.41535 6.22698
1.17062 6.97829
1.15858 4.97086
0.998944 7.53747
0.923817 7.60098
0.836889 6.10153
0.638491 8.57779
0.541827 6.15346
0.481869 7.50544
0.40194 8.66923
0.276832 8.93834
0.244772 7.05228
0.237977 7.07367
0.210475 9.83743
0.190944 10.6483
0.0306493 8.62841
0.00600468 12.0093
0.00238198 8.75994
0.499234 0 0 0 0.500766 
0 0.202133 0.183514 0.173512 0.440841 
0.511673 0.488327 0 0 0 
0.183629 0.296974 0.285707 0.0557596 0.17793 
0 0.318582 0 0.453265 0.228152 
0 0 0 0.337558 0.662442 
0 0 0 0.367354 0.632646 
0.344228 0 0 0 0.655772 
0.319558 0.680442 0 0 0 
0 0 1 0 0 
0 0 0.611033 0 0.388967 
0 0 0 0 1 
0 0 0.442181 0 0.557819 
0.28379 0 0.275716 0.192932 0.247562 
0.506521 0 0 0 0.493479 
0.599819 0 0.400181 0 0 
0.417949 0.394395 0 0 0.187656 
0 0.413124 0.0865242 0.500352 0 
0 0.517714 0 0 0.482286 
0.395476 0 0 0 0.604523 
0 0.282245 0.285615 0.326046 0.106094 
0 0 0 0 1 
0.178891 0.279732 0.155108 0.29984 0.0864293 
0 0.302798 0 0 0.697202 
0.405558 0 0 0.289713 0.304729 
1 0 0 0 0 
0 0 1 0 0 
0.268154 0 0 0.248767 0.48308 
0.624863 0.375137 0 0 0 
0.0649263 0.138987 0.321692 0 0.474394 
0.358761 0 0.0703656 0.243743 0.32713 
1 0 0 0 0 
0 0.341053 0.658947 0 0 
0.468819 0.208111 0 0.154462 0.168609 
0 0 0.51967 0.48033 0 
0.352891 0 0 0.44086 0.206249 
0 0 0 1 0 
1 0 0 0 0 
0 0 0.602643 0 0.397357 
0.289484 0.172792 0 0 0.537724 
0.137688 0 0.533223 0 0.329089 
0.335284 0 0.528475 0 0.13624 
0.265665 0 0.251782 0.318222 0.164331 
0.100066 0 0.211847 0.399452 0.288635 
0.435185 0.367767 0 0.197048 0 
0 0.63297 0 0 0.36703 
0 0 0 0 1 
0.511112 0.058648 0 0.43024 0 
0 0.377905 0.305286 0.316809 0 
0 0 0.349444 0 0.650556 
