5 150
0.434805
0.279221
0.359912
0.382145
0.45394
11.701 0.231695
11.3524 0.173914
10.4967 0.669782
10.2846 0.640604
10.237 0.568574
10.1061 0.303525
9.86851 0.160542
9.82923 0.636937
9.5297 0.443477
9.4973 0.935953
9.29292 0.441963
9.24875 0.515815
8.9187 0.236724
8.8764 0.602886
8.77684 0.936153
8.7398 0.200504
8.71379 1.49561
8.37335 1.03904
8.24228 0.438022
8.0445 1.20973
8.03062 1.58669
8.01452 0.111142
7.99192 0.791336
7.97815 0.215469
7.93668 0.995235
7.93427 1.52463
7.75106 0.971006
7.51666 1.14266
7.51525 2.46875
7.41094 0.980383
7.298 0.891679
7.18633 2.08064
7.0964 2.22918
6.74944 3.25535
6.68096 2.95548
6.6592 1.78193
6.63858 1.92056
6.52554 1.81399
6.51123 1.48887
6.48715 1.72533
6.33201 1.53402
6.26886 1.18339
6.1246 2.70073
5.82142 1.53926
5.61654 2.21127
5.5254 2.52543
5.32786 2.73627
5.18255 2.38246
5.07575 4.46422
4.84995 1.75939
4.79107 1.83322
4.62214 2.25622
4.54277 3.70328
4.50978 3.55372
4.44711 4.33804
4.43518 3.48179
4.31153 2.87196
4.16987 3.91787
3.96923 3.2987
3.89359 3.831
3.79614 3.66129
3.68604 3.2556
3.51554 4.31261
3.47289 4.45523
3.21261 4.51134
3.14306 4.97429
2.99381 4.3264
2.98139 5.19021
2.93928 4.15014
2.9196 3.20399
2.90515 4.32689
2.68281 5.78027
2.61764 5.75912
2.36171 5.95183
2.33817 4.44523
2.26008 3.898
2.22389 6.88142
2.12572 5.80236
2.08522 5.66183
2.02933 4.46497
1.95817 6.05726
1.95675 4.0288
1.9357 4.56566
1.9291 7.23327
1.90769 4.68651
1.84636 6.07925
1.77989 6.70009
1.68435 7.62466
1.67257 7.17715
1.66197 6.39727
1.6567 4.83567
1.50643 7.51042
1.47774 7.43762
1.44925 7.0563
1.29791 6.45901
1.29442 6.85012
1.19707 7.75361
1.17722 7.47498
1.09281 7.79719
1.08723 6.3491
1.02181 6.40669
1.01454 8.06305
0.949769 6.67703
0.913436 6.1991
0.873995 6.03973
0.721186 8.56397
0.718995 8.15119
0.715478 9.02523
0.672921 5.50717
0.667214 7.24342
0.656917 8.70377
0.607603 7.45536
0.596343 8.86131
0.581442 9.03865
0.535362 6.414
0.478463 5.79221
0.439499 9.60494
0.426064 6.58484
0.400272 8.81979
0.395142 7.25694
0.382349 8.648
0.322736 7.25678
0.284224 7.71569
0.262643 8.24685
0.233205 8.47452
0.206437 8.25724
0.204326 8.12055
0.174641 6.94084
0.173466 10.672
0.155009 6.74582
0.147929 9.80915
0.129757 9.12724
0.122387 10.3858
0.11954 8.37341
0.106446 8.94849
0.104347 9.72009
0.0948195 7.16022
0.0883106 9.7995
0.085128 7.2357
0.0755887 7.67538
0.0664535 7.83866
0.0475369 8.53744
0.0472131 9.54033
0.0402986 11.7172
0.0380563 11.454
0.0376038 10.6574
0.0363022 9.88176
0.0294383 7.76649
0.0053067 8.13635
0.00126662 7.51985
0.329423 0.558757 0 0 0.11182 
0.603042 0.396958 0 0 0 
0 0 0.416948 0.583052 0 
0 0 0.52334 0.0926405 0.38402 
0 0 0.469829 0.213581 0.31659 
0 0 0.227014 0 0.772986 
0.155008 0.103346 0.300903 0 0.440742 
0 0 0 0.380498 0.619502 
0 0.518046 0.481954 0 0 
0 0.220682 0 0.39797 0.381348 
0.724013 0.275987 0 0 0 
0.540432 0.459568 0 0 0 
0.40315 0 0 0.348914 0.247935 
0 0.201982 0.798018 0 0 
0 0.378775 0.387452 0.233773 0 
0.416157 0 0.255979 0.174217 0.153647 
0.665267 0 0.334733 0 0 
0.0811716 0.275986 0.252177 0.121353 0.269313 
0.253751 0 0.340062 0.406187 0 
0.206871 0 0 0.481161 0.311967 
0 0.588094 0 0.411906 0 
0.258194 0 0.151342 0 0.590464 
0 0 1 0 0 
0.410918 0.180665 0.0972937 0 0.311123 
0.513071 0.486929 0 0 0 
0.238329 0 0.761671 0 0 
0.208541 0.116091 0 0.250179 0.425189 
0 0.398506 0.601494 0 0 
0 1 0 0 0 
0.392953 0 0 0.21363 0.393417 
0 0.345244 0.654756 0 0 
0 0 1 0 0 
0.122499 0.148069 0.469604 0.259828 0 
0 0 1 0 0 
0 1 0 0 0 
0 0 0 0.28506 0.71494 
0.589096 0 0 0 0.410904 
0 0 0.211261 0.197222 0.591517 
0.3111 0 0.6889 0 0 
0 0 0 0.624799 0.375201 
0.646316 0 0 0 0.353684 
0.157874 0.273081 0 0.319503 0.249543 
0 0 0 1 0 
0.837574 0 0 0.162426 0 
0.77147 0 0 0.22853 0 
0.271476 0 0 0.218952 0.509572 
0.291349 0 0.199793 0.321264 0.187594 
0 1 0 0 0 
0 1 0 0 0 
0 0.27227 0.635986 0.0917447 0 
0.188503 0 0.185239 0.184214 0.442044 
0.265105 0 0 0.458805 0.276089 
0.296417 0.183964 0.519619 0 0 
0 0 0.776632 0.223368 0 
0 0 0.485542 0.514458 0 
1 0 0 0 0 
0.274952 0.401232 0.189454 0 0.134361 
0.652264 0 0 0 0.347736 
0.504678 0 0 0.495322 0 
0 0.362344 0.42792 0.0514961 0.15824 
0 0 0 0 1 
0.297149 0.298462 0 0.162403 0.241986 
0 0 1 0 0 
0 0.564443 0 0 0.435557 
0.324216 0 0.312413 0 0.363371 
0 0 0.325891 0.316471 0.357638 
0.257602 0.216902 0.351329 0 0.174166 
0 0 0.213119 0.393947 0.392935 
0 0.280041 0 0.382504 0.337455 
0 0 0.823846 0 0.176154 
1 0 0 0 0 
0.373172 0.27631 0.350518 0 0 
0.205192 0.0687086 0.401676 0.324424 0 
0.518602 0 0.481398 0 0 
0 0 0 0 1 
0.282366 0.0667086 0 0.288107 0.362818 
0 0.119865 0 0.636879 0.243256 
0.281127 0.362718 0 0 0.356155 
0 1 0 0 0 
0 0.822278 0.177722 0 0 
0 0.451019 0.440919 0.108062 0 
0 0 0 0 1 
0 0 0.194921 0 0.805079 
0 0 0 1 0 
0 0.482512 0 0 0.517488 
0.572516 0 0 0.427484 0 
0 0 0.485179 0 0.514822 
0.435417 0.230002 0 0 0.334582 
0 0.395185 0.451646 0.0843709 0.0687977 
0.468693 0 0 0 0.531307 
0.13928 0.322672 0.241784 0.296264 0 
0.182051 0 0.189642 0.321553 0.306754 
0 0.242395 0.163484 0.195565 0.398556 
0.162765 0.130415 0.193319 0 0.513502 
0 0 1 0 0 
0 0.0971616 0.507092 0 0.395747 
0 0 0 0.448448 0.551552 
0 0.215848 0.261788 0.262865 0.259499 
0.326798 0 0.673202 0 0 
0 0 1 0 0 
0 0 0 1 0 
0 0 0 0.639386 0.360614 
0.565473 0 0.434527 0 0 
0.292161 0 0 0.707839 0 
0 0.463852 0 0.536148 0 
0.32734 0 0.306218 0.366441 0 
0 0.533222 0 0.466778 0 
0.304885 0 0 0 0.695115 
0 0.265939 0.0795815 0.348731 0.305748 
0.26954 0.342762 0 0 0.387698 
0.104959 0.517612 0 0 0.377429 
0 0.4202 0.351616 0.228184 0 
0 0.37691 0 0.62309 0 
0.364 0 0.0906165 0.281043 0.264341 
0.078189 0.303352 0.348788 0.269672 0 
0 0.250452 0 0.617259 0.132289 
0 0.564517 0.0690217 0 0.366461 
0 0 0.49102 0.50898 0 
0.458973 0 0 0.0729496 0.468077 
0 0.74254 0 0.25746 0 
0.111678 0 0.361569 0.526754 0 
0 0.365364 0 0.517878 0.116758 
0.722899 0 0 0.277101 0 
0 1 0 0 0 
0 0.364911 0.635089 0 0 
0.291041 0 0.380756 0.328203 0 
0.274875 0.158927 0.566198 0 0 
0 0 0 0 1 
0 0.211048 0.540507 0.248444 0 
0.222037 0.777963 0 0 0 
0.135114 0 0.237445 0 0.627441 
0.127228 0.144021 0.306058 0 0.422693 
1 0 0 0 0 
0.334726 0 0 0 0.665275 
0.400223 0 0.372907 0 0.22687 
0 0 0 1 0 
0.143816 0.436351 0.419833 0 0 
0.154244 0.440202 0 0.405554 0 
0.333103 0 0.0922998 0.317428 0.257169 
0.578162 0.307457 0 0 0.11438 
1 0 0 0 0 
0.674251 0 0.171062 0.154687 0 
0.147151 0.852849 0 0 0 
0 0.465198 0 0.313969 0.220833 
0 0.101446 0.360406 0.248687 0.28946 
0 0.44218 0.394159 0 0.163661 
0 0.230692 0 0.223999 0.545309 
0 0 1 0 0 
0 0 0 1 0 
0 0.476105 0 0 0.523895 
