5 200
0.342822
0.491554
0.349994
0.47187
0.431433
11.0584 0.277695
10.7676 0.365196
10.4572 0.815228
10.0862 0.280164
10.085 0.581516
10.0176 0.697767
9.81685 0.655532
9.78128 0.75524
9.61217 1.12601
9.36037 0.940394
9.32476 1.66176
8.78616 1.18608
8.63465 0.333776
8.57277 0.156212
8.30974 0.847238
8.23384 1.35275
8.16422 0.636607
8.08279 0.176143
7.94055 2.29662
7.89958 1.52416
7.85787 1.72458
7.77634 2.29278
7.74344 1.01206
7.69928 0.667582
7.48542 1.91599
7.47162 2.03311
7.4014 1.31637
7.38929 1.70742
7.36931 0.196095
7.33303 1.25937
7.2546 2.53109
7.20705 0.506603
7.19051 1.37889
7.1172 1.15235
7.02999 1.29438
7.02112 0.456502
6.97811 0.811685
6.96236 2.46553
6.94173 2.33182
6.81699 1.07356
6.39725 0.990726
6.35744 1.07662
6.30042 1.69004
6.22748 2.14236
6.16202 2.42542
6.05534 2.9996
6.01542 2.04403
5.74792 2.71586
5.72614 1.42762
5.64276 1.88114
5.63683 2.75784
5.48433 3.58884
5.45809 1.92642
5.42535 2.71154
5.39995 1.83139
5.26243 3.5149
5.2591 1.63779
5.25217 3.94408
5.21486 2.334
5.20986 2.47672
5.17321 3.2547
5.16409 2.29429
5.07008 2.6687
5.04 1.81466
4.92824 2.03324
4.91748 1.77635
4.83166 3.4903
4.72276 2.78835
4.63745 2.42375
4.53341 2.99206
4.48771 4.03515
4.33077 4.07355
4.27876 4.05264
4.2764 2.77048
4.26673 2.82373
4.20759 2.3991
4.13375 4.66252
4.05449 3.31311
4.04588 3.88505
4.00409 2.33789
4.00085 3.56692
3.98681 2.47806
3.93043 3.56358
3.78065 3.48785
3.695 4.92851
3.694 4.49063
3.67117 2.81651
3.64582 4.1762
3.57863 4.33782
3.50648 2.84142
3.50288 3.06857
3.46674 3.69156
3.33522 3.98495
3.31303 5.37536
3.06701 2.91379
2.99306 5.5396
2.75573 4.00762
2.74627 6.1441
2.65181 4.92917
2.6297 5.73893
2.55156 3.59023
2.52722 4.7606
2.46792 5.31119
2.37583 4.45403
2.36799 5.10783
2.30906 5.48799
2.24751 6.17555
2.23232 6.67075
2.09956 5.26629
2.07732 4.47623
2.07595 6.10297
2.06195 4.49272
2.05465 5.45058
1.98268 6.20416
1.91645 4.79821
1.88675 6.77858
1.86443 5.65873
1.86403 3.88057
1.81077 4.59594
1.69705 6.11683
1.68147 5.15595
1.6162 4.74078
1.59352 7.04471
1.5923 7.28741
1.53666 5.20509
1.52543 6.30193
1.51983 6.28925
1.51353 4.81629
1.48962 7.31698
1.42204 5.74648
1.37044 5.72683
1.36716 6.56383
1.33875 7.5287
1.32982 5.52833
1.32276 7.17002
1.20416 5.5966
1.20252 6.87371
1.19813 6.40187
1.16004 7.78283
1.11855 5.03674
1.09863 7.47357
1.08469 5.5794
1.047 6.06271
1.02287 7.47753
0.88085 5.58263
0.866386 8.78491
0.850147 7.63814
0.818066 8.24656
0.790764 6.89135
0.727816 8.86832
0.698147 9.15034
0.697471 6.69012
0.690629 6.57824
0.684656 6.92262
0.679556 7.62335
0.651085 8.92482
0.630334 6.52115
0.587499 9.39735
0.582797 7.63887
0.581702 6.53762
0.525164 8.13247
0.518177 8.9543
0.476226 5.92855
0.456943 6.72997
0.40973 7.75783
0.408837 9.22523
0.389679 8.58082
0.383176 6.72402
0.378283 6.58016
0.326237 6.7768
0.320838 9.4552
0.256666 6.4268
0.226482 9.47002
0.211344 8.56428
0.182488 6.44808
0.177322 10.3034
0.171991 9.1703
0.133981 8.12754
0.131317 10.394
0.125696 10.4161
0.125003 7.10927
0.107759 9.59974
0.103959 9.0824
0.100733 8.03018
0.0949621 7.76887
0.0920045 7.39104
0.0883779 7.30126
0.0802825 11.0193
0.0753318 8.4885
0.0688648 9.96267
0.0632422 8.16714
0.0431401 10.2965
0.0278078 11.7204
0.0251688 8.2356
0.0217866 7.713
0.0200948 10.7308
0.0186297 10.6873
0.0157913 10.9845
0.00442752 8.27868
0.00357211 9.79614
0 0 0 0 1 
0 0.58062 0 0 0.41938 
0.762502 0 0.237498 0 0 
0 0 0 0 1 
1 0 0 0 0 
0 0 0 0 1 
0 0 0 1 0 
1 0 0 0 0 
0 0 0.73483 0.26517 0 
0.66578 0 0 0 0.33422 
0 0 0 0.144149 0.855851 
0 0 1 0 0 
1 0 0 0 0 
0 1 0 0 0 
0 1 0 0 0 
0 0 1 0 0 
0 0 0 1 0 
0 0 1 0 0 
0 0 0 0.898562 0.101438 
0 0 1 0 0 
0 0.42695 0.204899 0.368151 0 
0 0 1 0 0 
0 0.878318 0 0.121682 0 
0 0 0 0 1 
0.336293 0 0 0 0.663707 
0 0 1 0 0 
0 0.354263 0.645737 0 0 
0 0.503935 0.496065 0 0 
0.541735 0 0.458264 0 0 
0 0 1 0 0 
0 0 0.329094 0.670906 0 
0 1 0 0 0 
0 1 0 0 0 
0 0.460572 0 0.539428 0 
0 0.569953 0 0.430047 0 
0.34915 0.329172 0 0 0.321678 
0 0 0.276554 0.723446 0 
0 1 0 0 0 
0 0 0.558241 0.441759 0 
0 0 0 0 1 
0 0 0 1 0 
0 0 0 0 1 
0 0 0 1 0 
0.503701 0.496299 0 0 0 
0 0 0 0 1 
0 0 0.57 0 0.43 
0.434695 0 0 0.565305 0 
0 0.393255 0 0.33814 0.268605 
0 0 0 0 1 
1 0 0 0 0 
0.532149 0 0 0 0.467851 
0 0 0.351112 0.648888 0 
0 0.169141 0 0.324066 0.506793 
0 0 0 0 1 
0.378431 0.621569 0 0 0 
1 0 0 0 0 
0 0 0 0.549001 0.450999 
0 0 1 0 0 
0 0.624915 0.375085 0 0 
0 1 0 0 0 
1 0 0 0 0 
0 0 0 0 1 
0 0.4727 0 0 0.5273 
0 0 1 0 0 
0 0 0 1 0 
0 0 1 0 0 
0 0 0 0 1 
0 1 0 0 0 
0 1 0 0 0 
0 0 1 0 0 
0 0 1 0 0 
0 0 0 1 0 
0.420765 0 0 0 0.579235 
0 0 0 1 0 
0.411 0.334572 0.254427 0 0 
0 0 0 0 1 
0 1 0 0 0 
0 0.258386 0.741614 0 0 
0 0 1 0 0 
0 0 1 0 0 
0 0 0 0 1 
0 0 0 1 0 
0 0 0 0 1 
0 0 0 0 1 
0 0 1 0 0 
0 0 0 0.665735 0.334265 
1 0 0 0 0 
0.387598 0 0.13632 0.0988672 0.377215 
0 0 1 0 0 
0 0.412661 0 0.587339 0 
0 0 0.441708 0.558292 0 
0 1 0 0 0 
0 0 0.691895 0.308105 0 
0 0 0 0 1 
0 0 0 0 1 
0 0 0 0 1 
1 0 0 0 0 
1 0 0 0 0 
0 0.730061 0.269939 0 0 
0 0 0 0.36326 0.63674 
0 0 0.783871 0 0.216129 
0 0 0 1 0 
0.618744 0 0 0.381256 0 
0 0 1 0 0 
0 0 0 1 0 
0.289968 0 0 0.15828 0.551751 
0 0 0 1 0 
0 1 0 0 0 
0.438225 0.154616 0 0.407158 0 
0 0 0 1 0 
0 1 0 0 0 
0 0 1 0 0 
0 0 0 0.382113 0.617887 
0 0 0 1 0 
0 0 0.136676 0 0.863324 
0 0 0 0 1 
0 1 0 0 0 
0 0.389943 0.25708 0.352978 0 
0 1 0 0 0 
0.877915 0 0 0 0.122085 
0 0 0 0 1 
0.550122 0.449878 0 0 0 
0 0 0 0 1 
1 0 0 0 0 
0 0 0 0 1 
1 0 0 0 0 
1 0 0 0 0 
0 0.3964 0.6036 0 0 
0 0.79378 0 0 0.20622 
0 0 0 1 0 
0 0 0 0 1 
0 0 0 0.379773 0.620227 
0 0 1 0 0 
0 1 0 0 0 
0 0 0 0 1 
0 0 1 0 0 
0 0 0 1 0 
0 0 0 0 1 
0 0 0 1 0 
0 0 0 0.706023 0.293977 
0 0 0 1 0 
0.349018 0 0 0 0.650982 
1 0 0 0 0 
0 0 1 0 0 
0 1 0 0 0 
0 0 0.618823 0 0.381177 
0 0 0 1 0 
0.475238 0 0.524762 0 0 
1 0 0 0 0 
0 0 1 0 0 
0 1 0 0 0 
0.275246 0 0.393897 0 0.330856 
0 0 0 1 0 
0 0 1 0 0 
0 0.615291 0 0 0.384709 
0 0 0.489461 0.510539 0 
0.600527 0.399473 0 0 0 
0.498956 0 0 0 0.501044 
0.518281 0 0.481719 0 0 
0.415061 0 0 0.584939 0 
0 0 1 0 0 
0 0 1 0 0 
0.423514 0 0 0.576486 0 
1 0 0 0 0 
1 0 0 0 0 
1 0 0 0 0 
0 0.30032 0 0 0.699679 
0.302921 0.370065 0 0.327014 0 
1 0 0 0 0 
1 0 0 0 0 
0 0 1 0 0 
1 0 0 0 0 
0 1 0 0 0 
0.272956 0.727044 0 0 0 
0.400063 0 0.379567 0 0.22037 
0 0.545644 0.454356 0 0 
1 0 0 0 0 
0 0.379 0.276751 0.344248 0 
1 0 0 0 0 
0 0.507545 0 0.492455 0 
0.413375 0.315589 0 0 0.271035 
0 0 1 0 0 
0 1 0 0 0 
0.444294 0.555706 0 0 0 
0 0 0.180611 0.213253 0.606136 
0.190653 0.448064 0.361283 0 0 
0 0.738303 0 0 0.261697 
0.417888 0 0 0 0.582112 
1 0 0 0 0 
0 0 1 0 0 
0 0 0 0 1 
0 1 0 0 0 
0 0 0.333547 0 0.666453 
0 0 0.418667 0.581333 0 
0 0 1 0 0 
0.0658927 0.210538 0.399796 0 0.323773 
1 0 0 0 0 
0.795539 0 0.204461 0 0 
0 0.642669 0 0.357331 0 
0 0 0 1 0 
