5 100
0.607387
0.296312
0.371067
0.660337
0.687346
10.2963 0.430025
9.86651 1.21976
9.14438 0.845294
8.70367 0.464349
8.24387 1.51073
8.14676 1.35823
7.80437 0.117506
7.53854 1.50963
7.36943 1.81683
7.15793 2.64958
6.76081 1.87277
6.64021 1.10292
6.62316 1.23469
6.53828 2.97846
6.49582 2.8284
6.43288 2.22091
6.2951 1.81817
6.28464 1.19867
6.21672 3.10331
6.16532 2.40965
6.08122 1.52246
6.04993 2.02905
5.74981 3.09172
5.54574 1.64723
5.44254 3.73649
5.35517 2.05967
5.31226 2.67167
4.87193 2.41993
4.10751 2.57574
4.07081 4.37865
4.03763 2.95922
3.94846 2.44034
3.80834 3.92782
3.79077 3.87768
3.48147 4.18668
3.38965 3.86479
3.23178 5.61171
3.15408 4.40992
3.04173 3.66731
2.94009 4.42318
2.89161 5.29197
2.50905 4.5973
2.41964 3.99444
2.3856 5.68737
2.36095 6.85308
2.26769 4.84387
1.99422 5.01123
1.98008 6.11031
1.92794 4.58804
1.68479 5.23185
1.64681 7.39194
1.58312 7.34176
1.53482 5.65164
1.46788 5.62609
1.37636 5.3984
1.11162 7.58435
1.11024 5.2933
1.09505 5.07865
1.03536 7.77743
0.976589 8.13186
0.94837 7.22092
0.92414 5.65122
0.852368 5.34768
0.842863 8.9177
0.84063 5.71237
0.80996 7.19265
0.734621 5.98195
0.729188 6.6701
0.723692 8.29144
0.696932 6.316
0.578469 7.94144
0.546044 9.47461
0.51541 6.46503
0.514507 8.29559
0.446573 6.30957
0.436837 8.15254
0.380563 7.1872
0.349103 9.05562
0.330969 9.95107
0.2653 9.51097
0.228942 7.05751
0.198743 10.2495
0.169653 10.1748
0.156339 10.0873
0.13299 10.8704
0.0778061 10.9905
0.0729625 10.9795
0.072154 7.80224
0.0464315 8.52343
0.0416872 8.11158
0.0278864 8.15538
0.0241898 8.41844
0.0185996 11.2521
0.0154614 8.54618
0.0133602 11.2605
0.0112582 9.77205
0.0105073 10.8147
0.00556714 11.7768
0.0030082 8.62736
0.00153106 12.2332
0 0 0 1 0 
0 0.773925 0.226075 0 0 
0.563403 0 0.436597 0 0 
0 0 0 1 0 
1 0 0 0 0 
0 0.334496 0.665504 0 0 
1 0 0 0 0 
0 0 1 0 0 
0 0.655365 0 0.344635 0 
0 0 0.663995 0 0.336005 
0 0 1 0 0 
0.121037 0 0.619063 0 0.2599 
0.445932 0.554068 0 0 0 
0 0.504546 0 0 0.495454 
0.773251 0 0 0.226749 0 
1 0 0 0 0 
0 1 0 0 0 
0 0 1 0 0 
0 0 0 0 1 
0 0 1 0 0 
0 0.153855 0.298562 0 0.547583 
0 0 0 0 1 
0.852502 0 0 0 0.147498 
0 0.68836 0 0.31164 0 
0.546135 0.453865 0 0 0 
0 0 0.597351 0.402649 0 
0 0 0 1 0 
0 1 0 0 0 
0 0 0.260645 0.354973 0.384383 
0 0.668695 0 0 0.331305 
0 0 1 0 0 
0.571435 0.428565 0 0 0 
0 0.233182 0 0.766818 0 
0 0.881362 0 0 0.118638 
0.431041 0 0.275887 0.293072 0 
0.326219 0.124606 0.263011 0 0.286164 
0 0 0 0 1 
1 0 0 0 0 
0 0 0 1 0 
0 0 0 1 0 
0 0 0 1 0 
0 0 0 0.306466 0.693534 
0 0 0 1 0 
0 0 1 0 0 
0 0 0.263629 0 0.736371 
0.775449 0 0.224551 0 0 
1 0 0 0 0 
0.292612 0 0 0 0.707388 
0 0 1 0 0 
0 0 0 0 1 
0.452776 0 0 0 0.547224 
1 0 0 0 0 
0 0.632292 0.367708 0 0 
0 0 0 0 1 
0 0 0 1 0 
0 0 0 1 0 
0 0 0 1 0 
0 1 0 0 0 
0 1 0 0 0 
0.88645 0 0 0 0.11355 
0 1 0 0 0 
1 0 0 0 0 
0 0.478872 0 0 0.521128 
0 0 0 1 0 
0 0.503173 0 0.496827 0 
0 1 0 0 0 
0.400026 0 0 0.599974 0 
0 1 0 0 0 
0.862089 0 0.137911 0 0 
0.540342 0 0.459658 0 0 
0 0 0 0 1 
0 0 0 0 1 
0 0 1 0 0 
0 0 0.110129 0.520407 0.369464 
1 0 0 0 0 
0 0 0 0 1 
0 0.193682 0 0.373913 0.432404 
0 0 0 1 0 
0 0 0.335578 0.134116 0.530306 
0 0 0 1 0 
0 1 0 0 0 
0.219261 0 0 0.780739 0 
0 1 0 0 0 
0 0 1 0 0 
1 0 0 0 0 
0 0 0 0 1 
1 0 0 0 0 
0 0 0 0 1 
0 0 0 1 0 
0 0 0 1 0 
0 1 0 0 0 
0 0 0 0 1 
0 0.572238 0.427762 0 0 
0 0.669554 0 0 0.330446 
1 0 0 0 0 
0 0 0 1 0 
0 1 0 0 0 
0 0 0 1 0 
0.868482 0 0 0.131518 0 
0 0 0.369192 0.630808 0 
