5 50
0.336123
0.365787
0.545267
0.291078
0.682081
10.9822 0.39026
10.0845 0.641019
8.61046 2.0093
7.12256 0.344723
6.31022 2.15922
5.80368 2.4367
5.31437 2.64392
5.09505 3.11921
4.97006 2.59186
4.71431 3.87508
4.30784 2.67973
4.29204 3.38971
4.24194 3.52677
4.15061 3.57172
3.98958 4.79404
3.86094 4.43304
3.70018 5.32195
3.67297 3.36564
3.08257 4.40342
2.72071 3.94485
2.61767 3.82095
2.12684 6.20774
1.96138 4.00502
1.85171 5.36659
1.74587 4.33522
1.6896 5.80972
1.60354 4.15836
1.559 4.88165
1.39433 7.33653
1.39327 5.63633
1.27474 7.40598
1.19483 7.79951
1.01697 7.23094
0.993624 5.34341
0.946912 7.85142
0.938801 8.61537
0.787799 7.15607
0.689785 6.44728
0.645963 7.96022
0.580892 8.12978
0.490684 8.11628
0.438671 9.64466
0.302584 7.43243
0.266893 8.68283
0.216758 9.53542
0.112328 7.59097
0.0945514 9.2802
0.0448626 10.6758
0.0247698 11.0756
0.00289349 12.0149
0 0 0 0 1 
0 0.178631 0.32742 0.493949 0 
1 0 0 0 0 
0.124171 0.535624 0 0 0.340205 
0 0 0 0 1 
0 1 0 0 0 
0.56111 0 0.43889 0 0 
0 0 1 0 0 
0 0.470031 0 0.529969 0 
0 0 0 0.585485 0.414515 
0.370035 0 0.629965 0 0 
0 0 0.523498 0 0.476501 
0 0 0 1 0 
0 0 0 0.693558 0.306442 
0.362755 0 0 0.637245 0 
0 0 0 1 0 
0 0 1 0 0 
0 0 1 0 0 
0 0 0 0 1 
0.47107 0 0 0.52893 0 
0.646977 0 0.353023 0 0 
0 0.585597 0 0.414403 0 
0 0 0 0 1 
0 0 0 0 1 
0 1 0 0 0 
0 0 0 1 0 
0.829681 0 0 0.170319 0 
0 0 0.161711 0.838289 0 
0.293358 0 0 0.706642 0 
0.704729 0.295271 0 0 0 
0 0 1 0 0 
0.602478 0 0 0 0.397522 
0 0 1 0 0 
0.499214 0.102453 0.398333 0 0 
0 0 0 0 1 
1 0 0 0 0 
0 0 0.211051 0 0.788949 
0 0 1 0 0 
0.378476 0 0.171788 0.449736 0 
1 0 0 0 0 
0 0 0 0 1 
0 0 0 0 1 
1 0 0 0 0 
0 0 0 1 0 
0 0 0 1 0 
0 0 0 1 0 
0 1 0 0 0 
0 0 0 0 1 
0.588331 0.411669 0 0 0 
0 0 1 0 0 
