5 200
0.514
0.289125
0.566416
0.367771
0.490577
11.2627 0.295108
10.9869 0.503288
9.82941 0.862361
9.81127 0.75899
9.70755 0.466118
9.60846 0.813201
9.06667 1.0108
8.84288 0.19503
8.69094 1.41073
8.67056 1.17812
8.55066 1.62928
8.41926 0.628718
8.19905 0.939777
8.15538 0.229969
8.05687 1.61337
7.80918 2.39627
7.74147 1.46768
7.70491 0.44001
7.58834 1.4789
7.32731 0.677011
7.29646 2.05005
7.26283 0.481123
7.20545 0.432752
7.17351 2.17523
7.15229 1.64409
7.1307 2.27619
6.8583 2.22022
6.81153 2.71084
6.73238 2.00865
6.72795 1.69633
6.61593 1.95901
6.52824 2.54249
6.47474 1.62975
6.46719 3.40868
6.413 2.32367
6.2639 2.07104
6.17112 1.94002
6.07609 2.4006
5.9906 3.13686
5.97979 2.92549
5.94245 2.68605
5.80968 1.44658
5.69801 1.6288
5.69609 2.79496
5.59707 2.91219
5.56621 2.84724
5.48631 2.26536
5.42918 1.85355
5.36718 3.5682
5.34442 3.9339
5.15264 2.91866
5.1514 2.19012
4.93346 4.50913
4.88767 2.44067
4.84859 1.57836
4.83342 2.74642
4.78698 2.64342
4.76991 2.95958
4.76287 2.66594
4.70952 2.59723
4.70285 2.99728
4.55444 2.14601
4.52497 2.87063
4.4026 1.92441
4.33855 3.49891
4.32071 3.33818
4.22736 3.45378
4.12479 3.20832
4.11728 4.67828
3.85839 3.17089
3.85161 2.94086
3.84852 3.50179
3.79035 3.3809
3.70467 3.31405
3.64271 3.38141
3.53875 3.79631
3.51332 4.70885
3.47861 4.2712
3.47193 4.82165
3.43013 3.16089
3.41385 3.79374
3.3784 5.30732
3.32478 4.89025
3.31578 4.85049
3.24656 4.48486
3.21435 4.25352
3.18988 4.26328
3.16363 5.5862
3.10107 3.8044
3.06113 3.6397
3.06003 4.89478
2.94314 5.88581
2.85133 5.32686
2.84411 4.85589
2.70729 5.29344
2.70402 5.90282
2.68835 5.16491
2.64555 5.32992
2.6262 6.05976
2.55208 4.45223
2.46025 4.32372
2.38196 4.45928
2.30967 5.18813
2.27491 4.92655
2.18736 5.92861
2.1005 5.87128
2.07168 5.05345
2.0409 4.63079
2.03988 6.63463
2.0259 6.73457
1.9109 5.61227
1.91074 6.89241
1.80936 4.62938
1.78968 5.55589
1.76311 5.11836
1.75516 6.53857
1.74547 6.72844
1.74388 6.51868
1.70876 6.89748
1.68099 4.2138
1.5651 5.44031
1.54587 4.35878
1.53167 5.11909
1.51709 6.86254
1.42828 7.28207
1.39877 7.60503
1.3629 5.61377
1.26886 6.63709
1.18388 7.64933
1.14367 7.69884
1.13662 7.6463
1.12419 6.59952
1.10912 7.38003
1.09619 7.45934
1.04022 7.86383
1.03298 7.67531
1.02988 8.34373
0.999002 5.91874
0.933012 8.6427
0.894411 5.8274
0.844133 7.48626
0.829821 8.52681
0.81331 8.08615
0.750865 6.89469
0.745187 6.05869
0.696558 6.15887
0.64707 6.55547
0.597794 5.58647
0.580454 5.63006
0.566317 8.37055
0.539253 6.72151
0.525555 9.0756
0.510707 6.47647
0.446416 6.29017
0.434035 9.02807
0.426557 9.85308
0.418485 8.1731
0.397745 8.44354
0.366115 6.91867
0.314904 7.74411
0.31203 8.20351
0.301395 7.32107
0.298914 10.1666
0.281645 6.76707
0.239014 6.45219
0.232563 7.31971
0.213801 8.65588
0.210631 9.19213
0.206989 7.15017
0.185611 9.2585
0.180069 10.6718
0.173199 10.3683
0.158481 6.60339
0.151939 6.69656
0.137352 10.7034
0.1243 7.40031
0.104329 9.74353
0.104245 7.07892
0.102518 9.37873
0.100184 6.79111
0.0958943 10.1249
0.0907758 10.3347
0.0869801 10.4401
0.0822176 10.2656
0.0508315 11.1218
0.0391203 7.43001
0.0321068 8.64489
0.0286227 8.94942
0.0279612 11.8945
0.0272512 8.95497
0.014421 10.3161
0.0122612 8.19618
0.00968841 11.7775
0.00815702 10.5039
0.00774412 7.45642
0.00649015 11.4535
0.00507818 7.68901
0.00420716 9.31201
0.00413491 11.0134
0.00234749 7.72769
0 0.754481 0.245519 0 0 
0.823747 0 0.176253 0 0 
1 0 0 0 0 
0 0.103941 0.287712 0.608348 0 
0 0 0 0.569181 0.430819 
0 0 0.480445 0.519555 0 
0.499368 0.500632 0 0 0 
0.0854927 0 0 0.312564 0.601943 
0.464023 0.0933115 0 0 0.442666 
0 0.44015 0.187232 0.372618 0 
0.368205 0 0.0813437 0 0.550452 
0 0 0 1 0 
0.512119 0.333301 0 0.15458 0 
0 0.369201 0.0635993 0 0.5672 
0 0 1 0 0 
0 0 0.550494 0 0.449506 
0 0.429906 0.570094 0 0 
0 0 0.341871 0 0.65813 
1 0 0 0 0 
0 0 1 0 0 
0.150648 0 0 0 0.849352 
0.217148 0.782852 0 0 0 
0.248894 0.751106 0 0 0 
0 0 0.601327 0 0.398673 
0 0 0 0 1 
0 0 0.227659 0.772341 0 
0 0 0 1 0 
0 0 1 0 0 
0.793965 0.206035 0 0 0 
0 0 0 0.51639 0.48361 
0 0 0 0.491073 0.508927 
0 0.495578 0 0 0.504421 
0.489898 0 0.430735 0 0.0793665 
0 0 0 0 1 
0.711583 0 0.131471 0 0.156945 
0.655797 0 0 0 0.344203 
1 0 0 0 0 
0 0.591374 0 0.408626 0 
1 0 0 0 0 
0 0 0.425303 0.130665 0.444032 
0 1 0 0 0 
0 0 0.56716 0.301217 0.131623 
0.570492 0.429508 0 0 0 
0 0.514197 0.485803 0 0 
0 0 0 1 0 
0 0 0.638346 0.361654 0 
0 0.57388 0.42612 0 0 
0 0 0 0 1 
0 0 0 0.328643 0.671357 
0.657466 0 0 0 0.342534 
0 0.430459 0 0.569541 0 
0 0 0.52761 0.47239 0 
0 0 0.292184 0.255548 0.452267 
0.565403 0.32629 0 0.108307 0 
0 0 0 1 0 
0 0 1 0 0 
0.256848 0.554134 0 0 0.189019 
0.434602 0.0894526 0.475946 0 0 
0 0.496516 0 0.363482 0.140002 
0.256196 0.743804 0 0 0 
0 0.216585 0 0.612535 0.17088 
0 0.189816 0.427138 0 0.383047 
0 0.198746 0 0.801254 0 
0 0.233279 0.461474 0.175553 0.129694 
0 0 0 0 1 
0 0 1 0 0 
0 0.635406 0.364594 0 0 
0.201263 0.798737 0 0 0 
0.23065 0.280265 0.305545 0 0.18354 
0 1 0 0 0 
0 0 0 0.568815 0.431185 
0 0 0 0.556291 0.443709 
0.331251 0.394821 0 0.273928 0 
0.301156 0.463126 0 0 0.235718 
0.555913 0 0 0 0.444087 
0 0.514624 0 0.171934 0.313442 
1 0 0 0 0 
0.266253 0 0.654481 0 0.079266 
0 0 0.477206 0.522794 0 
0.471888 0.454913 0 0 0.073199 
0.588124 0.158629 0 0 0.253247 
0.239458 0 0.760542 0 0 
0 0 0 1 0 
0 0 0.589869 0 0.410131 
0 0.591669 0 0.408331 0 
0.389204 0 0.610796 0 0 
0.355497 0 0 0 0.644503 
0.150413 0.541974 0 0 0.307613 
0 0.555715 0 0 0.444285 
0 0.546106 0.453894 0 0 
0 0 0.284184 0 0.715816 
0 1 0 0 0 
0 0.445118 0.554882 0 0 
0 0 0.492225 0 0.507775 
0 0.834258 0 0 0.165742 
0.456572 0 0.543428 0 0 
0 0 0 0.648729 0.351271 
0 0.282121 0 0.717879 0 
0 0 1 0 0 
0 0 1 0 0 
0 0.668593 0 0.331407 0 
0 1 0 0 0 
0.434082 0 0 0.565918 0 
0 0 1 0 0 
0.180977 0.335044 0 0.483978 0 
0.312039 0 0.246003 0.441958 0 
0 0.411909 0.588091 0 0 
0 0.844835 0 0 0.155165 
0 0.553681 0 0 0.446319 
0.686779 0 0 0.313221 0 
0.521354 0 0 0 0.478646 
0 0 0.689079 0 0.310921 
0 0 0 1 0 
0 0.575854 0 0.424146 0 
0 0 1 0 0 
0.177268 0.169742 0.303075 0.349916 0 
0.600444 0 0 0.399556 0 
0 0.676348 0 0.323652 0 
0 0.364634 0 0.225748 0.409617 
0.372957 0 0.463965 0 0.163077 
0 0 0 1 0 
0 0 0 1 0 
0 1 0 0 0 
0 0 0.23935 0.181558 0.579092 
0 0.501035 0.498965 0 0 
0 0 0.428109 0.571891 0 
0 0.767312 0 0 0.232688 
0.394285 0 0.263616 0.342099 0 
0 0 1 0 0 
0 0 0 0 1 
0 0 0 0.496256 0.503744 
0 0 0.132812 0 0.867188 
0 0.555082 0.444918 0 0 
0 0.513601 0 0.486399 0 
0 0 0 0.5897 0.4103 
0 1 0 0 0 
0.159416 0 0 0.151357 0.689228 
1 0 0 0 0 
0 0.702826 0.297174 0 0 
0 0.492051 0.507949 0 0 
0.808763 0.191237 0 0 0 
0 0 0 1 0 
0.733548 0 0 0.266452 0 
1 0 0 0 0 
0 0.472304 0.527696 0 0 
0 0.2406 0.7594 0 0 
0 0.180046 0.819955 0 0 
0.431609 0 0 0.568391 0 
0 0 0.372376 0.530876 0.0967472 
1 0 0 0 0 
0 0.384016 0 0 0.615984 
0 0.567604 0 0 0.432396 
0 0.178661 0.32266 0.498679 0 
0.600099 0.399901 0 0 0 
0.510038 0 0 0 0.489962 
0.424322 0 0 0.575678 0 
0.125581 0 0.59607 0 0.27835 
0.432119 0 0.327415 0 0.240466 
0 0 0 0.264685 0.735315 
0 0 1 0 0 
0 0 0 1 0 
0.459018 0 0.540982 0 0 
0 0.27927 0.299999 0 0.42073 
0 0.548744 0 0 0.451256 
0 0 0 1 0 
0 0 0.38234 0.61766 0 
0 0.343035 0 0.371633 0.285332 
0.0953689 0 0.407806 0.198916 0.297909 
0 0 0.525228 0 0.474772 
0 1 0 0 0 
0 0 0.410591 0 0.589409 
0 0 1 0 0 
0 0 0 1 0 
0.21066 0 0.78934 0 0 
0 0.387656 0 0.612344 0 
0 0 0.468099 0.285037 0.246864 
0.426969 0.17234 0 0.400691 0 
0 0 0 1 0 
0 0.70926 0 0.0945736 0.196166 
0 0 0 1 0 
1 0 0 0 0 
0.715308 0 0 0.284692 0 
0.29366 0 0 0.70634 0 
0.867441 0 0 0 0.132559 
0 0.136877 0 0.649133 0.21399 
0.263151 0 0.736849 0 0 
0 0 1 0 0 
0.678878 0 0.321122 0 0 
0 0.316424 0 0.683576 0 
0 0 0 1 0 
0 0 0 0 1 
0.683937 0 0.316063 0 0 
0 0.41066 0 0 0.58934 
0 0.330691 0.579026 0.0902833 0 
0.5797 0 0.4203 0 0 
0 0.405718 0 0.594282 0 
0 0 0 0.373041 0.626959 
0 0 1 0 0 
0.572774 0.427226 0 0 0 
0 0.682392 0 0.317608 0 
