5 150
0.589808
0.713317
0.486137
0.590815
0.697508
10.2765 0.276994
9.9092 0.667855
9.83085 1.06352
9.18433 1.39592
9.08022 1.15955
8.92787 0.923211
8.89591 1.38694
8.8703 1.13949
8.84763 1.32907
8.83539 0.110013
8.82687 0.482261
8.75237 1.52764
8.57889 0.301934
8.5787 0.429661
8.5526 1.71572
8.31056 0.432688
8.30848 1.67682
8.024 1.69188
8.01344 0.442016
7.97153 0.960931
7.86758 0.804766
7.85422 0.24788
7.65583 1.60218
7.60689 1.81901
7.53531 2.08535
7.31767 1.73691
7.22646 0.435884
7.02929 0.906637
6.82987 2.10184
6.82751 0.87048
6.53876 2.22397
6.44904 0.945423
6.4422 1.83797
6.29964 2.19752
6.23951 1.96552
6.01506 3.34786
5.82715 1.82879
5.78422 2.14287
5.74719 2.28509
5.74584 2.94521
5.70511 1.65797
5.66283 2.0819
5.53988 1.74094
5.53181 1.9426
5.2962 2.31295
5.27533 3.73283
5.20586 2.70249
4.82242 3.77762
4.61217 4.32069
4.58604 3.70135
4.57237 2.16993
4.56798 4.51295
4.4082 3.21093
4.39842 3.53007
4.29793 3.43463
4.28976 3.66484
4.17268 3.48747
4.14111 3.37944
3.87414 3.07114
3.59223 3.2904
3.49198 3.91475
3.47638 4.15704
3.34864 3.74101
3.34203 4.16273
3.30786 5.03745
3.26389 4.09706
3.24759 4.74619
3.23143 3.98131
3.19422 4.62048
2.95773 4.05497
2.71292 5.92011
2.70495 3.72158
2.46613 4.82018
2.35742 4.21678
2.3074 5.96383
2.27616 4.5979
2.15412 4.57595
2.06174 4.16156
1.99749 5.04625
1.89555 4.89971
1.79971 6.34914
1.71405 5.77943
1.7053 4.82098
1.55216 6.11058
1.47396 5.59317
1.44688 4.80709
1.42466 7.20675
1.37528 5.15101
1.31999 5.78883
1.27623 5.16284
1.22701 4.95609
1.20889 6.05891
1.20266 6.69622
1.20035 8.42033
1.13768 6.20795
1.10408 5.31298
1.04711 8.16549
0.974387 8.18345
0.973263 6.60293
0.918305 7.47525
0.907973 8.30689
0.894944 7.18608
0.864124 5.81293
0.85998 5.80107
0.827452 7.57112
0.759963 6.72007
0.680352 6.33075
0.650722 6.65731
0.642662 6.23215
0.596538 5.80571
0.578584 6.43594
0.549332 8.58017
0.533059 7.06763
0.513516 7.18956
0.477513 9.41536
0.476948 9.56255
0.447922 7.36441
0.441668 9.15084
0.395123 9.34152
0.386058 8.98976
0.352019 7.17294
0.31445 8.19443
0.30607 6.26023
0.302181 10.0819
0.288082 9.62244
0.282709 7.81556
0.280368 9.82909
0.27165 8.67436
0.223654 6.67676
0.193505 8.11606
0.173865 9.67217
0.155642 9.96268
0.14412 10.8902
0.142742 7.99463
0.131862 8.45717
0.128584 9.86069
0.0919743 10.7852
0.0845193 11.0996
0.0671579 8.88715
0.052329 8.54057
0.0473973 7.81816
0.0358224 8.88747
0.0187987 8.8312
0.0141522 7.62295
0.0128513 11.8614
0.0108436 9.74957
0.00783262 11.7944
0.00371925 11.8756
0.00122954 9.69048
0.00116633 8.77135
0 0 0 0 1 
0 0.320587 0.679413 0 0 
0 0.577599 0 0.422401 0 
0 0 0 1 0 
0.503391 0 0 0 0.496609 
0 1 0 0 0 
0.135852 0 0.363631 0.500516 0 
0 0 1 0 0 
0.627688 0 0.111147 0.261165 0 
0 0 0 0 1 
0 1 0 0 0 
0.232924 0 0 0.342221 0.424856 
0 0 0 0 1 
0.561074 0 0 0 0.438925 
0.432857 0 0 0 0.567143 
0 0.318644 0.681356 0 0 
0 0 0.235401 0.122439 0.642161 
0 0.519022 0 0.480978 0 
0.375316 0.180501 0.345015 0.0991679 0 
0.192645 0 0 0 0.807355 
0 1 0 0 0 
0 1 0 0 0 
0 0 0.216379 0.646519 0.137102 
0.308928 0.691072 0 0 0 
0 0 0.525958 0.474042 0 
0 0.726881 0.273119 0 0 
0 0.546883 0 0.453117 0 
0 0.152464 0 0.423869 0.423667 
0.799937 0 0 0.200063 0 
0 0 0.176534 0.823466 0 
0 0 1 0 0 
0.791284 0 0 0.208716 0 
0 0 1 0 0 
0 0 0.516732 0.483268 0 
0 0 1 0 0 
0 0.182085 0 0 0.817915 
0.573087 0.426913 0 0 0 
0.589846 0.148736 0 0.261418 0 
0.547477 0.452523 0 0 0 
0 0 0 1 0 
0 0 0 1 0 
1 0 0 0 0 
0 0.133054 0 0.650863 0.216083 
0.0910122 0.525134 0 0 0.383854 
0.132733 0 0 0.867267 0 
0.466885 0 0 0 0.533115 
0 0 0.882123 0.117877 0 
0 0 1 0 0 
0.469691 0 0.530309 0 0 
0.214631 0 0.584199 0.20117 0 
0.357071 0.387156 0 0 0.255773 
0 0.304051 0.402831 0 0.293117 
0.426874 0 0.448674 0 0.124451 
0.306149 0 0.184127 0 0.509724 
0 0.267913 0 0 0.732087 
0 0.589036 0.410964 0 0 
0.155134 0 0 0.844866 0 
0 0 0.202639 0.542129 0.255232 
0 0 0 0.571941 0.428059 
0 0 1 0 0 
0 1 0 0 0 
0.433096 0.49785 0 0.0690535 0 
0.430149 0.569851 0 0 0 
0 0 0 0.627765 0.372235 
0.0521418 0.299991 0 0.393541 0.254327 
0 0 0 0 1 
0 0 0.268196 0.731804 0 
0.220264 0 0 0.779736 0 
0 0 1 0 0 
0 0.256281 0 0 0.743719 
0 0 0.162065 0 0.837935 
0 1 0 0 0 
1 0 0 0 0 
0 0.456544 0 0.332071 0.211385 
0 0 0.425704 0.340287 0.234009 
0 0 0.455962 0 0.544038 
0.113524 0 0.330022 0.242824 0.31363 
0 0 0.146123 0 0.853877 
0 0.164406 0.702486 0 0.133108 
0.491094 0.183866 0.32504 0 0 
0.61928 0 0 0 0.38072 
0 0 0 0.261086 0.738914 
0 0 0 0 1 
1 0 0 0 0 
0 0 1 0 0 
0 0.567089 0.432911 0 0 
0.742138 0 0 0.257862 0 
0 0.336908 0.359215 0.303877 0 
0 0 0 0.516052 0.483948 
0 0.104547 0.125889 0.357581 0.411983 
1 0 0 0 0 
0 0 0.436679 0.278614 0.284707 
0.428885 0 0 0.571115 0 
0 0 0 1 0 
0 1 0 0 0 
0.502687 0 0 0 0.497313 
0.286934 0 0 0 0.713066 
0.258894 0 0.600671 0.140435 0 
0 0 0 0 1 
0.346714 0.0958592 0.399329 0 0.158098 
0 0 0.235279 0.331181 0.43354 
0.556278 0 0 0 0.443722 
0 1 0 0 0 
0.492599 0 0.23708 0 0.270321 
0 0 1 0 0 
0 0 1 0 0 
0.42571 0 0 0 0.57429 
0 0 0 1 0 
0.108116 0.416794 0 0.475091 0 
0.367914 0 0 0.632086 0 
0 0.376685 0 0 0.623315 
0.83608 0 0 0 0.16392 
0 0.575041 0 0.424959 0 
0 0 0.821283 0 0.178717 
0 0 0.112828 0.499643 0.38753 
0 0 1 0 0 
0 1 0 0 0 
0 0 0 1 0 
0 0.850878 0 0.149122 0 
0 0 0.568257 0 0.431743 
0.472404 0 0 0 0.527596 
0 0 1 0 0 
0.363084 0 0.473515 0.163401 0 
0.244768 0.329502 0 0 0.42573 
0.84267 0 0 0.15733 0 
0 1 0 0 0 
0 0 0 0 1 
0 0 0 0 1 
0 0 0 1 0 
0 0 0 1 0 
0 0 0 0 1 
0.786902 0.213098 0 0 0 
0 0 1 0 0 
0 0.0809464 0.49253 0 0.426523 
0 0.24736 0 0 0.75264 
0 0.233646 0.217158 0.255225 0.29397 
0 0.470094 0.529906 0 0 
0 0.224689 0 0 0.775311 
0 0 1 0 0 
0.240183 0 0.373357 0.38646 0 
0.449093 0 0 0 0.550907 
0 0 0 1 0 
0 0.431653 0 0.568347 0 
0 0 0 0 1 
0 0 0.274306 0.725694 0 
0 0.211904 0.788096 0 0 
0 0 0.198624 0.462396 0.338981 
0.34489 0.332566 0.159998 0.162546 0 
0.086291 0 0.37981 0.239969 0.29393 
0 0 1 0 0 
