5 50
0.331912
0.688734
0.69142
0.369953
0.306536
11.1216 0.584214
10.2752 0.55024
9.44465 0.330955
9.04059 1.09742
8.90896 1.5622
8.47618 0.0877448
8.2737 1.86252
7.7943 0.265319
7.72723 1.82996
7.69101 2.07716
7.47819 0.658691
7.37309 1.09695
7.06697 1.98707
6.91113 2.51064
6.38876 1.06349
6.12585 1.74794
5.74439 2.07876
5.7152 2.99995
5.50056 3.07145
5.41879 1.55369
5.08949 3.1902
4.74348 3.13882
3.84321 2.72568
3.52494 3.18733
3.48863 4.67274
2.94172 3.88174
2.77555 5.19551
2.00258 5.64721
1.82223 4.71438
1.64592 6.73992
1.45496 6.14445
0.997036 6.26911
0.893434 7.15881
0.858469 7.88357
0.733854 6.99214
0.704488 8.62138
0.684773 7.67478
0.608327 7.12043
0.607044 8.39944
0.57582 7.18574
0.556628 8.0323
0.528877 8.93246
0.527369 9.19919
0.437641 6.24445
0.403811 7.74625
0.349136 6.57712
0.230874 7.52584
0.0812729 7.98881
0.0597372 7.76259
0.00879147 11.6869
0 1 0 0 0 
0.55039 0 0 0.44961 0 
0 0 0 0.488182 0.511818 
0.0899043 0 0 0.696782 0.213313 
0.140954 0.16137 0 0.396154 0.301522 
0.342662 0.288323 0.126949 0.0550349 0.187031 
0 0 0.814399 0.185601 0 
0 0.512821 0 0 0.487179 
1 0 0 0 0 
0.399158 0 0 0.217647 0.383195 
0.744297 0 0 0.255703 0 
0 0.148276 0.278151 0 0.573573 
0 0 0.129001 0.384202 0.486797 
0.438477 0 0.561523 0 0 
0 0 0 1 0 
0.57106 0 0 0 0.42894 
0.762398 0 0.237602 0 0 
0 0 0.584536 0.415464 0 
0 0 0.682613 0 0.317387 
0 0 1 0 0 
0 0.369417 0 0.630583 0 
0.185113 0.232108 0.222648 0.360131 0 
0 0.296517 0 0.428628 0.274855 
0 0.130389 0 0 0.869611 
0.614238 0 0 0.385762 0 
0.206334 0.57042 0.223246 0 0 
0 1 0 0 0 
0.567604 0.432397 0 0 0 
1 0 0 0 0 
0 0.358037 0 0.214699 0.427264 
0.0680609 0 0 0.4427 0.489239 
0.2979 0.584202 0 0 0.117898 
0.309377 0.446141 0.244482 0 0 
0 0 0 1 0 
0.238118 0.237373 0.128349 0.110337 0.285823 
0.144173 0.127808 0 0 0.728019 
0.496344 0 0.292729 0.210927 0 
0.356956 0.108612 0.181607 0 0.352825 
0.442061 0 0.557939 0 0 
0.480337 0.245856 0 0.273806 0 
0.52099 0 0 0 0.47901 
0.425648 0.47303 0.101322 0 0 
0 0 0.465005 0.534995 0 
0.515292 0.484708 0 0 0 
0.362484 0.420248 0 0 0.217268 
0 0 0.530475 0 0.469525 
0 0.163959 0 0.420762 0.415279 
0.398683 0.438987 0.16233 0 0 
0.519847 0.234558 0.150467 0 0.0951284 
0.282552 0 0.0914706 0 0.625978 
