5 200
0.540628
0.446844
0.273835
0.273743
0.72763
11.0726 0.423992
10.428 0.810963
9.84841 0.483595
9.10202 0.406518
9.04922 0.790324
8.91229 1.09948
8.87098 0.415325
8.69958 0.833109
8.67817 0.170137
8.56901 0.300128
8.47511 1.37424
8.20013 0.0993501
7.9081 1.22067
7.84052 0.533569
7.54117 0.739845
7.45533 0.931703
7.41591 0.891251
7.34116 0.09791
7.32282 1.81751
7.19343 0.835447
7.16705 1.88505
7.15528 2.12404
7.08172 1.78062
7.03875 2.02533
6.99206 1.54761
6.98782 1.21038
6.74216 1.02318
6.73054 1.32637
6.72371 1.73306
6.66188 0.532412
6.54529 2.38431
6.42641 1.24138
6.41713 1.87737
6.34782 1.18617
6.30756 1.43002
6.11928 2.30068
6.07721 2.60708
6.04444 1.96822
6.02336 3.61143
5.94503 2.27522
5.90119 3.00884
5.74517 2.33953
5.73531 1.71715
5.61059 1.82988
5.58263 3.20694
5.40292 4.19332
5.40019 1.46359
5.36923 2.02095
5.36863 3.57951
5.31114 2.46755
5.11364 1.7069
5.03307 2.97339
4.87324 3.7061
4.8543 2.27442
4.78992 3.63899
4.77129 4.46265
4.709 2.22679
4.54491 2.40199
4.47222 3.39123
4.43389 2.35063
4.3308 3.14084
4.30872 3.83013
4.19489 4.98859
4.07369 2.51416
4.0728 4.19121
4.0307 3.05611
3.95531 2.47624
3.89127 4.75056
3.75697 4.76865
3.71157 4.15262
3.70099 3.3452
3.56436 3.96891
3.53197 3.26292
3.53131 4.6521
3.5234 5.22905
3.38591 4.84002
3.36494 4.23357
3.36386 3.84886
3.2474 3.70841
3.23885 3.95825
3.22991 3.61776
3.18203 5.33851
3.1778 4.8835
3.15437 3.30932
3.15326 3.69183
3.13596 2.89276
3.08553 3.29152
3.05922 3.74589
3.05166 4.04542
2.96319 4.78343
2.93546 4.9986
2.85973 5.41318
2.82326 3.98272
2.80134 5.67236
2.7473 4.75101
2.74263 4.32919
2.6793 4.02943
2.67463 5.73326
2.58766 5.42577
2.54345 6.72995
2.45952 4.5012
2.45922 4.15948
2.43565 6.83553
2.28924 5.20419
2.2394 5.50244
2.20879 6.37075
2.16795 4.43415
2.1426 6.83983
2.12341 4.35741
2.10435 5.97925
2.06618 3.72897
2.05978 5.62733
1.99366 6.07831
1.94066 6.81656
1.85421 5.20132
1.85196 4.35546
1.80336 6.14017
1.80053 4.08434
1.7825 6.37066
1.75569 7.16001
1.73864 6.71224
1.71432 6.01669
1.71253 4.348
1.69846 4.43339
1.60542 6.97329
1.59267 7.53888
1.48767 6.42744
1.40496 5.95473
1.38132 5.02738
1.3788 6.55192
1.36142 5.42456
1.32832 7.70574
1.31627 6.92122
1.30807 5.25619
1.28061 4.99593
1.21728 7.45352
1.21348 5.90287
1.14021 5.22805
1.13779 7.84658
1.08913 6.26053
1.03932 6.50209
0.914921 6.40461
0.890816 8.33696
0.856201 8.96364
0.841298 8.20544
0.795812 7.9151
0.782344 8.49146
0.763622 5.53946
0.752967 6.19934
0.718681 7.91865
0.715984 9.02593
0.691915 8.81072
0.68753 7.67061
0.667384 6.21749
0.633871 6.26995
0.629098 8.36315
0.59602 8.0841
0.576119 8.89526
0.567779 8.85196
0.556907 8.11063
0.54719 8.25718
0.531115 7.83237
0.455773 9.27961
0.455517 6.83309
0.453945 8.34398
0.449367 9.4739
0.427049 5.98308
0.323593 9.66176
0.320057 9.05996
0.290692 9.91797
0.286639 6.67271
0.27111 7.73143
0.265092 6.72731
0.263243 8.79692
0.256144 7.88797
0.244713 8.21859
0.219926 10.2428
0.207885 6.54617
0.202567 10.4886
0.163714 10.4893
0.160567 6.68724
0.159661 8.04146
0.150119 7.37979
0.147392 8.9014
0.125478 7.15175
0.124283 8.9671
0.0618618 9.08134
0.0527293 7.82614
0.047213 8.06438
0.0454789 10.748
0.0398114 10.2477
0.0332787 9.38801
0.0303581 11.2551
0.0279216 11.1188
0.0221192 10.9592
0.0200713 7.47273
0.0194588 8.27867
0.00539656 8.82097
0.00521191 7.86784
0.0019057 9.85834
0 0.119858 0.393897 0.486244 0 
0 0.274475 0.575707 0.149818 0 
0 0 0.284421 0.444407 0.271172 
0.0701096 0.494629 0 0.435261 0 
1 0 0 0 0 
0 0 0.541641 0.458359 0 
0 0.148073 0.261548 0.201149 0.38923 
0.677416 0 0.322584 0 0 
0 0 0.41471 0.58529 0 
0.668336 0 0.331664 0 0 
0.18281 0 0.451831 0 0.36536 
0 0.343889 0.259967 0 0.396144 
0.261963 0.360849 0 0.330187 0.0470014 
0.141922 0.128095 0.377367 0.352615 0 
0 0 0 1 0 
0.200279 0 0.193003 0 0.606718 
0.211655 0.478637 0.309709 0 0 
0.405223 0 0 0.594777 0 
0.258487 0.741513 0 0 0 
0 0 0 1 0 
0.57485 0 0.231707 0 0.193443 
0.240928 0.675894 0.083178 0 0 
0.120899 0.246431 0.150041 0 0.482629 
0 0 0 0.607225 0.392775 
0.727284 0 0 0 0.272716 
0.224694 0.517835 0.257472 0 0 
0.297278 0.627045 0.0756771 0 0 
0 0 0.611553 0 0.388447 
0 0 0.647178 0.232575 0.120246 
1 0 0 0 0 
0.239134 0.218142 0.275656 0.0524288 0.21464 
0 0 0.469585 0.295129 0.235286 
0 1 0 0 0 
0 0.169909 0.399691 0.4304 0 
0.384771 0.219313 0 0.395916 0 
0 0 0.485514 0.304456 0.21003 
0 0.408407 0 0.591593 0 
0 0 0 0.805267 0.194733 
0 0 0 0.401905 0.598095 
0 0 0.783692 0.216308 0 
0 0 0.704331 0.295669 0 
0 1 0 0 0 
0.387058 0 0.249869 0.363072 0 
0 0 0.305427 0.305868 0.388706 
0.595985 0.404015 0 0 0 
0.0977215 0 0.342567 0.559711 0 
0 0 0.388744 0.231186 0.380071 
0 0 0.202031 0.405981 0.391988 
0.543326 0 0.216889 0 0.239785 
0.584542 0 0.255438 0 0.16002 
0 0 0.499789 0 0.500211 
1 0 0 0 0 
0.386977 0.332307 0 0 0.280715 
0 0 0 0 1 
0.277511 0 0 0.493956 0.228533 
0 1 0 0 0 
0 0 0 0 1 
0.362188 0 0 0 0.637812 
0.217092 0.101319 0.320467 0.293793 0.0673295 
0.343566 0.656434 0 0 0 
0 0 0 1 0 
0.169987 0.364611 0.283548 0.0852917 0.0965632 
0.40193 0.59807 0 0 0 
0 0.836546 0.163454 0 0 
0.628608 0.087858 0 0.283534 0 
0.207148 0.16932 0 0.623532 0 
0.172938 0.602558 0.0966739 0 0.12783 
0 0 0.423553 0.466292 0.110155 
0.387702 0 0.435697 0.176602 0 
0 0.73556 0.26444 0 0 
0 0 0.482886 0.517114 0 
0 0 0 0 1 
0.434532 0.176009 0.138098 0 0.25136 
0.719994 0.280006 0 0 0 
0.351996 0.376422 0 0 0.271582 
0.353885 0.646115 0 0 0 
0 0.532097 0 0.467903 0 
0 0.441004 0.558996 0 0 
0 0.509246 0.490754 0 0 
0 0 0 0 1 
0 0.353713 0 0.0982088 0.548078 
0 0 0.313172 0.686828 0 
0 0.696121 0 0.303879 0 
0 0 1 0 0 
0.644136 0.16988 0 0.185984 0 
0 1 0 0 0 
0 0 0 0.362924 0.637076 
0 0.260722 0.739278 0 0 
0 0 0 0.510152 0.489848 
0 0.352026 0.282531 0.204995 0.160448 
0.425673 0.311916 0 0.262411 0 
0 0.619847 0.140722 0.0842496 0.155181 
0.301818 0 0.309418 0 0.388763 
0.579217 0 0.203544 0.217239 0 
0 0.460695 0 0.539305 0 
0.256028 0 0.254444 0.139803 0.349725 
0.302498 0 0.405419 0.292083 0 
0 0 0 0 1 
0 0.415023 0.127642 0 0.457335 
0 0.379922 0 0.620078 0 
0 0 0.11516 0.352905 0.531935 
0 0 0 0 1 
0.676039 0 0.323961 0 0 
0 0 0.274317 0.23705 0.488633 
0 0.300422 0 0.343203 0.356375 
0.525692 0 0 0.474308 0 
0 0.324602 0.316884 0.29923 0.0592848 
0 0.658925 0 0.341075 0 
0 0 0.485983 0 0.514017 
0.306554 0 0.430587 0.262859 0 
0 0.487332 0.512668 0 0 
0 0 0 0.408461 0.591539 
0 0 0.281233 0 0.718768 
0.407652 0.426878 0 0.16547 0 
0 0 0.745509 0 0.254491 
0.490036 0 0.509964 0 0 
1 0 0 0 0 
0.383094 0 0 0.616906 0 
0.384756 0 0 0 0.615244 
0 0.249245 0.750755 0 0 
0 0.393965 0 0.178921 0.427114 
1 0 0 0 0 
0.379503 0.296491 0 0 0.324005 
0 0.576479 0 0.423521 0 
0.31648 0.0858044 0 0.265581 0.332134 
0 0 0.35968 0.366515 0.273805 
0.335988 0 0.664012 0 0 
0 0.333567 0.666433 0 0 
0.158361 0.399927 0.113883 0.327828 0 
0.158291 0 0.429389 0 0.41232 
0 0.364853 0.263587 0.37156 0 
0.184464 0.245068 0.272339 0.298128 0 
0.370673 0.161073 0.183355 0 0.284899 
0.421249 0.180464 0 0.398287 0 
0.694625 0.183792 0.121583 0 0 
0.156101 0.0707694 0.0599313 0.466937 0.246261 
0.869705 0 0 0.130295 0 
0.369672 0.36586 0.264468 0 0 
0 0.342393 0.112117 0.145801 0.39969 
0 0 0 0 1 
0 1 0 0 0 
0 0 0.536913 0 0.463087 
0 0.115283 0 0.432963 0.451753 
0 0.128814 0 0.871186 0 
0.438026 0.125831 0.229886 0 0.206257 
0 0.341743 0.658257 0 0 
0.163163 0 0 0.25175 0.585087 
0 0.168167 0 0.831833 0 
0.373896 0 0.260469 0.0979434 0.267691 
0 0.662903 0 0.337097 0 
0.372962 0.112307 0.373402 0 0.141328 
0 0.664394 0.335606 0 0 
0 0 0 0 1 
0.148643 0.195674 0 0.346017 0.309666 
0.250858 0.107489 0.329853 0 0.3118 
0.444772 0 0 0.555228 0 
0 0 0 0.626488 0.373512 
0.306078 0 0 0 0.693922 
0 0.864027 0 0 0.135973 
0 0 0.406033 0 0.593967 
0.290931 0.198113 0 0.510956 0 
0 0 0.607014 0 0.392986 
0.243119 0.367894 0 0.388987 0 
0 0.61159 0 0 0.38841 
0 0 0.598292 0 0.401708 
0.27134 0 0 0.72866 0 
0.233078 0 0.449554 0 0.317368 
0.215974 0 0.436566 0 0.34746 
0.477317 0 0.197527 0.325156 0 
0.51303 0 0 0.48697 0 
0.190719 0.338121 0 0.206685 0.264474 
0.406039 0.213705 0 0 0.380255 
0.687091 0 0 0.312909 0 
0.163974 0.836026 0 0 0 
0.167561 0.531442 0.300997 0 0 
0.258771 0 0.16481 0.340273 0.236146 
0.101404 0 0 0.206184 0.692412 
0 0.310615 0.1841 0.146378 0.358908 
0 0.225966 0 0 0.774034 
0 0 0 1 0 
1 0 0 0 0 
0 0 1 0 0 
0.546862 0 0.453138 0 0 
0.196523 0 0 0.803477 0 
0 0 0.326885 0.420321 0.252794 
0.11308 0.443812 0 0.443108 0 
0 0 1 0 0 
0.286471 0 0.713529 0 0 
0 0.373247 0.192633 0.43412 0 
0 0.475706 0 0 0.524293 
0.362916 0.405115 0 0.231968 0 
1 0 0 0 0 
0 0 0 0.371896 0.628104 
0.580434 0.419566 0 0 0 
0 0.32751 0 0 0.67249 
0 0 0.433358 0.444205 0.122438 
0.345775 0 0.376116 0 0.278109 
0 0.43889 0.56111 0 0 
0.27432 0.415026 0 0.310654 0 
0 0.218988 0 0.223548 0.557464 
