5 50
0.288377
0.285875
0.362613
0.38152
0.457083
11.665 0.107612
10.9326 0.10277
9.61473 0.730161
9.20762 1.21795
8.32092 1.0586
7.87998 1.87949
7.09038 1.5992
7.01277 1.92364
6.94692 1.50386
5.98114 1.37282
5.40563 2.67644
4.98752 1.8747
4.98654 2.59903
4.62563 4.27591
4.37966 3.5464
4.31988 2.73489
4.29443 2.37427
4.13279 3.78985
4.0161 2.31793
3.98324 4.44225
3.70045 3.78147
3.57143 3.80984
3.4468 2.82224
3.43452 4.78219
3.17459 4.27415
2.65416 5.4707
2.2381 4.25068
2.17167 5.5164
1.92857 4.79351
1.31836 5.50152
1.31414 5.79762
1.30616 6.83042
1.29221 7.76151
1.1587 6.08671
0.983384 7.86697
0.742864 9.18551
0.600632 6.30769
0.571689 6.98934
0.558475 7.83013
0.507493 6.57805
0.479306 6.98152
0.383156 7.40764
0.290822 10.4074
0.180987 10.2895
0.11551 7.36076
0.0904036 6.94802
0.0340782 10.2549
0.0165799 11.4236
0.0102075 11.5629
0.00837262 10.6065
0 0 0 1 0 
0 0 0 1 0 
0 1 0 0 0 
0 0 0 0 1 
1 0 0 0 0 
0 1 0 0 0 
0 1 0 0 0 
0 1 0 0 0 
0 1 0 0 0 
1 0 0 0 0 
1 0 0 0 0 
0 0 0 0 1 
0 0 0 1 0 
0 0 0 1 0 
0 0 1 0 0 
0 1 0 0 0 
0 0 0 0 1 
0 1 0 0 0 
0 0 1 0 0 
0 0 0 0 1 
0 1 0 0 0 
0 1 0 0 0 
0 0 0 1 0 
0 0 0 0 1 
1 0 0 0 0 
0 0 0 0 1 
0 0 1 0 0 
0 0 0 1 0 
0 0 0 0 1 
0 1 0 0 0 
0 0 1 0 0 
1 0 0 0 0 
0 0 1 0 0 
0 0 0 0 1 
1 0 0 0 0 
1 0 0 0 0 
1 0 0 0 0 
0 1 0 0 0 
0 0 0 0 1 
0 1 0 0 0 
0 1 0 0 0 
0 1 0 0 0 
0 0 1 0 0 
0 0 0 1 0 
0 0 1 0 0 
0 0 0 0 1 
1 0 0 0 0 
0 0 1 0 0 
1 0 0 0 0 
0 1 0 0 0 
