5 100
0.715742
0.379491
0.71866
0.646901
0.549289
11.5442 0.330131
11.0918 0.29463
10.8319 0.520211
10.2856 0.518749
9.88083 0.528826
9.17242 1.22778
9.00474 0.889035
8.25788 0.926461
8.10934 0.763919
7.82251 0.831963
7.66394 0.800259
7.44615 0.274594
7.33338 0.27559
7.15086 0.408383
6.70572 2.47382
6.67234 2.18183
6.52156 2.06893
6.35167 3.21683
6.17979 0.984181
6.02542 2.01984
5.58709 2.79397
5.44674 2.1453
5.37386 2.75973
5.27571 2.41883
4.94781 3.62542
4.8968 1.85233
4.83993 2.79618
4.83432 2.71002
4.81677 2.88659
4.78583 1.75876
4.6485 1.99182
4.44687 4.02834
4.35159 2.69239
4.09167 4.664
3.58359 3.70056
3.34578 4.96433
3.2927 4.40221
3.2212 3.26912
2.9803 5.12008
2.58957 4.73605
2.57158 4.38636
2.55412 5.01966
2.53505 4.83776
2.50586 4.35949
2.48907 3.72365
2.35888 5.35755
2.21534 4.96986
2.07328 7.03532
2.02149 4.63905
2.01066 4.28102
1.94108 7.05206
1.88137 6.2978
1.86363 4.79804
1.68949 5.43347
1.68118 5.57615
1.52939 6.51903
1.51239 6.27621
1.49572 6.74637
1.48809 7.36014
1.43226 5.92376
1.11326 5.85898
1.0598 6.45668
1.02454 6.01042
1.02047 7.04397
1.01529 7.47862
0.901092 6.54449
0.807088 5.91012
0.799173 5.82478
0.753582 5.77508
0.677687 9.07679
0.66771 5.96077
0.637991 7.53584
0.625096 6.0255
0.615784 7.30775
0.589287 7.35082
0.57088 8.86039
0.536532 7.33828
0.417478 6.29635
0.325454 9.65666
0.311588 6.64257
0.289402 8.31684
0.249594 6.42306
0.231243 7.4976
0.20634 8.6455
0.191516 10.1497
0.170013 7.14599
0.159342 7.47658
0.138701 8.41916
0.125523 10.0941
0.0999487 9.81111
0.0942789 9.53997
0.0422067 9.49694
0.0351524 11.0251
0.0197718 8.21019
0.0193474 10.464
0.0188974 9.22081
0.0188198 11.6242
0.00975541 7.96607
0.00819471 10.8889
0.00210839 11.4573
0 0 1 0 0 
0 0 0 0.380806 0.619194 
0.595437 0 0 0 0.404563 
0.463161 0.415785 0 0 0.121054 
0 0 0 1 0 
0 1 0 0 0 
0.600845 0.399155 0 0 0 
0 0 0.384018 0 0.615982 
0.426063 0 0.573937 0 0 
0.267232 0.547864 0.184903 0 0 
0 0.236563 0 0.451984 0.311453 
0 0 0 0.634589 0.365411 
0.348293 0 0.3463 0.305408 0 
0.291105 0 0 0.708895 0 
0 0 1 0 0 
0.160137 0.0800922 0 0.455239 0.304532 
0.349179 0 0 0 0.650821 
0 0 1 0 0 
0.123212 0.481856 0.394932 0 0 
0 0 0 1 0 
0 0 1 0 0 
0 0.560995 0.439005 0 0 
0.260474 0 0.200453 0.539073 0 
0.451338 0.383583 0.165079 0 0 
0.465091 0 0.187122 0.347787 0 
0 0 1 0 0 
0.246442 0 0 0.203398 0.55016 
0.229515 0.401236 0.369249 0 0 
0.395609 0.512497 0 0 0.0918935 
0 0 0.621243 0.378757 0 
0 1 0 0 0 
0 1 0 0 0 
0.470098 0 0 0 0.529902 
0.736693 0 0 0 0.263307 
0 0 1 0 0 
0.623598 0.376402 0 0 0 
0 0 0 1 0 
0 0.275784 0 0.724216 0 
1 0 0 0 0 
0.374454 0 0 0.26868 0.356866 
0 0.328392 0.290368 0.235807 0.145433 
0 0.555992 0.294497 0.149511 0 
0.24223 0 0.291194 0 0.466576 
0.491851 0 0 0.508149 0 
0 1 0 0 0 
0 0 0.538175 0.461825 0 
0 1 0 0 0 
0 0 1 0 0 
0 0.480964 0 0.269751 0.249285 
0.3433 0.461501 0 0 0.195199 
0.415021 0 0 0.281766 0.303212 
0.375504 0.468851 0 0 0.155645 
0.231215 0 0 0 0.768785 
0 1 0 0 0 
1 0 0 0 0 
1 0 0 0 0 
0 0 0 0.604077 0.395924 
0 0 0.495799 0 0.504201 
0 0 0.619912 0 0.380088 
0.168746 0.831254 0 0 0 
0.509563 0.397764 0 0.092673 0 
0 0 0.547118 0.452882 0 
0 0 0 1 0 
0 0 0 0 1 
0.45951 0 0.167643 0 0.372846 
0.409589 0 0 0 0.590411 
0 0.533974 0 0.466026 0 
0.348573 0 0.41457 0 0.236857 
0 1 0 0 0 
1 0 0 0 0 
0 0 0 1 0 
0 0.592999 0.407001 0 0 
0 0 0.679641 0.320359 0 
0 0 1 0 0 
0.286683 0.352739 0 0.172249 0.188329 
0 0 0.455831 0.544169 0 
0 0.428099 0 0.357625 0.214276 
0.167256 0.832744 0 0 0 
0.758908 0 0 0 0.241092 
0 0 0 1 0 
0.451222 0.548778 0 0 0 
0 0.490096 0 0 0.509904 
1 0 0 0 0 
0 0 1 0 0 
0 0.438922 0 0.561078 0 
0.116842 0.883158 0 0 0 
0 0.615893 0 0.384107 0 
0 0 0.233035 0 0.766965 
0 0.165629 0 0 0.834371 
0.50642 0 0.289074 0 0.204506 
0 0 0 1 0 
0 0 0.739806 0.260194 0 
0 0.320807 0 0 0.679193 
0.0822763 0.63043 0 0 0.287294 
0 0 0 1 0 
0 0.300027 0.699973 0 0 
0 0 0.836793 0 0.163207 
0.245593 0.27613 0.478277 0 0 
0 0 1 0 0 
0.513265 0 0 0.486735 0 
