5 100
0.632382
0.442603
0.497047
0.463147
0.279068
11.4391 0.492066
9.43318 1.06682
8.5741 0.397866
8.44205 0.139052
7.84577 1.80191
7.74332 0.567658
7.66644 0.581434
7.51188 0.52372
7.26691 0.674648
7.15524 0.744452
7.0525 1.42321
6.63218 2.73558
6.42505 2.22271
6.32345 1.87298
6.28112 2.13288
5.9753 2.16187
5.81281 2.58264
5.14651 3.15652
5.06972 2.47027
4.85434 3.38535
4.83928 1.82764
4.78102 4.05925
4.75432 2.43137
4.75257 4.3727
4.66639 2.99743
4.52518 2.86445
4.49968 3.67741
4.40527 2.7132
3.76624 4.28867
3.67992 4.24662
3.62524 3.37223
3.61599 3.84516
3.58947 3.69594
3.50935 5.21262
3.47139 3.71224
3.31 3.68698
3.26715 3.54353
3.26375 4.20899
3.19508 4.02581
3.14442 5.31293
3.00025 3.65151
2.70419 5.26042
2.55357 5.18132
2.52965 5.85435
2.4015 5.94702
2.37246 4.48378
2.37086 4.12048
2.33966 6.73819
2.2753 5.96205
2.2107 4.32775
2.1269 4.98197
1.76182 7.45665
1.68652 4.86739
1.66826 5.3226
1.57594 6.93476
1.56738 6.18847
1.44989 5.646
1.42852 5.37225
1.39102 4.85366
1.22638 6.67343
1.16488 7.8949
1.1529 7.49525
1.11244 6.03167
1.04275 7.95584
0.966651 5.66777
0.871291 5.98351
0.732117 6.9776
0.711048 8.02714
0.702729 7.65961
0.593942 7.52031
0.573835 9.05434
0.528331 5.78016
0.500042 7.85305
0.420821 9.21174
0.387605 9.05192
0.37881 6.29927
0.372419 8.7316
0.354303 8.4872
0.343561 9.62353
0.321302 7.19407
0.294459 7.54321
0.28823 6.58333
0.220464 7.64672
0.200501 8.17357
0.181288 7.04396
0.1684 7.3401
0.163735 10.0005
0.119054 8.1505
0.112509 10.1739
0.110597 11.003
0.109465 9.98543
0.0901001 6.76207
0.0610178 11.409
0.0455698 11.4552
0.0413088 10.8205
0.0411012 11.0112
0.0294906 8.74946
0.0199183 9.88759
0.00738081 8.65291
0.00578205 9.03769
0 1 0 0 0 
1 0 0 0 0 
1 0 0 0 0 
1 0 0 0 0 
0.0892841 0 0.394139 0 0.516577 
0 0.58682 0.41318 0 0 
0 0.216004 0 0.30725 0.476746 
0 0 0 1 0 
0 0.400307 0 0 0.599693 
0 0.395879 0 0.604121 0 
0 0.414715 0.585285 0 0 
0.585164 0 0.414836 0 0 
0 1 0 0 0 
0 0 0.24995 0 0.75005 
0.556303 0.443697 0 0 0 
0 0 0 0 1 
0 0.518434 0.481566 0 0 
0 0 0 0 1 
0 0 0 0.848766 0.151234 
0 0 0.123168 0.188583 0.688248 
0.287979 0.411539 0.176897 0 0.123585 
0 0 0.402374 0.597626 0 
0 0 0 1 0 
0 1 0 0 0 
0 0.162848 0 0.295662 0.54149 
0 0 1 0 0 
0.0813402 0 0.388821 0.529839 0 
1 0 0 0 0 
0.226475 0 0.374236 0.399289 0 
0 0.541622 0 0 0.458378 
0.271456 0 0 0.728544 0 
0 0.37424 0.62576 0 0 
0 0.317779 0 0.682221 0 
0.210578 0 0.300522 0.257362 0.231539 
0.497891 0.502109 0 0 0 
0 0 0.380783 0.324703 0.294513 
0 0 0 1 0 
0 0 0.698517 0 0.301483 
0.110974 0.443995 0 0.445032 0 
0.383312 0.439366 0.177322 0 0 
0 0 0 0.355313 0.644687 
0 0 0 0 1 
0.193563 0 0 0 0.806437 
0 1 0 0 0 
0 0 0 0.512442 0.487558 
0 1 0 0 0 
0 0.231174 0.373333 0 0.395493 
0.706103 0.293897 0 0 0 
0 0 0.357186 0.5148 0.128014 
0.398527 0 0.601473 0 0 
0 0 0 1 0 
0 0.242336 0.287048 0 0.470616 
0.525331 0 0.474669 0 0 
0 0 0 0.693339 0.306661 
0 0 0.279653 0.409075 0.311272 
0.0994043 0 0.271231 0.268998 0.360367 
0 0.558915 0 0 0.441085 
1 0 0 0 0 
0 0.35875 0.331447 0.309804 0 
0 0 0 0 1 
0 0 0 0.754744 0.245256 
0 0 0.375111 0.348889 0.275999 
0 0 0 0.409188 0.590812 
0 0 0.339089 0 0.660911 
0.177052 0 0 0.822948 0 
0 0 0.212003 0.541509 0.246487 
0.894133 0.105867 0 0 0 
1 0 0 0 0 
0 0 0 1 0 
0 0 0 0.64455 0.35545 
0 0 0 0.559344 0.440656 
0.510771 0 0.489229 0 0 
0 0 0.0855156 0.420878 0.493606 
0 0 1 0 0 
0.436572 0.563428 0 0 0 
0 0 0 0 1 
0 0.213186 0 0.527186 0.259628 
0.401562 0 0 0 0.598438 
0 0 0.138588 0.861412 0 
0 0.286534 0 0.308431 0.405036 
1 0 0 0 0 
0.684065 0.315935 0 0 0 
0 0 0 0 1 
0.710382 0.289618 0 0 0 
0 0.196986 0 0 0.803014 
0.15118 0.526242 0 0.322578 0 
0 0 0.489446 0 0.510554 
0 0.475399 0 0.524601 0 
0.433166 0 0.274657 0.292177 0 
0 0 0 1 0 
0 0 1 0 0 
0.737266 0 0 0 0.262734 
0.85225 0.14775 0 0 0 
0 0 0 0 1 
1 0 0 0 0 
0 0 0 0 1 
0.282595 0.187872 0 0.529533 0 
0 0.153577 0.408566 0 0.437857 
0.103888 0 0.491446 0.404666 0 
0 0 0.582027 0 0.417973 
