5 200
0.582514
0.511254
0.625423
0.489708
0.302538
11.7011 0.286166
11.3829 0.103928
11.2209 0.354196
11.1663 0.453597
10.895 0.191585
10.8533 0.283944
10.7234 0.674333
10.6999 0.40042
10.3711 0.544121
10.1525 0.944102
10.1028 0.349431
9.82259 1.21605
9.58033 1.03022
9.54876 0.943028
9.32438 0.253396
9.31254 0.872925
9.07702 1.50163
9.06014 0.211377
9.02374 0.719404
8.76807 0.266423
8.75322 0.207244
8.73683 0.216263
8.7024 1.36175
8.61409 1.75931
8.60973 0.226156
8.59478 1.39912
8.57358 0.692424
8.56641 1.32104
8.51 2.05223
8.35723 1.29782
8.30546 0.171972
8.23399 0.991387
8.19321 1.13114
8.17526 0.778592
8.10966 1.2763
7.95804 0.864122
7.88683 0.265757
7.85249 1.44214
7.80873 1.86198
7.71048 1.74403
7.65906 0.831339
7.63815 2.20437
7.55758 1.18345
7.54076 1.22222
7.52097 1.90886
7.49821 2.48192
7.49466 1.46677
7.38441 0.81551
7.29971 2.02263
7.20545 1.26687
7.14507 1.90935
7.10822 0.963658
7.02485 2.54775
6.80064 1.03525
6.69167 2.21162
6.61361 2.94433
6.60583 0.785506
6.5632 2.24384
6.42372 2.41205
6.34469 1.90298
6.32834 2.12735
6.16363 1.90413
6.12334 1.03556
6.0661 1.53672
5.95146 2.26065
5.95133 3.11982
5.86467 1.56748
5.85531 3.33421
5.76563 3.08714
5.67785 2.19784
5.63778 1.35325
5.52502 2.56536
5.39494 3.24202
5.33693 3.35823
5.12538 3.53098
5.02132 3.05126
5.01613 3.82907
4.99333 1.54742
4.98984 2.3801
4.81037 2.22764
4.79926 2.35121
4.62802 3.13646
4.60527 2.17196
4.53495 2.77547
4.44653 4.77469
4.435 3.05798
4.43278 1.84262
4.27472 3.53765
3.9153 4.41305
3.90388 3.7877
3.87184 4.35798
3.72529 3.40526
3.53205 3.52977
3.53104 4.59937
3.5287 4.6217
3.37678 4.80544
3.28369 4.38268
3.26146 3.97482
3.23808 3.73884
3.07593 4.44957
3.01969 6.26089
3.00776 4.4209
2.99869 5.4227
2.96625 3.47643
2.83073 4.58001
2.8219 4.43621
2.67247 5.20459
2.63832 4.79615
2.61911 4.57251
2.61356 6.26287
2.50856 5.38511
2.41852 4.16888
2.36 4.80669
2.31011 5.82194
2.28218 4.41614
2.27994 5.73568
2.25086 5.97614
2.19355 4.97838
2.00131 5.80192
1.99413 4.5999
1.94981 6.2425
1.88227 5.26491
1.86873 5.80779
1.85862 4.81
1.85356 6.94801
1.84789 6.325
1.8229 5.86623
1.7891 5.29821
1.77177 6.65701
1.68346 4.76968
1.66493 5.54626
1.66431 5.21588
1.55835 4.8617
1.53463 7.95228
1.36064 5.7119
1.34426 7.28484
1.32245 7.00524
1.30048 5.95874
1.29697 5.75325
1.24849 6.06116
1.21206 5.52926
1.17589 4.60306
1.17382 6.04645
1.13871 5.44257
1.11868 7.95839
1.09419 6.92854
1.0836 6.4937
1.02344 7.27341
0.951928 8.18247
0.918767 8.15755
0.914889 7.58576
0.899159 5.02606
0.898987 5.78571
0.88887 5.47138
0.839794 6.89062
0.814447 8.34427
0.806663 7.9164
0.763284 8.48032
0.755755 8.82821
0.701344 7.79423
0.660324 6.66765
0.650837 6.9839
0.620727 7.52206
0.470377 8.46121
0.450085 7.62007
0.403497 6.44536
0.39865 6.13227
0.323393 6.93053
0.313519 7.06995
0.298213 9.61606
0.297305 8.0322
0.277662 7.86475
0.238467 9.44011
0.228137 9.29235
0.176411 7.40712
0.160685 8.1088
0.128769 8.53768
0.123567 7.05568
0.114496 10.8592
0.108723 8.71977
0.108705 7.81166
0.108099 9.96039
0.107375 10.7838
0.0760419 7.73555
0.0556641 7.25005
0.0493131 7.49877
0.0476795 7.501
0.043602 10.9536
0.039132 10.1839
0.0354889 8.18034
0.0207705 8.40251
0.0180052 8.89944
0.0146351 10.0254
0.0127005 8.37558
0.00893149 9.99903
0.00833701 10.1354
0.00510558 10.4315
0.00346744 9.54545
0.00229669 8.58811
0.00160925 8.16335
0 0 1 0 0 
0 0 0 1 0 
0 0 1 0 0 
0 0 0 1 0 
0 0 0 0 1 
0 0 1 0 0 
0 0 0 0 1 
0 0 1 0 0 
1 0 0 0 0 
0 0 0 1 0 
0 0 0 0 1 
0 0 0 0 1 
0 0 0 0 1 
0 1 0 0 0 
0 0 0 1 0 
0 0 1 0 0 
0 0 1 0 0 
0 0 0 1 0 
0 0 0 0 1 
0 1 0 0 0 
0 0 1 0 0 
0 0 0 1 0 
0 0 1 0 0 
0 0 0 1 0 
0 1 0 0 0 
0 1 0 0 0 
1 0 0 0 0 
0 0 1 0 0 
0 0 1 0 0 
0 0 0 0 1 
0 1 0 0 0 
0 0 1 0 0 
0 0 1 0 0 
0 0 0 1 0 
0 0 1 0 0 
0 0 0 0 1 
0 1 0 0 0 
0 0 0 1 0 
0 0 0 0 1 
0 0 0 0 1 
0 0 0 1 0 
0 0 1 0 0 
1 0 0 0 0 
1 0 0 0 0 
0 0 0 0 1 
0 0 0 1 0 
0 0 0 0 1 
0 1 0 0 0 
0 0 0 0 1 
0 0 1 0 0 
0 0 0 1 0 
0 1 0 0 0 
0 0 0 1 0 
1 0 0 0 0 
0 1 0 0 0 
0 0 1 0 0 
0 1 0 0 0 
0 1 0 0 0 
0 0 1 0 0 
1 0 0 0 0 
0 0 1 0 0 
0 0 0 1 0 
0 0 1 0 0 
0 1 0 0 0 
0 0 0 0 1 
1 0 0 0 0 
0 0 0 0 1 
0 1 0 0 0 
0 0 0 1 0 
0 0 0 1 0 
0 1 0 0 0 
0 1 0 0 0 
0 1 0 0 0 
1 0 0 0 0 
1 0 0 0 0 
0 0 0 0 1 
0 0 1 0 0 
1 0 0 0 0 
0 1 0 0 0 
0 0 0 1 0 
0 0 1 0 0 
1 0 0 0 0 
0 1 0 0 0 
0 1 0 0 0 
1 0 0 0 0 
0 0 0 0 1 
0 0 0 1 0 
0 0 0 0 1 
0 0 0 0 1 
0 0 0 1 0 
0 1 0 0 0 
0 0 1 0 0 
1 0 0 0 0 
0 0 0 1 0 
1 0 0 0 0 
0 0 0 0 1 
0 1 0 0 0 
0 0 0 0 1 
0 0 0 0 1 
0 0 0 1 0 
0 1 0 0 0 
1 0 0 0 0 
0 0 0 1 0 
0 0 1 0 0 
0 0 0 1 0 
0 0 1 0 0 
0 0 0 0 1 
0 1 0 0 0 
0 0 0 0 1 
0 0 0 1 0 
0 0 1 0 0 
0 0 0 0 1 
0 1 0 0 0 
0 0 0 0 1 
1 0 0 0 0 
0 1 0 0 0 
0 0 1 0 0 
0 0 1 0 0 
1 0 0 0 0 
0 0 0 1 0 
0 0 1 0 0 
1 0 0 0 0 
0 0 0 1 0 
0 0 1 0 0 
0 0 0 1 0 
0 0 1 0 0 
1 0 0 0 0 
1 0 0 0 0 
0 0 1 0 0 
0 0 0 0 1 
1 0 0 0 0 
0 0 0 0 1 
0 0 1 0 0 
0 0 0 1 0 
0 1 0 0 0 
0 0 0 1 0 
0 0 1 0 0 
0 0 1 0 0 
0 0 0 0 1 
0 0 0 1 0 
0 0 0 0 1 
1 0 0 0 0 
0 0 1 0 0 
0 0 0 0 1 
0 0 0 0 1 
0 0 0 0 1 
0 0 0 0 1 
0 0 0 0 1 
0 0 1 0 0 
0 0 1 0 0 
1 0 0 0 0 
0 0 1 0 0 
0 1 0 0 0 
0 0 1 0 0 
0 1 0 0 0 
1 0 0 0 0 
1 0 0 0 0 
0 0 0 0 1 
0 0 0 1 0 
0 0 0 1 0 
0 0 0 0 1 
1 0 0 0 0 
0 0 0 0 1 
0 1 0 0 0 
0 0 0 1 0 
1 0 0 0 0 
0 0 1 0 0 
1 0 0 0 0 
0 0 0 1 0 
0 0 0 1 0 
0 0 0 0 1 
0 0 1 0 0 
0 0 0 0 1 
0 0 1 0 0 
0 0 1 0 0 
0 0 0 0 1 
0 0 1 0 0 
0 0 0 1 0 
0 1 0 0 0 
1 0 0 0 0 
0 0 0 1 0 
0 0 1 0 0 
0 1 0 0 0 
0 0 0 0 1 
0 0 0 0 1 
0 0 1 0 0 
0 1 0 0 0 
0 1 0 0 0 
1 0 0 0 0 
0 1 0 0 0 
1 0 0 0 0 
0 1 0 0 0 
0 0 0 0 1 
0 0 1 0 0 
0 0 0 0 1 
0 1 0 0 0 
0 0 0 0 1 
0 1 0 0 0 
1 0 0 0 0 
0 0 1 0 0 
