5 50
0.697356
0.660413
0.299226
0.54751
0.312136
9.72363 1.06553
9.53293 1.07592
9.51942 0.999621
7.91731 0.449838
7.84046 0.362649
7.63011 2.4409
6.89746 1.40971
6.73635 2.43106
6.71035 1.57047
6.33691 1.52449
6.32584 2.35152
6.21891 1.3301
5.94353 1.69476
5.10204 2.48541
4.84432 2.92842
4.29 3.28633
4.03575 3.28752
3.74892 4.8606
3.69244 2.44485
3.35674 2.8404
2.93186 4.11171
2.64971 4.83137
2.63133 5.14226
2.34532 5.16063
1.81778 4.59718
1.67851 5.52675
1.52723 7.36814
1.52216 5.05894
1.45554 6.44317
1.43381 7.62338
1.42647 5.46973
1.39185 8.15598
1.31452 8.08852
1.13504 5.90625
1.1031 7.75025
1.08968 7.07187
0.836217 5.95233
0.804975 8.09447
0.784362 6.29819
0.727399 6.45144
0.638207 8.94335
0.559723 8.18414
0.371218 7.0205
0.315064 7.4462
0.247804 6.53712
0.238302 8.97375
0.141138 8.29294
0.134405 7.0946
0.12103 8.66121
0.00688132 11.028
0 0 1 0 0 
0 1 0 0 0 
0 0 0 0 1 
0 0 1 0 0 
1 0 0 0 0 
1 0 0 0 0 
1 0 0 0 0 
0 1 0 0 0 
0 0 0 1 0 
1 0 0 0 0 
0 1 0 0 0 
0 0 0 0 1 
0 1 0 0 0 
0 0 1 0 0 
0 1 0 0 0 
0 0 1 0 0 
0 0 0 0 1 
1 0 0 0 0 
0 0 0 1 0 
0 1 0 0 0 
1 0 0 0 0 
0 1 0 0 0 
0 0 1 0 0 
0 0 0 0 1 
0 1 0 0 0 
0 1 0 0 0 
1 0 0 0 0 
0 0 1 0 0 
0 0 0 0 1 
0 1 0 0 0 
0 1 0 0 0 
0 1 0 0 0 
0 0 0 1 0 
0 0 0 0 1 
0 0 0 1 0 
0 1 0 0 0 
0 0 1 0 0 
0 0 0 1 0 
0 1 0 0 0 
0 0 1 0 0 
0 0 0 0 1 
0 0 1 0 0 
0 0 0 0 1 
0 0 0 1 0 
0 1 0 0 0 
0 0 1 0 0 
1 0 0 0 0 
0 0 0 1 0 
0 0 1 0 0 
0 0 0 1 0 
