5 200
0.350757
0.545068
0.716079
0.268189
0.685728
12.0743 0.190261
11.1186 0.284569
10.7472 0.178854
10.5967 0.590272
10.2735 0.194175
10.2148 0.236235
10.1832 0.112381
10.0127 0.637454
9.89985 0.915236
9.64292 1.23749
9.58209 1.00628
9.34469 0.691684
9.12089 0.916366
8.59177 0.498973
8.50993 1.06378
8.48193 1.02794
8.43297 1.44432
8.39446 0.841186
8.36749 1.11588
8.27906 1.27977
8.16782 1.03498
8.03622 1.35531
8.02983 1.88393
8.01995 0.5082
7.99184 0.869789
7.84224 1.70117
7.72014 1.49862
7.64431 0.974534
7.14428 1.09112
7.07492 2.73326
7.00975 0.489966
6.99564 1.58862
6.87879 1.58587
6.8075 0.710355
6.77512 0.501637
6.68631 2.65416
6.65832 1.99387
6.6454 2.86647
6.60609 1.62138
6.50216 1.0364
6.49474 2.24652
6.45766 2.23776
6.43521 1.37306
6.1991 1.88247
6.11871 2.34801
5.93726 2.73493
5.92486 1.3008
5.91402 2.2371
5.84396 2.65861
5.81318 1.53467
5.40966 2.53347
5.34954 2.22143
5.25377 3.40292
5.20972 2.80817
5.1813 1.49346
5.10208 2.98352
5.09774 1.51977
4.97829 3.3031
4.81376 1.83196
4.67549 4.14111
4.56375 3.67932
4.53737 2.65733
4.38151 2.97455
4.34136 4.08708
4.22932 3.15474
4.20987 2.86981
4.18079 3.4652
4.14005 3.65038
4.11434 3.15569
4.10076 3.77082
3.98519 2.8092
3.9585 3.7836
3.94313 4.01688
3.78391 5.41981
3.7546 3.08115
3.7446 4.45512
3.71229 3.62348
3.55334 2.64531
3.54868 4.42831
3.4374 3.75987
3.42598 4.51226
3.32336 4.24049
3.21055 4.45529
3.10943 5.27942
3.0926 4.3082
3.03903 2.9865
3.0142 4.62385
2.92768 4.58764
2.88799 4.94133
2.83032 4.34491
2.69751 4.41955
2.69687 5.62257
2.67617 5.0889
2.63882 6.51887
2.63538 6.2617
2.48364 4.53273
2.37512 4.42276
2.31749 4.26961
2.26526 6.14634
2.25971 6.03209
2.22923 4.72079
2.16412 4.06301
2.04054 6.91768
2.02589 5.35919
2.02123 5.00938
1.99221 4.76196
1.98792 4.18627
1.9505 5.66327
1.93093 4.10334
1.91129 4.76844
1.9058 4.87221
1.89363 6.11254
1.8652 5.86604
1.77699 4.48946
1.77543 6.0948
1.6389 4.9584
1.52339 7.34564
1.4653 6.14332
1.46123 5.59356
1.45323 7.45513
1.43414 5.74872
1.41848 7.33854
1.35333 5.55153
1.35057 6.50359
1.34748 6.30294
1.32535 5.7023
1.30718 5.70881
1.28877 5.89383
1.26581 6.4778
1.24721 7.38816
1.22659 6.89131
1.21921 7.1099
1.19688 6.31833
1.00923 5.65628
1.00518 8.52335
0.924517 7.30474
0.920911 8.92244
0.888005 5.25085
0.853221 7.06788
0.832635 7.11739
0.823575 8.65693
0.81489 5.98285
0.788739 6.10518
0.776957 6.8927
0.761998 6.46289
0.759377 6.17899
0.758151 7.73234
0.734356 6.80016
0.65683 7.8892
0.643893 7.11127
0.60627 6.22467
0.594304 9.33354
0.588769 9.27238
0.543863 6.5399
0.541573 9.16874
0.520254 6.6151
0.476839 7.20384
0.359564 6.59165
0.333603 7.12476
0.319512 9.45846
0.313573 6.55924
0.288744 9.54488
0.281459 8.12912
0.270132 9.61041
0.268277 7.36719
0.259079 6.75553
0.238684 6.74344
0.203576 9.06214
0.200412 6.99045
0.194945 9.4172
0.178144 8.70257
0.170516 7.06961
0.170163 8.38427
0.138724 8.68843
0.136522 9.50522
0.128921 7.49936
0.123126 8.58193
0.117344 9.78725
0.106853 9.91783
0.10564 6.97843
0.0860807 9.74196
0.0805626 10.6995
0.0764788 10.6064
0.0730124 9.78321
0.0653545 9.53866
0.0610481 7.44999
0.0576336 11.5804
0.0541602 9.87799
0.0461568 7.69525
0.0375662 11.4167
0.0326182 9.09466
0.0257668 7.21129
0.0196695 8.02549
0.0150598 11.2167
0.010554 7.74486
0.00730111 10.3907
0.00607401 10.7866
0.0052043 10.4254
0.00354995 7.59481
0.00139071 7.61095
0.174943 0.305833 0.277962 0 0.241262 
0 0 0 1 0 
0 1 0 0 0 
0 0 0 0.797776 0.202224 
0.376233 0 0.623767 0 0 
0 0.498727 0 0.501273 0 
0 0 1 0 0 
0.2918 0 0 0 0.7082 
0.269928 0.27153 0 0 0.458541 
1 0 0 0 0 
0 1 0 0 0 
0.813964 0.186036 0 0 0 
0 1 0 0 0 
0 0 0.598169 0.401831 0 
0.225303 0.287706 0 0.486991 0 
0 0.70495 0 0 0.29505 
0 0 0 1 0 
0.424794 0 0 0.139977 0.435229 
0 0.585811 0 0.414189 0 
0.110967 0 0 0 0.889033 
0.195461 0.537224 0 0 0.267315 
0.427338 0.572662 0 0 0 
0.0880362 0.778456 0 0 0.133508 
0.433809 0.566191 0 0 0 
0 0 0 1 0 
0 0.560072 0 0.439928 0 
0.752585 0 0.247415 0 0 
0 0.566132 0.433868 0 0 
0.540333 0 0 0.459667 0 
0 0.500081 0.499919 0 0 
0 0 0.258808 0.741192 0 
0 0.49623 0 0.50377 0 
0 0.5582 0 0.4418 0 
0 0.3896 0.6104 0 0 
0 0 0.342846 0 0.657154 
0 0 1 0 0 
0 0 0.354271 0.645729 0 
1 0 0 0 0 
0 0 0.336942 0.663058 0 
0 0 1 0 0 
0 0.593717 0.177145 0 0.229138 
0 0 1 0 0 
0 0 0 0 1 
1 0 0 0 0 
0 1 0 0 0 
0 0 0.607202 0.392798 0 
0 1 0 0 0 
0 0 0 1 0 
0.328589 0.671411 0 0 0 
0 0 0 0.478307 0.521693 
0.204877 0 0.199991 0 0.595132 
0 0 0.413266 0.165675 0.421059 
0 0 0 0.772512 0.227489 
0 0.235066 0.764934 0 0 
0.382688 0 0 0.127677 0.489636 
0 1 0 0 0 
0 1 0 0 0 
0 0 0 1 0 
0 0.175331 0 0.392923 0.431746 
0 0 0.660471 0.339529 0 
0 0 0 1 0 
0.109257 0.19893 0.266884 0.0758822 0.349046 
1 0 0 0 0 
0.234276 0.188522 0.300023 0.277178 0 
1 0 0 0 0 
0 0.551468 0.323579 0.124953 0 
0 0.323924 0 0 0.676076 
0.294135 0.705865 0 0 0 
0 1 0 0 0 
0 0.332997 0.354593 0 0.31241 
0 0 1 0 0 
0 1 0 0 0 
0.235295 0.497423 0 0.267282 0 
0 0 0.177954 0 0.822046 
0 0 0 0 1 
0 0.08444 0.566024 0.349536 0 
0 0 1 0 0 
0.373845 0 0.626154 0 0 
0.664623 0.335376 0 0 0 
0.132693 0.410155 0 0.155963 0.301189 
0.134362 0 0 0.444832 0.420806 
0.487018 0 0 0.512982 0 
0.60914 0 0 0 0.39086 
0 0.436598 0.120765 0.442637 0 
0 0.40926 0 0.400546 0.190194 
0.1382 0.334816 0 0 0.526984 
0 1 0 0 0 
0 0.220559 0.272101 0.427126 0.0802132 
0.740679 0.259321 0 0 0 
0 0 0 0 1 
0 0.717342 0.282658 0 0 
0 0.214628 0.680351 0 0.105021 
0.611036 0.388964 0 0 0 
0.124723 0.364988 0 0 0.510289 
0 0.127023 0.530877 0 0.342101 
0 0 0.359564 0.640436 0 
0 0.846233 0.153767 0 0 
0.407454 0 0.332681 0 0.259865 
0 1 0 0 0 
0 0.168076 0.391236 0.440688 0 
0 0 0 0.827297 0.172703 
0 0 0.411608 0 0.588392 
0 0.627013 0 0.372987 0 
0.279908 0.206805 0.240686 0.272601 0 
0.843577 0 0 0.156423 0 
0 0.370189 0 0.629811 0 
0.291556 0.342644 0 0 0.365799 
0 1 0 0 0 
0 0 0.507939 0.492061 0 
0.267362 0.258137 0 0.361066 0.113434 
0 0.606888 0 0 0.393112 
0 0 0.593801 0.406199 0 
0 0 0.433035 0.566965 0 
0 0 0 0 1 
0 1 0 0 0 
0 0.321782 0.227344 0 0.450874 
0 0 1 0 0 
0.354123 0 0.645877 0 0 
0 0 1 0 0 
0.339186 0.20602 0.239601 0 0.215192 
0 0.355158 0.390111 0.254731 0 
0 0 0 1 0 
0.130564 0.226239 0.491405 0 0.151792 
0 0.595657 0.404343 0 0 
0 0 0.545768 0.454232 0 
0.804002 0 0.195998 0 0 
0.625641 0 0 0 0.374359 
0 1 0 0 0 
1 0 0 0 0 
0 1 0 0 0 
0 0.234546 0 0 0.765454 
0.274901 0.276415 0 0 0.448684 
0 0 0.505035 0 0.494966 
0 0.63498 0.36502 0 0 
0 0 0.274626 0.58792 0.137454 
0 0 0.1967 0.349434 0.453866 
0 1 0 0 0 
0.453973 0 0 0 0.546027 
0 0.321565 0.678435 0 0 
0.331545 0 0.668455 0 0 
0.33662 0 0.66338 0 0 
0.418756 0 0 0.581244 0 
0.415909 0 0 0 0.584091 
0 1 0 0 0 
0 1 0 0 0 
0.288381 0 0 0.711619 0 
0 0 0 1 0 
0 0 0.175451 0 0.824549 
0.527155 0 0 0 0.472845 
1 0 0 0 0 
0.372875 0 0.285291 0 0.341834 
0 0 0 0.439354 0.560646 
0.427633 0.572367 0 0 0 
0 1 0 0 0 
0 0 0 1 0 
0 0 0 0 1 
0.387211 0.226379 0 0 0.386409 
0 1 0 0 0 
0 0.558314 0 0.441686 0 
0 0 1 0 0 
0 0 0.168993 0 0.831007 
0.446236 0.553764 0 0 0 
0 0 0.315907 0.684093 0 
0.239498 0.275205 0 0.485297 0 
0 0.558579 0 0.441421 0 
0.52208 0 0 0.47792 0 
0 0.311348 0.688652 0 0 
0 0 1 0 0 
0 0 0 0 1 
1 0 0 0 0 
0.332053 0.667947 0 0 0 
0 0 0.315734 0 0.684266 
0 0 1 0 0 
0.408303 0 0.149171 0.442526 0 
0 0 0 0 1 
0 0.451889 0 0 0.548111 
0.742754 0 0 0 0.257246 
0.304019 0 0.114409 0.581572 0 
0.449531 0.550469 0 0 0 
0.182519 0.13888 0.131224 0 0.547377 
0.332805 0.667195 0 0 0 
0.232398 0.581573 0 0.186029 0 
0 1 0 0 0 
0.730091 0 0.269909 0 0 
0 0.529385 0 0.470615 0 
0 0.558545 0 0.152661 0.288794 
0 0 0 0 1 
0 0.541906 0 0 0.458094 
0 0.413182 0 0.481721 0.105097 
0.355276 0 0.644724 0 0 
0 0 0.543975 0.456025 0 
0 0 0 0.588138 0.411862 
1 0 0 0 0 
0 0.728497 0 0.271503 0 
0 0.684213 0 0.315787 0 
0.419799 0 0.432346 0 0.147855 
0 0.175196 0.824804 0 0 
0 0 0 0 1 
0.519921 0 0.480079 0 0 
0.786954 0 0 0.213046 0 
