5 50
0.626278
0.677137
0.599773
0.310137
0.382542
9.71535 0.303136
9.4999 0.296871
9.42212 0.309162
9.14052 1.02283
8.85125 1.32546
8.57902 1.27296
7.92631 1.11799
7.82526 0.581858
7.29895 1.78512
7.2358 0.2948
6.48728 2.15569
6.09017 2.64894
6.05827 0.970338
5.63681 2.39776
5.5814 3.14719
5.10233 2.84971
3.64146 3.57038
3.11391 4.47933
2.65083 4.65758
2.55507 4.19554
2.51833 3.77185
2.40226 6.3273
2.37422 5.09586
2.17347 4.72747
2.13858 5.63122
2.09265 4.46498
2.06363 4.80481
2.03338 4.80922
2.02231 6.78458
1.94251 5.51443
1.79289 4.50864
1.735 5.62638
1.45558 7.00097
1.27329 6.52487
1.07262 6.2453
1.03043 6.60073
0.984373 6.18228
0.756797 7.71772
0.596614 7.27675
0.488121 7.42446
0.415379 8.63461
0.347346 7.52792
0.317703 10.215
0.21858 9.53399
0.218521 7.35292
0.15421 7.52957
0.0842527 10.7161
0.0295004 10.0633
0.0207618 9.15074
0.00768818 11.577
0.265183 0.734817 0 0 0 
0 0 0 0 1 
0 0 0.161808 0.679053 0.159138 
0 0 1 0 0 
0 0.429552 0.570448 0 0 
0 0 0.216879 0.327982 0.45514 
0 0 0 1 0 
0 0 0 0 1 
0 0 1 0 0 
0.845961 0.154039 0 0 0 
0.414551 0 0 0.345196 0.240252 
0 0 0 0.327729 0.672271 
0 0.452318 0.110764 0 0.436918 
0.603873 0 0 0.396127 0 
0 1 0 0 0 
0 0 0 1 0 
0 1 0 0 0 
0.750589 0 0 0.249411 0 
0 0.242163 0 0.757837 0 
0 0.58387 0 0 0.41613 
0 0 0 0.208136 0.791864 
0 0.57758 0 0.42242 0 
0 0.171989 0 0.432231 0.39578 
0 0.156409 0 0.843591 0 
0.390831 0 0 0.609169 0 
0 0 0.467968 0.532031 0 
0 0 0.350022 0 0.649978 
0 0 0.506897 0.228184 0.264919 
0.367092 0.632908 0 0 0 
0 0 0 0.512414 0.487586 
0 0 1 0 0 
0.403238 0 0.178351 0 0.418411 
0.325729 0 0.674271 0 0 
0.488101 0.511899 0 0 0 
0 0 0 0 1 
0.260954 0 0.739046 0 0 
0 0 1 0 0 
0.221464 0 0 0 0.778536 
0.5508 0 0 0 0.4492 
0.37618 0.509416 0 0 0.114404 
0 0.252006 0.747994 0 0 
0.452355 0.168056 0 0 0.379588 
0 0 1 0 0 
0 0 0.165254 0.834746 0 
0 0 0.446611 0.384242 0.169147 
0 0.197293 0 0.414871 0.387835 
0 0 0.812126 0 0.187874 
0 0.380061 0 0.48605 0.133889 
0 0 0 0 1 
0 0 0.576409 0.151939 0.271652 
