5 50
0.555228
0.518857
0.550585
0.311461
0.598559
11.0344 0.297218
9.17088 1.15484
8.83637 0.365753
8.78427 0.204096
8.1842 0.98658
6.23814 2.05285
6.15569 2.04865
5.99507 3.29319
5.91281 2.3732
5.89966 2.51846
5.45938 2.74762
5.20658 4.13132
5.11469 2.20346
5.02483 3.5074
4.68299 2.56561
4.32153 3.08012
3.97126 2.53412
3.97094 2.72559
3.53916 3.86304
3.38623 5.5006
3.26728 5.71399
3.16527 3.09605
2.9105 4.29402
2.90164 4.73876
2.37316 4.70893
2.21091 5.37698
2.01105 4.27232
2.00839 4.14322
1.68678 5.67153
1.68464 7.54248
1.49001 4.78973
1.47945 5.20167
1.23178 5.68908
1.23099 5.44711
1.12642 7.92858
0.957989 5.90544
0.922292 5.81764
0.817975 9.12196
0.517797 9.26653
0.413977 7.16916
0.39416 9.47062
0.386638 9.30059
0.365767 7.29869
0.25725 7.2074
0.171528 10.1134
0.100849 8.25494
0.0382734 11.0373
0.0291227 9.24164
0.0278962 7.82538
0.0145845 7.35425
0 0 1 0 0 
0 0 1 0 0 
1 0 0 0 0 
0 1 0 0 0 
0 0 0 1 0 
0 0.651266 0 0.348734 0 
0 0.44576 0 0 0.55424 
1 0 0 0 0 
0.455316 0 0.544684 0 0 
0 0 0 0.240771 0.759229 
0 0 0 0 1 
0 1 0 0 0 
1 0 0 0 0 
0 0 0 0 1 
0 1 0 0 0 
0 0 0 0 1 
0 0 1 0 0 
0 0 0 1 0 
0 0 1 0 0 
1 0 0 0 0 
0 0 0 0 1 
0 0.480231 0.519768 0 0 
0 0.466322 0.533678 0 0 
0 0 1 0 0 
0 0 0.573808 0 0.426192 
0 0 0 1 0 
0 0 0.375953 0.624047 0 
0 0 0 0 1 
0 0 0 1 0 
0 0 0 1 0 
0 0 0 1 0 
0.612014 0 0 0.387986 0 
1 0 0 0 0 
0 0 0 1 0 
0 0.314015 0.685986 0 0 
0 0 0 0 1 
0 1 0 0 0 
1 0 0 0 0 
0 0 0 1 0 
0 1 0 0 0 
1 0 0 0 0 
0 1 0 0 0 
1 0 0 0 0 
0 1 0 0 0 
1 0 0 0 0 
0 0 0 1 0 
0 0 0 1 0 
0 0 0 0 1 
0 0 0 1 0 
0 0 1 0 0 
