5 50
0.723952
0.330508
0.312258
0.61961
0.718825
9.99288 0.561848
9.78229 0.871427
8.53688 0.642131
8.53099 1.77328
8.24764 2.03209
7.4717 1.52377
7.38474 0.787236
6.94351 2.10138
6.47255 1.54703
6.43108 0.985031
6.25625 2.39619
6.02697 1.35159
5.45422 2.16657
5.00497 2.25646
4.73311 3.79996
4.4771 3.04092
4.46724 3.04615
4.45417 2.82116
4.29637 3.06658
4.08479 3.44098
3.84085 2.88861
3.69609 4.03472
3.64293 2.97838
2.75338 4.16168
2.50591 4.61591
2.50458 6.45176
2.3094 5.92788
1.97391 5.03033
1.62909 6.10828
1.59578 7.35551
1.33671 5.23394
1.32015 8.3265
1.24486 6.1303
0.877162 8.60751
0.620654 6.75243
0.460246 9.25192
0.411957 6.32097
0.406801 5.97033
0.347916 8.4229
0.347534 9.19052
0.335008 9.95645
0.328873 10.0127
0.238218 9.04457
0.235089 10.1619
0.212768 6.96841
0.13914 7.7132
0.0977623 10.6815
0.0345021 7.2575
0.026818 9.26725
0.025043 9.48354
0 0 0.823474 0 0.176526 
0 0.512439 0 0.240567 0.246994 
0 0 0 0.887182 0.112819 
0.203344 0 0.414745 0.381911 0 
0.350609 0.0506608 0.242671 0 0.356059 
0 0.649653 0.350347 0 0 
0.583265 0 0.416735 0 0 
0 0.285925 0.268647 0.269631 0.175797 
0.248637 0 0.301784 0.208839 0.24074 
0.304991 0.0552446 0.27131 0.172463 0.195991 
0.568407 0 0 0.431593 0 
0.364044 0.429086 0.20687 0 0 
0.305214 0 0 0.570014 0.124772 
0.574794 0 0.425206 0 0 
0 0 0.234672 0.323652 0.441676 
0.810942 0 0 0 0.189058 
0.733422 0 0 0.266578 0 
0 0 0.459577 0.393046 0.147377 
0 0 0.174204 0 0.825796 
0 0.446183 0 0 0.553816 
0 0.414955 0.301164 0 0.283881 
0.105356 0.645346 0.137989 0.11131 0 
0 0.446321 0.480047 0 0.0736318 
0.111396 0.357109 0.145228 0.0548338 0.331433 
0.386419 0 0.232017 0.381564 0 
0 0.701873 0 0.298127 0 
0.273038 0.33728 0.25147 0.138212 0 
0.386316 0 0.314646 0.299038 0 
0.65324 0 0.34676 0 0 
0.168027 0 0 0 0.831973 
0 0.208439 0.601214 0 0.190347 
0.501571 0 0 0 0.498429 
0 0.503714 0.367967 0 0.128319 
0 0.447173 0 0.27238 0.280447 
0.104358 0.296094 0.599549 0 0 
0.495156 0 0 0 0.504844 
0 0.300192 0 0.699808 0 
0.234162 0.0916152 0.271156 0.236932 0.166135 
0.431053 0 0.325055 0 0.243891 
0.237174 0 0.193655 0.213023 0.356149 
0.345423 0.221579 0.106418 0.32658 0 
0.548448 0 0 0.451552 0 
0.512095 0 0.108958 0.113697 0.26525 
0.363638 0.137988 0.253511 0.04449 0.200373 
0.683324 0 0.188318 0.128358 0 
0.327449 0.0944111 0.27143 0 0.30671 
0.230598 0.272305 0.269466 0.0345611 0.19307 
0 0.318449 0 0.681551 0 
0.288849 0 0.432493 0.278658 0 
0.275538 0 0.724462 0 0 
