5 200
0.385807
0.644955
0.279832
0.55105
0.721343
11.1231 0.376527
10.3711 0.508074
9.86945 0.656954
9.67114 0.676455
9.66536 1.20006
9.55977 0.306494
9.32685 0.426705
9.23067 0.205115
9.203 0.87564
9.20125 0.801178
8.77525 0.201421
8.72482 1.56192
8.54903 0.198203
8.52495 0.368355
8.39097 1.4567
8.17347 1.73417
8.16877 0.800417
7.95635 1.30231
7.9146 0.51328
7.90579 1.4145
7.88028 1.60659
7.87168 1.13751
7.7739 0.373115
7.73504 0.425714
7.53607 0.730879
7.39631 2.30011
7.35756 0.509765
7.27148 0.183712
7.02879 1.89826
6.95136 2.85918
6.92336 2.52535
6.866 1.84151
6.81388 1.50422
6.7939 0.940523
6.73638 2.0023
6.73394 2.91288
6.57732 1.9088
6.33313 2.2049
6.32107 2.48548
6.29074 0.901411
6.23484 2.87066
6.06823 2.83699
5.99912 3.09164
5.88898 1.47325
5.80415 1.86566
5.79209 1.65454
5.75004 1.46835
5.74986 3.18873
5.73739 1.7596
5.69415 3.51437
5.48042 2.82489
5.41523 2.72695
5.40302 2.37945
5.32431 3.2167
5.28866 4.02226
5.25811 1.45963
5.23903 2.64498
5.19732 1.92829
5.17941 1.84908
5.16152 2.19989
5.03406 4.20654
4.96869 3.38952
4.93103 2.64355
4.89666 2.4893
4.8899 3.46946
4.8065 3.17609
4.63306 3.94873
4.49195 2.83756
4.44545 4.03193
4.40589 2.94405
4.31996 2.0977
4.30198 3.29928
4.28849 2.94278
4.26392 3.34346
4.1705 4.07338
4.13572 2.58117
4.06971 2.9782
3.96123 4.33038
3.95704 4.38952
3.92508 4.11566
3.89591 3.21528
3.78442 2.72526
3.75908 3.72787
3.62718 3.0316
3.60128 4.43215
3.59608 3.93251
3.4221 3.65866
3.33624 4.8787
3.14375 4.31751
3.12972 3.75009
3.10987 5.0659
3.01945 3.77197
3.01664 4.60507
3.00011 4.49982
2.91371 4.21695
2.87527 5.0465
2.80675 4.19998
2.78143 4.06029
2.77211 4.27135
2.70171 5.65483
2.66221 5.41492
2.60313 5.15224
2.56247 4.24628
2.55551 4.13015
2.51826 4.96651
2.48638 4.37106
2.45377 6.7097
2.45006 6.41877
2.30345 5.01437
2.25972 5.04464
2.10991 5.53429
2.07589 4.7965
2.04361 5.56614
2.04043 7.13993
2.03282 4.19038
1.98777 5.37078
1.98691 5.81629
1.9563 6.34366
1.86204 4.37753
1.84264 7.09352
1.81923 7.13279
1.8153 5.6073
1.78139 6.28364
1.62496 4.54615
1.55357 6.85871
1.49826 5.01165
1.48368 7.68404
1.47724 6.19464
1.45154 5.01638
1.42766 4.70125
1.42698 6.5514
1.41885 6.16025
1.30696 5.34923
1.17324 4.97963
1.14108 7.65177
1.11435 8.21285
1.0743 6.91333
1.06875 7.10072
1.01099 7.62313
1.00782 6.98163
0.98601 7.36707
0.840381 7.66642
0.808725 7.81607
0.807216 8.3013
0.791532 5.81825
0.721954 5.62375
0.582217 7.02869
0.563643 7.41878
0.554681 8.791
0.55074 6.56898
0.534492 7.59835
0.534097 7.20231
0.51074 6.67197
0.502733 6.95679
0.498846 7.60048
0.475257 7.28658
0.455203 7.20142
0.447056 9.58336
0.435365 7.688
0.387403 7.24519
0.385985 10.0782
0.367824 9.38874
0.36311 6.26243
0.345698 8.38279
0.324411 8.49203
0.314009 9.97569
0.290213 6.9889
0.267999 9.75843
0.259937 6.62444
0.259119 9.04989
0.220422 6.73867
0.198344 10.6544
0.196984 10.7058
0.19657 7.45635
0.195405 7.52967
0.170467 10.7051
0.168003 7.80133
0.165912 9.05198
0.165131 10.5374
0.163594 10.7257
0.146684 8.70933
0.12232 9.03234
0.11206 9.30783
0.102089 8.32304
0.0926681 7.18644
0.0907304 7.44518
0.0840037 8.88621
0.0791999 7.88976
0.0544992 8.83422
0.0359727 10.9773
0.034712 10.3217
0.0334721 8.78714
0.0241937 10.2113
0.0165911 11.4846
0.0143005 10.4054
0.00832289 8.58965
0.00549929 8.77515
0.00425263 11.7443
0.00377644 10.9189
0.0018546 8.44547
0.28484 0 0 0.71516 0 
0 0 0 1 0 
0 0.837209 0.162791 0 0 
0.164179 0 0 0.835821 0 
0 0.604623 0.395377 0 0 
0 0.350602 0.649398 0 0 
0 0 0 0.503699 0.496301 
0 0 0 0 1 
0 0 0 0 1 
0 0.128809 0.6388 0.232391 0 
0 0.7329 0.2671 0 0 
0 0 0 0.485803 0.514197 
0 0.44206 0.55794 0 0 
0 0.476852 0.523148 0 0 
1 0 0 0 0 
0.412141 0 0 0 0.587859 
0 0 1 0 0 
0 0 0 0 1 
0.34941 0.29827 0 0 0.35232 
0 1 0 0 0 
0 1 0 0 0 
0 1 0 0 0 
0 0 0 1 0 
0.364161 0.301041 0 0 0.334798 
0 0 0 1 0 
0 0 1 0 0 
0.679813 0 0 0.320187 0 
0.423248 0 0 0.177123 0.399629 
0 0 0.53514 0.328862 0.135998 
0 0.449355 0.550645 0 0 
0 0.861964 0 0.138036 0 
0 0 0.520399 0.479601 0 
0 0 0 1 0 
0 0.428485 0.22682 0 0.344695 
0.598137 0 0.401863 0 0 
0 0 0 0 1 
0.384028 0 0.615972 0 0 
0.382547 0.294912 0 0.322541 0 
0.253815 0 0 0 0.746185 
0.271664 0 0.309298 0.419038 0 
0 0 0 0 1 
0.629888 0 0.370112 0 0 
0 0.307997 0.509304 0.182699 0 
0 0 0.477513 0 0.522487 
0 1 0 0 0 
0 0 0.622126 0.377874 0 
0 0 1 0 0 
0 0 0.361094 0 0.638906 
0 0 0 0.328695 0.671305 
0 0 0 1 0 
0 1 0 0 0 
0.222586 0.372727 0.404687 0 0 
0.480495 0 0 0 0.519505 
0.262689 0.498174 0.239137 0 0 
0 0 0 0.320646 0.679354 
0 0 0.209577 0.388946 0.401476 
0.495361 0 0 0.504639 0 
0.268938 0 0 0 0.731062 
0 1 0 0 0 
0 0.221168 0 0.499616 0.279216 
0 0.630401 0.369599 0 0 
0 0 0 0 1 
0.679271 0 0 0 0.320729 
0.289057 0.589008 0 0 0.121936 
0 0 1 0 0 
1 0 0 0 0 
0.23681 0.315042 0 0 0.448148 
0 0 0 0 1 
0 0 0.153607 0.846393 0 
0 0 0 1 0 
0 0.683519 0.316481 0 0 
0 0.152438 0.484779 0.362784 0 
0.878186 0 0 0 0.121814 
0.393827 0.0912405 0 0.514932 0 
0.0861567 0.583157 0 0.330686 0 
0.27722 0 0.72278 0 0 
0 0 0 0.73973 0.26027 
0 1 0 0 0 
0.454626 0 0.545374 0 0 
0.354686 0.173063 0 0 0.472251 
0.507155 0.235617 0 0.257228 0 
0 0 0 0 1 
0 0 1 0 0 
0 0 0 1 0 
0.623988 0 0.376012 0 0 
0 0.716147 0 0.283853 0 
0.195932 0 0.303512 0.500556 0 
0 0 0.495186 0 0.504814 
0 0 0 1 0 
0 0.287323 0.192131 0 0.520545 
0 1 0 0 0 
0 0.634684 0 0 0.365316 
0.214036 0.119231 0.163876 0.502857 0 
0.168708 0 0.62121 0 0.210081 
0.522704 0 0 0.477296 0 
0.202479 0.206567 0.590954 0 0 
0 0 0.449656 0 0.550344 
0 0.321455 0.145066 0.533479 0 
0 0 0.366632 0.219425 0.413943 
0 1 0 0 0 
0 0 0 1 0 
0 0 0 1 0 
0 0 0.498539 0.501461 0 
0 0.496481 0 0 0.503519 
0.309304 0.540921 0 0 0.149776 
0 0 0.227699 0.772301 0 
0.50395 0 0.49605 0 0 
0 0 0 0.493804 0.506196 
0 0 0 0.822284 0.177716 
0 0.721876 0 0 0.278124 
0.359294 0 0.0944658 0 0.54624 
0.324357 0.387636 0 0 0.288007 
0.487389 0 0 0.512611 0 
0.419181 0 0 0.399157 0.181663 
0 0.583901 0 0 0.416099 
0 0.238257 0.625827 0 0.135917 
0.361036 0 0 0.638964 0 
0.703318 0 0 0.296682 0 
0 0 0.46974 0 0.53026 
0.257801 0.742199 0 0 0 
0.319344 0 0.245579 0.283816 0.151261 
0.239225 0.389251 0.371524 0 0 
1 0 0 0 0 
0.578702 0.421298 0 0 0 
0 0.569095 0 0.430905 0 
0 0 0 1 0 
0.419331 0 0 0 0.580669 
1 0 0 0 0 
0 0.627532 0 0.372468 0 
0.366376 0 0 0 0.633624 
0 0 0.668743 0 0.331257 
0.361069 0.162847 0.202273 0.273811 0 
0.255083 0.214548 0.204437 0.325933 0 
0.509806 0.490194 0 0 0 
1 0 0 0 0 
0.405269 0.265619 0 0.329112 0 
0.617704 0 0 0.382296 0 
0.262854 0.389539 0 0 0.347607 
0.395062 0 0.262044 0.342894 0 
0 0 0.466322 0.533678 0 
0.377585 0 0.622415 0 0 
0 0 0 1 0 
0 0.457008 0 0.542992 0 
0.531178 0 0 0 0.468822 
0 0.505261 0 0.494739 0 
0.505108 0.17986 0 0 0.315032 
0 0 0.543537 0.456463 0 
1 0 0 0 0 
0 0 1 0 0 
0 1 0 0 0 
0 0 1 0 0 
0.435497 0.564503 0 0 0 
0 0 0 1 0 
0.658783 0 0 0.341217 0 
1 0 0 0 0 
0 0.297427 0 0.172567 0.530006 
0.310673 0 0 0.689327 0 
0 0 0 1 0 
0.173619 0.146092 0.382057 0.0869475 0.211284 
0.409229 0 0 0.590771 0 
0.365493 0 0.118276 0.516231 0 
0 0.249668 0.267894 0.482438 0 
0.464439 0 0.535561 0 0 
0 0.411827 0.179259 0.408914 0 
0 0.413353 0 0.586647 0 
0 0 0.45264 0 0.54736 
0 0 0.49209 0.50791 0 
0.0644667 0.474221 0.461313 0 0 
0.308051 0 0 0.691949 0 
1 0 0 0 0 
1 0 0 0 0 
0 0 0 0.499872 0.500128 
1 0 0 0 0 
0 0.538287 0 0.461713 0 
0 0 0.46993 0.53007 0 
0 0.786723 0 0 0.213277 
0 0 0 1 0 
0 0 0 1 0 
1 0 0 0 0 
0 0.431114 0.568886 0 0 
1 0 0 0 0 
0 0.181246 0.36623 0 0.452524 
0 1 0 0 0 
0 0 0.807481 0.192519 0 
0 0.357712 0.24605 0.396238 0 
0 0.478605 0.109586 0 0.411808 
0 0 0.615092 0 0.384908 
0.257404 0 0 0.35671 0.385886 
0.523347 0 0.476653 0 0 
0 0.685771 0 0.314229 0 
1 0 0 0 0 
0.245618 0 0 0.473326 0.281056 
0.391671 0 0.257643 0 0.350686 
0 1 0 0 0 
0 0 0 0.264753 0.735247 
0 0.246463 0 0.753537 0 
0 0 1 0 0 
0 0.381805 0 0 0.618195 
1 0 0 0 0 
0.810483 0 0 0.189517 0 
