5 50
0.571009
0.342517
0.605693
0.533898
0.493294
11.7763 0.141936
10.2383 0.854813
9.88014 1.0192
8.65102 0.664239
8.10383 1.98559
7.72307 1.28707
7.61452 0.380195
7.49364 1.4811
7.40927 1.47576
7.0489 0.438275
6.67284 2.22068
6.46744 1.51224
6.05414 2.58119
5.94025 1.22556
5.70656 2.27174
5.6799 2.61952
5.58175 2.40609
5.11504 2.34505
5.02873 2.06399
4.75574 3.17675
4.33425 3.71614
4.00202 3.88312
3.8418 3.89304
3.34245 4.8887
3.09949 3.22662
3.07181 4.92211
2.92079 4.47374
2.74497 4.61162
2.53937 4.34732
2.22626 4.58222
2.19558 4.54858
2.01515 5.42103
1.79286 6.90472
1.7705 7.22951
1.694 7.09669
1.39062 6.52692
1.12409 5.56337
1.07162 6.7017
0.791266 8.67504
0.648109 5.89468
0.258105 7.20197
0.19485 9.92317
0.160582 8.40046
0.126784 9.47435
0.10484 7.35139
0.0813456 8.10762
0.0545566 9.86222
0.0515125 9.1855
0.00921091 7.31043
0.00657964 7.36204
0 0 0 0.797241 0.202759 
0.556235 0.443765 0 0 0 
0.279112 0 0 0.720888 0 
0.209383 0 0.404003 0.106951 0.279663 
0 0 1 0 0 
0 0 0.491103 0 0.508897 
0 1 0 0 0 
0 0.785701 0.214299 0 0 
0 0 0 1 0 
1 0 0 0 0 
1 0 0 0 0 
1 0 0 0 0 
0 0 0 0 1 
0 0.572265 0 0 0.427735 
0 0 1 0 0 
0 0 0 1 0 
0 0 0 0 1 
0 0 1 0 0 
0 0 0 0 1 
0.349629 0 0.355491 0.29488 0 
0 0 1 0 0 
0 1 0 0 0 
0 0 1 0 0 
0.328342 0 0.671658 0 0 
0 0 1 0 0 
0 0.647506 0 0.352494 0 
0.170513 0 0 0.829487 0 
0 0 0 0 1 
0 0.139134 0 0.62743 0.233436 
0 0 0 0 1 
0 0 0.187945 0 0.812055 
0.532838 0 0 0.467162 0 
0 1 0 0 0 
1 0 0 0 0 
1 0 0 0 0 
0.769822 0.230178 0 0 0 
0 0 0 1 0 
0 0 0 1 0 
0.709989 0 0 0.290011 0 
1 0 0 0 0 
0 0 0 0.522288 0.477712 
0.4918 0 0 0 0.5082 
0 1 0 0 0 
0 0 0 1 0 
0 0 0.867559 0 0.132441 
0 0 0.818814 0 0.181186 
0.310302 0 0 0 0.689698 
0 0 1 0 0 
0 0 0 1 0 
1 0 0 0 0 
