5 200
0.400212
0.686628
0.357913
0.584269
0.4392
11.2801 0.202324
11.0531 0.436549
10.6565 0.126172
10.446 0.509903
10.3672 0.112479
9.88063 0.384918
9.72046 0.819259
9.68739 0.345183
9.66065 0.139834
9.62097 0.773137
9.45035 0.86891
9.44879 0.673144
9.14804 0.90204
9.09164 1.23259
8.63217 1.19835
8.47762 1.05165
8.43514 1.41942
8.16937 0.472117
8.06593 1.23557
7.86268 1.29262
7.85686 0.771304
7.44132 0.246454
7.25301 2.02904
7.00622 1.25729
6.96194 1.06927
6.91578 1.84464
6.90297 1.78696
6.82185 1.4087
6.8029 1.94018
6.77208 2.25981
6.59022 1.61003
6.50745 1.54496
6.47858 1.56605
6.24943 1.88345
6.2257 1.00304
6.19382 2.90488
6.17109 2.85434
6.13014 2.25824
6.12218 2.79789
6.1039 2.01677
5.73936 3.32663
5.73426 2.9329
5.71995 2.75478
5.70649 1.07086
5.60299 2.84786
5.48616 3.9181
5.40667 2.67754
5.23791 2.0872
5.0888 2.72762
4.97695 2.57032
4.94982 4.04959
4.89919 2.33825
4.76381 3.49468
4.75974 2.50648
4.67754 2.80327
4.66082 2.83668
4.41976 4.20535
4.41139 3.15115
4.36566 2.70885
4.28129 4.19804
4.26376 3.59331
3.96823 3.09736
3.92172 3.35362
3.84808 3.48207
3.81269 3.47548
3.72042 4.21683
3.61602 4.93441
3.57329 4.08816
3.52271 5.05858
3.51119 3.90594
3.36521 3.05817
3.35889 4.82463
3.33781 4.14557
3.32287 3.83884
3.25779 2.99964
3.22321 5.6906
3.19628 3.2721
3.17947 5.96863
3.14985 4.30125
3.13017 4.94383
3.07274 4.20685
3.06567 4.92481
2.99328 5.40887
2.86881 4.47628
2.81261 4.37239
2.71205 4.4802
2.68758 5.08383
2.66239 4.62759
2.60497 4.86635
2.48814 5.43206
2.48461 4.8368
2.39797 5.32888
2.35691 4.32696
2.3087 4.48181
2.28096 5.58773
2.23608 5.55248
2.2331 6.12525
2.18489 6.8936
2.18002 5.10878
2.07154 5.04743
2.04169 6.59109
2.00083 7.23589
1.98181 5.17411
1.96622 4.48414
1.90067 5.75762
1.88588 5.56928
1.88034 5.11566
1.86613 7.00387
1.85647 5.5847
1.80749 5.34393
1.71839 4.96378
1.64074 6.55725
1.62774 6.68467
1.6031 6.36888
1.58033 7.80748
1.54588 4.50753
1.4875 6.95064
1.36682 7.2033
1.31952 4.60212
1.31431 5.64752
1.30662 6.20384
1.30118 5.97404
1.28455 5.66856
1.17857 7.93538
1.17757 5.46631
1.11414 5.14435
1.10928 7.2366
1.1064 5.47688
1.06945 6.31641
1.06008 7.34942
1.05267 6.79186
1.04903 6.41608
1.04432 8.06781
1.02436 6.92607
0.912379 7.37116
0.885983 7.43214
0.857518 5.64094
0.758126 6.85409
0.722466 7.91423
0.713783 7.60832
0.701218 6.13472
0.686725 8.33188
0.631407 8.98419
0.62673 7.5905
0.616442 8.85407
0.593824 7.98389
0.587156 8.49186
0.546694 8.52443
0.54484 7.41769
0.524629 8.86108
0.464604 8.39323
0.422033 6.92097
0.402369 7.16883
0.385642 7.82038
0.363194 8.69729
0.360702 9.40825
0.356221 6.2825
0.327878 8.45366
0.315774 9.54558
0.310174 10.1377
0.290073 6.4653
0.275035 9.13657
0.255954 9.53636
0.249215 8.25975
0.220087 9.8314
0.218943 8.59343
0.211553 6.63825
0.197039 10.6833
0.179536 10.5468
0.158952 9.13205
0.157427 10.3977
0.156343 10.8014
0.149437 10.0733
0.123911 9.69629
0.123729 9.6934
0.11659 6.82086
0.105567 9.75875
0.102245 8.50326
0.0669137 10.9672
0.0622134 8.4174
0.0597674 9.75842
0.0582897 8.13677
0.0582548 8.02133
0.0532824 11.1444
0.049619 9.19851
0.0439632 11.2703
0.04287 8.3278
0.0412275 8.40454
0.0304686 7.61351
0.0157834 11.7774
0.0135826 7.41343
0.0126671 10.596
0.0103759 12.0245
0.0102348 11.1477
0.00935149 10.0556
0.00740158 10.1485
0.00666657 8.28696
0.00433133 9.68159
0.002592 11.4478
0.00145355 11.6265
0 1 0 0 0 
0 0 0 1 0 
0 0 0 1 0 
0 0 1 0 0 
1 0 0 0 0 
0 0 0.47316 0 0.52684 
0.104407 0 0.297838 0 0.597755 
0 0 0 1 0 
0 0 0.215375 0.784625 0 
1 0 0 0 0 
0 0.13553 0 0.86447 0 
0.44463 0 0 0.55537 0 
0 0 0 1 0 
0.596378 0 0.168972 0.23465 0 
0 0 1 0 0 
0 0 0 0 1 
1 0 0 0 0 
0 0 0.521808 0 0.478192 
0 0.491928 0 0 0.508072 
0.407368 0 0 0.592632 0 
0 0 0 1 0 
0 0 1 0 0 
0 0 0 1 0 
0 0 1 0 0 
0 0 0.591992 0 0.408008 
0 0 0 1 0 
0.76436 0.23564 0 0 0 
1 0 0 0 0 
1 0 0 0 0 
0 0 0 1 0 
0 1 0 0 0 
0.603533 0 0.396467 0 0 
0 0.527079 0 0 0.472921 
0 1 0 0 0 
0.459925 0 0 0.297244 0.24283 
0.277246 0 0.314994 0 0.40776 
0.724983 0 0.133565 0.141452 0 
0 1 0 0 0 
0 0 1 0 0 
0 0 0 0 1 
0 0 0 0.752283 0.247717 
0 1 0 0 0 
0 0 0 1 0 
0 0 0 1 0 
0 0 0.362724 0.637276 0 
0.420045 0.240852 0 0.339104 0 
0 0 0 1 0 
0 0 0 0 1 
0 1 0 0 0 
0 0.404917 0.405261 0.189822 0 
0.623438 0 0.376562 0 0 
0 1 0 0 0 
0 0 0 1 0 
0 0 0 0.68387 0.31613 
0 0 0 0 1 
0 0 1 0 0 
0 0 1 0 0 
0 0 0 0 1 
0 0 0 0 1 
0.757167 0.242833 0 0 0 
0 0 0.650278 0.349722 0 
0 0 0 0 1 
1 0 0 0 0 
0 0 1 0 0 
0 0 0.689067 0 0.310933 
0 0 0 0.518984 0.481016 
0.59428 0 0.40572 0 0 
1 0 0 0 0 
0 0 1 0 0 
0 0 0.369667 0 0.630333 
1 0 0 0 0 
0 0 0 1 0 
0 0 0 0 1 
0 0 0 1 0 
0 0.168868 0.677903 0 0.153229 
0.522062 0.477938 0 0 0 
0 0 0 0 1 
0 0 1 0 0 
0 0 0 0 1 
1 0 0 0 0 
0 0.588421 0.411579 0 0 
0 0 0 0 1 
0 0 0 0.323823 0.676177 
0.25267 0 0.74733 0 0 
0 0 0 0 1 
0 0.374348 0 0.131972 0.49368 
0 0 0 0.45804 0.54196 
0 0 0 1 0 
1 0 0 0 0 
0 0 1 0 0 
0 0 1 0 0 
0 0.470145 0.529854 0 0 
0 0 0 1 0 
0.252732 0 0 0.747268 0 
0 1 0 0 0 
0 0 0 1 0 
0 0 1 0 0 
0 0 0.81628 0 0.18372 
0.478532 0 0 0 0.521468 
0.291742 0 0 0.708258 0 
0.438612 0.561388 0 0 0 
0 0 0 0 1 
0.339929 0 0 0.230479 0.429593 
0.244555 0 0 0.251607 0.503838 
0 0 1 0 0 
1 0 0 0 0 
0 0.295516 0 0 0.704484 
0 0 1 0 0 
0 0 0 0.465366 0.534635 
0 0.183999 0 0 0.816001 
0 0 0 1 0 
0 0.639402 0 0 0.360598 
0 0 0 1 0 
0.577665 0 0 0.422335 0 
0.21845 0 0.78155 0 0 
0 0.234226 0.765774 0 0 
0 0 0 1 0 
0 0.525792 0.474208 0 0 
0 0 1 0 0 
0.576726 0.423274 0 0 0 
0 1 0 0 0 
0 0 0 0.437286 0.562714 
0 0.804667 0 0 0.195333 
0 0 0 1 0 
0 0 0 0 1 
0 1 0 0 0 
0 0 0.855304 0 0.144696 
0.516572 0.296331 0 0 0.187098 
0.586668 0 0 0.413332 0 
0 0 0.265773 0 0.734227 
0 0 1 0 0 
0 0 0 1 0 
0 1 0 0 0 
0 0 0 1 0 
0 0.457516 0 0 0.542484 
0 0 1 0 0 
0 0 0 0 1 
0 0 0 1 0 
0 0.371614 0 0.628386 0 
1 0 0 0 0 
0 0.730398 0 0.269602 0 
0.334749 0 0.665251 0 0 
0 0 0 0 1 
0 0 1 0 0 
0 0 0 1 0 
0 0 1 0 0 
0 1 0 0 0 
0 0 0.547733 0.452267 0 
0.37099 0 0.62901 0 0 
0 0 1 0 0 
0 0 0 0.602128 0.397872 
0.22332 0.77668 0 0 0 
0 0 0 1 0 
0.565468 0 0 0 0.434532 
0.503072 0 0.496928 0 0 
0 0.478648 0 0 0.521352 
0.203667 0 0 0.796333 0 
0 0 1 0 0 
0 0 0 0 1 
0.835423 0 0.164577 0 0 
0 0 1 0 0 
0 0 0.687379 0.312621 0 
0.402278 0.597722 0 0 0 
0 0 1 0 0 
0.597243 0.201202 0 0 0.201555 
0 0 0 0 1 
0 1 0 0 0 
0 0.227053 0 0 0.772947 
0 0 1 0 0 
0 0 1 0 0 
1 0 0 0 0 
0 0.73763 0 0 0.26237 
0.149332 0.850668 0 0 0 
0 0 0 1 0 
0 1 0 0 0 
0 1 0 0 0 
0 1 0 0 0 
1 0 0 0 0 
0 0.816858 0.183142 0 0 
0.710729 0.289271 0 0 0 
1 0 0 0 0 
0 0 0 0.514493 0.485507 
0 0 0 0 1 
0.5997 0.4003 0 0 0 
0 0 0 0.440634 0.559366 
0 0 0 0.289369 0.710631 
0 0 0 0 1 
0 0 1 0 0 
0 1 0 0 0 
1 0 0 0 0 
0 0 0 0 1 
1 0 0 0 0 
0 0.427682 0 0.329523 0.242795 
0 0 1 0 0 
0 0 1 0 0 
0 1 0 0 0 
0 0 0 1 0 
0.0962218 0 0 0 0.903778 
0 0.6395 0.3605 0 0 
0 1 0 0 0 
