5 50
0.252396
0.38036
0.33826
0.520943
0.308412
8.73731 0.547866
7.30331 1.11217
7.21748 1.03083
7.00024 1.71923
6.88392 0.912962
6.84579 2.15638
6.60655 1.92948
6.59413 2.29061
6.53727 1.08575
6.15646 1.36431
6.12064 2.41933
6.10138 1.24991
5.07483 3.28652
4.76257 2.19228
4.71763 3.68533
4.36138 4.62047
4.16358 4.46555
4.1569 3.91704
3.15675 4.54232
3.1239 3.97203
3.09331 3.90657
2.89833 2.99374
2.79227 4.68497
2.25127 5.73382
2.14087 5.38436
2.10695 5.68134
1.85286 4.99115
1.49827 7.12022
1.49826 6.39948
1.48566 5.385
1.38918 4.93987
1.34117 6.19151
1.13236 7.18283
1.08103 7.87888
0.988393 6.42456
0.932501 8.30999
0.879375 6.2382
0.876142 5.5111
0.538077 8.8277
0.522274 9.34816
0.471314 8.17933
0.370791 9.5169
0.264915 10.1846
0.159607 7.77039
0.143374 9.31003
0.132118 10.8401
0.118168 10.7647
0.0852405 9.14421
0.0358821 11.2488
0.0185458 10.4565
0.190496 0 0.681222 0.128282 0 
0 0 0 0 1 
0.151815 0 0.266104 0.279605 0.302475 
0.342162 0 0 0.255135 0.402703 
0.354495 0.296798 0.0520471 0.296659 0 
0.360043 0 0 0.639957 0 
0 0.20487 0 0.79513 0 
0 0 1 0 0 
0 0 0 0.452711 0.547289 
0.219969 0 0.780031 0 0 
0 0 1 0 0 
0 1 0 0 0 
0.45426 0.54574 0 0 0 
0 0.769818 0 0 0.230182 
0 1 0 0 0 
0.647396 0.352604 0 0 0 
0 0 0 1 0 
0.394037 0.605963 0 0 0 
0 0 0 1 0 
1 0 0 0 0 
1 0 0 0 0 
0 0.405374 0.594626 0 0 
0 0 0 0.260049 0.739951 
0 1 0 0 0 
0 0.292462 0 0 0.707538 
0 0 0.329535 0.670465 0 
0 0.248337 0 0.510423 0.241241 
0 0.511269 0.0938838 0 0.394847 
0 0 0.323881 0 0.676119 
0.416027 0.174404 0 0.143734 0.265836 
0 0 0 0 1 
0 0.502678 0.497322 0 0 
0 0.818947 0.181053 0 0 
0 0 0 0.495797 0.504203 
0.195787 0.212865 0 0 0.591349 
1 0 0 0 0 
0.342606 0 0 0 0.657394 
0 0.462042 0 0.537958 0 
0.427907 0.142519 0.357765 0.0718092 0 
1 0 0 0 0 
1 0 0 0 0 
0.125992 0 0.159569 0.421516 0.292922 
1 0 0 0 0 
0 0.310766 0 0.493291 0.195943 
0 0.662768 0 0.337232 0 
0.775257 0 0 0 0.224743 
0 0 0 0.382277 0.617723 
0 0.545524 0.454476 0 0 
0 0.267537 0 0 0.732463 
1 0 0 0 0 
