5 50
0.415838
0.594737
0.675306
0.28676
0.528359
10.5902 0.456636
9.92559 1.11244
8.96108 1.22319
6.82026 1.09146
6.46372 2.19064
6.40823 2.64717
5.92698 3.56185
5.76473 1.60347
5.68637 1.57155
5.60877 2.51489
5.1802 1.99368
4.78669 2.69865
4.71694 4.0991
4.60525 4.04138
3.7834 2.72677
3.43094 2.67101
3.21238 4.60722
3.09457 4.35478
3.03268 5.99426
2.90164 5.0539
2.85805 6.15905
2.78275 5.61575
2.77204 6.31127
2.5934 4.70273
2.24589 4.85054
1.78532 7.18543
1.52026 5.39417
1.30522 6.51889
1.1648 6.39132
0.905987 7.94407
0.890821 7.36741
0.887731 4.991
0.678937 8.13812
0.605726 7.10121
0.597624 7.04017
0.566496 7.93492
0.510296 6.17159
0.483815 9.19838
0.399017 7.46792
0.388447 9.50309
0.334332 8.62444
0.201304 6.57546
0.196567 10.1791
0.128946 9.25213
0.0656699 10.4927
0.0490745 10.395
0.0133854 11.6292
0.0130072 10.2511
0.00573784 10.6146
0.00279866 9.41382
0.300599 0 0.224398 0.475003 0 
0 0.549374 0 0.450626 0 
0.260701 0.306302 0.195288 0 0.23771 
0 0 0.462701 0.537299 0 
0 0.184241 0.148541 0.296971 0.370248 
0.39852 0 0 0.60148 0 
0.523229 0 0.104915 0 0.371856 
0.337922 0.259512 0.171921 0.230644 0 
0.281783 0.0512665 0.3091 0.136394 0.221457 
0.394757 0 0.277397 0.327846 0 
0 0 0 1 0 
0 0.30121 0.383109 0.315681 0 
0 0 0.332622 0.667378 0 
0.287024 0.0903162 0.376828 0 0.245832 
0.571797 0 0 0 0.428203 
0.133296 0.295722 0.328086 0.242896 0 
0 0.299945 0.700055 0 0 
0 0.590678 0 0.409322 0 
0 0 0.560924 0.120764 0.318312 
0.0598172 0 0.417377 0.337331 0.185475 
0.235934 0 0.493172 0 0.270895 
0.27486 0.366094 0 0 0.359046 
0 0 0.286225 0.450332 0.263444 
0.335437 0.257106 0 0 0.407458 
0.194156 0 0.401033 0.327967 0.0768438 
0.375066 0 0.154953 0 0.469981 
0 0.264516 0.240689 0.243113 0.251681 
0 0 0.583068 0 0.416932 
0.213615 0.148155 0.247255 0.142767 0.248209 
0 0 0.446531 0 0.553469 
0 0.315147 0.208809 0.222398 0.253646 
0.270683 0.255875 0.153911 0 0.319531 
1 0 0 0 0 
0.534108 0.465892 0 0 0 
0.401635 0.598365 0 0 0 
0.373278 0.626722 0 0 0 
0.348381 0.332802 0 0 0.318817 
0 0.698112 0.208983 0.0929046 0 
0.20474 0.203284 0.498406 0.0935701 0 
0 0 0.842923 0 0.157077 
0.195969 0.201306 0 0.232902 0.369823 
0 0 0.445057 0.173694 0.381249 
0 0.411276 0.588724 0 0 
0.299008 0 0.353729 0.177827 0.169436 
0.224087 0.242454 0 0.291336 0.242123 
0.179127 0 0.820873 0 0 
0.21499 0.232141 0.275341 0 0.277528 
0.398745 0.393652 0.118918 0 0.0886854 
0 0 0.427611 0.10604 0.466349 
0.76873 0 0.23127 0 0 
