5 50
0.597499
0.398701
0.437262
0.317095
0.474982
11.1914 0.183384
10.1045 0.27236
9.04138 1.32431
7.57404 0.553066
7.36725 1.17701
6.43592 1.91011
5.77371 1.43213
5.69226 2.32452
5.66742 2.53805
5.61446 2.87973
5.47835 2.09957
5.47162 2.77629
5.29245 2.56869
5.18824 2.09296
5.03058 3.37759
4.90032 3.70736
4.55791 1.75924
4.35481 4.45159
3.9173 3.15964
3.90291 3.88857
3.89489 3.73912
3.6398 4.36128
3.28419 2.94246
3.21366 3.62819
2.73566 5.38911
2.57797 5.06085
2.5081 5.33877
2.46975 5.01822
2.28343 5.21817
1.96992 4.30623
1.88169 4.78647
1.74147 5.40449
1.66827 5.05829
1.62655 4.40462
1.42172 6.56292
1.16564 6.15995
0.959866 6.05694
0.82132 6.46756
0.812674 5.91189
0.758565 7.22638
0.678441 8.01861
0.281407 8.08171
0.225908 8.20638
0.196465 6.38944
0.136547 10.8324
0.116464 10.8118
0.0726411 10.2305
0.0455059 10.4984
0.0243119 11.5694
0.0120891 11.7124
0 1 0 0 0 
0 0 0 1 0 
1 0 0 0 0 
0 1 0 0 0 
0 0 0 0 1 
0 0 0 1 0 
0 0 1 0 0 
0 0 0 1 0 
1 0 0 0 0 
0 0 0 0 1 
0 0 1 0 0 
0 0 0 0 1 
0 0 0 0 1 
0 0 1 0 0 
0 0 1 0 0 
0 0 1 0 0 
0 1 0 0 0 
0 0 1 0 0 
0 0 0 1 0 
1 0 0 0 0 
0 1 0 0 0 
0 0 0 1 0 
0 0 1 0 0 
1 0 0 0 0 
0 0 0 1 0 
0 0 0 0 1 
1 0 0 0 0 
0 0 1 0 0 
0 0 0 1 0 
0 0 0 0 1 
0 0 1 0 0 
0 0 0 1 0 
1 0 0 0 0 
0 1 0 0 0 
0 0 0 1 0 
0 1 0 0 0 
0 0 0 1 0 
0 0 1 0 0 
1 0 0 0 0 
0 0 1 0 0 
0 0 0 1 0 
0 1 0 0 0 
0 1 0 0 0 
1 0 0 0 0 
0 0 0 0 1 
0 0 0 0 1 
1 0 0 0 0 
0 0 0 0 1 
1 0 0 0 0 
1 0 0 0 0 
