5 100
0.485984
0.7225
0.250099
0.706559
0.363267
9.24065 1.45841
9.11141 1.29131
9.06361 0.32544
8.93003 0.184773
8.6226 0.225177
8.35814 1.47596
8.25282 1.24814
8.16405 0.288512
8.14421 1.11072
7.71733 1.34216
7.41379 1.95776
7.18189 1.35292
7.16248 1.84898
6.85524 2.56387
6.81584 1.40698
6.7985 3.00173
6.62985 1.87441
6.32688 2.35827
6.16631 1.88763
6.16442 3.38233
6.14768 2.50931
5.95615 2.87932
5.70087 1.79875
5.67719 1.25413
5.5131 2.78878
5.48846 3.04518
5.3608 3.29549
5.31648 3.82176
5.27832 1.82536
5.21042 3.08211
5.10328 2.03262
4.93137 2.24025
4.77509 2.85752
4.63861 3.17675
4.60371 4.44536
4.51378 4.31689
4.46032 2.80414
4.27545 3.58599
4.14766 3.68025
4.03986 3.39438
4.03708 3.27354
4.00496 2.64373
3.96291 3.02842
3.90726 3.88002
3.78439 3.43439
3.75789 3.70347
3.74478 4.78262
3.73193 3.03796
3.44496 3.3438
3.39889 3.13491
3.14385 3.52841
3.07197 5.3478
3.02153 3.87614
2.94838 5.62372
2.82458 5.96863
2.66442 3.84097
2.6348 5.84156
2.62546 3.39447
2.35572 5.62409
2.35237 5.05029
2.33384 6.8745
2.31246 5.84538
2.28319 6.54398
2.20873 5.91831
2.19808 4.3467
2.19357 6.39967
2.03497 5.98049
2.01479 4.84478
1.92463 4.43335
1.83909 5.91719
1.83624 5.95933
1.76727 5.52308
1.61658 4.61823
1.53394 5.30706
1.48747 6.94518
1.34633 6.91227
1.27651 5.47645
1.19122 7.26987
0.851793 5.93722
0.846525 7.36875
0.790189 7.29302
0.664363 7.31579
0.478607 8.92117
0.475307 8.19692
0.474561 6.48038
0.453535 9.34974
0.439306 9.71825
0.427792 8.37444
0.387789 6.41307
0.351374 9.91551
0.272001 10.2334
0.22971 7.73858
0.185916 9.30112
0.139734 7.45842
0.136195 10.1732
0.118836 8.04653
0.0530695 11.4736
0.0391808 8.35789
0.0340205 9.99276
0.0128403 11.2403
0 0.763296 0 0.236704 0 
0 0 0 1 0 
0 0 0 0 1 
0 1 0 0 0 
1 0 0 0 0 
0 0 0 0 1 
0 0 0 0 1 
0 1 0 0 0 
0 1 0 0 0 
0 1 0 0 0 
0 0 0 0 1 
1 0 0 0 0 
0 0 1 0 0 
0 0 1 0 0 
0 0 0.557251 0 0.442749 
0 0 0 1 0 
0 0 1 0 0 
0.328153 0 0.671847 0 0 
0 0 0 0.434097 0.565903 
0 0 0 1 0 
0 0 1 0 0 
1 0 0 0 0 
0 0 0 0 1 
0 0 0 1 0 
1 0 0 0 0 
1 0 0 0 0 
0 0 0 1 0 
0 0 0 0 1 
0.397397 0.602603 0 0 0 
0 0 0 1 0 
0 0 0 0 1 
0 0 1 0 0 
0.448721 0 0 0 0.551279 
0 0 0 0 1 
0 0 0 0 1 
0 0 1 0 0 
1 0 0 0 0 
0 0 0 1 0 
0 0.649071 0 0.350929 0 
1 0 0 0 0 
0 1 0 0 0 
0.568897 0 0 0.431103 0 
0.548615 0 0.342823 0 0.108562 
0 1 0 0 0 
0 0 0 1 0 
0 0 1 0 0 
0 0.79212 0.20788 0 0 
1 0 0 0 0 
0 0 0 1 0 
1 0 0 0 0 
0 0 0.772821 0.227179 0 
0 0 0 0 1 
0 0 0 0 1 
0 0 1 0 0 
0.719912 0 0 0.280088 0 
0 1 0 0 0 
0.558015 0 0 0.441985 0 
0 0 1 0 0 
0 0 1 0 0 
1 0 0 0 0 
0 0 0 0 1 
0 0 0 0 1 
0 0 0 1 0 
0 0 0 1 0 
1 0 0 0 0 
0 0 0 0 1 
0 0 1 0 0 
0 1 0 0 0 
0 0 0 1 0 
1 0 0 0 0 
0 0 0.349469 0 0.650531 
0.328516 0 0 0 0.671484 
0 0 1 0 0 
0 0 1 0 0 
0 0.379937 0 0.620063 0 
1 0 0 0 0 
1 0 0 0 0 
0 0 0.634419 0 0.365581 
1 0 0 0 0 
1 0 0 0 0 
1 0 0 0 0 
0 0 0 0 1 
0.695315 0 0 0 0.304685 
0 0 0 0 1 
0 0 0.50493 0 0.49507 
0 0 1 0 0 
0 1 0 0 0 
0 0 0 1 0 
0 1 0 0 0 
0 0 0 1 0 
0 0 1 0 0 
0 0 0 1 0 
0 0 0 1 0 
0 1 0 0 0 
0 0 1 0 0 
0 0 0 0 1 
0 0 1 0 0 
1 0 0 0 0 
0 0 0 0 1 
0 1 0 0 0 
