5 50
0.688429
0.317354
0.423681
0.430746
0.265198
10.1268 0.295484
7.67843 0.723426
7.63827 0.147832
7.42035 1.64956
7.1751 2.75251
7.03286 2.15432
6.99674 1.17829
6.56457 1.75212
5.91407 2.10506
5.83131 2.18559
5.80199 2.45674
5.614 2.66324
5.19775 3.21335
5.0596 2.63917
4.93816 3.71341
4.8507 3.08033
4.56142 3.98441
4.233 3.27764
3.97488 3.44392
3.8083 3.38198
3.40587 2.75085
3.33203 4.15196
3.32942 3.86239
3.13248 3.57666
2.5255 4.46189
2.24611 5.62335
1.80917 5.77458
1.52302 4.55516
1.31501 5.87424
1.13039 6.21747
1.1223 6.69856
1.01074 6.43145
0.950577 5.90056
0.928786 6.99834
0.913693 5.87916
0.907581 6.20108
0.836992 5.82694
0.699874 6.06074
0.505839 6.50345
0.372602 6.3979
0.247756 7.00765
0.239476 8.34808
0.172011 7.20408
0.132022 8.86138
0.0500711 8.40407
0.0442603 9.83614
0.0437408 8.9552
0.0133591 11.9973
0.0116642 9.43092
0.00490108 11.6218
0 0 0 0 1 
0 0 0 1 0 
0 0 0 0 1 
1 0 0 0 0 
0 0 0 1 0 
1 0 0 0 0 
0 0 1 0 0 
0 0 0 1 0 
1 0 0 0 0 
0 0 0 0 1 
0 0 1 0 0 
0 0 1 0 0 
0 0 1 0 0 
1 0 0 0 0 
1 0 0 0 0 
0 0 0 0 1 
0 0 1 0 0 
0 0 0 0 1 
0 0 0 1 0 
0 1 0 0 0 
0 0 0 1 0 
1 0 0 0 0 
0 0 0 0 1 
0 0 0 0 1 
0 1 0 0 0 
1 0 0 0 0 
0 0 0 0 1 
1 0 0 0 0 
1 0 0 0 0 
1 0 0 0 0 
0 0 0 0 1 
0 0 1 0 0 
1 0 0 0 0 
1 0 0 0 0 
1 0 0 0 0 
0 0 0 1 0 
0 0 0 0 1 
0 1 0 0 0 
0 0 1 0 0 
0 1 0 0 0 
0 0 0 1 0 
1 0 0 0 0 
0 1 0 0 0 
0 0 0 1 0 
0 0 0 0 1 
0 0 0 0 1 
0 0 1 0 0 
1 0 0 0 0 
0 0 0 1 0 
0 0 1 0 0 
