5 150
0.436285
0.74443
0.696715
0.500496
0.48487
9.90642 0.861821
9.64672 0.915562
8.95176 0.748807
8.72297 1.69939
8.41335 1.70778
8.3986 0.378936
8.35698 1.45368
8.33035 2.14454
8.0884 1.60425
8.07685 0.331536
7.74533 0.389078
7.74106 1.41175
7.72641 0.207798
7.60539 1.5747
7.54701 1.94444
7.42385 0.419525
7.39025 0.976609
7.21842 0.365868
7.09644 1.09695
7.03478 1.25436
7.01953 1.69366
7.01878 2.14494
6.97323 1.68116
6.85546 0.887472
6.83038 2.06822
6.6854 2.13334
6.14564 0.852309
6.03502 1.62861
5.95719 1.77382
5.90142 1.46519
5.85115 1.53303
5.81053 2.50007
5.69139 1.92827
5.64001 1.73237
5.61589 2.29415
5.55369 2.63797
5.46224 1.24411
5.42466 2.32846
5.28592 1.69271
5.08526 2.55599
5.01238 2.02263
4.9761 2.70685
4.92114 3.92706
4.73008 2.86248
4.69353 2.06583
4.60004 2.52944
4.41761 2.59522
4.2473 2.87342
4.23089 3.70459
4.05033 3.33723
3.9824 3.32283
3.82891 4.88459
3.56698 3.56194
3.56649 4.26504
3.46906 3.73034
3.45452 3.52756
3.43429 3.87067
3.40422 2.88015
3.25814 3.92985
3.16038 3.10981
3.12359 3.62586
3.03226 4.03788
2.93958 4.75441
2.87532 4.09349
2.727 3.60644
2.7174 4.96611
2.70648 5.25614
2.65109 4.71718
2.55663 3.92827
2.50945 3.99579
2.48386 3.79993
2.47793 5.69258
2.4753 4.04771
2.40414 3.49598
2.40249 4.67338
2.35196 4.3133
2.34967 4.38635
2.32742 4.44088
2.21303 4.81606
2.19434 6.97695
2.15027 3.78546
2.14497 4.40705
2.11265 3.80779
2.05781 4.74303
2.05733 5.05332
2.03251 4.97381
1.99598 6.45901
1.96845 5.2235
1.95469 4.18288
1.84074 4.99024
1.61013 6.27178
1.49962 7.569
1.47091 6.87869
1.40975 7.02472
1.39795 6.18681
1.38619 6.54517
1.34199 7.23413
1.33511 5.83855
1.27682 6.16679
1.25009 5.83412
1.17397 6.86734
1.10938 5.87755
1.01467 5.2133
1.0108 6.77099
1.00212 6.30371
0.99294 5.53279
0.936258 5.52617
0.850552 8.8031
0.821667 6.86057
0.733417 6.72014
0.60915 5.88661
0.508916 8.86868
0.503775 7.98615
0.490811 7.03224
0.4877 5.9056
0.452889 9.19799
0.439816 9.41136
0.439109 6.38796
0.437004 7.71098
0.366707 7.37729
0.361056 6.48344
0.297072 6.68782
0.256596 8.01821
0.234989 8.83594
0.229527 7.68141
0.183887 8.77523
0.181664 6.86451
0.160947 7.07921
0.143235 6.60522
0.130538 11.059
0.0891035 11.1618
0.0857521 9.27155
0.078365 9.05389
0.0674135 10.519
0.0594276 9.77103
0.0565338 11.4354
0.054753 8.30859
0.0385808 9.09095
0.0348306 10.9367
0.0329742 11.4739
0.0277503 10.2863
0.0249247 9.86278
0.020634 8.33366
0.0150386 8.8007
0.0131242 8.47386
0.012099 11.0737
0.011277 10.1905
0.0082007 9.56493
0.00398891 9.08672
0.00290219 10.3479
0 0 1 0 0 
0 0 0.518897 0 0.481103 
0.302976 0 0 0.697024 0 
0 0 0 1 0 
0.331513 0 0.364915 0 0.303572 
0 0 0.379508 0.18666 0.433833 
0 0 0 1 0 
0 0.500633 0.499367 0 0 
0 0.254284 0 0.745716 0 
0 0.47093 0 0 0.52907 
0 0 1 0 0 
0 0 1 0 0 
0 1 0 0 0 
0 0.598595 0 0 0.401405 
0 0.867428 0 0 0.132572 
0.382097 0.367385 0 0.151367 0.0991515 
0 0.467728 0.532272 0 0 
0.235941 0.17483 0.589229 0 0 
0 0 0.319108 0 0.680892 
0.198843 0 0.668486 0 0.132671 
0.517751 0 0.482249 0 0 
0 0 1 0 0 
0 0.400353 0.133471 0.466175 0 
0 0 0.43732 0 0.56268 
0 0 0.738019 0 0.261982 
0.48425 0 0 0.51575 0 
0 0 0 0.30274 0.69726 
0 0 0 0 1 
0 0 0 0.49324 0.50676 
0 0 0.742393 0.257607 0 
0.350985 0 0 0 0.649015 
0 0.0822593 0 0.553499 0.364242 
0 0 0.503753 0 0.496247 
0 1 0 0 0 
0 0 0 0.525893 0.474107 
0.396627 0 0 0.470134 0.133239 
0.235233 0.453481 0 0.311286 0 
0 0 0 1 0 
0 0 0.342863 0.163411 0.493725 
0 0.507901 0 0.492099 0 
0 0 0 0.279379 0.720621 
0 0 1 0 0 
0 0 0 1 0 
0.459117 0.540883 0 0 0 
1 0 0 0 0 
0 0 1 0 0 
0.197192 0.559258 0 0.24355 0 
0 0 0 0 1 
0.278658 0 0 0.175352 0.545989 
0.270754 0.35933 0.369916 0 0 
1 0 0 0 0 
0 0 0.410263 0.589737 0 
0.109672 0 0.48399 0.0536521 0.352686 
0 0 0.303478 0.418645 0.277876 
0 0.461921 0 0.538079 0 
0 0.80173 0 0 0.19827 
0 0 0.524602 0.210778 0.26462 
0.434199 0 0 0.565801 0 
0.150217 0 0.525512 0.324271 0 
0 0 0 1 0 
0 0 1 0 0 
0.260013 0.739987 0 0 0 
0 1 0 0 0 
0 1 0 0 0 
0 0 0.479162 0.520838 0 
1 0 0 0 0 
0.171865 0.218318 0.317065 0.292752 0 
0 0 1 0 0 
0 0 1 0 0 
0 0.0915208 0 0.736901 0.171578 
0 0 0 0 1 
0 0 0.427297 0.266772 0.305931 
0.497873 0 0.300207 0.201919 0 
0 0.72712 0 0.176732 0.0961485 
0.231353 0.278924 0.271623 0.2181 0 
0 0 0 0 1 
0 0 1 0 0 
0 0 0 0.694525 0.305476 
0.286096 0 0.368405 0.345499 0 
0 0 0.591948 0.408052 0 
0.18502 0.12446 0 0.339472 0.351048 
0.234761 0 0.051322 0.377259 0.336658 
0 0.379036 0.296153 0.173634 0.151178 
1 0 0 0 0 
0 0 0 0 1 
0 0 0.718183 0.281817 0 
0 0 1 0 0 
0 0 0 0.555736 0.444264 
0 0 0.306836 0.693164 0 
0 0.418908 0.255925 0.325167 0 
0 0.187407 0 0.524167 0.288426 
0.227455 0.772545 0 0 0 
0.590172 0.409828 0 0 0 
0.0783841 0.0715068 0.239959 0.212197 0.397954 
0 0 1 0 0 
1 0 0 0 0 
0 1 0 0 0 
0 0 0.517367 0.262431 0.220202 
0 0 1 0 0 
0 0 1 0 0 
0.333531 0.118808 0 0 0.547661 
0.798703 0 0 0.201297 0 
0 0.64893 0 0.35107 0 
0.243771 0.385576 0 0 0.370654 
0 0 0 0.64541 0.35459 
0 0.587589 0 0.412411 0 
0 1 0 0 0 
0 0.725837 0 0.274163 0 
0 0.532319 0.467681 0 0 
0.497406 0 0 0 0.502594 
0 0 0.392567 0.607433 0 
0 0 0 0 1 
0.328828 0 0 0 0.671172 
0 0 0 0.56227 0.43773 
0 0 0.243219 0.225042 0.531739 
0 0 0 0.735702 0.264298 
0 0 1 0 0 
0.330329 0.669671 0 0 0 
0 1 0 0 0 
0 1 0 0 0 
0 1 0 0 0 
0 0 1 0 0 
1 0 0 0 0 
0 0.380537 0.395096 0 0.224368 
0 0 0 0 1 
0 0.462162 0 0 0.537838 
0 0 0 0 1 
0.591856 0 0 0.408144 0 
0 1 0 0 0 
0 1 0 0 0 
0 0.120685 0.258884 0.236624 0.383807 
0 0 0 0.393055 0.606945 
0 0 0 0 1 
0 0 0 0 1 
0.637743 0.195332 0.166926 0 0 
0.31324 0.109471 0 0.577289 0 
0 0 0 0 1 
0 0 0 0 1 
0.311778 0.369127 0 0.319094 0 
0 0 0.355295 0 0.644705 
0 0.190377 0 0.480613 0.32901 
0 1 0 0 0 
0.316451 0 0 0.473061 0.210489 
0.459049 0 0.540951 0 0 
0.354269 0.11409 0 0 0.531641 
0 0.72299 0 0.27701 0 
0 0 1 0 0 
0 0.779502 0 0.220498 0 
0 0.412182 0.587818 0 0 
0 0 0 0.590618 0.409382 
