5 100
0.400853
0.336352
0.367618
0.686949
0.460044
11.4448 0.123779
10.7877 0.654959
9.51465 0.230104
8.93369 0.175096
8.8433 1.07407
8.64075 0.93673
8.1572 1.02188
7.9531 1.12092
7.93043 1.01828
7.8026 2.25461
7.75822 0.888729
7.72126 1.6866
7.67264 1.19665
7.66939 1.04099
7.58367 1.40569
7.57655 1.67865
7.39714 1.48788
7.08592 0.677847
7.07206 0.955938
6.80275 1.98699
6.50441 3.17479
6.3607 0.889238
5.93487 2.62082
5.88852 1.83405
5.88788 2.31559
5.79238 2.01094
5.72024 2.16802
5.34404 2.5622
4.86529 1.50763
4.81313 3.24204
4.70991 3.85762
4.61843 3.21814
4.27785 3.07304
4.24334 2.64126
4.09333 3.78746
4.08292 3.85045
3.71648 3.19466
3.4809 4.44446
3.30664 3.19287
3.15479 3.35608
2.58707 3.43586
2.52674 4.51121
2.51109 4.61746
2.48742 4.04586
2.41715 4.0042
2.40526 6.35733
2.37857 4.74523
2.34519 4.69935
2.32323 3.84588
2.25834 4.63311
2.16122 5.6262
2.10181 4.74565
2.0659 4.71469
2.04745 4.80883
1.95261 5.54049
1.9518 5.09287
1.93379 4.34068
1.70077 7.38667
1.63042 6.64299
1.58658 7.42353
1.54016 6.0076
1.53255 6.84177
1.45762 6.059
1.35106 5.82701
1.2646 4.8683
1.21809 5.34724
1.1126 5.56759
1.01805 6.08534
1.01021 7.77396
0.93497 8.53033
0.928783 6.78031
0.927136 6.56499
0.920515 5.95126
0.912453 6.07581
0.765226 6.3132
0.748026 7.63112
0.663207 9.08776
0.549983 8.95238
0.488846 8.61908
0.463475 8.34426
0.449851 9.03238
0.44704 8.38237
0.338073 9.95919
0.334805 7.60383
0.326593 10.0164
0.247298 9.43222
0.2394 7.02457
0.235943 7.19448
0.206651 9.94256
0.129773 8.10824
0.122404 10.0437
0.0725775 7.37591
0.0453264 8.82091
0.0296223 11.5054
0.0182523 10.7075
0.00919105 10.2033
0.00557054 11.2095
0.00326116 8.73308
0.0017722 11.8609
0.00126041 9.56285
0.17241 0 0 0.293815 0.533776 
0.428619 0 0.252866 0 0.318516 
0 0.198543 0.801457 0 0 
0.368668 0.181411 0 0.449921 0 
0 0 0 0 1 
0.162595 0 0.837405 0 0 
0 0.408968 0 0 0.591032 
0.577018 0 0 0.422982 0 
0.526241 0 0 0 0.473759 
0 0.112069 0.554104 0.333827 0 
0 0 0.661445 0.338555 0 
0 0.214437 0.417963 0.3676 0 
0.429104 0 0.570896 0 0 
0 0 0.416646 0.583354 0 
0 0.151625 0 0.848375 0 
0 0.360496 0 0.639504 0 
0.645108 0.354892 0 0 0 
0.584746 0 0 0 0.415254 
0.253751 0.30388 0 0 0.442369 
0.387408 0.219704 0 0.392888 0 
0.189591 0.555918 0.254491 0 0 
0 0 0 0.155748 0.844252 
0 1 0 0 0 
0 0.404106 0.151357 0.174642 0.269895 
0.21286 0 0.50377 0 0.28337 
0.159545 0 0.30832 0.435299 0.0968354 
0 0 1 0 0 
0 0.551366 0.448634 0 0 
0.520859 0.479141 0 0 0 
0.698327 0 0 0.301673 0 
0 0.304617 0.222363 0 0.473021 
0 0.16795 0 0.3756 0.45645 
0.184514 0 0.815486 0 0 
0.111962 0 0 0.300628 0.58741 
0 0 0.544464 0.455536 0 
0 0.430442 0 0.409741 0.159817 
0.417974 0 0.27451 0.214515 0.0930011 
0 0 0.160477 0.226945 0.612579 
0 0 0 1 0 
0.252463 0 0 0.644266 0.103271 
0 0 1 0 0 
0 0 0.340443 0 0.659557 
0.42109 0.218299 0 0 0.360611 
0 0.286011 0.363025 0.350965 0 
0 0 0.58922 0.41078 0 
0 0 1 0 0 
0 1 0 0 0 
0.38044 0 0 0 0.61956 
0.209514 0.186731 0 0.603755 0 
0.0890832 0.316595 0.223801 0 0.370521 
1 0 0 0 0 
0.199395 0 0.800605 0 0 
0.363301 0 0.403073 0.233626 0 
0.352277 0.417928 0.229796 0 0 
0 0.330026 0.267754 0.40222 0 
0 0 0 1 0 
0 0 0 0 1 
0 0 0 0.383548 0.616452 
0.440445 0.0511415 0.432037 0 0.0763763 
0 0 0.425222 0.475461 0.0993169 
0 0.530545 0.21416 0 0.255294 
0.137123 0.391301 0 0.471576 0 
0 0.338979 0.109607 0.278873 0.272541 
0.4379 0.171687 0 0 0.390413 
0 0 0 1 0 
0.604688 0.12875 0 0 0.266562 
0.354136 0.15699 0 0.337184 0.151689 
0 0 0.114406 0.513672 0.371922 
0 0 1 0 0 
0 0.296184 0.0830045 0.309617 0.311194 
0.315461 0 0 0.684539 0 
0.618339 0 0.381662 0 0 
0.166706 0.209677 0.202288 0.232004 0.189325 
0 0.262196 0.737804 0 0 
0.253113 0.208372 0.100718 0 0.437797 
0 0.337104 0 0.52271 0.140186 
0 0.368796 0 0.315407 0.315798 
0.343601 0 0 0.444919 0.21148 
0.306032 0.258105 0 0.435863 0 
0 0.322148 0.315813 0.313951 0.0480875 
0.574651 0 0.425349 0 0 
1 0 0 0 0 
0.332826 0 0 0 0.667174 
0 1 0 0 0 
0.312521 0.0812056 0.606273 0 0 
1 0 0 0 0 
0 0.510735 0 0.489265 0 
0 1 0 0 0 
0.102351 0.0838447 0.366822 0 0.446982 
0 0.153959 0 0.557355 0.288686 
0 0 1 0 0 
0 0.331563 0.286931 0 0.381506 
0.281103 0.209751 0.184944 0.324203 0 
0.218862 0 0.433505 0 0.347634 
0 0 0 1 0 
0.251715 0.122669 0.234681 0.390936 0 
0 0.269918 0.267965 0 0.462117 
0 0.510419 0.275916 0.213666 0 
0.43215 0.216152 0 0.135161 0.216537 
0 0 0.211091 0.788909 0 
