5 150
0.325365
0.360935
0.711516
0.466437
0.496284
11.4931 0.336425
10.8499 0.500168
10.7343 0.273069
9.96006 0.984172
9.70813 0.281595
9.60226 1.11342
9.55017 0.540932
9.48836 0.932568
9.35714 0.999222
9.27797 0.495659
9.21326 0.498234
9.11285 0.469231
9.01171 0.395113
8.88916 1.15644
8.58231 0.622105
8.4862 1.14553
8.33722 0.868781
8.26184 0.973099
7.99392 0.588334
7.81154 0.164901
7.81078 0.646933
7.58814 1.23473
7.41121 1.88057
7.39452 1.7205
7.29423 1.60088
7.24349 1.56381
6.76766 0.610239
6.71003 2.25615
6.63672 1.43631
6.54117 1.46002
6.44374 2.12419
6.41337 2.37146
6.14778 2.20005
6.08917 3.16108
5.92666 1.70403
5.64236 2.61628
5.41219 1.98483
5.133 3.93438
5.02979 2.08154
4.48544 3.06716
4.23737 2.61047
4.2171 2.57109
4.13747 2.87751
3.98425 4.32187
3.98141 2.92476
3.96045 2.33916
3.66667 3.06743
3.60233 2.98077
3.53295 3.39919
3.44714 4.07686
3.39855 4.94493
3.39812 5.06767
3.3902 3.81027
3.3491 3.66124
3.34209 3.19494
3.32261 3.34016
3.30531 3.02605
3.27363 5.10256
3.22077 3.68189
3.20808 3.94682
3.14645 3.94773
3.0334 4.62462
2.94743 6.32049
2.63612 5.51301
2.61027 5.13298
2.52862 5.72917
2.30106 3.91487
2.28522 6.2949
2.27462 3.67342
2.25422 5.12896
2.12733 5.49302
1.99989 4.84248
1.8911 4.31434
1.87631 4.60287
1.77094 4.77804
1.67872 4.92161
1.65358 6.74174
1.63709 5.25075
1.54791 5.32224
1.54164 5.04041
1.48706 7.07447
1.33739 5.28384
1.26598 5.86719
1.18404 6.81254
1.11301 6.7049
1.0586 5.77323
1.00267 8.29628
0.997636 7.04681
0.987807 8.72416
0.982413 6.24657
0.97706 8.38675
0.899163 6.61705
0.731288 6.25647
0.714811 6.61039
0.713876 6.81192
0.5891 8.52415
0.566669 5.87321
0.546475 6.61757
0.528217 8.53953
0.518513 8.82229
0.511954 8.45961
0.477372 9.22139
0.465197 6.99284
0.431938 8.74583
0.420184 7.6822
0.401564 8.63753
0.391837 7.57226
0.379104 8.66147
0.371522 7.50198
0.360737 9.75316
0.358497 7.22521
0.358433 6.31031
0.344873 9.48045
0.336439 9.22477
0.235188 6.47703
0.220657 8.37657
0.218804 8.83258
0.191027 10.2615
0.180586 10.2676
0.17946 8.36327
0.178755 6.51615
0.162761 10.1631
0.150643 7.74737
0.14884 10.825
0.142741 11.1196
0.139649 9.55935
0.135232 9.37436
0.130192 9.92108
0.0659914 10.6418
0.0654533 9.61206
0.060691 7.59477
0.0602843 8.84188
0.0533243 8.88334
0.0487292 10.0315
0.0482388 8.90485
0.0441747 9.34453
0.0242321 10.8923
0.0165597 10.2171
0.0138102 8.22624
0.0132452 10.6898
0.01199 9.25167
0.0100846 7.59462
0.00912248 10.3633
0.0081232 9.81534
0.00570748 11.3012
0.00536308 9.94139
0.00525288 11.1122
0.00392755 12.0802
0.00255042 12.2575
0.00139032 9.13113
0 0 0 0.56934 0.43066 
0 0 0 0.558143 0.441857 
1 0 0 0 0 
0 0 0 1 0 
0.744211 0 0.255789 0 0 
0 0 0 1 0 
0 0.702657 0.297343 0 0 
0 0 0.399201 0 0.600799 
0 0 0.407181 0.592819 0 
0 0 0 1 0 
0.384531 0 0.385048 0 0.230421 
0 0.497983 0.138231 0.363786 0 
0 1 0 0 0 
0 0 0 0 1 
0.500727 0 0 0 0.499273 
0.770763 0.229237 0 0 0 
0.665956 0.334044 0 0 0 
0 0 0.414905 0 0.585095 
0 1 0 0 0 
0.284701 0 0 0.32979 0.38551 
0 1 0 0 0 
1 0 0 0 0 
0 0 0.465763 0 0.534236 
1 0 0 0 0 
0 0 0.793231 0.206769 0 
0 0.676712 0 0.323288 0 
0 0 0 0 1 
0 0 0 0 1 
0 0 0 1 0 
0 0 0 0.761425 0.238575 
1 0 0 0 0 
0 0 1 0 0 
0 0 0 1 0 
0 0.290249 0.709751 0 0 
0 0.351733 0.222373 0.425894 0 
0.258474 0.572067 0 0.169459 0 
0 0.399934 0 0.600066 0 
0.369158 0 0.445636 0 0.185206 
0 0.561949 0.116892 0.321158 0 
0.762994 0 0 0.237006 0 
0 0 0 0.648306 0.351694 
0 0 0.66832 0 0.33168 
0.769598 0.230402 0 0 0 
0 0.753941 0.246059 0 0 
0.444953 0 0 0.555047 0 
0 0.0946831 0.482337 0 0.42298 
0 0.13645 0 0 0.86355 
0 0.0885133 0.258214 0.345478 0.307795 
0 0.470352 0.22246 0 0.307187 
0.898974 0 0.101026 0 0 
0 0 0.586841 0 0.413159 
0.100345 0.206232 0 0.693423 0 
0.303988 0 0.298054 0.152828 0.24513 
0.514116 0 0.485884 0 0 
0.795463 0 0 0 0.204537 
0 1 0 0 0 
0.088919 0 0 0.597858 0.313223 
0 0 1 0 0 
0 0.466175 0.351351 0 0.182474 
0 0.233561 0.361406 0 0.405033 
0.454769 0 0 0.545231 0 
0 0 1 0 0 
0.115412 0.37805 0 0.506539 0 
0 0.317953 0.682047 0 0 
0 0 0 1 0 
0.558762 0 0.441238 0 0 
0 0.743512 0.256488 0 0 
0.484869 0.117849 0 0.397282 0 
0.379786 0 0 0.620214 0 
0 0 1 0 0 
1 0 0 0 0 
1 0 0 0 0 
0 0 0 1 0 
0.403699 0.307046 0 0.289255 0 
0 1 0 0 0 
0.476332 0 0 0 0.523668 
0 0.402342 0 0 0.597658 
0 0.471153 0 0.528847 0 
0.549374 0 0 0 0.450626 
0 0 0.326961 0.673039 0 
0.236834 0 0.44578 0 0.317386 
0 0 0 1 0 
0.49871 0.347589 0.153701 0 0 
0.402023 0 0.597977 0 0 
0 0.3042 0 0.6958 0 
0 0.441418 0.558582 0 0 
0 0.588689 0 0.3012 0.110111 
0.131433 0.144186 0.336719 0.325892 0.0617695 
0.515372 0 0.269549 0.215079 0 
0 0 0.382842 0 0.617158 
0 0 1 0 0 
0 0.519764 0.480236 0 0 
0 1 0 0 0 
0 0.401843 0.51218 0 0.0859772 
0 0.288972 0.586871 0 0.124157 
0 0 1 0 0 
0 0 0 0 1 
0.383206 0 0.616793 0 0 
0 0.475298 0.524702 0 0 
0.514561 0 0 0.485439 0 
0 0.120267 0.245947 0.633785 0 
0 0.188806 0 0 0.811194 
0.676823 0 0.323177 0 0 
0.447359 0 0 0.552641 0 
0.159756 0.21884 0 0.621404 0 
0 0 1 0 0 
0.802961 0 0.197039 0 0 
0 1 0 0 0 
0.201306 0.105137 0.693557 0 0 
0 0 0 1 0 
0 0 0 0 1 
0 0 1 0 0 
0 0.502335 0 0 0.497665 
0 0.846343 0 0 0.153657 
0.414867 0 0 0.361341 0.223791 
0 1 0 0 0 
1 0 0 0 0 
0 0 0 1 0 
0.460114 0 0 0 0.539886 
0 0 0 1 0 
0 0.252913 0 0.251634 0.495453 
0 0 0 0.684203 0.315797 
0 0 0 0 1 
0 0 1 0 0 
0 0 1 0 0 
0.721983 0 0 0 0.278017 
0 0 0.39307 0.60693 0 
0 0 0 0 1 
0 0.335739 0 0.108657 0.555604 
0 1 0 0 0 
0 0 0 1 0 
0 0.444209 0.555791 0 0 
0.414738 0 0.18826 0 0.397002 
0 0 0 1 0 
0.245685 0.330447 0 0.278373 0.145494 
0 0 0 1 0 
0 0.361671 0 0.295744 0.342586 
0 0 0.58883 0 0.41117 
0.45851 0.28574 0 0.25575 0 
0.400198 0.135081 0 0 0.464721 
0.163651 0 0 0.836349 0 
0 0 0.335323 0.333717 0.33096 
0.114412 0 0.539497 0.169765 0.176325 
0 0.153283 0.846717 0 0 
0 0 0.236435 0.412813 0.350752 
0.260201 0.338337 0 0.232308 0.169155 
0.737219 0 0 0.262781 0 
1 0 0 0 0 
0.415309 0.408765 0 0 0.175927 
0 0.740768 0 0 0.259232 
