5 200
0.285493
0.507439
0.702498
0.668241
0.467689
11.777 0.13392
10.2773 0.400237
9.66424 0.787438
9.41755 0.926192
9.1982 0.256047
9.06048 1.38772
8.98446 1.43413
8.63666 1.07192
8.23892 1.32805
8.23055 0.10289
8.13816 1.54937
8.06202 0.795933
8.0342 1.0218
8.01225 1.23745
7.81546 0.177924
7.5586 2.61311
7.49035 1.76099
7.35011 1.72219
7.32164 0.997052
7.28832 0.247692
7.01291 1.07872
6.88081 1.28671
6.81212 0.898776
6.74236 1.58807
6.68952 2.06571
6.65612 2.62775
6.58847 1.19289
6.36712 0.967002
6.36608 1.05889
6.31759 3.30906
6.27704 0.829738
6.24989 1.66288
6.24784 2.63085
6.22197 1.17785
6.21085 1.79067
6.15882 0.976886
6.14643 1.87668
6.09738 1.96195
6.05873 1.7868
6.03027 1.4164
5.94828 3.19269
5.87606 3.05774
5.76364 2.28569
5.75553 1.04291
5.58493 1.90102
5.56639 2.0744
5.44112 2.87646
5.39817 3.34094
5.37088 1.49514
5.33275 1.82293
5.31749 2.24838
5.27653 2.33955
5.14984 2.75134
5.14881 3.18398
5.08622 2.59253
5.05521 1.84069
5.00661 3.68385
4.98581 3.55862
4.90728 2.72922
4.8467 2.96518
4.75477 2.54108
4.74408 2.86646
4.7354 3.46305
4.51603 2.51898
4.49373 2.5267
4.46871 2.99095
4.37449 2.18885
4.342 3.32923
4.26358 3.15245
4.11426 3.4204
4.08435 3.58334
4.00647 3.91942
3.90494 3.61877
3.90223 2.50443
3.89092 3.56836
3.82581 3.98364
3.79787 2.7442
3.7971 3.42912
3.77962 3.26921
3.77032 3.97804
3.76508 3.8531
3.755 3.21875
3.74352 4.86737
3.66212 3.44919
3.632 3.2021
3.54658 3.87894
3.43163 4.71556
3.42744 4.15246
3.41264 4.03089
3.34269 5.18421
3.27287 3.10617
3.2095 4.62067
3.17608 4.75309
3.11262 4.79208
3.08859 3.98329
3.0597 4.61171
3.03108 5.58113
3.02422 3.4332
2.9453 3.40685
2.94385 3.91655
2.92957 4.68118
2.88477 3.89994
2.82993 5.83102
2.82097 4.2204
2.6423 4.02993
2.62358 4.44841
2.53172 5.97659
2.35543 5.84784
2.35399 4.54743
2.30857 4.487
2.25298 5.01918
2.17759 5.97763
2.09712 5.3005
2.064 6.8659
1.98565 5.89144
1.91589 5.38403
1.86786 6.0131
1.85591 4.25514
1.83424 6.63261
1.77492 6.85077
1.76368 6.31245
1.75561 5.70442
1.6798 5.87938
1.62492 6.08589
1.62264 5.54524
1.62196 5.27585
1.61776 4.32272
1.58988 5.51813
1.57573 5.21384
1.48898 6.17605
1.44372 5.82307
1.42496 5.61555
1.35061 6.62142
1.33001 7.596
1.3244 6.97424
1.31446 5.42582
1.30765 7.71328
1.24995 6.83761
1.15669 5.46173
1.12678 5.74897
1.08843 4.7947
1.04959 7.68849
1.00576 8.50635
1.0022 6.69381
0.979197 6.39001
0.97199 6.73242
0.969703 7.24109
0.934218 8.92972
0.874336 7.13145
0.833004 5.49878
0.80035 5.31571
0.794532 8.61659
0.791719 6.12289
0.756736 7.63533
0.721276 7.4128
0.704536 9.05853
0.687621 8.73715
0.624271 6.48609
0.575483 9.16558
0.510148 8.79948
0.508399 6.99358
0.499403 7.61544
0.476362 7.46437
0.418356 8.56464
0.4021 6.61703
0.365435 9.06225
0.360071 7.4892
0.34154 9.84825
0.329945 8.36143
0.326681 9.41314
0.287632 6.53782
0.287216 8.08781
0.271183 6.34962
0.25387 9.68713
0.228966 8.71186
0.19879 7.88198
0.181367 6.83903
0.174897 9.25775
0.171146 7.98045
0.154426 8.68976
0.145465 9.49303
0.141437 6.72323
0.124259 8.58826
0.105605 7.51729
0.0762074 9.54782
0.0759394 7.71195
0.0678531 7.10794
0.0672607 8.59941
0.0251722 9.51558
0.0229477 8.18021
0.022581 11.3397
0.0222235 10.0201
0.0174913 9.87318
0.0134777 11.3987
0.00992847 8.05311
0.00831837 7.71006
0.00763336 12.1088
0.0075067 7.47778
0.00356138 10.2441
0.00200687 8.32475
1 0 0 0 0 
0 0 0 0 1 
0 0 0 1 0 
0 0 0 1 0 
1 0 0 0 0 
0 0 0 0 1 
1 0 0 0 0 
1 0 0 0 0 
1 0 0 0 0 
1 0 0 0 0 
0 0 0 1 0 
0 0 0 0 1 
0 0 1 0 0 
1 0 0 0 0 
1 0 0 0 0 
0 0 0 1 0 
0 0 0 1 0 
1 0 0 0 0 
0 0 1 0 0 
0 0 1 0 0 
0 0 1 0 0 
0 0 0 1 0 
0 0 0 0 1 
0 0 0 0 1 
0 0 1 0 0 
0 1 0 0 0 
1 0 0 0 0 
0 1 0 0 0 
0 0 0 1 0 
0 0 1 0 0 
0 0 1 0 0 
0 1 0 0 0 
0 1 0 0 0 
1 0 0 0 0 
0 1 0 0 0 
0 0 0 1 0 
0 0 1 0 0 
1 0 0 0 0 
0 0 0 0 1 
1 0 0 0 0 
0 0 0 1 0 
1 0 0 0 0 
0 0 0 1 0 
1 0 0 0 0 
0 1 0 0 0 
0 0 0 0 1 
0 0 0 0 1 
0 0 0 0 1 
0 1 0 0 0 
1 0 0 0 0 
0 0 0 0 1 
0 0 0 0 1 
0 0 1 0 0 
0 0 0 0 1 
0 0 0 1 0 
0 0 1 0 0 
0 0 0 0 1 
0 0 0 1 0 
0 0 1 0 0 
0 0 0 1 0 
0 1 0 0 0 
0 1 0 0 0 
0 1 0 0 0 
0 0 1 0 0 
0 0 0 1 0 
1 0 0 0 0 
0 0 0 1 0 
1 0 0 0 0 
1 0 0 0 0 
0 1 0 0 0 
0 0 1 0 0 
0 1 0 0 0 
0 1 0 0 0 
0 0 0 1 0 
0 0 1 0 0 
0 0 1 0 0 
0 0 0 1 0 
0 1 0 0 0 
0 1 0 0 0 
0 1 0 0 0 
0 0 0 1 0 
0 0 1 0 0 
0 0 1 0 0 
0 0 1 0 0 
0 0 0 0 1 
0 0 0 0 1 
0 0 0 1 0 
0 0 1 0 0 
0 0 0 0 1 
0 1 0 0 0 
0 1 0 0 0 
0 0 0 1 0 
0 1 0 0 0 
0 0 1 0 0 
0 0 1 0 0 
0 1 0 0 0 
0 1 0 0 0 
0 1 0 0 0 
0 0 0 1 0 
0 1 0 0 0 
1 0 0 0 0 
1 0 0 0 0 
0 0 0 1 0 
0 0 1 0 0 
0 0 0 1 0 
0 1 0 0 0 
0 1 0 0 0 
0 0 0 0 1 
1 0 0 0 0 
0 0 0 0 1 
0 1 0 0 0 
0 0 0 0 1 
0 0 0 1 0 
0 1 0 0 0 
0 0 0 1 0 
0 0 0 0 1 
1 0 0 0 0 
0 0 1 0 0 
0 0 0 1 0 
0 0 0 0 1 
0 0 0 0 1 
1 0 0 0 0 
1 0 0 0 0 
0 0 0 1 0 
1 0 0 0 0 
0 1 0 0 0 
0 0 1 0 0 
0 0 0 1 0 
0 1 0 0 0 
0 1 0 0 0 
0 0 0 1 0 
0 1 0 0 0 
0 0 1 0 0 
0 0 0 1 0 
0 0 0 1 0 
0 1 0 0 0 
1 0 0 0 0 
0 1 0 0 0 
0 1 0 0 0 
0 0 0 0 1 
0 0 0 1 0 
0 1 0 0 0 
1 0 0 0 0 
0 0 1 0 0 
0 0 0 0 1 
0 0 0 0 1 
0 0 0 1 0 
1 0 0 0 0 
0 1 0 0 0 
0 1 0 0 0 
0 1 0 0 0 
0 0 0 1 0 
0 1 0 0 0 
0 0 0 1 0 
1 0 0 0 0 
0 0 0 1 0 
1 0 0 0 0 
1 0 0 0 0 
0 0 0 1 0 
1 0 0 0 0 
0 0 1 0 0 
0 0 1 0 0 
0 1 0 0 0 
0 0 1 0 0 
0 0 0 1 0 
0 0 0 1 0 
0 0 1 0 0 
0 0 0 1 0 
0 0 1 0 0 
0 0 0 1 0 
0 0 0 1 0 
0 0 1 0 0 
0 0 0 1 0 
0 1 0 0 0 
0 0 0 1 0 
0 0 0 0 1 
0 1 0 0 0 
0 0 1 0 0 
0 0 0 0 1 
1 0 0 0 0 
1 0 0 0 0 
1 0 0 0 0 
0 0 0 0 1 
0 0 0 0 1 
0 1 0 0 0 
1 0 0 0 0 
0 0 0 0 1 
0 0 0 1 0 
1 0 0 0 0 
1 0 0 0 0 
0 1 0 0 0 
0 1 0 0 0 
1 0 0 0 0 
1 0 0 0 0 
0 0 0 0 1 
1 0 0 0 0 
0 1 0 0 0 
0 0 0 0 1 
0 1 0 0 0 
0 1 0 0 0 
