5 50
0.307527
0.352771
0.72441
0.302095
0.597453
10.0592 0.372257
9.81874 1.02348
8.57068 1.63686
8.43175 1.12455
8.08647 0.495705
6.78905 1.20082
6.642 3.27963
6.42789 1.10235
5.55434 2.07146
5.41656 2.43643
5.40144 2.49567
5.32803 3.02757
5.29478 3.09133
5.11941 2.11548
5.05006 2.32687
4.88511 1.98874
4.27249 2.92976
4.18787 3.72223
4.10972 4.30513
3.89439 3.75893
3.40691 3.42003
2.79248 3.46581
2.79047 5.24988
2.77006 4.00152
2.60235 4.71416
2.19329 6.40161
2.09179 5.8624
2.07372 6.31588
1.91312 7.05229
1.55739 4.31126
1.50364 6.58823
1.26901 5.96542
1.02684 8.13708
0.982759 6.99443
0.894867 8.37587
0.88341 8.03522
0.864979 8.70666
0.855193 5.5418
0.788885 6.70519
0.731259 7.94755
0.632206 6.97401
0.551109 8.32441
0.29547 8.60816
0.209279 7.83412
0.0888607 7.98409
0.0722843 7.72042
0.0440653 11.1561
0.0349527 11.3
0.00937851 11.8133
0.0066821 11.1868
0 0.742 0.258 0 0 
0 0 0.633696 0.366304 0 
0.15136 0.136666 0.711974 0 0 
0.151726 0.0945827 0.338479 0.334923 0.0802895 
0 0.206465 0.160107 0.353826 0.279603 
0 0 0.52233 0 0.47767 
0.188202 0 0 0.171898 0.639901 
0.253739 0 0.35336 0 0.392901 
0.26896 0 0 0.73104 0 
0 0.247621 0 0.230867 0.521512 
0.549755 0.118568 0 0.0836914 0.247986 
0.890199 0 0.109801 0 0 
0 0.642747 0.357253 0 0 
0.366585 0.157827 0.192021 0.116249 0.167318 
0.230748 0.205329 0 0.341067 0.222857 
1 0 0 0 0 
0.265343 0.221273 0.279756 0.233627 0 
0.194893 0 0.212779 0.592328 0 
0 0 0.227196 0.55295 0.219855 
0 0.163415 0.44371 0 0.392875 
0.178152 0.298825 0 0.0969061 0.426118 
0.519569 0 0 0.292922 0.187509 
0 0.441445 0.226985 0 0.331569 
0.457479 0.308659 0 0 0.233863 
0.642695 0 0.357305 0 0 
0.0279046 0.271752 0.251895 0.198429 0.250019 
0 0.592058 0 0.407942 0 
0 0.409472 0.590528 0 0 
0.257445 0.228802 0.19819 0 0.315563 
0.11819 0 0.0857028 0.355331 0.440776 
0 0.523829 0 0.476171 0 
0 0.597248 0 0.402752 0 
0 0.41932 0.58068 0 0 
0.276355 0 0.137524 0.12892 0.457201 
0.323669 0.0901454 0.153686 0.0908977 0.341602 
0 0.338277 0.661723 0 0 
0.185019 0 0.26504 0 0.549941 
0 0.553322 0 0 0.446678 
0.43577 0.134685 0.1051 0 0.324444 
0 0.467921 0 0.532079 0 
0.346452 0.141075 0 0.209089 0.303384 
0.271368 0.336487 0 0.277702 0.114443 
0 0 0.107201 0.590611 0.302188 
0 0 0.400644 0.599356 0 
0 0 1 0 0 
0.378653 0 0 0.199543 0.421804 
0.341762 0 0 0.49005 0.168188 
0 0.501747 0.163217 0.335036 0 
0.418846 0.170434 0.29457 0 0.116151 
0 0.356106 0.347067 0.296827 0 
