5 100
0.604137
0.42597
0.577036
0.393971
0.523095
11.1709 0.242292
9.27945 0.537801
8.57501 0.775885
8.02779 0.381588
7.63082 0.372738
7.57466 1.04347
7.55783 0.916302
7.5529 1.99798
7.54451 1.58377
7.5286 2.03548
7.45991 1.10446
7.41967 0.742504
7.34028 1.30756
7.08425 0.277682
6.93752 1.63302
6.93146 1.30161
6.90901 1.57465
6.86443 1.04399
6.72599 2.48486
6.54124 1.67781
6.15984 2.20474
6.07324 2.82386
5.74786 2.18993
5.68386 1.53504
5.46277 2.71968
5.43501 2.2986
5.23736 2.20619
5.20614 1.99266
5.17111 2.52385
5.12181 3.87623
4.92551 1.85257
4.82839 2.43364
4.73618 2.57603
4.64865 3.45659
4.557 3.31211
4.5398 3.80168
4.3688 2.4238
4.22148 3.24423
4.10526 3.56475
3.72022 4.42081
3.62984 5.05316
3.42054 4.03508
3.25154 3.05669
3.13983 4.87348
2.96625 3.95194
2.80901 4.71709
2.7697 5.58004
2.75898 5.64866
2.34425 6.68328
2.33289 5.45796
2.31224 4.70016
2.28111 5.49067
2.2656 5.01516
2.26232 4.54533
2.19143 6.32382
2.18278 6.85286
2.0555 4.37455
2.01496 4.6133
1.99844 4.71065
1.97896 6.37955
1.87253 5.0513
1.80233 5.90173
1.73562 6.79327
1.69219 4.98569
1.58029 6.354
1.47364 4.56208
1.47023 7.25195
1.46675 5.24375
1.43445 6.83732
1.42988 7.58314
1.41671 4.82999
1.34567 5.46846
1.08695 7.64547
0.993836 7.60457
0.835475 5.5181
0.825723 8.36469
0.764697 5.87131
0.697605 6.1621
0.53826 9.46429
0.366955 10.2248
0.349326 8.79074
0.339334 7.20391
0.335593 8.60064
0.332531 8.68693
0.324069 10.2872
0.318633 8.08469
0.315315 8.18023
0.303279 10.1866
0.300879 8.71912
0.274585 7.64755
0.252292 6.71565
0.234239 7.83726
0.211975 8.43475
0.18316 7.26336
0.116156 7.29968
0.0719393 7.71635
0.0530855 7.54059
0.0409529 8.4713
0.0157235 10.6001
0.0103963 10.8151
0.799844 0 0.200156 0 0 
0.323256 0.264226 0.157687 0.05343 0.201401 
0.0865617 0 0.372327 0 0.541111 
0 0 0 0.753522 0.246478 
0.326375 0 0.299336 0.129174 0.245116 
0 0 0 1 0 
0.209752 0 0.157447 0 0.632801 
0.445292 0 0 0.554708 0 
0.379777 0 0 0.620223 0 
0.365358 0.361325 0 0 0.273317 
0.198662 0.262486 0.261946 0.176738 0.100169 
0.143738 0.44075 0 0.171866 0.243647 
1 0 0 0 0 
0.317914 0 0 0.417414 0.264671 
0 0 0.251462 0 0.748538 
0.10289 0.452668 0.444442 0 0 
0 0.384977 0.415887 0 0.199137 
0.172428 0.26207 0 0.286117 0.279385 
0.355738 0 0.41301 0 0.231252 
0.363293 0.28362 0.102055 0.251031 0 
0.196268 0 0.311308 0.186296 0.306127 
0 0 0.404384 0 0.595616 
0.385744 0 0 0.353615 0.260642 
0.12818 0.465893 0.217177 0.18875 0 
0 0.756727 0.243273 0 0 
0.383027 0.37569 0 0.241284 0 
0.2897 0.7103 0 0 0 
0.192604 0 0 0.499433 0.307963 
0 0.687355 0.312645 0 0 
0 0.194995 0.347395 0.45761 0 
0.304781 0 0.421665 0.273554 0 
0.574831 0 0.425169 0 0 
0 0.453157 0 0.277961 0.268882 
0.337769 0 0.300373 0 0.361858 
0 0.102933 0.615007 0 0.28206 
0 0.645846 0 0.354154 0 
0 0.701524 0.298476 0 0 
0.479224 0.520776 0 0 0 
0.377824 0.511202 0 0.110974 0 
0.577733 0 0.422267 0 0 
0.203215 0 0.796785 0 0 
0.114439 0.231695 0.176308 0.199479 0.278078 
0.0845294 0.478917 0.436554 0 0 
0.405152 0.300207 0.0607593 0.233881 0 
0 0.432418 0.116779 0 0.450804 
0.370162 0 0.629838 0 0 
0 0.0563548 0.357766 0.302746 0.283133 
0 0 0.383734 0.347879 0.268387 
0.242549 0.11621 0 0 0.64124 
0.379732 0 0.397333 0 0.222935 
0.101845 0.319987 0.1175 0.0738783 0.38679 
0 0.113209 0.171125 0 0.715666 
0.369575 0 0.503715 0 0.12671 
0 0 0.179241 0.46073 0.360029 
0.711029 0.288971 0 0 0 
0.418772 0 0.334864 0.246363 0 
0.190909 0 0.455261 0 0.35383 
0.281686 0.220817 0.0808548 0.165932 0.25071 
0 0.209123 0.134897 0.177387 0.478593 
0 0 1 0 0 
0.161267 0 0.341155 0.392732 0.104846 
0 0.237888 0 0.370692 0.39142 
0.504705 0 0.249942 0 0.245353 
0.144145 0.109359 0.56414 0.182356 0 
0.182512 0.168916 0.268706 0.112344 0.267522 
0 0.288349 0.148552 0.431718 0.131381 
0.577102 0.283969 0.138929 0 0 
0 0.60736 0 0 0.39264 
0.250668 0.190665 0.432649 0 0.126018 
0 0.720442 0.279558 0 0 
0.189842 0 0.295084 0.32825 0.186824 
0.265237 0.203201 0.172388 0.28462 0.074553 
0.359262 0.640738 0 0 0 
0 0.295412 0.238585 0.146192 0.31981 
0 0.406245 0 0 0.593755 
0.289946 0.38767 0 0.322384 0 
0.110125 0.169357 0.720518 0 0 
0.23935 0.369752 0.326498 0.0643998 0 
0.094706 0 0.139653 0.381386 0.384255 
0 0.419529 0.346518 0.233952 0 
0.698091 0.301909 0 0 0 
0 0.191883 0.221834 0.347323 0.23896 
0 0 0 0 1 
0.262911 0 0.580712 0.156376 0 
0 0.107852 0.279435 0.399908 0.212805 
0.57723 0 0 0 0.42277 
0.345455 0 0.423675 0 0.230869 
0.224219 0.352799 0.422982 0 0 
0.332639 0.27116 0.21663 0 0.179571 
0 0 0.445523 0.554477 0 
0 0 1 0 0 
0.146942 0 0.412125 0.299301 0.141632 
0.467709 0.0709586 0 0.461332 0 
0.378918 0.268833 0 0.352249 0 
0 0.615686 0.291182 0 0.0931319 
0 0.463004 0.147199 0 0.389797 
0.241595 0 0.409343 0.349062 0 
0 0.154391 0.433461 0.412148 0 
0.338548 0 0 0.123748 0.537705 
0 0 0 0.873338 0.126662 
