5 50
0.500496
0.301744
0.733352
0.389317
0.448706
10.049 0.561602
9.41964 0.222277
8.78064 0.381964
8.75012 1.05603
7.87343 1.58235
7.78294 1.12395
7.70245 0.601973
7.27822 1.46607
6.55513 1.97537
6.53713 1.65323
5.97557 1.67838
5.62584 2.45182
5.59543 1.81635
5.40472 2.83095
5.27862 1.92025
5.08708 3.40572
5.00556 2.22819
4.58096 2.86565
4.29634 2.54371
3.91207 3.33399
3.68383 4.34607
3.52594 4.33936
3.29222 4.66102
3.13736 3.79801
2.65373 4.46606
2.54038 6.11045
2.48661 5.21982
2.44047 4.13819
2.38724 6.36858
2.27854 4.18109
1.88122 4.35499
1.79071 3.93927
1.65697 7.71745
1.50927 5.16379
1.44083 6.0887
1.00761 6.31395
0.936363 5.5259
0.570175 6.81809
0.522341 9.5734
0.487257 8.42573
0.378769 9.78699
0.217729 10.6038
0.162843 9.07946
0.137927 9.81471
0.124378 6.78667
0.0986912 11.2071
0.0423627 10.7684
0.0330777 9.3116
0.0116759 11.741
0.00870279 8.10741
0.433433 0.402129 0 0.164437 0 
0.123309 0.468919 0 0 0.407772 
1 0 0 0 0 
0 0.431322 0.568678 0 0 
0 0 0 0 1 
0.663593 0 0.336407 0 0 
0.60138 0.154336 0 0.244284 0 
0 0.851344 0 0.148656 0 
0 0 0.602606 0 0.397394 
0.195509 0 0.623272 0 0.181218 
0 0 0.368073 0.260324 0.371603 
0 0 0 0.287448 0.712552 
0 0 0 0.168085 0.831915 
0.200457 0 0.353992 0.445551 0 
0 0.511211 0.488789 0 0 
0.844577 0 0.155423 0 0 
0.223234 0.210467 0.466324 0 0.0999741 
0 0.338476 0.661524 0 0 
0.26576 0.14867 0.160501 0.279695 0.145374 
0 0.104023 0.271078 0.263468 0.361431 
0.141911 0 0 0.3447 0.513389 
0 0 0 0 1 
0.34292 0 0.454027 0 0.203053 
0.541079 0.0711917 0.387729 0 0 
0 0 0 0.755528 0.244472 
0 0 0 0.306736 0.693264 
0 0.308107 0.138302 0.289652 0.263939 
0 0 0.508413 0.491587 0 
0.0824007 0.255786 0 0.402887 0.258927 
0 0.607702 0 0 0.392298 
0 0 0 0.35348 0.64652 
0.12877 0 0 0 0.87123 
0.247885 0 0 0.514033 0.238082 
0 0 0.524425 0 0.475575 
0 0 0 0.193127 0.806873 
0.138483 0 0.359856 0 0.50166 
0 0 0 0 1 
0 0 0 0 1 
0 0.0902414 0 0.437377 0.472382 
0 0 0.478122 0.25143 0.270448 
0 0 0.633169 0 0.366831 
0.563498 0.436502 0 0 0 
0 0.261296 0 0 0.738704 
0 0.43288 0 0.56712 0 
0 0.530451 0 0 0.469549 
0.759409 0 0.154734 0.085857 0 
0 0.219325 0 0.292504 0.488171 
0.188043 0.439779 0.212364 0 0.159815 
0 0.325421 0.284679 0.26048 0.129419 
0 0 0.495406 0.504594 0 
