5 100
0.720962
0.303087
0.723144
0.492759
0.257416
11.1964 0.599527
10.3293 0.885113
9.17213 0.828071
8.6231 1.37556
8.6086 0.283762
8.50126 0.923033
8.49856 0.696421
8.41558 0.334503
8.01275 0.995678
7.69719 1.63974
7.62621 0.26147
7.29775 2.3345
7.27278 1.5781
7.03228 1.93882
7.01385 0.846652
6.96734 2.77213
6.67567 0.88243
5.66745 2.93832
5.23693 2.59244
4.88738 3.53485
4.60003 4.26013
4.5505 4.21669
4.41221 3.4283
4.20112 3.73036
4.18548 4.42324
4.16089 4.08202
3.651 3.39561
3.36933 5.53858
3.31793 3.8808
3.11996 4.27617
3.09063 4.53366
2.96589 5.28108
2.91626 4.55133
2.89383 3.68462
2.86035 5.52201
2.85938 5.17478
2.8224 3.79008
2.80772 3.84401
2.79695 6.12518
2.70642 4.37436
2.51186 4.82958
2.30338 5.60229
2.28454 5.61912
1.9764 4.62327
1.97336 3.82748
1.70038 5.53844
1.6962 7.15832
1.65711 4.71841
1.60182 7.29326
1.55807 5.88775
1.40717 6.20415
1.25317 4.82634
1.24523 6.1407
1.18424 6.30155
1.18306 5.81629
0.950814 8.44635
0.949049 6.14399
0.932222 7.8003
0.868935 6.64651
0.852929 6.26439
0.845911 8.95854
0.844901 5.42632
0.817204 8.26933
0.794986 8.00088
0.783194 6.06392
0.739335 5.79355
0.639252 8.40955
0.624883 7.65221
0.621717 8.00734
0.589656 5.97025
0.558388 8.72535
0.548571 6.13102
0.533081 8.7073
0.520456 7.17372
0.465259 7.40932
0.433978 10.0122
0.412122 7.1321
0.395752 7.43537
0.362394 6.10506
0.349439 6.4649
0.320487 9.91299
0.313679 7.45676
0.308492 9.31079
0.299342 7.00232
0.275217 8.78196
0.259707 6.43043
0.249112 6.8323
0.244832 7.19028
0.22942 9.29127
0.192345 7.49615
0.129586 9.32436
0.126324 7.41678
0.100072 10.0875
0.0695504 8.08859
0.0341994 7.24542
0.0338292 8.7981
0.0280143 8.95824
0.0215938 10.8723
0.0130757 7.30251
0.00384214 9.16924
0 0 0.434658 0.196736 0.368605 
0.153754 0.846246 0 0 0 
0.348326 0.451806 0 0.199868 0 
0 0.159159 0.296779 0.297532 0.24653 
0.145468 0 0 0.567434 0.287098 
0.314003 0.410748 0.275249 0 0 
0 0 0.293043 0.132132 0.574825 
0.396149 0 0 0.307042 0.296808 
0.341638 0.291038 0 0.116058 0.251267 
0 0.40216 0 0.59784 0 
0.474043 0 0.183829 0 0.342128 
0.348459 0.191742 0 0 0.459799 
0 0.322331 0.369716 0.307953 0 
0 0.492027 0.160396 0.347577 0 
0 0.481064 0 0.518937 0 
0 0 0.196728 0.562595 0.240677 
0.301178 0 0.406981 0.291841 0 
0 0 0.269045 0 0.730955 
0.284605 0.076544 0.060372 0.431615 0.146864 
0.490429 0.26872 0 0.240851 0 
0.311126 0.190315 0 0 0.498559 
0 0 0.482254 0 0.517746 
0.172431 0.175487 0 0 0.652083 
0 0 0.210115 0 0.789885 
0.267486 0 0.136314 0.127213 0.468987 
0 0 1 0 0 
0.154321 0.302949 0.284079 0 0.258651 
0 0.32244 0 0 0.67756 
0 0 0 0 1 
0.241497 0.138562 0.424772 0.0961515 0.0990182 
0.110357 0.0774338 0 0.229624 0.582585 
0 0 0.411863 0.37586 0.212277 
0 0.370584 0 0.191413 0.438003 
0.676491 0.202732 0.120776 0 0 
0 0.408475 0.140301 0.23684 0.214384 
0.351521 0 0.32386 0.213819 0.110799 
1 0 0 0 0 
0.50832 0 0.204255 0.287425 0 
0.196001 0.232547 0.270543 0.30091 0 
0 0 0 0.297428 0.702572 
0.337692 0.129737 0 0.446178 0.0863928 
0.26837 0.273442 0.164149 0.294038 0 
0.625015 0 0.174944 0.200042 0 
0 0.412341 0 0.237662 0.349997 
0 0 1 0 0 
0.488047 0 0 0.511953 0 
0.298717 0.155421 0 0.108634 0.437228 
0.14869 0 0.569268 0.282042 0 
0.240379 0.225799 0 0 0.533822 
0 0 0.443159 0.438748 0.118093 
0 0.0961901 0 0.510606 0.393203 
0.331187 0 0 0.451378 0.217435 
0.68917 0 0 0.31083 0 
0 0 0 0.694329 0.305671 
0.387931 0 0.274196 0.23208 0.105794 
0.507767 0 0 0 0.492233 
0 0.541508 0.458492 0 0 
0.412314 0.218469 0 0.369218 0 
0.282211 0 0.291633 0 0.426156 
0 0 0.475471 0.146365 0.378164 
0.233813 0.488276 0.277911 0 0 
0.213955 0 0.372729 0.0699959 0.343321 
0.466971 0 0 0.533029 0 
0 0.220731 0.32566 0.150693 0.302916 
0.278262 0.238629 0.302726 0 0.180382 
0.509077 0 0 0.193372 0.29755 
0.144404 0.526141 0.329455 0 0 
0 0.62348 0.28369 0.0928297 0 
1 0 0 0 0 
0.544963 0 0.0767446 0 0.378292 
0.209006 0.436798 0.354196 0 0 
0 0.463213 0.202235 0 0.334552 
0.126689 0.44069 0.0830313 0 0.349589 
0.263042 0.182371 0.103633 0.450955 0 
0.308761 0 0 0.691239 0 
0.877812 0 0 0.122188 0 
0.452948 0 0 0.292772 0.25428 
0.104604 0 0 0.46332 0.432076 
0.377033 0.622967 0 0 0 
0 0.247537 0.527094 0.225368 0 
0.278712 0 0.146812 0 0.574476 
1 0 0 0 0 
0.407146 0.26021 0.173893 0.158751 0 
0.152375 0.345922 0 0.501702 0 
0.480109 0 0 0.115186 0.404705 
0.666449 0.333551 0 0 0 
0.274087 0.437159 0 0.288755 0 
0.467617 0.429583 0 0 0.1028 
0.337867 0 0.305567 0.356566 0 
0.219562 0.147715 0.318234 0.220706 0.0937832 
0.213134 0.0706649 0.132568 0.409943 0.17369 
0.39223 0 0.284997 0 0.322773 
0.675035 0.175348 0.149617 0 0 
0.468616 0.144048 0 0.289883 0.0974519 
0.140933 0.283259 0 0.445667 0.130142 
0 0 0.661859 0.338141 0 
0.293248 0.202299 0.272649 0.231804 0 
0.183413 0 0.204227 0.329336 0.283025 
0.200507 0.344677 0.345945 0.108871 0 
0.497669 0 0.16707 0 0.335261 
