5 150
0.66023
0.711715
0.71324
0.438742
0.727874
10.527 0.57877
10.3987 0.247723
10.0403 0.476007
9.06482 0.214178
9.05242 1.15716
8.98958 0.9668
8.93468 1.53647
8.70806 1.05545
8.53846 1.83571
8.45681 0.746342
8.32738 1.00036
8.25089 0.241277
8.23523 1.05662
8.15081 1.45096
8.0262 1.95886
7.93227 1.01129
7.89396 1.62606
7.88872 1.4117
7.80983 0.281225
7.77431 2.33912
7.6652 0.338496
7.5686 1.21965
7.54776 1.11243
7.49894 0.844929
7.09952 1.35119
7.09281 0.261182
7.08432 0.575168
6.98987 2.40485
6.80718 0.615436
6.74953 2.03609
6.61117 0.881686
6.43452 1.47202
6.38313 0.756465
6.38186 1.27493
6.30228 2.1294
6.28864 1.81856
6.01641 1.93976
5.81636 2.86206
5.80201 2.59842
5.74152 2.61749
5.69291 2.95579
5.61051 2.70367
5.5597 2.4222
5.55536 3.9641
5.35494 3.9881
5.18461 2.7743
5.18304 1.63674
5.14481 2.36907
4.8813 2.28565
4.8308 2.8341
4.73407 2.78929
4.65268 2.61215
4.65047 2.21455
4.57749 2.24725
4.47518 2.38168
4.2306 3.24299
4.20901 2.8668
4.01446 4.08704
3.92922 3.44614
3.83354 3.0806
3.51041 4.86562
3.45842 3.53019
3.43804 3.21121
3.36367 2.69414
3.32689 4.19941
3.32329 2.94795
3.32128 4.69949
3.23115 5.39512
3.22514 4.51679
3.1367 3.18142
3.01679 3.35336
3.01639 4.30367
2.99849 4.68862
2.84886 6.18534
2.79409 5.20507
2.75636 3.46641
2.75305 5.87477
2.7486 4.6395
2.57877 6.41686
2.57534 4.11631
2.46925 5.7415
2.32019 4.24988
2.23423 6.96215
2.19817 5.69893
2.10167 4.9293
2.03544 5.36792
1.97641 5.3877
1.91017 6.62894
1.88121 6.07381
1.86339 5.15758
1.80345 4.32951
1.6099 5.59118
1.60888 7.15437
1.5123 7.52835
1.50623 5.36564
1.48209 5.90293
1.46754 7.63681
1.31159 6.73611
1.26827 6.29442
1.19116 5.7535
1.17587 7.02781
1.15636 5.11169
1.14839 7.56528
1.11974 5.99916
1.11022 6.09053
1.10008 7.53013
1.05114 6.48164
0.923263 8.0406
0.915988 8.72628
0.891401 8.02711
0.882978 6.08265
0.877648 6.80256
0.8502 5.45971
0.791368 7.88208
0.729134 7.99416
0.719892 8.58798
0.704168 8.02912
0.605285 5.73081
0.605009 7.57832
0.537798 6.07871
0.534976 8.87945
0.459963 7.38234
0.433391 8.81822
0.406695 7.07682
0.349521 10.016
0.348057 6.36133
0.342551 6.87516
0.31736 8.84692
0.238618 7.92215
0.23591 7.71635
0.233069 8.36197
0.213392 8.05816
0.208623 6.57091
0.144468 7.5618
0.136092 7.25662
0.113892 6.79728
0.109219 7.13176
0.104872 8.48628
0.0922838 10.5558
0.0906279 6.89388
0.089738 9.11825
0.0742016 8.95932
0.0695459 10.6731
0.047198 7.79382
0.0276287 7.79152
0.0263459 7.69017
0.0255893 10.7882
0.024181 8.74254
0.00701234 8.21058
0.00514631 7.36509
0 0 0 1 0 
0 0 1 0 0 
1 0 0 0 0 
1 0 0 0 0 
0 0 0 1 0 
0.328263 0 0 0 0.671737 
0.147928 0.366903 0 0.485169 0 
0 0.295171 0 0.216725 0.488104 
0 1 0 0 0 
0 0 0 1 0 
0 1 0 0 0 
0 0.528679 0 0 0.471321 
0 0 0 1 0 
0 1 0 0 0 
0 0 1 0 0 
0 0 0 0 1 
0 0.343264 0.656736 0 0 
0 1 0 0 0 
0 1 0 0 0 
1 0 0 0 0 
0 0.52452 0.47548 0 0 
0.88356 0.11644 0 0 0 
0 0 0 0 1 
0 1 0 0 0 
0 1 0 0 0 
0 0.188268 0 0.811732 0 
0 0 0 1 0 
0 1 0 0 0 
0 0 1 0 0 
0.497686 0.502313 0 0 0 
0 0 0 0.471476 0.528524 
0 0 0 0.422314 0.577686 
0 0 0.62087 0 0.379131 
0 0.351571 0 0.259229 0.3892 
0 0.666729 0 0 0.333271 
0.418566 0 0 0.309986 0.271448 
0.568951 0 0.431049 0 0 
0 1 0 0 0 
0 0.587052 0 0 0.412948 
0 0 0 0 1 
0 0 0.270377 0.729623 0 
1 0 0 0 0 
0 0 0 1 0 
0 0.117044 0.882957 0 0 
0 0.393918 0.606082 0 0 
0 0 0 0.723035 0.276965 
0 0 0 1 0 
0 0 1 0 0 
0 0 0 1 0 
0 0 1 0 0 
0 0.263058 0.529098 0 0.207844 
0 1 0 0 0 
1 0 0 0 0 
0 0 0 0 1 
0 0 0 1 0 
0 0 0 0 1 
0 0.131037 0.338057 0 0.530907 
0.199001 0 0.800999 0 0 
0 0 0 1 0 
1 0 0 0 0 
0.527286 0 0.472714 0 0 
0 0 0 1 0 
0 0 0 1 0 
0 1 0 0 0 
0 0 0 0 1 
0 0 0 0.783721 0.216279 
0 0.363742 0.288963 0.347295 0 
0.387873 0 0.271685 0 0.340443 
0 0 0 0 1 
0 0.632698 0 0.243084 0.124217 
0 0 1 0 0 
0 0.667526 0 0.332474 0 
0 0 1 0 0 
0 1 0 0 0 
1 0 0 0 0 
0 0.792109 0 0.207891 0 
0 0.725991 0 0 0.274009 
0 0 0.301972 0 0.698028 
0 0.677949 0 0 0.322051 
0.21924 0.206981 0.573779 0 0 
0 0.743628 0 0.256372 0 
0 0 0 0 1 
0 0 0 1 0 
0 0 0 0 1 
1 0 0 0 0 
0 0 0.401869 0.598131 0 
0 1 0 0 0 
1 0 0 0 0 
0 1 0 0 0 
0 0.277031 0 0 0.722969 
1 0 0 0 0 
0.390801 0 0 0 0.609199 
1 0 0 0 0 
0 0 1 0 0 
0.542026 0 0.457974 0 0 
0 1 0 0 0 
0 0 0.422046 0.577954 0 
0 0 0.516152 0.483848 0 
0 0 0.395776 0.604224 0 
0 0 0 1 0 
0 0 0.563402 0.436598 0 
0.421607 0 0.578393 0 0 
0 0 0 0 1 
0 0.332146 0.423262 0 0.244592 
0 0 1 0 0 
0.224741 0.775259 0 0 0 
1 0 0 0 0 
1 0 0 0 0 
1 0 0 0 0 
0 0 1 0 0 
0 1 0 0 0 
0 0.290517 0.354315 0.355168 0 
0 1 0 0 0 
0 0 0 0 1 
0 0 0 0 1 
0 0 1 0 0 
1 0 0 0 0 
0 1 0 0 0 
0.199632 0.27637 0.200691 0 0.323306 
0 0.147938 0 0 0.852062 
0 0 0 1 0 
0 0 0 0 1 
0.654389 0.345611 0 0 0 
0 0 1 0 0 
1 0 0 0 0 
0.597077 0 0 0.402923 0 
0 0 0 0 1 
0.451909 0.548091 0 0 0 
0 0 0 1 0 
0 0 0 0 1 
0 0 0 0 1 
0 0 0 0 1 
0 1 0 0 0 
0 0 0.446458 0 0.553541 
0 0 0 1 0 
0 0 0 0 1 
0.434882 0.420965 0 0 0.144153 
1 0 0 0 0 
0 0 0.645274 0.354726 0 
0 0 1 0 0 
0 0 1 0 0 
0 0 0 1 0 
0 0 1 0 0 
0 0.451667 0.548333 0 0 
0 0.300482 0 0 0.699518 
0 0 0 0.365918 0.634082 
1 0 0 0 0 
0 0 0 0 1 
0 0 1 0 0 
0 0 0 0.495186 0.504814 
