5 200
0.251679
0.507851
0.658628
0.464927
0.471046
11.0091 0.101984
10.6524 0.501278
10.6365 0.267094
10.3972 0.140199
10.3149 0.232684
10.0923 0.126706
10.0414 0.781889
9.96897 0.704739
9.92974 0.700063
9.63912 0.80079
9.60345 0.837826
9.35637 0.931898
8.98768 1.08728
8.82676 1.6572
8.20991 0.350941
8.12072 1.50738
8.08349 1.48866
7.94137 1.65558
7.79227 0.173528
7.73486 0.826146
7.11634 0.9953
7.01769 1.64454
6.95545 1.03331
6.90383 2.56292
6.87648 2.18031
6.78681 0.995134
6.76509 0.624474
6.74974 1.46818
6.61545 0.581496
6.52737 0.766888
6.45206 1.25954
6.42994 1.87287
6.35233 2.05263
6.34091 2.53661
6.31949 1.79338
6.30793 1.52072
6.28477 0.972312
6.19329 1.23793
6.16132 1.47708
6.09629 1.80647
6.03115 1.61695
5.95982 1.34095
5.91044 2.11765
5.78881 2.75724
5.77566 2.39738
5.76634 2.97898
5.69747 1.83841
5.62733 1.42079
5.5679 2.63813
5.54733 2.25547
5.53102 3.17325
5.51072 2.24527
5.49407 2.00825
5.41949 1.67597
5.3524 2.78969
5.318 3.87461
5.30508 2.20165
5.21606 3.871
5.21379 1.6614
5.03246 2.20448
5.02515 2.7979
4.95937 4.16128
4.94056 3.54489
4.86274 2.52596
4.79601 3.14249
4.75538 3.57249
4.68388 2.58402
4.62449 3.83667
4.51782 2.38596
4.49251 3.21986
4.47471 3.34604
4.44647 1.88408
4.43932 2.55998
4.37862 3.76161
4.23822 2.9705
4.2023 2.71733
4.15637 4.19179
4.09455 3.3142
3.97011 2.59596
3.94991 2.66878
3.91164 3.55033
3.9045 4.65302
3.63033 4.49588
3.47299 4.04293
3.44556 3.42896
3.3261 3.32758
3.20992 3.29169
3.12793 4.47804
3.12035 4.47199
3.03356 4.61449
2.98923 5.12236
2.98172 4.24489
2.94707 5.10557
2.94225 5.70625
2.8422 5.13742
2.78838 5.33109
2.75371 4.8389
2.74478 3.52527
2.7383 5.71786
2.62591 4.40765
2.58049 5.43102
2.54949 5.25351
2.5333 6.2043
2.19906 3.91002
2.19886 5.16299
2.19219 4.10939
2.15527 4.13866
2.11985 4.27918
2.03757 6.39989
1.91824 6.6973
1.91785 4.20447
1.90166 6.01157
1.89595 5.1076
1.81003 5.32129
1.80096 4.98607
1.78674 4.92076
1.77671 5.39162
1.56171 7.3471
1.53131 4.69467
1.50398 5.42106
1.44735 5.04094
1.40456 7.57671
1.40169 5.71129
1.38726 6.27803
1.36857 5.27784
1.35713 8.06874
1.31853 5.34296
1.31475 7.74613
1.2453 5.72231
1.24005 8.13348
1.19496 8.06927
1.15647 7.2532
1.13301 6.9567
1.11877 7.22993
1.09675 6.54248
1.08929 5.30889
1.07714 5.53593
1.02326 5.77406
0.945104 6.18018
0.938008 7.91978
0.898385 7.54044
0.867815 8.7179
0.825959 7.82723
0.78129 6.37638
0.755882 7.18457
0.730215 9.40421
0.705177 6.0185
0.61647 7.66408
0.596815 7.87811
0.588926 9.04908
0.566473 9.33774
0.523355 8.37432
0.520836 9.3505
0.501037 8.80875
0.464812 8.73099
0.435721 6.30107
0.434926 8.36418
0.386233 9.93812
0.341703 8.88812
0.333313 9.25926
0.328563 8.55969
0.313967 8.12803
0.303858 7.32282
0.302904 8.87732
0.2771 7.7665
0.274844 10.311
0.261739 7.46178
0.257103 6.3742
0.238246 9.65927
0.234638 6.86163
0.19956 7.20618
0.177505 8.29543
0.174927 9.49964
0.158921 9.02933
0.15095 7.15051
0.147256 9.69753
0.14401 8.04936
0.143063 10.2486
0.136646 9.30303
0.13325 7.85841
0.127862 11.0606
0.101711 9.63304
0.0990501 7.02785
0.0875856 9.94713
0.0865768 6.86414
0.0852877 7.98518
0.0842539 7.01785
0.0526889 10.928
0.0466777 8.93228
0.0365296 8.6286
0.033972 8.45307
0.0320198 11.0925
0.0319769 8.03866
0.0302831 11.1069
0.0226253 10.2337
0.018 7.78246
0.0149772 11.429
0.0115577 11.7734
0.00437206 8.17233
0.00137966 11.8659
0.138523 0 0 0.861477 0 
0.33754 0.662459 0 0 0 
0 0 1 0 0 
1 0 0 0 0 
0 0.575979 0 0.424021 0 
0 0.714197 0.285803 0 0 
0 0.508252 0 0.491748 0 
0.329464 0 0.670536 0 0 
0 0 0 0 1 
0 0.481383 0.518618 0 0 
0 0 0 1 0 
0 0.472209 0.527791 0 0 
0 0 0 0 1 
0 0.389645 0.466286 0 0.144069 
0 0 1 0 0 
1 0 0 0 0 
0.66221 0 0.33779 0 0 
0 0.410774 0 0.589226 0 
0 0.238349 0.375075 0 0.386577 
0 0.312841 0 0 0.687159 
0 0 0.587009 0.412992 0 
0.259147 0.165993 0 0.247644 0.327215 
0 0 1 0 0 
0.491004 0 0 0.508996 0 
0 0 0 1 0 
0.479387 0.520613 0 0 0 
0 0.366245 0 0.23561 0.398145 
0 0.298292 0 0.701708 0 
0 1 0 0 0 
0.275878 0 0.50622 0 0.217902 
0 0.39677 0.221218 0 0.382012 
0 1 0 0 0 
1 0 0 0 0 
0.537328 0.462672 0 0 0 
0.678779 0.321221 0 0 0 
0 0.655762 0.344238 0 0 
0.624114 0.375886 0 0 0 
0 1 0 0 0 
0.426359 0 0 0.217085 0.356556 
0 0.442349 0 0 0.557651 
0.295284 0 0 0 0.704716 
0 0.301025 0 0.320997 0.377978 
0 0 1 0 0 
0 0.468065 0 0.531935 0 
0 0.358023 0.139438 0.502538 0 
0 0 0.406934 0.593066 0 
0.482119 0.112294 0 0.405587 0 
0 0 0 0 1 
0 0 0.385645 0.256579 0.357776 
0.32453 0 0.67547 0 0 
0 0 0.245704 0 0.754296 
0 0 0.131771 0.340533 0.527696 
0.381267 0 0 0 0.618733 
1 0 0 0 0 
1 0 0 0 0 
0 0.178722 0 0.821278 0 
0.564084 0 0 0.435916 0 
0 1 0 0 0 
0 0 0 0.189547 0.810453 
0 0 1 0 0 
1 0 0 0 0 
0.209989 0 0 0.635588 0.154423 
0 0.551615 0 0 0.448385 
0 1 0 0 0 
0.227553 0.204254 0 0 0.568194 
0 1 0 0 0 
0.517989 0 0.482011 0 0 
0 0.439382 0.560618 0 0 
0.471936 0 0.338945 0 0.189119 
0.5692 0.4308 0 0 0 
0 0 1 0 0 
0.471167 0 0.528833 0 0 
0 0 0.254551 0.745449 0 
0.541541 0.458459 0 0 0 
0.310485 0 0.689515 0 0 
0 0 0 0 1 
0 0 0 0 1 
0 0 1 0 0 
1 0 0 0 0 
0 0 0.551066 0 0.448934 
0 0 0 1 0 
0.222961 0 0.306112 0 0.470926 
0.718254 0 0 0 0.281746 
0.345281 0 0.257296 0.299757 0.0976662 
0.219126 0 0 0.459595 0.321279 
0.158899 0.219733 0 0.296364 0.325004 
0.709312 0.290688 0 0 0 
0 1 0 0 0 
0 1 0 0 0 
0 0 0 1 0 
0.678421 0 0 0 0.321579 
0 0 0.24129 0 0.75871 
0.663735 0 0 0.336265 0 
0.782037 0 0 0.217963 0 
0 0 0.340235 0.659765 0 
0 0.112211 0.264877 0.321087 0.301825 
0 0 0.56925 0.43075 0 
0.480136 0 0 0 0.519864 
0.194961 0 0 0.805039 0 
0 0 0 0.561825 0.438174 
0.427309 0 0.230004 0.342687 0 
0 0 0 0.382888 0.617112 
0 0 0 0.645098 0.354902 
0 0 0 0 1 
0 0 0 0 1 
0 0 0 0.21334 0.78666 
0 0.558124 0 0 0.441876 
0.451135 0 0 0.548865 0 
0.216865 0.457 0 0 0.326135 
0 0 0 1 0 
0.147405 0.327468 0.311893 0.213233 0 
0 0.613402 0.386598 0 0 
0 0 1 0 0 
0.454433 0.194354 0 0 0.351213 
0.161807 0 0.0890175 0.749176 0 
0.301681 0.332752 0.365567 0 0 
0.316472 0 0 0.683528 0 
0.401938 0 0.443835 0 0.154227 
0.148163 0 0 0.851837 0 
0 0.375769 0 0 0.624231 
0 1 0 0 0 
0 0 0 1 0 
0.390111 0.240621 0.369268 0 0 
0.187241 0.654381 0 0 0.158378 
0 0 0.600541 0 0.399459 
0 0 1 0 0 
0.173939 0 0 0.363033 0.463027 
0.828968 0 0.171032 0 0 
0 0.763696 0 0 0.236304 
0.234966 0 0.33574 0.429294 0 
0.502216 0 0.133928 0 0.363856 
1 0 0 0 0 
0 0 0 0.717654 0.282346 
0 0 0 0 1 
0 0 1 0 0 
1 0 0 0 0 
0 0.824245 0 0.175755 0 
0.7956 0 0.2044 0 0 
0 0.403017 0 0.25819 0.338792 
0 0 0.716928 0.157015 0.126057 
0.420812 0 0 0 0.579188 
0 0 0 0.648941 0.351059 
1 0 0 0 0 
0.430464 0.341706 0 0.22783 0 
0.85342 0 0 0.14658 0 
0.263109 0.435742 0 0.301149 0 
0.226993 0 0 0 0.773007 
0.52401 0.172215 0 0 0.303774 
0 0.36289 0 0 0.63711 
0 0 0.699345 0.300655 0 
0 0 0 0 1 
0.221388 0.293886 0 0 0.484726 
1 0 0 0 0 
0 1 0 0 0 
0.299882 0.700118 0 0 0 
0 0 0.398801 0 0.601199 
0.0842496 0 0 0.386857 0.528893 
0 1 0 0 0 
0 0 0 1 0 
0.59927 0 0 0.40073 0 
0.299338 0 0.409993 0 0.29067 
1 0 0 0 0 
0 0.208924 0 0.379304 0.411773 
0 0.79467 0 0 0.20533 
0 0 0 0.614807 0.385193 
0 0.53556 0.46444 0 0 
0 0.1496 0 0.457629 0.392772 
0.647332 0 0.352668 0 0 
1 0 0 0 0 
0 0 0 0 1 
0 0 0.379498 0.365505 0.254997 
0.751154 0.248846 0 0 0 
0 0.484405 0.423551 0 0.092044 
0.170639 0.82936 0 0 0 
0 0 0.887459 0.112541 0 
0.275698 0.0683552 0.395858 0.260089 0 
0 0.606396 0 0.393604 0 
0 0 0 0.63556 0.36444 
0 1 0 0 0 
0.264514 0.278527 0.456959 0 0 
0 0.636143 0 0 0.363857 
0 0.553887 0.446113 0 0 
0 0.141332 0 0.858668 0 
0 0 0 1 0 
0 0 0.606434 0.393566 0 
0.631373 0.368627 0 0 0 
0.429515 0 0.386063 0 0.184422 
0 0 1 0 0 
0 0.689916 0.310084 0 0 
0.181958 0 0 0.268822 0.54922 
0.548049 0 0 0.451951 0 
0 0.726158 0 0.273842 0 
0 0 0 0.326532 0.673468 
1 0 0 0 0 
0.183083 0.368422 0 0.308355 0.14014 
0 1 0 0 0 
0 0.37659 0.62341 0 0 
0.669407 0.204546 0 0.126047 0 
0 0.441034 0.558966 0 0 
0 0 0 0 1 
