5 150
0.292055
0.326006
0.586512
0.433508
0.610378
11.2668 0.268511
11.1015 0.639407
10.7849 0.383316
10.3276 0.216239
10.2624 0.745007
10.197 0.570081
10.0934 0.73214
9.4727 0.762293
9.17639 0.932276
8.81693 1.06226
8.51397 0.19634
8.42109 1.73094
8.16417 1.02967
7.51423 1.26928
7.47036 0.403091
7.45564 1.21109
7.33683 1.83286
7.24092 1.84048
7.20476 1.97554
6.9908 1.97674
6.98531 1.24048
6.82052 1.49087
6.79884 1.3292
6.58448 1.82179
6.5151 1.97562
6.33579 1.04751
6.30466 3.24716
6.28106 1.5638
6.21958 2.27415
6.11611 2.63524
6.02807 2.55832
5.83086 3.28868
5.71915 1.89141
5.65591 1.39295
5.47682 2.77597
5.40163 2.79312
5.19241 4.12468
5.16794 3.55073
5.11513 4.04087
5.04223 2.37908
4.9421 1.72241
4.7324 3.23195
4.73042 2.36208
4.63978 3.20909
4.57118 3.75982
4.3071 4.45819
4.27078 3.37936
4.16717 2.50182
4.03803 4.48075
3.92553 3.51323
3.91642 3.6112
3.91556 3.50167
3.84332 3.55003
3.71887 3.12882
3.70537 4.583
3.66864 4.94521
3.58341 4.12968
3.51822 4.34335
3.48833 3.22066
3.43663 4.28663
3.37168 2.75645
3.27576 5.43212
3.09375 3.32841
3.05652 3.8769
3.04031 5.02724
2.99798 3.99047
2.9671 5.41944
2.84162 4.57012
2.83102 5.50029
2.64226 4.59855
2.6064 5.10242
2.50797 5.33346
2.43226 4.24318
2.41058 5.67022
2.40781 6.21553
2.3376 6.53184
2.30452 5.55957
2.25703 6.01292
2.24623 4.93613
2.23576 4.65468
2.22209 5.7467
2.14251 5.78682
2.06149 4.56436
2.06061 6.9217
2.05914 6.66796
1.98847 5.65887
1.87787 5.13147
1.74974 6.4578
1.73663 5.51602
1.65603 5.35041
1.60613 4.52019
1.6036 5.83791
1.6006 4.63572
1.54656 5.80594
1.54346 4.67962
1.5035 6.89668
1.46581 4.84602
1.405 6.58168
1.35405 5.24376
1.33088 7.84267
1.32364 7.40064
1.32089 7.22321
1.1708 5.56896
1.12301 7.2433
1.0893 7.98596
1.04749 5.53089
0.956575 7.38675
0.8229 6.47393
0.799203 6.46006
0.776375 6.42606
0.740569 6.71875
0.723838 7.05837
0.693738 6.02701
0.662543 7.74907
0.660471 8.65126
0.637533 9.11849
0.585967 8.18596
0.506332 7.05336
0.502667 6.65899
0.447456 9.00482
0.440886 6.85961
0.434121 7.22043
0.413039 6.74835
0.408106 9.06694
0.379791 6.46307
0.347097 9.81419
0.324581 8.71336
0.321022 6.78607
0.279335 7.94073
0.251906 9.02273
0.228056 7.08319
0.21597 8.8041
0.206619 10.5739
0.2058 9.01837
0.205533 6.76258
0.171832 9.79783
0.157176 7.33901
0.152408 9.96044
0.101475 8.15689
0.0885606 8.64727
0.0774843 8.06963
0.0771235 9.21589
0.0669007 7.92377
0.0620743 10.437
0.0483587 8.41099
0.0367688 8.55451
0.0298662 9.78457
0.0169541 10.3208
0.00694101 10.3925
0.00456096 10.6504
0 0 0.191033 0.808967 0 
0 1 0 0 0 
0.780731 0 0 0 0.219269 
0.6395 0 0 0 0.3605 
0 0 0 1 0 
0.179215 0.243657 0.102028 0.4751 0 
0 0 0.573893 0 0.426107 
0.858354 0 0.141646 0 0 
0 0 1 0 0 
0 0 0.656831 0.343169 0 
0 0 0.641224 0.358776 0 
1 0 0 0 0 
0 0 0 0 1 
0 0 0 0.62869 0.37131 
0 0 0.856835 0.143165 0 
0 0.513114 0.486886 0 0 
0 0 1 0 0 
0 0 0 0.491754 0.508246 
0 0 0 0 1 
0 0.276693 0.361739 0.361568 0 
0 0 0 0 1 
0.488684 0.511316 0 0 0 
0 0 0 1 0 
0.703695 0 0 0.296305 0 
0 0.329132 0 0.670868 0 
0 0 0 1 0 
0.532663 0 0 0.467337 0 
0 1 0 0 0 
0 0 0 1 0 
0.606673 0 0 0 0.393327 
0 0 0.540793 0 0.459207 
0 0 0 0 1 
0.376578 0.0891902 0 0 0.534232 
0 0 0 0 1 
0 0 0 1 0 
0.726104 0.273896 0 0 0 
0 1 0 0 0 
0 1 0 0 0 
1 0 0 0 0 
0 1 0 0 0 
0 1 0 0 0 
0 0 0 1 0 
0 0 0.24707 0.75293 0 
0 0 0 0 1 
0 0.446115 0 0.152952 0.400933 
0 0 0 1 0 
0 0 0 1 0 
1 0 0 0 0 
0 0 0 1 0 
0 0 0 1 0 
0 0 0 1 0 
0 0.532622 0 0 0.467378 
0 0 0 1 0 
0 0 0 0 1 
1 0 0 0 0 
0 1 0 0 0 
0 0 0 0 1 
0 0 1 0 0 
0 0.450372 0 0 0.549628 
0 0 0 0 1 
0 0 0 0 1 
0 0 1 0 0 
0.55787 0.44213 0 0 0 
0 1 0 0 0 
1 0 0 0 0 
0 0 0 1 0 
1 0 0 0 0 
0.541624 0.275498 0.182878 0 0 
0 0 0 0 1 
0.469088 0 0 0 0.530912 
1 0 0 0 0 
0 0 1 0 0 
0 1 0 0 0 
0 0.193099 0 0 0.806901 
0 1 0 0 0 
0 1 0 0 0 
0 0 0 0 1 
0 0 0 1 0 
0.334655 0 0 0 0.665345 
0 1 0 0 0 
0.209484 0 0 0.252067 0.538449 
0.871106 0.128894 0 0 0 
0 0 1 0 0 
0.454403 0.545597 0 0 0 
0 0.401102 0.249772 0 0.349126 
0 0.462701 0 0 0.537299 
0 0 1 0 0 
0.410551 0 0.589449 0 0 
1 0 0 0 0 
0.225442 0 0 0.774558 0 
0 1 0 0 0 
0 0 1 0 0 
0 0 0.293181 0.706819 0 
0 0 0 0 1 
0 0.506788 0.493212 0 0 
0 0 0 1 0 
0 0 0 0 1 
1 0 0 0 0 
0 0.411742 0 0 0.588258 
0.412752 0 0.587248 0 0 
0 1 0 0 0 
0 0 1 0 0 
0 0 1 0 0 
0 0 0 0.460543 0.539457 
0 0 1 0 0 
0 0 0.484481 0.515519 0 
0 0 0 1 0 
0 0 1 0 0 
0 1 0 0 0 
1 0 0 0 0 
0.235851 0 0.306569 0.457581 0 
0 0 0.495489 0.504511 0 
0 0 0 0 1 
0 0 0.642326 0 0.357674 
0 0.313361 0 0 0.686639 
0 0 0.426295 0 0.573705 
0 0 0 0 1 
0 0 0 0 1 
0 0 0 1 0 
0.408423 0.591577 0 0 0 
0.202255 0.797745 0 0 0 
0 0 1 0 0 
0 1 0 0 0 
0.5901 0 0 0 0.4099 
0 1 0 0 0 
0 0 1 0 0 
0 1 0 0 0 
0.449723 0 0.156141 0 0.394136 
0 0 0 1 0 
0.313693 0 0.495154 0 0.191153 
0 0 1 0 0 
0 1 0 0 0 
0 0.386687 0.613313 0 0 
0 0 0.58222 0 0.41778 
0 0.413152 0.434738 0.15211 0 
0 0 0 0.605087 0.394913 
1 0 0 0 0 
0 0.851327 0 0 0.148673 
0 0 0 1 0 
0 1 0 0 0 
1 0 0 0 0 
0 0 1 0 0 
1 0 0 0 0 
0 0.445531 0 0.239479 0.31499 
0 0 0.679811 0.320189 0 
0.610589 0.389411 0 0 0 
1 0 0 0 0 
0 0 0 1 0 
0 0.1735 0.8265 0 0 
0 1 0 0 0 
