5 50
0.483863
0.376759
0.488151
0.519784
0.369327
9.54101 1.05627
8.50645 0.87806
8.42346 1.18786
8.41542 0.235789
8.27616 1.7981
7.87804 1.80689
7.31852 0.111796
7.25523 0.764156
6.76474 2.61998
5.69653 2.23813
5.6568 2.23931
5.45001 2.22031
5.13519 1.83191
4.96169 2.4286
4.90014 4.08572
4.58547 3.31888
3.70893 4.17044
3.65923 4.73226
3.3665 3.98429
3.35208 4.8504
3.03348 5.11741
2.88039 3.83778
2.61157 5.23455
2.36614 4.69187
2.28839 3.85962
2.19593 4.58713
2.15916 6.30309
2.12252 4.68657
1.59108 6.7091
1.44665 7.39842
1.3868 5.76768
1.29235 7.26407
0.919324 6.72542
0.902626 8.31602
0.649832 5.71221
0.541031 7.89906
0.473318 7.53064
0.38651 6.66667
0.29311 8.18222
0.286216 8.04966
0.186988 8.5442
0.176262 7.80068
0.145825 8.63916
0.111276 8.14142
0.101139 7.74411
0.0998541 7.86387
0.0662689 9.79247
0.0485722 9.65716
0.0234665 10.4386
0.0152107 10.0761
0.519546 0.0579735 0.42248 0 0 
1 0 0 0 0 
0 0 0 0.57366 0.42634 
0 0 0 1 0 
0 0 0.543129 0.456871 0 
0.291273 0.193083 0.30404 0 0.211604 
0 1 0 0 0 
0.334449 0 0 0.410614 0.254936 
0.368621 0 0.167061 0.370117 0.0942009 
0 0.331264 0.668736 0 0 
0.3976 0 0.6024 0 0 
0 0 0 0 1 
0.170197 0.272439 0 0.258822 0.298542 
0 0.392001 0.328176 0 0.279823 
1 0 0 0 0 
1 0 0 0 0 
0.530474 0 0 0.469526 0 
0 0 0 1 0 
0.740038 0 0.259962 0 0 
1 0 0 0 0 
0.53972 0 0.3005 0 0.15978 
0.266007 0.209203 0.52479 0 0 
0 0 0.484069 0 0.515931 
0 0.577449 0.142932 0 0.279619 
0 0 0 0 1 
0 0 0.203901 0.249329 0.54677 
0 0 0 1 0 
0 0.171076 0 0.574524 0.254401 
0 0 0 0 1 
0.159639 0 0.387226 0.139659 0.313475 
0.130905 0 0 0.151314 0.717781 
0 1 0 0 0 
1 0 0 0 0 
0 1 0 0 0 
0 0 0 1 0 
0 0 1 0 0 
1 0 0 0 0 
0 0 0.291786 0.708214 0 
0.385841 0.324745 0.289413 0 0 
0 1 0 0 0 
0.764657 0 0 0 0.235343 
0 0 0 0.386897 0.613103 
0 0 0.57019 0.42981 0 
0 0.343255 0.317718 0 0.339027 
0.462778 0 0.537222 0 0 
0 0 0.542554 0.457446 0 
0 0.595043 0.404957 0 0 
0.422649 0.577351 0 0 0 
0 0 1 0 0 
0 0.164267 0.835733 0 0 
