5 150
0.299745
0.745865
0.570933
0.530114
0.325671
11.5324 0.384028
10.9349 0.167636
10.1923 0.873336
9.84866 0.131819
9.79185 0.741384
9.67286 0.407367
9.67089 0.961293
9.64466 0.900696
9.59995 0.178843
9.51903 0.614856
9.22538 0.400715
9.12288 1.28387
8.9653 0.86527
8.86804 1.23813
8.78376 0.902633
8.46115 0.231759
8.45284 1.0418
8.28412 0.339935
8.24386 1.56278
7.83493 0.450987
7.83187 0.139541
7.73488 2.15923
7.23118 0.654377
7.15235 0.910727
7.09186 2.32073
6.95301 1.42792
6.93496 2.25939
6.70863 0.882338
6.50403 1.32739
6.45601 3.08074
6.44692 2.41438
6.39934 1.99537
6.31863 2.2818
6.2777 3.28669
5.97896 3.1924
5.69864 3.44042
5.59819 1.79131
5.43894 3.9242
5.36249 2.46775
5.12438 3.00807
5.05288 2.38998
4.87727 2.49562
4.87036 2.98652
4.73831 3.10769
4.67544 4.29207
4.52721 2.89389
4.42564 4.0561
4.42535 1.8086
4.25699 3.56026
4.19804 3.06931
4.16861 2.65554
4.11517 3.65967
4.09469 2.41752
3.87596 3.76272
3.87582 3.91479
3.85555 4.1437
3.8488 4.1436
3.8439 5.34154
3.83743 4.2535
3.80244 2.92751
3.76288 3.59548
3.59242 3.16537
3.58832 3.91634
3.53994 3.42181
3.52043 4.08352
3.4769 4.98348
3.43172 4.83766
3.28983 3.7075
3.2352 5.55951
3.03404 4.82506
2.84404 5.32811
2.75959 4.28347
2.74252 3.70886
2.72652 4.00192
2.57693 4.27971
2.52366 4.94295
2.38953 4.02706
2.29004 4.29653
2.23436 3.99076
2.20858 4.37402
2.16891 6.03596
2.16026 6.07008
2.14101 4.76662
1.97822 4.42232
1.85878 7.31289
1.82624 4.42547
1.77819 5.10726
1.75326 6.98809
1.7495 6.12027
1.57399 6.03992
1.50729 4.53871
1.40572 4.67728
1.35123 4.50729
1.342 6.38546
1.31829 7.47347
1.29723 6.64862
1.26827 4.87987
1.25945 5.98613
1.24598 6.57609
1.21017 5.23759
1.20967 7.33375
1.1914 7.35221
1.17921 7.64733
1.16949 6.20771
1.14345 6.22963
1.13592 7.71212
1.11687 6.45221
0.966348 5.55899
0.891254 8.6464
0.890023 6.6202
0.83443 7.79215
0.775418 6.94351
0.710409 6.72685
0.706724 5.5102
0.597213 6.08554
0.588054 9.40043
0.584443 5.88347
0.542896 8.3964
0.538236 8.90067
0.51379 7.22991
0.490883 9.59114
0.49019 6.3104
0.464947 8.61909
0.398982 9.39101
0.366145 8.81152
0.358238 7.80789
0.351337 6.59965
0.332564 7.24463
0.306974 7.67492
0.264255 9.8037
0.211452 9.75726
0.209249 10.5911
0.168802 6.84274
0.156824 8.76876
0.156313 7.43144
0.155604 10.533
0.117131 7.37506
0.116833 10.6164
0.0842947 7.83766
0.0716622 9.59578
0.0629767 9.44346
0.0625482 7.15239
0.0500038 9.27349
0.0428708 7.18876
0.017621 7.8486
0.0148417 8.2536
0.0122462 7.4358
0.0105873 12.0165
0.00966637 11.1184
0.00365435 7.48031
0 0 0 0 1 
0 0 0 0 1 
1 0 0 0 0 
0 0 0.538392 0.461608 0 
1 0 0 0 0 
0 0 0 0 1 
0.279393 0 0 0 0.720607 
0 0.764763 0 0 0.235237 
0 0 1 0 0 
0.642703 0 0 0 0.357297 
1 0 0 0 0 
0 0 0 0 1 
0 1 0 0 0 
0.357821 0 0 0 0.642179 
0 1 0 0 0 
1 0 0 0 0 
0.701942 0 0 0.298058 0 
1 0 0 0 0 
0.562648 0 0.437352 0 0 
0 0 1 0 0 
0 0.627384 0.372616 0 0 
1 0 0 0 0 
0 0.177779 0.822221 0 0 
0 0 0 1 0 
0.223805 0.776195 0 0 0 
1 0 0 0 0 
0.418327 0.37367 0 0 0.208003 
0 0 0 0 1 
1 0 0 0 0 
0 0 0 0 1 
0.392457 0 0 0.382289 0.225254 
0 0 0.343543 0 0.656457 
0.343766 0 0 0.656234 0 
0.12578 0.87422 0 0 0 
0 1 0 0 0 
0.218738 0 0 0 0.781262 
0.446457 0 0 0.252666 0.300876 
0 0 0 0.317813 0.682187 
0.343919 0.656081 0 0 0 
0.724155 0 0 0 0.275845 
1 0 0 0 0 
0.476152 0.287068 0 0.0974436 0.139337 
1 0 0 0 0 
0 0.473588 0 0 0.526412 
0 1 0 0 0 
0 0.746342 0 0 0.253658 
0 0 0 0 1 
0 0.318179 0.681821 0 0 
0.477658 0.522342 0 0 0 
0 1 0 0 0 
0 0 0 0.79642 0.20358 
0 0 0 1 0 
0.40524 0 0 0.59476 0 
0 0 1 0 0 
1 0 0 0 0 
0 0 0 0.510657 0.489343 
1 0 0 0 0 
0 1 0 0 0 
0 0 1 0 0 
0 0 1 0 0 
0.582431 0 0 0.417569 0 
0 0.801009 0.198991 0 0 
0 0.407941 0 0.592059 0 
0 0 0 0.360286 0.639714 
1 0 0 0 0 
0 0 0.654625 0 0.345375 
0 0 0 1 0 
0.586329 0 0.413671 0 0 
1 0 0 0 0 
0 0 0 1 0 
0 1 0 0 0 
0.155362 0.844638 0 0 0 
0 0 0 0 1 
0 1 0 0 0 
0 0.28007 0 0.456139 0.263791 
0 0.531457 0.468544 0 0 
1 0 0 0 0 
0 1 0 0 0 
0 0 0.744271 0.255729 0 
0 1 0 0 0 
0.492449 0 0.507551 0 0 
0 0 0 1 0 
0.513261 0.486738 0 0 0 
0 0 0 0 1 
0 0 1 0 0 
1 0 0 0 0 
0.562851 0 0 0 0.437149 
0 0 0 0 1 
0 1 0 0 0 
0 0 0 0 1 
1 0 0 0 0 
0 0 0 0 1 
0 0 0.365009 0.289787 0.345204 
0 0 1 0 0 
0 0 0 1 0 
0 0.630035 0 0.369965 0 
0 0 0.860525 0.139475 0 
0 0.475805 0 0.524195 0 
0 0 0 0 1 
0 1 0 0 0 
0.424772 0 0 0.486277 0.088951 
0 0 0 1 0 
1 0 0 0 0 
0.161618 0 0 0 0.838382 
0 0.506768 0.147707 0.345525 0 
1 0 0 0 0 
0.512276 0 0.487724 0 0 
1 0 0 0 0 
0 0 1 0 0 
0.561752 0.160279 0.277968 0 0 
1 0 0 0 0 
0 0 0 0 1 
0 1 0 0 0 
0 0 0.55397 0 0.44603 
0 0 0.336414 0 0.663586 
0 0 1 0 0 
0 0 1 0 0 
0 0 1 0 0 
0.416121 0 0.583879 0 0 
0 0 0 0 1 
0 0 0 1 0 
0 0 0.495107 0 0.504893 
0.684403 0.315597 0 0 0 
0 0 0 0 1 
0 1 0 0 0 
1 0 0 0 0 
0 0 0 0 1 
0 0.68181 0 0 0.31819 
0 0 0 1 0 
0 0 0.391852 0.608148 0 
0 0 0 0.374917 0.625083 
0 0 0 0 1 
0 0 0 0.111698 0.888302 
1 0 0 0 0 
0 0 1 0 0 
0.707468 0 0.292532 0 0 
0 0 0 0 1 
0 1 0 0 0 
0 0.346259 0 0 0.653741 
0 0 0.863033 0.136967 0 
0 0 1 0 0 
0 0 1 0 0 
0 0 0 0 1 
0 0 1 0 0 
0 0 0.557376 0 0.442624 
0.25844 0 0.74156 0 0 
0 0 1 0 0 
0 0 0 1 0 
0 0.53259 0 0.46741 0 
0 0 1 0 0 
