5 50
0.395715
0.27514
0.591321
0.659195
0.482318
10.9996 0.524689
10.5278 0.427613
9.99504 0.683331
8.98045 1.59238
8.34444 1.04636
8.29809 1.91829
7.83598 1.3588
7.63512 1.30894
7.61228 1.63132
7.19361 2.54791
7.08776 0.491305
5.7414 2.28385
5.31975 1.98493
4.93544 2.81679
4.64397 4.45215
4.48498 4.83545
4.17549 2.67589
3.88384 3.517
3.07939 3.57197
2.87791 3.84868
2.80563 6.03981
2.71405 5.55922
2.69213 4.92716
1.94126 4.81291
1.76667 6.49847
1.46704 4.69258
1.45063 5.57982
1.24222 5.55328
1.23957 8.20404
0.984589 6.83786
0.974458 7.70502
0.96528 6.60948
0.939268 5.88933
0.78576 5.96154
0.741993 8.18391
0.368528 8.08377
0.262813 9.95451
0.262075 9.48807
0.227192 9.1759
0.226311 7.02611
0.189082 7.07205
0.182676 8.33558
0.160757 7.92806
0.133156 7.4888
0.12516 10.5225
0.101116 10.1391
0.0971335 10.7905
0.0805562 9.02921
0.0541924 10.8593
0.00130163 8.68837
0 1 0 0 0 
0 0 1 0 0 
0 0 0 1 0 
0 0 0 0 1 
0 1 0 0 0 
0 0 1 0 0 
0 0 0 0 1 
1 0 0 0 0 
0 0 0 0 1 
0 0 0 0 1 
0 1 0 0 0 
1 0 0 0 0 
1 0 0 0 0 
0.141704 0 0.415654 0.442641 0 
0 0 1 0 0 
0.52006 0.47994 0 0 0 
0 0 1 0 0 
0 1 0 0 0 
0 1 0 0 0 
0.709754 0 0 0.290246 0 
0 1 0 0 0 
1 0 0 0 0 
0 0 0 1 0 
0 0 1 0 0 
0 0 1 0 0 
0 0 1 0 0 
0 0 0 0 1 
0 1 0 0 0 
1 0 0 0 0 
0 0 1 0 0 
0 0.183779 0 0.43107 0.385151 
0 0 1 0 0 
0 0 1 0 0 
0 0 0 1 0 
0 0 0 0 1 
0 0.329757 0 0.670243 0 
0 0 1 0 0 
0 0.381324 0 0.618676 0 
0 0 0 0 1 
1 0 0 0 0 
0.561867 0 0 0.438133 0 
1 0 0 0 0 
0 1 0 0 0 
1 0 0 0 0 
1 0 0 0 0 
1 0 0 0 0 
0 0 1 0 0 
0 0.196691 0 0 0.803309 
0 0 1 0 0 
1 0 0 0 0 
