5 200
0.341937
0.532891
0.673826
0.464942
0.634228
11.2341 0.484868
10.6129 0.481109
10.5125 0.124187
9.59055 0.964065
9.45862 0.297486
9.27503 0.529473
8.95358 1.06993
8.93208 1.3164
8.87286 1.23379
8.55618 0.558069
8.45565 0.469526
8.27783 1.74692
8.2391 0.488581
8.15357 1.6497
8.13675 1.37126
8.12066 1.34926
8.01402 0.608483
8.00306 1.81972
7.90861 1.73996
7.85251 1.30348
7.80216 2.19368
7.682 0.505919
7.63942 2.64269
7.51335 1.25989
7.33115 1.0374
7.06763 1.78478
7.05732 1.878
7.04958 0.888341
6.89643 1.43864
6.82544 2.35341
6.80418 1.84578
6.72413 0.730761
6.6873 2.29734
6.58512 0.720544
6.52189 0.930435
6.50851 1.20782
6.0903 1.57318
5.99386 1.01969
5.91604 2.43729
5.89251 2.66553
5.87887 3.02128
5.85503 3.03353
5.84824 2.34091
5.80034 1.49646
5.78934 3.14469
5.6498 2.30371
5.64774 1.74869
5.62568 2.66188
5.57857 2.56289
5.54723 3.37649
5.45386 1.73133
5.40377 3.38382
5.24924 2.76681
5.2417 3.64094
5.11187 1.93752
5.04931 2.06568
5.02557 2.61028
5.02092 2.62224
4.94784 2.1413
4.91831 3.24261
4.86508 2.99222
4.84775 2.82076
4.77717 2.27157
4.73408 1.88495
4.61296 3.46905
4.59973 3.74296
4.48509 2.25684
4.46121 1.9304
4.20972 3.0096
4.09321 4.58169
4.08885 3.90535
4.04615 3.82373
3.87883 3.82668
3.80509 3.23097
3.707 3.0539
3.70388 4.33334
3.68074 3.17563
3.63574 4.25972
3.63476 2.97091
3.62514 3.38061
3.57434 3.32166
3.54219 3.48844
3.43274 3.00309
3.41933 3.3895
3.24093 4.67271
3.23936 4.53018
3.23118 3.21568
2.91056 4.63345
2.85995 5.65271
2.82235 4.73678
2.70268 4.60289
2.54062 5.62445
2.45238 4.38813
2.35494 5.95461
2.27907 6.26134
2.22968 4.06156
2.22053 6.60046
2.18036 4.15781
2.17515 6.11503
2.1407 5.42296
2.12243 6.20069
2.00012 5.55847
1.99522 4.71188
1.84002 6.16193
1.75113 4.52164
1.64257 4.54289
1.53733 4.37893
1.45433 5.627
1.44166 6.12459
1.39186 7.54437
1.37947 7.33951
1.36816 7.33037
1.23565 5.4694
1.18579 7.40028
1.18474 5.33539
1.173 5.73212
1.11999 7.76508
1.10005 5.95844
1.08292 7.3682
1.05969 5.81154
1.04685 7.47307
1.01321 7.07428
0.979623 7.25785
0.943666 8.32715
0.942434 7.15225
0.931776 6.98989
0.90186 8.5212
0.865377 7.36431
0.864369 5.6421
0.855227 6.22384
0.844845 7.75425
0.83294 8.83116
0.814786 7.80739
0.812045 6.8035
0.788255 8.00455
0.781 7.69505
0.736841 7.611
0.721752 8.95395
0.71454 9.03679
0.699173 7.02208
0.683117 6.74126
0.667059 5.80763
0.655504 8.30814
0.628408 8.05911
0.606072 9.12379
0.599486 6.85612
0.597444 7.72748
0.597437 5.99693
0.569795 9.2789
0.454602 6.42959
0.450624 6.19886
0.44639 8.64947
0.443114 8.51439
0.438544 6.23565
0.432536 8.39125
0.424845 9.05615
0.418503 6.22009
0.414297 9.85073
0.412266 9.91851
0.410965 6.24907
0.40076 7.30356
0.395532 7.77812
0.392759 7.08642
0.376161 7.34026
0.34033 9.76564
0.32794 7.65617
0.326005 10.114
0.315244 9.44955
0.303285 8.69465
0.301723 7.51049
0.272339 8.53221
0.269539 7.52831
0.267843 8.33052
0.253584 10.2663
0.243312 7.20869
0.243079 9.86611
0.236064 7.33383
0.233141 10.0658
0.227647 7.27352
0.227142 8.85338
0.201052 6.75416
0.185854 10.0103
0.178439 9.59513
0.165579 7.78701
0.150374 7.59601
0.138997 10.6817
0.130278 9.15195
0.121577 10.1934
0.116262 9.83409
0.0950689 9.76309
0.0949937 9.32895
0.0766129 9.09677
0.0510987 7.14839
0.0219115 10.5563
0.0160298 8.61259
0.0148495 8.55823
0.00675831 10.9969
0.0051973 11.2539
0.00346063 9.02014
0.0015024 8.06729
0 1 0 0 0 
0 0.10853 0.447525 0.443945 0 
0 0.631541 0 0 0.368459 
0 0 0 1 0 
0.441951 0 0 0.558049 0 
0.681604 0 0 0.318396 0 
1 0 0 0 0 
0.245577 0 0 0 0.754423 
0.412161 0.503178 0 0 0.0846603 
0 0.527606 0 0.472394 0 
0 1 0 0 0 
0 1 0 0 0 
1 0 0 0 0 
0 0 0 1 0 
0.595668 0 0 0.404332 0 
0.537761 0 0.462239 0 0 
0 0 1 0 0 
0.335608 0.299321 0.36507 0 0 
0 1 0 0 0 
0.715426 0 0 0 0.284574 
0 0 0 0.316345 0.683655 
0.241131 0.265955 0 0 0.492914 
0 0.1732 0 0.8268 0 
0 0.592583 0 0 0.407417 
0.362909 0 0.560958 0 0.0761334 
0 0 0 0 1 
0 0 0.50533 0.49467 0 
0 0.475358 0 0.524642 0 
0.497809 0 0 0 0.502191 
0.216059 0 0.700007 0 0.0839344 
0 0 0.302836 0.600242 0.0969221 
0 0 0.529069 0.470931 0 
0.637186 0 0 0.362814 0 
0 0 0 0 1 
0 0.489146 0.510854 0 0 
0 1 0 0 0 
0.411711 0 0.402254 0.186035 0 
1 0 0 0 0 
0 1 0 0 0 
0.477541 0 0 0 0.522459 
0 0.43281 0 0.56719 0 
0 0 0 0 1 
0 0 0 1 0 
0 0.525401 0 0 0.474599 
0 0 0.509993 0.273239 0.216768 
0 0.568006 0.431994 0 0 
0.396393 0.436759 0 0.166848 0 
0 0.19652 0.559085 0.244395 0 
0 0.635622 0 0.364378 0 
0 0.400463 0.599537 0 0 
0.0679456 0 0.414902 0.517152 0 
0 0 0 0.336479 0.663521 
0.600926 0 0.185877 0.213198 0 
0 0.340008 0.363961 0.29603 0 
0 0.514133 0.485867 0 0 
0 0.502139 0 0 0.497861 
0 0 0 0 1 
0 0.626713 0 0 0.373287 
0.283254 0.214857 0 0.215568 0.286321 
0 0 0 1 0 
0.230257 0 0.769743 0 0 
0 0.312286 0.687714 0 0 
0.293629 0 0 0 0.706371 
0 1 0 0 0 
0 0.349156 0 0 0.650844 
0 0 0.228655 0.161261 0.610085 
0 0 1 0 0 
0.594005 0.131741 0 0.274254 0 
1 0 0 0 0 
0.352021 0.647979 0 0 0 
0 0.0611584 0.255951 0.381717 0.301173 
0 0.571044 0 0 0.428956 
0.6097 0 0 0 0.3903 
0.277939 0.175382 0.184791 0.361888 0 
0.22548 0.77452 0 0 0 
0 0.502528 0 0 0.497472 
0.274384 0.32389 0 0 0.401726 
0 0.516891 0 0 0.483109 
0 0 0 0 1 
0 0.191984 0.335591 0 0.472425 
0.497139 0.502861 0 0 0 
0 0 0 0 1 
0 0 0.560963 0 0.439037 
0.256754 0.0860363 0.23348 0.42373 0 
0 0 0 1 0 
0.346366 0.259398 0 0.107388 0.286848 
0.722442 0.277558 0 0 0 
0 1 0 0 0 
0 0.794617 0.205383 0 0 
0 0.383037 0 0 0.616963 
0.153964 0.0782649 0.645751 0 0.12202 
0 0.718401 0.281599 0 0 
0.456655 0 0 0 0.543345 
0 0 1 0 0 
0.381616 0 0.160654 0.150326 0.307404 
1 0 0 0 0 
0 0 0 0 1 
0.33761 0 0.199766 0.0637035 0.398921 
0 0.287648 0.44506 0.119935 0.147357 
0 0 0 1 0 
0 0 0 0.825982 0.174018 
1 0 0 0 0 
0.483076 0 0 0.516924 0 
0 0 0 1 0 
0 0 1 0 0 
0 0 1 0 0 
0 0 0.251866 0.484597 0.263536 
0.455646 0 0 0.0942677 0.450086 
0 0.143964 0 0.143429 0.712608 
0.0690461 0 0.467018 0.190671 0.273264 
0 0 1 0 0 
0.349603 0 0 0.196344 0.454053 
0 0.358788 0 0 0.641212 
0.238288 0 0 0.40883 0.352882 
0.555919 0 0.444081 0 0 
0.220059 0 0 0.779941 0 
0.443715 0.556285 0 0 0 
1 0 0 0 0 
0 1 0 0 0 
0 0 0 0.755491 0.244509 
0.693761 0.306239 0 0 0 
1 0 0 0 0 
0 0 1 0 0 
0 1 0 0 0 
0 0.41 0.0733211 0.516679 0 
0 0.503616 0.496384 0 0 
0 0 0.172174 0.827826 0 
0 0 1 0 0 
0.377985 0.622015 0 0 0 
0.195456 0 0.804544 0 0 
0.610664 0 0 0.389336 0 
0 0 0 0.570765 0.429235 
0.446599 0 0 0 0.553401 
0 0.240214 0 0.406647 0.353139 
0 0 0 0.692015 0.307985 
0 0 0 0 1 
0 0.174223 0 0 0.825777 
0 1 0 0 0 
0 0.678647 0.321353 0 0 
0 0.516289 0.483711 0 0 
0.333207 0 0.666793 0 0 
0.40889 0.443206 0 0.147904 0 
1 0 0 0 0 
0 0 0.424633 0 0.575367 
0.387353 0 0.612647 0 0 
0.266289 0 0.280855 0 0.452856 
0.414686 0.585314 0 0 0 
0.391471 0.608529 0 0 0 
0 0.0811262 0.423204 0.49567 0 
0.132374 0.867626 0 0 0 
0.543238 0 0 0.456762 0 
0 1 0 0 0 
0.40356 0 0.425187 0 0.171253 
0 0.609797 0 0 0.390203 
0 0 0 0 1 
0.515439 0 0 0.484561 0 
0.294859 0 0 0 0.705141 
0 0 0.425454 0.405886 0.16866 
0 0.726753 0.153575 0.119672 0 
0 0 0 0 1 
0 0 0 0 1 
1 0 0 0 0 
0.247057 0 0.365639 0 0.387304 
0.335326 0 0 0.277382 0.387292 
0 0.298262 0.701738 0 0 
0 0.822237 0 0 0.177763 
0 0.338069 0 0.661931 0 
0.380328 0 0 0 0.619672 
0 0 0 0 1 
0.219996 0.432195 0 0 0.347809 
0 1 0 0 0 
0.33455 0 0.218086 0 0.447364 
0 1 0 0 0 
0.139951 0.860049 0 0 0 
0 0 1 0 0 
0 0 0.198029 0.801971 0 
1 0 0 0 0 
0 0 1 0 0 
0.383005 0 0.215692 0.312339 0.0889642 
0 0 0.753969 0.246031 0 
0 1 0 0 0 
0 0 0 0.137642 0.862358 
0.251099 0 0.506634 0.242267 0 
0.659306 0 0 0 0.340694 
0 0 0 0 1 
1 0 0 0 0 
0 0 0 0 1 
0 1 0 0 0 
0 0 0 0 1 
0 0 0.782769 0.217231 0 
0.388148 0.22597 0.385882 0 0 
0 0.423737 0 0 0.576263 
0.322693 0.0848552 0.184246 0 0.408206 
0 1 0 0 0 
0 0 0.361288 0.533146 0.105565 
0.769919 0 0.230081 0 0 
0 0 1 0 0 
0.233816 0.117907 0 0.51272 0.135557 
0 1 0 0 0 
0 0 1 0 0 
