5 100
0.460904
0.704956
0.59839
0.299182
0.65146
10.4768 0.637661
9.46971 0.453726
9.22 0.936832
9.2189 0.772783
9.21878 1.07059
8.73445 0.718185
8.42691 1.60904
8.09227 1.39797
8.06118 0.258818
7.82492 1.40699
7.68969 0.333178
7.65895 1.30933
7.41421 0.500017
7.2937 1.96119
7.13121 0.797558
6.88938 1.53742
6.66431 2.88165
6.58412 1.59132
6.53519 0.619185
6.38591 2.80187
5.84289 1.51825
5.79295 2.41504
5.67436 2.43952
5.52023 3.30292
5.5016 1.73824
5.23435 2.83224
4.99141 2.72004
4.9897 2.46116
4.96174 2.46043
4.72933 4.21575
4.53224 3.07521
4.31514 3.24971
4.20992 4.6436
4.16862 4.43617
4.10458 4.83452
4.00334 4.80981
3.89408 3.05054
3.81897 3.79562
3.78232 4.14665
3.70759 4.65941
3.70613 3.91044
3.50329 3.58021
3.47826 3.16969
3.38573 4.76078
3.25653 3.38159
3.24408 4.34378
3.22568 4.3117
3.03373 4.26668
3.00711 5.84753
2.92178 5.60177
2.76815 5.73378
2.68888 3.87681
2.65824 5.45893
2.63978 4.16432
2.59755 5.00696
2.53124 4.77993
2.48209 6.55237
2.37797 4.29772
2.37467 4.29785
2.27487 6.39896
1.96576 4.26638
1.95964 5.20078
1.94923 4.58446
1.83045 4.60358
1.54984 7.61284
1.53412 7.94001
1.49956 5.62377
1.41994 5.90118
1.40471 5.07967
1.39881 6.52826
1.30323 5.79549
1.25395 6.63476
1.24734 7.76352
1.06668 5.57274
0.95381 6.53825
0.877427 6.05275
0.862464 5.37401
0.806678 7.53906
0.441427 9.28967
0.359742 8.21715
0.309439 7.1076
0.304007 6.22762
0.249427 9.91405
0.247676 8.26464
0.21045 9.85297
0.18752 8.14644
0.168234 8.17806
0.13297 9.68984
0.129339 10.7644
0.115836 11.1501
0.0952179 9.43535
0.0596969 9.32699
0.0574144 7.35306
0.0491651 8.59568
0.0423184 10.5235
0.0422612 10.1396
0.0396499 7.42883
0.0213147 8.23389
0.0118844 9.88452
0.0105077 9.08356
0 0 0 0 1 
0 0 1 0 0 
0 0 0.420691 0.579309 0 
0 0 0 0 1 
0 0 0 1 0 
0 0 0.396282 0 0.603718 
0 1 0 0 0 
1 0 0 0 0 
0 0 0 1 0 
1 0 0 0 0 
0 0 0 0 1 
0 1 0 0 0 
0 0 0 0 1 
0 0.100478 0.899522 0 0 
0 0.246048 0.753952 0 0 
0.589932 0.410068 0 0 0 
0 1 0 0 0 
1 0 0 0 0 
0.803061 0 0.196939 0 0 
0 0 1 0 0 
1 0 0 0 0 
0 1 0 0 0 
0 0 0 1 0 
0 1 0 0 0 
1 0 0 0 0 
0 0 1 0 0 
0 0 0 1 0 
0 0 0 0 1 
0 0 1 0 0 
0 0 0 1 0 
0 0 1 0 0 
0 0 0 0 1 
1 0 0 0 0 
0 0 0 1 0 
1 0 0 0 0 
1 0 0 0 0 
0 1 0 0 0 
0 0 1 0 0 
0 0 0 1 0 
0 0 1 0 0 
1 0 0 0 0 
0 0 0 0 1 
0 0 0 0 1 
0 0 0 1 0 
1 0 0 0 0 
0 1 0 0 0 
0 0.612194 0 0 0.387806 
0 0 0.210541 0 0.789459 
0 1 0 0 0 
0 0 1 0 0 
0 1 0 0 0 
0 0 1 0 0 
0 0 0 0 1 
0 0 0 1 0 
0 0 0 1 0 
0 0 1 0 0 
0 1 0 0 0 
0 0 0 0 1 
0 0.465359 0 0 0.534641 
0 0 0 0.708743 0.291257 
0 0 0 1 0 
0.425391 0 0.574609 0 0 
0 0.765703 0.234297 0 0 
0 0 0 0 1 
0 0 0 0.283939 0.716061 
1 0 0 0 0 
0 0 0.513937 0.486063 0 
0 0 0 1 0 
0 0 0 1 0 
0 1 0 0 0 
0 0 0 1 0 
0 0 1 0 0 
0.434515 0.565485 0 0 0 
1 0 0 0 0 
0 0 0 1 0 
1 0 0 0 0 
0 0 0 0 1 
0 1 0 0 0 
0 0 0 0 1 
0.706737 0 0 0 0.293263 
0 0.525493 0.474507 0 0 
0 0 0 1 0 
0.418937 0.581063 0 0 0 
0.518175 0 0 0.481825 0 
0 0 0 1 0 
0 1 0 0 0 
0 0 0 0 1 
0 1 0 0 0 
1 0 0 0 0 
0.21868 0 0 0 0.78132 
0 0 1 0 0 
0 1 0 0 0 
0 1 0 0 0 
0 0 0 1 0 
0 0 0 1 0 
0 0 0 0 1 
1 0 0 0 0 
0 0 0 0 1 
1 0 0 0 0 
0 0 0 0 1 
