5 50
0.479179
0.58462
0.384266
0.469199
0.517434
9.0371 0.791867
8.29781 1.79192
6.73912 1.4741
6.69846 2.10032
6.63503 1.52986
5.69509 2.33296
5.15999 3.22769
4.54158 2.52239
4.52637 3.45132
4.52384 2.24265
4.3367 2.10055
4.23116 3.08503
4.22438 3.23081
4.20679 3.2275
4.14409 2.05769
4.02284 2.72004
3.34511 5.3004
3.25887 4.8181
2.81061 3.93159
2.17842 5.2012
2.10662 6.17499
1.95535 6.66447
1.80101 7.17272
1.65191 6.52203
1.62283 7.86148
1.56228 6.01013
1.48649 5.19713
1.47746 5.00314
1.05499 7.24314
0.994588 7.36206
0.954155 7.89884
0.846946 6.05172
0.84581 8.41839
0.845475 8.21797
0.643701 5.92382
0.487391 8.41531
0.473812 6.03281
0.408857 6.44641
0.33934 8.11351
0.248095 10.2353
0.210112 10.1085
0.151916 8.41339
0.144455 8.22945
0.123624 7.81361
0.0943476 8.65428
0.0905944 9.47274
0.0744122 10.3581
0.0706614 7.34704
0.0249354 8.79725
0.0185373 8.18594
0.69745 0.219858 0 0.0826917 0 
0 0 1 0 0 
0.488172 0 0 0.411801 0.100027 
1 0 0 0 0 
1 0 0 0 0 
0 0 0.506733 0.493267 0 
0 0 0 1 0 
0 0.670833 0 0.329167 0 
0 0 0 0 1 
0 1 0 0 0 
0 1 0 0 0 
0 0 1 0 0 
0 1 0 0 0 
0 0 0 0.597844 0.402156 
0.516359 0 0 0.483641 0 
0 0 0.321652 0 0.678348 
1 0 0 0 0 
0.294845 0 0 0 0.705155 
0.357999 0.642001 0 0 0 
0 0 0 0 1 
0 0 0 0.208434 0.791566 
1 0 0 0 0 
0 0 0 0 1 
0 0 0 1 0 
0 0 0.320802 0.679198 0 
0 0 0 0 1 
0 0.279473 0 0.577362 0.143165 
0 0 1 0 0 
0 0 0 0 1 
0 0.455827 0 0.544173 0 
1 0 0 0 0 
0.707774 0 0 0.292226 0 
0 1 0 0 0 
0 1 0 0 0 
0 1 0 0 0 
0 0 0.195321 0.804679 0 
0.816359 0 0 0.183641 0 
0 0 0.223933 0.776067 0 
0 0 0.69342 0 0.30658 
1 0 0 0 0 
0 1 0 0 0 
0.412925 0 0 0.587075 0 
0.202256 0 0 0.797744 0 
0 1 0 0 0 
0.0774908 0 0.548099 0.37441 0 
0 0 0 1 0 
0 0 1 0 0 
1 0 0 0 0 
0 0 0 0 1 
0 0 0 1 0 
