5 50
0.378819
0.317034
0.693419
0.370899
0.529748
10.258 0.119184
8.92207 0.296026
8.45973 0.98741
8.31869 0.656945
8.16045 1.48847
7.14311 0.554241
7.13786 1.19645
6.78965 1.18248
6.51981 0.811949
6.39468 0.710692
6.26561 2.43121
6.1607 1.9125
6.14208 1.92195
6.05135 1.40703
6.00674 1.85922
5.6876 1.79765
5.32351 2.31139
5.03864 2.36485
4.82148 2.38406
3.8839 4.57469
3.67238 3.85347
3.44907 4.30493
3.03734 4.39259
2.88881 4.8207
2.63143 5.02494
2.34544 4.8342
2.22969 3.81963
2.13097 5.62405
1.70227 4.61213
1.51916 7.49382
1.42147 6.81189
1.37532 6.49955
1.34552 7.45484
0.886918 8.08593
0.841223 5.54595
0.824215 7.0574
0.674012 6.94549
0.654873 8.64588
0.364825 8.42485
0.312402 9.52634
0.250726 7.31798
0.207618 8.14146
0.172812 8.6811
0.151808 7.72441
0.111353 9.27832
0.0950972 9.85215
0.0692968 8.89009
0.0245874 9.49001
0.017567 10.3183
0.0046055 7.39133
0 0.0894666 0.258711 0.367892 0.28393 
0 0.524106 0.475894 0 0 
0.296679 0 0.203944 0.260402 0.238975 
0.200597 0.0479244 0.321984 0.185089 0.244405 
0.656987 0 0.243903 0 0.0991097 
0.437472 0 0.562528 0 0 
0.257309 0 0.26501 0 0.477681 
0 0 0.310851 0.415298 0.273851 
0 1 0 0 0 
0 0 0.461106 0.538894 0 
0 0.395275 0.208218 0 0.396507 
0.175288 0.288513 0.536199 0 0 
0 0.494729 0 0.505271 0 
0 0 0.230486 0 0.769514 
0 0.708009 0 0.291991 0 
0.181051 0.208997 0.307512 0.30244 0 
0.629142 0.0870833 0.283775 0 0 
0 0 0.860031 0.139969 0 
0.208234 0.143024 0.304304 0 0.344437 
0.273318 0.245689 0.311579 0.069239 0.100175 
0.154405 0.23739 0.190658 0.0827936 0.334753 
0.0983138 0.354982 0 0.182387 0.364317 
0 0 0 0 1 
0 0.718848 0 0 0.281152 
0.401751 0.235056 0 0.363193 0 
0 0.374079 0.218589 0.302361 0.104972 
0 0.21077 0.150212 0.488138 0.150881 
0.232082 0.0589623 0.260459 0.250671 0.197826 
0.406134 0 0 0.296917 0.296949 
0.305062 0 0.157423 0.173923 0.363592 
0 0.27665 0.296155 0 0.427196 
0 0 0.216227 0.783773 0 
0 0.423614 0.132889 0.443497 0 
0 0 0.293482 0.706519 0 
0.153413 0 0 0.141128 0.705459 
0.610165 0 0.213657 0 0.176178 
0 0.431029 0 0.568971 0 
0.696455 0 0.303545 0 0 
0 0 0.579112 0.420888 0 
0 0 0 0.869894 0.130106 
0.111008 0.292157 0.388114 0.20872 0 
0 0 0.67691 0.32309 0 
0.146186 0 0 0.853814 0 
0 0 0.108906 0.524439 0.366655 
0.262242 0 0.254048 0.278494 0.205215 
0.224673 0.125058 0.474263 0 0.176005 
0.365037 0.261827 0.373137 0 0 
0.211268 0 0.268992 0 0.519741 
0.618357 0 0 0 0.381643 
0.0867003 0.286051 0.279218 0.072031 0.276 
