5 200
0.472724
0.372425
0.631939
0.643368
0.491997
11.1652 0.349614
11.1158 0.276549
10.6404 0.612434
10.4681 0.245242
10.305 0.289055
10.2206 0.159932
9.72873 0.183897
9.66301 1.15457
9.58248 0.385197
9.57754 0.393061
9.53323 1.43472
9.53045 0.206577
9.48131 0.236987
9.2668 0.395945
9.00107 0.900198
8.97528 1.16395
8.93725 0.717157
8.74561 0.555818
8.74485 0.162868
8.69473 0.513047
8.51105 0.814512
8.39467 1.18612
8.14799 0.22231
7.89757 1.5122
7.83175 2.30892
7.81283 0.10254
7.71837 0.528087
7.69329 1.67307
7.45833 1.38696
7.41418 1.24089
7.07528 2.36988
7.05193 1.72566
6.96419 2.13251
6.88533 2.05996
6.86973 1.10683
6.80847 2.1629
6.78716 0.728525
6.52486 2.24336
6.39539 0.881526
6.25234 1.68006
6.17709 2.63488
6.1267 2.51096
6.03641 2.33029
5.90312 1.82951
5.86881 3.27904
5.72675 1.88522
5.58525 2.23304
5.47398 3.45093
5.37671 2.66642
5.33279 2.68229
5.27049 3.22303
5.18786 1.5837
4.95527 2.92843
4.89306 2.61228
4.84108 3.06219
4.68019 2.16633
4.57141 3.44719
4.57037 2.54866
4.57003 3.97557
4.48348 4.69755
4.46874 2.91152
4.18959 2.12917
4.13694 4.3894
4.08694 4.37493
4.00145 5.01689
3.9749 4.2543
3.958 4.27472
3.9228 2.87601
3.86959 3.56299
3.86362 3.35477
3.71919 3.12311
3.69921 5.43015
3.61752 4.19636
3.59017 3.15027
3.55216 4.39698
3.45553 3.81288
3.35639 4.51569
3.35505 3.71707
3.33506 3.40155
3.2729 5.48363
3.2555 3.87729
3.23786 3.60316
3.22596 3.58893
3.21576 4.54067
3.18047 3.60284
3.17669 4.18844
2.97333 4.99395
2.84077 5.01572
2.75467 4.01548
2.73223 4.59956
2.66541 4.48108
2.65313 4.08323
2.58935 3.78226
2.56894 3.66104
2.50744 4.81409
2.49556 5.20628
2.44496 4.80269
2.43173 5.72938
2.36 5.59618
2.35464 6.75679
2.3431 4.9632
2.26066 5.82197
2.23349 6.4656
2.20083 3.58015
2.19244 4.26844
2.1483 6.4093
2.14476 4.08867
2.08125 5.35566
2.06148 4.64127
2.00804 4.70094
1.98464 5.70518
1.96063 4.82013
1.92241 6.17086
1.88806 4.38931
1.83678 6.30126
1.78515 7.47842
1.74551 6.41317
1.74211 5.17876
1.71587 5.12886
1.58714 4.24166
1.56563 4.78715
1.55735 5.76722
1.55041 6.31152
1.46655 5.31607
1.34428 5.55747
1.30517 5.04896
1.26859 7.6464
1.26784 7.14118
1.26767 5.58619
1.23557 7.39586
1.08453 6.17819
1.05753 5.91778
1.03686 6.81518
0.998187 5.02619
0.998169 6.11013
0.989611 5.13798
0.987999 6.78449
0.946466 7.21079
0.907592 8.45551
0.860443 7.77432
0.807991 7.35083
0.807201 6.74598
0.796078 6.84327
0.787522 6.4117
0.770475 6.6026
0.768753 8.27676
0.763879 7.96068
0.737513 6.8137
0.701252 8.10829
0.691082 7.84926
0.690857 7.13847
0.653502 7.56924
0.634868 8.50852
0.599006 6.52452
0.572972 6.86122
0.537468 8.80182
0.535252 7.79605
0.519805 7.67163
0.479604 7.45041
0.475378 8.16071
0.458337 8.37325
0.457114 9.05755
0.453626 7.16895
0.371127 8.67869
0.356424 9.6712
0.294127 7.67591
0.264271 9.9633
0.246848 8.30903
0.220735 6.61432
0.210535 10.0517
0.205973 7.75217
0.1984 9.38877
0.185696 7.49341
0.143056 10.8923
0.139484 9.94326
0.138439 10.1015
0.126981 9.2746
0.118597 6.85588
0.113681 6.99515
0.0926852 7.1743
0.0872986 9.1533
0.0864609 7.10067
0.0862589 7.07228
0.0769859 11.3102
0.0572022 7.4816
0.056145 10.781
0.0552373 7.31992
0.0495122 8.54358
0.0428322 11.1199
0.0330158 10.2843
0.029115 10.304
0.0158317 8.82846
0.0106577 10.0888
0.00690675 10.4341
0.00629563 12.1422
0.00575968 10.4351
0.00529922 8.73675
0.00432186 10.0668
0.00353652 11.5808
0.00296036 12.0487
1 0 0 0 0 
0 1 0 0 0 
0 0 1 0 0 
0 0 0 0 1 
0 0 1 0 0 
1 0 0 0 0 
0 0 1 0 0 
0 1 0 0 0 
0 0 0 1 0 
0 0 0 1 0 
1 0 0 0 0 
0 0 0 0 1 
1 0 0 0 0 
1 0 0 0 0 
1 0 0 0 0 
0 1 0 0 0 
0 0 0 1 0 
1 0 0 0 0 
0 0 1 0 0 
0 0 1 0 0 
1 0 0 0 0 
0 0 0 0 1 
0 0 0 1 0 
0 0 0 1 0 
1 0 0 0 0 
1 0 0 0 0 
1 0 0 0 0 
0 0 1 0 0 
0 0 0 1 0 
0 0 0 0 1 
0 1 0 0 0 
0 0 1 0 0 
0 0 0 0 1 
0 1 0 0 0 
0 0 1 0 0 
0 0 0 0 1 
0 1 0 0 0 
1 0 0 0 0 
1 0 0 0 0 
0 0 0 0 1 
0 0 0 0 1 
0 0 0 1 0 
0 0 0 1 0 
0 0 1 0 0 
0 0 0 0 1 
0 1 0 0 0 
0 0 0 0 1 
0 0 0 0 1 
0 0 1 0 0 
0 1 0 0 0 
0 1 0 0 0 
0 1 0 0 0 
0 1 0 0 0 
0 0 0 0 1 
0 0 0 0 1 
0 1 0 0 0 
0 0 0 1 0 
0 0 0 0 1 
0 0 0 1 0 
1 0 0 0 0 
0 0 0 0 1 
0 0 0 1 0 
0 0 1 0 0 
0 0 1 0 0 
0 0 0 0 1 
0 0 0 0 1 
1 0 0 0 0 
0 1 0 0 0 
0 0 0 1 0 
0 0 1 0 0 
0 0 0 1 0 
1 0 0 0 0 
0 1 0 0 0 
0 0 0 1 0 
0 0 0 1 0 
0 0 0 1 0 
1 0 0 0 0 
0 1 0 0 0 
0 0 0 1 0 
1 0 0 0 0 
0 0 0 0 1 
0 0 0 1 0 
1 0 0 0 0 
0 1 0 0 0 
1 0 0 0 0 
0 0 1 0 0 
1 0 0 0 0 
1 0 0 0 0 
0 1 0 0 0 
0 1 0 0 0 
0 0 0 1 0 
1 0 0 0 0 
1 0 0 0 0 
0 1 0 0 0 
0 0 1 0 0 
0 0 1 0 0 
0 0 0 1 0 
1 0 0 0 0 
0 1 0 0 0 
0 0 0 1 0 
0 0 0 1 0 
0 0 0 1 0 
0 0 1 0 0 
0 0 1 0 0 
0 0 0 1 0 
0 0 1 0 0 
0 0 0 1 0 
0 1 0 0 0 
0 0 1 0 0 
0 0 1 0 0 
0 0 1 0 0 
0 1 0 0 0 
0 1 0 0 0 
0 0 0 1 0 
0 0 1 0 0 
1 0 0 0 0 
0 0 1 0 0 
1 0 0 0 0 
0 0 1 0 0 
0 1 0 0 0 
0 0 0 1 0 
0 1 0 0 0 
0 0 0 0 1 
0 1 0 0 0 
0 0 0 1 0 
0 1 0 0 0 
0 1 0 0 0 
0 0 1 0 0 
0 0 0 0 1 
0 0 0 0 1 
0 0 1 0 0 
0 1 0 0 0 
0 0 0 0 1 
0 0 0 0 1 
0 0 0 1 0 
1 0 0 0 0 
0 0 1 0 0 
0 1 0 0 0 
0 0 0 0 1 
1 0 0 0 0 
0 1 0 0 0 
0 1 0 0 0 
1 0 0 0 0 
0 1 0 0 0 
1 0 0 0 0 
0 0 1 0 0 
0 0 1 0 0 
0 0 0 1 0 
0 0 0 0 1 
0 0 1 0 0 
0 0 0 0 1 
0 0 0 1 0 
0 0 0 1 0 
0 1 0 0 0 
1 0 0 0 0 
0 0 0 0 1 
0 0 0 1 0 
0 0 1 0 0 
1 0 0 0 0 
1 0 0 0 0 
0 0 1 0 0 
0 0 0 0 1 
0 1 0 0 0 
0 0 0 1 0 
0 0 1 0 0 
1 0 0 0 0 
0 1 0 0 0 
0 0 0 0 1 
0 0 0 1 0 
0 0 0 0 1 
1 0 0 0 0 
0 0 1 0 0 
1 0 0 0 0 
1 0 0 0 0 
0 1 0 0 0 
0 1 0 0 0 
0 1 0 0 0 
1 0 0 0 0 
0 0 1 0 0 
0 0 0 1 0 
1 0 0 0 0 
0 0 0 0 1 
0 1 0 0 0 
0 0 0 1 0 
0 0 1 0 0 
0 0 1 0 0 
1 0 0 0 0 
0 0 1 0 0 
0 0 1 0 0 
1 0 0 0 0 
1 0 0 0 0 
1 0 0 0 0 
0 0 1 0 0 
1 0 0 0 0 
1 0 0 0 0 
0 0 0 0 1 
0 0 0 1 0 
0 0 0 1 0 
0 0 0 0 1 
0 1 0 0 0 
