5 200
0.282487
0.572275
0.293092
0.683149
0.636502
10.4082 0.297113
10.0303 0.859141
9.72918 0.121374
9.65937 0.84188
9.51593 0.580377
9.47589 0.563566
9.41926 1.18554
9.02751 1.17652
8.80247 1.18345
8.45082 0.188319
8.41626 0.919181
8.18941 1.46619
8.10583 0.762578
8.0702 1.34998
7.96815 0.558417
7.95062 0.747585
7.73208 1.6836
7.58682 0.904967
7.3635 1.01775
7.29359 1.94012
7.06028 1.2819
6.96742 1.40374
6.96067 1.71769
6.94974 1.1645
6.9067 1.28717
6.86648 1.19365
6.81385 0.497825
6.76061 2.95342
6.75587 1.60658
6.70291 0.551648
6.59763 1.56628
6.56789 1.10837
6.45424 2.3073
6.16265 2.32096
6.06671 2.41115
5.96089 2.83562
5.93437 1.8214
5.77659 2.06271
5.51048 2.12226
5.48597 1.69846
5.46949 3.27231
5.42981 1.72759
5.3591 2.38777
5.35554 1.69278
5.35003 1.83164
5.26774 4.07939
5.1996 3.06671
5.17601 3.60146
5.1708 1.33928
5.00232 3.61671
4.9853 2.81521
4.92523 3.17879
4.85143 3.75501
4.80792 2.8728
4.79425 3.40874
4.77937 1.66636
4.77144 2.72688
4.64172 2.07402
4.63354 3.2571
4.43651 3.44627
4.36158 3.14971
4.31085 2.92091
4.30091 4.25789
4.1589 3.50188
4.02344 3.39629
3.92324 5.11522
3.91575 3.02892
3.8118 3.98795
3.72848 3.71118
3.59589 4.4529
3.59572 3.64152
3.5897 4.18173
3.58815 3.82008
3.57441 4.80312
3.56789 3.32784
3.54919 3.65929
3.53167 2.58458
3.46364 4.13509
3.41574 3.76348
3.35161 5.40525
3.32829 4.24026
3.30444 4.92131
3.25502 5.25298
3.16752 5.71775
3.15873 4.29069
3.13301 3.26106
3.02841 4.62013
2.99678 4.48941
2.96839 4.26778
2.93016 4.20024
2.84893 5.6298
2.84316 5.53777
2.75111 4.62496
2.60129 4.7878
2.60092 4.56892
2.50875 5.56304
2.42176 5.82698
2.41925 6.42122
2.35134 5.47845
2.33438 5.94324
2.32286 5.44042
2.19235 6.69994
2.18314 5.09639
2.16958 5.81532
2.13524 5.71098
2.07646 5.33831
2.01901 4.62294
2.01284 4.81758
1.96133 4.5288
1.91423 6.09743
1.88668 3.91992
1.8843 6.26368
1.8794 5.06617
1.83117 5.73171
1.76352 6.61482
1.75189 5.15091
1.67899 4.76683
1.67768 5.01845
1.63306 6.09337
1.61156 5.76298
1.58683 5.50823
1.58625 5.70713
1.46865 6.47436
1.3176 7.58726
1.29303 5.56607
1.25811 6.02373
1.23668 7.06355
1.20885 7.411
1.14442 5.98712
1.13264 6.2357
1.10344 7.07108
1.07207 6.80699
1.06665 4.84908
1.06406 5.59058
1.04965 7.39373
1.02631 6.51746
0.98983 6.55597
0.906952 6.27751
0.880152 5.5201
0.877914 5.46593
0.734545 8.15711
0.719325 7.39817
0.696896 6.60437
0.624629 6.05681
0.612985 7.90931
0.603796 6.05766
0.556456 7.50516
0.537867 8.15641
0.532433 8.01267
0.531879 6.20864
0.526642 8.96861
0.525795 6.34721
0.511239 7.81831
0.507198 8.38468
0.491604 7.3784
0.471614 8.24128
0.429427 8.45823
0.427281 8.41739
0.424414 9.36247
0.40936 9.54833
0.395087 6.15705
0.393393 6.90984
0.385111 8.15962
0.338273 8.99216
0.32735 10.1543
0.317744 7.27337
0.288744 9.29629
0.283487 9.96796
0.236637 8.37206
0.2157 10.1814
0.214172 8.12546
0.201793 9.41092
0.19678 8.75258
0.18013 9.72124
0.153617 10.24
0.14542 10.2723
0.129737 10.6606
0.117616 8.4749
0.115571 9.15849
0.0753447 8.58586
0.0726128 7.50437
0.0701971 7.64303
0.0542564 10.057
0.0527839 7.75232
0.0469468 11.1431
0.046335 8.66145
0.0452591 7.52135
0.0445222 11.6553
0.0396451 11.2027
0.0386371 11.3807
0.0278823 8.52325
0.0240685 11.2389
0.0236061 10.492
0.0203217 9.92542
0.0151329 8.87249
0.00748236 10.6235
0.00687873 8.30675
0.00643725 8.79484
0.00572334 11.2943
0.00568923 11.065
0 0 1 0 0 
0 0 0 0 1 
0 0 1 0 0 
0 0 0 0 1 
0 0 1 0 0 
0 0 1 0 0 
0 1 0 0 0 
0 0 0 0 1 
0 0 0 0 1 
1 0 0 0 0 
1 0 0 0 0 
0 1 0 0 0 
0 1 0 0 0 
0 0 1 0 0 
0 0 0 1 0 
1 0 0 0 0 
0 0 1 0 0 
0 0 0 0 1 
0 0 1 0 0 
0 0 0 1 0 
0 1 0 0 0 
1 0 0 0 0 
0 0 0 1 0 
0 0 1 0 0 
0 0 0 1 0 
0 0 1 0 0 
1 0 0 0 0 
0 1 0 0 0 
0 0 1 0 0 
0 0 0 0 1 
0 1 0 0 0 
0 0 0 1 0 
0 0 0 1 0 
0 0 1 0 0 
0 0 0 1 0 
0 1 0 0 0 
0 0 0 0 1 
0 0 0 0 1 
0 1 0 0 0 
0 1 0 0 0 
0 0 1 0 0 
0 1 0 0 0 
1 0 0 0 0 
0 0 1 0 0 
0 0 1 0 0 
0 0 1 0 0 
0 1 0 0 0 
1 0 0 0 0 
0 0 0 0 1 
1 0 0 0 0 
0 1 0 0 0 
0 0 1 0 0 
0 0 0 1 0 
0 0 0 0 1 
0 0 0 1 0 
1 0 0 0 0 
1 0 0 0 0 
0 0 0 1 0 
0 0 1 0 0 
0 0 0 1 0 
0 1 0 0 0 
0 0 0 0 1 
1 0 0 0 0 
1 0 0 0 0 
0 0 0 1 0 
0 0 1 0 0 
1 0 0 0 0 
1 0 0 0 0 
0 1 0 0 0 
1 0 0 0 0 
1 0 0 0 0 
0 0 1 0 0 
0 0 0 0 1 
0 0 0 0 1 
1 0 0 0 0 
0 1 0 0 0 
0 0 0 0 1 
1 0 0 0 0 
0 0 0 1 0 
0 0 1 0 0 
0 0 0 0 1 
0 0 0 0 1 
0 1 0 0 0 
0 0 0 0 1 
0 0 1 0 0 
0 0 0 1 0 
0 1 0 0 0 
0 0 0 0 1 
0 0 0 1 0 
0 0 0 0 1 
0 0 0 0 1 
0 0 0 1 0 
0 0 0 1 0 
0 0 0 0 1 
0 0 0 0 1 
0 0 1 0 0 
0 1 0 0 0 
0 0 1 0 0 
0 0 0 0 1 
1 0 0 0 0 
0 0 0 1 0 
0 0 0 1 0 
0 0 0 0 1 
0 0 0 1 0 
0 0 1 0 0 
0 0 0 1 0 
0 0 1 0 0 
0 0 0 0 1 
0 0 0 1 0 
1 0 0 0 0 
0 0 0 1 0 
0 0 1 0 0 
0 0 1 0 0 
0 1 0 0 0 
0 0 0 0 1 
0 0 1 0 0 
0 0 0 0 1 
0 0 0 1 0 
0 1 0 0 0 
0 0 0 0 1 
1 0 0 0 0 
0 0 1 0 0 
0 0 0 1 0 
0 0 0 0 1 
0 0 0 0 1 
1 0 0 0 0 
0 0 1 0 0 
0 0 0 0 1 
0 1 0 0 0 
0 0 0 0 1 
0 0 1 0 0 
0 0 0 0 1 
0 0 1 0 0 
0 0 0 0 1 
1 0 0 0 0 
0 1 0 0 0 
1 0 0 0 0 
0 0 0 1 0 
0 0 1 0 0 
1 0 0 0 0 
0 0 0 0 1 
0 0 1 0 0 
0 0 1 0 0 
0 0 0 0 1 
0 0 0 0 1 
0 0 1 0 0 
0 0 0 1 0 
1 0 0 0 0 
0 1 0 0 0 
1 0 0 0 0 
0 1 0 0 0 
0 0 1 0 0 
0 0 1 0 0 
0 0 0 1 0 
0 0 0 1 0 
1 0 0 0 0 
0 0 0 1 0 
0 0 0 0 1 
0 1 0 0 0 
0 0 0 1 0 
0 0 0 0 1 
0 0 0 1 0 
0 0 0 0 1 
0 0 0 0 1 
1 0 0 0 0 
0 0 0 1 0 
1 0 0 0 0 
1 0 0 0 0 
0 1 0 0 0 
0 0 0 0 1 
0 0 1 0 0 
0 0 0 0 1 
0 0 0 1 0 
0 1 0 0 0 
0 0 1 0 0 
0 0 0 1 0 
0 1 0 0 0 
0 1 0 0 0 
1 0 0 0 0 
0 0 0 1 0 
0 0 0 1 0 
0 0 0 0 1 
0 0 1 0 0 
0 0 0 0 1 
0 1 0 0 0 
0 1 0 0 0 
0 0 1 0 0 
0 0 0 1 0 
0 1 0 0 0 
0 0 1 0 0 
0 1 0 0 0 
0 0 0 0 1 
1 0 0 0 0 
0 1 0 0 0 
0 0 0 1 0 
0 1 0 0 0 
1 0 0 0 0 
1 0 0 0 0 
1 0 0 0 0 
0 0 0 0 1 
