5 200
0.66485
0.372264
0.508483
0.709658
0.554466
11.4197 0.410375
10.6386 0.0870526
9.5294 0.783224
9.22529 1.31773
8.8746 1.46471
8.76728 0.729698
8.68547 1.56849
8.45237 0.445974
8.43714 1.92124
8.27244 0.408726
7.96914 0.777783
7.96173 1.1824
7.9595 0.916192
7.90669 1.76599
7.68287 0.3382
7.63679 1.12801
7.56823 1.46334
7.45289 0.353793
7.41214 1.63869
7.31119 1.22719
7.24597 0.361171
7.23918 0.355817
7.16226 1.94459
7.00517 1.85984
6.99644 1.89747
6.98365 1.27339
6.85268 3.05731
6.65936 1.81856
6.61738 1.0279
6.6048 0.720358
6.57574 1.09414
6.54629 1.90825
6.35915 0.994147
6.30986 2.97284
6.25153 1.89552
6.1161 0.885406
5.95098 2.2744
5.94647 1.94408
5.91966 2.5705
5.84544 2.29371
5.76532 1.51642
5.656 3.14841
5.31808 2.55489
5.31275 2.637
5.30727 1.52001
5.26835 1.74905
5.15001 2.57146
5.1354 1.84361
5.1061 2.1775
5.03083 2.21001
4.99905 2.35757
4.9471 3.30609
4.81239 2.83912
4.8062 4.03076
4.62513 3.51132
4.52616 4.75198
4.50107 3.85051
4.37145 2.21856
4.34886 2.94114
4.3162 2.68983
4.29089 3.36976
4.17675 3.24768
4.15843 4.34374
4.13283 3.37803
4.02741 2.70793
3.98093 4.33495
3.95511 2.99454
3.94214 3.46214
3.81374 2.25354
3.75843 4.02942
3.71227 4.22826
3.69707 3.13707
3.51984 2.99261
3.51791 4.95862
3.48609 2.68921
3.46012 3.82343
3.45734 4.09652
3.35095 4.12908
3.312 3.23033
3.30676 4.23601
3.29829 3.86378
3.27337 3.62221
3.1664 4.56365
3.13878 4.40496
3.11199 5.38163
3.05558 3.33618
3.03442 3.4434
3.00629 4.13439
2.95005 5.38545
2.94773 5.04518
2.92317 4.3531
2.82991 5.35272
2.78392 3.93681
2.73129 4.18341
2.60329 5.63866
2.57394 5.42755
2.48504 4.53361
2.45473 3.92141
2.37558 5.46278
2.36529 5.95078
2.34927 4.59819
2.32866 6.62555
2.29735 6.17174
2.27768 4.49103
2.12486 6.51171
2.10896 5.03261
2.0838 6.41226
1.94649 4.85324
1.93246 6.21934
1.91577 4.1901
1.86249 5.56466
1.82446 5.34544
1.78344 5.15168
1.77357 7.12433
1.72474 6.36095
1.71958 6.40845
1.70411 5.30889
1.63981 5.56379
1.59311 5.95978
1.51015 6.16977
1.46733 5.2526
1.43821 7.10023
1.43361 5.79735
1.41391 5.53918
1.3867 6.9502
1.35884 5.03594
1.1964 6.56797
1.12699 8.16507
1.10996 7.23023
1.10193 8.12414
1.09509 5.80124
1.07545 7.86445
1.06082 7.3741
1.02589 7.12866
0.993173 6.70754
0.879965 5.38352
0.873326 6.97744
0.718854 8.55092
0.715461 7.77117
0.671348 8.06342
0.670098 5.91477
0.669087 7.14433
0.642495 7.26653
0.635424 6.84924
0.609729 6.26705
0.594704 8.63799
0.564735 5.85572
0.550256 6.99325
0.534833 9.15409
0.52969 8.81625
0.517424 6.95773
0.445998 6.34099
0.438279 9.04471
0.422366 7.48304
0.382288 6.65119
0.373779 9.45069
0.36707 9.91009
0.364416 8.8104
0.342383 9.46728
0.337508 6.46849
0.317099 7.08946
0.315523 9.59719
0.288408 9.16431
0.287185 9.57736
0.275634 8.33102
0.263631 8.49144
0.243835 9.97223
0.224767 7.18356
0.218214 10.2504
0.215388 7.7813
0.192669 8.72694
0.191164 8.63729
0.186916 9.58615
0.176799 7.15848
0.174268 10.6107
0.142452 9.77277
0.121177 7.46848
0.112298 7.9568
0.0947677 11.1377
0.091683 9.24145
0.0802464 7.55819
0.0776076 8.78315
0.0764075 10.4529
0.0658376 7.59569
0.0480069 9.5939
0.0437458 7.10859
0.0417073 9.68503
0.0403422 10.7822
0.0391797 7.71122
0.0382475 10.4061
0.0346566 7.24617
0.0260671 7.77467
0.0252945 7.86283
0.0206042 8.7557
0.0177136 8.17671
0.0145661 8.39376
0.00896957 11.5072
0.00545033 8.71322
0.00456983 11.6402
0.00434685 7.98504
1 0 0 0 0 
0 1 0 0 0 
0 0.553439 0 0.446561 0 
0 1 0 0 0 
1 0 0 0 0 
0 0 0 1 0 
0 0 0 0 1 
0 0 0 0.424254 0.575746 
1 0 0 0 0 
0 1 0 0 0 
0 1 0 0 0 
0 0 0 0.527049 0.472951 
0 1 0 0 0 
0 1 0 0 0 
0 0 0 0 1 
1 0 0 0 0 
0 0 0 0 1 
0 0 0 1 0 
0.323554 0 0 0 0.676446 
1 0 0 0 0 
0 0 0 1 0 
0 0 0 1 0 
1 0 0 0 0 
0 0 0 0 1 
0 0 1 0 0 
1 0 0 0 0 
1 0 0 0 0 
0 0 0 0 1 
0 0 0 0 1 
0 0 1 0 0 
0 0 0 1 0 
0 0 0 1 0 
0 0 0 1 0 
0 0 0 0 1 
0 0 1 0 0 
0 0 0 1 0 
0 0 0 0 1 
0 0 0 1 0 
0 0 0 0 1 
0 0.278502 0.721498 0 0 
0.612992 0 0 0.387008 0 
0 0 1 0 0 
1 0 0 0 0 
0 1 0 0 0 
0 0 0.606385 0.393615 0 
0 0 0 1 0 
0 1 0 0 0 
0 0 0 1 0 
1 0 0 0 0 
0 0 0 1 0 
0 0 0 1 0 
0 0 1 0 0 
0 0 0 0 1 
0 0 0 1 0 
0 0 0 0 1 
0 1 0 0 0 
0 0 0.464434 0 0.535566 
0 0 1 0 0 
1 0 0 0 0 
0 0 0 1 0 
0 0 0 1 0 
0 0 1 0 0 
1 0 0 0 0 
0 0 0 0 1 
0 0 0 1 0 
0 0 1 0 0 
0.184618 0 0 0 0.815382 
0.218754 0 0 0.781246 0 
0 1 0 0 0 
0 0 0 0 1 
0 0 0 0 1 
0 0 0 1 0 
1 0 0 0 0 
0 1 0 0 0 
0 0 0 0 1 
0 0 0 1 0 
0 0 1 0 0 
0.544639 0 0.455361 0 0 
0 0 1 0 0 
0 0 0 1 0 
0 0 0 0 1 
0 0 0 1 0 
0 0.46782 0 0 0.53218 
0.704462 0.295538 0 0 0 
0 0 1 0 0 
0 0 0.544247 0.455753 0 
0 1 0 0 0 
1 0 0 0 0 
0.390047 0 0.174603 0.43535 0 
0 0 0 1 0 
0 1 0 0 0 
0.737141 0 0 0.262859 0 
0 0 0 1 0 
0 0.84271 0.15729 0 0 
0 0 0 1 0 
0 1 0 0 0 
0 0 0.643717 0.356283 0 
0 0 0 1 0 
0 0 0 1 0 
0 1 0 0 0 
0 0 0 1 0 
0 0 0 1 0 
0 1 0 0 0 
0 0 0.535016 0.464984 0 
1 0 0 0 0 
0 0.482462 0 0 0.517538 
0 0 0 1 0 
0 1 0 0 0 
0 0 0 0.670199 0.329801 
0 1 0 0 0 
1 0 0 0 0 
1 0 0 0 0 
0 0 1 0 0 
0 0 1 0 0 
0 0 1 0 0 
0 0 0.690198 0 0.309802 
0 0 0 0 1 
0 1 0 0 0 
0 0 0 0 1 
0.739555 0 0 0.260445 0 
1 0 0 0 0 
0 0.727203 0 0.272797 0 
0 0 1 0 0 
1 0 0 0 0 
0 0.62926 0 0.37074 0 
0 0 0.453611 0.546389 0 
1 0 0 0 0 
0 0 1 0 0 
0 0 1 0 0 
1 0 0 0 0 
0 0 0 0 1 
1 0 0 0 0 
0 0 0 1 0 
0 0.636983 0.363017 0 0 
0 1 0 0 0 
0 0 1 0 0 
0 0 0 1 0 
0 0 1 0 0 
0 0 0 1 0 
0 0 1 0 0 
1 0 0 0 0 
1 0 0 0 0 
1 0 0 0 0 
0 0 0 0 1 
0 0.198812 0 0 0.801188 
0 0 0 1 0 
0 0 1 0 0 
0 0 0 1 0 
0 1 0 0 0 
0 0 0 1 0 
0 1 0 0 0 
0 1 0 0 0 
0 1 0 0 0 
0.598414 0.401586 0 0 0 
0 0.312656 0.217014 0 0.47033 
0 1 0 0 0 
0 0 0 0 1 
0 0 1 0 0 
1 0 0 0 0 
0 0 0 1 0 
0 0.326307 0.673693 0 0 
0 0 0 1 0 
1 0 0 0 0 
0 0 0 0 1 
0 0 1 0 0 
0 1 0 0 0 
0 0 0 1 0 
0 0 1 0 0 
0 1 0 0 0 
0 0 0 0 1 
0 1 0 0 0 
0 0 0.761394 0.238606 0 
0 0 0 1 0 
0.731117 0.268883 0 0 0 
0 0 1 0 0 
0 0 0 1 0 
0.668849 0 0 0 0.331151 
0 0 0 1 0 
1 0 0 0 0 
0 0.630617 0 0 0.369383 
1 0 0 0 0 
0 1 0 0 0 
0 0 1 0 0 
0 0 0 0 1 
0 1 0 0 0 
0 0.604032 0 0 0.395968 
0 0 0 0 1 
0 0 0 1 0 
0 1 0 0 0 
0 0.542818 0.457182 0 0 
0 0 0 1 0 
0.425276 0 0 0.574724 0 
0 0 0 1 0 
1 0 0 0 0 
0 0 0 0 1 
0 1 0 0 0 
1 0 0 0 0 
0 0 0 0 1 
0 1 0 0 0 
0 0 1 0 0 
