5 100
0.284761
0.396611
0.552972
0.27588
0.278016
11.5705 0.276505
11.1263 0.500255
10.6777 0.891366
9.52791 1.04233
8.47667 0.937375
8.28898 0.528647
8.23926 1.80105
8.0263 1.66762
8.00742 0.860879
7.91348 0.604578
7.56808 1.35895
7.56434 0.936716
7.44455 0.324436
7.35704 0.841548
6.57286 2.94744
6.34628 1.05948
6.10018 3.11616
5.97128 1.87293
5.95675 3.56717
5.81505 2.34184
5.57099 2.70034
5.43882 2.73218
5.35798 2.39317
5.31185 1.85025
5.30037 2.81151
5.29899 3.31436
5.02803 3.37669
4.9962 3.1851
4.8361 2.79057
4.61791 2.60493
4.59539 2.53416
4.50554 3.98506
4.16469 3.83548
4.12209 4.11599
4.08674 3.1193
4.07829 3.72191
3.97822 3.61543
3.96797 2.7508
3.78678 3.04183
3.64325 4.29434
3.53198 3.47315
3.22084 4.2499
3.21482 5.89095
3.17168 3.35918
2.99187 3.95165
2.98617 3.98926
2.72551 4.73778
2.71923 4.93408
2.42062 4.76953
2.38641 4.42196
2.32845 4.20713
2.02844 5.66543
2.02649 7.05156
1.87164 5.3551
1.72879 6.14198
1.60861 6.79462
1.5779 5.09038
1.53759 7.25042
1.52828 7.13903
1.40272 6.79377
1.36258 5.01698
1.26221 5.61478
1.20285 5.07583
1.20172 4.93127
1.19947 5.13375
1.0875 6.81308
1.02979 7.51412
0.998777 5.15914
0.808443 6.84491
0.688736 6.98191
0.674971 8.98374
0.667921 6.92693
0.632769 6.03264
0.628423 5.59083
0.499051 8.50601
0.487598 6.63671
0.434904 8.92121
0.367218 9.71183
0.31059 6.71605
0.299697 10.2244
0.295637 10.0762
0.237922 8.7332
0.230355 9.67142
0.199635 6.54413
0.111631 11.0699
0.105606 10.0243
0.0865101 11.0779
0.0824879 7.05173
0.0623678 7.90335
0.0550418 7.14815
0.0536663 8.18343
0.0266864 11.5948
0.0220654 10.9111
0.0160794 9.52353
0.0137236 7.38143
0.0115351 7.9351
0.0104825 10.5555
0.0070141 7.91013
0.00442956 9.56483
0.00319721 8.83015
0.343522 0.151399 0 0 0.505079 
0.424054 0 0.256554 0 0.319392 
0 0.417052 0 0 0.582948 
0 0.395189 0 0.453552 0.151259 
0.195712 0.542433 0.261856 0 0 
0.361836 0 0.205448 0.432716 0 
0.255949 0.495381 0 0.181843 0.0668279 
0 0.380492 0.619508 0 0 
0.624696 0 0 0.280151 0.0951531 
0.688833 0.174865 0.136303 0 0 
0 0.477826 0 0 0.522174 
1 0 0 0 0 
0 0 0.224255 0 0.775745 
0 0.379432 0.449565 0.171002 0 
0 0 0 1 0 
0 0 0 1 0 
0 0.366668 0 0.197447 0.435885 
0.239498 0 0 0.362646 0.397856 
0 0.234228 0.22593 0.257457 0.282385 
0.152099 0.253351 0 0.31211 0.28244 
0 0.517171 0 0.482829 0 
0 0 0 0.376789 0.623211 
0.440036 0.308804 0 0.251161 0 
0.128949 0.197225 0.197836 0.291006 0.184985 
0.294088 0.468606 0 0 0.237306 
0 0.408644 0.396885 0.194471 0 
0.33993 0.271909 0.388161 0 0 
0 0 0.406649 0.593351 0 
0.302481 0.102206 0 0.342958 0.252355 
0 0 0 0 1 
0 0.297547 0 0.45626 0.246193 
0.571229 0 0 0 0.428771 
0.208058 0 0 0.277985 0.513957 
0 0 0 1 0 
0 0 1 0 0 
0.610143 0 0 0.389857 0 
0.524343 0.198615 0 0 0.277043 
0 0 1 0 0 
0 0 0.475165 0.311058 0.213777 
0 0 0 1 0 
0 0.248622 0 0.751378 0 
0 0 1 0 0 
0 0.148768 0 0.357095 0.494137 
0 0.131136 0.868864 0 0 
0 0.380845 0 0 0.619155 
0 1 0 0 0 
0 0 0.278088 0.383005 0.338907 
0 0 0 0 1 
0 0 0.418332 0.221687 0.35998 
0.185445 0.20759 0.100433 0.191596 0.314937 
0 0.146446 0.155779 0.373559 0.324216 
0.379834 0 0.110792 0 0.509374 
0 0 0.189397 0 0.810603 
0.375917 0 0.349205 0.129964 0.144914 
0 0 0 0 1 
0 0 0 0.447771 0.552229 
0 0.432744 0 0.328532 0.238725 
0 0.535178 0.194574 0.270248 0 
0 0 0 1 0 
0.610003 0.0965762 0.293421 0 0 
0 0 1 0 0 
0.293882 0 0.590996 0 0.115122 
0 0 0.378757 0.429546 0.191697 
0.677285 0 0 0.322715 0 
0 0.185616 0.50782 0 0.306564 
0 0 0 0.374446 0.625554 
0.186153 0 0.615289 0 0.198558 
0 0 0 0.409453 0.590547 
0 0 0 0.48913 0.51087 
0 0 0.389837 0.610163 0 
0.303868 0 0 0.696132 0 
0.18678 0.362738 0 0.450482 0 
0.474403 0 0 0 0.525597 
0.29364 0.435084 0.0999746 0.171301 0 
0.622221 0 0 0.377779 0 
0.515198 0 0 0.0971938 0.387608 
0.431515 0 0.568485 0 0 
0.181087 0.818913 0 0 0 
1 0 0 0 0 
0 0 0.535535 0.320786 0.143679 
0.204591 0 0 0.466053 0.329356 
0 0 0.19438 0.378207 0.427412 
0.727047 0.272953 0 0 0 
0.19395 0.390345 0 0.415706 0 
0.278504 0.454162 0 0 0.267335 
0 0.378658 0.621342 0 0 
0 0.122984 0.421689 0 0.455327 
0.0842833 0 0.0793468 0.452205 0.384165 
0 1 0 0 0 
0.501705 0 0.498295 0 0 
0.232455 0.559567 0.207978 0 0 
0.372421 0.465634 0.161945 0 0 
0.214802 0 0 0 0.785198 
0 0.321519 0.266573 0.411908 0 
0.629359 0.370641 0 0 0 
0 0.358929 0.284068 0.357003 0 
0.725186 0.274814 0 0 0 
0.455429 0 0 0.324022 0.220549 
0.167801 0 0.404378 0.427822 0 
0 0.197496 0 0.22501 0.577494 
