5 100
0.703093
0.606853
0.493263
0.592479
0.614879
9.95704 0.650571
9.36042 0.551934
9.3382 0.213873
9.18952 0.823375
8.81193 1.90653
8.71881 1.81956
8.25978 0.640571
8.23795 1.08762
7.97522 1.24668
7.90635 1.64528
7.65699 0.606328
7.64996 1.24219
7.15917 2.18596
7.11819 0.443586
7.06896 1.92805
7.04781 1.66375
7.04205 1.03809
6.94071 2.63121
6.80689 1.48943
6.75683 2.00198
6.68642 1.50449
6.40828 1.92492
6.20718 1.70423
5.84829 3.54548
5.74135 2.04603
5.43691 2.60134
5.28183 1.63238
5.20681 3.7373
5.13903 1.36765
4.98385 2.30237
4.82705 2.81941
4.5824 3.9331
4.52216 2.43591
4.22708 2.98115
4.03165 3.1656
3.93138 4.39111
3.86123 3.21727
3.85243 3.27038
3.787 3.74935
3.74157 2.37908
3.57878 4.51856
3.47687 4.4603
3.32696 4.69766
3.18645 3.33312
2.79413 5.13539
2.79144 5.67211
2.73453 5.05476
2.69321 5.10207
2.67825 6.36013
2.6032 5.62316
2.50649 6.2557
2.08668 6.9679
2.00411 4.88183
1.77865 5.70026
1.4658 5.33381
1.37705 6.45439
1.24963 6.17526
1.19711 6.39343
1.15529 5.65705
1.1164 4.75732
1.10507 7.90543
1.10049 7.53109
0.924433 5.31178
0.806543 8.2624
0.803859 8.25598
0.772536 5.5615
0.767655 8.83162
0.685846 6.14537
0.608044 7.41756
0.60103 7.51369
0.565806 8.69773
0.526719 5.71772
0.492472 9.04764
0.442341 7.66505
0.420547 6.15478
0.409183 6.50792
0.326149 6.54038
0.266612 9.23347
0.249778 8.22139
0.236742 7.26993
0.232032 7.81905
0.202586 8.22071
0.201287 9.47922
0.155972 8.13531
0.15511 6.90203
0.118171 10.9983
0.0828605 9.93048
0.0803434 6.90479
0.067429 7.70052
0.059434 11.5038
0.0428009 8.29086
0.0365292 10.5525
0.0247207 11.0236
0.0237594 8.4052
0.0180561 7.64571
0.0100921 8.02361
0.00819022 7.5836
0.00487566 10.2472
0.00399889 11.1735
0.00260553 7.61289
1 0 0 0 0 
0 0 1 0 0 
0.356829 0 0.372346 0.270825 0 
0 0 0.500859 0 0.499141 
0.191846 0 0.471227 0.336927 0 
0 0 1 0 0 
0 0 1 0 0 
0 0.537698 0.462302 0 0 
0 0 0.827769 0.172231 0 
0 1 0 0 0 
0.765946 0 0 0 0.234054 
0 0.741112 0 0.258888 0 
0 0 0.22194 0.30452 0.47354 
0 0 0 1 0 
0 1 0 0 0 
0 0 0 0 1 
0.819292 0 0 0.180708 0 
1 0 0 0 0 
0 0.415857 0 0 0.584143 
0 0 0 0 1 
0.416206 0.583794 0 0 0 
0 0 0 0 1 
1 0 0 0 0 
0 0.426462 0 0.207505 0.366033 
0.743602 0 0 0.256398 0 
0 0 0 1 0 
0 0 0 1 0 
0.373153 0 0 0.626847 0 
0 1 0 0 0 
1 0 0 0 0 
0 0.555339 0 0 0.444661 
0 0.303069 0.388496 0 0.308436 
0.278193 0.0918896 0.329946 0.299971 0 
0 0 0 1 0 
1 0 0 0 0 
0 0 0 1 0 
0.83683 0 0 0.16317 0 
0.276447 0.723553 0 0 0 
0.153619 0 0.340699 0 0.505682 
0.521396 0.478604 0 0 0 
0 0 0.845641 0.154359 0 
0.526529 0 0 0 0.473471 
0 0 0 1 0 
1 0 0 0 0 
0 1 0 0 0 
0 0 0.786321 0 0.213679 
0 0.497667 0.502333 0 0 
0 0 0 0 1 
0.532104 0.467896 0 0 0 
0 1 0 0 0 
1 0 0 0 0 
1 0 0 0 0 
1 0 0 0 0 
0 0 0 1 0 
0 0 0 1 0 
0 0.550146 0 0 0.449854 
0.386576 0 0 0.613424 0 
0 1 0 0 0 
0 0 0 1 0 
0.422527 0 0.577473 0 0 
0 1 0 0 0 
0.325336 0 0.674664 0 0 
0 0 0.483367 0 0.516633 
0 0 1 0 0 
0 0 0 1 0 
0 0 0 0 1 
0.455743 0 0.544257 0 0 
0 0.530575 0 0.469425 0 
1 0 0 0 0 
0 0 0.246672 0 0.753328 
0 0 0.445261 0 0.554739 
0.672482 0 0.327518 0 0 
0 0 1 0 0 
0 1 0 0 0 
0 1 0 0 0 
1 0 0 0 0 
0 1 0 0 0 
0 0.584998 0 0.415002 0 
0 0 0 0.384943 0.615057 
0.485858 0.514142 0 0 0 
0.466002 0 0.533998 0 0 
0 1 0 0 0 
0 1 0 0 0 
0 1 0 0 0 
1 0 0 0 0 
0 0 1 0 0 
1 0 0 0 0 
0 1 0 0 0 
0 0 1 0 0 
0 0 0.306829 0.55884 0.134331 
0 0 0 0 1 
0 1 0 0 0 
0 0 1 0 0 
0 0 0 1 0 
0 0 0 1 0 
0 0 0 1 0 
1 0 0 0 0 
0 1 0 0 0 
1 0 0 0 0 
1 0 0 0 0 
