5 100
0.704939
0.331301
0.30327
0.692183
0.286637
10.5441 0.587222
9.63307 1.0723
9.27441 0.335541
9.25841 0.316973
9.24507 0.190541
8.94602 0.212997
8.44658 0.327234
8.37694 0.120831
8.18347 1.48091
8.09199 1.06049
8.07582 1.0285
7.42566 0.871158
7.32129 2.19154
7.29299 0.726152
7.12829 1.55478
6.77757 2.74278
6.70177 1.37951
6.44708 2.43489
6.25202 2.21132
6.24743 2.21706
5.89464 2.63821
5.87985 3.40237
5.83016 2.23162
5.68638 2.95851
5.612 2.5353
5.51884 1.2527
5.43511 2.31197
5.21 1.53117
4.88994 2.37841
4.84425 2.71103
4.75105 2.28187
4.71967 4.02146
4.5501 3.42617
4.24535 4.00246
4.21068 4.98444
4.04639 2.80426
3.91221 3.50355
3.73993 3.6255
3.6842 4.33228
3.61464 4.62816
3.31308 3.10421
3.24896 5.19065
3.19595 3.63568
3.11233 4.37107
3.06404 3.21499
3.04416 4.88336
3.04084 2.94249
2.96903 5.39682
2.90026 4.89149
2.74235 5.22912
2.73851 6.31104
2.70279 5.10856
2.55678 4.08995
2.37215 4.19254
2.06259 4.60828
2.05667 4.42692
1.95019 4.91909
1.86216 6.67127
1.85939 5.51075
1.70134 5.89356
1.68758 4.94145
1.65199 5.63023
1.64899 4.06213
1.55047 4.88588
1.42034 6.4256
1.40992 4.91378
1.39617 5.09713
1.31789 5.88416
1.29806 5.10478
1.2758 7.46718
0.988224 7.90893
0.965093 7.89011
0.873831 6.74259
0.847925 8.20099
0.828256 5.44994
0.731904 7.85482
0.720783 7.44476
0.584954 8.84634
0.406438 7.97746
0.396137 8.67877
0.289838 9.84497
0.282877 8.34122
0.275234 9.1745
0.235426 6.56014
0.228146 10.352
0.223115 8.18428
0.21889 8.3772
0.198626 7.88932
0.170411 10.3933
0.164505 10.6599
0.13641 6.90635
0.131669 10.6695
0.124655 8.95575
0.102065 9.91825
0.0371871 7.1182
0.0260557 8.51598
0.0189107 11.93
0.0130579 7.85114
0.00376052 10.2787
0.00161721 10.8427
0.750441 0.249559 0 0 0 
0 0 0.40141 0.229618 0.368972 
0.390118 0.36991 0.167902 0 0.0720695 
0.231702 0 0.299006 0 0.469291 
1 0 0 0 0 
0 0.210817 0.396737 0.392446 0 
0 0 0.481472 0.131324 0.387204 
0 0.312076 0.446344 0 0.24158 
0.421591 0 0.207485 0.370924 0 
0.145807 0 0 0.420594 0.433599 
0 0.846771 0.153229 0 0 
0 0 0.169064 0 0.830936 
0.189297 0 0.234787 0 0.575915 
0.0933652 0 0.218372 0.688263 0 
0 0.597737 0 0 0.402263 
0.119378 0 0.413612 0 0.46701 
0 0 0.270908 0.518152 0.21094 
0.381994 0.318511 0 0 0.299495 
0.499068 0 0.500932 0 0 
0.494151 0 0 0 0.505849 
0 0 0.455072 0.544928 0 
0 0 0 0.250642 0.749358 
0 0 1 0 0 
0 1 0 0 0 
0 0.232868 0.324353 0.442778 0 
0.675522 0.324478 0 0 0 
0 0.302351 0.697649 0 0 
0.405547 0 0.399025 0.195428 0 
0 0.662088 0 0.337912 0 
0 0 0 0.533714 0.466286 
0.366953 0.40233 0.230717 0 0 
0 0.337394 0 0.342067 0.320539 
0.780971 0 0 0.219029 0 
0 0 1 0 0 
0 0 0 0.229302 0.770698 
0 0.13679 0.472605 0 0.390605 
0 0 0.682666 0 0.317334 
0 0 0.8409 0.1591 0 
0.372276 0.51218 0 0.115545 0 
0 0 0.625414 0.374586 0 
0.496298 0.0533051 0.0614629 0 0.388934 
0.133995 0 0 0.464193 0.401812 
0 0 0 1 0 
0 0 1 0 0 
0.292329 0 0.192697 0.290958 0.224016 
0.689543 0 0 0.310457 0 
0.276831 0 0.303152 0.216362 0.203654 
0 0 0 1 0 
0 0.469801 0.530199 0 0 
0.315387 0.101253 0.290671 0.292688 0 
0 0.27672 0.169224 0.230943 0.323114 
0 0.217909 0.247386 0 0.534705 
0.566621 0 0 0 0.433378 
0.713052 0 0 0.286948 0 
0 0.338718 0.215844 0 0.445438 
0.704743 0 0 0 0.295257 
0 0 0.176143 0 0.823857 
0.650328 0.12907 0 0 0.220602 
0 0 1 0 0 
0 0.341183 0 0.395683 0.263134 
0.365442 0.163931 0 0.470627 0 
0 0 0 0 1 
0 0 0 0 1 
0 0.16186 0.261949 0.23743 0.338762 
0.421836 0.16062 0.11655 0.300994 0 
0.402354 0 0.597646 0 0 
0 0 0.563379 0 0.436622 
0 0.273046 0.30734 0.0475406 0.372073 
0.166498 0 0.462921 0.252301 0.11828 
0 0 0 0 1 
0 0 0 0.875115 0.124885 
0 0.516316 0.117867 0 0.365818 
0 0.368354 0.129757 0 0.501889 
0 0.371484 0 0.628516 0 
0.341844 0.401028 0 0.257129 0 
0.495039 0 0 0.504961 0 
0.379555 0 0 0.374447 0.245998 
0.146423 0.550511 0.303066 0 0 
0.117134 0.408549 0.474316 0 0 
0 0 0 1 0 
0 0 0.432458 0.264666 0.302875 
0.404896 0 0 0.595104 0 
0 0.58999 0.41001 0 0 
0.405997 0.137854 0.252766 0 0.203383 
0 0 0 0.619831 0.380169 
1 0 0 0 0 
0 1 0 0 0 
0.223271 0.297141 0 0.271091 0.208497 
0.515138 0.149587 0 0.335274 0 
0.228912 0 0.581475 0 0.189613 
0.194085 0 0.268734 0.537181 0 
0 0 0.709291 0 0.290709 
0 0 0.458381 0.541619 0 
0.11574 0.073648 0.402237 0.408375 0 
0.210963 0 0.251094 0.326514 0.211429 
0 0 0.49185 0 0.50815 
0.425401 0 0.0610662 0 0.513533 
0.215841 0.0928881 0.331088 0.360183 0 
0.550603 0.449397 0 0 0 
1 0 0 0 0 
