5 200
0.529107
0.672742
0.500664
0.444388
0.469047
10.4349 0.317514
10.1037 0.778947
9.90272 0.73183
9.65039 0.397052
9.53191 0.463442
9.44675 0.154611
9.40062 0.879687
9.28039 0.619653
9.2652 1.49691
9.16315 0.686515
9.04379 0.839663
9.04348 0.828158
8.89698 1.61082
8.85949 1.35506
8.62517 1.41318
8.61219 1.15299
8.50793 0.35843
8.18556 0.133241
8.12142 1.65409
8.09697 1.63738
7.8811 1.44188
7.8811 1.45409
7.76535 1.03626
7.7363 0.176201
7.682 0.722748
7.63952 1.99621
7.51322 1.92337
7.44922 2.00239
7.40514 1.49632
7.27936 1.18693
7.26545 2.29013
7.15639 1.02617
7.04962 2.08727
6.92065 1.92657
6.8726 2.02313
6.82329 2.09373
6.7771 2.09008
6.76865 2.63176
6.71564 1.81903
6.45266 2.26584
6.37502 2.21349
6.25499 1.9928
6.19365 2.0831
6.11381 1.53239
6.10547 2.25678
6.07918 2.40441
6.01778 2.36142
6.00039 2.25313
5.99182 3.35801
5.91789 3.09331
5.73059 1.84239
5.68805 1.69076
5.66826 1.88584
5.625 2.38435
5.58529 3.15203
5.37469 2.04764
5.31885 2.23236
5.26615 2.41503
5.26363 3.09265
5.11808 3.08844
5.09633 4.01755
4.97032 2.63714
4.88861 3.0461
4.78544 2.4813
4.77519 3.0923
4.53084 2.28131
4.49293 2.72001
4.47825 4.18124
4.45569 3.1847
4.45494 2.20804
4.41323 2.84198
4.30042 4.48112
4.21913 4.87468
4.20716 4.21015
4.2009 3.80873
4.1402 3.1276
4.01877 3.75842
3.95875 3.67309
3.72964 3.13223
3.67479 4.35327
3.52303 4.80911
3.46427 5.07149
3.45057 4.61358
3.42435 3.75296
3.41106 2.69702
3.32298 4.42401
3.30846 4.27928
3.24821 4.74998
3.23216 4.63461
3.227 3.76206
3.13941 4.94217
3.04624 3.76778
3.04148 4.81158
3.02678 3.87132
2.91799 5.66117
2.90292 3.78411
2.85024 4.31859
2.81873 4.136
2.81544 4.49912
2.81121 3.68203
2.74247 5.0217
2.73165 4.54963
2.64726 4.45015
2.58632 3.54218
2.55197 3.67429
2.5445 4.58091
2.5152 4.93573
2.4761 5.14139
2.46184 3.91655
2.44096 3.82287
2.42161 4.79051
2.3483 5.31482
2.27234 4.5331
2.26629 4.91851
2.25132 4.43967
2.25001 5.24235
2.20103 4.57471
2.17386 6.49818
2.15281 4.90738
2.13489 6.84417
2.12651 5.67357
2.08105 5.68905
1.90023 5.16715
1.82042 4.81385
1.79407 6.27455
1.78668 6.58461
1.74965 6.0112
1.71311 6.03932
1.70907 4.5043
1.70169 6.49586
1.70042 4.59967
1.68475 6.57346
1.64599 6.76496
1.63743 6.41341
1.62484 6.24028
1.6134 5.56983
1.55876 4.98271
1.53419 6.44075
1.46553 6.33067
1.42403 6.49969
1.41324 4.66389
1.40094 7.11538
1.37324 4.85559
1.35796 6.24027
1.34709 7.65316
1.3155 7.98466
1.27538 5.60879
1.26289 4.86488
1.24653 8.26048
1.14785 5.08232
1.14767 6.43145
1.10276 5.50643
1.00592 5.59107
0.996256 6.36165
0.887037 7.75582
0.873707 8.62911
0.84921 8.17704
0.812491 5.19613
0.70496 9.04055
0.661319 8.85694
0.659543 7.64055
0.611541 8.40595
0.574581 6.8859
0.555129 8.97366
0.519172 5.91278
0.436418 6.70946
0.422812 6.90101
0.421819 8.10381
0.414214 9.24559
0.353888 9.51411
0.337154 6.53154
0.203393 10.2991
0.188828 10.0792
0.159547 9.79722
0.147997 6.59151
0.144338 8.91914
0.131663 7.75093
0.129774 9.61934
0.103286 10.7651
0.102821 9.4154
0.101431 10.1822
0.0932622 6.80269
0.0818004 10.449
0.0797343 10.6081
0.0751366 8.95181
0.0600105 7.53517
0.0598899 9.27672
0.0486445 9.63283
0.0372439 7.75478
0.0245623 9.54843
0.0188765 8.3106
0.00961608 9.98438
0.00847084 9.76302
0.00788171 9.98545
0.0075888 11.8737
0.00477351 7.44846
0.00302985 11.5903
0.00193117 8.96639
0.00170012 11.4672
0.00119733 7.7718
1 0 0 0 0 
0.719356 0 0.280644 0 0 
0 0 0 0.739272 0.260728 
0.129652 0.870347 0 0 0 
0 0 0 0.401742 0.598258 
0 0 0 1 0 
0 0 0 0.772913 0.227087 
0.218622 0 0 0 0.781378 
0 1 0 0 0 
0 0 1 0 0 
0 0 0 1 0 
1 0 0 0 0 
0 0 1 0 0 
0 0 0 1 0 
0 0.56337 0.43663 0 0 
0.405104 0 0.0911694 0 0.503726 
0 0 1 0 0 
0 0.250985 0.749015 0 0 
0 0 0 0 1 
0 0.525214 0.474786 0 0 
0 0 0 1 0 
0 0 0 1 0 
0 0 0 1 0 
0.680845 0 0 0 0.319155 
0 0 0 1 0 
0 1 0 0 0 
0 1 0 0 0 
0 0 0 1 0 
0.470472 0.435513 0 0 0.0940145 
0 0 0.373819 0 0.626181 
0 0 1 0 0 
1 0 0 0 0 
0.867372 0 0.132628 0 0 
0 0 0 0.448659 0.551341 
0 0 0 0 1 
0.127547 0.43689 0 0.435563 0 
1 0 0 0 0 
0.487152 0.512848 0 0 0 
0 1 0 0 0 
0 0.518754 0 0.376206 0.10504 
0 0.460662 0 0.539338 0 
0 0 0 1 0 
1 0 0 0 0 
0.845674 0.154325 0 0 0 
1 0 0 0 0 
0 0 1 0 0 
0 0 0 0 1 
0 0 0 0 1 
0 0 0.66067 0.33933 0 
0 0 1 0 0 
0 0 0.7017 0 0.2983 
0 0.118243 0 0.676723 0.205034 
0.424572 0.315684 0 0 0.259744 
0 0 1 0 0 
0 0 1 0 0 
0 0 0 1 0 
0.33797 0 0 0.66203 0 
0 0 0 0 1 
0.431785 0 0 0.568215 0 
0 0.560735 0.439265 0 0 
1 0 0 0 0 
0 0.883478 0.116522 0 0 
0 1 0 0 0 
0 0 0 0 1 
0 0 0 0 1 
0 0 0 1 0 
1 0 0 0 0 
0 0 0.414313 0 0.585687 
0.54913 0 0.325735 0.125135 0 
1 0 0 0 0 
0 0 0 0 1 
1 0 0 0 0 
0 1 0 0 0 
0 0 0 0 1 
0 0 0.42662 0.232377 0.341003 
0 0 0 0 1 
0 0 0 0 1 
0 0 0.730293 0 0.269707 
0 0 1 0 0 
1 0 0 0 0 
1 0 0 0 0 
0 0 1 0 0 
0 1 0 0 0 
0 0.456327 0 0.543673 0 
0 1 0 0 0 
0 0 0 0 1 
0.313809 0 0.299975 0 0.386216 
0.73812 0 0 0.26188 0 
0 1 0 0 0 
0 0 0 0.382825 0.617175 
0 1 0 0 0 
0 0 0 1 0 
0 0 1 0 0 
0.470114 0.529886 0 0 0 
0 0 1 0 0 
0.736391 0.263609 0 0 0 
0 1 0 0 0 
1 0 0 0 0 
1 0 0 0 0 
0 1 0 0 0 
0 0 0 1 0 
0 0 0.327583 0.672417 0 
0 0 0 0 1 
0 0 0 0 1 
0 0 1 0 0 
0 0 0.520752 0.479248 0 
0 0 0.493513 0.506487 0 
0 0 0 0 1 
0 0 0 0 1 
0 1 0 0 0 
0 0 0.661655 0 0.338345 
1 0 0 0 0 
0 0 0 0 1 
0 0 0 0 1 
0 0 0 0 1 
0 0.739314 0 0.260686 0 
0 0 0 1 0 
0 0 1 0 0 
0 0 1 0 0 
0 0 0.780874 0 0.219126 
1 0 0 0 0 
0.569914 0 0.272244 0 0.157841 
0.608911 0 0.391089 0 0 
0 0 0 0 1 
0 0.797155 0 0 0.202845 
0.861795 0.138205 0 0 0 
0 1 0 0 0 
0.496685 0 0 0.503315 0 
0 1 0 0 0 
0 0 0 1 0 
0 0 0 0.562996 0.437004 
0 0 0 0 1 
0 0.278723 0 0 0.721277 
0.267153 0 0 0.732847 0 
0 0 0 0 1 
1 0 0 0 0 
1 0 0 0 0 
0 0.421423 0 0.578577 0 
0 0 0.674365 0.325635 0 
0.103601 0 0 0.387627 0.508773 
0.120083 0.345422 0.226446 0 0.308049 
0.411837 0 0 0.588163 0 
0 0 0 1 0 
0.319191 0 0 0 0.680809 
0 0 0 0.794622 0.205378 
0 0 1 0 0 
0 0 1 0 0 
1 0 0 0 0 
0 0 0 1 0 
0 0 0 0 1 
0 0.602075 0.397925 0 0 
1 0 0 0 0 
1 0 0 0 0 
0 0 0 1 0 
0 0 0 1 0 
0.391904 0 0.522272 0.085824 0 
0 0 1 0 0 
0 0.479022 0 0.520978 0 
1 0 0 0 0 
0 0 0.40831 0.59169 0 
0 0 0 0 1 
0.226776 0.773224 0 0 0 
0 0 1 0 0 
0 0.554239 0 0.445761 0 
0.371544 0.628456 0 0 0 
0 0 1 0 0 
0 1 0 0 0 
0 0 1 0 0 
0 0 0 0.397598 0.602402 
0 0 0.445824 0.243735 0.310441 
0 1 0 0 0 
0.480985 0 0 0 0.519015 
0 0 0.687325 0 0.312675 
1 0 0 0 0 
0 0 0 1 0 
0 0 1 0 0 
0.663489 0.336511 0 0 0 
0 0 0 0 1 
0.352682 0 0.647318 0 0 
0 0 0.733861 0 0.266139 
0 0 0 0.50097 0.49903 
0.222983 0.537716 0.2393 0 0 
0 0 0 0 1 
0 0 1 0 0 
0 0 0 0.823262 0.176738 
1 0 0 0 0 
0 0 0 0.427109 0.572891 
0 0 0 0.326964 0.673036 
0 0 0.765935 0.234065 0 
0 0 1 0 0 
0.71679 0.28321 0 0 0 
0 0 0.41043 0 0.58957 
1 0 0 0 0 
0.169736 0 0 0.830264 0 
1 0 0 0 0 
0 1 0 0 0 
0 0 1 0 0 
0 0 0 1 0 
0.673104 0 0 0 0.326896 
0.433666 0 0 0.566334 0 
