5 50
0.465873
0.336749
0.671323
0.437109
0.748123
9.57735 0.785744
9.14842 0.206886
9.04802 0.870299
8.94044 0.659366
8.31521 1.43282
8.00211 1.40759
7.69308 1.5772
6.82979 1.12616
6.54195 3.0001
6.46311 1.73293
6.3462 2.84275
6.3333 0.922238
6.04811 3.09584
6.00664 1.3578
5.42574 3.16003
5.2909 2.41266
4.56625 2.33032
4.38805 3.42841
4.31013 3.40436
4.2246 4.16348
3.88403 3.15621
3.39508 3.57756
3.31308 4.98487
2.89841 5.2486
2.61816 4.41008
2.50163 4.13095
2.41458 6.7067
2.35791 5.48863
2.28342 4.17324
2.07838 5.98832
1.97303 5.40764
1.64365 6.79594
1.50035 5.29608
1.18197 6.37134
1.0977 4.88858
0.995606 5.08533
0.897911 5.45908
0.878606 5.68721
0.796019 9.10476
0.607796 5.80112
0.585053 6.84955
0.524679 9.21254
0.435677 9.01398
0.359127 6.48662
0.306465 6.4094
0.169417 8.75658
0.114619 7.1829
0.0921879 8.56177
0.0466678 11.2557
0.0237028 8.59441
0 0 0 1 0 
0 0 1 0 0 
1 0 0 0 0 
0 0 0 1 0 
0 0 0 1 0 
1 0 0 0 0 
0 0 1 0 0 
0 0 0 1 0 
0 0 0 1 0 
0 1 0 0 0 
0 1 0 0 0 
0 0 0 0 1 
0 0 0 1 0 
0 0 1 0 0 
1 0 0 0 0 
0 0 1 0 0 
0 1 0 0 0 
0 1 0 0 0 
0 0 0 0 1 
0 0 0 1 0 
0 0 1 0 0 
1 0 0 0 0 
1 0 0 0 0 
0 0 1 0 0 
1 0 0 0 0 
0 0 0 0 1 
0 0 0 1 0 
0 0 0 1 0 
0 0 0 0 1 
0 0 1 0 0 
0 0 0 0 1 
0 0 1 0 0 
1 0 0 0 0 
1 0 0 0 0 
0 0 0 1 0 
0 1 0 0 0 
0 0 0 0 1 
1 0 0 0 0 
0 0 0 0 1 
0 0 0 1 0 
0 0 0 1 0 
0 0 0 1 0 
0 0 0 0 1 
0 0 0 1 0 
0 1 0 0 0 
1 0 0 0 0 
0 0 1 0 0 
0 1 0 0 0 
0 1 0 0 0 
0 0 0 0 1 
