5 100
0.432806
0.590495
0.338885
0.721038
0.567438
11.4054 0.173538
10.8477 0.367697
10.2826 0.776779
9.97787 0.250162
9.74707 1.02486
8.89789 0.898218
8.63695 0.689532
8.44272 1.50623
8.33189 1.10526
8.07361 0.964647
8.04347 0.440799
7.82189 1.46753
7.65426 1.61252
7.64902 0.249577
7.54015 1.71735
7.46846 2.04857
7.01777 1.90167
6.71297 0.897635
6.68847 2.16548
6.64137 2.06536
6.51536 2.59118
6.39597 1.4224
6.39005 1.86495
6.22319 0.978791
6.13888 1.69915
6.13511 1.31891
5.98508 2.15423
5.87409 1.14541
5.82058 1.75861
5.57271 1.2482
5.45208 2.55126
5.28518 2.31412
5.18213 3.61309
5.1329 2.63242
5.01914 2.52532
4.48552 2.53661
4.29908 2.22989
4.13186 2.81711
4.02133 3.37403
4.0167 3.92724
3.94946 4.05437
3.90679 3.15417
3.85209 2.4162
3.85151 3.11178
3.70917 3.12299
3.63033 5.28139
3.5846 2.90458
3.50258 4.44946
3.40921 3.99679
3.36446 5.19846
3.25405 3.17773
3.02019 4.08522
3.01177 2.8807
2.74723 4.46608
2.73782 4.43884
2.51454 4.82797
2.5093 5.38781
2.47628 4.52917
2.41466 3.68012
2.3641 5.56325
2.28113 6.49274
2.28064 4.77958
2.20148 6.5424
2.15567 4.25483
2.07172 5.49123
2.05173 5.46073
2.01646 5.53565
1.92615 5.49679
1.89533 5.18171
1.80252 6.34889
1.73668 5.35921
1.48136 5.07391
1.40828 4.37955
1.28093 5.0548
1.0233 6.51083
0.993895 6.14314
0.941482 6.98135
0.831021 8.09105
0.697781 8.35591
0.684813 7.5706
0.66806 9.35359
0.653804 8.07438
0.647836 5.99222
0.639634 6.92056
0.474385 7.60249
0.451674 8.68933
0.390903 9.90362
0.368861 6.39073
0.361778 8.20989
0.27014 8.82004
0.140939 7.65348
0.0958117 10.9109
0.0855909 10.9903
0.0797935 8.33366
0.0678152 8.11797
0.0533786 9.54379
0.0396183 7.10834
0.00284482 11.3117
0.00218478 10.4702
0.0019922 10.3408
0.459643 0 0 0 0.540357 
0.135351 0.486341 0.378308 0 0 
0 0.221913 0.409896 0.317184 0.0510067 
0 0.346824 0 0 0.653176 
0 0 0 0 1 
0.381523 0 0.368722 0 0.249755 
0.247418 0.373625 0.195575 0.183382 0 
1 0 0 0 0 
0 0.467889 0 0 0.532111 
0.248919 0 0.0685977 0.24751 0.434973 
0.358382 0.104125 0.300937 0.236557 0 
1 0 0 0 0 
0 0 1 0 0 
0.185298 0 0.430457 0.384245 0 
0 0 1 0 0 
0 0.271915 0 0.285959 0.442126 
0.826258 0 0 0 0.173742 
0.297682 0 0.383692 0.318626 0 
0.390607 0.122417 0 0.145337 0.341639 
0.105868 0 0 0.542195 0.351936 
0.266889 0 0.312045 0.0650143 0.356052 
0 0 0 1 0 
0.248663 0.41299 0.0987303 0.167647 0.0719703 
0 0.507376 0.205877 0 0.286747 
0.319086 0.680914 0 0 0 
0.375732 0.189592 0.434675 0 0 
0.0780786 0.455523 0 0.466399 0 
0.364732 0.406407 0 0.228861 0 
0 0 0.316713 0.202509 0.480778 
0 0.536694 0 0.463306 0 
0.12168 0 0.441985 0.178677 0.257657 
0 0.322171 0 0.178507 0.499322 
0.4088 0 0 0.5912 0 
0.360825 0.291347 0.118453 0.159539 0.0698349 
0 0 0.316707 0.35369 0.329603 
0.387743 0 0.338001 0 0.274256 
0.568715 0 0.19132 0 0.239965 
0.535338 0.464662 0 0 0 
0.40023 0.0639156 0 0.535855 0 
0 0.582805 0.417195 0 0 
0 0.247309 0.418853 0 0.333839 
0.248714 0 0.249849 0.214122 0.287315 
0.478289 0.142063 0.148823 0 0.230824 
0.230158 0.352541 0.356223 0 0.0610775 
0.462645 0.327182 0.210173 0 0 
0 0.330954 0.483945 0 0.185101 
0.672668 0.243621 0.0837117 0 0 
0 0.37418 0.471076 0.154744 0 
0.0922491 0.11021 0 0.408964 0.388578 
0.174314 0.180635 0 0.379513 0.265538 
0.0933025 0 0 0.710276 0.196421 
0.22173 0.127233 0.189551 0.275603 0.185882 
0.403511 0.596489 0 0 0 
0.350351 0 0.494855 0.154794 0 
0.359201 0.126455 0.514344 0 0 
0.170882 0 0.455814 0 0.373304 
0 0.16835 0.61326 0.21839 0 
0.201348 0.390614 0.0764187 0 0.331619 
0.310557 0.379653 0.159727 0 0.150063 
0 0 0.204091 0.646048 0.149861 
0 0.437406 0.307721 0 0.254873 
0.262288 0.206911 0 0.211443 0.319358 
0.225227 0.29329 0 0.19822 0.283263 
0.346541 0.391376 0.262083 0 0 
0.564256 0 0 0.435744 0 
0 0 0.335974 0.664026 0 
0 0.262454 0.329323 0.122508 0.285715 
0 0 0 1 0 
0.181223 0 0.558003 0 0.260774 
0.462322 0.10905 0.259122 0.169505 0 
0.113189 0.496866 0.14091 0 0.249035 
0.178593 0.224016 0.352086 0.0628209 0.182484 
0.295673 0.303892 0.0541598 0.346275 0 
0.566906 0 0 0.161804 0.271291 
0.323771 0.281171 0 0.0903324 0.304726 
0.338506 0.661494 0 0 0 
0.503509 0 0 0 0.496491 
0.555021 0 0 0.270131 0.174848 
0 0.103883 0.176879 0.385707 0.33353 
0.40808 0.103226 0 0 0.488695 
0 0.144213 0.218965 0.310874 0.325948 
0 0 0 0.518538 0.481462 
0 0 0 0.793938 0.206062 
0.214435 0.169287 0 0.211108 0.40517 
0 0 0.421816 0 0.578184 
0.230961 0 0.146935 0.286727 0.335377 
0 0 0.331758 0.668242 0 
0.267362 0.185422 0.182146 0.121427 0.243642 
0.127851 0.319653 0.177382 0.224847 0.150267 
0.414771 0 0.150975 0.434254 0 
0 0.604638 0 0.395362 0 
0.331318 0 0.471417 0 0.197266 
0 0.139812 0.369351 0.490837 0 
0.301271 0 0 0.698729 0 
0 0 0 0 1 
0 0.466482 0 0.414511 0.119008 
0 0.172963 0 0 0.827037 
0.25148 0.383071 0.36545 0 0 
0.372373 0 0 0 0.627627 
0 0.167654 0.251871 0.309609 0.270866 
