5 100
0.480744
0.495492
0.622401
0.41701
0.566766
11.9331 0.147076
11.3745 0.270031
10.5328 0.339459
10.1196 0.637324
9.6138 0.254309
8.90594 0.11707
8.61703 1.72047
8.34735 1.05612
7.85272 1.98616
7.6793 2.01379
7.22811 2.4391
7.10085 0.866038
7.05452 1.90462
6.96408 2.05715
6.49678 1.53142
6.20298 3.18801
6.19585 1.54739
5.79443 3.18272
5.76498 3.13598
5.58873 3.38533
5.51636 2.17262
5.29653 1.83849
5.23867 2.37848
4.05376 4.34615
3.95933 3.40594
3.58333 3.28163
3.57437 3.51579
3.49125 3.36572
3.31268 3.56192
3.22275 3.66822
3.21673 3.69719
3.21639 3.47669
3.18932 5.57827
3.06999 5.68648
2.9228 4.609
2.89625 4.26819
2.82921 5.06783
2.81584 5.48697
2.76154 3.82741
2.71598 3.96646
2.59987 5.9931
2.50785 3.62203
2.42834 6.2424
2.37031 3.76537
2.36462 4.66743
2.3623 4.43538
2.36184 6.94068
2.26338 4.50066
2.00553 5.57865
1.99383 6.00648
1.98751 5.47953
1.92155 5.05177
1.87132 5.55764
1.8209 5.50805
1.71011 4.67091
1.67559 7.29395
1.64378 6.50131
1.50384 4.32555
1.45118 4.41168
1.33229 8.18362
1.30396 8.26404
1.2955 4.63422
1.14507 7.66065
1.14326 4.85501
1.10538 6.81314
1.03328 5.30073
0.974958 7.23183
0.932814 6.46206
0.724495 7.90887
0.685501 6.74653
0.685019 5.57275
0.680457 8.78834
0.665384 9.01555
0.639933 6.98663
0.621044 6.2056
0.62074 6.99105
0.617244 8.61156
0.576883 7.06465
0.552259 8.18199
0.499328 9.46395
0.425281 9.37106
0.365912 7.01164
0.270283 8.9981
0.266371 6.50375
0.258925 9.79299
0.240981 8.6553
0.226244 10.0776
0.167733 8.18907
0.162688 10.1899
0.0376972 8.79077
0.0373743 9.74642
0.0286092 10.4086
0.0145593 7.43822
0.00865216 11.5221
0.00838792 8.10232
0.00779911 8.15617
0.00660905 10.328
0.00465664 7.85211
0.00429697 10.8179
0.00208022 11.3489
0 0 0.515138 0 0.484862 
0 0 0 1 0 
0 0 1 0 0 
0 0 0 0 1 
0 1 0 0 0 
0 0 1 0 0 
0 1 0 0 0 
0 1 0 0 0 
0 0 0 1 0 
0 0 1 0 0 
0 1 0 0 0 
1 0 0 0 0 
1 0 0 0 0 
0 0 0 1 0 
0 0 1 0 0 
0 1 0 0 0 
0 1 0 0 0 
0 1 0 0 0 
0 0 0 1 0 
0 0 0 1 0 
0.238634 0.761366 0 0 0 
0 0 1 0 0 
0 0 0 1 0 
1 0 0 0 0 
0 0 1 0 0 
0 1 0 0 0 
0 0 0.535133 0 0.464867 
1 0 0 0 0 
0 0 1 0 0 
0 0 0 1 0 
0 0 0.718894 0.281106 0 
0 0.508743 0.491257 0 0 
0 0 0 0 1 
0 0 1 0 0 
0 0 1 0 0 
0.282336 0 0 0 0.717664 
0 1 0 0 0 
0.491256 0 0 0 0.508744 
0 1 0 0 0 
0 0.505884 0 0.494116 0 
0 0 0 1 0 
0 0 1 0 0 
0 0 0 1 0 
0 0 1 0 0 
0 0 1 0 0 
0 1 0 0 0 
0 0.395386 0 0 0.604614 
0 0 0 1 0 
0 0 0 0 1 
0 0 1 0 0 
1 0 0 0 0 
0.388619 0 0 0 0.611381 
0 0 0 1 0 
0 1 0 0 0 
1 0 0 0 0 
0 0 0 1 0 
0 0 0 0 1 
0 1 0 0 0 
0 0 0.352166 0 0.647834 
0 0 0 0 1 
0 0 0 0 1 
0 0 1 0 0 
0 0 0 1 0 
0 0 0 1 0 
0 0 1 0 0 
1 0 0 0 0 
0.186356 0 0.212381 0 0.601263 
0.325195 0.674805 0 0 0 
0 1 0 0 0 
1 0 0 0 0 
0 0 0 0 1 
0 0.628991 0.371008 0 0 
1 0 0 0 0 
0 0 1 0 0 
0 1 0 0 0 
0 0 1 0 0 
0 0.878529 0 0.121471 0 
1 0 0 0 0 
0 1 0 0 0 
1 0 0 0 0 
0 0 0 0 1 
0 0 1 0 0 
0 0 1 0 0 
0 0.378851 0 0.621149 0 
0 0 0 0 1 
1 0 0 0 0 
0 0 0 1 0 
0 0 1 0 0 
0 0 0 0 1 
0 0 0 1 0 
0 0 0 1 0 
0 0 1 0 0 
0.642612 0 0 0 0.357388 
0 0.269888 0 0 0.730112 
0 0.12132 0 0.878681 0 
1 0 0 0 0 
1 0 0 0 0 
0 0 0 0 1 
1 0 0 0 0 
0 1 0 0 0 
