5 150
0.412141
0.472006
0.432466
0.730418
0.698097
10.9775 0.393204
10.7571 0.382538
10.1955 0.889604
9.82453 0.870078
9.0955 1.58942
8.53603 0.705979
8.3958 0.812831
8.2753 0.630768
8.15001 0.151209
8.00563 0.704311
7.82549 1.75151
7.8002 1.1802
7.31179 0.129551
7.26456 0.810833
7.22361 1.71698
7.2127 1.76947
7.21226 1.60526
7.12254 1.47824
7.09863 2.55042
7.08522 0.401495
7.01768 0.803529
6.85191 2.42953
6.82657 0.56653
6.74195 2.20839
6.73745 2.37606
6.73635 1.98651
6.71017 1.77634
6.27183 2.67608
6.2509 2.30658
6.14078 3.00376
6.09085 2.60041
5.90369 1.46982
5.90067 1.76803
5.74489 3.03487
5.70664 1.96533
5.59163 1.2275
5.21493 2.28911
5.18597 3.13285
5.03614 2.54828
4.99432 4.2239
4.85096 3.09771
4.70106 3.98873
4.66719 3.54814
4.65304 2.64433
4.41553 3.29591
4.07701 3.82274
4.03518 3.9896
3.99024 4.81062
3.88927 2.94514
3.75705 4.9432
3.74704 3.15168
3.63705 4.19271
3.54494 3.85875
3.42376 4.06956
3.38665 2.69557
3.30554 5.33565
3.2305 2.8055
3.17023 3.2667
3.04387 4.48237
2.96412 4.94012
2.93402 4.78735
2.93213 3.45179
2.78338 5.62692
2.7095 4.38497
2.67912 4.23573
2.65364 5.34593
2.54173 4.14499
2.53074 4.57969
2.53007 5.56873
2.48056 5.20816
2.42916 5.72684
2.31564 4.73164
2.27504 5.89867
2.19315 4.35256
2.14409 7.0138
2.10955 5.77291
1.90331 4.80098
1.85686 6.16246
1.85176 5.54953
1.73056 5.70429
1.70904 7.25243
1.66334 4.41433
1.62132 6.11264
1.61227 5.84496
1.50187 6.18018
1.46715 7.14593
1.30477 5.86209
1.28719 6.39019
1.21705 5.52053
1.16581 5.79636
1.11217 8.47901
1.10009 6.83107
1.09267 5.90306
1.02269 5.31411
0.975926 8.69421
0.921108 5.82313
0.897502 5.54619
0.847203 8.84281
0.805253 7.39091
0.76956 7.53196
0.76297 7.84137
0.713957 8.12456
0.712087 6.35218
0.704048 5.73156
0.692391 6.64828
0.675945 5.51502
0.671065 8.80086
0.65466 8.49181
0.596825 6.64778
0.59344 5.82199
0.578658 6.63645
0.553792 8.85771
0.499319 8.00338
0.498668 6.43093
0.497949 8.46675
0.467221 7.26838
0.456519 9.58406
0.445329 9.79426
0.398788 8.21661
0.360221 9.21407
0.354798 7.58454
0.295779 8.48789
0.254801 9.54939
0.254606 7.71529
0.244832 7.0403
0.235286 8.57207
0.217381 7.82838
0.207221 10.2628
0.201595 9.11315
0.143307 10.4775
0.141266 9.23788
0.0931964 10.885
0.0883874 7.79934
0.0830404 7.98689
0.0811267 6.94208
0.078986 10.111
0.0670216 7.82022
0.0495445 10.8162
0.0442734 9.51917
0.0288342 10.6613
0.0275425 11.254
0.0250383 7.9836
0.018555 8.54203
0.0117346 9.33278
0.00723709 10.8997
0.00318373 10.3859
0.00234287 11.1006
0.00168139 11.7624
0.00127839 10.207
0.000876961 7.53293
1 0 0 0 0 
0 0 0 0 1 
0 0 0 1 0 
0 1 0 0 0 
0 0.499311 0 0.500689 0 
0 0 0 0 1 
0 0 0 1 0 
0 0 0 0 1 
0 1 0 0 0 
0 0 1 0 0 
0 0 1 0 0 
0 1 0 0 0 
0 0 0 0 1 
1 0 0 0 0 
0 0 1 0 0 
0 0 1 0 0 
0 0 0 1 0 
1 0 0 0 0 
0 1 0 0 0 
0 0 0 1 0 
0 1 0 0 0 
0 0 0 0 1 
0 0 0 1 0 
0 0 0 0 1 
0 0.358325 0 0 0.641675 
0 0 1 0 0 
0 0.44539 0 0 0.55461 
0 0 1 0 0 
0 0 0.549623 0.450377 0 
1 0 0 0 0 
0 0 0 1 0 
0 0 0 0 1 
0 0 0 0 1 
0 0 0 1 0 
0 0 1 0 0 
0 0 1 0 0 
1 0 0 0 0 
0 0.492999 0 0.507001 0 
1 0 0 0 0 
0 0 0.553853 0.446147 0 
1 0 0 0 0 
1 0 0 0 0 
1 0 0 0 0 
0 0 0 1 0 
0 0.484777 0.515224 0 0 
1 0 0 0 0 
0 1 0 0 0 
1 0 0 0 0 
1 0 0 0 0 
0 1 0 0 0 
0 1 0 0 0 
1 0 0 0 0 
0 1 0 0 0 
0 1 0 0 0 
0 0 1 0 0 
0 0 0 1 0 
0.535051 0.464949 0 0 0 
0 0 1 0 0 
0 0 1 0 0 
1 0 0 0 0 
1 0 0 0 0 
0 0 0.480708 0 0.519292 
0.837331 0 0 0.162669 0 
0 0 1 0 0 
0 0 1 0 0 
0 0 1 0 0 
0 0.113319 0 0.637816 0.248864 
0 1 0 0 0 
0 0 0 1 0 
0 1 0 0 0 
0 0 0.121746 0.878254 0 
0 0 0 1 0 
0 0 0 0 1 
1 0 0 0 0 
0 0 0 1 0 
0 0 0 0 1 
0 1 0 0 0 
0 1 0 0 0 
1 0 0 0 0 
0 0 0 0.816506 0.183494 
0 0.457707 0.273672 0.268622 0 
0 0 1 0 0 
0 0 0 0 1 
1 0 0 0 0 
0 1 0 0 0 
0 0 0 1 0 
0 1 0 0 0 
0 0 0 1 0 
0 0 0 0.181104 0.818896 
0 0 1 0 0 
1 0 0 0 0 
0.415771 0.584229 0 0 0 
0.368562 0 0.145304 0.486134 0 
0 0 0 0 1 
0 0 1 0 0 
0 0 0 1 0 
0 0 0 0 1 
0 0 1 0 0 
1 0 0 0 0 
0 0 1 0 0 
1 0 0 0 0 
0.648214 0.351786 0 0 0 
0 0 0 1 0 
0.450987 0.300817 0 0.248196 0 
0.363272 0 0 0.636728 0 
0 0 0 0 1 
0 0 0 0 1 
0 0 0 1 0 
1 0 0 0 0 
0 0 0 0 1 
0 1 0 0 0 
0 0 0 0 1 
0 0 0 0 1 
0 0 0 0 1 
1 0 0 0 0 
0 0 1 0 0 
0 0 1 0 0 
0 0 1 0 0 
0.453671 0 0.546329 0 0 
0 0 0 0.287751 0.712249 
0 0 1 0 0 
0 1 0 0 0 
0 0 0 0 1 
0 1 0 0 0 
0 0 0 1 0 
0 0 1 0 0 
0 0 0 0 1 
1 0 0 0 0 
0 0 0 0 1 
0 0.729934 0 0 0.270066 
0 1 0 0 0 
1 0 0 0 0 
0.352205 0.647795 0 0 0 
1 0 0 0 0 
1 0 0 0 0 
0 0 1 0 0 
0 1 0 0 0 
0 0 0 0 1 
0 0 1 0 0 
1 0 0 0 0 
0 0 1 0 0 
0.36991 0 0 0 0.63009 
0 1 0 0 0 
0 1 0 0 0 
1 0 0 0 0 
1 0 0 0 0 
0.566734 0 0 0 0.433266 
0 1 0 0 0 
1 0 0 0 0 
0 0 1 0 0 
