5 150
0.421855
0.294712
0.628489
0.306318
0.636194
10.5257 0.370986
10.201 0.934109
9.16087 1.31806
8.98455 0.328279
8.94199 1.12055
8.8151 0.661439
8.72272 0.786428
8.72225 1.10452
8.67221 0.399079
8.46365 0.414907
8.33096 1.69982
8.06352 1.95172
7.52744 1.87916
7.49062 0.92029
7.48231 0.868699
7.35278 1.08378
6.9341 1.94076
6.8783 0.686243
6.83415 1.07893
6.82509 1.86816
6.46917 1.03305
6.4467 2.90233
6.20312 1.58305
6.17264 3.38153
6.12324 2.27076
6.05984 2.9238
5.93993 1.2529
5.86895 2.29752
5.76038 2.45423
5.70962 2.50468
5.66996 2.15481
5.58805 2.18476
5.57224 3.30209
5.54938 1.99422
5.5393 3.3565
5.50317 3.04033
5.40776 1.36867
5.366 3.05229
5.28838 2.71515
5.25212 1.77523
5.09496 2.79398
4.90605 1.92443
4.85968 2.40412
4.83793 3.41899
4.81604 3.33605
4.80701 3.19486
4.73316 1.9745
4.70353 2.38613
4.59362 2.57985
4.58443 2.4618
4.20571 3.03829
4.1959 3.48046
4.18367 4.47298
4.13873 3.37541
4.12861 4.88444
4.00734 4.31103
3.84523 3.84771
3.63328 3.78131
3.61367 4.23785
3.60488 3.63216
3.46351 3.76214
3.44131 2.55444
3.43957 4.98503
3.42354 3.07998
3.31831 5.22916
3.20524 3.51714
3.16267 4.62811
3.13853 5.43836
2.95507 4.08441
2.8496 2.99931
2.81414 5.85393
2.776 4.82834
2.76509 4.7293
2.70767 4.03876
2.67136 4.57524
2.61754 4.99745
2.49203 6.42141
2.46128 5.80855
2.42423 6.64007
2.42255 5.43132
2.37545 3.82489
2.18586 4.78482
2.1651 5.97577
2.13482 4.60612
2.10857 5.20572
2.09453 5.88653
1.85419 5.00679
1.83927 4.61546
1.80681 4.34613
1.79442 5.92903
1.76154 4.86055
1.57753 6.72816
1.45262 5.93309
1.40446 7.39017
1.39505 7.76749
1.38538 7.2889
1.38127 6.11659
1.3795 4.96457
1.27456 8.21406
1.14989 6.69553
1.13225 5.96027
1.11389 7.89633
1.08775 5.25673
1.00555 7.55052
0.999884 6.2103
0.977891 8.70915
0.92163 8.24899
0.903238 7.53552
0.82389 6.49737
0.809642 6.52926
0.797311 7.02867
0.794446 6.62777
0.750643 5.84769
0.701706 5.64352
0.65053 8.70983
0.602019 5.41033
0.576048 6.57059
0.491262 6.43667
0.481055 9.34186
0.479373 9.19327
0.46218 7.15947
0.45043 8.14221
0.428445 9.99676
0.330812 9.82535
0.29386 9.4801
0.257551 6.97173
0.240306 8.56748
0.197404 6.55056
0.138109 9.56041
0.126616 8.15197
0.119767 9.74936
0.113565 10.6987
0.11256 7.97033
0.099672 9.20378
0.0982645 9.13158
0.0925458 7.67044
0.0758494 9.91957
0.0630118 10.0575
0.0594024 8.78662
0.0574338 11.0977
0.0551331 8.79691
0.0466737 11.5447
0.0464953 9.14115
0.0400887 10.2878
0.0325215 9.09071
0.0322667 11.7486
0.0224679 7.18805
0.0170674 10.0096
0.0127943 12.0069
0.00386868 11.6437
0 1 0 0 0 
0 0 1 0 0 
0 0 1 0 0 
0 1 0 0 0 
0 1 0 0 0 
0 1 0 0 0 
0 1 0 0 0 
0 0 0 0 1 
0.479461 0 0 0.520539 0 
1 0 0 0 0 
0 0 0 0 1 
0 0 0 1 0 
0 1 0 0 0 
0 0 0 0 1 
1 0 0 0 0 
0 1 0 0 0 
0 0 1 0 0 
0 0 0 0 1 
1 0 0 0 0 
0 0 1 0 0 
0 1 0 0 0 
0 0 0 1 0 
0 0.4448 0.176767 0.378433 0 
0 0 0 0 1 
0 1 0 0 0 
0 0 0 0 1 
0 0 1 0 0 
0 0 0 1 0 
0 0 0 1 0 
0 0 1 0 0 
1 0 0 0 0 
0 0 0 0 1 
0 0 0 1 0 
0 0.34458 0.65542 0 0 
1 0 0 0 0 
0 1 0 0 0 
0 0 0 1 0 
1 0 0 0 0 
0 0 1 0 0 
0 1 0 0 0 
1 0 0 0 0 
0 0 0.625395 0 0.374605 
0 0 0 0 1 
0.623519 0.376481 0 0 0 
0 1 0 0 0 
1 0 0 0 0 
0 0.773919 0 0.226081 0 
0 0 0 1 0 
0.668817 0 0.331183 0 0 
1 0 0 0 0 
1 0 0 0 0 
0 0 0 0 1 
0 1 0 0 0 
0 0 1 0 0 
0 0 0 0 1 
0 0 0 1 0 
0 0 0 0 1 
0 0 1 0 0 
0 1 0 0 0 
0.784325 0 0 0.215675 0 
0 0 1 0 0 
1 0 0 0 0 
0 0 1 0 0 
0 0 1 0 0 
0 0 0 0 1 
0 0.468709 0 0 0.531291 
0 0.535688 0 0 0.464312 
0 0 1 0 0 
0 0 0 1 0 
0.218844 0 0 0 0.781156 
0 0 0 1 0 
0 0 0 1 0 
1 0 0 0 0 
0 0.294876 0 0.439996 0.265128 
0 0 0 0.469592 0.530408 
0 1 0 0 0 
0 0 0 1 0 
0 0 1 0 0 
1 0 0 0 0 
0 0 0 0 1 
0 0 1 0 0 
0 0 0 0 1 
0 0 0 1 0 
0 1 0 0 0 
0 0 1 0 0 
0 1 0 0 0 
0 0 0 1 0 
0 0 0 1 0 
1 0 0 0 0 
0 0 0.52214 0 0.47786 
0 1 0 0 0 
0.251466 0 0 0.748534 0 
0 0 0 0 1 
0 1 0 0 0 
0 0 1 0 0 
1 0 0 0 0 
0.405132 0.594868 0 0 0 
0 1 0 0 0 
0 0 1 0 0 
0 0 1 0 0 
0 0.146597 0 0 0.853403 
0 1 0 0 0 
0 0 0.184996 0.815004 0 
0 0 1 0 0 
1 0 0 0 0 
0 0 1 0 0 
0 0 0 1 0 
0 0 0.541033 0 0.458967 
0 0.402744 0.448916 0.14834 0 
0 0 0.385951 0.614049 0 
1 0 0 0 0 
0 0 0 0 1 
0 0 0 1 0 
0 1 0 0 0 
0 0 0 0 1 
0 1 0 0 0 
0 0 1 0 0 
0 0 1 0 0 
0 0 0 1 0 
0.159752 0 0.840248 0 0 
0 0 0 0 1 
1 0 0 0 0 
0 0 0 1 0 
0 1 0 0 0 
0 1 0 0 0 
0 0 0 0 1 
0 0 0 0 1 
0 0 0.3842 0 0.6158 
0 0 0.644032 0 0.355968 
0 0 0 0 1 
1 0 0 0 0 
0 0 1 0 0 
0 0 0 0 1 
0 0 1 0 0 
0 0 0 0 1 
0 1 0 0 0 
1 0 0 0 0 
0 0 0.625325 0.374675 0 
0 0 0 1 0 
0 0 0.484686 0.515314 0 
0 0 0 0 1 
0 0 0 1 0 
0 1 0 0 0 
0 0 1 0 0 
0 0 0 0 1 
0 0 0 0 1 
0 0 0 0 1 
0 1 0 0 0 
0 0.516848 0 0 0.483152 
0 1 0 0 0 
