5 150
0.321765
0.507707
0.557964
0.312438
0.446326
11.3343 0.29596
11.3221 0.410146
11.1199 0.12009
11.0275 0.260931
10.0385 0.614454
9.95371 0.742956
9.38826 0.261311
9.03801 1.39322
8.51617 1.6457
8.20816 1.88407
8.13851 0.773532
8.01084 1.5277
7.94997 1.80329
7.64312 1.03049
7.5643 0.135041
7.46639 1.18595
7.38215 1.60478
7.30659 0.705564
7.29826 1.14341
7.14528 0.879026
7.10163 1.95397
7.09973 1.46741
6.95547 2.22833
6.84664 1.17755
6.70109 0.645099
6.52075 1.86646
6.47772 2.18285
6.41294 1.86763
6.40979 1.91257
6.33434 2.5632
6.27798 1.98944
6.23079 3.07635
5.94575 1.97766
5.83667 1.58056
5.80644 3.48123
5.67832 1.96134
5.62013 1.63988
5.60283 2.34363
5.40412 2.24005
5.21965 1.81689
5.21541 3.15747
4.97086 1.87857
4.94043 2.53053
4.92489 2.84759
4.89512 3.2809
4.77285 3.30546
4.77202 2.04625
4.5914 4.1584
4.52199 2.21771
4.46836 2.67288
4.37955 3.74199
4.37707 3.51008
4.28327 2.84273
4.25875 4.38615
4.17534 4.25784
3.94428 4.30915
3.69896 2.87378
3.69459 3.35625
3.57698 3.99989
3.47525 2.69855
3.47245 3.11465
3.44267 3.65683
3.37326 4.566
3.34596 4.43847
3.20289 5.068
2.92891 5.22137
2.84622 4.66592
2.72583 4.34941
2.66858 5.00402
2.60393 4.71104
2.59428 3.61386
2.58422 4.4546
2.51102 5.44366
2.49841 5.46227
2.44748 4.50652
2.16784 4.01588
2.06029 6.78999
2.05701 5.23648
1.97771 5.1135
1.95566 4.19199
1.86651 7.32975
1.81626 5.82965
1.76168 5.2322
1.62333 5.51813
1.58252 5.38895
1.54934 5.62527
1.51084 7.22248
1.38701 6.56819
1.38601 6.25968
1.31431 7.29119
1.29435 5.95077
1.29254 5.68789
1.2714 5.53209
1.26737 5.57469
1.16615 7.11244
1.15487 5.62726
1.12317 8.32038
1.11288 7.68471
1.06975 5.71287
1.06007 8.34675
0.978124 8.14004
0.973699 7.81145
0.894071 8.82399
0.885911 6.07395
0.824958 8.76231
0.710663 6.11639
0.689638 7.29908
0.673355 7.00544
0.647629 9.50497
0.618191 6.39261
0.58463 6.77976
0.583112 7.94724
0.556781 9.34911
0.525312 8.37606
0.520907 8.09544
0.517611 9.10283
0.454908 6.98661
0.397972 7.08855
0.359409 7.89228
0.355392 5.92979
0.347204 7.76403
0.303448 6.77135
0.303381 7.20079
0.297314 9.63848
0.293407 9.71349
0.260268 8.61444
0.232059 10.0996
0.220675 9.56311
0.213253 9.78541
0.196718 7.53498
0.171056 7.61876
0.164302 9.37019
0.158303 10.4964
0.152342 9.25315
0.14709 7.79567
0.120161 10.2317
0.119852 8.45794
0.11359 7.5364
0.0983851 7.68324
0.0935259 9.25023
0.0733076 9.0609
0.0676097 11.2511
0.0429663 8.89622
0.0314116 11.5386
0.0219541 9.00647
0.0206598 11.5035
0.0175885 11.0762
0.0175798 8.60884
0.00775569 7.70023
0.00721163 11.4016
1 0 0 0 0 
0 1 0 0 0 
0.467818 0 0 0 0.532182 
0 0 0 0 1 
0 1 0 0 0 
0 0 0 0 1 
1 0 0 0 0 
0 0 1 0 0 
0 0.859513 0.140487 0 0 
0 1 0 0 0 
0 0.30631 0 0.69369 0 
0 0 0 1 0 
0 0 0 1 0 
1 0 0 0 0 
1 0 0 0 0 
0 0 0 0 1 
0 0 0 1 0 
0 1 0 0 0 
0 0 0 0 1 
0.572727 0 0.427273 0 0 
0 0 0 1 0 
0 0 0 1 0 
0 0 1 0 0 
0 0 1 0 0 
1 0 0 0 0 
1 0 0 0 0 
0 0 0 0 1 
0 0 1 0 0 
0 0 1 0 0 
1 0 0 0 0 
0 1 0 0 0 
0 0 0 0 1 
0 1 0 0 0 
0 0 1 0 0 
0 0 0 1 0 
0.701539 0 0.298461 0 0 
0.669942 0 0.330058 0 0 
1 0 0 0 0 
0 0.372794 0.627205 0 0 
0 0 0 0 1 
0 1 0 0 0 
0.688219 0 0 0 0.311781 
0 0 0 1 0 
0 0 0 0.204246 0.795754 
0 0 0 0 1 
0 0 0 1 0 
0 0 0 0 1 
1 0 0 0 0 
0 0 0 1 0 
0 1 0 0 0 
0 0 0 0 1 
0 0 0 1 0 
0 0 0 0 1 
0 0 1 0 0 
0 1 0 0 0 
0 0 0.343556 0 0.656444 
0 1 0 0 0 
0 0 0 1 0 
0 0 0.649169 0.350831 0 
1 0 0 0 0 
0 1 0 0 0 
0 0 0 0 1 
0 1 0 0 0 
1 0 0 0 0 
0 1 0 0 0 
0 0 0.404847 0.595153 0 
1 0 0 0 0 
0 0 0 1 0 
0 0.758309 0 0.241691 0 
0 0 0 0 1 
0 0.573799 0.426201 0 0 
0 0 1 0 0 
0 0.809961 0 0 0.190039 
0 0 0 0 1 
0 0 1 0 0 
0 1 0 0 0 
0 0 1 0 0 
0 0 0 1 0 
1 0 0 0 0 
0 0 0 1 0 
1 0 0 0 0 
0 0 0 1 0 
0 1 0 0 0 
0 0 0 0 1 
0 0 0 0.775497 0.224503 
0.350734 0 0 0 0.649266 
0.599547 0 0.400453 0 0 
1 0 0 0 0 
0 0 1 0 0 
1 0 0 0 0 
0 0 0 0 1 
0 0 0 1 0 
0 0 0 1 0 
1 0 0 0 0 
0 1 0 0 0 
1 0 0 0 0 
1 0 0 0 0 
0 0 1 0 0 
0 1 0 0 0 
0 1 0 0 0 
0 0 1 0 0 
0 1 0 0 0 
0 0 0 0 1 
0 1 0 0 0 
0 0 1 0 0 
0 0 1 0 0 
0 0 0 0 1 
0 0 0 0 1 
0 0 0.308218 0 0.691782 
0 1 0 0 0 
0.248169 0 0 0.751831 0 
0 0 0 0.55702 0.44298 
0.736098 0.263903 0 0 0 
1 0 0 0 0 
0 0 0 1 0 
0 0 0 1 0 
0 0 0 1 0 
0.410076 0.589924 0 0 0 
0 0 0 1 0 
1 0 0 0 0 
0 0 0 1 0 
0 0 0 1 0 
0.470505 0 0 0.529495 0 
1 0 0 0 0 
0 0 1 0 0 
0.365439 0 0 0.634561 0 
0 0 0 0 1 
0.338069 0 0 0.661931 0 
1 0 0 0 0 
0 0 0 0 1 
0 0 1 0 0 
0.463407 0 0 0 0.536593 
0 0 0 1 0 
0.664741 0 0 0 0.335259 
0 0 1 0 0 
0 0 0 1 0 
0 0 0 1 0 
0 0 0.391302 0 0.608698 
1 0 0 0 0 
0 0 0 1 0 
0 0.400609 0.599391 0 0 
0 0 0 1 0 
0 0 0 1 0 
0 0 1 0 0 
0 0 0 0 1 
0 0 0 1 0 
0 0 0 0 1 
0 0 1 0 0 
1 0 0 0 0 
1 0 0 0 0 
