5 50
0.356479
0.536355
0.648724
0.705092
0.557535
9.92141 0.325557
9.88149 0.468633
9.10586 0.985501
7.80659 1.65946
7.51398 0.133293
7.50819 0.76095
7.01685 2.13608
6.63038 1.416
6.49059 2.53601
6.44246 2.04854
6.42206 3.07039
6.4189 2.08487
6.18597 1.75161
6.11579 1.59944
6.02989 1.3705
5.33631 3.15171
5.32849 3.46674
5.06402 2.74889
4.82002 2.59466
4.7024 3.85082
4.49323 2.36056
4.01204 3.71268
3.48344 4.28126
2.88509 3.8941
2.60537 5.82782
2.16014 4.23754
2.07002 5.54235
1.89251 7.11752
1.86352 7.28643
1.84593 5.32994
1.74542 5.04299
1.73899 5.88728
1.65141 6.62912
1.56354 4.55144
1.04365 5.26292
0.902076 7.37685
0.80262 7.80078
0.673435 7.29279
0.487706 7.75094
0.420638 7.78897
0.330375 8.31265
0.297039 8.95002
0.27742 6.89521
0.122982 9.7659
0.0607961 9.36882
0.0435965 11.266
0.0245465 7.49054
0.0205279 9.18889
0.00958823 8.63728
0.00374493 9.81125
0.377141 0 0 0 0.622859 
0.613847 0 0.386153 0 0 
0.183038 0 0.393183 0 0.423779 
0 0.77299 0 0 0.22701 
0.156142 0.146653 0 0.487763 0.209443 
0.216299 0.346206 0.301972 0.135523 0 
0.169818 0.313223 0.193292 0 0.323667 
0 0.25602 0.410599 0.33338 0 
0 0.304745 0.330704 0 0.364551 
0.399218 0.0798466 0 0.0722874 0.448648 
0.657834 0 0 0.342166 0 
0.515744 0.484256 0 0 0 
0.313076 0.233713 0.169322 0.184282 0.0996063 
0.153747 0.413754 0.291234 0 0.141265 
0 0.0688537 0.166272 0.394498 0.370376 
0.216803 0 0.528627 0.254569 0 
0 1 0 0 0 
0 0 0.142333 0.725562 0.132105 
0 0 0 0.566013 0.433987 
0.14212 0.241775 0.28197 0.0841276 0.250008 
0 0.32261 0.401166 0.276224 0 
0 0.254662 0.745338 0 0 
0.497842 0 0.244266 0.257893 0 
0 0 0 0 1 
0.32135 0.0553801 0 0.306178 0.317092 
0 0.509037 0.151145 0 0.339819 
0 0.607656 0.296171 0 0.0961728 
0.278121 0.3144 0.407479 0 0 
1 0 0 0 0 
0 0.284488 0.346304 0 0.369208 
0.300877 0.359251 0.116272 0 0.223599 
0 0.391091 0.478071 0.130838 0 
0 0.348379 0.514989 0.136633 0 
0 0.734913 0 0.265087 0 
0.364329 0.288065 0 0 0.347606 
0.180516 0.200447 0.192291 0.163491 0.263255 
0.264348 0.299913 0.234696 0.156321 0.0447227 
0 0.205993 0.379725 0.414282 0 
0.437805 0.064492 0.216134 0 0.28157 
0.0883291 0.2326 0.202103 0.23402 0.242948 
0 0.347501 0.478597 0.173902 0 
0 0 0 1 0 
0 0 1 0 0 
0 0.305226 0 0.433519 0.261255 
0 0 0 0.89041 0.10959 
0 0.493613 0 0.149051 0.357336 
0 0.31886 0 0.599841 0.0812988 
0.212425 0.115628 0.0873737 0 0.584574 
0 0 0 0.514638 0.485362 
0.380599 0.475348 0 0 0.144053 
