5 200
0.354526
0.326189
0.280656
0.744186
0.316988
10.5486 0.396668
10.5354 0.366294
9.97972 1.10589
9.91802 1.22925
9.67564 0.442774
9.35199 1.00342
9.1265 1.11631
9.05534 0.733309
9.03736 0.340393
8.51898 0.645857
8.51737 0.404888
8.38865 1.50822
8.1474 0.176997
7.92741 1.87415
7.87949 1.10854
7.87437 1.17603
7.49274 0.207803
7.44872 1.6666
7.3672 1.93763
7.2048 0.374159
7.09416 2.39644
6.57908 1.56806
6.56523 1.05218
6.51724 2.39042
6.51561 1.27574
6.44616 2.75108
6.44168 2.63968
6.21364 2.96101
6.1711 2.40205
6.12594 0.76822
6.0296 2.27539
5.9292 2.46768
5.83465 1.76656
5.6317 1.84497
5.61499 1.83059
5.57925 2.67211
5.52854 2.54415
5.44572 1.57856
5.15046 2.12786
5.13272 2.97505
5.05575 2.07513
4.9373 2.75475
4.88023 3.11031
4.77964 2.87486
4.69077 2.76405
4.66919 2.61917
4.66245 3.97918
4.57327 2.39478
4.4964 2.94348
4.49273 3.94987
4.46525 3.56912
4.46272 2.47587
4.3998 2.76486
4.26428 2.99799
4.23196 4.73603
4.17658 3.94772
4.17277 3.65823
4.10904 2.92192
4.02467 4.3321
3.94652 3.60966
3.93453 2.97779
3.88187 3.82833
3.78642 2.77202
3.77942 3.47702
3.73219 4.38521
3.70341 4.49993
3.64845 4.70378
3.63918 4.20378
3.59991 4.82769
3.59264 4.04384
3.48116 4.20407
3.33662 3.96732
3.28192 4.57732
3.18537 2.8334
3.17093 3.28741
3.14616 4.00866
3.02202 4.26457
3.01577 3.58113
3.00882 4.68367
2.92396 4.2686
2.86399 5.67777
2.86161 4.90134
2.77942 6.42261
2.77549 4.66741
2.70176 4.79501
2.67726 3.84822
2.67489 4.05903
2.64117 3.78873
2.62337 3.87871
2.58122 3.16446
2.52702 4.53359
2.49006 3.99983
2.46663 3.94277
2.45804 5.52147
2.44425 4.17089
2.40072 5.56379
2.23466 6.32135
2.23049 4.00253
2.15258 4.36595
1.91036 6.86708
1.85634 5.99052
1.83339 6.33791
1.79231 4.54197
1.77768 6.9476
1.75172 4.9931
1.74891 5.16478
1.62084 5.09605
1.61133 4.8229
1.5121 5.44602
1.49912 5.55417
1.45423 4.50059
1.45022 6.55579
1.40243 6.26638
1.40072 6.13197
1.28402 7.18034
1.28259 5.79207
1.22194 7.96866
1.19475 4.75933
1.18736 7.60255
1.17944 6.8565
1.14537 5.8755
1.14134 6.17952
1.13918 5.42096
1.10856 7.03082
1.06916 7.23611
1.04526 6.68589
1.04267 7.53888
0.977778 5.77899
0.941505 6.68019
0.928036 7.69014
0.922977 8.06542
0.92168 7.32316
0.897632 7.16889
0.864258 5.3979
0.812685 7.79306
0.797912 6.75788
0.793539 6.57074
0.754936 5.84272
0.741216 8.7986
0.732881 8.74392
0.725646 6.14794
0.71273 8.04563
0.707112 7.59104
0.683092 5.91791
0.674799 7.78226
0.671406 6.3763
0.65885 7.13761
0.656756 7.60346
0.642191 8.91072
0.610863 6.83888
0.568097 7.35601
0.543066 6.39151
0.529503 9.01312
0.448179 6.5994
0.446311 8.02057
0.432448 9.62532
0.410302 9.49493
0.398078 6.79201
0.368907 8.35295
0.348791 8.63788
0.325908 8.52641
0.315939 7.84912
0.290354 8.61997
0.282837 8.95016
0.281021 8.42968
0.275585 8.91553
0.264665 9.69261
0.217103 8.40829
0.211573 10.1833
0.185668 7.20424
0.179018 10.4098
0.178844 9.66784
0.174798 7.37239
0.141479 9.34367
0.131766 7.25313
0.129828 9.4073
0.111919 9.18169
0.110481 9.75773
0.0950358 8.42847
0.0828079 9.15089
0.0770926 8.0556
0.0745661 9.06176
0.0683908 7.58946
0.046554 9.95272
0.0444113 9.96782
0.0339819 11.6257
0.0286603 11.2457
0.0282968 11.5726
0.0272424 7.81638
0.0269667 9.57255
0.020515 8.13954
0.0179264 10.1322
0.0151312 9.09833
0.0125378 8.87527
0.0104595 8.27729
0.00584772 9.6769
0.00508875 7.68901
0.00345462 9.80609
0.00225663 11.621
0.00110013 11.3082
0 0 1 0 0 
0 0 0 0 1 
0 0 0 0 1 
0 0 0 0 1 
0 0 0 1 0 
0 1 0 0 0 
0 1 0 0 0 
0 0 0 1 0 
0 0 1 0 0 
0 0 1 0 0 
1 0 0 0 0 
0 0 0 1 0 
0 0 0 0 1 
0 0 0 1 0 
0 0 1 0 0 
0 0 0 0 1 
0 0 0 0 1 
0 0 0 1 0 
0 0 0 0 1 
1 0 0 0 0 
1 0 0 0 0 
0 0 1 0 0 
0 0 0 0 1 
0 1 0 0 0 
0 0 0 1 0 
0 0 0 1 0 
0 0 0 0 1 
0 0 0 1 0 
1 0 0 0 0 
0 0 0 1 0 
0 0 0 1 0 
0 0 0 0 1 
1 0 0 0 0 
0 0 0 1 0 
0 0 1 0 0 
0 0 1 0 0 
1 0 0 0 0 
0 1 0 0 0 
0 1 0 0 0 
0 0 0 0 1 
0 0 1 0 0 
0 0 0 1 0 
0 0 0 1 0 
0 0 1 0 0 
0 0 0 0 1 
0 1 0 0 0 
0 1 0 0 0 
0 0 0 1 0 
0 1 0 0 0 
1 0 0 0 0 
0 1 0 0 0 
0 0 1 0 0 
0 0 0 0 1 
0 1 0 0 0 
1 0 0 0 0 
0 0 0 1 0 
0 0 0 0 1 
0 0 0 1 0 
0 0 1 0 0 
0 0 1 0 0 
0 0 0 1 0 
0 0 0 1 0 
1 0 0 0 0 
0 1 0 0 0 
0 0 0 0 1 
0 0 1 0 0 
0 1 0 0 0 
0 1 0 0 0 
0 0 1 0 0 
1 0 0 0 0 
0 1 0 0 0 
0 0 0 1 0 
1 0 0 0 0 
1 0 0 0 0 
1 0 0 0 0 
0 1 0 0 0 
0 0 1 0 0 
1 0 0 0 0 
0 0 0 0 1 
0 0 1 0 0 
0 0 1 0 0 
0 1 0 0 0 
0 0 0 0 1 
0 1 0 0 0 
1 0 0 0 0 
0 0 0 0 1 
0 1 0 0 0 
0 0 1 0 0 
0 1 0 0 0 
1 0 0 0 0 
0 0 0 0 1 
0 0 1 0 0 
0 0 0 1 0 
0 0 0 1 0 
0 0 0 1 0 
1 0 0 0 0 
0 0 0 1 0 
0 0 0 0 1 
0 0 1 0 0 
0 0 0 1 0 
1 0 0 0 0 
0 0 0 1 0 
0 1 0 0 0 
1 0 0 0 0 
0 1 0 0 0 
0 0 0 0 1 
0 1 0 0 0 
0 0 0 0 1 
0 0 0 1 0 
1 0 0 0 0 
0 0 1 0 0 
0 0 0 0 1 
0 0 0 1 0 
0 0 0 0 1 
1 0 0 0 0 
0 0 1 0 0 
0 0 1 0 0 
0 1 0 0 0 
0 0 1 0 0 
0 0 0 0 1 
0 1 0 0 0 
0 0 1 0 0 
0 0 0 0 1 
0 0 0 0 1 
0 1 0 0 0 
0 0 0 1 0 
1 0 0 0 0 
0 0 1 0 0 
0 1 0 0 0 
0 1 0 0 0 
0 1 0 0 0 
0 0 1 0 0 
0 1 0 0 0 
0 1 0 0 0 
1 0 0 0 0 
0 0 0 1 0 
0 1 0 0 0 
1 0 0 0 0 
1 0 0 0 0 
1 0 0 0 0 
0 0 0 0 1 
0 0 0 0 1 
0 1 0 0 0 
0 1 0 0 0 
0 0 0 1 0 
0 0 1 0 0 
0 0 1 0 0 
0 0 0 0 1 
0 0 0 0 1 
0 0 0 1 0 
0 0 1 0 0 
0 0 0 0 1 
0 0 1 0 0 
1 0 0 0 0 
0 0 0 0 1 
0 0 1 0 0 
1 0 0 0 0 
1 0 0 0 0 
0 1 0 0 0 
0 0 0 0 1 
0 0 1 0 0 
0 0 1 0 0 
0 1 0 0 0 
1 0 0 0 0 
0 0 0 0 1 
0 0 0 1 0 
0 0 0 0 1 
0 0 0 0 1 
0 0 0 1 0 
0 0 0 0 1 
0 1 0 0 0 
0 0 1 0 0 
0 0 1 0 0 
0 0 1 0 0 
0 0 1 0 0 
0 0 1 0 0 
1 0 0 0 0 
1 0 0 0 0 
0 0 1 0 0 
0 1 0 0 0 
1 0 0 0 0 
0 0 0 0 1 
1 0 0 0 0 
0 0 0 0 1 
0 0 0 0 1 
0 0 1 0 0 
0 0 0 1 0 
0 1 0 0 0 
0 0 0 1 0 
0 0 0 1 0 
1 0 0 0 0 
0 0 1 0 0 
1 0 0 0 0 
0 0 1 0 0 
0 1 0 0 0 
0 0 1 0 0 
0 1 0 0 0 
0 0 0 1 0 
0 0 0 0 1 
0 1 0 0 0 
