5 50
0.562967
0.482139
0.703551
0.600414
0.48307
9.46713 1.00409
9.38314 0.327499
9.35976 1.09977
9.17981 1.25423
8.60424 0.532925
8.30974 1.09433
8.2199 1.33424
7.02844 0.701572
6.87834 0.803455
6.85423 1.6667
6.61506 1.36114
6.54483 2.06816
5.91835 3.27381
5.87037 1.5028
5.73007 2.78959
5.37165 1.68043
5.27969 1.48199
5.01565 2.00147
5.00401 3.53513
4.77849 1.93519
4.58341 3.92568
4.5605 2.46202
4.53373 3.65793
4.45947 3.38466
4.19031 4.04311
3.7133 2.97672
3.00674 4.93673
2.45215 5.55889
2.37728 4.91692
2.18556 6.57331
2.13094 6.26248
1.93244 6.48633
1.75404 6.78217
1.41701 6.92124
1.31392 7.13719
1.26583 6.87092
0.903759 7.41583
0.796734 7.89998
0.673259 8.04208
0.649844 6.61294
0.362267 7.53965
0.351244 6.2021
0.322653 7.04203
0.194704 7.97935
0.144784 9.1503
0.0772034 7.15507
0.0739172 9.74213
0.0587674 9.83419
0.027066 10.5415
0.00544831 11.7949
0.339948 0.280996 0 0.379056 0 
0 0 0 1 0 
0.316505 0 0.683495 0 0 
0 0.680252 0 0.319748 0 
0.549777 0 0 0.450223 0 
0 0 1 0 0 
0 0 1 0 0 
0 0.12546 0.717378 0.157161 0 
0 0 0 1 0 
0 0.895141 0 0 0.104859 
0 0 0 0.372354 0.627646 
0 0 1 0 0 
0 0.474845 0.0894738 0 0.435681 
0.421953 0.496483 0.0815646 0 0 
0.695584 0 0 0 0.304416 
0 0 0.51294 0 0.48706 
0 0.346176 0.32256 0.331264 0 
0 0 0 0 1 
0 0 1 0 0 
0 1 0 0 0 
0 0.149884 0.435285 0 0.414831 
0.437117 0 0.291175 0.271707 0 
0.31065 0 0.0814736 0.607877 0 
0 0 1 0 0 
0 0 0.258399 0 0.741601 
0 0 0.378672 0.1941 0.427228 
0 0.247563 0 0.474646 0.277791 
0 0.826643 0.173357 0 0 
0 1 0 0 0 
0.495144 0.344278 0.0894191 0 0.0711584 
0 0 0 1 0 
0 0.47919 0.52081 0 0 
0.450808 0 0 0 0.549192 
0 0 0.0654671 0.411439 0.523094 
0 0 0 1 0 
0.178908 0 0 0.449964 0.371128 
0 0 0.504239 0.495761 0 
0 0 0.556815 0 0.443185 
0 0 0 0.860919 0.139081 
0.268489 0 0 0.731511 0 
0 0 0 1 0 
0 1 0 0 0 
0 0 0.776523 0.223477 0 
0 0 0 0 1 
0 0.228296 0.771704 0 0 
0 0.595347 0 0.404653 0 
0.309085 0 0.225706 0.465209 0 
0.861071 0 0.138929 0 0 
0 0 0 0.767967 0.232033 
0 0 0.606234 0.393766 0 
