5 50
0.479255
0.745468
0.468345
0.367801
0.317324
9.22238 0.646069
9.13654 0.236148
8.89477 0.603482
8.57405 1.37431
8.07254 0.904101
7.88355 0.607131
7.39518 0.903088
7.30674 0.803686
7.00028 1.09351
6.89601 2.43159
6.85683 1.05141
5.90021 1.11933
5.89563 3.17743
4.90503 2.39394
3.97642 3.88997
3.89862 3.94445
3.26555 4.07705
2.80832 3.94256
2.72235 4.11202
2.51202 5.39897
2.46879 5.93842
2.26781 4.43945
2.08285 6.17219
1.90758 6.01083
1.80539 6.24354
1.75727 6.74598
1.69073 6.64599
1.49541 4.5032
1.44513 7.0995
1.41142 7.31395
1.40383 7.40054
1.26682 6.18136
1.25404 6.46838
1.09397 6.0824
0.801247 5.96391
0.697966 7.67211
0.646408 8.10184
0.64244 6.80837
0.635996 7.65589
0.623768 8.24575
0.547947 8.75809
0.52046 7.08577
0.129214 8.30349
0.0758031 9.55288
0.0586206 7.90029
0.0523227 7.74978
0.0102547 9.70351
0.0044505 9.38826
0.00296169 9.12495
0.00214947 10.1044
0.441788 0 0.558212 0 0 
1 0 0 0 0 
0 0.152534 0 0.303156 0.544309 
0 0 0.579456 0.192981 0.227563 
0.220061 0 0.339606 0.334135 0.106198 
0 0.579153 0.145731 0.275116 0 
0 0.188506 0.627645 0.183849 0 
0.359331 0.276629 0.36404 0 0 
0 0.77705 0 0.22295 0 
0.475111 0.524889 0 0 0 
0.1624 0.334508 0.187183 0 0.315909 
0.60094 0 0 0.39906 0 
0.231696 0 0 0 0.768304 
0.278771 0 0 0.721229 0 
0.206921 0 0.297202 0.168654 0.327222 
0.385951 0 0 0 0.614049 
0 0.470459 0.252061 0.27748 0 
0 0.583607 0.416393 0 0 
0 0 0.422044 0.577956 0 
0.25308 0 0.371693 0.375227 0 
0.306741 0 0.197658 0.495602 0 
0 0.111496 0.142375 0.470087 0.276041 
0.370332 0 0.424506 0.205162 0 
0 0.558327 0.374604 0.0670688 0 
0 0 0 0 1 
0 0 0.345115 0.654885 0 
0 0.50551 0 0.327852 0.166638 
0.35446 0.316803 0 0 0.328737 
0 0 0 0 1 
0.217685 0 0.497598 0.284717 0 
0 0.48106 0 0 0.51894 
0 0.421042 0 0.165361 0.413597 
0 0 0 0.382179 0.617821 
0.274596 0 0.300521 0.424883 0 
1 0 0 0 0 
0 0.580824 0 0.419176 0 
0.287616 0 0 0.712384 0 
0 0 0 1 0 
0 0.0544539 0.352919 0.253773 0.338854 
0 0.512376 0.487624 0 0 
0.504796 0.120578 0 0.374626 0 
0.697324 0 0 0 0.302676 
0.449592 0 0.550408 0 0 
0 1 0 0 0 
0.444806 0 0.24687 0 0.308324 
0.357772 0 0.226992 0.415236 0 
0.136359 0.223699 0 0.288946 0.350996 
0.181955 0 0 0.475986 0.342059 
0 0 0.658494 0.341506 0 
0.37246 0.62754 0 0 0 
