5 50
0.74707
0.614772
0.391179
0.609691
0.502144
10.0548 0.823556
9.66878 0.648461
9.15814 0.166836
8.2727 1.97928
6.91417 1.67782
6.72507 1.94556
6.33143 2.59865
6.2828 2.48449
5.81871 1.64866
5.68369 1.3943
5.64795 2.10731
5.64758 1.81486
5.5605 2.67267
5.44528 3.43072
4.79426 3.47291
4.45733 3.51684
3.65348 3.41212
3.51437 4.06596
3.29372 3.86608
3.11104 4.35568
2.88752 4.45997
2.76667 4.82137
2.65703 3.99758
2.49103 4.61319
2.45186 4.57959
2.44762 5.80651
2.25762 6.09467
2.14364 4.62357
2.03912 6.97381
1.7003 7.47547
1.64593 6.31012
1.2635 4.9494
1.13036 5.59967
1.05051 6.35589
1.02853 5.24497
0.600633 7.57808
0.530995 6.30341
0.495287 6.00326
0.448387 6.08085
0.443991 7.50377
0.429376 6.73961
0.334378 7.64121
0.250201 9.89647
0.207248 8.17251
0.169208 10.1641
0.138578 6.65563
0.0303984 9.73159
0.00843353 11.1073
0.00543925 9.43001
0.00179021 9.36062
0 0 0.350483 0 0.649517 
1 0 0 0 0 
0.292622 0.19895 0.131856 0.15996 0.216611 
0.662706 0 0 0.337294 0 
0.238391 0 0 0 0.761609 
0.106134 0 0.189771 0.210774 0.493321 
0 0.457184 0.173388 0.369428 0 
0.120863 0 0.366107 0.326219 0.18681 
0.389441 0.353101 0.129186 0.128271 0 
0.453558 0 0 0.546442 0 
0.443825 0.556175 0 0 0 
0 0.176603 0.40949 0.413907 0 
0.209032 0 0.325707 0.237148 0.228113 
0 0.173532 0 0 0.826468 
0.320323 0.0824509 0 0.249731 0.347495 
0.162466 0.0679043 0.297901 0.219344 0.252385 
0.206539 0.206803 0.217132 0.115851 0.253675 
0.238295 0.31969 0.217003 0 0.225013 
0.314417 0.468995 0.216588 0 0 
0 0.0782405 0.124745 0.329139 0.467876 
0 0 0.524016 0.475984 0 
0 0 0 0.458069 0.541931 
0.155373 0.0954833 0 0.197476 0.551668 
0.143321 0.22211 0.315986 0.200936 0.117647 
0.340173 0 0.289357 0 0.37047 
0.114764 0.232484 0.303708 0.0649008 0.284144 
0.37042 0.62958 0 0 0 
0.110087 0.209603 0.160399 0.228195 0.291715 
0.258511 0.134153 0.192799 0 0.414537 
0 0.515145 0 0 0.484855 
0.30727 0 0.338858 0 0.353872 
0.291668 0.708332 0 0 0 
0.515001 0.37208 0 0 0.112918 
0 0 0.474597 0.525403 0 
0.0907265 0.466918 0 0.442356 0 
0.412219 0.304499 0 0 0.283281 
0 0.277083 0 0.722917 0 
0 0 0.682694 0.317306 0 
0 0.093142 0.3026 0 0.604258 
0 0.605823 0 0.394177 0 
0.366345 0.126963 0 0.153972 0.352721 
0.335036 0 0.122054 0 0.542909 
0.367485 0 0.311124 0.155668 0.165722 
0 0.445515 0 0.554485 0 
0 0 0.786552 0 0.213448 
0.210555 0.328606 0 0.46084 0 
0 0.315872 0 0.334511 0.349617 
0 0 1 0 0 
0 0.254577 0.585497 0.159926 0 
1 0 0 0 0 
