5 100
0.723502
0.423743
0.432737
0.484178
0.493465
10.5928 0.27722
10.4591 0.980976
9.94226 0.51527
9.88652 0.465146
9.67925 0.452631
9.40218 1.00002
8.58643 0.653642
8.38392 0.571937
8.28376 1.63927
7.89333 1.59269
7.74531 0.431636
7.48474 1.64116
7.40913 2.26708
6.97327 1.5046
6.67297 1.37554
6.38358 2.08198
6.31403 2.14924
6.23713 1.93118
6.043 3.12045
5.96333 1.6915
5.90098 2.55179
5.77775 1.99277
5.53249 1.78098
5.44642 2.56061
5.26909 2.39962
5.20777 3.49938
5.0992 3.76761
5.02427 1.9596
4.77616 3.30117
4.40727 2.64983
4.18587 3.77208
4.18172 3.28377
4.15801 3.6732
3.75623 3.29098
3.58865 3.84466
3.52243 3.97156
3.39998 4.65944
3.32627 5.70745
3.31163 2.70225
3.20646 3.03665
3.197 5.13886
3.19185 3.86708
3.15627 4.41861
3.04749 3.16323
2.95332 4.65468
2.8209 5.0584
2.72202 4.65089
2.528 4.42106
2.27707 6.02424
2.25569 5.22077
2.06918 6.69807
1.8612 6.6
1.75228 7.17786
1.71012 5.30091
1.54613 6.56522
1.48462 5.55763
1.47282 5.51144
1.47091 6.95135
1.45113 5.09342
1.44968 7.23562
1.41051 7.54699
1.3925 5.06078
1.34481 6.32634
1.25094 7.12378
1.20895 7.24614
1.14072 8.20574
1.08958 5.96932
0.883085 8.16694
0.872307 6.08775
0.8255 8.53813
0.676979 7.85266
0.64459 9.55401
0.568725 5.69938
0.508774 8.51468
0.483075 6.18258
0.412752 7.4806
0.400697 9.00567
0.355032 6.37394
0.326033 10.0069
0.308186 8.82036
0.295551 6.77504
0.29388 7.58726
0.286254 10.142
0.280724 8.49616
0.253645 9.06999
0.237011 7.50597
0.226755 9.77642
0.202526 6.61767
0.180304 9.69647
0.165375 8.573
0.13471 9.39423
0.0967916 7.50302
0.0884714 7.24401
0.0688076 10.6937
0.0304343 7.85854
0.0246254 9.95631
0.0156891 11.7612
0.00746705 9.40725
0.00577685 11.0579
0.00440416 11.3034
0.413508 0 0.186906 0.399585 0 
1 0 0 0 0 
0.766796 0 0.233204 0 0 
0 0 0.317877 0 0.682123 
0 0.249556 0 0.366428 0.384016 
0.288406 0 0.367784 0.136072 0.207738 
0.303636 0.157993 0.0963755 0 0.441996 
0.44612 0 0.480389 0 0.073491 
0 0 1 0 0 
0.393674 0 0 0.606326 0 
0 0 0.333512 0.666488 0 
0 0 0 1 0 
0 0.358291 0 0.362799 0.27891 
0 0 0 1 0 
0 0.400651 0 0.599349 0 
0.438892 0 0.441555 0 0.119553 
0 0 0 0 1 
0.237035 0 0.132086 0.3234 0.307479 
0 0.384161 0.358688 0 0.257151 
0 0 0.639455 0.245528 0.115017 
0.745777 0 0.254223 0 0 
0 0.27968 0.534153 0.186167 0 
0 1 0 0 0 
0 0 1 0 0 
0 0 1 0 0 
0 0 0.739218 0.260782 0 
0.141801 0.21317 0 0 0.645028 
0.541647 0 0.315612 0.142741 0 
0 0 0 0 1 
0 1 0 0 0 
0.449955 0 0.226824 0 0.323221 
0.406424 0.407036 0 0 0.18654 
0 0 0 0.545048 0.454952 
0 0 0 0 1 
0.370535 0 0.188824 0.440642 0 
0.600022 0 0.399978 0 0 
0 0 0 0 1 
0 1 0 0 0 
0.511196 0 0 0 0.488804 
0 0 0 0 1 
0.535699 0 0.464301 0 0 
0 0 0 1 0 
0 0.751547 0 0.248453 0 
0 0.537864 0 0 0.462136 
0 0.693982 0 0 0.306018 
0 0 1 0 0 
0 0 0 0.488678 0.511322 
0.500126 0.202842 0 0.297031 0 
0.556137 0.262657 0.181205 0 0 
0 1 0 0 0 
1 0 0 0 0 
0 1 0 0 0 
0.369477 0 0 0.630523 0 
0 0 0.625161 0 0.374839 
0 0.77008 0 0.22992 0 
0 0 0 0 1 
1 0 0 0 0 
0 0 0 0 1 
0.0633845 0 0.523561 0 0.413054 
0.635873 0.364127 0 0 0 
0 0 0.441488 0.173381 0.385132 
0 0 0.37949 0.339689 0.280821 
0 0 1 0 0 
0 0.595843 0.121453 0.114274 0.16843 
0 1 0 0 0 
0 0 0 0.581549 0.418451 
0 0 0.450225 0.549775 0 
0 0.385175 0.377013 0 0.237812 
0 0 1 0 0 
1 0 0 0 0 
0.0946348 0.586345 0 0.31902 0 
0 0.602319 0.397681 0 0 
0 0.30163 0 0.69837 0 
0.492007 0 0 0.507993 0 
1 0 0 0 0 
0.288643 0.102188 0.609169 0 0 
1 0 0 0 0 
0 0 0.52278 0.47722 0 
0 0.604781 0.395219 0 0 
0.230765 0 0 0.523689 0.245546 
0 0.322203 0 0.677797 0 
0 1 0 0 0 
0 0.432406 0.400587 0.167007 0 
0.332589 0.41578 0 0 0.251631 
0.695088 0 0.304912 0 0 
0 0 0 0 1 
0 0 0.499463 0.500537 0 
0 0 0.187299 0 0.812701 
0 0 0.672634 0 0.327366 
0 0.320367 0 0.27291 0.406723 
0 0 0 0 1 
0 0.751987 0.248013 0 0 
0 0 1 0 0 
0 0 0 0 1 
0 0.35582 0.466345 0.177835 0 
0.627544 0 0 0 0.372456 
0.338207 0 0 0 0.661793 
0 0 0.521184 0 0.478816 
0.466137 0 0.533863 0 0 
0 0 1 0 0 
