5 150
0.473502
0.302553
0.326235
0.510491
0.578288
11.473 0.26599
10.927 0.236465
10.4449 0.237424
9.84887 0.11648
9.72162 0.337144
9.62783 1.01619
9.57303 0.55406
8.9963 0.955967
8.77949 0.472856
8.72132 1.27641
8.55652 0.938003
8.52783 1.54794
8.4684 0.678154
8.26506 1.09501
8.04838 0.438645
7.8261 1.14552
7.70493 1.93677
7.46071 1.8039
7.27413 1.1017
7.20489 2.41118
6.9321 1.49317
6.89424 0.706194
6.84882 1.92758
6.79999 1.61884
6.75181 0.977734
6.53678 2.74574
6.3853 1.15904
6.26903 2.9603
6.0963 2.99795
6.04328 1.82257
6.01625 1.80116
5.99877 1.56537
5.58433 2.62738
5.54197 2.02847
5.2222 2.81934
5.08208 2.14971
4.9875 2.53131
4.95642 3.2561
4.74879 1.81605
4.73461 2.12264
4.69927 2.64169
4.6214 2.12092
4.57054 3.46458
4.55537 4.25654
4.46246 3.1531
4.40952 3.2086
4.27728 3.02539
4.18554 3.05177
4.18371 4.81564
4.09321 3.51127
4.07776 4.08348
4.05184 3.30603
4.01386 3.45311
3.93146 3.42047
3.9192 3.59028
3.79012 3.68238
3.74593 2.73774
3.59127 3.52408
3.52772 4.48377
3.47106 4.19483
3.24881 3.86588
3.16189 3.59577
3.1069 4.20187
3.08616 3.94459
3.0475 6.08176
2.92494 4.20397
2.92402 5.82508
2.91411 4.94903
2.91148 4.06134
2.90447 5.56346
2.89632 4.91054
2.87767 4.30698
2.83143 4.35372
2.81195 4.90569
2.65952 4.47013
2.63639 4.27792
2.61343 3.62274
2.54257 5.51553
2.52965 3.83701
2.28999 5.26904
2.19787 4.52588
2.17576 6.82741
2.15834 5.25086
2.08312 4.81877
2.075 5.0158
2.03156 4.88449
2.00828 5.79782
1.82844 6.64593
1.81787 5.45921
1.81288 4.6375
1.757 6.44865
1.55604 6.77355
1.5263 6.66256
1.43695 5.17626
1.42164 7.95219
1.39349 6.56342
1.38716 5.28724
1.25065 7.00593
1.22132 5.34691
1.1898 5.2583
1.17108 5.23701
1.16216 7.20046
1.15739 8.07253
1.12534 5.40637
1.0899 7.20621
0.948726 5.07167
0.884157 6.28931
0.814302 8.62026
0.693054 8.07067
0.666165 9.37267
0.648696 6.10834
0.638469 8.05304
0.633947 6.64339
0.621601 6.20921
0.612254 6.81613
0.570231 7.64912
0.501374 5.99848
0.488584 7.42195
0.487389 8.5537
0.453193 9.26908
0.443579 7.64951
0.421105 6.17375
0.378274 7.47788
0.346946 6.96378
0.303296 7.16282
0.245464 6.92414
0.236807 9.83397
0.231566 9.22776
0.214451 6.35766
0.212557 7.0437
0.207947 9.73422
0.20622 8.61537
0.197513 9.01064
0.179405 8.5518
0.169872 9.32309
0.166231 9.3976
0.15368 9.37312
0.122673 8.03667
0.0765017 10.3072
0.0718494 7.47314
0.0710041 9.68531
0.0471634 7.20221
0.0412775 8.62901
0.0357616 11.3252
0.0204393 8.91694
0.0130797 8.23572
0.0110479 11.9727
0.0065555 10.6079
0.00613408 9.98727
0.00352456 7.59719
0.215471 0.111001 0.211025 0.198627 0.263876 
0 0 0.476613 0.523387 0 
0.236446 0 0.0574344 0.370219 0.3359 
0.108948 0.144506 0 0.31049 0.436055 
0 0 0 0.15817 0.84183 
0 0.355824 0.21454 0 0.429636 
0.273426 0.247755 0 0.18678 0.292038 
0 0.383644 0 0 0.616356 
0.41603 0 0 0.162776 0.421194 
0 0 0.231905 0.317121 0.450974 
0 0.818892 0.181108 0 0 
0.386736 0.302166 0 0 0.311097 
0.158626 0.564441 0.276933 0 0 
0 0 0.509753 0 0.490247 
0.291241 0 0 0.186492 0.522267 
0 0.361985 0.137638 0.352618 0.147759 
0 0.249625 0 0 0.750375 
0.354746 0 0.264118 0.151292 0.229844 
0.108232 0.0541437 0 0.353994 0.48363 
0 0 0.362733 0.637267 0 
0 0.521093 0 0 0.478907 
0 0 0.370903 0.629097 0 
0 0 0.470659 0.529341 0 
0 1 0 0 0 
0 0.294525 0.496243 0 0.209232 
0.319316 0 0.137508 0 0.543176 
0.649943 0.350057 0 0 0 
0.19424 0.129515 0.676245 0 0 
0.223479 0.424079 0 0.352441 0 
0.340346 0.0844202 0.400874 0 0.174359 
0.242649 0 0.43853 0.31882 0 
0 1 0 0 0 
0 0.163989 0.47361 0.3624 0 
0 0 1 0 0 
0.252171 0 0 0.263596 0.484233 
0 0 0.353827 0 0.646173 
0 0 0 1 0 
0.4667 0 0.5333 0 0 
0 0.476162 0 0.364451 0.159387 
0.454959 0 0 0.545041 0 
1 0 0 0 0 
0.347231 0 0.345373 0.307397 0 
0 0 0.722233 0 0.277767 
0.278842 0.721158 0 0 0 
0.466788 0.251031 0.282182 0 0 
0 0 0.428215 0 0.571785 
0.338446 0 0.434809 0 0.226745 
0 0 0.512657 0 0.487343 
0 0 0.564125 0 0.435875 
0 0.160361 0.68357 0 0.156069 
0 0 0 1 0 
0 0.375479 0 0.38638 0.238141 
0.304006 0.35682 0 0.228317 0.110856 
0 0 0.318116 0.681884 0 
0.639886 0 0.164974 0.19514 0 
0 0.472253 0.0733189 0 0.454428 
0 0 1 0 0 
0.237827 0 0.503389 0.258783 0 
0 0.135235 0.359807 0.239242 0.265715 
0 0.386246 0.428538 0.185215 0 
1 0 0 0 0 
0.207586 0.25956 0 0 0.532854 
0.474484 0 0 0 0.525516 
0 0 1 0 0 
0.582734 0.417266 0 0 0 
1 0 0 0 0 
0.377584 0 0 0.622416 0 
0.615154 0.384846 0 0 0 
1 0 0 0 0 
0.373171 0.626829 0 0 0 
0.393387 0 0.381992 0 0.224621 
0.545475 0 0.454525 0 0 
0.213176 0.286839 0.202069 0.297917 0 
0.299096 0.432627 0 0.268276 0 
0 0 0.641925 0 0.358075 
0.216613 0.329799 0.453588 0 0 
0.297666 0.271083 0 0.164114 0.267137 
0 0 0.520893 0 0.479107 
0 0 0.856971 0 0.143029 
0 0 0.621227 0.378773 0 
0.0878354 0 0.398395 0.51377 0 
0.540997 0 0 0 0.459003 
0.138545 0 0 0.434655 0.426801 
0.655266 0 0.0967394 0.247994 0 
0.387554 0.336156 0.0960591 0.180231 0 
0 0.485039 0 0.324943 0.190018 
0.303193 0 0 0 0.696807 
0.36787 0.256165 0.20976 0 0.166204 
0.568762 0.290986 0.140252 0 0 
0 1 0 0 0 
0 0.448183 0 0.551817 0 
0 0.24935 0 0 0.75065 
0.209337 0.210068 0.293316 0.287279 0 
0.553585 0 0.446415 0 0 
0 0 0 0.284172 0.715828 
0.753266 0 0.246734 0 0 
0 0.491178 0.42091 0.0879113 0 
0.511778 0.488222 0 0 0 
0 0.32682 0.363872 0 0.309307 
0.270516 0 0 0.454064 0.27542 
0.480756 0.352482 0 0.166762 0 
0.28584 0 0.71416 0 0 
0.60618 0 0 0.39382 0 
0.151629 0 0.345493 0 0.502878 
0 1 0 0 0 
0.480378 0 0 0 0.519622 
0.208776 0.546907 0 0.244317 0 
0.302497 0 0.546196 0 0.151307 
0.127833 0 0.646404 0.225763 0 
1 0 0 0 0 
0 0.293432 0.520417 0 0.186151 
0.257933 0 0.289539 0.452528 0 
0 1 0 0 0 
0 0.19509 0 0 0.80491 
0.457383 0 0 0.542617 0 
0.0910797 0 0.547286 0.361634 0 
0 0.391716 0.082938 0.362005 0.163341 
0 0 0.407809 0 0.592191 
0 0.20294 0.657723 0.139337 0 
0 0.0981901 0.407358 0 0.494452 
0 0 0 0 1 
0 0.762838 0.237162 0 0 
0.206462 0.116875 0.255664 0 0.420998 
1 0 0 0 0 
0.392373 0 0 0.36784 0.239787 
0.178754 0 0 0 0.821246 
0.501392 0.288839 0.209769 0 0 
0.191361 0 0.808639 0 0 
1 0 0 0 0 
0 0 0 1 0 
0 0.255779 0.556507 0 0.187715 
0 0 0.532834 0.467166 0 
0.231882 0.167546 0 0.283178 0.317395 
0 0.157035 0 0.58863 0.254336 
0.596495 0.403505 0 0 0 
0 0.581036 0.105731 0 0.313233 
1 0 0 0 0 
0.617834 0 0 0.382166 0 
0 0.0689136 0.560846 0 0.370241 
0.279055 0.217494 0 0 0.503451 
0 0 0.556021 0.248947 0.195032 
0 0.0951205 0.297686 0.196098 0.411095 
0.203589 0 0.382266 0.414145 0 
0.404864 0 0.45744 0.137695 0 
0 0 0.530873 0.469127 0 
0 0.705471 0.294529 0 0 
0 0.427177 0 0 0.572823 
0.242975 0.757025 0 0 0 
0 0 0.535156 0.12976 0.335083 
0 0 0.465815 0.534185 0 
