5 200
0.464277
0.361661
0.468602
0.324205
0.619051
11.4733 0.198352
11.1586 0.308095
10.9826 0.302436
10.7429 0.0862493
10.6999 0.557934
10.2731 0.335964
10.2018 0.233415
10.049 0.750547
9.82081 0.254442
9.80597 0.657903
9.78083 1.16045
9.70216 0.099183
9.6431 0.143962
9.37792 0.485491
9.13773 1.15515
9.11139 0.673044
8.99141 0.737608
8.97753 1.30323
8.96413 1.53573
8.95378 1.04909
8.64473 0.221804
8.41666 0.198578
8.24319 1.29843
8.22289 0.202395
7.91301 0.225665
7.65886 1.71062
7.59138 0.799731
7.58881 0.973932
7.58681 2.53343
7.54302 1.5573
7.51255 1.34016
7.36171 2.17843
7.16679 1.14844
7.12171 1.38509
7.07711 1.68616
6.93315 1.23026
6.84415 1.53447
6.7941 2.43122
6.76225 2.5814
6.68167 1.97191
6.66381 2.24569
6.57473 2.23685
6.49003 1.29563
6.46745 2.19028
6.43335 1.58409
6.43076 1.60927
6.40131 1.61407
6.2047 1.62994
5.92025 1.27937
5.83872 1.73446
5.82613 2.44491
5.76421 2.21579
5.6675 1.82763
5.63918 2.46256
5.57991 2.20133
5.4974 1.67276
5.46729 3.52517
5.37472 2.68902
5.37066 2.70432
5.31714 3.08827
5.30955 2.56835
5.23246 3.13858
5.19668 3.96238
4.9883 2.70705
4.98364 3.88804
4.97921 3.81849
4.95889 2.79892
4.6086 2.38791
4.58711 2.59795
4.53156 2.98664
4.44518 3.12889
4.39566 3.43987
4.29362 2.37805
4.24123 3.4343
4.19625 2.5528
4.18272 3.16998
4.02255 3.04165
4.01273 4.94831
3.96152 3.68327
3.91323 3.05956
3.78168 3.67605
3.66533 5.28441
3.53969 4.19961
3.51957 3.08077
3.51365 4.16551
3.46915 3.66161
3.45169 3.75715
3.41078 5.54889
3.40837 5.48317
3.3701 4.48946
3.36545 4.65762
3.34678 3.80376
3.31466 3.67723
3.15792 3.37964
3.14753 3.83917
3.09458 2.97197
2.85242 4.32459
2.71068 4.11413
2.66393 5.05337
2.63995 4.05423
2.62008 5.77167
2.61908 4.1486
2.5979 5.27757
2.5931 4.42745
2.57416 5.18184
2.5655 6.18795
2.46756 4.65428
2.36569 5.53963
2.33228 4.02353
2.29014 5.08391
2.2048 4.7946
2.17246 4.4989
2.09627 4.97165
1.95216 4.74643
1.94651 5.09915
1.91539 4.51857
1.90663 4.02451
1.86561 6.28256
1.81976 7.06847
1.80598 5.47158
1.79136 7.23027
1.726 4.43616
1.70271 5.23392
1.69595 5.92408
1.67133 5.63226
1.66701 4.95149
1.66591 4.88589
1.52524 6.45963
1.51196 6.54737
1.47216 4.6885
1.45476 5.414
1.31559 5.08417
1.2975 7.59331
1.29124 4.96534
1.26048 5.35178
1.18492 6.88761
1.1781 6.75999
1.17108 5.92605
1.12104 5.6905
1.11151 7.99672
1.08107 8.49397
1.0748 7.56687
1.02373 7.10996
0.989552 7.02786
0.963201 6.25232
0.854567 6.36701
0.81021 5.39371
0.777532 7.38446
0.755331 5.94415
0.731789 7.29951
0.674194 7.44507
0.621551 7.60492
0.604037 9.10728
0.571907 7.99373
0.569097 5.81484
0.498573 6.79206
0.495595 6.96306
0.437534 8.14437
0.394704 7.59042
0.377615 9.19358
0.372383 8.60681
0.371085 6.86376
0.355995 7.52092
0.308713 6.98149
0.297973 9.08272
0.297965 8.07973
0.259084 6.68194
0.241429 9.0816
0.239637 9.43767
0.235945 8.09638
0.223823 6.68467
0.210349 8.15894
0.202966 10.4227
0.202821 9.12367
0.187599 10.184
0.17833 6.63443
0.168146 10.4697
0.157559 7.16357
0.141363 9.44685
0.130352 8.08848
0.130181 10.3728
0.126997 7.28042
0.125181 10.0766
0.117897 9.85619
0.099786 10.6638
0.0939626 9.75016
0.0906134 10.7495
0.0801085 9.16191
0.0752234 9.08459
0.0547442 8.96168
0.0478857 11.6724
0.0371412 11.4393
0.0356468 7.69601
0.0302476 10.6017
0.0280344 8.16342
0.0227389 11.4582
0.0191754 7.36721
0.0146187 11.1292
0.00440671 10.103
0.00414514 8.07314
0 0 0 1 0 
0 0.231137 0 0 0.768863 
1 0 0 0 0 
0 0 0 1 0 
1 0 0 0 0 
1 0 0 0 0 
0 0 1 0 0 
0.0643221 0 0.402618 0 0.53306 
0 0 0 0 1 
1 0 0 0 0 
0 1 0 0 0 
0 0 0 0 1 
0 0 0 0 1 
0 0 0 0 1 
1 0 0 0 0 
0.746262 0 0.253738 0 0 
1 0 0 0 0 
0 0 0 0 1 
0 1 0 0 0 
1 0 0 0 0 
0 0 1 0 0 
0 0 0 0 1 
0.368288 0 0.430449 0.201263 0 
0 0 0 1 0 
0 0 0 0 1 
0 1 0 0 0 
0 0 0 1 0 
0 0 0.413615 0 0.586385 
0 0 0 0 1 
1 0 0 0 0 
0 0 0 1 0 
0 0 0 0 1 
0 0 1 0 0 
0.552778 0 0 0 0.447222 
0 0 1 0 0 
0 1 0 0 0 
0 1 0 0 0 
0 0 0 0 1 
0 0 0 1 0 
0 1 0 0 0 
0 0 1 0 0 
0 0 0 0 1 
0 0 0 1 0 
0 0 0 0 1 
0 0 0 1 0 
0 0 0 1 0 
1 0 0 0 0 
0 1 0 0 0 
0 1 0 0 0 
0 0 1 0 0 
0 0 1 0 0 
0 0 0.485884 0.514116 0 
0 0 0 0 1 
0 0 1 0 0 
0.569187 0 0.430813 0 0 
1 0 0 0 0 
0 0 1 0 0 
0 0 0 0 1 
0 0 0.581871 0 0.418129 
0 0 0 0 1 
0 0 0 0 1 
0 0 0 1 0 
1 0 0 0 0 
0 0 0 1 0 
0.381196 0.618804 0 0 0 
0 0 0 0 1 
0.195856 0.399179 0 0.404965 0 
0 1 0 0 0 
0 0 0 0 1 
1 0 0 0 0 
0 0 0 1 0 
0 0 0 1 0 
0 1 0 0 0 
0 0 1 0 0 
0 0 1 0 0 
0 0 0 0 1 
0 0 0.282998 0 0.717002 
0 0 1 0 0 
0 1 0 0 0 
0 1 0 0 0 
1 0 0 0 0 
0 0 0 0 1 
0 0 0 1 0 
0 0 1 0 0 
0 0 0 0 1 
0 0 0 1 0 
0.378051 0 0.280976 0.340973 0 
0 0 0 0 1 
1 0 0 0 0 
0 0 0 1 0 
0 0 0 0 1 
1 0 0 0 0 
0 0 0 0 1 
0 0 0 0 1 
0 0 0 0.463454 0.536546 
0 0 1 0 0 
0 1 0 0 0 
0 0 0 1 0 
0 0 0 1 0 
0 0 1 0 0 
0 0 0.527008 0 0.472992 
0 1 0 0 0 
0.559591 0 0 0.440409 0 
0 0 1 0 0 
0 0 0 0 1 
0 0 1 0 0 
0.327248 0 0.672752 0 0 
0 0 1 0 0 
1 0 0 0 0 
0 0 0 1 0 
0 1 0 0 0 
0 0 0 1 0 
0 0 0 1 0 
0 0 0 1 0 
0 0 0 1 0 
0 0 0 0 1 
0 0 1 0 0 
0.460537 0 0 0 0.539463 
0 0 0 1 0 
0 0.640749 0 0 0.359251 
0 0 0 0 1 
1 0 0 0 0 
0 0 0 0 1 
0 0 0 0 1 
0 0 0 0 1 
0 0 0 0 1 
0 0 0 1 0 
0 0 0 0 1 
0.412471 0 0 0.587529 0 
0 0 1 0 0 
0.540277 0 0 0 0.459723 
0 0 1 0 0 
0 0.596549 0 0 0.403451 
0 0 0 1 0 
0 1 0 0 0 
1 0 0 0 0 
1 0 0 0 0 
0 0 1 0 0 
0 0 0.47104 0 0.52896 
0.443333 0.556667 0 0 0 
0 0 0 1 0 
1 0 0 0 0 
0 0 0.704518 0 0.295482 
0 0 0.400225 0.599774 0 
0 0 0 1 0 
0 0 0 0 1 
0 0 0 1 0 
1 0 0 0 0 
0 0 0 0 1 
1 0 0 0 0 
0 1 0 0 0 
0 1 0 0 0 
0 1 0 0 0 
0 1 0 0 0 
0.578246 0 0.421754 0 0 
0 0 0 0.530611 0.469389 
0 0 0 1 0 
0 1 0 0 0 
0 0 0 0 1 
0 0 1 0 0 
1 0 0 0 0 
0 1 0 0 0 
0 0 1 0 0 
0.405578 0 0.594422 0 0 
0 0 0 0.292296 0.707704 
0 0 1 0 0 
0 0 0 1 0 
0 0 1 0 0 
0 0 1 0 0 
0.672595 0 0.327405 0 0 
0 1 0 0 0 
0 1 0 0 0 
0 0 0 0 1 
0 0.551788 0 0 0.448212 
0 0 1 0 0 
0 0 1 0 0 
1 0 0 0 0 
0 0 0.418474 0.581526 0 
1 0 0 0 0 
1 0 0 0 0 
0 0 0 1 0 
1 0 0 0 0 
0 0 0.562833 0 0.437167 
0 1 0 0 0 
0 0 1 0 0 
0 1 0 0 0 
0 1 0 0 0 
0 0 0 1 0 
0 1 0 0 0 
0.378868 0 0 0 0.621132 
0 0.583607 0 0.416393 0 
0 0 1 0 0 
1 0 0 0 0 
0 0 1 0 0 
1 0 0 0 0 
1 0 0 0 0 
1 0 0 0 0 
0 0 0 0 1 
0 0 0 0 1 
0 0 1 0 0 
