5 50
0.530663
0.442282
0.51809
0.717864
0.509529
9.48375 0.788545
8.61938 0.221428
7.87061 1.21384
7.50549 1.15587
7.31386 1.30622
7.23876 0.452028
6.56655 3.25269
6.22321 2.12289
6.02784 1.66465
5.70166 3.04716
5.63529 1.70577
5.49326 2.31488
5.14182 4.2872
5.08819 1.57216
5.02562 1.77442
4.89874 2.63569
4.4641 2.66103
4.4032 3.49678
4.12312 4.18025
3.92527 3.35017
3.5778 4.13711
3.55546 4.13867
3.44158 3.54374
3.24768 3.06507
2.54947 4.76525
2.23291 5.7048
1.80447 7.23285
1.64231 4.5262
1.63255 5.85651
1.4852 7.56437
1.47961 5.03729
1.40059 5.36826
1.23457 6.1469
0.970183 7.26427
0.794889 8.62682
0.787968 8.85268
0.780843 6.83547
0.668 7.43248
0.294107 9.92215
0.28797 10.1341
0.270302 7.22937
0.259107 9.12609
0.189354 10.0489
0.168167 10.2357
0.143192 8.85286
0.121151 9.47962
0.0937157 8.5711
0.0319532 10.8169
0.0079465 7.91827
0.00485123 9.96549
0.225734 0 0 0.774266 0 
0 0.596029 0.403971 0 0 
0 0.461308 0 0 0.538692 
0 0 0.425409 0.574591 0 
1 0 0 0 0 
0 0 0 0.462811 0.537189 
0 0 0.406421 0.593579 0 
0.276343 0 0.723657 0 0 
0.307346 0.193286 0.215179 0 0.284189 
0 0 1 0 0 
0 0 0 0 1 
0 0 0 0.562792 0.437208 
0.448974 0.551026 0 0 0 
0 0 0 0.734654 0.265346 
0 0 0 0.276127 0.723873 
0 0 0 1 0 
0 0 0 0.627258 0.372742 
0 0 0 0 1 
0.437762 0 0.445627 0 0.11661 
0.415952 0 0.229888 0.35416 0 
0 0.514635 0.485365 0 0 
0 0 0 1 0 
0.665397 0 0 0 0.334603 
0 0 0.500181 0.499819 0 
0 0 0 0.303006 0.696994 
0 0 0.17002 0 0.82998 
0 0.191162 0.457471 0 0.351367 
0 0 0.422273 0.356554 0.221173 
0 0.59168 0 0 0.40832 
0.31146 0 0 0.128095 0.560446 
0 0 0.467476 0.532524 0 
0 0 0 0.482731 0.517269 
0.43223 0.304312 0 0.263458 0 
0 0 0.127163 0 0.872836 
0 0.458361 0 0.296817 0.244822 
0.392822 0 0.607178 0 0 
0 0.316833 0 0.683167 0 
0 0 1 0 0 
0 0 1 0 0 
0 0 1 0 0 
0.393552 0.321973 0 0.284475 0 
0 0 0.793124 0 0.206875 
0 0 1 0 0 
0 0 0 0 1 
1 0 0 0 0 
0.23311 0.143235 0 0.350871 0.272784 
0 0 0 0 1 
0.084366 0.29259 0.21046 0.342092 0.0704928 
0 1 0 0 0 
0 0 1 0 0 
