5 100
0.43762
0.592625
0.277966
0.473412
0.47089
10.6057 0.585575
10.0871 0.916115
9.44508 0.514225
9.19775 0.32239
8.50874 0.810011
8.48037 0.865656
8.39328 0.68247
8.17973 0.57688
8.11025 1.17626
7.66888 1.35654
7.48454 0.948575
7.23734 0.94136
7.19321 1.33512
7.13703 2.25861
7.11052 0.70984
6.79515 1.33371
6.45117 2.90702
6.31532 2.19537
6.10982 1.68761
6.08588 0.985652
6.07377 2.78893
6.04817 3.499
5.88103 2.51345
5.06063 2.74241
4.83483 2.46608
4.64522 2.64835
4.1672 3.37477
4.1454 3.28708
4.08638 4.16876
3.89018 3.08863
3.84724 3.63625
3.81179 3.0257
3.74052 3.3473
3.63824 2.89852
3.53395 5.26366
3.39685 3.32859
3.37161 4.79463
3.34032 4.95287
3.22164 5.52979
3.1383 4.26004
3.12909 3.68724
3.09157 3.80046
3.05533 4.57903
3.00913 5.34567
2.97597 3.63322
2.92653 5.67604
2.8804 4.61438
2.76851 4.09828
2.58024 5.06822
2.51496 5.76054
2.51329 4.23448
2.20103 6.7007
1.79064 6.14598
1.78596 6.20783
1.70154 5.98546
1.60657 6.91669
1.44365 6.60131
1.44301 6.01784
1.42465 5.61779
1.40754 5.41003
1.37728 6.48694
1.35545 5.24784
1.16289 6.60905
1.12629 7.31648
1.12585 6.10849
1.11954 6.02799
1.05773 7.03649
1.04301 5.20841
1.02303 7.02121
0.960815 7.88339
0.902971 5.25535
0.887705 6.77493
0.887271 6.30389
0.865652 6.48053
0.712816 7.48449
0.688853 6.99882
0.671521 5.88712
0.463937 6.17368
0.440511 7.52675
0.371048 7.07213
0.345508 8.52501
0.319289 9.42192
0.287568 9.20007
0.275684 8.66699
0.274803 9.44355
0.250366 8.82796
0.164521 9.85945
0.158586 8.41147
0.116716 6.89977
0.113717 7.59916
0.0762643 8.27394
0.0756844 9.93454
0.0741262 8.21395
0.0699231 7.98522
0.0610318 8.13806
0.0523296 8.20474
0.0444504 10.841
0.0330642 9.34318
0.0277644 7.46908
0.00772025 10.8942
0 1 0 0 0 
1 0 0 0 0 
0 0.313446 0.289638 0.396917 0 
0 1 0 0 0 
0.510591 0 0 0 0.489409 
0.412709 0 0.232184 0 0.355108 
0.586637 0 0 0.413363 0 
0.785391 0.214609 0 0 0 
0 0.145916 0.418049 0.436036 0 
0.292372 0 0.440506 0.267122 0 
0.187213 0.353723 0.459064 0 0 
0 0 0 0.208443 0.791557 
0 0.573573 0 0 0.426427 
0 0.422324 0 0.577676 0 
0.590674 0 0 0.409326 0 
1 0 0 0 0 
0 0 0.365403 0 0.634597 
0.291248 0 0.53342 0.175333 0 
0 0 0 0 1 
0 0.531246 0 0 0.468754 
0 0 0 0 1 
0 1 0 0 0 
0 0 0 0 1 
0.508932 0 0 0 0.491068 
0.425197 0.046623 0.181425 0.346755 0 
0.531164 0 0.468836 0 0 
0.779749 0.220251 0 0 0 
0 0.632858 0 0.367142 0 
0 1 0 0 0 
0 0 0 0.385919 0.614081 
0.154435 0.336496 0.275087 0.233982 0 
0.731058 0.122038 0 0.146904 0 
0 0 0 0 1 
0 0.416492 0 0.583508 0 
0 0.320998 0 0.60339 0.0756117 
0 0 0 1 0 
0 0.297829 0 0.23126 0.470911 
0.868602 0.131399 0 0 0 
0 0.463235 0.536765 0 0 
1 0 0 0 0 
1 0 0 0 0 
0.481995 0 0 0.518005 0 
0 0.501936 0 0.498064 0 
0.821102 0 0.178898 0 0 
0.290357 0.481036 0 0.228607 0 
0.591604 0 0.408396 0 0 
0.408407 0 0 0 0.591593 
0 0.71359 0 0 0.28641 
0.547798 0 0.452202 0 0 
0 0 0 1 0 
0 0.826508 0 0 0.173492 
0 0 0 1 0 
0 0.628651 0 0.371349 0 
0.138575 0 0 0.406996 0.454428 
0.240312 0 0.759688 0 0 
0 0 1 0 0 
0 0 0.330329 0.669671 0 
0.606986 0 0 0.393014 0 
0.476294 0 0.160971 0.362735 0 
0.580824 0 0.351124 0.0680529 0 
0 1 0 0 0 
0 0 0 0 1 
0 0 0 0.255829 0.744171 
0.613971 0 0.173128 0 0.212901 
1 0 0 0 0 
0.304829 0.235902 0 0 0.45927 
0 1 0 0 0 
0 0 0.425967 0.574033 0 
0 0 0 1 0 
0 0 1 0 0 
0.431103 0.136157 0 0.0724911 0.360249 
0.273046 0 0 0.178836 0.548118 
0 0 0 1 0 
0 0.735411 0 0.264589 0 
0 0.401214 0.473747 0 0.125039 
0 0 0.48242 0.25271 0.26487 
0.360287 0 0.126939 0.512774 0 
0 1 0 0 0 
0 0 0.538907 0.461093 0 
0 0 0.52477 0 0.47523 
0.61283 0 0.38717 0 0 
0.352513 0 0.647487 0 0 
0 0 0.545025 0.454975 0 
0.263773 0 0 0.397441 0.338786 
0 1 0 0 0 
0.122547 0 0.783671 0.0937823 0 
0 0.599438 0.400562 0 0 
0 0.26584 0 0 0.73416 
0 0 0 0 1 
0 0.817005 0 0 0.182995 
0 1 0 0 0 
0 0 0.439148 0.354023 0.206829 
0 0 1 0 0 
1 0 0 0 0 
0 0.340868 0.14141 0.2988 0.218922 
0 0 0 0 1 
0 0 0 0.892084 0.107916 
0.191827 0.168974 0 0.316172 0.323027 
0 0 0 1 0 
0 0 0 1 0 
