5 200
0.323107
0.626095
0.602016
0.603404
0.310564
11.6918 0.200057
10.7816 0.257127
10.5575 0.398772
10.3693 0.852822
9.81733 0.947489
9.67253 0.328823
9.66247 0.540998
9.12919 0.682688
9.12751 0.242791
9.06397 0.990419
8.9397 1.61234
8.89423 0.781931
8.82845 0.148329
8.52546 1.56547
8.50407 1.86651
8.40581 0.474495
8.31783 1.57409
8.31678 1.14837
8.24826 0.364503
8.09261 1.43964
7.99379 1.64851
7.97184 0.916329
7.79082 0.519887
7.66613 1.97981
7.53626 1.5854
7.46754 1.5406
7.35608 1.276
7.33966 0.444942
7.30453 2.31171
7.1523 1.81789
7.01983 0.959154
7.01059 2.67505
6.93843 2.35787
6.84937 1.67944
6.79156 2.06783
6.74898 1.6298
6.67401 1.55464
6.62075 1.72285
6.617 0.698305
6.42956 2.69799
6.42864 2.52491
6.39078 1.33062
6.32903 2.47606
6.31584 1.00911
6.27916 2.74238
6.11688 1.38307
6.11108 2.31405
6.10038 1.18018
6.05427 1.14778
5.97511 1.92211
5.96323 3.45786
5.88767 1.2753
5.82042 3.15975
5.66817 3.4279
5.49078 2.31834
5.38846 2.49224
5.32218 2.58428
5.20897 4.11087
5.09824 3.45529
5.08992 2.97394
4.7702 2.07853
4.76462 3.68052
4.66847 3.07373
4.62168 3.83341
4.59902 3.55931
4.55094 3.50729
4.54731 3.30166
4.50464 3.21993
4.47743 2.47806
4.44672 3.47363
4.38598 4.21756
4.38161 2.66248
4.37307 3.48697
4.12055 3.29329
4.09149 3.92764
4.00421 2.94451
3.90118 3.28423
3.80193 3.83116
3.7779 2.8497
3.77216 5.42577
3.74932 4.42651
3.66576 3.00991
3.66125 4.31406
3.65781 4.47258
3.61109 3.50762
3.48704 3.34563
3.47117 3.69372
3.29404 5.34596
3.15582 4.48603
3.01354 4.28266
3.00533 5.12484
2.93622 5.35172
2.85638 3.61782
2.84262 3.42613
2.70497 6.10797
2.64655 5.54377
2.55271 4.23965
2.54751 4.04452
2.54307 5.69961
2.41097 5.32924
2.28533 5.60525
2.28421 4.8683
2.28184 5.08072
2.25793 5.90669
2.18781 6.10966
2.17485 5.6131
2.14945 5.07509
2.0633 5.8628
2.011 6.66582
1.87923 6.04809
1.85853 6.15441
1.826 4.55565
1.81356 6.32523
1.8056 7.16407
1.66926 5.2787
1.64502 6.4665
1.62963 5.9437
1.57908 6.62774
1.56681 6.20792
1.55294 7.6929
1.52587 7.47789
1.50133 5.41829
1.47684 5.84271
1.45784 6.74927
1.40695 5.14199
1.38923 4.9542
1.36755 5.23481
1.36739 5.75981
1.32242 6.83696
1.32108 5.6773
1.24158 4.98241
1.22604 5.89367
1.21121 5.00348
1.14444 4.73911
1.14412 7.50014
1.13838 6.95831
1.12059 7.0057
1.1149 7.69968
1.09745 6.30871
1.08119 7.77945
1.03627 7.28761
1.02804 6.09237
1.00929 5.6117
0.968585 7.36001
0.943053 6.6252
0.894291 6.89165
0.855178 7.59191
0.746896 6.92585
0.7322 6.91321
0.727481 6.62348
0.699196 6.59086
0.698621 6.05504
0.688129 8.36762
0.684231 8.38984
0.682252 5.82432
0.674787 8.02355
0.63892 6.07719
0.58173 8.12278
0.562895 7.85756
0.488916 9.32662
0.394805 9.80947
0.384233 9.66796
0.380687 8.60083
0.282721 8.44079
0.262604 7.89593
0.255245 8.95217
0.220023 10.0556
0.212741 8.52608
0.189133 9.82044
0.185018 9.9402
0.179949 10.3986
0.17327 9.82944
0.163856 8.1683
0.158634 6.88215
0.157905 9.22464
0.147523 8.12831
0.13517 7.02522
0.122422 9.04422
0.11921 7.09108
0.11919 7.91895
0.117622 10.5274
0.11272 11.1418
0.110271 9.30667
0.110184 6.9762
0.100971 6.78956
0.0877702 11.3247
0.0706641 10.7781
0.0697856 10.6634
0.0682493 10.5981
0.0592845 7.49915
0.0473124 11.2745
0.044377 9.37453
0.0332873 7.39021
0.0260921 10.0231
0.0254767 10.8705
0.0172072 8.31116
0.0151428 8.30579
0.0118339 9.63746
0.00896264 8.96931
0.00235822 7.47277
0 0 0 1 0 
0.543372 0 0.109148 0.34748 0 
0 0 0.431592 0.234887 0.333521 
0 0.507297 0 0 0.492703 
0.266158 0 0.216696 0.517146 0 
0 0.806793 0.193207 0 0 
0.43339 0.0923838 0 0 0.474227 
0 0.451723 0.303246 0.245031 0 
0.313258 0.569993 0.116748 0 0 
0.19296 0.209926 0.25691 0.13428 0.205924 
0.865821 0 0 0 0.134179 
0.830172 0 0 0 0.169828 
0 0 0 0 1 
0 0.395398 0 0.142808 0.461795 
0 0 0.406305 0.41757 0.176125 
0.82525 0 0 0 0.17475 
0 0.108524 0 0.567463 0.324013 
0 0 0 0 1 
0.310954 0 0.294955 0.186543 0.207549 
0 0.553506 0 0 0.446494 
0 0.366639 0 0.55025 0.0831107 
0 1 0 0 0 
0.572381 0.427619 0 0 0 
0.337435 0.23118 0.114312 0.317074 0 
0 0 0.644323 0.355677 0 
0.0997615 0.312318 0 0 0.587921 
0.773055 0 0 0 0.226945 
0 1 0 0 0 
0 0 0.504755 0.311334 0.18391 
0.645518 0.354482 0 0 0 
0.17887 0 0 0.288197 0.532933 
0 1 0 0 0 
0.355105 0.385645 0 0.25925 0 
0.167543 0.318013 0.24293 0 0.271514 
0 0.343414 0 0.232003 0.424583 
0 0 0 0.547034 0.452966 
0 0 1 0 0 
0 0.473306 0.526694 0 0 
0.130661 0.568206 0 0 0.301133 
0.479226 0 0 0.520774 0 
0.363847 0 0.558502 0 0.0776503 
0.195942 0 0.502761 0 0.301297 
0 0.327393 0.13166 0.540948 0 
0 1 0 0 0 
0.666206 0.333794 0 0 0 
0 0 0.345112 0.308994 0.345894 
0.237285 0.384615 0 0.226988 0.151113 
0.181717 0.275405 0.542878 0 0 
0 0.226093 0.612158 0 0.161749 
0 0 0 1 0 
0 0 0.314549 0.2621 0.423351 
0.507448 0.328335 0.164217 0 0 
1 0 0 0 0 
0.385488 0.348902 0.26561 0 0 
0.138692 0 0.861308 0 0 
0.206585 0.249095 0 0.544319 0 
0 0.481221 0.225635 0.293144 0 
0.191755 0 0 0.808245 0 
0 0.432071 0.452898 0 0.115031 
0.105148 0.412062 0 0.48279 0 
0.0694952 0 0.0812895 0.275099 0.574116 
0.385661 0 0 0 0.614339 
0 0 0 0.164478 0.835522 
0.270017 0.266912 0.463072 0 0 
0 0 0 0 1 
0 0 0 1 0 
0 0.659238 0.340762 0 0 
0 0.31528 0.533061 0.151659 0 
0 0 0.257738 0.742262 0 
0 0.426522 0 0.573478 0 
1 0 0 0 0 
0.1669 0.0657296 0.392449 0.374922 0 
0.186957 0.415868 0 0 0.397175 
0 1 0 0 0 
0 0.315813 0.249345 0 0.434842 
0 0.557032 0 0.442968 0 
0.520348 0 0 0.479653 0 
0 0 0 0.622276 0.377724 
0 0 0.629769 0.370231 0 
0.493998 0 0 0.308441 0.197561 
0.47928 0 0.52072 0 0 
0.158966 0.254186 0 0.254984 0.331864 
0.367594 0.20474 0.427665 0 0 
0 0.388028 0 0.611973 0 
0.381714 0.153004 0.180887 0 0.284395 
0 0.104525 0.475768 0.0785473 0.341159 
0.645404 0 0 0 0.354596 
0.193476 0.439 0 0.234464 0.13306 
0.269943 0.189296 0 0.474507 0.0662531 
0.0767931 0.163681 0.268148 0.255495 0.235883 
0 0.224793 0 0.775207 0 
0 0.321155 0.60493 0.0739155 0 
0.625168 0 0.374832 0 0 
0.244894 0 0 0 0.755106 
0.247857 0 0 0.752143 0 
0 0 0.600506 0 0.399494 
1 0 0 0 0 
0.211689 0.138209 0.385845 0.264257 0 
0 0.294716 0.452953 0 0.252332 
0.149713 0.269925 0.306604 0 0.273758 
0.459161 0.128837 0.412001 0 0 
0.147879 0.268009 0 0.26049 0.323623 
0 0.569589 0.430411 0 0 
0 0.357189 0.258503 0 0.384307 
1 0 0 0 0 
0.152692 0.638237 0.209071 0 0 
0.583163 0.266567 0 0.15027 0 
0.361442 0 0.191436 0.447123 0 
0.125463 0.18451 0 0.362029 0.327999 
0.114459 0.607596 0 0.277944 0 
0 0.312728 0 0 0.687272 
0.207638 0 0 0.792362 0 
0.391956 0 0.302304 0.30574 0 
0.493615 0.133359 0.0578446 0.315182 0 
0.199963 0.166286 0.0724575 0.22597 0.335323 
0 0 0.470734 0 0.529266 
0 0 0.390165 0.290234 0.319601 
0.190316 0.480558 0.329126 0 0 
0 0.824217 0 0.175783 0 
0.670947 0 0 0.329053 0 
0.83242 0 0.16758 0 0 
0 0.393894 0 0 0.606106 
0.119484 0.625204 0 0.255312 0 
0.764619 0 0.235381 0 0 
0 0 0 0 1 
0 0 0.23454 0.168481 0.596979 
0 0 0.554424 0.445576 0 
0.639522 0 0 0.360478 0 
0.407929 0 0.2699 0.32217 0 
0.229167 0.329568 0 0.196896 0.244369 
0.548866 0.331102 0.120032 0 0 
0.751517 0.248483 0 0 0 
0 0 0 0.312712 0.687288 
0.236776 0.0847724 0.296801 0.381651 0 
0 0.584093 0.415907 0 0 
0.413112 0.177517 0.409371 0 0 
0.580292 0 0.419708 0 0 
0.642245 0.357755 0 0 0 
0.463111 0.167986 0.368902 0 0 
0.479872 0 0.520128 0 0 
0 0 0 0.582384 0.417616 
0.265889 0 0 0.734111 0 
0 0 0 0 1 
0.382619 0 0.617381 0 0 
0.283028 0.567799 0 0.149173 0 
0 0 0.497511 0.502489 0 
0.332539 0.448454 0 0.124817 0.0941899 
0 0 0 0.71758 0.28242 
1 0 0 0 0 
0.703559 0.296441 0 0 0 
0 0.28818 0 0.115513 0.596307 
0.680486 0.319514 0 0 0 
0.396413 0 0 0.235877 0.36771 
0.746857 0.253143 0 0 0 
0 1 0 0 0 
0 0 0.34894 0.65106 0 
0.434693 0.427069 0.138238 0 0 
0 0 0 0.840745 0.159255 
0.28997 0 0.320697 0.389332 0 
0 0.606052 0.280349 0.113599 0 
0 0.465808 0.198335 0 0.335858 
0.24307 0.75693 0 0 0 
0.475944 0 0 0.524056 0 
0.510142 0 0.151003 0 0.338855 
0.320998 0 0.583782 0.0952199 0 
0 0 0.346278 0.460809 0.192913 
0 1 0 0 0 
0.162287 0.837713 0 0 0 
0 0.643841 0.356159 0 0 
0 0 0.361774 0 0.638226 
0 0 0 0 1 
1 0 0 0 0 
0.310687 0 0 0.689313 0 
0.597236 0 0.402764 0 0 
0 0.176112 0.345639 0.478249 0 
0 0 0 1 0 
0 0.598003 0 0 0.401997 
0.397902 0 0.602098 0 0 
0 0.516628 0 0.483372 0 
0 0.6154 0.194941 0 0.189659 
0.325448 0.359286 0 0 0.315266 
0 0.145962 0.343874 0.510164 0 
0 0.111216 0.295132 0 0.593652 
0 0.365584 0.0858554 0 0.548561 
0 0.355841 0 0 0.644159 
0.308478 0 0 0.42665 0.264872 
0 0 0.441197 0.269532 0.289272 
0.208393 0 0 0.47296 0.318647 
0.163693 0 0.404984 0 0.431322 
0 0 0.259377 0.350042 0.390582 
0 0 0 0 1 
0.279865 0.248678 0.401598 0.0698591 0 
0.196509 0.314428 0.320338 0 0.168726 
1 0 0 0 0 
0 0 0.552287 0.447713 0 
0 0.338287 0.35782 0 0.303894 
0.322293 0 0.195289 0.267557 0.214861 
0 0 0.313318 0 0.686682 
0 0 1 0 0 
0.59223 0.40777 0 0 0 
