5 100
0.502571
0.64172
0.532052
0.71588
0.515618
11.3569 0.18168
11.234 0.296918
10.4515 0.552436
10.3175 0.874043
10.1434 0.992042
9.87139 0.0975931
9.74573 0.16924
9.41136 0.368601
9.39295 1.07352
9.22815 0.122298
9.05502 0.158064
8.36764 0.1311
8.32014 0.524316
8.17091 0.100537
7.1892 1.35365
7.18877 2.14322
7.05141 2.21552
6.97175 1.81941
6.28379 1.15905
6.1817 2.49088
6.1046 2.16892
5.91382 3.71029
5.77002 1.23939
5.72519 1.39845
5.69868 1.98498
5.67268 2.4111
5.44528 3.08328
5.44376 1.91825
5.33953 1.72109
4.95504 3.62226
4.89547 3.09413
4.84058 3.30696
4.39617 3.43232
4.37283 4.65599
4.3628 2.92233
4.34141 2.67864
3.83723 4.25688
3.83402 3.21465
3.8084 3.33039
3.80344 2.33244
3.66999 4.18359
3.57419 3.73943
3.55133 4.74889
3.49269 2.88925
3.47253 3.07231
3.27309 4.14627
3.20012 3.40119
3.03383 4.41862
2.94966 5.58842
2.90771 4.26979
2.86326 4.72809
2.70124 4.6717
2.62641 4.18664
2.62327 5.14614
2.54576 4.81493
2.48934 5.52083
2.44664 5.64943
2.3775 5.4001
2.34569 3.74049
2.19072 5.01301
1.99388 6.02526
1.94938 5.78851
1.94419 4.36339
1.9123 5.05897
1.90895 5.18527
1.88618 6.87893
1.81163 5.25607
1.72174 4.42769
1.66087 5.28583
1.63219 6.60271
1.55858 4.54182
1.52281 5.87462
1.4794 6.06583
1.44644 6.3658
1.31143 7.92176
1.25875 6.95
1.2329 7.29169
1.1142 8.17304
1.10912 6.67705
1.08287 5.7043
1.07612 5.86955
1.0323 8.27676
0.925351 6.62862
0.893298 6.74754
0.702266 8.78094
0.457435 6.29048
0.43544 9.5222
0.433066 7.79218
0.350981 9.28531
0.299959 7.84439
0.286751 10.0857
0.234671 6.6495
0.225033 7.21784
0.159296 7.93905
0.151673 8.86738
0.131509 8.71088
0.0994491 9.47319
0.0580331 6.91454
0.0289297 10.8252
0.00784955 11.6227
0.125672 0 0.354479 0.378068 0.14178 
0 0 0.41495 0 0.58505 
0 0 1 0 0 
0.682814 0 0.317186 0 0 
0.814435 0 0 0 0.185566 
0.0644242 0 0.489102 0 0.446474 
0.65643 0 0 0 0.34357 
0 0.724244 0 0.275755 0 
0 0.665343 0.334657 0 0 
0.640778 0 0 0 0.359222 
0.32375 0 0 0.373317 0.302934 
0 0 0.500504 0 0.499496 
0 0.409845 0.331117 0.259038 0 
0.433502 0.215052 0.351446 0 0 
0 0.606023 0.393977 0 0 
0.517077 0 0 0.482923 0 
0.749327 0 0.250673 0 0 
0 0 0.487337 0.512663 0 
0.16621 0 0 0.648201 0.18559 
0 0 0 0 1 
0 0.179428 0 0.292678 0.527894 
0.156342 0.296698 0.109678 0.437283 0 
0 1 0 0 0 
0.286606 0 0 0.713394 0 
0 0.451328 0 0.337743 0.21093 
0.549353 0 0 0.26768 0.182967 
0 0.380362 0 0.619638 0 
0.595322 0 0 0.404678 0 
0 0 0.241361 0 0.758639 
0.224428 0.101113 0.0671523 0.190305 0.417002 
0 0 0 0.306405 0.693595 
0.171062 0 0.289268 0.53967 0 
0.332607 0 0.335102 0.332291 0 
0.524679 0 0 0 0.475321 
0.282858 0.365494 0.351648 0 0 
0 0 1 0 0 
0 0 0 0 1 
0 0 1 0 0 
0 0.694267 0 0 0.305733 
0 0.373396 0 0.626604 0 
0.509496 0.490504 0 0 0 
0 1 0 0 0 
0 0 0 0.372856 0.627144 
0.648351 0 0.248918 0.102731 0 
0 0 0 0.350611 0.649389 
0 0.521328 0 0 0.478672 
0.166415 0 0.382679 0.349185 0.101721 
0.530316 0.111089 0 0 0.358595 
0.112911 0.211921 0 0 0.675168 
0 0 1 0 0 
0 1 0 0 0 
0.450347 0.549653 0 0 0 
0 1 0 0 0 
0 0 0 0 1 
0.241863 0.207525 0.157066 0.289115 0.104431 
0 0 0.267484 0.352475 0.380041 
0.214924 0.169316 0 0.147013 0.468747 
0.343107 0.245923 0.41097 0 0 
0 0.163545 0.17724 0 0.659215 
0 0 0.525956 0 0.474044 
0.327346 0 0 0.360112 0.312541 
0 0 0.534393 0 0.465607 
0 0.366897 0.633103 0 0 
0 0.469927 0 0.249048 0.281025 
0 0 0.163008 0.497912 0.339079 
0 0.528026 0.326506 0.145467 0 
0.24031 0 0.106443 0.653247 0 
0 0.76487 0.23513 0 0 
0.349015 0 0.650985 0 0 
0.254007 0 0 0.556421 0.189572 
0 0.698173 0 0.301827 0 
0.276543 0 0 0 0.723457 
0 0.143202 0.420275 0.436523 0 
0.177326 0 0.360212 0.272236 0.190227 
0 0 0 0.702284 0.297717 
0.267383 0 0 0.409931 0.322686 
0.0626412 0.270604 0.134871 0.38069 0.151193 
0 0 0.49574 0.149682 0.354578 
0.179741 0.266059 0.39193 0 0.16227 
1 0 0 0 0 
0.328132 0.476095 0.121432 0 0.0743406 
0 0 0 0.417494 0.582506 
0 0.0899274 0.412068 0 0.498005 
0.224679 0.290432 0.22153 0.263359 0 
0 0 1 0 0 
0.277229 0.536439 0.186332 0 0 
0 0.42498 0 0 0.57502 
0 0 1 0 0 
0.275395 0 0.247354 0.477251 0 
0 0.295726 0 0.383918 0.320356 
0 0 0.72464 0 0.27536 
0.0481908 0 0.265399 0.348237 0.338173 
0.522484 0 0 0 0.477516 
0.337979 0.141213 0.402669 0 0.118139 
0.379539 0.167285 0 0.453175 0 
0 0 0.418667 0.581333 0 
0.230418 0.249188 0 0.166666 0.353728 
0 0 0.372838 0.281505 0.345658 
0 0.123075 0 0.876925 0 
0.194552 0 0.452793 0 0.352655 
