5 200
0.478813
0.408635
0.569422
0.564188
0.414937
10.3591 0.559049
9.89009 0.251189
9.8577 0.839373
9.82162 0.116997
9.70762 0.120856
9.58373 0.376775
9.49849 0.154532
9.49159 0.93249
9.25204 0.91434
8.9659 0.462724
8.50797 0.172099
8.47822 0.687649
8.35671 0.441356
8.26008 1.08508
8.25248 0.81259
8.17138 2.18438
7.99164 0.772122
7.76966 1.24024
7.72316 2.17021
7.6231 2.36152
7.59888 1.57443
7.48953 0.518852
7.42099 2.32805
7.33883 1.87596
7.25213 1.66091
7.20541 0.625656
7.17362 1.11029
7.1498 2.13562
7.13284 0.4215
7.06729 1.89422
6.86145 1.51952
6.85298 1.1357
6.85233 2.76991
6.82556 1.3977
6.70866 0.588389
6.55959 2.34377
6.34039 1.87529
6.03713 2.8118
6.03669 1.85759
6.01735 1.30536
5.93558 2.81274
5.92213 2.43842
5.88204 1.49309
5.74521 1.82646
5.72506 1.27324
5.72334 1.7696
5.55411 3.18188
5.4961 2.02316
5.43442 1.33511
5.33975 2.80887
5.2515 1.98123
5.1426 2.23017
5.14197 1.71193
4.95155 3.72975
4.93328 2.91168
4.82336 2.4758
4.758 2.06884
4.75265 4.20689
4.66896 3.62081
4.59311 3.54157
4.5608 2.52015
4.4906 3.45893
4.42182 3.57869
4.28157 1.96005
4.27213 3.28535
4.24342 2.3932
4.14073 4.88711
4.12688 3.87999
4.1171 4.25791
4.06155 2.98783
3.94577 3.30106
3.86139 3.42046
3.81638 4.87586
3.63423 3.77928
3.6319 2.47343
3.51294 3.38289
3.49358 4.46049
3.41166 5.32381
3.40728 3.79828
3.27604 4.05419
3.22286 3.42126
3.12733 3.98777
3.09009 3.32137
3.03835 5.06269
3.00226 3.48676
2.84386 4.29554
2.83936 4.74152
2.79522 6.12555
2.79099 4.6796
2.77106 4.75119
2.70446 5.9604
2.65472 5.75819
2.64491 3.76876
2.59657 4.57844
2.54812 4.06101
2.47767 4.49153
2.32464 4.96918
2.16754 5.66709
2.12758 5.13403
2.12326 6.59195
2.11296 5.98983
2.07325 6.63209
2.04687 4.47549
2.0439 5.58962
1.96254 4.87314
1.84707 4.99654
1.77109 6.39302
1.72576 6.95113
1.71152 4.93115
1.69404 7.14979
1.63729 5.56004
1.62652 5.4456
1.60726 4.807
1.5766 6.53163
1.4998 5.93235
1.46307 4.80891
1.4494 6.1405
1.44054 6.68538
1.39207 7.02598
1.3511 5.72785
1.29781 6.3907
1.28686 5.39925
1.26196 6.71066
1.25824 6.0538
1.23635 5.82862
1.21009 7.49773
1.14584 6.40788
1.1431 6.6646
1.11473 5.27795
1.05529 6.57431
1.01244 5.93937
0.988568 7.86965
0.923283 5.05402
0.843889 7.66892
0.791168 7.49765
0.777206 7.33331
0.760922 8.58851
0.75277 5.97446
0.722039 5.54993
0.673344 5.83849
0.649752 8.30317
0.631929 9.62894
0.624197 7.21325
0.621893 8.25869
0.581762 6.56384
0.575634 9.23522
0.533081 9.25009
0.529462 7.29381
0.508142 8.33991
0.498844 7.22965
0.480992 7.04148
0.400274 8.52347
0.39728 6.62049
0.377205 8.02996
0.364688 7.40245
0.362855 9.39318
0.322826 6.76825
0.321268 9.42248
0.300734 6.87875
0.262024 7.32385
0.190626 9.79175
0.184257 8.12686
0.153762 8.58101
0.15263 9.12099
0.141539 9.99083
0.139097 8.28241
0.129477 10.8294
0.12069 9.41419
0.112832 10.9238
0.103595 7.45623
0.0883322 9.26639
0.0808167 11.406
0.0703572 8.92124
0.0683145 7.69733
0.0652456 7.69174
0.0630726 8.56528
0.0553889 11.6234
0.0532689 7.1493
0.0492918 8.99714
0.0453347 7.24772
0.0435016 11.2082
0.0421893 7.12148
0.0401441 7.33053
0.0370455 10.0889
0.0261799 9.58781
0.0251876 11.4122
0.0235538 8.63048
0.0161253 11.6776
0.0139267 9.91834
0.0115375 10.7881
0.00863151 11.9222
0.00826952 10.1437
0.00669362 7.7354
0.00263939 10.3891
0.00235776 9.0334
0.00215946 8.63888
0.00191012 9.26348
0.00187449 7.40393
0.00153551 9.48378
0.00130774 11.7573
0 0 1 0 0 
0 0 1 0 0 
0 0 0.422427 0.317021 0.260552 
0 0 0.402428 0 0.597572 
1 0 0 0 0 
0 0 0 1 0 
0 0 0 1 0 
0 0 0 0 1 
1 0 0 0 0 
0 0 0 0.22911 0.77089 
1 0 0 0 0 
0 1 0 0 0 
0.502039 0 0.497961 0 0 
0 0 0.629352 0 0.370648 
0 0 0 0 1 
0 0 0 0 1 
0 0 0 0.350507 0.649493 
0.419949 0 0 0.19647 0.383581 
0.489134 0 0.414821 0.0960456 0 
1 0 0 0 0 
1 0 0 0 0 
0 0 0 1 0 
0 1 0 0 0 
0 0 1 0 0 
1 0 0 0 0 
0 0 0 1 0 
0 0 0 0.25232 0.74768 
0 0 0 0 1 
0 0 0.718455 0 0.281545 
0 0 0 0 1 
0 0 0 1 0 
0 0 0.465819 0.534181 0 
0 1 0 0 0 
0 0 1 0 0 
0 1 0 0 0 
0 0.42542 0 0 0.57458 
0 0 0 0 1 
0 1 0 0 0 
0 0.415794 0 0.584206 0 
0 0.299257 0 0.700742 0 
0.439135 0 0 0.560865 0 
0 0 0 0 1 
0.817092 0 0.182908 0 0 
0 0 1 0 0 
1 0 0 0 0 
1 0 0 0 0 
0 0 0 0 1 
0 0 0.311666 0.449882 0.238453 
0 0 0 1 0 
0 0 1 0 0 
0.402152 0.597848 0 0 0 
0 0 0 0 1 
0 1 0 0 0 
0.745719 0.254281 0 0 0 
0 0 0.668802 0.331198 0 
0 0 1 0 0 
0.60448 0 0 0.39552 0 
0 0 0 0 1 
1 0 0 0 0 
0 0 0 0 1 
0 0 0.536126 0 0.463874 
0.290432 0 0 0.709568 0 
0 0 0.436425 0 0.563575 
0.805504 0.194496 0 0 0 
0.684602 0 0.315398 0 0 
0.192336 0 0.807664 0 0 
1 0 0 0 0 
0 0 0 0 1 
0 0 1 0 0 
0.324559 0 0 0.675441 0 
0 0.184175 0.224638 0.308643 0.282544 
0 0 0 0 1 
0 0 1 0 0 
0 0.436462 0 0.563538 0 
1 0 0 0 0 
0 0.827276 0 0.172724 0 
0 0 0.459011 0.327416 0.213573 
0.0866912 0 0 0.400692 0.512617 
0 0 0 0 1 
0 0 1 0 0 
0 1 0 0 0 
0 0 0.305579 0.510307 0.184114 
0 0 0 0 1 
0.434672 0.565328 0 0 0 
0 1 0 0 0 
0 1 0 0 0 
1 0 0 0 0 
0.732282 0 0 0 0.267718 
0 0 1 0 0 
0 0 0 1 0 
0.220204 0 0.779796 0 0 
0 0 0 1 0 
0 0 0 0 1 
0 1 0 0 0 
0.207416 0 0 0.792584 0 
1 0 0 0 0 
0 0 1 0 0 
0 0 0.588367 0 0.411632 
0.62129 0 0 0.37871 0 
0 0 1 0 0 
0 0 1 0 0 
0 0 0 1 0 
0 0 0 1 0 
0 1 0 0 0 
0 0.380367 0.161332 0.458301 0 
0 0.254774 0 0.745226 0 
0 0 0 1 0 
0.12809 0 0.454296 0 0.417614 
0 0 0 0.19559 0.80441 
0 0 1 0 0 
0.677787 0.322213 0 0 0 
0.494321 0 0 0 0.505679 
0 1 0 0 0 
0 0.382541 0 0.617459 0 
0 0 0 1 0 
0 0 0 1 0 
0 0 1 0 0 
0 0 0 1 0 
1 0 0 0 0 
0.674235 0 0 0.325765 0 
0 0 0 0 1 
0 0 1 0 0 
0.464792 0 0.535208 0 0 
0 0.479505 0 0.520495 0 
0 1 0 0 0 
0 0.675205 0 0.324795 0 
1 0 0 0 0 
0 0 1 0 0 
0.398746 0 0 0.601254 0 
0 0.291012 0 0.708988 0 
1 0 0 0 0 
0.437293 0.215915 0 0 0.346793 
0 1 0 0 0 
0.350417 0.649583 0 0 0 
0.158201 0 0.324042 0 0.517757 
1 0 0 0 0 
0 0.63994 0 0.36006 0 
0.3842 0.31789 0 0.29791 0 
0 1 0 0 0 
0.483925 0 0 0.447895 0.06818 
1 0 0 0 0 
0.310658 0 0.689342 0 0 
0 0 0.666432 0 0.333568 
0.5135 0.4865 0 0 0 
0 0 0 0 1 
0 1 0 0 0 
1 0 0 0 0 
0 0.480613 0.519387 0 0 
0 0 0 0.747774 0.252226 
1 0 0 0 0 
0 0 0 1 0 
0 1 0 0 0 
0 0 0 0.530167 0.469833 
0 0 0 0 1 
0 1 0 0 0 
0 0 1 0 0 
0 0 0 1 0 
1 0 0 0 0 
1 0 0 0 0 
0 0.823011 0 0.176989 0 
0 0.847837 0 0.152163 0 
0 0 0 0 1 
0.248622 0 0 0.751378 0 
0 0 0 1 0 
0 1 0 0 0 
0.602372 0 0 0.397628 0 
0 0.498069 0 0 0.501931 
0 0 0 0 1 
1 0 0 0 0 
1 0 0 0 0 
0 0 0.617187 0 0.382813 
1 0 0 0 0 
0 0 1 0 0 
1 0 0 0 0 
0 0 1 0 0 
0 0 0 1 0 
0 0 0 1 0 
0.415607 0 0.584393 0 0 
0 0 0 0 1 
0.396563 0 0.210887 0.392549 0 
0 1 0 0 0 
0 0 1 0 0 
0 0 0 1 0 
0.404264 0 0.431259 0.164477 0 
0 0.297805 0.139743 0 0.562452 
0.0969438 0.331012 0.572044 0 0 
0 0 1 0 0 
0 0 1 0 0 
0 0 0 1 0 
0 0.702501 0.297499 0 0 
0 0.493914 0 0.506086 0 
0 0.259105 0.740895 0 0 
0 0 1 0 0 
0 0 0 1 0 
0 1 0 0 0 
0 0 1 0 0 
0 0.460761 0.539239 0 0 
0 0 0 0.54509 0.45491 
0 0 1 0 0 
0 0 0 0 1 
