5 150
0.417028
0.269181
0.409398
0.437536
0.640347
11.0814 0.293274
10.943 0.257707
10.7179 0.447841
10.2507 0.199689
10.2102 0.614151
9.81329 0.946587
9.78967 1.05727
9.36187 0.382018
9.1638 1.35753
9.14672 1.14725
9.04487 1.32183
9.0007 0.559778
8.69666 1.67899
8.53866 0.661686
8.42377 0.183039
8.2157 1.63158
8.05196 1.36723
7.97137 1.74238
7.92728 0.701027
7.43132 1.03776
7.41896 1.11078
7.40556 0.472116
6.96424 0.993896
6.73717 2.60241
6.66476 2.14174
6.53956 2.28347
6.51919 1.80034
6.4286 3.04246
6.42693 2.13413
6.39143 1.83857
6.342 2.47874
6.34125 2.049
6.09115 2.29022
5.80302 2.26255
5.71304 2.60533
5.70564 2.45257
5.6019 2.96547
5.41009 3.7326
5.39931 2.87264
5.32414 1.87273
5.23608 2.11226
5.15302 2.54396
5.13893 1.84804
4.98759 3.4623
4.86685 2.43587
4.7843 4.14695
4.7454 2.67548
4.72749 4.03737
4.72339 2.3446
4.47821 2.84198
4.45351 4.05577
4.39231 2.16058
4.13603 2.55586
4.03414 4.51569
4.01733 2.61181
4.00113 4.1298
3.95622 3.13742
3.7848 4.79608
3.78309 4.20316
3.7675 3.47396
3.66762 4.45027
3.60284 3.76585
3.50453 4.89282
3.46914 3.65755
3.28253 5.74178
3.24904 5.74779
3.23584 4.27094
3.22464 5.65404
3.21239 3.10661
3.19269 3.58615
3.10009 4.84055
3.07468 5.74283
2.9806 3.33053
2.80591 4.02935
2.7312 3.76276
2.70318 5.88585
2.52914 6.20311
2.27978 4.6792
2.22656 5.59506
2.19724 5.71245
2.14668 5.19494
2.07975 6.3204
2.02842 6.65211
2.0047 5.26844
1.95914 4.89809
1.92854 5.54387
1.84451 6.29118
1.80592 4.8177
1.78018 4.89392
1.62154 6.7819
1.45198 5.78194
1.37994 4.90373
1.3749 5.27374
1.37408 7.63634
1.37209 6.0738
1.34925 6.63507
1.33877 7.69861
1.29815 5.50383
1.2303 5.36451
1.11848 7.4637
1.10756 8.45557
1.0923 6.86579
1.02233 5.89385
1.01767 5.2065
0.952753 7.5554
0.808699 8.15957
0.750814 8.18701
0.701505 5.85003
0.684109 6.36141
0.645693 8.76939
0.634964 7.82517
0.566298 5.69207
0.550017 8.4186
0.515309 5.99497
0.512772 8.41318
0.478595 8.08969
0.40864 7.48706
0.385096 8.88751
0.345267 6.52296
0.324029 8.87765
0.304697 8.46115
0.274592 6.81983
0.234279 6.35524
0.197144 6.87095
0.195427 6.39938
0.19203 7.37107
0.173609 10.1163
0.166035 7.38702
0.158543 7.35162
0.134109 8.34404
0.130892 8.76624
0.120521 9.83042
0.114414 7.81553
0.103036 10.8061
0.0828867 9.27268
0.072519 8.20422
0.0640582 10.2566
0.0611286 10.9544
0.0391537 7.27285
0.0390058 8.83753
0.0272646 10.8639
0.0270562 9.62377
0.0225116 9.93141
0.0188134 8.58569
0.0166612 8.08757
0.00717358 7.53432
0.00489585 9.48821
0.00190139 9.69408
0.00113656 10.7894
0.000898723 8.18009
0 0.45586 0 0 0.54414 
0.0603944 0 0.410635 0.184672 0.344299 
0.35625 0 0.416137 0.227613 0 
0 0.352407 0 0 0.647593 
0 0 0.400591 0.485943 0.113465 
0.510535 0.306334 0.183132 0 0 
0.22403 0.168859 0.343464 0 0.263647 
0 1 0 0 0 
0.294069 0.27276 0.433171 0 0 
0 0.288742 0 0 0.711258 
0.332528 0.101266 0 0.245794 0.320412 
0.416757 0 0 0.299454 0.283789 
0.267196 0 0.245793 0.368703 0.118308 
0.303973 0.446732 0 0 0.249295 
0.236593 0.308338 0.094068 0.18564 0.175362 
0.306549 0.133096 0 0.560355 0 
0 0.230337 0.168859 0.355177 0.245628 
0 0.64497 0.355031 0 0 
0.601592 0.233204 0 0 0.165205 
0.324392 0.133132 0.228324 0.314152 0 
0.235382 0.187529 0 0.187795 0.389295 
0.256639 0.444142 0.29922 0 0 
0 0.1233 0.454758 0.353925 0.0680172 
0.169346 0.250148 0.474339 0.106168 0 
0 0.31484 0 0.544079 0.141082 
0.270451 0.417034 0.0974273 0.215088 0 
0.433833 0.0958435 0.200665 0 0.269659 
0.227802 0.162237 0.609962 0 0 
0.297183 0.332926 0 0.0796576 0.290233 
0.362544 0 0.637456 0 0 
0 0 0 0.877355 0.122645 
0.387866 0.174149 0 0.37286 0.0651257 
0 0.582824 0.417176 0 0 
0 0.292193 0.0618027 0.245269 0.400734 
0.105992 0.147004 0.238578 0.118286 0.390141 
0.13118 0.358958 0.333868 0 0.175994 
0.223167 0.234243 0.169578 0.176575 0.196438 
0.566042 0 0 0.139466 0.294492 
0.499052 0.4203 0 0 0.0806482 
0 0 0.393129 0.288729 0.318142 
0.195921 0.0837938 0.308478 0.411807 0 
0 0.575232 0.244513 0 0.180255 
0 0 0.556749 0.443251 0 
0 0 0.812066 0 0.187934 
0.249536 0.0880907 0.231291 0.224177 0.206906 
0.205337 0.433496 0 0.361166 0 
0.192215 0 0.30365 0.275707 0.228428 
0.135294 0.204075 0.0908772 0.166403 0.403351 
0 0 0.287664 0.457522 0.254813 
0 0.167802 0 0.832198 0 
0.22008 0.287357 0.151404 0 0.341159 
0.426841 0.573159 0 0 0 
0 0.264078 0.349205 0.193982 0.192735 
0 0.393346 0.0875625 0.370448 0.148643 
0.470534 0 0.470005 0.0594603 0 
0.243301 0 0.209055 0 0.547644 
0.757764 0 0 0 0.242236 
0.414376 0.113601 0 0 0.472023 
0.0659777 0.153547 0.376342 0 0.404133 
0 0.265738 0.084239 0.402208 0.247815 
0 0 0.305332 0.694668 0 
0.381668 0 0 0.133574 0.484758 
0 0 0 0.64868 0.35132 
0.209825 0.346465 0.348557 0 0.0951523 
0.352687 0.121502 0 0.525811 0 
0 0 0 0.304367 0.695633 
0.607377 0.392623 0 0 0 
0.104425 0.370411 0.349972 0.175192 0 
0.326125 0.223241 0 0.450634 0 
0 0.360347 0 0.16648 0.473173 
0 0 0 0.463269 0.536731 
0.296007 0 0.270922 0.43307 0 
0.137811 0.33849 0 0.523699 0 
0 0.0795977 0.502293 0 0.418109 
0.266994 0 0.733006 0 0 
0 0.181679 0 0.448641 0.369681 
0.212379 0.121826 0.318661 0.221966 0.125168 
0 0.267543 0.324825 0.295139 0.112493 
0 0 0.77657 0 0.22343 
0 0.231044 0.0919128 0.677044 0 
0 0.281414 0.359701 0.358885 0 
0 0.375325 0.296897 0.327778 0 
0.105218 0.298295 0.254876 0 0.341611 
0.641572 0 0 0 0.358428 
0 0.721064 0 0.278936 0 
0 0.123927 0 0.417769 0.458305 
0.33699 0.32104 0 0.34197 0 
0.112377 0 0 0.141326 0.746297 
0 0.549875 0.450125 0 0 
0 0 0.4851 0.271434 0.243467 
0 0.614886 0 0 0.385114 
0 0 0.259827 0.190083 0.55009 
0 0 0 1 0 
0.148617 0.293816 0.286824 0.0821238 0.188619 
0.199896 0.249779 0 0.348376 0.201948 
0.172926 0.481726 0.170936 0.174411 0 
1 0 0 0 0 
1 0 0 0 0 
0 0.266467 0 0.34976 0.383773 
0.232992 0.197578 0.161302 0.209987 0.198141 
0.868949 0 0.131051 0 0 
0.07066 0.261114 0.392388 0.0986663 0.177171 
0.0468584 0.364956 0 0.320419 0.267766 
0.187337 0.699495 0 0 0.113168 
0.747824 0 0 0.252176 0 
0 0.140494 0.229251 0.230194 0.400061 
0 0.406834 0.1908 0 0.402366 
0.0722396 0.374741 0.373949 0 0.179071 
0.456598 0 0 0.426025 0.117377 
0.690096 0 0.197393 0.112511 0 
0.847613 0.152387 0 0 0 
0.108692 0.167591 0 0.451439 0.272278 
0 0.458893 0.367557 0.173551 0 
0.751381 0.248619 0 0 0 
0 0.446825 0.553175 0 0 
0.391396 0.114775 0.123716 0.155777 0.214336 
0.342573 0 0.657427 0 0 
0.364802 0 0 0.318467 0.316731 
0.400663 0 0.599337 0 0 
0 0.365542 0.218347 0.416111 0 
0 0.303654 0.696346 0 0 
0.281188 0.253324 0.297031 0 0.168457 
0 0.587843 0.412157 0 0 
0.36633 0 0.525098 0 0.108572 
0.490336 0 0.406567 0.103096 0 
0 0 0 0.462609 0.537391 
0 0 0 1 0 
0.666907 0.333093 0 0 0 
0.683415 0.316585 0 0 0 
0 0.314765 0.459259 0 0.225975 
0 0 0.479065 0.183119 0.337817 
0.719041 0 0 0.280959 0 
0.496239 0 0 0.503761 0 
0.473924 0 0 0.526076 0 
0 0 0.573233 0 0.426767 
0 0.450031 0.360764 0.128825 0.0603803 
0.443686 0.219808 0.284891 0 0.0516151 
0 0.707423 0.292577 0 0 
0.723505 0 0 0 0.276495 
0 0 0.314087 0.216029 0.469885 
0 0 0 0 1 
0.430335 0 0.286779 0 0.282886 
0 0.217146 0.53167 0.251184 0 
0.480371 0 0 0.519628 0 
0.0992725 0.298638 0 0.32629 0.275799 
0.0726351 0.424386 0.502979 0 0 
0 0.29839 0.541057 0 0.160553 
0.495106 0.504894 0 0 0 
0.694358 0 0.305642 0 0 
0.4108 0 0.21258 0.37662 0 
