5 200
0.703764
0.400563
0.476188
0.547784
0.29767
11.0195 0.631156
10.4895 0.394742
10.2772 0.527321
9.93115 0.222478
9.69126 0.594031
9.54493 0.752741
9.52551 1.20642
9.51627 1.03838
9.1804 1.10118
8.99967 0.847279
8.91037 1.00119
8.88789 0.562507
8.8089 0.265231
8.72478 0.510371
8.62968 1.26773
8.55989 0.872941
8.51888 0.456163
8.43079 0.621946
8.06478 1.65059
8.03789 0.43652
8.01738 0.913448
7.89528 1.88275
7.86192 0.361348
7.71081 1.12603
7.64022 0.91535
7.16639 1.77117
7.14239 1.27909
7.13861 1.20081
7.03228 1.74831
6.93072 2.79954
6.89125 0.513409
6.84656 2.44757
6.83655 1.1427
6.6284 2.09596
6.56216 1.53116
6.53258 1.43733
6.48742 0.880993
6.43882 1.04097
6.36035 1.79992
6.32921 3.04762
6.26133 1.15661
6.18154 2.41771
6.14479 1.89421
5.93293 2.32427
5.91501 2.20558
5.86552 2.44294
5.8034 2.34967
5.7625 2.37103
5.6066 2.94111
5.4704 2.68905
5.30118 2.555
5.17739 3.48113
5.15453 2.1025
5.14129 1.98704
5.02421 2.11074
4.95865 4.02639
4.8965 3.02446
4.88617 2.09975
4.79638 2.27578
4.78981 3.22849
4.74528 3.67331
4.48159 2.90469
4.42695 2.86396
4.40066 2.41539
4.31306 3.42909
4.08486 3.88281
4.08185 3.79557
4.01612 3.51445
3.98297 3.87648
3.92686 4.02694
3.89513 3.32353
3.87573 2.46191
3.8286 4.09657
3.80839 4.42053
3.67019 4.4419
3.66993 5.37934
3.48647 4.79472
3.43776 5.87801
3.36972 3.50101
3.33974 3.59486
3.20252 3.3258
3.18927 4.65844
3.07687 4.78558
3.01049 3.74487
3.00749 4.36718
2.90665 5.40753
2.89034 3.64076
2.86878 5.06201
2.68136 3.93335
2.64919 4.2723
2.53178 3.73317
2.52127 4.37408
2.49831 4.79977
2.46799 5.89321
2.45831 5.3997
2.38585 5.50934
2.32997 4.96125
2.22888 5.89373
2.1802 4.1188
2.17765 4.30888
2.16067 5.3448
2.15955 4.78041
2.14737 5.4771
2.10528 4.96337
2.09429 6.44811
2.05175 6.10455
2.0229 4.51716
1.99065 6.38588
1.90046 6.2712
1.88376 5.7723
1.87281 4.36457
1.84361 5.32125
1.77156 4.3064
1.7329 5.54614
1.71554 6.6406
1.66042 6.63158
1.65342 5.5505
1.59809 6.06306
1.50963 6.8122
1.50651 5.54251
1.4756 4.32252
1.47342 6.22902
1.44716 4.94151
1.42833 6.80472
1.40923 6.03501
1.35624 4.93729
1.30873 6.68128
1.28959 7.9705
1.18731 7.5901
1.18658 6.50557
1.15812 7.05689
1.15738 6.87756
1.05905 5.65052
1.05822 7.12787
1.01378 8.52296
1.00981 6.6186
1.00863 6.99269
0.99894 5.90241
0.914808 6.03373
0.8896 5.16459
0.846263 8.09747
0.799423 6.26404
0.793832 5.89067
0.734868 5.63559
0.707236 6.94713
0.702999 7.589
0.671621 6.06678
0.671551 7.61129
0.652689 7.70217
0.595194 8.95091
0.579389 8.56618
0.578007 6.28968
0.53281 6.60285
0.532457 6.93226
0.522799 8.13863
0.513886 9.0068
0.5091 8.53429
0.484464 9.49264
0.462085 6.99395
0.46138 9.36033
0.447984 6.77568
0.44589 7.55661
0.443186 6.34074
0.438592 8.66207
0.424967 9.14701
0.3552 7.67806
0.329392 7.53032
0.294035 7.32586
0.28928 9.29012
0.276426 7.92565
0.267187 9.33829
0.263942 7.05673
0.260444 6.51403
0.22049 6.69663
0.218421 9.34548
0.186987 10.8321
0.12677 8.57793
0.107757 9.13125
0.107083 6.94952
0.0968511 10.4898
0.0869581 7.83148
0.0830323 7.99367
0.0820071 7.85113
0.0754085 7.38147
0.0646249 9.70926
0.0564776 8.53177
0.0537805 11.0702
0.0461913 9.2408
0.0458727 7.67593
0.0392685 9.97373
0.0348869 9.35614
0.0287 9.845
0.0120738 10.2099
0.0103803 8.64254
0.00900452 8.50747
0.00666896 7.77545
0.00650944 10.7238
0.00482089 10.2298
0.00168338 11.5926
0.00129027 9.30278
0 0 0.479583 0.294191 0.226226 
0.178872 0.284389 0 0.426645 0.110095 
0.325626 0 0.505461 0 0.168914 
0 0.849833 0 0.150167 0 
0 0.0882695 0.478337 0.433394 0 
0 0.434918 0.37143 0 0.193651 
0 0.395396 0 0 0.604604 
0.467135 0 0.125738 0 0.407127 
0.182212 0.311776 0.193424 0.0713765 0.241212 
0.474575 0.525425 0 0 0 
0 0 0.33328 0 0.66672 
0 0 0 0 1 
0.275189 0 0.441918 0.282893 0 
0 0.523887 0 0.476113 0 
0.322409 0 0.27024 0.182548 0.224802 
0 1 0 0 0 
0 0.398229 0.19614 0.405631 0 
0.384506 0 0 0.327566 0.287928 
0.499392 0 0.500608 0 0 
0 0.553615 0 0 0.446385 
0 0.300385 0 0 0.699615 
0.358807 0 0.501848 0 0.139345 
0.199873 0.307608 0 0 0.492519 
0.547151 0 0 0.452849 0 
0.234025 0.143765 0.299283 0.322927 0 
1 0 0 0 0 
0 1 0 0 0 
0 0 1 0 0 
0 0.510155 0 0.489845 0 
0.167965 0.193026 0 0.229748 0.409262 
0 0.167234 0.417008 0.415758 0 
0.440065 0.233328 0 0 0.326608 
0.119798 0.445516 0 0.434686 0 
0.682671 0.162012 0 0.155316 0 
0 0.450911 0 0.549089 0 
0.857757 0 0.142243 0 0 
0 0 0 0.471343 0.528657 
0 0.471672 0.233944 0 0.294384 
0 0 0.571919 0.428081 0 
0 0.345659 0 0 0.654341 
0.210328 0.544425 0 0 0.245247 
0.63248 0 0.36752 0 0 
0 0 0 0 1 
0 0 0 0.3332 0.6668 
0 0.328714 0.327028 0 0.344259 
0.644992 0 0 0 0.355007 
0.183714 0.451935 0 0 0.364351 
0.437807 0.562193 0 0 0 
0 0.2361 0 0.393818 0.370082 
0.476141 0 0 0.523859 0 
0 0 0.476171 0.0688816 0.454947 
0 0 0 0.614662 0.385338 
0.382208 0.197671 0 0 0.42012 
0 0 0.288436 0.315219 0.396344 
0.367641 0.408538 0.223822 0 0 
0.539226 0 0 0.255145 0.205629 
0 0 0.66531 0.33469 0 
0 1 0 0 0 
0 0 0.623087 0.376913 0 
1 0 0 0 0 
0 0 0.347562 0.25062 0.401818 
0.606157 0 0.393843 0 0 
0 0 0 0.483676 0.516324 
0 0.678959 0.321041 0 0 
0 0.409247 0.486341 0 0.104412 
0.105812 0.38993 0.134877 0.369382 0 
0.317911 0 0.243275 0.140395 0.298419 
1 0 0 0 0 
0.162093 0 0.362117 0.47579 0 
0 0.15514 0.289598 0.240094 0.315168 
1 0 0 0 0 
0.504955 0 0.332386 0.162659 0 
0 0 0 0 1 
0.371367 0.17756 0.0630406 0.388033 0 
0.31517 0 0.243962 0.440868 0 
0 0.13962 0.601962 0.258418 0 
0.106528 0.456381 0 0 0.437091 
0.210749 0.196529 0.304619 0 0.288102 
0 0 0.139082 0.539648 0.32127 
0.522067 0 0.321757 0 0.156176 
0 0 0 1 0 
0.351021 0 0.419039 0 0.22994 
0 0 0.604398 0.395602 0 
0.349838 0 0.240788 0.256965 0.152408 
0 1 0 0 0 
0.407547 0.110827 0 0.481626 0 
0 0 0 0.586249 0.413751 
0 0 0.350553 0.120943 0.528504 
0 0 0.46954 0.154436 0.376024 
0 0.193385 0 0 0.806615 
0 0.679633 0 0 0.320367 
0.226697 0.222665 0.235338 0.231298 0.0840022 
0.5969 0 0 0.4031 0 
0 0 1 0 0 
0 0.458975 0 0 0.541025 
0.416287 0.0725454 0.392493 0.118674 0 
0.164285 0 0.391942 0 0.443773 
0.507786 0 0 0 0.492214 
0 0 0 0 1 
1 0 0 0 0 
0 0 0.524622 0 0.475378 
0 0.255578 0.264781 0 0.479641 
0.262867 0 0.737133 0 0 
0.597599 0 0 0 0.402401 
0.170787 0.186216 0 0.326874 0.316123 
0.553192 0 0 0 0.446808 
0 0.165254 0 0 0.834746 
0.435578 0 0 0.564422 0 
0 0.566234 0.333682 0.100084 0 
0 0.68913 0 0 0.310869 
0.792866 0.207134 0 0 0 
0 0 1 0 0 
0 0.403323 0 0.21911 0.377566 
0 0.164584 0.534481 0.300936 0 
0.166317 0.833683 0 0 0 
0.366256 0 0 0.241574 0.392171 
0 0.614162 0 0 0.385838 
0 0 0 0.179417 0.820583 
0 0.172683 0.612688 0 0.214628 
0.165961 0 0 0.834039 0 
0.681037 0 0 0.318963 0 
0.483818 0 0.420823 0.0953591 0 
0.521335 0 0 0 0.478664 
0 0 0 1 0 
0.399371 0 0 0 0.600629 
0 0.62832 0 0 0.37168 
0.693726 0 0.07816 0.138565 0.0895487 
0.0951121 0 0.526616 0 0.378272 
0 0.55246 0 0.126632 0.320908 
0 0.0395471 0.365118 0.292296 0.303039 
0.107114 0.214153 0.10568 0.176304 0.396748 
0.371102 0.469951 0 0 0.158948 
0 0 1 0 0 
0 1 0 0 0 
0 0.530495 0.469505 0 0 
0.271183 0 0 0 0.728817 
1 0 0 0 0 
0 1 0 0 0 
0 0 0 0 1 
0 0 0 0 1 
0 0.515876 0.484124 0 0 
0 0.292128 0.303547 0.404325 0 
0 0 0.672464 0.327536 0 
0.171706 0 0.188495 0 0.639799 
0 1 0 0 0 
1 0 0 0 0 
0.116544 0.126176 0.420956 0 0.336324 
0.104137 0.190826 0.159854 0.468897 0.0762859 
0 0.297504 0 0.381853 0.320643 
0.259954 0 0 0.740046 0 
0.079018 0.274882 0.236939 0.358414 0.050748 
0.624439 0 0.375561 0 0 
0.134042 0 0 0.518963 0.346996 
0 0 0 0 1 
0.585306 0.0807681 0 0 0.333926 
0.470238 0 0.209043 0.0860265 0.234692 
0.300042 0.271843 0 0.428115 0 
0.148947 0 0.454463 0.39659 0 
0 0.379623 0 0.389009 0.231368 
0 0.692099 0 0.307901 0 
0.45415 0.120414 0.425436 0 0 
0 0.497296 0.502704 0 0 
0 0.31158 0.199569 0.269066 0.219784 
0 0.454413 0.545587 0 0 
0 0 0 0 1 
0.659263 0.20036 0 0.140377 0 
1 0 0 0 0 
0 0 0.767868 0 0.232132 
0.370894 0 0.302443 0 0.326663 
0.29686 0.434618 0 0 0.268522 
0.363954 0 0.37204 0 0.264006 
0.284258 0.300892 0.225432 0.10165 0.0877692 
0.385264 0 0.333365 0 0.281371 
0 0.334959 0.293896 0 0.371145 
0 0 0.102778 0.350183 0.547039 
0.392057 0.0974586 0.510484 0 0 
0.147877 0.260151 0.253976 0.0773287 0.260668 
0 0.85212 0.14788 0 0 
0 0.431406 0.055284 0 0.51331 
0 0.321809 0.103351 0.203384 0.371456 
0.170139 0.366439 0.113304 0 0.350118 
0 0 0 1 0 
0.309996 0 0.247724 0.139706 0.302573 
0.419384 0 0.331875 0 0.248742 
0 0 1 0 0 
1 0 0 0 0 
0.439512 0 0 0 0.560488 
0 0 0.285414 0.714586 0 
0 0 0.641179 0.26412 0.0947002 
0 0 0.483263 0.516737 0 
0 0 0.411616 0.588384 0 
0 0.460921 0.539079 0 0 
0.276518 0 0.395921 0.327561 0 
0.147373 0 0.499788 0 0.352839 
0.320716 0.163662 0.515621 0 0 
0 0.201575 0.42364 0 0.374785 
0 0 0.681754 0.318246 0 
0 0 0.561545 0.438455 0 
0.609929 0 0.390071 0 0 
0 1 0 0 0 
