5 150
0.287538
0.442175
0.513039
0.330691
0.633404
10.3192 0.472495
9.39571 0.730048
8.99649 1.07613
8.72148 1.58003
8.51709 1.82458
8.3135 1.26305
8.22956 0.348442
8.01427 1.7318
7.93142 0.861207
7.82079 1.62648
7.7547 1.8124
7.66318 0.734312
7.65624 0.196436
7.54024 2.08564
7.20089 0.437787
7.18611 2.69345
7.17714 1.82293
7.13352 1.86928
6.99338 0.414599
6.98203 0.957366
6.87572 0.628432
6.80497 2.6296
6.72101 0.917804
6.55218 2.97741
6.46582 1.19995
6.40618 2.76455
6.30088 1.1128
6.28192 2.51625
6.2066 2.06817
6.0683 2.02671
5.86658 1.42418
5.63588 2.56539
5.48856 2.92866
5.45275 2.95153
5.26912 2.92112
5.17048 3.0685
4.82064 2.35054
4.80759 1.86556
4.78777 2.13162
4.65205 2.87361
4.59042 2.93045
4.52911 3.49306
4.4525 3.16875
4.15001 3.40615
4.1223 3.78419
4.11531 3.7903
3.99148 3.66436
3.81811 4.01503
3.64175 3.53911
3.59574 2.88119
3.34571 5.02731
3.2403 2.99898
3.22737 3.45826
3.07637 4.01322
3.0642 4.86751
2.99864 3.80475
2.98485 5.57325
2.96138 3.80598
2.89654 5.24796
2.84123 5.61412
2.81935 4.16212
2.79084 3.99901
2.78656 4.50413
2.74554 6.03457
2.62394 4.87168
2.56578 5.69045
2.53211 4.56792
2.41427 5.57737
2.36688 5.24658
2.28936 5.15169
2.18279 4.93608
2.17381 3.88793
2.1024 6.56852
2.08185 4.53142
2.02646 5.25919
2.01864 5.13771
1.92865 6.08717
1.80959 7.10108
1.80178 4.2584
1.63318 5.50759
1.60307 4.49735
1.5971 6.7995
1.55868 5.42084
1.55222 5.89891
1.47616 6.17654
1.40376 5.39873
1.38822 7.82678
1.36966 6.12044
1.35619 4.8213
1.30528 6.89151
1.30048 5.95871
1.19782 7.66291
1.19525 5.00048
1.11194 7.65139
1.04536 8.1114
0.97636 7.01273
0.975394 5.66789
0.949912 6.00315
0.920201 7.38438
0.861978 8.16556
0.832531 7.08904
0.80788 5.60075
0.787175 6.94585
0.768919 7.12935
0.731797 7.63501
0.678357 6.69034
0.669317 5.9658
0.585696 9.28471
0.502514 7.41181
0.480713 8.90019
0.477112 6.58201
0.456896 6.02876
0.439736 8.40591
0.410125 8.00249
0.357764 7.03752
0.357328 8.37079
0.33841 9.76161
0.334901 7.25294
0.309025 7.37752
0.294332 9.86971
0.284451 7.45367
0.280844 6.57753
0.253628 9.86425
0.247606 8.12045
0.232685 8.73333
0.226224 10.5204
0.217242 8.647
0.212904 6.5236
0.209684 8.98201
0.194295 10.3759
0.161216 8.27336
0.142139 7.92437
0.131187 10.7674
0.130851 10.9697
0.111153 9.87733
0.0989859 8.12127
0.0922628 7.14337
0.073704 8.41355
0.0729272 9.09369
0.054193 10.9551
0.0511309 9.85265
0.0418423 8.90135
0.041184 10.6902
0.0404579 11.2415
0.0154685 9.4013
0.0145849 10.2524
0.0137424 11.1766
0.0057025 8.39246
0.0037589 7.98436
0.00230014 8.93058
0.265511 0 0 0.734489 0 
0.234343 0.155073 0.291703 0.0512738 0.267608 
0.234506 0.447206 0 0 0.318288 
0 0 0 0.454598 0.545402 
0 0.338078 0.661922 0 0 
0 0.249321 0.30578 0.444899 0 
0.0683909 0.18992 0 0.474805 0.266884 
0.552474 0.447526 0 0 0 
0 0 0.704349 0 0.295651 
0.483698 0 0.431017 0.0852854 0 
0.244059 0.436913 0 0 0.319028 
0.156886 0.843114 0 0 0 
0.511787 0.351942 0.072547 0 0.0637241 
0 0 0 0.480604 0.519396 
0.284983 0.198064 0.516952 0 0 
0 0.114335 0.408311 0.477354 0 
0 0 0.172172 0.374459 0.453368 
0.530231 0 0.309363 0.160406 0 
0 0.650193 0 0.0686667 0.281141 
0.337106 0.0862411 0.193109 0 0.383544 
0.503565 0.232167 0.264268 0 0 
0.375016 0.238422 0 0 0.386562 
0.420417 0 0 0.456576 0.123007 
0.706261 0 0 0.293739 0 
0.519202 0.169281 0 0 0.311517 
0 0 0 0 1 
0 0 0.412719 0 0.587281 
0.387721 0 0 0 0.612279 
0.167288 0 0 0.397152 0.43556 
0.215322 0.106041 0.182982 0.148954 0.3467 
0.135181 0.468937 0.156739 0 0.239143 
0.2801 0 0 0.520082 0.199818 
0.278558 0.315811 0.177981 0.120103 0.107546 
0.397091 0.257891 0.150098 0.124339 0.0705806 
0 0.157904 0.278634 0.302098 0.261364 
0 0.249796 0.286598 0.25534 0.208267 
0.212395 0 0.324212 0 0.463393 
0.396986 0 0.603014 0 0 
0.21824 0 0.262585 0.283795 0.23538 
0.407566 0 0.326579 0 0.265854 
0 0 1 0 0 
0 0.21818 0.346247 0 0.435573 
0 0 0.583624 0 0.416376 
0.309619 0.15261 0 0.537771 0 
0.270722 0.225138 0 0 0.504141 
0.223787 0.364465 0 0 0.411748 
0.0861535 0.318891 0.284916 0.31004 0 
0.407708 0.226122 0.239687 0.126483 0 
0.463767 0 0 0 0.536233 
0.179062 0 0.329798 0 0.49114 
0 0.305494 0 0.317471 0.377035 
0 0.359152 0.126561 0.234854 0.279433 
0.15004 0.208747 0.266663 0 0.374549 
0.272504 0 0.311952 0.0886038 0.326941 
0.594061 0.405939 0 0 0 
0 0.117299 0.226221 0.373228 0.283251 
0 0.338651 0.374056 0.170136 0.117156 
0.306337 0.211467 0.267678 0 0.214519 
0 0.104839 0.646634 0 0.248527 
0 0.194305 0.107509 0.356363 0.341823 
0.267751 0.307629 0.351528 0.0730913 0 
0 0.483075 0 0.516925 0 
0.327102 0.37157 0 0 0.301328 
0.396964 0 0.603036 0 0 
0 0 0.344192 0 0.655808 
0.215326 0.240029 0.261183 0.123752 0.159711 
0 0.0855329 0.323873 0.590594 0 
0 0.342663 0.139018 0.158935 0.359384 
0 0.26563 0.517791 0.216578 0 
0.181245 0 0 0.818755 0 
0.196946 0.48181 0 0 0.321244 
0 0.355371 0.319828 0 0.324801 
0.142603 0 0.549722 0.307676 0 
0.27977 0.255392 0 0.464838 0 
0.0420053 0.168573 0.320755 0.203846 0.26482 
0 0.324265 0.386762 0.288973 0 
0.291176 0.32918 0 0.103196 0.276448 
0 0 0 0 1 
0.279473 0.349903 0 0.370624 0 
0 0 0 0.250461 0.749539 
0.28865 0 0 0.71135 0 
0.211533 0.298895 0.360444 0 0.129127 
0 0 0.399285 0.410861 0.189853 
0.574762 0 0.425238 0 0 
0.239843 0.278937 0 0.312755 0.168466 
0.234599 0.284212 0.481189 0 0 
0 0.339956 0.356923 0.0631767 0.239945 
0.389431 0 0.133068 0.339471 0.13803 
1 0 0 0 0 
0 0 1 0 0 
0 0.284623 0 0.253293 0.462085 
0.0957735 0.342479 0.491046 0 0.0707016 
0 0.137078 0 0.487706 0.375216 
0 0 0 0.698565 0.301435 
0 0.585447 0 0 0.414553 
0 0.271452 0 0.461151 0.267396 
0.249902 0 0 0.750098 0 
0 0.218829 0.542927 0 0.238244 
0.439646 0.0788524 0 0.481502 0 
0 0.115861 0 0.884139 0 
0.369047 0 0.325262 0 0.305691 
0 0.301522 0.258118 0.440359 0 
0.637561 0 0 0 0.362439 
0 0 0 0.476533 0.523467 
0 0.333354 0 0.169503 0.497143 
0 0.184825 0 0.570701 0.244474 
0.722588 0 0.112211 0 0.165201 
0 0 0.532133 0.467867 0 
0 0 0.270458 0.333725 0.395817 
0.454519 0 0.225937 0 0.319543 
0 0.471395 0.105241 0.177062 0.246302 
0.575269 0.327871 0 0 0.0968606 
0.134398 0.404567 0 0.461036 0 
0 0.816972 0 0 0.183028 
0.05117 0.360999 0.382271 0.205559 0 
0.338888 0 0.133044 0.117549 0.410519 
0 0.0489415 0.340004 0.386418 0.224636 
0.588777 0.147397 0 0.123691 0.140134 
0 0 0.520071 0.479929 0 
0.196089 0.2658 0.27741 0.260701 0 
0 0.721124 0.278876 0 0 
0 0.25266 0.263411 0.36461 0.119319 
0.250772 0.205214 0.544014 0 0 
0.649865 0.0940744 0.145558 0.110502 0 
0.265568 0.383801 0 0 0.350631 
0 0.460737 0.309023 0 0.23024 
0 0.515755 0 0 0.484245 
0 0.716605 0.283395 0 0 
0 1 0 0 0 
0.209811 0 0.146983 0 0.643206 
0.530556 0.298317 0.171128 0 0 
0.0929017 0.296631 0.197719 0.255104 0.157643 
0.787212 0.212788 0 0 0 
0.448565 0 0 0.551435 0 
0.342164 0.0816357 0.319082 0 0.257118 
0.187997 0.0882405 0.429206 0.119292 0.175265 
0 0 0.211763 0.788237 0 
0.528747 0.300645 0 0.170608 0 
0.270956 0.49874 0 0.230304 0 
0.32706 0.177887 0 0.495053 0 
1 0 0 0 0 
0 0.198981 0.528955 0 0.272064 
0.270403 0.202465 0.225229 0.156346 0.145557 
0.380105 0.122359 0.231489 0 0.266048 
0 0.783942 0 0.216058 0 
0 0.218952 0 0 0.781048 
0 0.207761 0 0.792239 0 
0 0.103914 0.248148 0.137451 0.510488 
0 0.538018 0 0.461982 0 
0 0.322313 0.16966 0.0841703 0.423857 
