5 200
0.632534
0.371509
0.719039
0.319796
0.327517
10.8211 0.586099
10.5387 0.438179
10.3218 0.330408
10.1824 0.85663
10.0929 0.135848
10.0749 0.666967
9.75213 0.238177
9.507 1.38798
9.34101 0.861152
9.00219 0.864915
8.93131 0.919653
8.88237 0.245855
8.68082 0.735763
8.58703 0.269019
8.52769 0.171657
8.50413 1.89053
8.47898 1.87977
8.16826 0.702297
8.11996 1.81412
8.07305 1.37042
8.00532 1.59337
7.90815 0.566375
7.86057 0.151763
7.49768 2.08272
7.47399 1.38645
7.46168 2.54686
7.44533 1.10267
7.36302 1.1004
7.30633 1.16452
7.24272 0.9654
7.11032 0.865701
6.95295 1.1824
6.68074 0.624175
6.54767 1.78077
6.54157 1.78892
6.47758 2.88288
6.38971 1.95572
6.12971 2.77939
5.98132 2.30079
5.96445 3.1122
5.92692 1.65414
5.89092 2.20769
5.83498 3.43101
5.79035 2.66334
5.78885 1.44571
5.54598 2.25824
5.52021 2.00852
5.50244 3.35359
5.48362 2.0215
5.44269 3.78686
5.42166 4.11397
5.26813 4.1444
5.2474 3.05876
5.2405 2.06361
5.11361 1.92572
5.08285 4.17353
5.06844 3.21487
5.06165 4.10193
4.99012 4.16972
4.96633 1.9018
4.87505 2.70973
4.78544 3.15451
4.733 2.88345
4.6676 2.95009
4.59158 3.69488
4.58813 3.77098
4.52302 1.95366
4.47078 3.34799
4.44866 3.53938
4.40067 2.43001
4.39239 2.99767
4.3871 2.79089
4.30535 3.74242
4.23103 4.55832
4.00321 3.04188
3.98789 3.0954
3.92764 2.50862
3.81041 5.39914
3.78219 3.69399
3.77044 3.8754
3.74403 4.24684
3.67546 3.4235
3.48478 3.19287
3.42663 4.2627
3.37974 3.69101
3.37607 4.00617
3.37436 4.12721
3.34727 4.58216
3.34031 3.64735
3.25329 3.66733
3.08348 4.02674
3.08318 3.58418
3.08021 6.22623
3.01714 5.41921
2.9696 3.59906
2.82074 6.03115
2.79869 3.98481
2.79217 3.85922
2.75878 5.65068
2.73199 5.56966
2.72934 5.51851
2.7208 4.14917
2.67823 3.87419
2.67286 4.73895
2.61995 5.09158
2.46017 3.65115
2.40319 5.56294
2.3853 4.28903
2.37788 4.14767
2.37213 5.40906
2.2423 4.13002
2.21421 6.457
2.2106 5.79036
2.15643 4.69894
2.13305 4.86768
2.12935 6.2145
1.97695 4.76501
1.93124 6.92351
1.92273 5.9241
1.88777 4.7581
1.86894 6.43586
1.85952 5.7695
1.84328 7.07624
1.77069 6.33482
1.76188 4.72016
1.72414 6.66
1.64262 7.22207
1.53891 6.37129
1.47738 6.31319
1.44793 6.38999
1.38537 7.58622
1.36341 7.78592
1.35111 5.34776
1.34403 5.63614
1.32897 6.94506
1.23257 5.19529
1.21698 5.23288
1.20119 5.8323
1.14608 7.11973
1.11265 7.87812
1.11211 6.90811
1.08097 6.6677
1.01214 7.91827
1.00921 5.73921
1.00608 5.38291
0.970028 6.36933
0.937816 6.94799
0.871278 8.26249
0.8044 5.67593
0.781617 6.87419
0.761001 6.47091
0.712548 7.18142
0.658549 5.53168
0.630083 6.16843
0.615042 6.55101
0.546629 6.34335
0.42094 8.33811
0.382521 6.82067
0.321489 8.86874
0.314014 8.81266
0.30084 9.36681
0.286412 7.31897
0.27955 9.86418
0.273115 7.50215
0.26627 9.37427
0.263779 6.78031
0.258553 8.85719
0.202714 10.1136
0.168798 10.2759
0.154333 8.32738
0.152931 10.0651
0.151089 10.0424
0.131888 8.68101
0.130216 8.52629
0.0943344 6.93797
0.0937497 7.09184
0.0897416 10.3529
0.0833853 10.8608
0.0776017 9.07773
0.0663286 7.14366
0.0641864 7.58712
0.0581712 8.80326
0.0562929 8.24416
0.05604 8.54454
0.0538892 8.44203
0.0499522 10.4204
0.0487196 11.583
0.0394884 7.46209
0.0355627 11.3835
0.0280788 8.79688
0.0247424 10.7715
0.0200273 10.9009
0.0191816 10.5165
0.0182094 9.98699
0.0110295 10.6582
0.00699376 9.8025
0.00651545 7.65381
0.00277614 9.24248
0.00277144 9.29968
0.00177705 10.4458
0 0.542736 0 0.457264 0 
0 0.608357 0.119797 0.170579 0.101267 
0.0917125 0.397287 0 0.276507 0.234494 
0 0.402928 0 0 0.597072 
0.527487 0 0 0.472513 0 
0.540657 0 0 0 0.459343 
0.383388 0.202592 0 0.41402 0 
0.328599 0.0650256 0.314986 0 0.291389 
0 0 0 0 1 
0.264589 0 0 0 0.735411 
0 0.445033 0.554967 0 0 
0 0.305161 0.321872 0.372967 0 
0.422487 0 0 0.309518 0.267995 
0.226573 0.240147 0.165279 0 0.368001 
0 0 0.634627 0 0.365373 
0 0.35489 0 0 0.64511 
0 0 0 1 0 
0 0.354248 0.16949 0.476262 0 
0.381474 0 0 0.483515 0.135011 
0.106365 0.26942 0.332168 0.037981 0.254066 
0.419712 0 0 0.105494 0.474794 
0 0 0.483631 0.516369 0 
0 0 0 0 1 
0 0 0 0.615732 0.384268 
0.837275 0 0 0.162725 0 
0 0.531948 0.468052 0 0 
0 0 0.0610815 0.514717 0.424202 
0 0.253498 0.405643 0.340859 0 
0 0.496167 0.503833 0 0 
0.446113 0.428145 0 0.125742 0 
0 0.829198 0 0 0.170802 
0.432223 0 0.462975 0 0.104802 
0 0.530902 0 0 0.469098 
0.389333 0.427336 0 0.183331 0 
1 0 0 0 0 
0 0.732557 0 0.267443 0 
1 0 0 0 0 
0 1 0 0 0 
0.357792 0.238195 0 0 0.404013 
0 0 0 0.665784 0.334216 
0 0 0.537383 0 0.462617 
0 0 0.534582 0.465418 0 
0.106084 0.497852 0 0 0.396065 
0.637449 0 0.362551 0 0 
0.439455 0.253746 0 0 0.3068 
0.550154 0 0.06497 0 0.384876 
0 0 0 0.471673 0.528327 
0.208631 0.299298 0.291518 0.200552 0 
0 0 0.184626 0.143718 0.671656 
0.774529 0 0 0.225471 0 
1 0 0 0 0 
0.102572 0.756525 0 0 0.140903 
0.436127 0 0 0.563873 0 
0.204895 0.43334 0.361765 0 0 
0 0.247393 0.109438 0 0.643169 
0.391157 0.271522 0.337321 0 0 
0.483962 0.516038 0 0 0 
0.499739 0 0.500261 0 0 
0 0.477003 0.294935 0 0.228062 
0.413973 0.487255 0.0987715 0 0 
0 0 0.504655 0.249577 0.245769 
0 0.371578 0 0.628422 0 
0.337442 0 0.662558 0 0 
0.284005 0 0.482819 0 0.233177 
0.136477 0.0641735 0.120899 0.21902 0.45943 
0 0 1 0 0 
0.0555543 0.340293 0 0.266243 0.337909 
0 0 0.0931513 0.7019 0.204949 
0 0 0.424927 0 0.575073 
0 0.108457 0.520937 0 0.370607 
0.428365 0 0.356393 0.215242 0 
0 0.322385 0.275584 0 0.402031 
0.144456 0 0.447483 0 0.408061 
0 0 0.511967 0.488033 0 
0.243996 0.288147 0.125945 0.108251 0.233661 
0.678027 0 0.321973 0 0 
0.336571 0 0.663429 0 0 
0.198364 0 0.401094 0 0.400542 
0.496138 0.13717 0.135521 0.231171 0 
0 0.194169 0 0 0.805831 
0 0 0.629774 0 0.370226 
0 0.360726 0.412476 0 0.226798 
0 0.165316 0 0.834684 0 
1 0 0 0 0 
0.325201 0.331103 0.198303 0 0.145392 
0 0 1 0 0 
0 0 0.404715 0 0.595285 
0.12325 0 0.446466 0.430284 0 
0.558051 0 0 0.441949 0 
0.564277 0 0.27779 0 0.157933 
0 0.465176 0.534824 0 0 
0 0 0 0.580223 0.419777 
0 0 0 1 0 
0 0 0.545711 0.2075 0.24679 
0.647696 0.352304 0 0 0 
0.0948252 0.167541 0.285586 0.266541 0.185506 
0 0 0 0 1 
0.175639 0.179197 0.506612 0 0.138553 
0 0.718978 0 0 0.281022 
0.301147 0.698853 0 0 0 
0.481467 0 0.340848 0.177686 0 
0.318674 0 0.307726 0 0.373601 
0.290049 0 0 0.398679 0.311272 
0.290034 0.537607 0 0.172359 0 
0.764567 0 0.235433 0 0 
0.1497 0 0.352494 0 0.497806 
0 0.626611 0 0.373389 0 
0.424443 0.206555 0.2468 0.122202 0 
0 0 0.291225 0 0.708775 
0 0.294882 0.299526 0.0962461 0.309346 
0 0.429579 0 0 0.570422 
0.486164 0 0 0.513836 0 
0.344049 0.43887 0.217081 0 0 
0.246809 0 0.753191 0 0 
0 0.42495 0 0.57505 0 
0.285836 0 0.493132 0 0.221032 
0.258048 0.300561 0 0 0.441391 
0 0.629209 0 0 0.370791 
0.698259 0.301741 0 0 0 
0.357902 0.642098 0 0 0 
0.270186 0 0.729814 0 0 
0.249615 0.750385 0 0 0 
0 0.376905 0.35092 0.272175 0 
0 0.84797 0.15203 0 0 
0.369175 0 0.511806 0 0.119019 
0 0.558833 0 0.441167 0 
0 0 0 0 1 
0 0.608332 0.391668 0 0 
0.331458 0 0.0808478 0.453851 0.133843 
1 0 0 0 0 
0.624237 0 0 0 0.375763 
0 0 0 0.609696 0.390304 
0 0 0.263636 0.536124 0.200241 
0.409508 0.316861 0 0 0.27363 
0 0.0885899 0.440451 0.292553 0.178406 
0.312358 0.230133 0.237226 0 0.220283 
0 0.762901 0 0.237099 0 
0.310562 0 0 0.689438 0 
0.218125 0 0 0.396759 0.385116 
0 0 0 0.519327 0.480673 
0.275292 0 0 0.321101 0.403607 
0 0 0 1 0 
0 0.443937 0.142758 0 0.413305 
0.670512 0.329488 0 0 0 
0 0 0.466483 0 0.533517 
0.34996 0 0.337948 0.312091 0 
0.531077 0.468923 0 0 0 
0.618726 0.263038 0 0 0.118236 
0 0 0 1 0 
0 0.3374 0 0.6626 0 
0.2664 0.0939201 0.230262 0.192038 0.217379 
0 0 0.459602 0 0.540398 
0 0 0.325153 0.51071 0.164138 
0 0 0 1 0 
0 0.775192 0.224808 0 0 
0 0.138645 0.416512 0.444843 0 
0.73538 0 0 0 0.264621 
0 0 1 0 0 
0 0.476005 0 0 0.523995 
0 0 0 1 0 
0 0 0 0 1 
0 0.479939 0.520061 0 0 
0 0 0 0 1 
1 0 0 0 0 
0.211415 0.567445 0 0 0.22114 
0 0 0.283807 0 0.716193 
0 0.321395 0.214586 0.0878974 0.376122 
0.39111 0 0.60889 0 0 
0 0.57312 0 0.255963 0.170917 
0.0599865 0.270683 0.271963 0 0.397368 
0.486426 0 0 0.513574 0 
0.436817 0 0 0.450169 0.113014 
0 0.59948 0 0 0.40052 
0 0.197208 0.3579 0.444892 0 
0.510295 0.328691 0 0 0.161014 
1 0 0 0 0 
0.326227 0.350681 0 0 0.323092 
0.248179 0.210558 0.288605 0.14446 0.108197 
0.463431 0 0.176502 0 0.360067 
0 0 0.254069 0.288634 0.457298 
0.386397 0 0 0.613603 0 
0.463382 0 0.261524 0.275094 0 
0 0.305006 0.405912 0 0.289082 
0.515511 0 0 0 0.484489 
0 0.366389 0.411779 0.221831 0 
0 0.204929 0.553899 0.241172 0 
0.19049 0 0.445131 0.364379 0 
0 0 0.328043 0.671957 0 
0.305958 0.154771 0 0.245887 0.293384 
0 1 0 0 0 
0.320535 0 0.679465 0 0 
0.242074 0.139806 0.456803 0 0.161317 
0 0 1 0 0 
0 0.706282 0 0 0.293718 
0.34032 0.202914 0 0.337005 0.119761 
0 0.130413 0.567639 0.301948 0 
0 0 0.406481 0 0.593519 
0 0 0 0 1 
0.326165 0.338568 0 0.335267 0 
0.361833 0.252961 0.086277 0.29893 0 
