5 150
0.487571
0.528619
0.378132
0.309786
0.62965
10.129 0.715643
9.95013 0.434508
9.91015 0.633768
9.60837 0.450979
9.12112 0.980372
8.79793 0.232152
8.61769 1.85559
8.50816 1.26603
8.50671 1.79475
8.09777 1.57796
8.0159 0.656853
7.97739 1.31213
7.90348 0.490356
7.84897 1.16314
7.84476 1.34981
7.76644 1.33455
7.61339 1.98129
7.55094 0.358937
7.51732 2.56056
7.39074 0.589928
7.14089 2.07439
7.01876 2.03576
6.98163 0.314595
6.71376 1.60692
6.25495 1.64945
6.05038 2.68185
5.77903 2.62615
5.49979 1.82109
5.25669 1.48148
5.1497 2.20791
5.08656 2.23042
4.99208 2.96261
4.94704 3.3832
4.88082 3.71005
4.77602 2.6146
4.71581 4.13739
4.70927 3.34224
4.68017 3.11426
4.58055 2.88828
4.51991 3.27062
4.50993 4.52897
4.36679 3.31338
4.22095 2.20269
4.11523 3.7001
4.02534 3.88275
4.01636 2.96883
3.679 4.85664
3.67633 2.93098
3.54261 5.63451
3.50097 4.1062
3.48393 3.39068
3.41299 4.13648
3.38417 4.2264
3.34231 3.32624
3.34142 4.17856
3.27289 4.43735
3.25219 2.99975
3.23555 4.33737
3.17828 3.69405
3.1123 3.77063
3.0674 4.65128
3.0344 4.07317
2.92438 3.94848
2.8944 5.86249
2.88902 4.85128
2.86267 5.95958
2.83017 5.99293
2.80647 5.54745
2.46143 5.19279
2.38359 4.99915
2.35089 6.61299
2.30681 3.59792
2.2935 3.87942
2.24275 5.42029
2.24059 6.74031
2.22866 4.41589
2.14577 4.56937
2.01097 6.07968
1.9443 5.93881
1.91178 6.63663
1.85624 4.10841
1.82607 5.76654
1.79223 5.10878
1.76451 6.72466
1.74563 5.11376
1.70827 6.64128
1.69275 4.77813
1.62099 4.64695
1.58284 4.53453
1.55364 6.10709
1.54808 6.76545
1.48349 7.63608
1.41683 6.18542
1.41425 4.80036
1.40155 5.26229
1.37219 6.28135
1.36241 7.48544
1.35204 6.5155
1.33582 5.71141
1.2651 6.90759
1.2581 5.02585
1.16433 7.01561
1.14025 5.76212
1.12253 6.29037
1.05132 6.93516
0.995519 6.50685
0.884079 6.33652
0.88334 8.36005
0.841118 6.41329
0.730715 7.0303
0.655308 6.76959
0.654791 9.2228
0.566611 7.11922
0.563977 5.98221
0.540624 6.76374
0.474463 8.47657
0.456788 7.44012
0.441917 6.42124
0.439314 6.60355
0.435573 9.58282
0.380169 6.2384
0.376042 9.81303
0.347688 9.01972
0.330396 7.44599
0.314879 6.38127
0.277671 9.73981
0.259146 9.68874
0.257525 9.73473
0.206264 8.80199
0.189585 7.05243
0.175535 9.02809
0.171415 8.25312
0.158118 7.51288
0.12356 7.39073
0.120189 10.2689
0.115058 10.7488
0.0891617 9.85524
0.0864105 10.1491
0.0827034 7.32976
0.0756922 9.05669
0.0659086 8.66122
0.0591298 10.1705
0.0268148 10.4472
0.0171969 11.4808
0.0135654 8.83657
0.00725546 8.26804
0.00459518 8.07493
0.00404676 9.77701
0.00315036 11.8308
0.00144364 10.1795
0 0.101776 0.475068 0 0.423156 
0.74888 0 0 0.25112 0 
1 0 0 0 0 
0.5242 0.0977636 0 0.378036 0 
0.571565 0 0 0.428435 0 
0.37971 0.298135 0 0 0.322155 
0 0.238654 0 0 0.761346 
1 0 0 0 0 
0 1 0 0 0 
0 0.291924 0 0.708076 0 
0 1 0 0 0 
0 0.360456 0 0 0.639544 
0 0 0.319512 0.546997 0.13349 
0.479061 0 0 0.520939 0 
0.572762 0 0 0.427238 0 
0.32178 0.67822 0 0 0 
0 0.488144 0 0 0.511856 
0.258479 0.487263 0.254258 0 0 
0 0 1 0 0 
0.366064 0 0 0.633936 0 
0.426586 0.265896 0.307518 0 0 
0 0 0 0.225406 0.774594 
0 0 1 0 0 
0 0 1 0 0 
0 0.622827 0.252013 0.12516 0 
0 0.346328 0 0.653672 0 
0.875085 0.124915 0 0 0 
0 0 1 0 0 
0.55311 0 0 0 0.44689 
0 0 0 1 0 
0.28326 0.327571 0.253784 0 0.135384 
0 0 0 0.298911 0.701089 
0 0 1 0 0 
0.501843 0 0.0923795 0 0.405778 
0.613355 0.386645 0 0 0 
0.179394 0 0 0.312483 0.508123 
0.162159 0 0.837841 0 0 
0.565761 0 0.434239 0 0 
0.350639 0 0.649361 0 0 
0 0.479549 0 0.520451 0 
0 1 0 0 0 
0 0 0.239386 0.10483 0.655784 
0 0 0.261448 0.738552 0 
0 0 0.354201 0.645799 0 
0.676047 0 0 0 0.323953 
0 0.363005 0 0.636995 0 
0.477628 0 0.522372 0 0 
0 0.511505 0 0.488495 0 
0 0.698764 0.301236 0 0 
0 0.32034 0 0.388302 0.291358 
0.154993 0 0 0.240354 0.604652 
0 0 0 0 1 
0 1 0 0 0 
0 0 0.577118 0 0.422882 
0.282135 0.29346 0.424406 0 0 
0.49529 0 0 0.50471 0 
0 0 0 1 0 
0.357552 0 0.349007 0.293442 0 
0 1 0 0 0 
0 0 0.536051 0 0.463949 
0.227008 0 0 0.772992 0 
0 0 1 0 0 
0 1 0 0 0 
0 1 0 0 0 
0.472983 0 0 0 0.527017 
0.231834 0.131504 0.0743714 0 0.562291 
1 0 0 0 0 
0 0 1 0 0 
0 0 0 0 1 
0 0.252908 0.362982 0.30242 0.081691 
0 0 0 0.534738 0.465262 
0 0.274711 0 0 0.725289 
0 1 0 0 0 
0.274056 0 0 0.188808 0.537136 
0 0 0.715194 0.284806 0 
0.738837 0 0.261163 0 0 
0 1 0 0 0 
0.25101 0.128088 0.394344 0.226558 0 
0.618134 0.381866 0 0 0 
0 0 1 0 0 
0.781767 0 0.218233 0 0 
0.630447 0.369553 0 0 0 
0 1 0 0 0 
0.297526 0.702474 0 0 0 
0 0 0 1 0 
0 0.490279 0.509721 0 0 
0 1 0 0 0 
0 0 0 0 1 
0.552235 0 0 0 0.447765 
0.429566 0.570434 0 0 0 
0.33029 0 0.66971 0 0 
0 0 1 0 0 
0 0.497757 0 0 0.502243 
0 0.437228 0 0.455149 0.107622 
0.608036 0 0 0 0.391964 
0.217403 0 0 0.614576 0.168021 
0 0 0.682471 0 0.317529 
0.363807 0.333202 0 0 0.30299 
0 0.231912 0 0.477527 0.290561 
0.295351 0.257723 0 0 0.446926 
0 0.455421 0.544579 0 0 
0.217861 0.255964 0.380151 0 0.146023 
0.319573 0.275548 0 0.325253 0.0796254 
0.728698 0 0 0 0.271302 
0 0 0 0 1 
0 0.547975 0.452025 0 0 
0 1 0 0 0 
0.447863 0 0.138138 0.413998 0 
0.248469 0.373241 0.37829 0 0 
0 0.198513 0.149373 0 0.652114 
0 0 0 0.387286 0.612714 
0 0.178242 0.170812 0.507074 0.143872 
0 0 1 0 0 
0.06998 0.355007 0.468249 0.106764 0 
0 0.403749 0.596251 0 0 
0.817712 0 0 0 0.182288 
0 0 1 0 0 
0.156133 0 0 0.843867 0 
0 0 0.688057 0 0.311943 
0 0 1 0 0 
0 1 0 0 0 
0.514985 0.23817 0 0 0.246846 
0.207195 0 0.24199 0.476517 0.0742982 
0.334239 0 0.36419 0 0.30157 
0 0 0 1 0 
0 0 1 0 0 
0 0.588065 0 0 0.411935 
1 0 0 0 0 
0.753646 0 0.246354 0 0 
0.501527 0.438265 0 0.0602077 0 
0 0.382196 0 0.617804 0 
0 0 0 1 0 
0 0 1 0 0 
0.290291 0.379034 0 0 0.330674 
0 1 0 0 0 
0 0.252288 0.747712 0 0 
0.39383 0.323629 0 0 0.282541 
0.519634 0 0 0.480366 0 
0 0 1 0 0 
0.443562 0.556438 0 0 0 
0 0 0 0.530627 0.469373 
0 0.233252 0.636554 0.130194 0 
1 0 0 0 0 
0 1 0 0 0 
0 1 0 0 0 
0 0.748811 0.251188 0 0 
0.811055 0 0 0.188945 0 
0.518229 0 0 0.481771 0 
1 0 0 0 0 
1 0 0 0 0 
