5 100
0.402638
0.350528
0.541925
0.687437
0.366962
11.384 0.130035
11.1479 0.371099
10.2171 0.584009
9.94681 0.801131
8.58175 0.248155
8.51476 1.58785
8.43824 0.704247
8.34127 1.23082
7.75249 2.09684
7.67929 1.72065
7.58741 0.958424
7.35477 2.36689
7.30441 1.0935
7.2671 0.710663
7.11414 0.970516
7.04622 1.00196
7.04298 2.00552
7.00476 0.644604
6.99342 1.56518
6.55545 2.51033
6.48571 0.84496
6.33164 2.28671
6.11786 3.58967
5.5814 2.3113
5.581 2.62288
5.55813 1.93257
5.03721 2.41835
4.95498 3.88162
4.72619 4.62435
4.54201 3.78266
4.47388 2.96587
4.28939 3.00984
4.24395 2.68324
4.21557 4.08289
4.10502 3.45151
4.05985 5.02939
3.80669 3.51568
3.66571 4.39669
3.31702 2.91386
3.12111 5.9397
2.8792 4.10253
2.73042 3.74168
2.61856 4.05043
2.58105 3.66589
2.47854 5.60829
2.38364 5.9728
2.37894 4.25891
2.35345 4.0959
2.15477 5.25016
2.12901 4.65459
2.06848 4.43095
2.05964 5.35221
1.99304 4.78284
1.59684 5.50457
1.48032 7.76994
1.42926 7.79343
1.40128 6.08674
1.33299 7.1261
1.13545 5.56729
1.09063 5.28195
1.02019 8.36997
1.01094 8.6152
0.821665 7.15765
0.815731 5.69284
0.812904 7.73331
0.765165 6.29728
0.725299 8.62651
0.72504 6.6363
0.721999 7.78496
0.715368 6.58022
0.698318 7.13357
0.67982 9.22488
0.679818 6.85741
0.642469 8.88761
0.627105 7.83969
0.625069 8.73128
0.606898 9.38281
0.416623 8.26873
0.411526 6.51332
0.410291 9.39307
0.373648 6.19012
0.319843 8.63073
0.280598 9.15216
0.214395 9.89102
0.175764 9.28287
0.174209 6.45165
0.170022 9.63214
0.140108 9.15253
0.130158 8.27653
0.0892683 7.29892
0.0704016 9.00181
0.0516458 8.68783
0.0506806 10.0616
0.0435696 9.03893
0.0274912 11.5578
0.025055 7.9564
0.0214697 11.6529
0.0154979 11.6084
0.00573125 11.5108
0.00534049 9.34903
0.308819 0 0 0.550928 0.140254 
0.436894 0 0 0 0.563106 
0 0 0 0.266712 0.733288 
0.425292 0.0927821 0 0 0.481926 
0.41634 0.58366 0 0 0 
1 0 0 0 0 
0.156215 0 0 0.417327 0.426457 
0.180407 0 0 0.819593 0 
0 0.534001 0 0.465999 0 
0 0.567828 0 0.32273 0.109442 
0.177227 0.211762 0 0.336436 0.274574 
0.838555 0 0.161445 0 0 
0 0 1 0 0 
0.368233 0 0.631767 0 0 
0 0 0 0.805476 0.194524 
0 0 1 0 0 
0 0.542685 0.457315 0 0 
0.439103 0 0.321392 0 0.239505 
1 0 0 0 0 
0 0 0 1 0 
0 0 0.454279 0.545721 0 
0.137574 0 0.21998 0.310984 0.331462 
1 0 0 0 0 
0.858525 0 0 0 0.141475 
0.32614 0.282528 0.266878 0 0.124455 
0 0.532791 0.167734 0 0.299475 
0 1 0 0 0 
0 0.142723 0.257361 0.343687 0.256229 
0 1 0 0 0 
0 0 0.539569 0 0.460431 
0 0.546943 0 0 0.453057 
0 0.47402 0 0.350171 0.175808 
0.266149 0 0.159483 0.263647 0.31072 
0 0.106509 0.593133 0 0.300358 
0.418823 0 0 0.581177 0 
0.215795 0 0 0.784205 0 
0.501396 0 0.364192 0 0.134412 
0 0.409191 0.225206 0 0.365603 
0.525337 0 0 0.299678 0.174985 
0.416606 0 0.350363 0.125351 0.107679 
0.1371 0.371773 0 0 0.491126 
0.206118 0 0.793882 0 0 
0.353016 0 0.177233 0.469751 0 
0.376273 0.324882 0 0 0.298845 
0.368191 0.340835 0 0.290974 0 
0.192159 0.170227 0.221578 0.201379 0.214656 
0.282557 0 0 0.372082 0.345362 
0 0 0.625042 0.0857797 0.289178 
0 0.875584 0 0.124417 0 
0.555851 0.253639 0.19051 0 0 
0 0.298645 0.149007 0.411643 0.140705 
0.865115 0 0 0 0.134885 
0 0 0.618765 0.27251 0.108725 
0 1 0 0 0 
0.147883 0 0 0 0.852117 
0.399674 0 0 0.600326 0 
0 1 0 0 0 
0.237825 0 0 0.385541 0.376634 
0 0 0 0.719299 0.280701 
0 0.190078 0.105863 0.704059 0 
1 0 0 0 0 
0 0 0.619807 0 0.380193 
0.584965 0 0.415035 0 0 
0 0.445026 0.220831 0.334144 0 
0.39713 0 0.171822 0 0.431047 
0 1 0 0 0 
0 1 0 0 0 
0 0.19992 0 0 0.80008 
0 0.239547 0 0.449834 0.310619 
0.445159 0.314386 0 0.240454 0 
0 0 0.331296 0.668704 0 
0 0 0.116385 0.308646 0.574969 
0.205163 0.405687 0 0 0.38915 
0.425317 0 0.30875 0 0.265934 
0.0762453 0 0.235391 0.590482 0.0978824 
0.356066 0.0937299 0 0.21017 0.340034 
0.0951045 0.505739 0 0.0783406 0.320815 
0 0.207608 0.416382 0 0.376009 
0.146485 0 0 0.853515 0 
1 0 0 0 0 
0 0 0.252842 0 0.747158 
0.496355 0.143174 0.191671 0.1688 0 
0.282899 0 0 0.222983 0.494117 
0 0 0 1 0 
0 0.429974 0.570026 0 0 
0 0 0.184033 0.409948 0.406019 
0.273281 0.0563197 0.26914 0.40126 0 
0 0 0.807932 0.192068 0 
0.595936 0 0 0 0.404064 
0 0 0.243571 0.389933 0.366496 
1 0 0 0 0 
0.202783 0.797217 0 0 0 
0 0 0.488029 0 0.511971 
0 0 0.594405 0.405595 0 
0 0.335723 0.415202 0.110652 0.138424 
0.564938 0 0 0 0.435062 
0.05452 0.389341 0.308288 0 0.247851 
0 0 0 0.768126 0.231874 
0 0 0.249659 0.319383 0.430958 
0 0.0791596 0.371175 0.297466 0.2522 
