5 100
0.548853
0.64501
0.273387
0.3551
0.265497
11.2615 0.272204
9.99626 0.796016
9.96465 0.455238
9.27978 1.16182
9.07708 0.470849
8.69728 0.50299
8.59954 1.84443
8.55155 0.676227
8.35306 0.672571
8.33884 1.1927
8.25496 0.833526
8.22855 1.40116
8.05038 2.10221
7.91644 1.63682
7.8567 1.50466
7.2528 1.9948
6.84433 1.58839
6.30352 3.25112
6.12128 2.84956
6.01257 2.92691
5.95577 2.4634
5.68972 3.56169
5.66795 3.11642
5.57255 2.61477
5.40971 1.68378
5.40252 1.66946
5.34041 2.99827
5.17811 1.76741
5.12978 1.65754
5.01658 3.58631
4.90194 2.69482
4.7012 2.76696
4.64505 2.01988
4.52964 3.15672
4.47949 4.00759
4.47379 2.43929
4.43911 3.85522
4.38684 3.40123
4.16783 2.36508
4.13194 4.08929
4.11499 3.5879
3.76107 3.40323
3.56676 4.06674
3.56647 3.72906
3.53993 4.28356
3.49104 4.2349
3.44107 2.77203
3.19432 4.43401
3.08712 4.50959
2.95191 3.61521
2.88251 3.71225
2.72415 6.42725
2.70805 6.46351
2.51575 4.46967
2.38848 3.89797
2.30819 3.68032
2.28619 6.20957
2.15996 5.66325
2.03661 3.98338
1.9267 4.85758
1.90094 4.56194
1.86421 5.10795
1.82508 7.24713
1.78283 5.85537
1.33931 4.63517
1.20427 6.79293
1.16714 6.84632
1.09762 6.53835
0.959365 5.84911
0.78724 8.77081
0.702052 8.42425
0.642263 9.21608
0.602904 5.69705
0.592016 8.85845
0.5816 5.86589
0.4594 6.81239
0.458787 6.63495
0.438399 6.25779
0.392009 8.18755
0.364151 9.08904
0.353625 8.83568
0.3491 7.28498
0.32908 6.32501
0.272523 7.76877
0.251207 6.64079
0.215136 7.07718
0.193482 9.87375
0.176519 7.82722
0.164787 7.16887
0.146479 8.52392
0.119432 8.4621
0.119019 10.6439
0.105127 7.54579
0.0661668 10.3034
0.0599421 8.80334
0.0510188 9.14542
0.0311093 10.9911
0.0303617 9.2107
0.0218182 8.18856
0.00346401 7.4868
0 1 0 0 0 
0 0 0 1 0 
0.220099 0 0 0 0.779901 
0 1 0 0 0 
0 0 0 1 0 
0 0 1 0 0 
0 0 0 1 0 
0 0 0 1 0 
0 0 1 0 0 
0 0 1 0 0 
0 1 0 0 0 
1 0 0 0 0 
0 0 0.543665 0 0.456335 
0 1 0 0 0 
0 1 0 0 0 
0 0 1 0 0 
0 0 0 1 0 
0.490429 0.509571 0 0 0 
0 1 0 0 0 
0 0 0 1 0 
0 0 0 0.428342 0.571658 
1 0 0 0 0 
0.6023 0 0 0.397701 0 
0 1 0 0 0 
1 0 0 0 0 
0 1 0 0 0 
0 0.405633 0.594367 0 0 
0 0 1 0 0 
0 0 0 1 0 
0.260343 0 0 0.739657 0 
0.524468 0 0 0.475532 0 
0.171973 0 0 0.828027 0 
0 0 1 0 0 
0 0 0 0 1 
0 1 0 0 0 
0 0 0 0 1 
0 0 0 0 1 
0 0 1 0 0 
0 0 0 0.58161 0.41839 
0 0 0 1 0 
0 0 1 0 0 
0.79657 0.20343 0 0 0 
0 1 0 0 0 
0 0 1 0 0 
0 0 1 0 0 
0 0.337952 0 0 0.662048 
0 0.563302 0.436698 0 0 
0 0 1 0 0 
0 0 1 0 0 
0 0 0 1 0 
0.423656 0 0 0.576344 0 
0 0 0 0 1 
0 0 0 1 0 
0.212271 0 0.316014 0.471715 0 
1 0 0 0 0 
0 1 0 0 0 
0 0 0 1 0 
0 0 0 1 0 
0.695117 0.304883 0 0 0 
0 0 0 0 1 
0 1 0 0 0 
0 1 0 0 0 
0 1 0 0 0 
0 0 1 0 0 
1 0 0 0 0 
0 0 0 1 0 
0 0 0 1 0 
0 1 0 0 0 
1 0 0 0 0 
0 0 0 1 0 
1 0 0 0 0 
1 0 0 0 0 
0 0 1 0 0 
0 0 0 1 0 
1 0 0 0 0 
0 1 0 0 0 
0 0 1 0 0 
0 1 0 0 0 
0 1 0 0 0 
0.270079 0 0 0.729921 0 
0 0 0 0 1 
0 0 0 1 0 
1 0 0 0 0 
1 0 0 0 0 
0 0.833102 0 0 0.166898 
0 0 1 0 0 
0 0 0 1 0 
0 0 1 0 0 
0 1 0 0 0 
0 0 0 0 1 
0 0 0 0 1 
0 0 0 0 1 
0 0 1 0 0 
1 0 0 0 0 
0 0 0 0 1 
0 0.841363 0.158637 0 0 
1 0 0 0 0 
0 0 0 1 0 
0 0 0 0 1 
0 1 0 0 0 
