5 200
0.691465
0.350528
0.519814
0.337863
0.359836
12.2049 0.0898002
9.22036 0.674841
9.07935 0.654366
8.80563 0.795467
8.76167 1.50927
8.74441 0.428518
8.73907 0.56684
8.52987 1.82768
8.28908 1.53561
8.12397 1.15204
8.10069 1.77121
8.04471 0.578923
7.93008 0.747295
7.70449 0.530623
7.61171 1.57591
7.59391 1.47176
7.52984 1.29021
7.50152 2.17842
7.3937 1.89445
7.24943 2.12463
7.21456 0.838252
6.9209 1.87756
6.83248 0.584643
6.77079 2.32198
6.74057 3.09323
6.70772 0.911209
6.61662 1.7294
6.53906 1.99418
6.46503 1.37395
6.44957 1.14253
6.33655 2.77538
6.2522 0.876712
6.23735 1.64853
6.23254 2.60932
6.23208 1.42175
6.22933 1.83997
6.18026 1.34959
6.16262 1.86154
6.09528 1.12553
6.07668 2.01768
6.01665 1.62344
5.94865 2.08879
5.85648 1.55106
5.83107 2.08827
5.69793 1.63284
5.68866 2.77131
5.67543 2.02532
5.6712 1.56767
5.42497 3.11266
5.27762 3.46018
5.25286 3.61064
5.15112 3.63756
5.08449 3.18094
5.0252 2.42249
4.79262 3.21413
4.78539 4.42666
4.74888 3.85123
4.59372 2.64714
4.47878 3.55465
4.45893 3.47088
4.45266 2.79609
4.43852 3.1761
4.39046 3.27705
4.23471 3.61612
4.09568 4.35881
4.08152 3.4733
4.04133 3.03922
4.03559 2.86285
3.95011 2.53376
3.9198 3.27504
3.89595 3.65966
3.87345 2.66212
3.85684 3.35717
3.83669 4.56151
3.76653 3.78356
3.67596 3.29073
3.64905 3.11106
3.57498 4.63914
3.53992 4.72431
3.5353 5.47785
3.49976 4.03558
3.47816 4.57094
3.44726 3.67182
3.41469 4.10806
3.41229 5.59688
3.31298 4.27246
3.26402 5.05148
3.23908 4.41626
3.06327 4.37985
2.99479 5.52895
2.94483 4.29844
2.86316 5.22351
2.64052 5.35308
2.60789 5.92741
2.58899 4.89023
2.42502 5.39629
2.42008 5.06878
2.32937 4.40124
2.17331 5.80229
2.126 4.66474
2.11523 6.65293
2.04284 4.19776
1.9179 4.20397
1.89312 5.89207
1.87222 4.69703
1.85602 5.60475
1.81768 6.10937
1.75006 6.1746
1.68486 6.64235
1.67238 7.1134
1.66107 4.35299
1.65077 6.28928
1.62936 5.736
1.61178 4.68121
1.60011 4.91257
1.58607 4.99207
1.53246 7.53211
1.51541 6.53896
1.46099 6.51604
1.45297 6.75152
1.41735 5.40953
1.30572 7.79886
1.28259 6.2648
1.22133 6.533
1.21968 7.32246
1.17176 8.25204
1.11805 5.48516
1.09009 7.85631
1.0803 5.48361
1.0173 8.20904
0.981622 7.26158
0.963343 6.71174
0.949752 6.86228
0.929318 5.79498
0.915355 7.76394
0.906441 8.31085
0.903187 7.19227
0.862481 7.6427
0.851174 8.58671
0.84859 6.36571
0.825574 6.12108
0.822383 6.75789
0.817658 6.39751
0.797472 6.24894
0.754428 8.72865
0.738764 5.85671
0.717924 5.43715
0.717904 7.9673
0.697747 8.64574
0.684332 9.1486
0.674898 9.00778
0.670449 8.36808
0.666096 6.95342
0.659105 8.57606
0.634918 8.66376
0.619896 6.39748
0.593559 5.93028
0.577554 8.27027
0.573588 7.60247
0.50516 8.65457
0.501917 5.98629
0.500284 9.44818
0.482392 6.57033
0.457094 9.04771
0.439191 6.73713
0.390565 7.57802
0.343663 6.77404
0.321398 8.80821
0.315351 7.61386
0.307953 8.66318
0.299794 8.03462
0.282751 6.48228
0.277635 7.34502
0.260805 10.3061
0.254766 9.70672
0.239462 7.9672
0.204477 8.264
0.181906 9.90023
0.180382 10.4059
0.175062 9.242
0.173103 7.32024
0.168683 8.29294
0.160237 9.18507
0.154972 7.51516
0.106756 8.20935
0.0897767 8.41967
0.084498 9.98842
0.0779852 10.0649
0.0645956 9.58278
0.0582779 8.84638
0.0525535 11.4972
0.0455615 7.47237
0.0291406 7.5963
0.023113 9.67424
0.0186371 9.54436
0.00723201 9.02643
0.00661307 10.9032
0.00386183 9.74235
0.00248457 10.736
0.00238011 8.52007
0.243768 0 0.352946 0.279883 0.123403 
0 0.308911 0.266877 0.315121 0.109091 
0.338911 0.344997 0 0.211726 0.104366 
0.0697263 0.614204 0.126073 0 0.189997 
0 0.330063 0.49561 0 0.174327 
0.362299 0.418504 0.101335 0 0.117862 
0 0 0.44273 0.212167 0.345104 
0 0 0 0.695405 0.304595 
0.625237 0 0 0.374763 0 
0 0.337333 0.0974158 0.26885 0.296401 
0.255043 0.645181 0 0.0997758 0 
0.280665 0.0602636 0.213831 0 0.44524 
0 0.144893 0.855107 0 0 
0 0 0 0.25936 0.74064 
0.204356 0.602426 0 0 0.193218 
0.681876 0 0.318124 0 0 
0 0 0.433825 0 0.566175 
0 0.313809 0.297597 0 0.388594 
0.373034 0 0.43424 0.192727 0 
0 0 0.749462 0.250538 0 
0.131822 0.284081 0.0649242 0.204146 0.315027 
0 0.574021 0 0.425979 0 
0.855751 0 0 0 0.144249 
0.343286 0.34764 0 0.108961 0.200113 
0.493162 0.506838 0 0 0 
0.210328 0 0 0 0.789672 
0.500639 0 0 0.368794 0.130567 
0 0 0.385624 0.614376 0 
0.519408 0.150299 0.330293 0 0 
0 0.0555635 0.362411 0.426213 0.155812 
0.580094 0.334511 0 0.0853953 0 
0 0 0.613969 0.386031 0 
0 0.205899 0.426013 0.368088 0 
0.257138 0.0857314 0.296493 0.283735 0.0769027 
0 0 0.594906 0 0.405094 
0.495494 0 0 0.504506 0 
0 0 0 0.301582 0.698418 
0.322442 0 0 0.363526 0.314031 
0 1 0 0 0 
0 0.430191 0.166133 0 0.403676 
0.128249 0 0 0 0.871751 
0.107898 0.158612 0.522448 0 0.211042 
0.209722 0 0.227409 0.562869 0 
0.306111 0.132053 0.144393 0.417444 0 
0 0 0 0.499476 0.500524 
0.3017 0.202141 0.170661 0.325498 0 
0.203257 0.177722 0 0.324513 0.294508 
0.12577 0.219856 0.307748 0.160466 0.186161 
0.508588 0 0 0.289699 0.201713 
0.431122 0 0.124253 0.444625 0 
0.21092 0 0.353589 0.435491 0 
0 0.0897269 0.315301 0.381043 0.213929 
0.325179 0 0.296296 0.10463 0.273895 
0.524269 0.249017 0 0 0.226714 
0.580202 0 0.347283 0.072515 0 
0.403722 0 0 0.257711 0.338567 
0.264698 0.124998 0.380215 0 0.230088 
0 0 0.509329 0.490671 0 
0.15807 0.604727 0 0 0.237203 
0 0 0.166583 0.339563 0.493854 
0 0.280642 0.300987 0.418371 0 
0.216435 0.278576 0.342743 0.162247 0 
0.210408 0 0.23522 0.222709 0.331663 
0 0.353182 0 0.473208 0.17361 
0.179199 0.367855 0.452947 0 0 
0 0.544748 0.455252 0 0 
0 0.355258 0 0.644742 0 
0.373639 0.294784 0.331578 0 0 
0.321153 0.25389 0 0.209178 0.21578 
0.471653 0 0.166768 0.361579 0 
0 0.27714 0.449877 0 0.272983 
0 0.532037 0.467963 0 0 
0 0.374473 0.246747 0.37878 0 
0 0.768839 0 0.231161 0 
0 0.610384 0.27145 0 0.118166 
0 0 0.411005 0.398543 0.190452 
0.257448 0.301238 0 0.2095 0.231815 
0 0 0 1 0 
0 0.217862 0.420237 0 0.361901 
0.713269 0 0 0 0.286731 
0.551206 0.355047 0 0 0.0937462 
0.110298 0.198255 0.215061 0.101122 0.375264 
0.272514 0.600176 0.12731 0 0 
0 0.725242 0 0.274758 0 
0.323204 0.252926 0 0 0.42387 
0.237625 0.231568 0.141625 0.242462 0.14672 
0 0.225028 0 0.476922 0.29805 
0 0.302497 0.0459627 0.336734 0.314807 
0.288708 0.341536 0 0.369756 0 
0.231893 0.150213 0.245303 0.226845 0.145746 
0.325907 0.212045 0.339892 0.122156 0 
0.20029 0 0.301412 0.166869 0.33143 
0.374038 0 0.443215 0.182747 0 
0.122919 0 0 0 0.877082 
0 0.391621 0.187029 0.269493 0.151857 
0 0.501142 0.398351 0.100507 0 
0 0.292213 0 0 0.707787 
0 0.276465 0.189912 0.331351 0.202271 
0 0.246741 0 0.388913 0.364346 
0.378825 0.108521 0.285296 0 0.227357 
0.242281 0 0.104188 0.34853 0.305 
0 0 0.82437 0 0.17563 
0 0.612683 0 0 0.387317 
0 0 0.239481 0 0.760519 
0 0.338912 0.182692 0.478396 0 
0.114514 0 0 0.33416 0.551326 
0 0 0.58955 0.160106 0.250343 
0.248537 0.179321 0.418269 0 0.153873 
0.601383 0.398617 0 0 0 
0 0.403679 0.230416 0.140261 0.225644 
0.0429882 0.255321 0.288165 0.322426 0.0911002 
0.093666 0.511821 0 0.394513 0 
0.129031 0.261966 0.297971 0.311032 0 
0 0.181275 0 0.818725 0 
0 0 0.286543 0 0.713457 
0 0.3213 0.329665 0.349034 0 
0.177691 0.0706093 0.143508 0.31289 0.295302 
0.190663 0 0.515205 0 0.294132 
0.207289 0 0.285041 0.103374 0.404296 
0 0 0 0.326985 0.673015 
0 0.284348 0.596303 0 0.11935 
0.182681 0.271886 0.424051 0.121382 0 
0.365409 0.338929 0 0 0.295662 
0 0.451864 0.38187 0.166266 0 
0 0.31275 0.0973434 0.520979 0.0689275 
0 0.253191 0.468306 0.278503 0 
0.0663612 0.290532 0.246544 0 0.396562 
0.48206 0.142199 0.375741 0 0 
0 0.807771 0.192229 0 0 
0.196677 0.36822 0.435102 0 0 
0.359464 0 0.377145 0 0.263391 
0 0.521637 0 0 0.478363 
0 0 0 0.565804 0.434196 
0 0.196064 0.803936 0 0 
0.736346 0 0.263654 0 0 
0 0.243274 0 0 0.756726 
0.256578 0.339609 0 0.0754498 0.328364 
0 0 0 0.213843 0.786157 
0.370949 0.629051 0 0 0 
0.0903545 0.273877 0.178606 0.193002 0.26416 
0.36933 0.63067 0 0 0 
0 0.45671 0.54329 0 0 
0 0.298087 0 0 0.701913 
0 0 0.402135 0.24339 0.354475 
0.161916 0.313672 0.434726 0.0896861 0 
0.357428 0 0 0.642572 0 
0 0 0 0.713136 0.286864 
0 0.383272 0 0.50964 0.107088 
0.270403 0.380992 0.348605 0 0 
0.105766 0.330754 0.230753 0.332726 0 
0.428348 0 0.478717 0 0.0929348 
0.269239 0.192656 0.24577 0 0.292336 
0 0 0.36535 0.31921 0.31544 
0 0.169699 0.277833 0.431461 0.121007 
0.344128 0 0.560426 0 0.0954457 
0.41582 0.30522 0 0.27896 0 
0.399407 0.0806498 0.253509 0 0.266434 
0.409726 0 0 0.590274 0 
0 0 0 0.604803 0.395197 
0 0.480181 0.0913695 0.0751211 0.353328 
0.217161 0.696727 0 0 0.0861122 
0.117654 0 0 0.252261 0.630085 
0 0.69316 0.30684 0 0 
0.183169 0.102467 0.289822 0 0.424543 
0 0 0 0 1 
0 0.563049 0 0.436951 0 
0.181594 0.173856 0.0945396 0.550011 0 
0.248989 0.488993 0.205501 0 0.056517 
0 0.596979 0.245011 0 0.15801 
0 0.388079 0.451923 0.159997 0 
0.299192 0.137702 0 0.114663 0.448443 
0.0879435 0.369294 0.339099 0 0.203663 
0 0 0.355037 0.378971 0.265992 
0.480614 0 0 0.195708 0.323678 
0 0 0.388235 0.354104 0.257661 
0 0.257147 0.38603 0 0.356823 
0 0.208834 0.791166 0 0 
0.23442 0 0.431308 0 0.334272 
0 0.170099 0.672442 0 0.157459 
0.429789 0.444192 0 0 0.126019 
0.357778 0.388231 0 0 0.253991 
0.347638 0 0.652362 0 0 
0 0.255178 0.196259 0.182061 0.366503 
0.394311 0.254178 0 0.351511 0 
0 1 0 0 0 
0 0.304074 0.198409 0.286784 0.210734 
0.279326 0.150367 0.252582 0.317724 0 
0 0.63953 0 0 0.36047 
0 0.171576 0 0.581838 0.246586 
0.337139 0 0.662861 0 0 
0.391764 0 0.160806 0 0.44743 
0 0.14372 0.256796 0.250019 0.349466 
1 0 0 0 0 
0.0916552 0.244699 0 0.663646 0 
0.349 0 0.651 0 0 
0.510039 0 0.489961 0 0 
0.326354 0.224061 0.265536 0.184049 0 
1 0 0 0 0 
0.50953 0.49047 0 0 0 
0 0.144142 0.262768 0.308491 0.284599 
