5 200
0.407052
0.444248
0.640385
0.381953
0.586536
11.0952 0.519657
11.0179 0.383721
10.7591 0.170148
10.49 0.744314
10.3047 0.55652
10.2131 1.02286
10.1121 0.550288
9.95911 0.192889
9.85693 0.261918
9.62306 0.669459
9.13212 0.892957
8.94438 1.26373
8.68819 0.252257
8.67059 1.06875
8.40228 1.38229
8.34582 1.58895
8.21633 2.11988
7.99834 0.750747
7.95777 0.891793
7.90519 1.44395
7.86221 2.07264
7.68556 0.750381
7.63205 1.79575
7.62908 1.29439
7.53232 1.79893
7.43297 0.344602
7.29741 1.38353
7.21286 2.01207
7.17224 1.19277
6.84134 2.09802
6.83594 1.67945
6.79901 0.489328
6.75839 1.75205
6.55628 2.96131
6.50296 2.4087
6.35901 2.02884
6.35711 2.15185
6.15168 1.15474
5.98656 1.49689
5.66159 1.40382
5.63007 1.09175
5.46661 2.39708
5.36677 2.83443
5.1265 3.41185
5.12384 3.16875
5.10318 2.75641
5.07189 3.18584
4.9552 2.45873
4.94939 1.9159
4.89916 3.86803
4.87939 2.91675
4.86224 3.27353
4.76728 2.09552
4.75563 2.91892
4.75267 3.05974
4.73501 2.98411
4.72841 3.01474
4.66933 3.33182
4.53987 3.46644
4.53803 4.09997
4.52488 2.60036
4.38099 3.69192
4.32544 2.83715
4.32003 4.3997
4.19085 3.68218
4.18659 3.87283
4.11573 5.06773
4.09322 2.97911
4.08097 2.50262
4.03826 3.52032
3.65766 4.37903
3.56851 4.01834
3.50963 3.66502
3.47236 4.95011
3.45429 2.97766
3.45255 4.38898
3.44746 3.36392
3.35306 4.26968
3.2977 3.86065
3.23108 4.44729
3.20739 3.41485
3.18438 4.64941
3.17416 3.75966
3.08527 4.34221
3.07489 4.97918
2.96816 4.2668
2.9501 4.26038
2.91936 4.86535
2.87133 4.22089
2.81753 5.25083
2.78858 3.9357
2.68619 5.24551
2.65699 5.01397
2.6023 3.50461
2.5335 4.37186
2.52028 4.23085
2.50584 6.6586
2.46424 5.04821
2.44616 5.11255
2.37239 5.5832
2.36556 4.4794
2.28574 4.81391
2.2544 4.45215
2.24207 4.26665
2.22856 6.44472
2.22526 5.55488
2.10505 6.28734
1.95205 4.93074
1.93942 6.24453
1.93358 5.35778
1.90683 6.61697
1.89313 6.11582
1.87953 5.41626
1.8277 5.60877
1.81289 7.13462
1.80356 6.44064
1.79962 4.83903
1.77614 5.76453
1.66771 5.43368
1.66559 7.03169
1.63669 6.1123
1.57287 5.23856
1.5682 6.00465
1.56528 5.85633
1.56406 7.20911
1.51489 5.66773
1.51191 5.51178
1.34895 6.46407
1.31538 4.8777
1.24315 7.31569
1.21814 6.75872
1.17715 4.5448
1.17341 5.06583
1.1617 6.669
1.14074 6.61599
1.13593 6.42641
1.12482 5.94112
1.09195 6.1862
1.08045 5.06548
1.05557 6.06355
1.02246 5.05313
1.01647 5.77325
0.997047 7.51122
0.968603 5.1398
0.939556 8.39217
0.923613 7.45032
0.890447 6.72565
0.811725 8.45282
0.797154 7.11018
0.76658 8.56069
0.675568 8.24238
0.629831 8.29673
0.621899 9.25323
0.569458 7.46192
0.492005 8.37
0.434803 7.41164
0.431221 8.01192
0.373199 9.44286
0.371482 8.86161
0.335274 7.60354
0.319309 7.37238
0.312691 7.02883
0.306163 9.07475
0.288617 6.73972
0.279516 9.26013
0.278253 7.55265
0.274818 10.1714
0.264367 7.97103
0.239286 7.95484
0.233702 8.18378
0.210643 7.11753
0.210372 7.89789
0.209693 6.56848
0.209606 6.60302
0.203286 8.28832
0.160239 10.3182
0.155965 8.25203
0.150336 7.24781
0.130585 9.84358
0.12834 9.24686
0.103595 10.1066
0.0990738 8.53407
0.0948072 8.10379
0.089306 10.5379
0.0708661 10.6007
0.0683082 8.61053
0.0675753 9.10314
0.0666879 8.51661
0.066354 11.1119
0.0655328 10.5317
0.0603986 9.31957
0.056696 8.28254
0.0532485 10.7691
0.0364202 8.88039
0.0316339 9.70759
0.025228 7.63959
0.0136975 9.91516
0.0105191 8.34005
0.00950701 11.6276
0.00865203 11.674
0 0 0 1 0 
0 0 0 1 0 
1 0 0 0 0 
0 0 0 1 0 
0 0 0 0 1 
1 0 0 0 0 
0 0 0 1 0 
0 0 0 0 1 
0 0 0 0 1 
1 0 0 0 0 
0 0 0 0 1 
0 0 0 1 0 
0 0 1 0 0 
0 0 0 0 1 
0 0 0 1 0 
0 0.358903 0 0 0.641097 
0 0 1 0 0 
0 0 0 0 1 
0 0 0 1 0 
1 0 0 0 0 
0 0 0 1 0 
0 0 1 0 0 
0 1 0 0 0 
0 0 0 1 0 
0.88262 0 0 0.11738 0 
0 0 0 1 0 
0 0 0 1 0 
0.671571 0.328429 0 0 0 
0 0 1 0 0 
0 0 1 0 0 
0 0 0 1 0 
0 0 0 1 0 
1 0 0 0 0 
0 0 0 0 1 
1 0 0 0 0 
0.414078 0.585922 0 0 0 
0 1 0 0 0 
0 1 0 0 0 
0.232066 0 0.767934 0 0 
0.493919 0 0 0 0.506081 
1 0 0 0 0 
0 1 0 0 0 
0 0 0.254179 0 0.745821 
0 0 0 1 0 
0 0 0.710439 0 0.289561 
0 0 1 0 0 
0 0 0 1 0 
0 0 0 0 1 
0 0 0 1 0 
0 0 1 0 0 
0.221063 0.372495 0 0 0.406442 
0 0 0 1 0 
0 0 0 1 0 
0 0.34257 0 0.65743 0 
0 1 0 0 0 
1 0 0 0 0 
0.38446 0 0.61554 0 0 
0.635157 0 0 0.364843 0 
1 0 0 0 0 
0.460429 0.539571 0 0 0 
1 0 0 0 0 
0 1 0 0 0 
0 0 0 0 1 
0 0 0 1 0 
1 0 0 0 0 
0 1 0 0 0 
0.539285 0 0.460715 0 0 
0 1 0 0 0 
1 0 0 0 0 
0 0 1 0 0 
0 0 1 0 0 
0 0 1 0 0 
0 0 0 0 1 
0 0.248065 0 0.751935 0 
0 1 0 0 0 
0 0 0 0 1 
0 1 0 0 0 
0 0 1 0 0 
0 0 1 0 0 
0 0 0.515999 0 0.484001 
0 1 0 0 0 
0 0 0 0 1 
0 0 0 1 0 
0 0 0 0 1 
0 0 0 0.594195 0.405805 
1 0 0 0 0 
1 0 0 0 0 
0 0 0 0 1 
0 1 0 0 0 
1 0 0 0 0 
0 0 0 1 0 
0.183222 0 0 0.816778 0 
1 0 0 0 0 
0.558745 0 0 0 0.441255 
0 0.575282 0 0.424718 0 
0 0 1 0 0 
0 1 0 0 0 
0 1 0 0 0 
0 1 0 0 0 
0 0 0 0 1 
0 0 0 1 0 
0 0 0 1 0 
0 0.574167 0.425833 0 0 
0 0 0 0.485249 0.514751 
0 0 0 1 0 
0 0 1 0 0 
0 0 0 1 0 
0 0 0 1 0 
0 1 0 0 0 
0 0 1 0 0 
0 1 0 0 0 
0 0 0 0 1 
0.184029 0 0.815971 0 0 
0 0 0 1 0 
0 1 0 0 0 
0 0 0 1 0 
0 0 1 0 0 
0 0.697884 0 0.302116 0 
0 0 0 0 1 
0 0 0 0 1 
0 0.625388 0 0.374612 0 
0 0.809116 0 0 0.190884 
0 0 0 0 1 
0 0 0 1 0 
0 0 1 0 0 
0 0.433065 0 0 0.566935 
0 0.469255 0 0 0.530745 
0 0 1 0 0 
0 0 0 0 1 
0 0 0 1 0 
1 0 0 0 0 
1 0 0 0 0 
0 0 0 0.516222 0.483778 
0 0 1 0 0 
0 1 0 0 0 
0 1 0 0 0 
0 0 1 0 0 
0 0 1 0 0 
0 0 1 0 0 
0 0 1 0 0 
0.713614 0 0.286386 0 0 
0 0.530077 0 0 0.469923 
1 0 0 0 0 
1 0 0 0 0 
0 0 0 0 1 
0 1 0 0 0 
0 1 0 0 0 
0 1 0 0 0 
0 1 0 0 0 
0 0 1 0 0 
0 1 0 0 0 
1 0 0 0 0 
0 0 1 0 0 
0.498566 0.501434 0 0 0 
0 0.477775 0 0.522225 0 
0 0 0 0 1 
0 0 0 0 1 
0 0 0 0 1 
0 1 0 0 0 
1 0 0 0 0 
0.511431 0 0 0.488569 0 
0 0 0 0 1 
0 0 0 1 0 
0 0 0 0 1 
0 1 0 0 0 
0 0 0.663052 0 0.336948 
0 0 1 0 0 
0 1 0 0 0 
1 0 0 0 0 
0 0 0 1 0 
0 1 0 0 0 
1 0 0 0 0 
0 0 1 0 0 
0 1 0 0 0 
1 0 0 0 0 
0 0 0 1 0 
0 0 0 1 0 
0 0 0 0 1 
1 0 0 0 0 
0 1 0 0 0 
0.0933258 0 0.449282 0.457392 0 
0 0 0 0 1 
0 0 1 0 0 
0 0 0 1 0 
0 0.5729 0 0 0.4271 
0 0 1 0 0 
0 1 0 0 0 
0 1 0 0 0 
0 0 0 0 1 
0 1 0 0 0 
1 0 0 0 0 
0 0 0 0 1 
0 0 0 1 0 
1 0 0 0 0 
0 0 0 1 0 
1 0 0 0 0 
0 1 0 0 0 
1 0 0 0 0 
0 1 0 0 0 
0 0.192538 0.807463 0 0 
