5 150
0.376963
0.288087
0.486389
0.475243
0.627076
11.2902 0.406307
11.1699 0.486428
10.4136 0.793938
10.3497 0.615426
10.1515 0.484903
9.86043 1.01448
9.85789 0.308744
9.62722 0.362359
9.49675 0.733117
9.49151 0.90659
9.14465 1.4558
8.77176 1.71544
8.63591 0.303597
8.63338 0.926155
8.38509 0.318861
8.2433 2.06754
8.12314 0.525804
7.97523 0.244434
7.81038 0.124037
7.78144 0.668675
7.76434 1.40586
7.74011 0.590032
7.64088 1.65438
7.55016 1.77981
7.46845 1.79712
7.30446 0.155481
7.30086 0.18459
7.25042 0.319104
6.82544 2.28804
6.73747 0.96036
6.68175 1.26348
6.48901 1.76393
6.42305 2.29273
6.34748 2.01095
5.80341 1.48194
5.77823 2.16907
5.687 3.04459
5.67031 1.59398
5.51179 2.39004
5.36939 3.47741
5.22125 2.69887
5.10263 2.65861
5.07753 3.27716
5.07628 2.88512
5.05436 3.9648
4.94941 2.29617
4.81442 3.57164
4.6462 2.75074
4.45595 3.36936
4.42696 3.16408
4.40873 3.29241
4.38168 3.76193
4.36343 2.81536
4.30173 2.1564
4.28961 2.65134
4.25184 2.65737
4.18974 2.11189
4.18473 3.80966
4.18013 3.19082
4.07837 4.14745
4.04681 2.4977
4.02281 3.60752
3.97953 3.3332
3.79409 4.9284
3.68681 4.00474
3.67039 4.21838
3.63063 4.3577
3.45814 4.22375
3.28909 3.87031
3.19009 3.31518
3.12306 4.42919
3.02692 4.62406
2.72439 4.51337
2.66355 5.54176
2.6495 4.52896
2.50701 5.38557
2.47664 5.48403
2.40764 3.653
2.28062 5.38886
2.21009 4.40321
2.11421 6.02206
2.03573 6.13704
2.02216 6.32852
2.01351 5.77909
1.92816 4.87947
1.89765 5.52589
1.89064 4.5242
1.87921 6.06303
1.77829 7.35525
1.7514 7.20497
1.69864 5.57368
1.69268 6.88273
1.68807 4.77092
1.68744 5.00826
1.66876 6.56589
1.64983 6.70415
1.60475 6.67359
1.40369 5.04789
1.36686 6.04023
1.36417 5.98031
1.30835 6.17643
1.26461 5.89124
1.20538 7.4596
1.09822 6.70121
1.06722 7.00846
1.04463 8.04647
1.02328 6.98969
1.01398 6.20041
1.00565 5.86416
0.964519 6.30085
0.951386 7.50055
0.939792 5.50988
0.841875 6.57825
0.754924 7.36334
0.74284 7.26928
0.701945 6.31728
0.690556 8.94471
0.683081 6.82035
0.652508 9.07297
0.606007 7.24224
0.597708 8.42037
0.561581 8.58503
0.552161 8.03196
0.519762 8.85582
0.515641 5.80833
0.492468 8.09763
0.461024 7.64982
0.456222 7.16361
0.400051 6.6762
0.29655 7.99461
0.26867 7.74495
0.264857 8.51026
0.224752 10.223
0.132084 8.56438
0.0854162 9.55039
0.0827181 8.22898
0.0775227 11.2738
0.0690971 8.34584
0.047951 7.49142
0.046635 9.94099
0.0464671 9.92444
0.0332087 9.44085
0.0264276 8.86071
0.0181113 9.85999
0.0166053 9.71633
0.0137411 10.9974
0.00804141 11.4307
0.00741141 9.63976
0.00439621 10.1665
0.00128736 9.62784
0.386007 0 0.613993 0 0 
0 1 0 0 0 
0.300584 0 0 0 0.699416 
0 0.350902 0.649098 0 0 
0 0 1 0 0 
0 0 0 0 1 
0 0 1 0 0 
0 0 1 0 0 
0 0 1 0 0 
1 0 0 0 0 
0 0 0 1 0 
0 0 0 1 0 
0 0 1 0 0 
0.623093 0 0 0 0.376907 
1 0 0 0 0 
0.677259 0.322741 0 0 0 
0 0 0 0 1 
0 1 0 0 0 
0 0.576027 0 0.423973 0 
0 1 0 0 0 
0 1 0 0 0 
0 0 0 1 0 
0 1 0 0 0 
0 0 0.53077 0.46923 0 
0 1 0 0 0 
1 0 0 0 0 
0 1 0 0 0 
0 1 0 0 0 
0 0 0 1 0 
0 0 0 0 1 
0 0 0 1 0 
0 0.468346 0 0 0.531654 
0 0 1 0 0 
0 0 0 1 0 
0.694326 0 0 0 0.305674 
0 0 0 1 0 
0 1 0 0 0 
1 0 0 0 0 
0 1 0 0 0 
0 0 0.434206 0.565794 0 
0 0 1 0 0 
0 0 1 0 0 
0 1 0 0 0 
0 0 0 0 1 
0 1 0 0 0 
0 0 0 0 1 
0 0 0 1 0 
0 0 0 1 0 
1 0 0 0 0 
0.695767 0 0 0 0.304233 
0 0 1 0 0 
0 1 0 0 0 
0 0.599486 0 0.400514 0 
0 0 0.267959 0.732041 0 
1 0 0 0 0 
0 0.536957 0 0.463043 0 
0 0 0 1 0 
0 0 1 0 0 
0.760132 0 0 0 0.239868 
1 0 0 0 0 
1 0 0 0 0 
0 1 0 0 0 
0 0 0 0 1 
0 0 0 1 0 
0 1 0 0 0 
1 0 0 0 0 
1 0 0 0 0 
0 0 1 0 0 
0 0 0 0.207323 0.792677 
0 0 0 1 0 
1 0 0 0 0 
0 0 1 0 0 
0 0 1 0 0 
0 0 0 1 0 
0 1 0 0 0 
0 0 0 1 0 
0 0 0 0 1 
0.490375 0 0.509625 0 0 
0.746214 0 0 0.253786 0 
0 0 0 0 1 
0.855104 0 0.144896 0 0 
1 0 0 0 0 
0 0 1 0 0 
0 1 0 0 0 
0 0 0 0.551076 0.448924 
1 0 0 0 0 
0 0 0.686474 0.313526 0 
0 0 1 0 0 
0 0 1 0 0 
0 0 0 1 0 
1 0 0 0 0 
0 1 0 0 0 
0 0.545963 0.454037 0 0 
1 0 0 0 0 
0 1 0 0 0 
0 0 0 0 1 
1 0 0 0 0 
0.557048 0.442952 0 0 0 
0 0 0 1 0 
0 0 0 1 0 
0 0 0 0 1 
0 1 0 0 0 
0 0.562344 0.437656 0 0 
0 1 0 0 0 
1 0 0 0 0 
0 0 0 1 0 
0 0 1 0 0 
0 1 0 0 0 
0 0 1 0 0 
0 1 0 0 0 
0 1 0 0 0 
0.673911 0 0.326089 0 0 
1 0 0 0 0 
0 0 0 0 1 
0 0 1 0 0 
0 1 0 0 0 
0 0 1 0 0 
0 0 0 1 0 
0 0 1 0 0 
0 0 0 1 0 
0.375819 0 0 0 0.624181 
0 0 0 0 1 
0 0 1 0 0 
0 0.530902 0.469098 0 0 
0 0 1 0 0 
0 0 0 1 0 
0 0 0 1 0 
1 0 0 0 0 
1 0 0 0 0 
0 0 1 0 0 
0 0 1 0 0 
1 0 0 0 0 
0 1 0 0 0 
0 0 0 1 0 
0 0 0 0.697859 0.302141 
0 0 1 0 0 
0 0 0 1 0 
0 0 1 0 0 
0 0 1 0 0 
1 0 0 0 0 
0 1 0 0 0 
0 0 0 0.440218 0.559782 
1 0 0 0 0 
0 0 0 1 0 
0 0 0 1 0 
0 0 0 0 1 
0 0 0 0 1 
1 0 0 0 0 
0 0 0 0 1 
0.461363 0 0 0 0.538637 
