5 150
0.437658
0.463813
0.508385
0.48484
0.53724
11.4658 0.232722
10.533 0.389885
9.9736 0.394737
9.4331 0.885904
9.02079 0.391229
8.87494 0.900017
8.78977 1.50944
8.61295 0.295696
8.51844 1.16621
8.45048 1.28416
8.3241 0.764144
8.20959 1.68261
8.18889 1.42346
8.02844 0.276361
7.99578 0.112214
7.75263 1.66554
7.7274 1.84919
7.54239 1.51522
7.5405 0.70453
7.50131 1.95714
7.49168 0.493344
7.24514 0.230568
7.22892 0.279838
6.9682 2.83184
6.83791 1.13085
6.82987 1.58518
6.69601 2.06081
6.64907 1.65828
6.15032 0.943904
6.06149 0.899986
5.92172 3.54301
5.91806 3.32295
5.86149 1.61268
5.72799 3.72883
5.67773 1.79449
5.66515 1.44368
5.62422 1.54937
5.62257 1.65197
5.54236 2.14922
5.43095 2.40949
5.41319 2.08857
5.40299 2.44242
5.29275 2.65917
5.2639 2.87128
5.19285 3.46671
5.1753 1.60659
5.10449 2.27779
5.06098 3.18839
5.0103 2.23575
4.70323 2.62802
4.62908 3.99205
4.55751 3.87853
4.44116 2.50621
4.42333 4.25363
4.3013 4.26499
4.26524 2.46965
4.1773 3.29207
3.94345 4.65442
3.92039 2.72088
3.85873 3.42051
3.80654 5.44542
3.72501 3.56669
3.71709 4.18127
3.68534 3.35552
3.43003 3.84464
3.31879 3.23137
3.30409 3.44467
3.22955 4.99093
3.19663 4.1025
3.00258 3.75549
2.87908 4.72956
2.80105 5.74091
2.76933 4.6121
2.76273 4.9981
2.52449 4.33063
2.49945 5.25552
2.38188 5.36217
2.34098 4.58617
2.25727 5.88767
2.21025 5.84004
2.20777 4.93869
2.20184 4.05689
2.06351 6.34233
1.95306 6.10722
1.92525 5.19786
1.88268 5.5791
1.84739 4.57
1.8248 5.58709
1.81082 5.30571
1.77416 7.25122
1.71576 7.11027
1.7116 5.94015
1.69259 6.08396
1.66747 5.38252
1.50741 6.2848
1.47509 5.81855
1.4433 4.63349
1.40193 5.7042
1.2588 5.33284
1.23514 5.05089
1.18784 6.93332
1.16093 7.52044
1.08916 6.31185
1.05571 7.5143
1.04113 8.71492
1.0196 6.72534
0.937563 5.57886
0.911951 5.42655
0.820994 5.96928
0.760603 9.1652
0.647988 6.35392
0.607839 6.62438
0.583425 6.26175
0.536973 9.11142
0.517472 6.0985
0.507369 8.24392
0.448526 10.0178
0.382747 9.66258
0.37904 6.43235
0.377828 8.37631
0.359647 9.27884
0.337642 7.64207
0.320994 7.56282
0.311582 7.21341
0.292675 7.85272
0.292529 6.71797
0.257577 7.05471
0.244395 8.83139
0.240026 9.72569
0.237819 7.75482
0.2348 7.31602
0.220885 7.3707
0.210482 10.235
0.184659 9.8577
0.183824 7.85474
0.179836 6.68163
0.162952 7.30891
0.160348 8.95519
0.136609 10.2543
0.127143 9.35186
0.0357585 10.7665
0.0307633 8.29006
0.0248332 11.7975
0.0221275 8.30468
0.0214503 9.42008
0.0212124 8.30325
0.0201644 10.0103
0.0125602 8.51694
0.00822588 8.23316
0.00745207 8.0144
0.227733 0.604469 0 0.167798 0 
0 0 0 0.674122 0.325878 
0 0 1 0 0 
0 0.325383 0.0974626 0 0.577154 
0 0 0.31441 0.147147 0.538443 
0 0.335481 0 0.523766 0.140752 
0 0.469083 0.358348 0.172569 0 
0 0.276553 0.723447 0 0 
0 0.0891615 0 0.491938 0.4189 
0 0 0 0 1 
0 0 0.406936 0.234932 0.358132 
0.438763 0.561237 0 0 0 
0.509202 0 0 0.490798 0 
0.254269 0.257498 0.217225 0.271008 0 
0 0 0.296964 0.320052 0.382985 
0.187521 0.422209 0 0.39027 0 
0.314527 0.213932 0.17912 0 0.292421 
0.260374 0 0.224084 0.457904 0.0576388 
0 0.588131 0.210784 0 0.201086 
0 0.225248 0.250099 0.236627 0.288026 
0.280476 0.146719 0 0.205147 0.367657 
0.329123 0.0603595 0.247823 0.362695 0 
0 0.584601 0.126374 0.289026 0 
0 0 0 0.457309 0.542691 
0.358844 0.112763 0.171103 0.165062 0.192227 
0.0740487 0.278998 0.483492 0.163462 0 
0.233684 0.0965551 0.186542 0.251098 0.23212 
0.266459 0.411607 0.321934 0 0 
0.347948 0.189829 0.180084 0 0.282139 
0 0 1 0 0 
0.543261 0 0.142144 0.314595 0 
0.35787 0 0.235577 0 0.406554 
0.227584 0.445642 0 0.141928 0.184846 
0 0 0 0.449306 0.550694 
0.422195 0 0.1851 0.392705 0 
0 0.590381 0 0.221774 0.187845 
0.141838 0.330038 0 0.528125 0 
0.17635 0.373211 0.209047 0.241391 0 
0.230265 0.32309 0.446645 0 0 
0.682281 0 0 0 0.317719 
0.0812864 0.102155 0 0.532627 0.283931 
0.137453 0 0.438316 0.424232 0 
0.185812 0.245744 0 0.568444 0 
0 0.129974 0.0864503 0.783576 0 
0 0 0 0.555243 0.444757 
0.302496 0.224794 0.0540548 0.317954 0.100701 
0 0.320294 0.092504 0.454937 0.132265 
0 0.142853 0.237574 0.238238 0.381335 
0.218194 0 0.334206 0.286143 0.161458 
0.380366 0.0861709 0.182841 0 0.350622 
0 0 0.49178 0.375123 0.133097 
0.134827 0.291767 0 0.452491 0.120914 
0.250451 0.262717 0.136897 0.349935 0 
0 0.0857603 0.378531 0 0.535709 
0 0 0.540472 0.0766795 0.382848 
0 0 0.572878 0 0.427122 
0 0 0 1 0 
0 0.555362 0 0.444638 0 
0.434948 0 0.157233 0 0.407819 
0.269851 0.400281 0.0529652 0.08126 0.195643 
0 0.232951 0.423413 0 0.343636 
0 0.346116 0.199612 0.302979 0.151293 
0.433745 0 0.566255 0 0 
0.574526 0 0.425474 0 0 
0 1 0 0 0 
0.232904 0 0.767096 0 0 
0.133176 0.207952 0.443871 0 0.215 
0.519622 0.111052 0.369325 0 0 
0 0.701868 0.298132 0 0 
0 0.114016 0 0 0.885984 
0.402431 0 0.345217 0 0.252352 
0.325494 0.13486 0.271606 0 0.268041 
0.301438 0.297812 0.101351 0 0.299399 
0 0 0 0.767389 0.232611 
0.248102 0 0.268383 0.211861 0.271654 
0 0.29992 0.574314 0.125766 0 
0 0 0.611465 0 0.388535 
0 0 0.260492 0 0.739508 
0 0 0.257768 0.391575 0.350657 
0 0 0.528764 0 0.471236 
0.254741 0.745259 0 0 0 
0 0 0 0 1 
0 0 0.602622 0.397378 0 
0.21132 0.155425 0.144 0.202015 0.287241 
0.377007 0 0 0 0.622993 
0.336195 0 0.24401 0.324247 0.0955485 
0 0.633428 0.366572 0 0 
0.490596 0.400315 0.109089 0 0 
0 0.561249 0 0 0.438751 
0.429467 0 0 0.446983 0.123551 
0 0.232486 0.494183 0.273331 0 
0.12947 0.491017 0 0.218974 0.160539 
0 0.391699 0.608301 0 0 
0 0.529504 0 0 0.470496 
0 0.649142 0.350858 0 0 
0 0 0.182644 0.452881 0.364475 
0.425386 0 0 0.173026 0.401588 
0 0 0.543496 0 0.456504 
0.107552 0.210064 0.169586 0.360091 0.152708 
0 0.552619 0 0 0.447381 
0 0.434941 0 0.361185 0.203874 
0.660788 0 0 0.339212 0 
0.264358 0.0784118 0.292928 0.364302 0 
0.159691 0.265612 0.0978052 0.23238 0.244512 
0 0.326672 0 0.49874 0.174588 
0.207005 0.0694859 0 0.392511 0.330998 
0.648968 0 0 0.351032 0 
0.318095 0 0.211891 0.246052 0.223961 
0 0.191878 0 0.509255 0.298867 
0.50747 0 0.49253 0 0 
0.376361 0.155536 0 0 0.468104 
0.803822 0 0 0 0.196178 
0.563218 0 0 0.436782 0 
0.251391 0.201596 0.39044 0 0.156574 
0 0.107234 0.534508 0 0.358258 
0 0.520368 0.283189 0 0.196444 
0.238603 0 0 0.761397 0 
0.205661 0 0.361078 0.433261 0 
0 0.151835 0.243129 0.24597 0.359066 
0.27236 0.545211 0 0 0.182429 
0.293771 0 0.369396 0.0763149 0.260518 
0.276716 0.377653 0.242803 0 0.102827 
0 0.159857 0.570594 0.269549 0 
0 0 0.22088 0.449096 0.330024 
0.179039 0 0 0.820961 0 
0.0567201 0.207724 0.182581 0.294821 0.258155 
1 0 0 0 0 
0 0.355526 0.644474 0 0 
0.127739 0.253485 0.26857 0 0.350206 
0.212104 0.325868 0 0.318808 0.143221 
0.357572 0.184267 0 0.0690824 0.389078 
0.237429 0 0.616378 0 0.146193 
0.106158 0.204582 0 0 0.68926 
0.49078 0 0.250251 0 0.25897 
0 0.22843 0.244777 0.275659 0.251134 
0.363449 0 0 0.291511 0.345039 
0 0.430085 0.29091 0.101995 0.17701 
0 0 0.305489 0.283287 0.411224 
0 0 0.641335 0.214344 0.144321 
0.248539 0.254581 0.0959064 0.0753853 0.325588 
0.304962 0.1362 0.558837 0 0 
0.193028 0.250925 0 0.240968 0.315078 
0 0.135373 0.438405 0 0.426222 
0 0 1 0 0 
0.0673463 0.433575 0 0.326124 0.172954 
0 0 0.732979 0.267021 0 
0.261116 0.184787 0.25705 0 0.297046 
0 0 0.196393 0.803607 0 
0.470774 0 0 0 0.529226 
0 0.352242 0 0.647758 0 
