5 150
0.650601
0.602809
0.70587
0.705855
0.463706
11.466 0.197293
10.5542 0.50541
10.1201 0.628052
10.0874 0.114148
9.81823 0.209058
9.67664 0.843555
9.6318 0.174873
9.60953 1.4267
9.4276 0.789721
9.31903 0.227958
9.08711 1.01397
8.92939 0.724042
8.81117 0.860798
8.78662 0.255504
8.76929 1.61282
8.58575 1.01296
8.41008 1.36355
8.38742 1.38262
8.37428 0.251605
8.30512 0.30822
8.18066 1.35083
7.96463 0.30936
7.8739 1.00634
7.74721 0.890864
7.55625 1.28818
7.55054 1.44929
7.52475 0.369674
7.52454 0.792399
6.87132 1.73225
6.80202 1.48887
6.74089 1.53952
6.44483 2.49788
6.38236 1.95243
6.36098 1.80344
6.31691 2.09383
6.19226 0.968776
6.14021 2.04898
6.046 2.72429
6.01873 1.62099
5.92196 2.42738
5.90483 2.83454
5.67983 1.36954
5.60834 2.54004
5.53005 3.42519
5.21686 3.39895
5.05454 3.57697
5.0482 2.77092
4.787 2.01828
4.76402 3.50624
4.64302 3.7639
4.54931 2.64749
4.54047 3.08267
4.48103 3.13708
4.45364 2.25216
4.32502 2.41705
4.32298 3.20333
3.95934 2.79945
3.81213 4.86203
3.78823 4.57818
3.7401 3.06427
3.68521 3.27579
3.55493 3.57193
3.55222 3.38707
3.29425 4.40745
3.27288 3.49956
3.22022 4.01092
3.2167 4.32856
3.17259 4.36018
3.11499 5.62159
3.07628 4.36218
3.0724 5.41588
2.75862 5.999
2.69734 4.62826
2.51562 5.8158
2.48305 3.82542
2.47233 4.82149
2.46195 3.793
2.36255 5.44825
2.35783 6.16481
2.30841 5.08501
2.24392 5.73859
2.24284 4.52698
2.22865 5.12303
2.09542 4.18717
2.05616 6.70793
2.05236 6.38936
2.0277 6.8842
2.00923 4.28609
1.99576 7.01655
1.96643 6.27034
1.94037 3.95225
1.88496 6.2624
1.8746 4.85891
1.82157 6.72804
1.79761 6.55699
1.78926 5.17908
1.75803 6.3268
1.65712 5.30427
1.65228 4.43883
1.64998 7.12418
1.59697 6.93549
1.53578 6.26056
1.51947 5.10743
1.50308 5.74746
1.37657 5.85474
1.31444 5.98627
1.31253 7.78078
1.30631 6.63824
1.2408 4.83996
1.17915 5.13986
1.16218 7.61654
1.05607 6.98682
0.965511 7.40527
0.856619 5.38055
0.618413 8.11252
0.556938 7.9128
0.550612 6.72927
0.542131 6.36478
0.499932 7.35512
0.4899 8.95747
0.482219 7.95102
0.447585 9.05198
0.439893 9.11259
0.425435 7.23181
0.357091 9.40306
0.327906 7.01128
0.321838 9.321
0.304685 8.94675
0.302928 6.19076
0.291125 9.62845
0.290213 6.20334
0.275893 8.63767
0.23365 7.66087
0.231509 8.76865
0.223469 7.45005
0.222361 9.79377
0.216937 9.68969
0.211125 10.1856
0.124776 9.72899
0.123493 10.8754
0.113832 9.47481
0.104078 8.74637
0.0993284 8.73308
0.0918231 7.74387
0.0555176 8.12308
0.033062 9.8916
0.00811638 9.55181
0.00206683 11.3549
0.00112669 8.36221
0.00109997 8.15821
0.66538 0.33462 0 0 0 
0 0 0 0.666812 0.333188 
0.868109 0 0 0.131891 0 
0.214639 0 0 0.417855 0.367506 
1 0 0 0 0 
0 0.76581 0 0 0.23419 
0 0.558372 0 0.136459 0.305169 
0 0 0 0.274177 0.725823 
0 0 0 1 0 
0 0 0.51536 0.48464 0 
0 0 0.590049 0.409951 0 
0 0 1 0 0 
0.254086 0.245526 0 0 0.500388 
0.714789 0 0 0.285211 0 
0.468815 0 0.531185 0 0 
0.141035 0.204134 0 0.654831 0 
0.109194 0.0902671 0.255948 0.278944 0.265648 
0 0 0.42017 0.57983 0 
0.331298 0.424262 0 0.12993 0.11451 
0 0 0 0.251635 0.748365 
0 0 0.0853847 0.298089 0.616526 
0 0 0 1 0 
0 0.342025 0.220818 0 0.437157 
0 0.176642 0 0.392055 0.431303 
0.497081 0 0 0.502919 0 
0.380013 0.0634585 0.22325 0 0.333279 
0.481536 0 0.27386 0.244604 0 
0.412443 0.460338 0.12722 0 0 
0 0 0.245913 0.344193 0.409895 
0 0.511207 0 0.488793 0 
0.40114 0 0.345663 0 0.253197 
0.59719 0.40281 0 0 0 
0 0.513596 0 0.18357 0.302834 
0.107053 0.137468 0 0.387519 0.36796 
0.340069 0.356217 0 0.0791621 0.224552 
0 0.502977 0 0.497023 0 
0 0 0 0.453142 0.546858 
0 0 0.184481 0 0.815519 
0 0 0 0.269658 0.730342 
0.520345 0 0.479655 0 0 
0.0813177 0 0 0.504317 0.414365 
0 0 1 0 0 
0.276107 0 0.368721 0.293828 0.0613445 
0.295642 0.047302 0.278 0.161155 0.217901 
0.490217 0 0.101532 0.408252 0 
0 0.384903 0.285526 0 0.329571 
0.365294 0.279476 0.355231 0 0 
0 0 0 1 0 
0 0 0 1 0 
0.194248 0 0.805752 0 0 
0.41926 0 0.58074 0 0 
0 0 0 0 1 
0.321934 0 0.247053 0.431013 0 
0 0.0900146 0.418933 0 0.491052 
0 0 0.366731 0 0.633269 
0 0 1 0 0 
0.13857 0.322092 0.186562 0.249903 0.102873 
0.243005 0.24126 0 0.257221 0.258513 
0.54689 0 0 0.346233 0.106877 
0 0 0 1 0 
0 0.642505 0 0.357495 0 
0.586265 0.413735 0 0 0 
0.385488 0 0 0.614512 0 
0.261992 0 0.336961 0 0.401046 
0.0835198 0.499062 0 0.149416 0.268003 
0 0.373562 0 0.263532 0.362906 
0 0.479376 0.137796 0.231262 0.151566 
0 0.246599 0 0.506157 0.247244 
0.286932 0.298583 0 0 0.414485 
0 0 0 1 0 
0.488837 0.232849 0.278315 0 0 
1 0 0 0 0 
0.498714 0.501286 0 0 0 
0.0698853 0.440199 0.489916 0 0 
0.331494 0 0 0 0.668506 
0 0.453333 0.20631 0 0.340356 
1 0 0 0 0 
0 0 0.209985 0 0.790015 
0 1 0 0 0 
0.324776 0.180963 0.196448 0.297813 0 
0.249567 0.49253 0 0.188814 0.0690885 
0 0.504667 0.495333 0 0 
0 0.432898 0 0.123765 0.443337 
0 0.443819 0 0.556181 0 
0 0 0.48825 0 0.51175 
0 0 0 1 0 
0 0 1 0 0 
1 0 0 0 0 
0.234374 0.379769 0 0.385857 0 
0.392469 0 0 0.295021 0.312511 
0 0 1 0 0 
0 0.175489 0.359419 0.192139 0.272953 
0 0 1 0 0 
0 0 0 0.723698 0.276302 
0 0.155442 0.268304 0 0.576254 
0 0 1 0 0 
0 0 0.449909 0 0.550091 
0 0.467564 0.181727 0.350709 0 
0.144307 0 0 0.855693 0 
0 0.26924 0 0.227458 0.503302 
0.294948 0 0.533317 0.171735 0 
0.368509 0 0 0.114381 0.51711 
0.315869 0 0 0.602984 0.081146 
0.345186 0 0.42002 0.234795 0 
0.147815 0.547746 0 0 0.304439 
0.426726 0.463779 0 0 0.109495 
0 0 0.453165 0.546835 0 
0.620341 0 0.117112 0.262547 0 
0 0 0 1 0 
0 0.629542 0 0.207256 0.163202 
0.0568974 0 0.17652 0.331778 0.434804 
0 0.569173 0 0.430827 0 
0.145467 0.1033 0 0.751233 0 
0 0 1 0 0 
0 0.274967 0.725033 0 0 
0 0.573155 0 0.426845 0 
0.257654 0.409531 0.129427 0 0.203388 
0.286574 0.10441 0 0.338155 0.270861 
0.152546 0.339347 0 0 0.508106 
0 0.278307 0.534092 0.187601 0 
0.285302 0.420823 0 0.293875 0 
0 0.509186 0.4061 0 0.0847141 
0 0.399809 0.138781 0.131098 0.330312 
0 0.149124 0.850876 0 0 
0 0 0 0 1 
0 0.820059 0 0.179941 0 
0 0.436074 0 0.257746 0.30618 
0 0 0 0.592208 0.407792 
0.404719 0 0 0.409903 0.185378 
0.334744 0.141293 0.165611 0.358352 0 
1 0 0 0 0 
0 0 0.150746 0.391936 0.457317 
0 0 1 0 0 
0 0.491333 0 0.144689 0.363978 
0.286575 0 0.281762 0.153719 0.277944 
0 0.388788 0 0 0.611212 
0 0 0.83581 0 0.16419 
0.431098 0 0.292572 0 0.27633 
0.293447 0.249363 0.187725 0 0.269464 
0 0.536373 0.463627 0 0 
0 0 0.834367 0.165633 0 
0.432244 0 0.471465 0 0.0962908 
0.31382 0 0.28358 0.335487 0.0671133 
0.503155 0 0.286924 0.209921 0 
0 0.621259 0 0 0.378741 
0 0 0 0.185656 0.814344 
0 0.558625 0.355908 0.0854665 0 
0 0 0 0 1 
0 0.311294 0.253348 0.280881 0.154476 
1 0 0 0 0 
