5 50
0.483665
0.298006
0.426611
0.455527
0.485649
10.3407 0.498082
9.6266 1.39817
9.52333 0.899397
9.18207 0.175392
8.48112 0.651534
7.6333 1.00628
7.60062 1.71439
7.58518 0.347573
7.55193 1.21816
7.23501 2.52533
7.11136 1.40505
6.9852 0.907605
6.9031 0.997915
4.62955 2.71756
4.21698 2.83916
4.20249 2.37717
4.18138 4.22063
3.97885 3.48814
3.87863 3.51373
3.85096 4.24135
3.78136 3.82247
3.78098 5.43581
3.77504 4.16258
3.28056 3.79444
2.86231 3.615
2.50392 5.85137
2.40156 5.86645
2.0898 5.36307
1.75522 7.27136
1.50507 7.16208
1.37746 4.61066
1.21485 7.58827
1.21109 5.02615
0.97383 8.60124
0.858538 7.76051
0.763711 8.58964
0.746892 8.71967
0.541501 9.247
0.503299 8.58112
0.446525 5.82209
0.419752 8.87364
0.227794 9.59803
0.188982 8.7186
0.166306 6.85247
0.165352 10.2384
0.151903 8.66296
0.0475135 7.93277
0.0195177 10.8876
0.0173144 11.5062
0.00289067 9.03486
0 0 0 1 0 
0 0 0 0 1 
0 0 0 0 1 
0 1 0 0 0 
0 0 0 1 0 
0 0 0 0 1 
0 0 0 1 0 
0 0 0 1 0 
0 1 0 0 0 
1 0 0 0 0 
1 0 0 0 0 
1 0 0 0 0 
1 0 0 0 0 
0 0 0 0 1 
0 0 0 1 0 
1 0 0 0 0 
0 1 0 0 0 
0 1 0 0 0 
0 1 0 0 0 
0 0 0 0 1 
0 1 0 0 0 
0 0 0 0 1 
0 0 1 0 0 
0 0 0 0 1 
0 0 0 1 0 
0 1 0 0 0 
0 0 0 0 1 
0 0 0 0 1 
0 0 1 0 0 
0 0 1 0 0 
0 0 0 0 1 
0 1 0 0 0 
0 0 0 0 1 
0 0 0 0 1 
0 1 0 0 0 
0 0 0 0 1 
0 0 0 1 0 
0 0 1 0 0 
0 0 0 1 0 
0 0 0 0 1 
0 0 1 0 0 
0 1 0 0 0 
0 0 1 0 0 
1 0 0 0 0 
0 0 1 0 0 
1 0 0 0 0 
0 1 0 0 0 
0 1 0 0 0 
0 0 0 0 1 
0 0 0 1 0 
