5 50
0.697707
0.308458
0.707335
0.617763
0.413854
8.75516 1.01098
8.66353 0.938394
8.59596 0.772447
8.5465 1.63683
8.47969 0.926705
8.33842 1.61259
7.95 0.135321
7.80355 0.631893
7.57795 2.22225
7.45163 0.953961
7.07988 2.69705
6.83324 1.6763
5.98308 2.10387
5.78342 1.21386
5.70556 2.25233
5.57447 2.12642
5.14923 1.80809
5.08614 1.63932
4.69825 3.10212
4.44888 3.84866
4.34281 4.21936
3.94171 2.43777
3.65199 3.60136
3.38779 3.39019
3.36972 3.71372
3.07034 4.39127
2.78137 4.68047
2.57383 4.77843
2.33218 4.87311
1.56043 4.31381
1.53451 5.08334
1.52438 5.6712
1.26101 5.76364
1.02354 6.55349
0.938154 7.2781
0.70285 6.80678
0.640822 6.17405
0.632542 9.38461
0.559492 6.91822
0.471332 8.63313
0.34567 8.90628
0.308431 9.30787
0.292514 10.1145
0.239177 6.81091
0.219573 7.64312
0.181272 8.36437
0.0658344 6.96102
0.0153792 10.2354
0.01514 9.12784
0.00737355 7.40791
0 0.287123 0 0 0.712877 
0 0 0 0 1 
1 0 0 0 0 
0 0 0 1 0 
0 1 0 0 0 
0.316595 0.683405 0 0 0 
0 0 1 0 0 
1 0 0 0 0 
0 0.614052 0.385948 0 0 
0 0 0 0.598613 0.401387 
0 1 0 0 0 
0 0.43521 0 0.142194 0.422597 
0.312139 0 0.687861 0 0 
0 0 0.261752 0 0.738248 
0 1 0 0 0 
0 1 0 0 0 
0.823942 0 0 0.176058 0 
1 0 0 0 0 
0 0.252641 0.250029 0.165895 0.331436 
0 1 0 0 0 
0.772761 0.227239 0 0 0 
0 1 0 0 0 
1 0 0 0 0 
0 0 0 0 1 
0 0 0 1 0 
0 1 0 0 0 
0 0 1 0 0 
0 0 1 0 0 
0 1 0 0 0 
0 0 0 1 0 
0.215284 0 0.139114 0 0.645602 
0 0 1 0 0 
0 0 0 0 1 
0 0.407687 0 0 0.592313 
0 0.4424 0.282144 0.275457 0 
0 0 0 0 1 
0 0 0.48046 0.51954 0 
0 1 0 0 0 
0 1 0 0 0 
0 1 0 0 0 
0 0 1 0 0 
0 0 0 1 0 
0 0 0.877097 0.122903 0 
0 0 0.262696 0.737304 0 
1 0 0 0 0 
1 0 0 0 0 
0 0.192561 0.347748 0.307111 0.15258 
0 0 1 0 0 
0 0 0.530869 0 0.469131 
1 0 0 0 0 
