5 200
0.522011
0.355838
0.439077
0.74646
0.469138
11.4527 0.339646
10.4914 0.839299
10.2279 0.373747
9.94016 0.992269
9.73928 0.346367
9.65697 0.369439
9.0683 0.539763
9.01018 1.27303
8.94531 1.49191
8.77812 0.28674
8.74599 0.267376
8.36127 0.340721
8.32494 0.578721
8.27023 1.18522
8.24719 0.245417
8.24602 0.839293
7.95408 1.04847
7.89211 1.04562
7.62292 1.41006
7.51327 0.0807395
7.43106 1.87362
7.17052 0.292823
7.03785 1.55808
6.95988 0.620367
6.9336 1.63383
6.85011 1.01453
6.77943 2.77026
6.64433 1.74059
6.58033 2.10205
6.57433 1.18339
6.48585 1.22241
6.42991 2.53669
6.40261 0.680214
6.3699 2.48748
6.29542 2.87231
6.28904 1.52508
6.20776 2.59207
6.14615 1.83711
6.11675 2.15376
6.09702 2.60489
5.93798 2.90718
5.86684 1.89244
5.74952 1.74755
5.68908 2.30315
5.64086 2.61605
5.62116 3.74741
5.61112 1.45735
5.61018 2.95843
5.55753 2.2466
5.34479 1.73367
5.34268 2.59679
5.33257 3.23094
5.06367 2.77946
4.9377 3.23915
4.87153 3.30718
4.73991 2.66847
4.72928 2.49485
4.7203 3.26601
4.6076 2.89336
4.56131 3.83686
4.36503 4.569
4.31484 2.57417
4.28714 3.12148
4.12086 3.36784
4.01506 3.75884
3.94865 2.74063
3.89224 4.02463
3.85249 3.08917
3.72918 2.34247
3.71708 4.31105
3.71302 3.35237
3.7079 4.8096
3.56639 4.20354
3.54416 3.74824
3.51185 3.40162
3.5117 3.7464
3.50948 3.41655
3.50412 4.47877
3.46159 4.68261
3.42975 4.05457
3.41381 5.53122
3.38404 2.60413
3.32197 4.29173
3.25746 2.95724
3.23971 2.81016
3.06064 3.52104
2.96788 5.38508
2.94283 5.89733
2.86368 4.57926
2.76054 4.21833
2.65899 4.70232
2.65031 5.68698
2.60595 5.19503
2.41246 6.22138
2.38924 4.42815
2.3713 4.02296
2.33365 5.05619
2.28798 6.40573
2.18469 4.24181
2.10056 4.38552
2.07708 5.37353
2.07162 5.00754
1.98493 6.03484
1.92692 4.79059
1.91569 5.24729
1.75904 5.51244
1.73732 5.21866
1.5221 6.44905
1.52152 5.51797
1.49761 5.47585
1.46616 7.57888
1.45717 7.72281
1.44646 4.90474
1.42696 5.03488
1.37676 7.47917
1.35195 5.5298
1.34478 7.40534
1.28225 7.66004
1.26505 6.15239
1.26014 6.21958
1.25954 7.25364
1.24851 6.24115
1.19465 6.83701
1.17918 5.2255
1.15869 5.74003
1.15293 5.48132
1.08982 4.80031
1.08748 7.00881
1.0729 5.99242
1.03963 7.90785
1.00295 7.35576
0.994286 7.40405
0.99206 5.19786
0.982439 7.83686
0.925309 6.65804
0.905156 8.60717
0.89993 7.06777
0.86413 5.87196
0.838813 7.5385
0.791056 5.13902
0.763168 7.13776
0.752167 7.67894
0.747623 5.47699
0.73692 6.30143
0.713888 5.6129
0.700623 6.96028
0.640838 7.41149
0.511804 8.88559
0.497751 8.89329
0.497014 8.46577
0.478536 8.10904
0.455172 7.64589
0.437682 7.61156
0.387017 9.54496
0.386913 9.80275
0.34762 6.48443
0.330098 10.1682
0.319925 9.61202
0.295164 6.33378
0.270548 8.56911
0.26252 8.67779
0.255839 7.35868
0.25517 8.26323
0.246782 9.21919
0.244116 9.60433
0.233346 9.58175
0.23306 8.3732
0.217868 7.10173
0.185418 8.61695
0.185297 7.88929
0.181967 8.02249
0.181577 10.7202
0.172529 9.55936
0.167629 8.42823
0.146545 7.74819
0.140409 9.29576
0.117654 9.50887
0.107576 8.9875
0.107531 8.50599
0.105433 7.95762
0.083423 10.431
0.0688476 9.0827
0.060501 9.01421
0.0579009 9.84561
0.0480844 8.87018
0.0405777 10.471
0.0390029 7.7348
0.0388032 7.39546
0.0299757 7.36869
0.0277777 8.07518
0.0265828 8.13562
0.0221808 9.32889
0.0216545 8.73576
0.0172367 11.4551
0.0168252 10.8748
0.0129425 8.19697
0.0128848 7.63013
0.0109741 8.32421
0.0105152 8.12775
0.00147173 9.41388
0.705961 0 0 0.294039 0 
1 0 0 0 0 
0.183414 0 0 0.816586 0 
0 0 0 1 0 
0 0 0.226158 0 0.773842 
0 0.45867 0 0 0.54133 
0 0 0 1 0 
1 0 0 0 0 
0 0 0 1 0 
0 0 0 0 1 
0 0.192149 0 0 0.807851 
0 0 0 0.781036 0.218964 
0 1 0 0 0 
0 0 0.509156 0 0.490844 
0 0 0.106523 0 0.893477 
0.413301 0 0.341858 0 0.244841 
0 0.48358 0 0.51642 0 
1 0 0 0 0 
0 1 0 0 0 
0 0 0.622912 0 0.377088 
0 0 1 0 0 
0.0950347 0.751294 0.153671 0 0 
0 0 0 1 0 
0 0 0 1 0 
0.429834 0 0 0 0.570166 
0 0 0 1 0 
0.319092 0 0.416695 0.264213 0 
0 0 0 0 1 
0 0.397855 0.602145 0 0 
0 0.52144 0 0 0.47856 
0 1 0 0 0 
0.31984 0 0 0.68016 0 
1 0 0 0 0 
0 1 0 0 0 
0 0 0.430058 0.153908 0.416034 
0 0 1 0 0 
1 0 0 0 0 
0 0 0 1 0 
0 1 0 0 0 
0 0 0.261906 0 0.738094 
0 0.377886 0 0 0.622114 
0 0 0 0 1 
1 0 0 0 0 
0 0 1 0 0 
0 1 0 0 0 
0 0.333691 0 0 0.666309 
1 0 0 0 0 
0 0 0 1 0 
0 0 0 0.258053 0.741947 
0.532251 0 0.467749 0 0 
0 0 0 0 1 
0 0 0.753691 0 0.246309 
0 1 0 0 0 
0 0.377694 0 0.622306 0 
0 0 0 0 1 
0 1 0 0 0 
1 0 0 0 0 
0.775408 0.224592 0 0 0 
0 0.572873 0 0.427127 0 
0.403518 0 0.596482 0 0 
0 0 1 0 0 
0 0 0 0.723121 0.276879 
0 0.597198 0 0.402802 0 
1 0 0 0 0 
0 0 1 0 0 
0 0 1 0 0 
0 0 1 0 0 
0 1 0 0 0 
1 0 0 0 0 
0 0 0 1 0 
1 0 0 0 0 
0 1 0 0 0 
0 0 1 0 0 
0 0 0 0 1 
0 0 0 0 1 
0 0.317431 0 0 0.682569 
0 0 0 0 1 
0 0 0.311706 0.374969 0.313324 
1 0 0 0 0 
0.575573 0 0.424427 0 0 
0 0 0 0 1 
0.495462 0 0.504538 0 0 
1 0 0 0 0 
0.506882 0 0 0 0.493118 
0 0 1 0 0 
0 0 0 0 1 
0 0.508524 0 0 0.491476 
0 1 0 0 0 
0 1 0 0 0 
0 1 0 0 0 
0 1 0 0 0 
0 0 0 0 1 
0 0.367636 0.632364 0 0 
0 0.70362 0.29638 0 0 
0 0 0 1 0 
0.5571 0 0 0.4429 0 
0 1 0 0 0 
0 0 1 0 0 
0 0 0 0 1 
0.195629 0.321551 0.43414 0.0486799 0 
0.339278 0.660722 0 0 0 
0.544652 0 0.455348 0 0 
0 0 0 0 1 
0 0 1 0 0 
0 1 0 0 0 
0.325526 0.674474 0 0 0 
0 0.531646 0 0 0.468354 
0.370376 0 0 0 0.629624 
0 0.508479 0 0.253981 0.23754 
0 0 0.583022 0.416978 0 
0.0869508 0 0.42192 0.491129 0 
1 0 0 0 0 
0 0.621372 0.378628 0 0 
0.416573 0.583427 0 0 0 
0 0 0 1 0 
0 0 0 0 1 
0.40977 0.59023 0 0 0 
0 1 0 0 0 
0 0 0.453342 0 0.546658 
0.53138 0 0 0.46862 0 
0 0 0 1 0 
0 0 0 1 0 
0.182581 0 0 0 0.817419 
1 0 0 0 0 
0 0.502482 0 0.497518 0 
1 0 0 0 0 
0 0 0 1 0 
0 0 0 0 1 
0 1 0 0 0 
0 0 0.324093 0 0.675907 
0 0 0 1 0 
0.815265 0 0.184735 0 0 
0 0 1 0 0 
0 0 0 1 0 
0 0 0 1 0 
0 0 1 0 0 
0.280771 0.719229 0 0 0 
1 0 0 0 0 
0 1 0 0 0 
0 0.642817 0.357183 0 0 
0 0 0 1 0 
0 0 1 0 0 
0 0 0.454946 0 0.545054 
0 0 1 0 0 
0 0 1 0 0 
0 0 1 0 0 
0 1 0 0 0 
0 0 0.58688 0 0.41312 
0.315948 0 0.684052 0 0 
0 0 0 1 0 
1 0 0 0 0 
0 0 1 0 0 
1 0 0 0 0 
0 0 0.328057 0 0.671943 
1 0 0 0 0 
0.489347 0 0 0 0.510653 
0 0.746224 0 0.253776 0 
0 0.380325 0.619675 0 0 
0 0 1 0 0 
0 1 0 0 0 
0 0 1 0 0 
0.250793 0.749207 0 0 0 
0.301011 0.165681 0 0.533308 0 
0 0 0 1 0 
0.397931 0 0.602069 0 0 
0.488418 0.511582 0 0 0 
0.550734 0 0.449266 0 0 
0 0 0 0.352784 0.647216 
0.525844 0 0 0 0.474157 
0 0 0 0 1 
1 0 0 0 0 
0.288966 0 0.711034 0 0 
0 0 1 0 0 
0.567588 0 0 0.432412 0 
0.415632 0 0 0.194194 0.390174 
0 0.719396 0 0.280604 0 
0 0 0 1 0 
0 0 0 0 1 
0 0 0 1 0 
0 1 0 0 0 
0.512851 0.487149 0 0 0 
0.583699 0 0 0 0.416301 
0.452208 0 0 0.547792 0 
0 0.373887 0 0.626113 0 
0.40114 0 0.59886 0 0 
0 0.852791 0.147209 0 0 
0 0 0.511577 0.488423 0 
0 1 0 0 0 
0.774303 0 0.225697 0 0 
0 1 0 0 0 
0 0 1 0 0 
0 0 0 1 0 
0 1 0 0 0 
0 0 0.579892 0 0.420108 
0 0 1 0 0 
0 1 0 0 0 
0 1 0 0 0 
0.417183 0.582817 0 0 0 
0.546773 0 0 0.453227 0 
0 0.806825 0.193175 0 0 
