5 100
0.423162
0.534265
0.687605
0.611141
0.409383
10.805 0.38082
10.5537 0.531741
10.0236 0.752252
9.8448 1.09993
9.59261 0.517993
9.13754 1.08567
8.87776 0.380848
8.84681 1.38244
8.74343 1.11264
8.54881 1.81827
8.38743 1.93644
8.1898 1.18131
8.18356 0.701315
8.03582 0.987611
7.88104 0.947689
7.87737 0.82646
7.85267 1.60973
7.82513 2.06618
7.74228 0.227844
7.39795 0.470218
7.36119 0.951947
7.23121 2.62533
6.90496 2.04942
6.35069 1.78859
6.26984 1.21505
6.2622 1.07282
6.17412 2.60865
6.17298 2.24339
6.07338 2.69533
5.7813 2.7957
5.67004 1.61039
5.23292 3.01109
4.15102 3.3512
3.93284 3.67472
3.58814 3.58153
3.40581 3.14085
3.40455 3.9602
3.35627 5.12848
3.2944 4.62374
3.26465 3.43108
3.20131 5.11912
3.19672 4.30377
2.96323 4.24008
2.9422 5.917
2.89832 5.65761
2.89665 4.01059
2.84726 5.58709
2.76142 3.94302
2.67657 4.14264
2.64821 4.07087
2.64292 4.80499
2.53891 4.22505
2.52043 3.75938
2.49228 4.99414
2.48875 5.18089
2.46952 5.17295
2.05691 6.82592
2.00373 5.53497
1.98988 3.84019
1.931 4.93383
1.78346 6.52825
1.73614 4.82839
1.72899 5.48137
1.53504 4.58648
1.48956 4.62858
1.41411 6.15778
1.29493 5.5446
1.25278 4.90328
1.25122 7.33314
1.16023 6.38328
1.14948 7.41527
1.06675 5.07961
0.862248 6.80358
0.851801 6.57573
0.817978 6.36168
0.735041 9.01955
0.673047 7.47715
0.666641 6.56233
0.620366 8.04082
0.39141 10.1127
0.358553 7.60596
0.346109 10.0292
0.269598 8.82818
0.263629 8.63074
0.263604 6.88249
0.133582 8.77398
0.119499 11.0252
0.108293 8.44726
0.107407 8.48865
0.0960561 7.89002
0.0909121 9.43488
0.0835918 7.94753
0.0786672 10.0613
0.0515673 7.14935
0.0342063 10.9247
0.0225119 8.33581
0.020813 11.8278
0.0204903 10.919
0.019339 11.1194
0.00342919 12.0121
0.551406 0.448594 0 0 0 
0 0 1 0 0 
0.6987 0.3013 0 0 0 
0 0 0 1 0 
1 0 0 0 0 
0 0 0.577391 0.422609 0 
0 0 0 0 1 
0 0 1 0 0 
0.393386 0.376555 0.230058 0 0 
0 0 0.523796 0.476204 0 
0 0 0 0 1 
0 0 1 0 0 
0.756548 0 0.243452 0 0 
0 0.457585 0 0.542414 0 
0 0 0 1 0 
0 0 1 0 0 
1 0 0 0 0 
0 0 0 0 1 
0 0 0 0.362815 0.637185 
0 0 0 1 0 
0 0.60652 0 0 0.393481 
0 0 0 0.5337 0.4663 
0 0 1 0 0 
0.545238 0 0 0 0.454762 
0.319329 0 0 0.680671 0 
0 0.720884 0 0 0.279116 
0 0 0 1 0 
0.231891 0.768109 0 0 0 
0 0 1 0 0 
0 0 0.5408 0 0.4592 
0 1 0 0 0 
0.35541 0.64459 0 0 0 
0 1 0 0 0 
0.257004 0.742996 0 0 0 
0.473309 0 0 0.526691 0 
1 0 0 0 0 
0 1 0 0 0 
0 1 0 0 0 
0 1 0 0 0 
1 0 0 0 0 
0 0 0 0 1 
0 1 0 0 0 
0 0 0 0.207641 0.792359 
1 0 0 0 0 
0 0.453999 0 0 0.546001 
0 0.805406 0.194594 0 0 
0 0.635662 0 0.364338 0 
1 0 0 0 0 
0.642074 0 0 0 0.357926 
0 0 0 0 1 
0 1 0 0 0 
0.55929 0 0.44071 0 0 
0 0 0 1 0 
1 0 0 0 0 
0 1 0 0 0 
0 0.793619 0 0.206381 0 
0 1 0 0 0 
0.444546 0 0 0 0.555454 
0 0.239906 0.760094 0 0 
0 0.555354 0 0.444646 0 
0.573088 0.426912 0 0 0 
0 0 0.724682 0.275318 0 
0.56803 0.43197 0 0 0 
0 0 0 1 0 
1 0 0 0 0 
0 0 0 0 1 
0.646061 0 0 0 0.353939 
0 1 0 0 0 
0 0.420853 0 0 0.579147 
0.552624 0.447376 0 0 0 
0 0 1 0 0 
0.602074 0 0.397926 0 0 
0 0 0 0.534589 0.465411 
0 1 0 0 0 
0 0 0 1 0 
0 0 0 0.374725 0.625275 
0 0.32909 0 0 0.67091 
0 0 1 0 0 
0 0 0 1 0 
0 0 0 1 0 
0.537211 0.462789 0 0 0 
0 0 0 0 1 
0.56943 0 0 0 0.43057 
0.585352 0 0 0.414648 0 
0 0.303149 0.581642 0.11521 0 
0 0.173367 0 0.826633 0 
0 1 0 0 0 
0 0 0 0 1 
0 0 0 0 1 
0 0 1 0 0 
0 0 0.284425 0 0.715575 
0 0 0 0 1 
0.267198 0.732802 0 0 0 
0 0 0 0.177806 0.822194 
0 0 0 0 1 
0 0 0 1 0 
0 0 0.64073 0 0.35927 
0.377611 0 0.622389 0 0 
0 1 0 0 0 
0 0 1 0 0 
