5 150
0.601939
0.406255
0.257508
0.361057
0.478584
11.6752 0.120637
10.3084 0.543276
10.2932 0.560604
9.81953 0.452077
9.47487 0.405195
9.42241 1.17222
9.25917 0.596215
8.73987 0.285108
8.60048 0.458894
8.36742 0.201952
8.31909 0.168722
8.29377 1.0513
8.14299 1.67998
8.00557 1.32655
7.96514 1.13856
7.86775 1.23573
7.74406 1.45255
7.36918 1.00252
7.26213 0.33895
7.23566 1.00415
7.18322 1.74905
7.01942 1.93829
6.93189 2.30031
6.9129 1.92464
6.61602 1.88838
6.44261 1.89844
6.41196 2.98894
6.3911 2.60992
6.31371 1.99731
6.22114 1.73736
6.21386 2.4502
5.99427 1.0227
5.9152 2.48579
5.88594 1.9499
5.77344 3.09507
5.6875 2.23529
5.52102 2.85556
5.3473 2.04161
5.34613 2.71015
5.26908 1.75831
5.0807 2.85732
4.92851 2.51248
4.90183 3.16984
4.89272 2.60349
4.8849 3.072
4.87633 3.91105
4.83577 2.383
4.57142 3.6878
4.5695 3.5309
4.45166 2.38163
4.4418 3.27122
4.35895 2.00024
4.27675 2.61093
4.13868 3.28791
4.02561 3.49937
3.99655 3.42976
3.99419 5.06148
3.91876 2.9846
3.87883 4.06896
3.8304 2.78381
3.73821 3.41156
3.71181 3.49079
3.62835 4.83628
3.58501 3.78744
3.53973 4.98435
3.42482 3.53617
3.4018 2.77681
3.38491 4.39496
3.33722 3.68695
3.33586 4.22816
3.18204 3.5486
2.99842 4.20742
2.9502 3.37828
2.90661 5.04446
2.87096 6.20015
2.85708 5.06629
2.83816 4.55074
2.77155 4.48742
2.7409 4.36045
2.72632 4.43157
2.72552 5.07844
2.71157 4.88711
2.70293 5.96207
2.66606 3.96941
2.64878 4.95344
2.64824 4.82968
2.51279 4.82126
2.28928 5.63284
2.16419 5.788
2.13195 5.55134
2.08453 4.83998
2.07362 6.23359
1.99108 6.49866
1.96687 6.4269
1.93089 5.86837
1.91719 4.96631
1.90206 6.53318
1.83506 7.33965
1.79698 4.28416
1.76241 7.15376
1.74924 7.12161
1.70047 5.21228
1.56724 5.48709
1.51925 6.03924
1.48577 4.64367
1.48276 6.15973
1.40119 5.30631
1.33953 7.82215
1.30152 7.92133
1.29166 7.07318
1.20898 6.31405
1.20217 6.78022
1.17586 5.2164
1.17364 6.15912
1.13429 4.98841
1.06513 6.37345
1.02975 5.70355
0.885378 8.10828
0.8514 8.17398
0.848807 7.52334
0.788224 5.58178
0.786791 6.13294
0.769216 9.10655
0.756501 7.73375
0.74045 7.62372
0.730169 7.49248
0.638365 7.77381
0.638192 6.47305
0.585246 8.87409
0.540724 9.13664
0.463287 9.1675
0.458335 7.70083
0.458168 6.83581
0.441186 7.90508
0.338807 9.50576
0.324449 7.18868
0.231155 8.80543
0.228251 7.74319
0.199489 9.54561
0.15938 8.19279
0.152303 7.13403
0.149768 6.70528
0.144032 8.37584
0.141625 9.80293
0.083104 7.34863
0.0823286 8.33565
0.0727488 10.8896
0.0593579 8.17972
0.0184225 7.39587
0.00906152 11.9835
0 0 0 1 0 
0.275547 0.212747 0.164609 0.192712 0.154384 
0.267516 0.612362 0 0 0.120121 
0 0.388238 0.50795 0.103812 0 
0.307097 0.338063 0.35484 0 0 
0.511339 0 0 0.488661 0 
0.675272 0 0 0 0.324728 
0.25914 0.383436 0 0 0.357424 
0 0 1 0 0 
0 0.227505 0.348142 0.424352 0 
0 0 1 0 0 
0 0 0 1 0 
0.479003 0 0 0.426829 0.0941677 
0 0 0.605594 0.394406 0 
0.411166 0 0.205337 0.292407 0.0910902 
0.380166 0.35813 0 0 0.261703 
0.267105 0 0.256738 0.239908 0.236249 
0 0 0.285513 0.154729 0.559758 
0.227656 0.271753 0.289602 0.0847815 0.126207 
0 0.313847 0.340267 0 0.345886 
0 0 0.672302 0.327698 0 
0 0 0.541103 0.458897 0 
0.222507 0.777493 0 0 0 
0 1 0 0 0 
0 0 1 0 0 
0.0791599 0.208925 0 0.711915 0 
1 0 0 0 0 
0.303288 0.16928 0 0.215943 0.311489 
0 0.725211 0 0 0.274789 
0 0.626553 0.373447 0 0 
0.258262 0.639956 0 0 0.101782 
0.566314 0 0 0.241352 0.192335 
0 0 0 1 0 
0.461506 0 0.163443 0.37505 0 
0.369938 0 0.334937 0 0.295125 
0.0831097 0 0.259595 0.657295 0 
0 0.388768 0.42796 0.118125 0.0651468 
0.553776 0 0 0 0.446224 
0.57522 0.42478 0 0 0 
0.0717151 0 0.134076 0.472917 0.321292 
0.436674 0.362039 0 0.0442823 0.157005 
0.116379 0.184345 0.0889506 0.315416 0.294911 
0.411162 0.206585 0 0.382253 0 
0 0 0 0 1 
0 0 0.365971 0.634029 0 
0 0.240808 0.398159 0.140339 0.220695 
0 0.343283 0.251572 0 0.405145 
0.428226 0 0.132008 0.0794542 0.360312 
0.713558 0 0.210239 0 0.0762031 
0.608712 0 0 0.391287 0 
0 0 0 0.483231 0.516769 
0 0.473897 0.0716167 0 0.454486 
0 0.339992 0 0.487336 0.172672 
0.0860723 0.321705 0.262293 0.249185 0.0807447 
0.733469 0 0 0.266531 0 
0 0 0 0.671081 0.328919 
0 0.54944 0.45056 0 0 
0 1 0 0 0 
1 0 0 0 0 
0 0.246187 0 0.753813 0 
0 0 0.335459 0.664541 0 
0 0.26934 0.297452 0.157717 0.275491 
0 1 0 0 0 
0 0.767984 0 0 0.232016 
0.0506334 0.338747 0 0.332808 0.277811 
0 0.504894 0 0 0.495106 
0.274125 0 0.225669 0.448766 0.051439 
0 0.844049 0 0.155951 0 
0.454654 0 0 0.545346 0 
0 0 0 1 0 
0 0 0.513923 0.124374 0.361703 
0 0.296917 0.315125 0.387957 0 
0 0 0.538126 0.177264 0.28461 
0 0 0.343984 0.501648 0.154368 
0.729889 0.270111 0 0 0 
0 0 0 0.386748 0.613252 
0.387747 0 0.247039 0.365215 0 
0.470475 0.240331 0 0.289194 0 
0.292903 0.267387 0 0.103311 0.336399 
0 0.479125 0 0 0.520875 
0.184053 0.635264 0 0 0.180682 
0.15921 0 0.272714 0.268999 0.299077 
0 0 0.518679 0.481321 0 
0 0 0 0 1 
0.611153 0.388847 0 0 0 
0 0 0.358107 0.641893 0 
0 0.196418 0.803582 0 0 
0.666799 0 0 0 0.333201 
0 0.245657 0 0.3837 0.370643 
0 0 0.77084 0 0.22916 
0.529385 0 0.470615 0 0 
0.214045 0.785955 0 0 0 
0.327933 0.265761 0.121093 0 0.285213 
0.196395 0.197786 0.084507 0 0.521312 
0.529607 0 0.470393 0 0 
1 0 0 0 0 
0 0 1 0 0 
0.440966 0 0.559034 0 0 
0.207398 0.287259 0.362658 0.0385071 0.104177 
0 0.431304 0.157376 0.41132 0 
0 0.29701 0.70299 0 0 
0.207315 0 0 0.792685 0 
0 0 0 0.440624 0.559376 
0.300159 0.256609 0 0.378254 0.0649781 
0.0532484 0.30673 0 0.325035 0.314987 
0.437139 0.0630701 0 0.0618765 0.437914 
0.675715 0.170359 0 0 0.153926 
0 0 0.33757 0.329429 0.333002 
0 1 0 0 0 
0.698776 0 0 0 0.301224 
0 0.30345 0.69655 0 0 
0.187964 0.0569377 0 0.245357 0.509742 
0 0.825145 0 0 0.174855 
0.313217 0.383303 0.30348 0 0 
0 0.583494 0 0 0.416506 
0 0 0 0.527683 0.472317 
0 0 0 1 0 
0 0 0 0 1 
0 0 0 0.639553 0.360447 
0.494858 0.23964 0.265502 0 0 
0 0.606017 0.214421 0.0692815 0.110281 
0.200293 0.337696 0 0.462011 0 
0 0.399649 0.286299 0 0.314052 
0.363243 0.368971 0 0.267786 0 
0 0 0.312423 0.226361 0.461216 
0.234134 0 0 0.37074 0.395127 
0.425652 0 0 0.574348 0 
0 0.33395 0 0 0.66605 
0 0.501868 0.498132 0 0 
0.388754 0.296209 0 0 0.315037 
1 0 0 0 0 
1 0 0 0 0 
0 0.233918 0.236548 0 0.529534 
0 0.478358 0 0 0.521642 
0 0 0.489681 0 0.510319 
1 0 0 0 0 
0 1 0 0 0 
0 0.350327 0.260343 0.38933 0 
0.521031 0 0 0 0.478969 
0 0 0 0.150156 0.849844 
0.140196 0.659131 0 0.200673 0 
0 0.252199 0 0 0.747801 
0 0.601449 0 0.398551 0 
0.742104 0 0.257896 0 0 
0 0 0.174504 0.825496 0 
0 0 0.444932 0.555068 0 
0 0.524123 0 0.475877 0 
0.340177 0.246615 0 0 0.413208 
0.574323 0 0.205355 0.220322 0 
0 1 0 0 0 
