5 150
0.719848
0.423421
0.650037
0.681562
0.532785
11.041 0.340485
10.7949 0.373337
10.2488 0.634951
9.61521 0.384005
9.24938 0.236655
9.24339 0.901515
9.14875 0.168415
8.49326 0.494109
8.32618 0.765406
7.74692 0.975013
7.60623 0.530635
7.58875 0.926998
7.457 1.54109
7.09275 1.37406
6.85012 1.18992
6.75101 1.78556
6.60219 2.28883
6.39367 3.06529
6.32993 1.94921
6.28164 1.8813
6.14009 2.8356
6.12686 2.15271
6.11933 2.27069
6.1184 1.76972
6.11309 1.92543
5.99768 2.38189
5.99042 2.7423
5.97932 1.81151
5.95618 3.1559
5.68492 2.18654
5.62936 2.59043
5.53154 2.24204
5.49146 2.21678
5.41032 1.499
5.34285 2.76459
5.31406 2.51883
5.30011 2.76042
5.23803 2.5584
5.1805 2.02925
5.15002 1.95238
5.12275 2.39884
5.00237 1.78168
4.88491 2.21416
4.82035 2.32973
4.53934 2.92687
4.5038 2.23441
4.48549 2.79797
4.16995 3.41979
3.97867 3.6545
3.87811 3.49281
3.84088 4.13162
3.63129 3.48628
3.55876 3.49797
3.43839 3.18573
3.40311 4.25107
3.36769 3.05413
3.22111 4.23645
3.18755 5.61799
3.07555 4.02966
3.05915 4.32163
3.04824 5.42031
3.02598 3.5432
2.98206 4.02699
2.96186 4.71777
2.89127 5.14788
2.77227 4.54098
2.74004 5.50713
2.7378 4.90052
2.7345 5.48592
2.49657 5.87355
2.48793 4.85338
2.47648 4.99694
2.40332 6.39026
2.31185 4.43363
2.30231 3.81644
2.20038 5.78433
2.12675 5.2735
2.09694 4.9838
2.05107 5.02566
2.03436 5.55343
2.00771 6.09923
2.00675 4.85369
1.90674 6.48865
1.76888 4.84352
1.69966 4.08687
1.64767 4.8726
1.6442 5.95338
1.59679 5.00277
1.58764 4.92179
1.45452 4.90921
1.32563 7.92476
1.29457 6.0711
1.28905 6.01381
1.26383 7.39763
1.22907 5.38769
1.15698 7.13829
1.00452 6.35035
0.999517 7.80561
0.982978 5.40937
0.976297 6.11464
0.94385 7.01916
0.883538 5.4458
0.8408 6.70688
0.814724 5.98374
0.808298 7.90676
0.738953 7.74262
0.660017 6.14898
0.621597 6.16576
0.595213 5.59473
0.567756 6.94308
0.466009 7.86199
0.427736 8.06711
0.423029 6.27185
0.399627 6.77388
0.396909 6.99787
0.360557 9.59546
0.341824 8.22076
0.334938 7.55884
0.330694 9.21857
0.275808 8.60534
0.264772 10.0524
0.26049 9.34128
0.227551 9.72784
0.224222 10.1337
0.223897 9.34074
0.194824 10.3355
0.170055 8.80889
0.169645 10.8041
0.167598 10.5223
0.1416 8.12783
0.12892 9.15378
0.114435 9.04693
0.102669 8.96286
0.0979547 8.60023
0.0776158 7.1284
0.0607936 7.33808
0.0591062 8.4091
0.0506507 8.43664
0.0483032 10.898
0.0481976 11.0956
0.0369767 10.0238
0.0223156 11.3238
0.0188821 9.37196
0.0136915 9.38962
0.0122347 11.7333
0.00698307 9.52466
0.00658625 10.6801
0.00577283 10.7672
0.00445226 8.69204
0.00213292 8.41337
1 0 0 0 0 
0 0 1 0 0 
1 0 0 0 0 
0 0 0 0 1 
0 0 0 1 0 
0 1 0 0 0 
1 0 0 0 0 
0 0 1 0 0 
1 0 0 0 0 
1 0 0 0 0 
1 0 0 0 0 
0 0 0 0 1 
0 0 0 0 1 
0 1 0 0 0 
1 0 0 0 0 
0 0 0 0 1 
0 0 1 0 0 
0 1 0 0 0 
0 0 0 1 0 
0 1 0 0 0 
0 0 0 1 0 
0 0 0 0 1 
0 1 0 0 0 
0 1 0 0 0 
0 0 0 1 0 
0 0 1 0 0 
0 1 0 0 0 
0 0 1 0 0 
1 0 0 0 0 
0 0 0 1 0 
0 1 0 0 0 
0 0 0 0 1 
0 1 0 0 0 
0 0 0 1 0 
1 0 0 0 0 
0 0 0 1 0 
0 0 0 0 1 
0 1 0 0 0 
1 0 0 0 0 
0 1 0 0 0 
0 0 1 0 0 
1 0 0 0 0 
0 0 1 0 0 
0 0 1 0 0 
0 0 1 0 0 
0 0 0 1 0 
1 0 0 0 0 
0 1 0 0 0 
1 0 0 0 0 
0 0 0 0 1 
1 0 0 0 0 
0 1 0 0 0 
0 0 1 0 0 
1 0 0 0 0 
1 0 0 0 0 
0 0 0 0 1 
0 0 0 0 1 
0 1 0 0 0 
0 0 1 0 0 
1 0 0 0 0 
0 0 0 1 0 
0 1 0 0 0 
0 0 1 0 0 
1 0 0 0 0 
0 0 1 0 0 
0 0 0 1 0 
1 0 0 0 0 
1 0 0 0 0 
0 0 0 0 1 
0 1 0 0 0 
0 0 1 0 0 
0 0 0 1 0 
0 0 1 0 0 
1 0 0 0 0 
0 0 0 1 0 
0 0 1 0 0 
1 0 0 0 0 
1 0 0 0 0 
0 0 0 1 0 
1 0 0 0 0 
0 0 0 1 0 
0 0 0 0 1 
0 1 0 0 0 
1 0 0 0 0 
0 0 1 0 0 
0 0 0 1 0 
0 0 0 1 0 
0 0 0 1 0 
0 0 1 0 0 
0 1 0 0 0 
0 0 1 0 0 
0 1 0 0 0 
1 0 0 0 0 
0 0 0 1 0 
0 0 0 0 1 
0 0 0 0 1 
1 0 0 0 0 
0 0 0 0 1 
0 0 0 0 1 
0 0 0 0 1 
0 0 0 0 1 
0 0 0 0 1 
0 1 0 0 0 
1 0 0 0 0 
0 0 1 0 0 
0 0 0 1 0 
1 0 0 0 0 
0 0 0 0 1 
0 0 0 0 1 
0 1 0 0 0 
0 0 0 1 0 
1 0 0 0 0 
0 0 0 1 0 
1 0 0 0 0 
1 0 0 0 0 
0 0 0 0 1 
0 1 0 0 0 
0 0 1 0 0 
0 0 0 1 0 
0 1 0 0 0 
0 1 0 0 0 
0 1 0 0 0 
0 0 1 0 0 
0 0 0 0 1 
0 1 0 0 0 
1 0 0 0 0 
0 0 0 1 0 
0 1 0 0 0 
0 1 0 0 0 
0 1 0 0 0 
1 0 0 0 0 
0 0 1 0 0 
1 0 0 0 0 
0 0 0 1 0 
0 0 1 0 0 
0 1 0 0 0 
0 0 0 1 0 
0 0 0 1 0 
0 0 0 1 0 
0 1 0 0 0 
0 0 0 1 0 
1 0 0 0 0 
0 0 0 1 0 
1 0 0 0 0 
0 0 0 0 1 
0 0 1 0 0 
0 1 0 0 0 
0 0 0 1 0 
0 1 0 0 0 
0 0 1 0 0 
