5 100
0.261673
0.611385
0.594508
0.47692
0.298845
12.0004 0.172313
9.41207 0.128294
9.07926 0.282878
8.98971 1.33816
8.44764 1.57613
8.10372 0.935496
7.99114 0.461335
7.6914 1.56026
7.66352 1.45521
7.50809 2.09853
7.1772 2.24616
7.0528 1.7984
6.96161 1.15381
6.93077 2.8608
6.70378 0.84293
6.69635 2.06655
6.66801 2.65962
6.59874 1.76328
6.33131 2.08128
6.30367 1.24564
6.25456 2.76877
6.18334 2.32317
6.17871 1.49889
6.11498 2.47186
5.88246 2.47258
5.54982 3.12248
5.54662 1.59378
5.3301 3.12261
5.31351 2.64009
5.25808 3.83545
5.1834 1.78631
5.01928 1.88973
5.00321 3.74478
4.95702 1.82394
4.85159 3.03087
4.82226 2.74878
4.33134 3.88926
4.27148 4.00923
4.10181 3.726
4.06627 3.85297
3.88034 3.93307
3.80639 3.25486
3.74743 4.33044
3.55864 3.00715
3.35471 3.72984
3.3412 3.27469
3.12554 3.73585
2.85604 6.19424
2.79035 4.01702
2.78522 4.66205
2.66166 4.48056
2.60219 3.42302
2.51381 5.36392
2.48113 5.43335
2.39795 4.83744
2.37453 6.5644
2.02794 5.25771
2.01889 6.37265
1.94095 6.90033
1.8954 7.27395
1.71831 5.42805
1.54461 5.56151
1.54042 6.71268
1.53545 5.08392
1.49551 4.73529
1.42701 7.09776
1.42115 6.35305
1.39856 4.30444
1.32633 5.56011
1.32221 5.71289
1.22016 5.32082
1.1915 7.96309
1.1498 5.98613
1.07663 7.25989
0.893128 5.89169
0.891893 6.95654
0.841196 8.95698
0.760887 7.61931
0.649355 6.12467
0.632704 8.07443
0.610846 7.01509
0.538431 6.32841
0.530712 8.63364
0.395192 9.27018
0.350627 9.61933
0.286093 8.46669
0.257315 7.95651
0.194457 9.44788
0.183879 6.64945
0.183582 7.18046
0.157699 6.84731
0.115726 8.66575
0.112994 10.7918
0.104392 6.92193
0.100461 9.02894
0.09891 9.33871
0.0623251 10.1256
0.0607869 11.1987
0.0470683 8.04512
0.0290792 11.8004
0.203616 0.189017 0.346931 0.260436 0 
0.38387 0.307942 0.136912 0.123301 0.0479751 
0.225501 0.574726 0 0.199773 0 
0 0.687704 0 0.312296 0 
0.119928 0.328216 0.244621 0 0.307234 
0.614803 0 0.385197 0 0 
0.232435 0 0.211473 0.46315 0.0929425 
0 0 0.284511 0.350178 0.365311 
0.0752904 0.481528 0.14573 0.297452 0 
0 0.478596 0 0.430173 0.0912303 
0.661458 0 0.338542 0 0 
0 0.632478 0 0 0.367522 
0 0.0825692 0.215781 0.439005 0.262644 
0.304773 0 0.221676 0.393996 0.0795545 
0.282778 0 0.113755 0.603467 0 
0.452183 0 0.547817 0 0 
1 0 0 0 0 
0 0.237789 0.25874 0.185516 0.317954 
0 0 0 0.453795 0.546205 
0.151355 0 0.392051 0 0.456594 
0 0.332398 0 0 0.667602 
0.0993659 0.333619 0.242124 0.0401305 0.284761 
0 0.286613 0.457852 0 0.255535 
0.104284 0.531089 0 0 0.364627 
0.325992 0.128906 0.183278 0 0.361824 
0.336771 0.167511 0.157432 0.0925836 0.245703 
0 0 0 0.444111 0.555889 
0.297766 0.181218 0.394845 0 0.126171 
0.272399 0.18049 0 0.256866 0.290246 
0.146428 0.214265 0 0.501569 0.137737 
0.488738 0 0 0.511262 0 
0.217774 0.0632848 0.434261 0 0.284679 
0.0786059 0.291411 0.14639 0.218296 0.265297 
0.360539 0 0.254956 0.384505 0 
0.346754 0.287133 0 0 0.366112 
0.35569 0 0.22057 0.42374 0 
0.342315 0 0.453321 0.204365 0 
0.162642 0.224647 0 0.157482 0.45523 
0 0 0 0.760275 0.239725 
0.0644226 0.438481 0 0.497096 0 
0.295971 0.474999 0.22903 0 0 
0.381624 0.232917 0 0.194482 0.190976 
0.442938 0 0.097858 0 0.459204 
0.359737 0.0847108 0.122067 0.153303 0.280182 
0 0 0 1 0 
0.155388 0 0.335928 0.298665 0.210018 
0 0 0.662721 0 0.337279 
0.264695 0.246065 0 0.217829 0.271412 
0.314879 0.420927 0 0 0.264194 
0.238252 0 0 0.437855 0.323893 
0 0 0.37407 0.331024 0.294906 
0 0 0.650551 0 0.349449 
0 0.202111 0.42765 0 0.370239 
0.288471 0.216982 0.267952 0.226595 0 
0 0 0 1 0 
0.344855 0 0.102468 0.324076 0.2286 
0 0 0.899052 0.100948 0 
0.598332 0 0 0.401668 0 
0 0 0.465367 0.534633 0 
0 0 0 1 0 
0 0.509557 0 0.324755 0.165688 
0.298019 0 0 0.40171 0.300271 
0.590797 0.206649 0.202554 0 0 
0.21561 0.255625 0 0.401382 0.127383 
0 0.166755 0 0.342689 0.490556 
0 0 0 0.587713 0.412287 
0 0.224507 0.775493 0 0 
0.150012 0.107458 0 0.286243 0.456286 
0 0 0 0 1 
0.130305 0.309927 0.366701 0.193067 0 
0 0.439109 0 0.114928 0.445963 
0 0.467284 0.297379 0 0.235337 
0.287459 0.281437 0 0.169418 0.261686 
0 0.46754 0 0.53246 0 
0 0.521469 0.256613 0 0.221918 
0 0.759339 0 0 0.240661 
0 0.409776 0 0.207827 0.382396 
0.356172 0.643828 0 0 0 
0.179333 0 0.334391 0.328151 0.158126 
0.291119 0 0 0.334367 0.374514 
0.234599 0.225722 0 0.07919 0.460488 
0.735513 0 0.264487 0 0 
0.126561 0 0.416804 0 0.456635 
0 0 0 0.455623 0.544377 
0 0.259892 0.221435 0.518673 0 
0 0.247317 0 0.752683 0 
0.248705 0.225206 0.348121 0 0.177968 
0.389627 0.153951 0 0.310591 0.145831 
0 0 1 0 0 
0.647722 0 0.352278 0 0 
0 1 0 0 0 
0 0.633314 0 0.366686 0 
0.064677 0.214687 0.370853 0 0.349783 
0.175342 0.0610632 0.422694 0 0.340901 
0.136415 0.357658 0.256078 0 0.249849 
0 0.322163 0.372977 0 0.30486 
0 0.119773 0 0.880227 0 
0.285144 0 0.189628 0.219715 0.305513 
0 0.446181 0.147603 0.406216 0 
0.541558 0.111158 0 0 0.347285 
