5 50
0.367283
0.320116
0.711211
0.689268
0.350742
10.9267 0.808592
9.51243 0.842975
9.21267 0.864186
8.7094 1.54174
8.5783 0.119071
7.82564 1.0745
7.76648 0.673722
7.61685 0.803998
7.03602 1.89064
6.88989 2.2101
6.61485 2.31141
6.39062 1.18459
5.84678 1.2551
5.57976 2.83787
5.30084 2.2002
5.04382 1.91428
4.33337 3.30924
4.31368 2.99506
4.19195 3.36626
3.89834 3.37484
3.88934 4.49057
3.45491 3.16037
3.29086 4.20881
2.8415 5.6033
2.78694 4.39122
2.57462 4.82127
2.40615 6.41838
2.23702 5.67938
2.15502 5.63572
2.09257 5.76182
2.07068 5.40421
1.9711 4.78039
1.27039 7.59285
1.21154 7.26203
0.973827 5.72452
0.872544 6.74204
0.863623 7.58648
0.676094 8.10545
0.520383 7.38237
0.421524 9.26856
0.251686 9.69978
0.24999 8.1077
0.189911 10.4024
0.119949 6.7808
0.113246 8.34846
0.0748411 9.84473
0.049032 9.55191
0.0359678 7.50411
0.0272072 8.6664
0.0013048 11.9828
0.678045 0.148915 0.17304 0 0 
0 1 0 0 0 
1 0 0 0 0 
0 0.376437 0 0.442899 0.180664 
0.110417 0.589937 0 0.299646 0 
0 1 0 0 0 
0 0 0 0 1 
1 0 0 0 0 
1 0 0 0 0 
0.137882 0 0.274761 0.361231 0.226125 
0 1 0 0 0 
0 0 0.403766 0.380477 0.215757 
0.129164 0.49216 0 0.180281 0.198395 
0.359838 0.640162 0 0 0 
0.286446 0.582194 0.13136 0 0 
0 0.367711 0.34792 0 0.284369 
0 1 0 0 0 
0.134677 0 0 0 0.865323 
0 0 0 0 1 
1 0 0 0 0 
0.598351 0 0.401649 0 0 
0.376815 0 0.350771 0.272414 0 
0 0 1 0 0 
0.307131 0.322901 0.369968 0 0 
0 0 1 0 0 
0 0 0.351978 0.648022 0 
0 0 1 0 0 
0.206355 0 0 0.395606 0.398039 
0 0.435217 0 0.564783 0 
0.263633 0.577139 0.159228 0 0 
0 0 0 0 1 
1 0 0 0 0 
0.742996 0 0.257004 0 0 
0 0 0 1 0 
0.383494 0 0 0 0.616506 
0 0.234315 0 0.765686 0 
0.345948 0.474567 0 0.179486 0 
0.294708 0 0.705292 0 0 
0.463832 0 0.536168 0 0 
0 0.579978 0.420022 0 0 
0.119855 0.571263 0 0 0.308882 
0 0 0.573494 0.426506 0 
0 0 0 0.719993 0.280007 
0.404957 0 0 0.595043 0 
0.665355 0 0 0.334645 0 
0 0.650679 0.349321 0 0 
0 0.125365 0 0.317618 0.557016 
0.373541 0.383941 0 0.242518 0 
0 1 0 0 0 
0 1 0 0 0 
