5 100
0.600337
0.281281
0.574366
0.677259
0.702178
10.1661 0.391034
9.8554 0.121621
9.54747 0.29042
9.15221 0.133946
8.85094 0.556959
8.59244 1.18384
8.50762 0.760272
8.44054 1.29875
8.25014 1.1734
8.2488 1.48306
8.23566 1.30852
8.12851 0.226454
7.85624 0.350031
7.84459 2.05927
7.57147 0.52291
7.54859 1.51246
7.52709 1.52109
7.02282 0.581837
6.99243 2.02617
6.88432 2.43124
6.86309 1.48453
6.74196 2.30794
6.70873 1.37911
6.63962 1.44343
6.592 2.00664
5.81908 1.93085
5.65794 2.56615
5.64995 1.2051
5.64388 2.76807
5.58626 2.04353
5.45732 1.81497
5.44044 1.55011
5.11175 2.11428
4.6723 3.74542
4.64435 3.30567
4.38762 4.38053
4.32574 2.57044
4.04509 2.59835
3.64768 2.86997
3.61308 4.62416
3.55888 4.40144
3.47897 3.59303
3.37925 4.90221
3.37694 5.27813
3.36629 4.58043
3.1696 4.98567
3.12335 3.33281
3.0914 4.47398
3.07994 5.04591
3.07706 5.29247
3.04595 4.65815
3.03456 4.31858
2.90178 5.76075
2.74003 4.35907
2.70007 3.29155
2.60407 4.0152
2.5852 5.73366
2.29844 4.57075
2.22956 4.80375
2.02158 6.01132
2.01609 6.24185
1.85605 4.30687
1.8386 5.56312
1.80432 6.18547
1.55547 4.59716
1.42988 6.08402
1.40118 4.96266
1.33124 6.44029
1.32862 5.99648
1.24518 6.51179
1.07959 6.54427
1.03202 6.98894
0.953495 7.12614
0.933888 7.10279
0.927447 6.99986
0.917086 7.27603
0.900567 6.48186
0.82326 6.99228
0.823188 6.42689
0.690685 8.21301
0.563415 8.99661
0.531188 7.38591
0.430267 9.1894
0.28223 9.07883
0.231992 10.6399
0.207594 10.5678
0.190252 8.10917
0.183333 7.09735
0.136074 9.31615
0.131548 10.9055
0.120039 8.14542
0.117325 10.8082
0.112638 7.51537
0.0950972 8.7374
0.0563218 10.1281
0.0201823 10.7467
0.0197901 7.77092
0.014691 9.08231
0.0140913 11.1762
0.00262097 7.66729
0.470152 0.529848 0 0 0 
0.372734 0.177329 0.449937 0 0 
0.278899 0.158958 0.108936 0.453207 0 
0 0.448951 0 0.551049 0 
0.0821319 0.270156 0.246092 0.0891323 0.312488 
0 0.354657 0.387213 0.090388 0.167742 
0.35085 0.127849 0.266554 0.254747 0 
0 1 0 0 0 
0.329827 0.299104 0.332514 0 0.0385547 
0 0.503053 0 0.496947 0 
0 0.365585 0 0.288296 0.346119 
0.166341 0.507979 0 0 0.32568 
0 0.552653 0.0707126 0.376635 0 
0 0.363107 0 0.383903 0.25299 
0 0 1 0 0 
0 0.198002 0.277228 0.361472 0.163298 
0.689044 0 0 0 0.310956 
0.370873 0.0837883 0 0.0658319 0.479506 
0.466877 0 0.46788 0 0.065243 
0.414391 0.135705 0 0 0.449904 
0 0.315031 0 0.103608 0.581361 
0.225279 0.120781 0.358476 0 0.295464 
0 0 0 1 0 
0 0 0 0 1 
0.445984 0.288152 0 0.265864 0 
0.163014 0.28558 0.125202 0 0.426204 
0 0.281471 0.353514 0.137964 0.227051 
0 0 0 0.761285 0.238715 
0.165245 0.511241 0.323514 0 0 
0 0 0 0 1 
0.0821919 0 0.276218 0.351195 0.290395 
0.726998 0 0 0.273002 0 
0 0.166956 0 0.629144 0.2039 
0 0 0 0.260621 0.739379 
0.264452 0.143923 0.434809 0.156816 0 
0.450274 0 0.432877 0.116849 0 
0 0.204414 0 0 0.795586 
0.381306 0.0600774 0.0579141 0.322361 0.178341 
0.44899 0.126052 0 0.184141 0.240817 
0.181528 0.129209 0.223554 0.0658763 0.399832 
0.487387 0.512613 0 0 0 
0 0.322356 0.174781 0.298665 0.204199 
0.0939686 0.431785 0.173671 0.300575 0 
0 0.554805 0.143062 0.302133 0 
0 0 0.14108 0.599502 0.259418 
0 0.373619 0 0.298952 0.327429 
0 0.415778 0.225818 0.358404 0 
0 0.146586 0.464581 0.388833 0 
0 0.261341 0.328814 0 0.409845 
0 0 0.191993 0.408536 0.399472 
0.198999 0.446387 0 0.354613 0 
0 0.238716 0.498416 0.262868 0 
0.375916 0.355035 0 0.269049 0 
0.40574 0 0.59426 0 0 
0.327074 0 0.138404 0.534522 0 
0.0973051 0.195704 0.478802 0 0.228189 
0.372833 0 0.417029 0 0.210138 
0.0539951 0.326995 0.184484 0.434526 0 
0.197281 0 0 0 0.802719 
0.34415 0 0.0974603 0.164319 0.394071 
0 0 0.649877 0.350123 0 
0.395523 0.252654 0.0493299 0 0.302493 
0.230531 0 0.456732 0 0.312737 
0.162588 0 0.575221 0.26219 0 
0.19588 0 0.370647 0.433474 0 
0 0 0.530809 0.469191 0 
0.405995 0.220724 0 0 0.373281 
0.0573986 0.429859 0 0.127435 0.385307 
0.205189 0.553651 0.241159 0 0 
0 0.299167 0.301379 0 0.399454 
0 0 0.806813 0.193187 0 
0.289344 0.201319 0.200265 0.262122 0.0469509 
0.482533 0.517467 0 0 0 
0.325208 0.674792 0 0 0 
0.379243 0.249067 0.270124 0.101566 0 
0.323196 0 0 0.400422 0.276383 
0.182223 0 0.244155 0 0.573622 
0 0.276926 0.491962 0 0.231111 
0 0.376299 0.250683 0 0.373018 
0 0 0.482481 0.517519 0 
0.302196 0.12332 0 0.377535 0.196949 
0.242263 0.132315 0.215783 0.355265 0.0543745 
0.148254 0 0.750322 0.101424 0 
0.56598 0.275108 0 0.158911 0 
0.19339 0.290841 0 0.153935 0.361834 
0.0871602 0 0.486719 0.426121 0 
0 0.199048 0.604845 0 0.196108 
0.388172 0.342 0 0.269828 0 
0.258126 0.170857 0.571017 0 0 
0 0 0.711462 0 0.288538 
0.155254 0 0.407524 0 0.437223 
0 0.305062 0 0.500333 0.194605 
0 0.488937 0.165182 0 0.345881 
0.196555 0.389369 0 0.414076 0 
0 0 0 0 1 
0.341323 0 0 0.408687 0.24999 
0.346723 0 0 0.653277 0 
0 0.759657 0 0.13181 0.108533 
0 0 0.21598 0 0.78402 
0.116478 0 0.295205 0.588317 0 
