5 200
0.457602
0.329928
0.431707
0.501091
0.325808
11.7075 0.272728
11.3283 0.265499
9.95824 1.00271
9.76197 0.535781
9.68486 0.395311
9.48653 0.984158
9.47829 1.37142
9.40845 1.04022
9.20266 0.67701
9.01581 1.17575
8.75697 1.05907
8.58728 0.73372
8.49639 0.901152
8.45563 0.208482
8.43966 1.17861
8.33824 1.25607
8.11117 1.42645
7.92257 2.01035
7.89123 0.940515
7.87475 1.63247
7.8725 1.15473
7.78441 1.34282
7.55351 1.6401
7.43403 1.47231
7.36815 1.25754
7.31919 2.45374
7.31713 0.508552
7.17158 1.11425
7.16415 2.2739
7.15691 0.559841
7.03025 1.27063
6.92362 0.575605
6.89296 1.83699
6.88836 0.667035
6.87062 1.78573
6.85276 1.38143
6.74983 1.49261
6.73539 2.02074
6.59282 3.15397
6.57355 1.42366
6.43628 2.07564
6.23534 3.22956
6.1074 3.36834
5.94415 2.98809
5.92219 3.56221
5.92055 2.3037
5.87201 2.334
5.86173 2.10893
5.7841 2.14857
5.71793 2.50774
5.60533 1.96474
5.55761 1.53376
5.49233 2.43517
5.20937 1.41119
5.18575 2.84947
5.14548 2.10891
5.1092 2.37425
5.05771 3.7686
5.01763 2.21099
4.98231 3.98805
4.93736 2.23324
4.90788 4.18503
4.80227 3.46624
4.70605 4.18636
4.68055 3.97689
4.67037 3.91832
4.31856 2.67302
4.28294 3.29527
4.26211 3.01682
4.01777 5.01034
4.00734 2.52137
3.96554 4.02408
3.9586 4.40411
3.87449 4.08122
3.84548 3.47338
3.78764 4.0145
3.76956 3.75641
3.74639 3.2709
3.73934 4.16963
3.73868 3.03135
3.73771 3.06998
3.69398 2.38208
3.61694 4.14252
3.60722 3.81054
3.53278 3.91353
3.49568 4.84979
3.47417 4.99008
3.46133 3.11581
3.36698 4.30273
3.21721 5.5774
3.04719 5.46711
3.03546 4.20553
3.01457 4.92583
3.0058 5.38556
3.00239 4.2279
2.99266 4.55092
2.8964 4.93154
2.79176 6.26885
2.65352 5.69081
2.60734 3.66489
2.49795 5.87561
2.49698 4.16073
2.48672 4.03425
2.36359 3.75708
2.26518 5.59533
2.04785 4.35283
2.03248 4.23316
1.89451 6.8802
1.7504 5.37229
1.74628 7.36346
1.72047 6.62922
1.69051 4.9256
1.68307 5.97638
1.64638 7.08997
1.6023 5.64659
1.59306 7.31382
1.54526 4.94216
1.52949 4.94166
1.51229 6.5566
1.41895 5.88321
1.27648 6.6957
1.25794 4.88063
1.21913 7.65132
1.17332 5.12123
1.17159 7.61595
1.15908 6.35286
1.15557 8.11394
1.09046 7.75412
1.07595 8.06592
1.0659 7.24893
1.05728 7.04929
1.02369 7.49182
1.01899 7.76196
1.01656 7.85297
0.998327 5.15138
0.980727 6.69725
0.972786 6.38364
0.899862 8.26092
0.860044 5.83512
0.788686 7.77566
0.707571 8.33293
0.70389 5.66909
0.671847 7.34104
0.638279 8.53965
0.629271 6.64458
0.62523 7.91993
0.618787 6.01184
0.618532 7.35503
0.603064 9.17023
0.59116 7.83745
0.559092 9.09585
0.556695 5.47271
0.535372 6.42035
0.532005 8.28488
0.506985 7.44872
0.506587 8.44117
0.49487 8.13053
0.493578 9.19097
0.467001 7.8596
0.459543 8.88657
0.457457 8.02821
0.452932 7.21616
0.421543 9.13899
0.415662 6.65576
0.376518 10.0413
0.367574 6.60188
0.362976 6.36335
0.351973 8.61779
0.351693 9.90824
0.350928 8.89071
0.283212 9.43315
0.261385 9.29181
0.2569 6.82637
0.22368 6.86506
0.209712 7.67372
0.181284 10.7931
0.166833 7.72647
0.163903 10.3233
0.154861 8.19277
0.126403 9.74407
0.124925 11.0106
0.123135 8.35849
0.120728 11.1897
0.110153 6.89004
0.106804 7.68967
0.084488 7.06879
0.0830653 9.32454
0.0691748 9.55305
0.0670537 7.0416
0.0596597 9.30476
0.0567661 10.0997
0.0482147 9.70856
0.0316936 8.98291
0.0242213 10.2287
0.0219265 8.8449
0.0200114 11.2317
0.0157602 11.8425
0.0110028 10.4928
0.00391146 9.95435
0.00359391 9.40493
0 0.8068 0.1932 0 0 
0.811569 0.188431 0 0 0 
0 0.241251 0.4023 0 0.356448 
0.299472 0.267134 0.133763 0.299631 0 
0 1 0 0 0 
0.185183 0.145226 0 0.436336 0.233255 
0 0.367414 0.140982 0.243801 0.247803 
0.317538 0.337372 0.15745 0.18764 0 
0.436936 0.310219 0 0 0.252845 
0 0 0.625413 0.374588 0 
0.313308 0.265297 0.421396 0 0 
0.0736082 0 0.398262 0.52813 0 
0 0.39428 0.60572 0 0 
0.355838 0.354805 0.160602 0 0.128755 
0 0.248998 0.37471 0.376292 0 
0 0 0.591101 0.408899 0 
0 0 0 0.393607 0.606393 
0.419294 0 0.21821 0.362497 0 
0.265166 0.286389 0 0.119238 0.329207 
0 0.108419 0.260998 0 0.630583 
1 0 0 0 0 
0 0.0855296 0.682502 0.231969 0 
0.219029 0 0 0.486875 0.294096 
0 0.334602 0.510118 0 0.155279 
0.513124 0 0.26163 0.225246 0 
0.0889129 0.314808 0.219212 0 0.377067 
0 0.142453 0 0.539382 0.318165 
0.305933 0.267244 0 0.186512 0.240312 
0.293356 0.399815 0.210718 0 0.0961111 
0 0.444185 0 0 0.555815 
0 0.228004 0.321923 0.101311 0.348763 
0.356114 0.360848 0.283038 0 0 
0.510724 0 0 0.489276 0 
0.432988 0.462629 0 0.104383 0 
0 0 0.158892 0.182711 0.658397 
0.341147 0.329887 0 0 0.328966 
0 0.22189 0.39898 0 0.379129 
0 0.437509 0.562491 0 0 
0 0 0 0.552924 0.447076 
0.468759 0.102844 0 0.305595 0.122801 
0 0.59309 0 0.40691 0 
0.484975 0 0 0.515025 0 
0.252865 0 0.345208 0.344902 0.0570262 
0.595196 0.291843 0 0 0.112961 
0.26432 0.526454 0.209226 0 0 
0.34452 0.238244 0.175856 0.241379 0 
0 0 0.472503 0.416201 0.111296 
0 0.621192 0 0.296127 0.0826808 
0.165652 0.370468 0 0 0.46388 
0.200474 0.146441 0.263414 0.252448 0.137223 
0.32559 0 0.283446 0.390964 0 
0.444506 0 0 0 0.555494 
0.286104 0.111999 0.181218 0.181037 0.239642 
0 0.135098 0.366277 0.316422 0.182203 
0.3468 0.316518 0.336682 0 0 
0 0.503744 0.127668 0.368588 0 
0 0.525775 0.0751521 0.399073 0 
0 0 0.0964402 0.466302 0.437258 
0 0.351644 0.2984 0.256825 0.0931311 
0 0.413086 0.380214 0 0.2067 
0.717711 0 0 0.282289 0 
0.125904 0.363005 0 0.300334 0.210757 
0.271974 0.45414 0 0.273886 0 
0.318078 0 0.193475 0.206852 0.281595 
0 0 1 0 0 
0.170713 0.0977355 0.292724 0.242202 0.196625 
0 0.417724 0.0904375 0.491838 0 
0 0.488444 0.511556 0 0 
0.20662 0.25895 0.35094 0.18349 0 
0.277164 0.287222 0.139124 0.296491 0 
0.246841 0.467663 0.0589021 0 0.226593 
0 0.25601 0.365871 0.378119 0 
0.189419 0.210943 0.426166 0 0.173471 
0.133609 0.199474 0.365718 0 0.301199 
0.511003 0 0 0 0.488997 
0.0965553 0 0 0 0.903445 
0.303274 0.200577 0.49615 0 0 
0 0.408374 0.306394 0.285233 0 
0.155533 0.210054 0 0.558668 0.0757443 
0.432032 0.201434 0 0 0.366535 
0.208768 0 0.333049 0.287975 0.170208 
0.234252 0.192188 0.144954 0.20575 0.222856 
0.758816 0 0.241184 0 0 
0 0.31886 0.228341 0 0.452799 
0 0 0.680614 0.319386 0 
0 0 0 0.321494 0.678506 
0.352528 0.071358 0.367334 0.0935522 0.115228 
0 0 0 0 1 
0 0 0.490367 0.509633 0 
0 0.122291 0.698483 0.179226 0 
0.281803 0.162853 0 0.087533 0.467812 
0.216973 0.0925512 0 0.297501 0.392975 
0.195154 0.231552 0.385592 0.0613055 0.126397 
0 0.440719 0.393548 0.165734 0 
0.274485 0 0.174122 0.16075 0.390643 
0 0.559822 0 0 0.440178 
0.234023 0.243762 0.256817 0.208218 0.05718 
0.258375 0 0.212512 0.243758 0.285355 
0.0988349 0.520981 0 0 0.380184 
0.209348 0.207808 0.288654 0.29419 0 
0.502459 0 0.497541 0 0 
1 0 0 0 0 
0.378445 0.164365 0.267474 0 0.189716 
0 0 0 0 1 
0.249201 0 0 0.28506 0.465739 
1 0 0 0 0 
0.269603 0.259409 0.273579 0.163747 0.0336625 
0.440222 0.268402 0 0 0.291376 
0.356011 0.202969 0 0 0.44102 
0.230415 0.409711 0 0.359874 0 
0.23192 0.183708 0.352086 0.182483 0.0498044 
0.414458 0.0994192 0.426622 0.0595008 0 
0 0 0 1 0 
0.596378 0 0.20508 0.198542 0 
0 0.354809 0.645191 0 0 
0 0.106113 0 0.749171 0.144715 
0 0.191297 0.236994 0.306458 0.265251 
0 0.312229 0.687771 0 0 
0 0.783741 0 0.216259 0 
0 0.121923 0.18391 0 0.694167 
0.274262 0.725738 0 0 0 
0 0 0.129455 0 0.870545 
0.237101 0.239871 0.247145 0.275884 0 
0 0.771553 0.228447 0 0 
0.329787 0.277189 0.129524 0.2635 0 
0 0.754221 0.15147 0.0943083 0 
0 0.309505 0 0.33735 0.353145 
0.357618 0 0 0.186233 0.456149 
0.496103 0 0 0.355429 0.148467 
1 0 0 0 0 
0.322745 0 0.399651 0.158232 0.119372 
0 0 0.53954 0 0.46046 
0 0 0.224505 0.775495 0 
0 0 0.455299 0.351501 0.1932 
0.525271 0.345017 0 0 0.129712 
0.31696 0 0.68304 0 0 
0 0.21444 0.0716096 0.526845 0.187105 
0 0 0 1 0 
0.308686 0 0.391372 0.299942 0 
0 0 0.344273 0.552869 0.102858 
0 0 1 0 0 
0.224743 0.184621 0.278336 0.0622337 0.250067 
0.332527 0 0.140817 0.187432 0.339224 
0 0 0.50105 0 0.49895 
0.238353 0.252867 0.154278 0.305894 0.0486081 
0.272168 0.226593 0.0402021 0.212382 0.248656 
0 0.116747 0.116537 0.271849 0.494867 
0.105185 0.334377 0 0.343273 0.217164 
0 0.183575 0.543654 0 0.272771 
0.318156 0.308492 0 0.373351 0 
0 0 0.485588 0.514412 0 
0 0 0.344277 0 0.655723 
0.31045 0.182076 0.163711 0.343762 0 
0.555694 0.444306 0 0 0 
0.372793 0.315687 0 0 0.31152 
0.215793 0.159911 0 0.230046 0.39425 
0 0.341441 0 0 0.658559 
0.184256 0 0.815744 0 0 
0 0.199703 0.312412 0.0692086 0.418676 
0.173286 0.299556 0.30127 0.225888 0 
0 0 0 1 0 
0.447483 0 0.406361 0 0.146157 
0.734687 0 0 0 0.265313 
0 0 0.748451 0.251549 0 
0.595868 0.109776 0.0973525 0 0.197003 
0.418263 0 0 0.269459 0.312278 
0.116381 0.162277 0.721341 0 0 
0.280914 0 0.329578 0.0729194 0.316588 
0 0 0.465126 0.534874 0 
0 0.342476 0 0.414982 0.242542 
0.331402 0.668598 0 0 0 
0.189911 0.562242 0 0.247847 0 
0.185682 0 0.190399 0 0.623919 
0 0 0.559913 0.440087 0 
0 0.55275 0.199512 0.247738 0 
0.465719 0 0 0 0.534281 
0.0689229 0.138465 0.213523 0.495268 0.0838205 
0 0.608495 0.239784 0 0.151722 
0 0 0.109138 0.890862 0 
0.67176 0.32824 0 0 0 
0.755296 0 0 0 0.244704 
0.250136 0 0.544464 0.2054 0 
0.124494 0.245527 0.157837 0.214492 0.25765 
0.311552 0 0.165154 0.157196 0.366099 
0 0.78377 0.21623 0 0 
0.44614 0.495908 0 0.0579515 0 
1 0 0 0 0 
0 0 0.651664 0.348336 0 
0.179772 0 0.326118 0 0.49411 
0 0 0.521773 0.478227 0 
0.0816049 0.300892 0 0.323307 0.294196 
0 0.299489 0 0.331062 0.369449 
0 0 0.722528 0.111625 0.165847 
0 0.430808 0.11052 0.127705 0.330968 
0.280772 0 0 0.719228 0 
0.0965738 0.118007 0.382355 0.270818 0.132246 
0 0 0 0.504464 0.495536 
0.111611 0.413123 0.316334 0 0.158933 
0 0.565266 0 0.434734 0 
0 0 0.227816 0.448047 0.324136 
