5 150
0.735883
0.549777
0.425373
0.70416
0.344545
11.4113 0.305974
11.022 0.157014
10.6594 0.498859
10.4197 0.713533
10.2993 0.596819
9.55989 0.815967
9.42248 1.064
9.32309 1.09953
9.05562 0.221639
8.98649 0.224372
8.81953 0.566907
8.54834 0.172135
8.41772 1.48157
8.40887 0.633867
8.31974 1.47277
8.21084 1.25894
8.19991 1.19511
8.01245 1.10248
7.6986 0.479731
7.27608 2.33882
7.24517 2.54164
7.16684 0.546537
7.13682 1.37368
7.11854 1.77542
7.11764 2.35579
7.10224 0.261405
7.00541 1.63354
6.98414 0.911725
6.97422 1.88282
6.88133 1.25776
6.86901 0.922271
6.74681 1.68166
6.73219 2.03599
6.37747 1.82628
6.32963 1.4596
6.17581 2.30571
5.926 2.37171
5.8998 1.46069
5.60143 2.79774
5.58114 3.16352
5.4087 3.50818
5.36393 2.08152
5.31404 2.90718
5.24477 2.44115
5.20647 2.91376
5.20305 2.30281
5.12965 3.75586
5.06664 3.82753
5.06088 3.12424
4.83346 2.19186
4.79984 3.34637
4.76234 2.47586
4.68145 3.00252
4.60354 3.25661
4.39617 2.89279
4.18614 3.2873
4.14131 3.66401
4.05874 2.73375
3.86152 4.52905
3.74871 3.48673
3.73 3.4827
3.72788 4.03178
3.61518 4.33442
3.61203 3.39926
3.60131 4.80569
3.59324 4.4159
3.54202 2.87229
3.5364 3.39278
3.4935 3.71106
3.41573 4.49379
3.3057 3.8222
3.22705 4.23394
3.22215 3.66495
3.13192 4.49751
3.0513 4.04965
2.91702 3.97801
2.8138 5.21749
2.77237 5.78688
2.61706 4.7066
2.4937 4.3365
2.3969 5.67824
2.37806 4.92706
2.32422 5.49885
2.29181 6.84104
2.17631 5.62135
1.99709 5.72013
1.89072 6.07905
1.87433 5.66317
1.74407 4.50383
1.57452 5.45776
1.56472 4.49859
1.54698 5.24454
1.53731 6.75184
1.41428 6.12206
1.35071 6.07394
1.34806 6.30187
1.31814 5.67079
1.27908 4.74933
1.27129 5.4221
1.2477 5.15334
1.20692 5.26518
1.19424 4.70025
1.16478 7.86646
1.12659 6.61698
1.06626 6.66008
1.05149 8.06917
1.01378 7.68368
1.01213 5.23285
0.999139 7.82483
0.907909 8.72696
0.887132 7.04198
0.873184 6.28328
0.843334 8.21708
0.759263 7.33363
0.723665 7.80425
0.703563 7.52625
0.684292 7.86889
0.63294 7.88678
0.609996 7.06737
0.585946 5.73901
0.55902 6.85008
0.55384 8.49282
0.473346 8.60739
0.448329 7.39994
0.392493 9.7712
0.352561 9.29934
0.307984 6.65826
0.304583 7.28286
0.301546 7.83497
0.263967 10.0071
0.194188 8.391
0.18268 8.77641
0.182462 7.81556
0.162066 6.57342
0.151598 8.90004
0.146548 9.18171
0.14456 10.2139
0.12416 10.3694
0.0872222 8.28733
0.0816801 7.81143
0.0568663 9.61941
0.0267115 9.42073
0.0240956 8.31703
0.0238587 8.90552
0.0208251 7.5915
0.0150364 8.80614
0.00874656 8.97762
0.00707672 9.7713
0.00701306 8.34662
0.00535889 10.2875
1 0 0 0 0 
0 1 0 0 0 
0.586951 0.413049 0 0 0 
0 1 0 0 0 
0 0 1 0 0 
0 0 0.356861 0.150079 0.49306 
0 0 0.551726 0 0.448274 
0 1 0 0 0 
0 0 0 0 1 
0 0 0 1 0 
0 0 0.223172 0 0.776828 
0 0 0 1 0 
0 0 0 1 0 
1 0 0 0 0 
0 0.88621 0.11379 0 0 
0 1 0 0 0 
0 0 0 1 0 
0 1 0 0 0 
0 0 0 1 0 
1 0 0 0 0 
0 0 0 0 1 
0 1 0 0 0 
0 0 0 1 0 
0 0 0 1 0 
0.609459 0 0 0 0.390541 
0 1 0 0 0 
0.728858 0.271142 0 0 0 
1 0 0 0 0 
0 0 1 0 0 
0.266265 0 0 0.639205 0.0945305 
0 0 0 0 1 
0 1 0 0 0 
0 0 0.7392 0 0.2608 
0.37582 0 0.62418 0 0 
0 1 0 0 0 
0 1 0 0 0 
0 0 0 1 0 
0 0 0 1 0 
0 1 0 0 0 
0 0 0 0 1 
0.484133 0.18256 0 0.333307 0 
0 1 0 0 0 
0 1 0 0 0 
0 1 0 0 0 
0 1 0 0 0 
0 0 0 1 0 
0 0 0 0 1 
0 0 0 0 1 
0 0 1 0 0 
0 0 1 0 0 
0 1 0 0 0 
0 0 0 0 1 
0 0.25146 0 0.74854 0 
1 0 0 0 0 
0 0.181677 0 0.818323 0 
0 1 0 0 0 
0 1 0 0 0 
0 0 0 1 0 
0.186404 0 0 0 0.813596 
0 0 1 0 0 
1 0 0 0 0 
0 1 0 0 0 
1 0 0 0 0 
0 0 1 0 0 
0 0 0.876182 0 0.123818 
0 0 1 0 0 
0 0 0 0 1 
1 0 0 0 0 
0 1 0 0 0 
0 0 1 0 0 
0 1 0 0 0 
0.567902 0 0 0 0.432098 
0 1 0 0 0 
0.323213 0 0.676787 0 0 
0 0 1 0 0 
0 1 0 0 0 
0 0 0 0 1 
0 0 1 0 0 
1 0 0 0 0 
0 0 0 1 0 
0 0 0 0 1 
1 0 0 0 0 
0 0 0 0 1 
0 0 1 0 0 
0.761392 0.238608 0 0 0 
0 0 0 1 0 
0 0 0 0 1 
0 0 0 0 1 
0 0 0 0 1 
0 0 1 0 0 
0 0 0 0 1 
0 0 0 1 0 
0 0 1 0 0 
0 0 0 1 0 
1 0 0 0 0 
0 1 0 0 0 
0 0 0 0 1 
0 0 0 1 0 
0.675476 0 0.324524 0 0 
0 0 0 0 1 
0 1 0 0 0 
1 0 0 0 0 
1 0 0 0 0 
0 1 0 0 0 
0 1 0 0 0 
0 0 1 0 0 
0 0 1 0 0 
0 0 0 0 1 
0 0 1 0 0 
0 0 1 0 0 
1 0 0 0 0 
0 0 1 0 0 
0 1 0 0 0 
0 0 0 0 1 
0 0 1 0 0 
0 0 1 0 0 
0 0 1 0 0 
0 0 0 0 1 
0 0.582488 0 0.417512 0 
0.301782 0 0 0.205535 0.492682 
0 0 0 0 1 
0 0.460469 0 0.539531 0 
0 0 0.383921 0 0.616078 
0.102398 0 0.897602 0 0 
0 0 0 1 0 
0 0 1 0 0 
0 0 0 0 1 
0 0 0 0 1 
0 1 0 0 0 
1 0 0 0 0 
0 0 1 0 0 
0 0 1 0 0 
0.514224 0 0 0.485777 0 
0 0.287966 0.712034 0 0 
0 0 1 0 0 
1 0 0 0 0 
0 1 0 0 0 
1 0 0 0 0 
0 1 0 0 0 
0 0 0 1 0 
0 0 0 1 0 
0 0 0 0 1 
0 1 0 0 0 
0 0 0 0 1 
0 0 0 1 0 
1 0 0 0 0 
0 0 1 0 0 
1 0 0 0 0 
1 0 0 0 0 
0 0 0 1 0 
