5 150
0.587306
0.349811
0.712691
0.683363
0.311998
11.4802 0.336716
11.0286 0.189242
10.9886 0.53351
10.1044 0.228077
9.51042 1.08478
9.30941 0.110902
9.16519 0.280306
9.03297 1.03373
8.52903 0.989789
8.47657 1.38787
8.14125 0.493445
8.10298 2.21245
7.73924 1.95007
7.59469 1.87456
7.40112 0.54531
7.19605 2.06697
7.15936 1.924
7.15132 1.00617
7.07611 0.813618
6.90098 1.05945
6.84639 0.929367
6.73194 1.0085
6.67311 2.08415
6.64524 3.20071
6.6204 1.21873
6.51499 1.95182
6.36639 1.40895
6.22694 2.95424
6.20891 2.79807
6.18977 1.15615
6.15104 2.66949
5.73947 2.82609
5.65525 2.25335
5.57823 2.74582
5.39383 3.22942
5.33976 3.79436
5.23941 2.31163
5.07694 3.27188
5.02818 2.45023
4.96477 3.3803
4.9627 2.70804
4.9083 4.4939
4.47154 3.16826
4.43893 3.40324
4.36918 4.28744
4.31124 2.57797
4.2241 3.04262
4.21408 4.01933
4.16573 3.0748
3.95586 3.29306
3.92804 2.93603
3.9273 5.41619
3.87595 2.70517
3.77309 4.07616
3.63251 3.7845
3.58195 4.742
3.55728 5.43217
3.4923 3.60306
3.45192 4.36214
3.24971 4.01086
3.2076 3.73375
3.14371 5.57497
2.86328 3.6738
2.69972 4.43032
2.6335 3.90748
2.61029 4.67227
2.48799 4.29025
2.31806 5.56897
2.23954 5.96073
2.15366 4.27584
2.13226 6.66898
2.11592 6.27699
2.10192 5.12168
1.97133 5.54718
1.95614 5.8555
1.94344 4.82906
1.9428 5.02469
1.93324 4.01935
1.91354 4.93002
1.8647 5.65229
1.86282 4.63956
1.8231 6.20427
1.54027 5.46532
1.51194 7.04113
1.42125 5.96556
1.40784 7.22683
1.39567 5.546
1.39101 6.99058
1.29282 5.66285
1.27697 5.70084
1.17947 6.7565
1.14158 8.56314
1.13516 5.26466
1.13439 6.01576
1.0781 7.15277
0.983892 6.85843
0.930398 5.85999
0.768981 6.84592
0.754236 8.66061
0.744212 7.33108
0.697399 8.35728
0.583899 7.30223
0.577116 8.70659
0.56284 5.58053
0.562532 6.45589
0.562279 7.04373
0.556772 6.82492
0.51834 8.31323
0.514947 5.81833
0.494789 6.39024
0.488793 7.55284
0.435891 9.8952
0.435801 8.60661
0.38743 7.65297
0.356308 9.51575
0.2831 7.56688
0.263163 6.83223
0.245728 8.6616
0.23051 9.79198
0.22765 8.10126
0.226925 9.6576
0.224574 8.39985
0.215978 9.46869
0.212759 9.02816
0.2047 6.84058
0.204054 7.32656
0.177797 7.59615
0.133095 8.16734
0.113091 10.9404
0.0967235 7.84711
0.0890329 6.99846
0.088779 9.70834
0.0846314 9.6787
0.0832942 8.39942
0.0355128 11.1257
0.0344412 8.36103
0.0328565 8.55132
0.0216255 10.2101
0.0206147 7.93719
0.0196442 11.5163
0.0179312 9.97086
0.0145942 10.9462
0.0142039 10.051
0.0105959 10.6743
0.00965013 11.9774
0.00392363 11.1902
0.0036491 11.1179
0.00325034 11.2449
0.00220975 8.53882
0.00171 11.3122
0 0.499871 0.167006 0.333124 0 
0 0 0 0 1 
0.300133 0 0 0.351174 0.348694 
0.183282 0.262621 0.238528 0 0.315569 
0.217325 0.0688026 0 0.344091 0.369782 
0 0.272279 0.492699 0 0.235022 
0.179376 0.407206 0.413418 0 0 
1 0 0 0 0 
0.440159 0 0.340955 0 0.218886 
0 0 0.707982 0.292018 0 
0 0.350381 0.649619 0 0 
0 1 0 0 0 
0 1 0 0 0 
0 0 0 0.761934 0.238066 
0.0912301 0 0.196138 0.342218 0.370414 
0 0.83346 0 0.16654 0 
0 0.300123 0.226713 0.169493 0.303672 
0 0.220095 0.28066 0 0.499246 
0.422963 0.122986 0 0.454051 0 
0.342087 0 0 0 0.657913 
1 0 0 0 0 
0.252389 0.747611 0 0 0 
0 0.262856 0 0 0.737144 
0.760414 0 0 0 0.239586 
0 0.374214 0.625786 0 0 
0 0.202843 0.249314 0.234272 0.313572 
0 0 0 1 0 
0.366423 0 0.295272 0 0.338305 
0.676154 0 0.323845 0 0 
0.154095 0 0.330499 0 0.515406 
0 0.352986 0 0.256946 0.390068 
0.523253 0 0.27154 0 0.205207 
0.427424 0.572576 0 0 0 
0 0 1 0 0 
0.102957 0.152352 0.393118 0.351573 0 
0.194943 0 0 0 0.805057 
0.360117 0 0 0 0.639883 
0.20425 0.543834 0 0.251916 0 
0.360349 0.196628 0 0.443023 0 
0.29937 0.324118 0 0.376513 0 
0 0.452578 0 0.280475 0.266947 
0.563356 0.204316 0 0.232327 0 
0 0 0.108157 0.358329 0.533514 
0 0.304417 0.454545 0 0.241037 
0 0 1 0 0 
0.230399 0.245884 0.274724 0 0.248993 
0 0.555145 0.444855 0 0 
0 0.323796 0.676204 0 0 
0 0 0.352587 0 0.647413 
0 0 0.72034 0 0.27966 
0.639472 0.247737 0 0.112791 0 
0.382238 0.617762 0 0 0 
0.139322 0 0.533217 0 0.327461 
0 0.544575 0.311832 0 0.143593 
0 0 0.365051 0.364175 0.270774 
0 0 1 0 0 
0 0.491347 0.329483 0 0.17917 
0.310304 0.198242 0.116391 0.234187 0.140877 
0 0 0.745641 0.254359 0 
0.29274 0.356482 0 0 0.350778 
0.48082 0.51918 0 0 0 
0.328996 0.233012 0.437992 0 0 
0 0.370789 0.629211 0 0 
0.300485 0 0 0.357552 0.341963 
0 0.335006 0 0.282503 0.382491 
0 0.413324 0 0 0.586676 
0.359456 0.432278 0 0 0.208267 
0 0 0.700536 0 0.299464 
0 0 0 1 0 
0.188311 0.811689 0 0 0 
0.259335 0 0.349038 0 0.391627 
0.105653 0 0 0.247225 0.647123 
0.313148 0.345484 0.341367 0 0 
0.295615 0.300073 0 0.404312 0 
0 0 0 0 1 
0 0 0.737047 0 0.262953 
0 0 0 0 1 
0 0.753475 0 0 0.246525 
0.308873 0 0 0 0.691127 
0 0 0 0.447419 0.552581 
0 0 0 0 1 
0.348471 0.338419 0 0.313109 0 
0.182765 0.279534 0 0.537701 0 
0 0.396012 0 0.332353 0.271635 
0.219242 0 0.434154 0.174197 0.172407 
0.639883 0.360117 0 0 0 
0 0 0.272755 0.727245 0 
0.208519 0 0.455951 0 0.335531 
0 0 1 0 0 
0.373406 0 0.157349 0.469245 0 
0 0.27595 0.237336 0.26494 0.221774 
0.313932 0.242044 0.185309 0 0.258714 
0 0 0 1 0 
0 0 0 1 0 
0 1 0 0 0 
0 0 0 0.369411 0.630589 
0 1 0 0 0 
0 0 0.603791 0 0.396208 
0.214682 0 0.502531 0 0.282787 
0 0 0.557325 0 0.442675 
0 0.455039 0.0685723 0 0.476389 
0 0 0 0.65111 0.34889 
0 0.702841 0 0 0.297159 
0 0.235341 0.375381 0.155195 0.234083 
0 1 0 0 0 
0.20976 0 0.589999 0 0.200241 
0.31646 0.282584 0.057508 0 0.343448 
0.672663 0 0.204013 0.123324 0 
0.246042 0.193767 0.117349 0.281513 0.161329 
0 0.383324 0.27914 0.337536 0 
0.800256 0 0 0.199744 0 
0.443558 0 0.496486 0 0.0599564 
0 0.383107 0.328098 0.288794 0 
0.442263 0.557737 0 0 0 
0 0 0.25569 0.387617 0.356693 
0.204137 0.343315 0.307854 0.144694 0 
0 0.612072 0 0.387928 0 
0.443103 0 0.182562 0.0878927 0.286442 
0 0.273782 0 0.18224 0.543978 
0 0.716605 0.283395 0 0 
0.457253 0 0.542747 0 0 
0 0 0 0.667228 0.332772 
0.848439 0 0 0.151561 0 
0.376464 0 0 0.623536 0 
0 1 0 0 0 
0 0 0.394246 0.605754 0 
0 0.336174 0.250444 0.413382 0 
0 1 0 0 0 
0 0.17407 0 0.32234 0.503591 
0 0.282003 0.502941 0 0.215057 
0.258667 0 0.166109 0.186514 0.388709 
0 0.229351 0.153377 0.222356 0.394915 
0 0 0.761069 0.238931 0 
0.433224 0 0 0.213668 0.353108 
0.342597 0.657403 0 0 0 
0 0.508966 0 0 0.491034 
0 0.38061 0 0 0.61939 
0.26436 0.224821 0.284741 0.226078 0 
0.316403 0.417172 0 0 0.266425 
0.634428 0 0 0.108347 0.257224 
0.538041 0.461959 0 0 0 
0.311099 0.688901 0 0 0 
1 0 0 0 0 
0.409414 0 0.312163 0 0.278423 
0.210462 0.426878 0.36266 0 0 
0 0 0 0.351613 0.648387 
0.0623084 0 0.364182 0.160702 0.412808 
0.473326 0.207954 0 0 0.31872 
0 0.467294 0 0 0.532706 
0 0.45651 0 0 0.54349 
