5 200
0.362354
0.361332
0.499672
0.363132
0.634381
11.5093 0.270967
10.764 0.578296
10.396 0.247808
10.1511 0.639716
10.1046 0.834644
9.91325 0.679937
9.82846 1.26323
9.58857 0.492205
8.89701 0.64031
8.72836 1.44576
8.42386 0.381997
8.34033 0.288944
8.2896 1.9969
8.2741 0.305096
8.24972 0.21868
8.13607 1.52795
7.92589 1.51115
7.88108 0.197814
7.81951 2.29511
7.77553 2.06206
7.7663 0.829432
7.76553 0.833477
7.72468 0.145257
7.67997 0.505782
7.65993 0.679711
7.5007 2.48054
7.44032 0.852418
7.34503 1.12161
7.24972 0.220789
7.1565 2.40117
6.92254 1.91142
6.91938 1.24525
6.90532 1.18608
6.68006 1.70573
6.62806 1.06787
6.21652 3.25826
6.21592 2.00169
6.07566 1.83414
6.04591 1.85071
5.93106 3.25952
5.87217 2.18159
5.84258 1.67649
5.82496 3.34354
5.76985 1.98402
5.69001 2.09097
5.64107 1.19202
5.63671 1.59089
5.54667 2.90269
5.53195 2.41496
5.42521 2.11443
5.32307 2.24474
5.29598 2.00832
5.26106 3.30097
5.14102 2.70801
5.1174 2.24133
5.09497 3.18451
4.81321 4.31137
4.80633 2.40306
4.76514 3.69917
4.71402 3.81889
4.64195 4.0771
4.55825 3.3752
4.54827 2.70949
4.54255 3.18286
4.4752 2.78842
4.38088 3.88886
4.37913 4.40078
4.3195 3.95684
4.28074 2.33108
4.1947 2.62513
4.0993 2.4906
4.0899 3.06673
4.08515 4.49121
3.98034 3.08746
3.87516 3.44243
3.85411 4.72972
3.82848 3.87912
3.76974 3.91751
3.76476 3.60123
3.7403 3.47696
3.71807 4.47019
3.46076 4.27752
3.45196 3.81742
3.2247 4.30313
3.18172 3.82438
3.10013 3.76939
3.07128 4.7669
3.02933 6.04468
2.95865 5.34231
2.88185 3.6833
2.82199 6.34201
2.8034 5.28922
2.79008 4.16873
2.7175 4.37419
2.65185 5.0175
2.6516 4.44947
2.65009 4.30202
2.63004 4.43686
2.47286 5.47164
2.44128 6.25231
2.33998 5.02425
2.33239 5.78112
2.31669 4.4902
2.26067 4.60046
2.21327 5.80313
2.15276 5.0845
2.08307 5.05381
2.07147 5.9704
2.05822 4.29552
2.02237 6.43383
1.92098 5.16291
1.77668 5.78702
1.77521 5.36031
1.7457 4.55155
1.68352 6.5887
1.62691 5.46146
1.5188 7.49791
1.45546 7.06114
1.42482 5.99427
1.39236 6.31948
1.38491 5.08385
1.31232 6.6588
1.30309 6.0759
1.27847 7.24543
1.21698 6.36782
1.19988 5.26808
1.19445 5.06923
1.17587 8.35635
1.09382 5.64189
1.07762 5.06794
1.02297 6.57
1.00769 6.44606
1.00438 8.00256
0.956459 5.98962
0.928123 7.8683
0.926625 6.42711
0.918929 5.78564
0.91234 6.09212
0.846957 8.05209
0.839115 8.10323
0.729948 8.23152
0.723855 8.74207
0.70121 7.76945
0.676863 8.23572
0.625568 8.97772
0.620531 8.82108
0.613465 8.27414
0.582132 7.16516
0.559319 7.25488
0.556254 7.83533
0.551099 6.3797
0.548751 8.0513
0.545962 9.41111
0.535668 8.28072
0.533905 6.40025
0.515001 7.39375
0.512308 6.60749
0.505864 6.90959
0.50203 5.90069
0.490498 9.25727
0.482753 7.23444
0.44718 7.60499
0.431059 9.76603
0.430829 6.30747
0.362101 8.50413
0.354636 10.1166
0.345732 9.0781
0.330309 10.4348
0.275408 7.52589
0.274219 6.60405
0.272652 10.0483
0.266419 9.21117
0.258522 8.52679
0.193892 7.65925
0.19155 6.80129
0.184795 8.84659
0.163176 7.64394
0.160213 8.51855
0.158878 7.69998
0.14981 6.69884
0.147415 10.0661
0.121956 10.6758
0.114561 10.4264
0.113896 10.335
0.0952408 10.6692
0.0947081 10.9309
0.0573911 7.14847
0.0501967 7.48212
0.0483653 8.33255
0.0445187 9.27122
0.0444665 10.9173
0.042907 8.8848
0.041108 8.1775
0.0301072 8.74959
0.0285675 11.574
0.0245273 9.04251
0.0236971 7.63296
0.0147659 7.32644
0.0139499 8.62577
0.00855478 10.7698
0.255373 0.107718 0.310991 0 0.325918 
0.167087 0.114586 0.46359 0 0.254737 
0 0 0 0 1 
0.221059 0.451747 0 0 0.327194 
0 0.441686 0.558314 0 0 
0.426789 0 0 0.388909 0.184302 
0.421505 0.359861 0.218634 0 0 
0.799389 0 0.200611 0 0 
0.267855 0.439701 0 0.292444 0 
0 0.256447 0.302571 0 0.440982 
0.327475 0 0.100167 0.199323 0.373035 
0 0 0.323001 0.676998 0 
0 0 0.337435 0.308728 0.353837 
0.302006 0 0.31392 0.187875 0.196199 
0.238695 0 0.372089 0 0.389216 
0 0 0.29653 0.509836 0.193635 
0 0.157606 0.239742 0.307681 0.294971 
0.5761 0 0.4239 0 0 
0.330366 0 0 0.669634 0 
0 0.350936 0.137661 0.23688 0.274522 
0 0.432244 0 0 0.567756 
0.2614 0.17274 0.301366 0.18905 0.0754446 
0.553244 0 0 0 0.446756 
0 0 0.315244 0.357211 0.327545 
0 0.411574 0.0694147 0.268017 0.250994 
0.447699 0.143557 0 0.408744 0 
0 0.0664921 0.306983 0.484108 0.142417 
0 0.169698 0 0.830302 0 
0.113174 0.378689 0.397104 0 0.111033 
0 0.218376 0.477676 0 0.303948 
0.557203 0 0 0 0.442797 
0.264754 0 0.210666 0.231862 0.292718 
0.269586 0.293397 0 0 0.437017 
0 0 0.512667 0 0.487333 
0.702875 0 0 0.297125 0 
0.657103 0 0 0 0.342897 
0.246427 0.372365 0.0902824 0.133999 0.156928 
0 0.369413 0.241434 0.389153 0 
0 0.411934 0 0.202866 0.3852 
0 0 1 0 0 
0 0 1 0 0 
0.387109 0.201104 0.411787 0 0 
0 0.685758 0.314242 0 0 
0.190274 0.0869064 0.513363 0 0.209457 
0.157058 0.0734226 0.135114 0.366443 0.267962 
0.58918 0 0.0755609 0 0.335259 
0 0.186774 0.154768 0.658458 0 
0 0 0.388776 0.611224 0 
0 0 1 0 0 
0.201511 0.165455 0.260198 0.129979 0.242857 
0.107414 0.602325 0 0 0.290261 
0.322193 0.256612 0.110277 0.113632 0.197286 
0 0.157234 0 0.842766 0 
0.201614 0.120261 0.254822 0.199049 0.224254 
0.305492 0.160681 0.148388 0.385439 0 
0.164263 0.61243 0 0 0.223307 
0.261816 0.312306 0 0.347632 0.078246 
0 0 0 0.377571 0.622429 
0 0.446264 0.305559 0.248177 0 
0.384203 0.431803 0 0 0.183994 
0.684725 0 0 0.315275 0 
0.181709 0.20278 0 0 0.61551 
0.464842 0.319436 0 0.113694 0.102027 
0.171225 0.0537025 0 0.48329 0.291783 
0.312677 0.133325 0 0.220953 0.333046 
0 0.392115 0.224168 0.0685719 0.315145 
0.421705 0.172896 0 0.167964 0.237436 
0.311097 0 0.527626 0.161278 0 
0.593223 0 0.406777 0 0 
0 0 0 0.463574 0.536426 
0 0 0.241348 0 0.758652 
0 0.209145 0.245714 0.545141 0 
0.519036 0.287749 0.193215 0 0 
0.282718 0 0.36293 0 0.354352 
0.297204 0 0.302828 0.206121 0.193848 
0.0429131 0.267758 0.168837 0.258092 0.2624 
0.0992664 0.731506 0 0.169227 0 
0.152116 0.657299 0 0 0.190585 
0 0.192499 0 0.128667 0.678834 
0.19646 0.189382 0.275553 0.338605 0 
0 0 0 0.801814 0.198186 
0.289188 0.197978 0.0842679 0 0.428566 
0 0.437248 0.161689 0 0.401064 
0 0.197129 0.41977 0.217736 0.165365 
0 0.325625 0.149621 0.242364 0.282391 
0.222212 0.204979 0.345812 0.226997 0 
0.267493 0.732507 0 0 0 
0 0 0 1 0 
0 0.680836 0 0.319164 0 
0.182024 0.477278 0 0 0.340698 
0.44644 0 0.495327 0.0582335 0 
0 0.433635 0 0 0.566365 
0.345777 0 0 0.557024 0.0971988 
0 0.303958 0.696042 0 0 
0.251312 0.316043 0 0.432645 0 
0.368586 0 0.138795 0.49262 0 
0 0.222295 0.335679 0.442026 0 
0.565056 0.129495 0 0.30545 0 
0 0 0 1 0 
0.118243 0 0.553535 0.0809531 0.247269 
0.103743 0.302246 0.0526566 0.351862 0.189493 
0.218812 0.365749 0.143864 0 0.271575 
0.212937 0.257674 0.529389 0 0 
0.0794872 0.143607 0.433958 0.342948 0 
0 0.358689 0 0.641311 0 
0 0 0 0 1 
0 0 0 0.476542 0.523458 
0 0 0 0.513488 0.486512 
0.217323 0.212698 0.189192 0.21979 0.160997 
0.548405 0.248682 0 0.202912 0 
0.678083 0 0.321917 0 0 
0 0.0603993 0.111454 0.342268 0.485879 
0 0 0.572273 0 0.427727 
0.234336 0.658818 0 0.106846 0 
0 0 0.332685 0 0.667315 
0.246569 0 0.513302 0 0.240129 
0.224338 0.32283 0 0.148544 0.304288 
0 0.261618 0.289524 0.390491 0.058367 
0.13071 0.86929 0 0 0 
0 0 0 0.465208 0.534792 
0.281375 0 0.376517 0.342107 0 
0.135778 0.118227 0.26467 0.108899 0.372426 
0 0.29974 0 0.367576 0.332683 
0 0 0.74613 0 0.25387 
0.300591 0 0 0.402365 0.297043 
0.19114 0 0.0699474 0.382452 0.356461 
0.0679143 0.0749659 0.319995 0.107003 0.430122 
0 0.463583 0 0.200869 0.335548 
0 0.569025 0.430975 0 0 
0.328493 0 0.329979 0 0.341529 
0.273656 0.27412 0 0.452224 0 
0 1 0 0 0 
0.421977 0 0.578023 0 0 
0.239062 0 0.159407 0.388312 0.213218 
0.513899 0.146427 0 0.239818 0.0998556 
0 0.362837 0.329491 0 0.307671 
0.276133 0.227758 0 0.228077 0.268032 
0 0.254007 0.568341 0.177652 0 
0 0.356094 0.526326 0 0.117581 
0.242415 0.0847456 0.247937 0.424902 0 
0.491916 0.508084 0 0 0 
0.0668872 0.213945 0.426066 0 0.293102 
0 0.168822 0.423927 0 0.407252 
0 0.403899 0.355482 0.0973442 0.143275 
0.187467 0.292989 0.246684 0 0.27286 
0 0 1 0 0 
0.115089 0.212484 0 0.193526 0.478901 
0 0 0 0 1 
0 0 0 1 0 
0.206115 0.401335 0 0.320311 0.0722387 
0.329606 0.186152 0 0 0.484243 
0 0 0 1 0 
0 0.342816 0.294932 0.362252 0 
0.130185 0.301327 0 0.264772 0.303717 
0.422061 0.209409 0.247515 0.121014 0 
0 0.257353 0 0.742647 0 
0.1603 0.204448 0 0.307013 0.328239 
0 0 0.861101 0.138899 0 
0.53866 0 0 0.151564 0.309776 
0.390795 0 0.0977345 0 0.511471 
0.0958149 0.244883 0.244941 0.152261 0.2621 
0.247765 0.185051 0.353398 0 0.213786 
0 0.270122 0.729878 0 0 
0.740574 0 0.259426 0 0 
0.205146 0.358399 0.349192 0 0.0872624 
0.286723 0.713277 0 0 0 
0 0 0.432137 0.567863 0 
0.515535 0 0 0.484465 0 
0.324 0.186329 0.187154 0.129347 0.173171 
0.404524 0 0.24688 0 0.348597 
0 0.784548 0.215452 0 0 
0.42916 0.212782 0.358058 0 0 
0.417543 0 0 0.582457 0 
0.173951 0 0.304645 0.220144 0.30126 
0.146475 0.363063 0 0.330369 0.160093 
0.385335 0.430286 0 0 0.184379 
0 0.454623 0.545377 0 0 
0.42884 0 0.57116 0 0 
0.270562 0.213501 0.515937 0 0 
0.277132 0 0.332377 0.25528 0.13521 
0 0.298438 0.261516 0.145905 0.294141 
0.239108 0 0.317681 0 0.44321 
0.289236 0.321603 0 0 0.389161 
0 0 0 0.36308 0.63692 
0 0 0.577422 0.422578 0 
0 0.395515 0.377774 0 0.226711 
0.25356 0.247029 0.49941 0 0 
0.331741 0.31664 0 0 0.351618 
0.372562 0.132539 0.210304 0 0.284594 
0 0 0.349875 0 0.650125 
0.347868 0 0 0.128336 0.523796 
0.832704 0 0 0.167296 0 
0 0.477908 0 0.266374 0.255718 
0.318228 0.149423 0 0.251171 0.281179 
0.299989 0.215367 0.484644 0 0 
0.295924 0.135536 0.199533 0 0.369007 
0 0.122884 0 0.877116 0 
0 0 0.208583 0.791417 0 
0.389566 0 0.17468 0.130473 0.305281 
0.228115 0 0 0 0.771885 
