5 100
0.443167
0.345553
0.654462
0.464438
0.71971
9.50334 0.943539
8.87895 1.29113
8.71165 0.737963
8.61437 0.536838
8.54787 1.24007
8.53245 0.910175
8.4504 1.30293
8.11504 1.74617
8.01729 1.05784
7.47592 2.03221
7.45071 1.60014
7.38387 1.28029
7.33542 1.76572
7.3349 0.537215
7.12919 1.95856
7.03037 0.789666
7.01475 1.52524
6.95099 0.386355
6.64765 1.91053
6.45002 2.1141
6.23207 1.2711
6.17529 1.2265
6.15668 1.24578
6.03082 2.03624
5.80422 2.33785
5.80398 2.25876
5.78328 1.72506
5.60401 2.94743
5.39706 3.00026
5.39666 1.38867
5.35418 2.98066
5.20028 2.3897
5.16058 2.53779
5.04825 2.70435
4.76624 2.84225
4.75597 3.81181
4.6582 3.06069
4.36746 4.39566
4.34204 2.27637
3.9903 3.81228
3.83297 4.78216
3.77408 4.09921
3.70926 3.74717
3.66029 3.29236
3.53038 4.81495
3.43601 4.10594
3.40493 4.2414
3.32113 3.94085
3.30026 4.69385
3.26939 5.69722
3.19341 3.16267
3.09828 3.97484
2.84047 3.72673
2.78815 4.15895
2.78391 4.27115
2.68227 5.01325
2.52189 3.69565
2.4813 4.4217
2.27219 3.78417
2.26277 5.08747
2.23214 4.14732
2.19056 4.26586
2.17708 4.9927
2.16918 6.11422
2.05784 5.93137
2.05592 5.63615
1.94479 6.83763
1.80784 7.26362
1.56502 6.94267
1.41638 5.47034
1.39275 4.81389
1.29572 7.32532
1.14977 6.77143
1.08871 7.2583
1.07068 6.4851
0.847071 8.04069
0.83072 5.38933
0.704542 7.33214
0.539571 7.92867
0.442177 6.03372
0.391555 9.91575
0.380557 5.8644
0.367044 7.70038
0.329971 8.15971
0.303482 9.02723
0.234715 10.6548
0.179392 9.74827
0.127849 6.86764
0.113533 9.40588
0.109443 7.87876
0.10143 7.14953
0.0614268 10.2595
0.0606126 11.3046
0.0541467 7.55395
0.0535923 8.33108
0.0338149 8.55531
0.0263209 9.49389
0.0202964 10.55
0.0160342 9.80531
0.004703 12.0867
0 0 0 0.429393 0.570607 
0.621063 0.378937 0 0 0 
0.602465 0.397535 0 0 0 
0.134414 0.432364 0 0.433221 0 
0.239737 0.0657189 0 0.365911 0.328634 
0.339771 0.272641 0.221654 0 0.165934 
0.580951 0 0.419049 0 0 
0 0 0.528891 0 0.471109 
0 0 0.339364 0.361253 0.299383 
0 0 0 0.371958 0.628042 
0.656164 0 0 0.22894 0.114895 
0.257768 0 0 0.477048 0.265185 
0.463638 0.0822415 0 0.12019 0.33393 
0.575564 0 0 0 0.424436 
0.37365 0.535418 0.0909323 0 0 
0 0.288173 0.312544 0.0700858 0.329197 
0.453554 0.396775 0.149671 0 0 
0.478249 0 0.521751 0 0 
0 0 1 0 0 
0.198583 0.197153 0 0.346727 0.257537 
0 0.459425 0 0.540575 0 
0 0.159146 0.336326 0.414017 0.0905108 
0 0 0.429325 0.41537 0.155305 
0.318613 0.463533 0 0.217855 0 
0.517286 0.482714 0 0 0 
0.160773 0.483375 0 0 0.355852 
0.432565 0 0.227885 0 0.339549 
0 0.495089 0 0.346286 0.158625 
0.479613 0.277005 0 0 0.243382 
0 0.36403 0 0.210366 0.425604 
0 0.470789 0 0.529211 0 
0.0961167 0.815173 0 0 0.0887102 
0 0.410125 0 0.376823 0.213052 
0 0.63214 0 0 0.36786 
0 0 0 1 0 
0.388145 0 0.348781 0 0.263074 
0 0.389811 0.253379 0 0.35681 
0.129132 0 0.654412 0 0.216457 
0.508822 0.248942 0 0 0.242236 
0.349053 0.296473 0.354475 0 0 
0.449111 0.550889 0 0 0 
0 0 1 0 0 
0 0 0.643963 0 0.356037 
0.280383 0.310745 0 0.125464 0.283407 
0.421706 0 0 0.578294 0 
0 0 0 1 0 
0.625573 0 0.249202 0 0.125225 
0.0831873 0.51311 0.403703 0 0 
0 0.251573 0.257553 0.490874 0 
0 0.0592311 0.405704 0.198098 0.336966 
1 0 0 0 0 
0 0 0 1 0 
0.322733 0 0 0.276008 0.401259 
0.428759 0 0.171813 0 0.399428 
0 0 0 0.469039 0.530961 
0 1 0 0 0 
0.376089 0 0.62391 0 0 
0 0.435529 0.435248 0.129223 0 
0 0 0 0 1 
0.312893 0.512617 0.17449 0 0 
0.495362 0 0 0.504638 0 
0 0 0 0 1 
0.263077 0.610867 0 0.126056 0 
0.351889 0 0.393697 0.167109 0.0873049 
0.392751 0.607249 0 0 0 
0 0.501853 0.41402 0.0841274 0 
0.671308 0 0 0 0.328692 
0 0.269007 0.109268 0.303026 0.318699 
0 0 0.324906 0.529456 0.145638 
0.155855 0.327903 0.13733 0.378911 0 
0 0 0 0 1 
0 0 1 0 0 
0.750191 0.249809 0 0 0 
0 0 0.197748 0.142677 0.659575 
0 0.363322 0.636678 0 0 
0 0 1 0 0 
0.783946 0 0.216054 0 0 
0 0.3286 0.317121 0.354279 0 
0.234543 0.362164 0.163536 0.239757 0 
0 0 0.677934 0.322066 0 
0 0.185043 0.814957 0 0 
0.313893 0.0571821 0.470802 0 0.158123 
0.400491 0 0 0.599509 0 
0.32924 0 0 0.325072 0.345688 
0 0.611421 0 0 0.388579 
0.514788 0.485212 0 0 0 
0 0.405253 0 0.514741 0.0800061 
0.464289 0 0 0.133009 0.402702 
0 0 0 0 1 
0 0 0 1 0 
0 0 0 0.193502 0.806498 
0.846442 0 0 0.153558 0 
1 0 0 0 0 
0.518116 0 0 0.249963 0.231921 
0 0 0.335277 0 0.664723 
0.212552 0.169617 0 0 0.617831 
0 0 0.71409 0 0.28591 
0.182255 0.817745 0 0 0 
0.422437 0.084472 0.415062 0 0.0780287 
0 0 0 0.540367 0.459633 
