5 50
0.741409
0.479408
0.264328
0.308992
0.538034
12.1568 0.098147
11.7324 0.293734
11.0878 0.539612
9.7104 0.704739
8.88308 1.35019
8.379 1.02723
8.20033 2.04099
7.97361 1.09443
7.63794 2.18132
7.44146 1.23924
6.97419 1.50931
6.92083 1.23778
5.0783 2.68451
5.03322 2.55189
4.99761 2.36237
4.98778 3.39078
4.98074 3.41464
4.82752 2.06659
4.30431 4.13274
4.227 2.81335
4.04048 4.63946
3.8503 4.32862
3.29536 4.27953
2.90771 3.87647
2.54505 5.33514
2.03322 4.63164
1.9956 4.99719
1.96283 6.83415
1.81263 6.10582
1.72918 4.34499
1.65382 6.63823
1.38416 5.35412
1.32207 7.01856
1.27685 5.38323
1.06876 7.05757
1.03917 7.99465
0.772717 7.69701
0.68008 7.48139
0.674074 5.79107
0.628775 7.55191
0.611496 8.91601
0.604007 7.34695
0.358147 8.43508
0.296231 7.35377
0.286028 8.88868
0.190116 9.41395
0.0603051 11.4243
0.0327542 10.3813
0.0236913 7.46156
0.0229848 8.45096
0 0 0 1 0 
0 1 0 0 0 
0 0 1 0 0 
0 0 1 0 0 
0 0 0.647355 0 0.352645 
0 0 0 0.595985 0.404015 
0 0.463694 0.536306 0 0 
0 0 1 0 0 
0 0 1 0 0 
1 0 0 0 0 
0.207698 0.480935 0.0789784 0.232388 0 
0 0 0 0 1 
0 0 0.326786 0.673214 0 
0 1 0 0 0 
0 0.87709 0.12291 0 0 
1 0 0 0 0 
0 0 0.348692 0 0.651308 
0 0 0 1 0 
0.667265 0.332735 0 0 0 
0 0 0 0.147194 0.852806 
0.27823 0.164361 0 0.557409 0 
0 0 0.380731 0 0.619269 
0 0.144391 0.855609 0 0 
0 0 0 1 0 
0 0 0 0 1 
0 1 0 0 0 
0 0.310585 0.689415 0 0 
0 0 0 0 1 
1 0 0 0 0 
0.432226 0 0 0 0.567774 
0 0 0 0 1 
0.511132 0 0 0 0.488868 
0 1 0 0 0 
0.841467 0.158533 0 0 0 
0 0 0 0.199164 0.800836 
0 0.505822 0 0.494178 0 
0 1 0 0 0 
0 0 0.373647 0 0.626353 
0 0 0 0.792227 0.207773 
0 1 0 0 0 
0 0 1 0 0 
0 0 1 0 0 
0 1 0 0 0 
0 1 0 0 0 
0.536142 0 0 0.463858 0 
0 0 0.14147 0.85853 0 
0 0 0 0 1 
0 1 0 0 0 
1 0 0 0 0 
0 0 1 0 0 
