5 50
0.59051
0.263504
0.670042
0.311312
0.642483
11.0343 0.183948
8.93826 1.15125
8.25818 1.36791
7.96418 1.48194
6.62403 1.12244
6.58053 1.05857
6.05561 1.99399
4.58315 3.07981
4.54407 2.5559
4.39206 2.66149
4.24591 3.88649
4.20366 4.33097
4.01399 2.91182
3.72826 5.39173
3.63551 4.33789
3.42448 5.21358
3.26491 4.59795
2.94281 5.36442
2.70325 4.27178
2.67166 5.09641
2.36342 4.93788
2.19906 5.3443
1.97523 6.6778
1.94854 4.2865
1.90302 5.88596
1.82071 5.36406
1.62028 6.48751
1.59886 5.74785
1.28744 5.64913
1.28012 5.1161
1.24128 6.92776
1.09442 6.64788
1.05974 8.19996
1.01099 6.19308
0.996001 7.31603
0.979935 7.76871
0.88966 6.98697
0.884703 7.93122
0.689482 8.92965
0.672255 8.00715
0.557333 5.83789
0.464841 8.60367
0.433161 9.26231
0.330543 7.46022
0.223302 10.1312
0.0797583 9.0259
0.0306928 7.82004
0.0215827 10.6568
0.0207282 10.8126
0.00197369 11.8626
0.550224 0 0 0.449776 0 
0.551368 0 0 0.448632 0 
0.641613 0 0 0 0.358387 
0.541079 0 0 0.339117 0.119804 
0 0 0 0.482954 0.517046 
0 1 0 0 0 
0 0.292053 0 0.707947 0 
0 0 1 0 0 
0 0 0 0.217965 0.782035 
0 0.350362 0.649638 0 0 
0 1 0 0 0 
0.801367 0 0 0 0.198633 
0 0.696538 0 0 0.303462 
0.628713 0 0 0.371287 0 
0 0 0.418678 0.581322 0 
0 0.356232 0 0 0.643768 
0.610332 0 0 0.389668 0 
0 1 0 0 0 
1 0 0 0 0 
0.676521 0 0.323479 0 0 
0.86799 0.13201 0 0 0 
0.549863 0 0 0 0.450138 
0 0 0 0 1 
0.0692528 0.132565 0.299056 0.286054 0.213072 
0.259455 0.740545 0 0 0 
0 0 0 0.872113 0.127887 
0 0.246184 0 0.204859 0.548957 
0 0 0.471281 0 0.528719 
0 0 0 0.409647 0.590353 
0 0 0 1 0 
0 0.333282 0 0.135518 0.5312 
0 0.0469585 0.260017 0.392174 0.300851 
0.597567 0.171649 0.230784 0 0 
0 0.64642 0 0 0.35358 
0 0 0.438506 0.154461 0.407033 
0 0 0 0.317967 0.682033 
0.17334 0 0.40205 0 0.42461 
0.427598 0.572402 0 0 0 
0 0 1 0 0 
0 0 0.174624 0.241889 0.583487 
0 0 0 1 0 
0 0.255829 0.744171 0 0 
0 0.644054 0 0.355946 0 
0 0.124068 0 0 0.875932 
0.442481 0 0.557519 0 0 
0 0 0 1 0 
0 1 0 0 0 
0 0 1 0 0 
0 0.58835 0.41165 0 0 
0 0 0.185779 0 0.814221 
