5 200
0.477653
0.578013
0.703581
0.565195
0.460395
10.3565 0.142458
10.3411 0.53407
9.92837 0.129528
9.85184 0.464317
9.63024 0.456699
9.48809 0.250135
9.42447 0.508863
8.94699 0.448566
8.7204 0.425867
8.52062 1.05427
8.38539 0.549053
8.15004 1.02313
8.07281 0.295606
7.86469 0.801902
7.82037 0.932945
7.78506 1.54705
7.76453 0.383512
7.51572 1.26404
7.37026 0.527829
7.24852 0.913371
7.24171 0.727399
7.22883 1.3152
7.029 2.64123
6.99109 0.988998
6.83203 1.69245
6.82234 1.67188
6.80173 1.87405
6.67025 2.12238
6.59901 0.789725
6.41317 1.40763
6.25367 0.958429
6.22551 2.30382
6.03523 1.25495
5.76496 2.58043
5.66069 2.34837
5.65524 1.68158
5.6023 2.49076
5.56557 2.81364
5.41684 2.27215
5.33195 3.40808
5.30788 2.07255
5.27882 2.27682
5.24718 3.58923
5.0789 2.15141
5.01649 1.60502
4.83586 2.46368
4.83425 2.58373
4.78295 2.50567
4.7141 2.69739
4.61971 3.41943
4.44631 4.42801
4.21281 3.84247
4.18606 4.94977
4.11408 4.11629
4.11109 3.41205
4.05901 2.97021
3.90618 3.95566
3.84643 4.13233
3.75252 4.53568
3.74761 4.27167
3.61493 3.49623
3.60002 3.91837
3.45156 2.96781
3.41871 4.36836
3.3393 5.72293
3.29779 5.6576
3.22676 3.67186
3.17362 3.98337
3.10535 3.90574
3.0225 5.68134
3.00644 5.8915
2.90359 3.59646
2.8822 4.04524
2.83612 4.46549
2.7997 3.93023
2.77602 4.86796
2.77279 4.89163
2.75493 5.02761
2.73769 5.37083
2.73451 5.0572
2.73176 3.8883
2.71091 3.8527
2.71029 3.87799
2.67763 3.34772
2.67423 5.51662
2.64997 4.97841
2.60997 4.80105
2.60141 6.43426
2.54654 4.8875
2.42959 5.72585
2.40213 5.96214
2.3993 4.05013
2.38115 3.66886
2.36287 6.32406
2.34145 5.32779
2.3327 4.20812
2.26517 5.01978
2.25514 4.86374
2.2495 6.38554
2.16779 4.64812
2.11138 4.56132
2.107 4.29798
2.08029 6.42143
1.78239 6.1348
1.77835 4.41734
1.76916 5.61141
1.71531 6.5109
1.70724 5.85057
1.64575 4.87835
1.62652 5.92229
1.55033 6.38219
1.52743 5.99857
1.50535 7.24181
1.38067 4.95927
1.35092 6.00303
1.34928 7.44099
1.33342 6.72331
1.33298 6.45434
1.32607 4.99205
1.31448 5.08085
1.261 5.54667
1.24392 6.68744
1.21704 5.32643
1.13494 4.84905
1.11132 5.24044
1.0855 5.57689
1.04153 8.42868
0.9711 6.87894
0.936994 7.46853
0.917066 7.08786
0.911845 6.33066
0.905115 7.27531
0.869634 6.16697
0.869005 8.73348
0.85076 5.87669
0.813254 6.99022
0.804926 5.67489
0.790074 6.92058
0.749784 6.006
0.657516 8.53586
0.643052 5.76985
0.636047 8.57646
0.625854 8.67108
0.604014 6.78693
0.535773 8.65965
0.530768 7.47016
0.5222 8.88186
0.518779 6.27149
0.502984 7.17614
0.417243 6.79765
0.417137 7.28893
0.409352 8.52706
0.389309 6.58885
0.339154 8.46459
0.310739 9.62302
0.309505 9.04469
0.290309 6.52536
0.270752 10.0611
0.261664 6.29991
0.241519 6.78529
0.213578 6.59426
0.21209 8.04221
0.208216 9.08362
0.207188 8.83576
0.206982 6.70451
0.186045 8.53291
0.175375 9.02945
0.166026 8.04837
0.148869 7.24176
0.145771 9.51633
0.139763 7.19375
0.135073 8.76338
0.112962 9.28219
0.112559 6.9024
0.110905 10.8843
0.10929 9.58686
0.10298 8.35145
0.0989392 10.6857
0.097417 7.04087
0.0929451 8.93618
0.0918812 10.9097
0.0860853 10.6357
0.0729197 7.82034
0.0587535 8.2437
0.0544359 9.47434
0.0537026 11.3777
0.0403108 9.79985
0.0357241 11.58
0.0333894 8.73613
0.0309541 8.05363
0.0225127 7.557
0.0181536 10.0879
0.0167769 10.4637
0.0160531 11.8622
0.014139 9.18041
0.0113201 7.31545
0.0073429 11.971
0.0072125 11.2769
0.00487423 9.89444
0.0047048 10.3878
1 0 0 0 0 
0.321893 0 0.353654 0.324453 0 
0.247646 0.162343 0.218263 0.0734993 0.298249 
0 0 0.752297 0.247704 0 
0.474089 0 0.098865 0.427045 0 
0.226641 0.152002 0.298057 0.3233 0 
0 0 0.4596 0 0.5404 
0.314985 0.367823 0 0 0.317192 
0.192799 0.159458 0.359083 0 0.28866 
0.208402 0.402886 0 0 0.388712 
0 1 0 0 0 
0.474652 0 0 0 0.525348 
0 0.726045 0 0 0.273955 
0.654332 0 0 0 0.345668 
0.592521 0 0.407479 0 0 
1 0 0 0 0 
0 0.543558 0 0 0.456442 
0 0 0.617853 0.382147 0 
0 0 1 0 0 
0 1 0 0 0 
0.34641 0.110848 0.161312 0.256924 0.124505 
0 0 0.717179 0.282821 0 
0 0.518584 0.481416 0 0 
0 0 0.386781 0 0.613219 
0.417287 0 0.159735 0.422978 0 
0.225972 0.243556 0.231206 0.236961 0.0623056 
0 0 0.750581 0 0.249419 
0 0 0.575953 0.424047 0 
0.127032 0.46478 0.181621 0 0.226567 
0 0.508173 0 0 0.491827 
0.161623 0.117465 0.720912 0 0 
0 1 0 0 0 
0.426452 0.573548 0 0 0 
0 0 0 1 0 
0.419035 0 0 0.321737 0.259228 
0 0 0 1 0 
0.378343 0.31773 0.303927 0 0 
0 0 0 0.363718 0.636282 
0 0 0 0.437519 0.562481 
0.32027 0.67973 0 0 0 
0 0.316169 0.68383 0 0 
0 0 0.799428 0.200572 0 
0 0.472706 0 0.527294 0 
0.311848 0 0.176129 0.512022 0 
0 0 0 1 0 
0 0 0.46223 0 0.53777 
0.124863 0.123427 0.52314 0 0.22857 
0.320208 0.376975 0.101367 0 0.20145 
0.562322 0.145798 0 0 0.291879 
0.34091 0 0.65909 0 0 
0.376012 0 0 0.0996487 0.524339 
0.346777 0 0 0.653223 0 
0.439372 0.560628 0 0 0 
0 0.517557 0 0.482443 0 
0.843805 0.156195 0 0 0 
0.272963 0 0 0.575921 0.151116 
0.525829 0.337494 0 0 0.136677 
0 0.479162 0.520838 0 0 
1 0 0 0 0 
0.772442 0.227558 0 0 0 
0.153015 0.193285 0.27927 0.213895 0.160535 
0 0.331008 0.370936 0.298056 0 
0 0 0.601093 0.398907 0 
0 0.425961 0 0.574039 0 
0 0 0 0.720933 0.279067 
0 0.465566 0 0.37054 0.163894 
0.257139 0 0.742861 0 0 
0 0.76897 0.23103 0 0 
0.226767 0.114484 0.30033 0.123775 0.234643 
0 0.404024 0.321878 0 0.274097 
0.140786 0.102635 0 0.44116 0.315419 
0.329555 0 0.0673403 0.603105 0 
0 0.19787 0.0680715 0.316421 0.417638 
0 0 0 1 0 
0.234537 0 0.765463 0 0 
0 0 0.40076 0.59924 0 
0.337908 0 0 0.2045 0.457592 
0.658144 0 0 0 0.341856 
0.346733 0.653267 0 0 0 
0 1 0 0 0 
0.603212 0 0 0.396788 0 
0.777606 0.222394 0 0 0 
0.123003 0.451079 0 0.425918 0 
0.292801 0.270417 0 0.436782 0 
0 0.433019 0.566981 0 0 
0.248374 0.751626 0 0 0 
0.823945 0 0.176055 0 0 
0 0 0.50112 0.49888 0 
0.210555 0 0.121867 0.423926 0.243653 
0.194244 0.805756 0 0 0 
0 0 0 0 1 
0.476987 0.137511 0.0833161 0.302186 0 
0.38398 0 0.17392 0.4421 0 
0 0.610901 0.207331 0 0.181768 
0.259039 0.136983 0.0555195 0.313185 0.235273 
0.491469 0 0.508531 0 0 
0.469534 0 0.259846 0 0.27062 
0 0.315426 0.09661 0.33303 0.254935 
0.181638 0 0.318821 0 0.499541 
0.224488 0 0.775512 0 0 
0.395116 0 0.154815 0.45007 0 
0.436482 0.153565 0 0 0.409953 
0.449747 0 0.550253 0 0 
0.468244 0.531756 0 0 0 
0.240492 0.276551 0 0.271329 0.211629 
0.078359 0.597492 0.192065 0.132084 0 
0 0.456297 0.157379 0.386324 0 
0.367007 0 0.191761 0.441232 0 
0 1 0 0 0 
0 0.616154 0 0.130382 0.253464 
0 0.294898 0.705102 0 0 
0.427928 0 0 0.572072 0 
0.0733594 0.295433 0.146787 0.48442 0 
0.39641 0.0855718 0 0.209215 0.308803 
0 0 0 1 0 
0 0.630288 0 0 0.369711 
0.185524 0 0.334323 0.480154 0 
0 0 0.251077 0.748923 0 
0 0 0 0.702507 0.297493 
0.176672 0.341988 0.103753 0.377587 0 
0.267181 0.47955 0 0.253269 0 
0 0 1 0 0 
0.363406 0 0.14608 0.104982 0.385532 
0.522025 0 0 0.477975 0 
0 1 0 0 0 
0 0.580395 0 0.419605 0 
0 0.490929 0 0.509071 0 
0 0 0.599022 0.400978 0 
0.103874 0.332513 0.339528 0 0.224085 
0 0 0.352673 0.391261 0.256066 
0.733494 0 0 0 0.266506 
0 0.250536 0.362485 0.38698 0 
0 0 0 0 1 
1 0 0 0 0 
0.25925 0 0.22759 0.51316 0 
0.643199 0.133205 0.223597 0 0 
0.423763 0 0.576237 0 0 
1 0 0 0 0 
0.224181 0.160675 0.066186 0.17065 0.378308 
0.186553 0 0 0.47355 0.339897 
0 0.201115 0.377368 0.421517 0 
0.0920741 0.237406 0.369756 0.0783164 0.222448 
0 0 0.40944 0 0.59056 
0 0.603463 0.194796 0.201741 0 
0 0 0.419247 0.422062 0.158691 
0 0 0.243905 0.756095 0 
0.160218 0 0 0.479037 0.360745 
0 0 0 0 1 
0.0691795 0.109066 0 0.382289 0.439465 
0 0.253705 0 0 0.746295 
0 0.810168 0.189832 0 0 
0.500209 0 0.107871 0.211396 0.180524 
0 0.109899 0.660626 0 0.229474 
0 0.226962 0.461761 0.311277 0 
0 0.367386 0 0 0.632614 
0 0 0.727527 0.272473 0 
0 0 0.465869 0 0.534131 
0.693841 0 0 0.153981 0.152178 
0 0.418659 0.215281 0 0.36606 
0 0.247269 0.308975 0.443755 0 
1 0 0 0 0 
0 0.741188 0 0.258812 0 
0 0.650783 0.349217 0 0 
0.0939866 0.262803 0.263058 0.380152 0 
0.151948 0.848052 0 0 0 
0.547282 0 0 0.28657 0.166149 
0.354741 0.330543 0.314716 0 0 
0.546731 0 0.183223 0 0.270046 
0 0.542005 0 0.457995 0 
0.337506 0 0.331966 0 0.330528 
0.725599 0 0 0.274401 0 
0 0.508858 0.491142 0 0 
0.371985 0 0.194188 0 0.433827 
0 0 0.752954 0.247046 0 
0 0.333008 0.357058 0.309934 0 
0.259218 0 0 0.493425 0.247357 
0.181613 0 0 0.818387 0 
0 0 0.364142 0 0.635858 
0 0.354759 0 0.368689 0.276552 
0 0 1 0 0 
0.478165 0 0 0.27794 0.243894 
0.19499 0 0 0 0.80501 
0.478132 0 0 0.310598 0.21127 
0 0.183698 0.234378 0.383006 0.198918 
0 0 0 1 0 
0 0.764964 0.235036 0 0 
0 0.420804 0.377183 0.202014 0 
0 0 0.799022 0 0.200978 
0 0 0.390532 0.150446 0.459022 
0 0 0.363882 0.50542 0.130698 
1 0 0 0 0 
0 0 0.449655 0 0.550345 
0 0 0.793316 0.206684 0 
0.193382 0.45395 0.352669 0 0 
1 0 0 0 0 
1 0 0 0 0 
0.256036 0.281786 0.301332 0.160846 0 
0 0.442758 0.273421 0.283821 0 
0 0.744555 0.255445 0 0 
0 0 1 0 0 
