5 50
0.521752
0.652448
0.395329
0.388478
0.613536
11.666 0.193331
9.9097 0.41592
7.93987 1.45198
7.83481 0.307753
7.5231 0.719588
7.36594 2.03008
6.55416 2.62303
6.30542 1.7318
6.24116 1.30105
5.80272 1.95461
5.78392 1.83581
5.67807 2.76783
5.47066 4.06302
5.30759 4.15992
4.51813 2.45703
4.45044 3.05301
4.16039 3.92118
3.43663 5.36896
3.42452 3.88335
3.3087 4.42367
3.0467 4.63048
3.03072 4.10902
2.86664 4.69083
2.80399 5.37751
2.20339 4.67998
2.16459 4.65586
2.16152 6.24627
2.07283 5.5203
1.89416 5.42011
1.80207 5.8688
1.73084 5.87179
1.609 6.41212
1.57547 7.05264
1.34494 7.99036
1.28818 5.13015
1.17015 5.46036
1.15336 7.07545
1.11531 6.33582
0.856242 5.03597
0.774446 9.20023
0.694066 6.25073
0.511645 8.51202
0.458543 7.56611
0.428646 8.32144
0.098976 9.4904
0.0661832 11.3342
0.0436685 10.8068
0.0244051 8.1378
0.00993792 11.2688
0.00336235 11.207
0 0.447582 0.552417 0 0 
0.111648 0.391053 0.331492 0 0.165807 
0 0 0.234581 0.765419 0 
0.503052 0.496948 0 0 0 
0.277245 0.156473 0 0 0.566282 
1 0 0 0 0 
0 0.138773 0.286925 0 0.574302 
0 0 0.361915 0.470165 0.167919 
0.60786 0 0 0 0.39214 
0.0867837 0.219964 0.42053 0 0.272722 
0.589159 0 0 0 0.410841 
0 0 0 0.313295 0.686705 
0 0 0.280881 0 0.719119 
0 0.298535 0.491371 0 0.210094 
0 0.33293 0.564916 0 0.102155 
0.521537 0 0 0 0.478463 
0.174716 0 0.699053 0 0.126231 
0 0 0.441174 0.432943 0.125883 
0.165049 0.372852 0 0 0.462099 
0 0.487925 0.195112 0 0.316963 
0 0.36052 0.359403 0.280077 0 
0.384853 0 0.135814 0.380549 0.0987847 
1 0 0 0 0 
0.384384 0.255625 0 0 0.359991 
0 0.24448 0.561883 0.193637 0 
0.306792 0 0.693208 0 0 
0.146278 0 0.431091 0.422632 0 
0 0.118224 0.394331 0.326793 0.160652 
0 0.551327 0 0.448673 0 
0.344803 0 0 0.312386 0.342811 
0 0.116265 0.544562 0.339174 0 
0 0.649315 0 0 0.350685 
0.278753 0.0516821 0.241655 0.120006 0.307904 
0 0.622023 0.377977 0 0 
0 0 1 0 0 
0 0 0.542195 0 0.457805 
0.498268 0 0 0.380279 0.121453 
0.466202 0.413891 0 0 0.119907 
0.753897 0 0 0 0.246103 
0 0.332704 0 0.298844 0.368452 
0 1 0 0 0 
1 0 0 0 0 
0 0 0 0.682258 0.317742 
0.100584 0 0.593046 0.306369 0 
0 0 0.337373 0.565267 0.0973606 
0 0 0.367583 0.632417 0 
0 1 0 0 0 
0.39775 0.60225 0 0 0 
0 0 1 0 0 
0.154723 0.483766 0 0.361511 0 
