5 200
0.526945
0.58908
0.533224
0.688376
0.586623
10.3789 0.324928
10.2728 0.908894
10.154 0.895544
10.0655 0.607592
9.97014 0.269179
9.78892 0.503028
9.74142 0.254299
9.54294 0.638111
9.35565 0.836844
9.27457 1.00551
9.19626 0.54014
9.01122 0.249454
8.43297 0.915205
8.42967 0.116541
8.30953 1.41058
8.25194 1.06716
8.20195 1.06984
8.18111 1.45537
8.12377 0.466432
8.07234 0.53977
7.96074 1.01939
7.93046 1.78292
7.89633 0.962802
7.83474 0.660158
7.72096 1.79276
7.70318 1.52282
7.62766 1.23527
7.61295 1.36986
7.44129 0.716423
7.20191 0.567096
7.17141 1.42799
7.17062 1.79774
7.00226 1.80886
6.86981 1.29923
6.80017 1.41944
6.65679 2.06652
6.63737 2.01655
6.63686 1.92509
6.50682 2.34233
6.37994 1.48491
6.37481 2.60509
6.22241 2.04656
6.18273 2.39564
6.14565 1.95448
6.11671 1.76494
6.04708 2.1368
6.0097 1.33935
5.98819 3.27439
5.8063 2.69175
5.67231 1.15298
5.64626 1.96534
5.64404 2.62045
5.62625 2.24079
5.5996 1.39656
5.45828 2.58053
5.41561 2.33993
5.31428 1.63971
5.14569 3.20519
5.06537 1.67185
5.05199 3.1104
4.91481 4.18811
4.79001 2.45465
4.73654 2.1307
4.71138 2.26206
4.61322 4.34528
4.35949 2.75023
4.30272 3.87864
4.26263 2.92682
4.23881 4.50803
4.1879 4.49011
4.13539 2.93117
4.09394 4.53352
4.07575 3.53103
4.00529 2.26279
3.95226 2.48809
3.77912 2.89722
3.75755 4.04838
3.73346 5.05809
3.71151 3.0387
3.68634 3.1646
3.67127 3.38771
3.63063 3.40258
3.57878 4.64131
3.56951 5.114
3.54813 4.10909
3.51156 3.19419
3.45076 4.2794
3.42891 3.96494
3.42019 4.40989
3.40693 5.09535
3.37239 3.90739
3.29132 3.11153
3.09871 3.78846
3.08578 3.76951
3.08212 5.19723
2.95413 4.19668
2.94037 3.29594
2.9222 5.98108
2.91087 3.84915
2.88591 3.08845
2.79918 5.08396
2.71053 3.5825
2.70542 4.08226
2.68937 4.31369
2.61251 5.55942
2.53691 5.40565
2.4775 5.64806
2.26506 4.36386
2.11711 6.29237
2.10158 6.36094
2.08947 7.12726
2.08244 5.07592
2.01384 6.20071
1.97563 6.7243
1.96188 6.71839
1.94545 4.04517
1.93545 6.59866
1.91565 4.69997
1.88092 6.06748
1.84772 5.66065
1.83713 5.75881
1.82232 6.44871
1.80666 6.56689
1.76005 5.03632
1.71279 7.36322
1.61722 5.20038
1.57192 5.86873
1.56091 6.98785
1.53318 5.0253
1.48867 6.64344
1.44206 5.58958
1.34829 6.71593
1.31989 6.5462
1.30784 5.393
1.25794 7.43946
1.21444 7.14119
1.19134 6.93092
1.18547 5.54637
1.16828 6.86667
1.11914 7.1117
1.08806 7.05566
1.05033 6.79802
1.01355 7.90305
1.01173 5.50427
1.00548 7.34884
0.992954 8.43347
0.989765 8.41019
0.909356 6.70586
0.892377 5.85988
0.886695 8.37662
0.884788 5.66281
0.872231 8.40013
0.851224 6.81991
0.84013 6.1623
0.780161 7.57743
0.777599 6.62114
0.676241 7.3206
0.638665 5.78869
0.629163 7.57921
0.54596 7.13535
0.536585 6.33618
0.485476 7.23105
0.47095 6.2195
0.434477 9.70481
0.420589 6.78907
0.414637 8.55869
0.358147 8.23731
0.329906 8.40112
0.289421 10.1408
0.274988 8.10125
0.182938 9.72396
0.177471 10.0745
0.138107 7.5379
0.137774 10.1121
0.135086 10.6814
0.129725 11.0951
0.12893 10.1976
0.115734 7.13213
0.112904 6.78015
0.107992 8.62907
0.10047 7.90149
0.097361 9.65892
0.0973381 7.22209
0.0907288 9.6008
0.0832522 6.79879
0.0793163 8.66483
0.0772231 8.25457
0.0750287 8.01384
0.0381499 9.20734
0.0350366 7.94529
0.0306448 9.9221
0.0271428 10.2982
0.0203853 7.94221
0.0203834 9.67754
0.0184889 8.84289
0.00379257 8.71703
0.00237688 10.39
0.00226941 11.9279
0.00194083 7.67125
0.00121344 9.60258
1 0 0 0 0 
0 1 0 0 0 
0 1 0 0 0 
0 0 0 0 1 
0 0 0 0.5486 0.4514 
0 0.166697 0.833303 0 0 
0 1 0 0 0 
0 0 1 0 0 
0 0 0 1 0 
0 0 0 1 0 
0 0 1 0 0 
0 0 1 0 0 
0 0 0.571711 0.428289 0 
0 0 0 1 0 
0 0 0 1 0 
0 1 0 0 0 
0 1 0 0 0 
0 0 0 1 0 
0 0 0 1 0 
0 1 0 0 0 
0 0 0 0 1 
0 0 1 0 0 
0 0 0 0 1 
0.422482 0 0 0 0.577518 
1 0 0 0 0 
0 0 0 0 1 
0 1 0 0 0 
0.276549 0 0.723451 0 0 
1 0 0 0 0 
0 0 1 0 0 
1 0 0 0 0 
0 0 1 0 0 
0 0 0.213068 0.786932 0 
1 0 0 0 0 
0 0 0 1 0 
0 0 0 0 1 
0 0 0 0 1 
0 0 0 1 0 
0 1 0 0 0 
1 0 0 0 0 
0 0 1 0 0 
0 0 0 0 1 
0 0 1 0 0 
0 0 0.567846 0 0.432154 
0 0 0 1 0 
0 0 1 0 0 
0 0 0 0 1 
0 1 0 0 0 
1 0 0 0 0 
0 0 0 0 1 
0 0 1 0 0 
0 1 0 0 0 
1 0 0 0 0 
0 1 0 0 0 
0 0 0 0 1 
0 0.613544 0 0 0.386456 
0 0 1 0 0 
0 0 0 0 1 
0.338615 0.661385 0 0 0 
0 0 0 1 0 
0 0.299298 0 0.372515 0.328186 
0 0 0 1 0 
0 1 0 0 0 
0 0 0 1 0 
0.47902 0 0.52098 0 0 
1 0 0 0 0 
0 0.334381 0 0 0.665619 
0 1 0 0 0 
0 0 1 0 0 
0 0 0 0 1 
1 0 0 0 0 
0 0 1 0 0 
0 0 1 0 0 
0 0 0 1 0 
0 0 0 0 1 
0 0 1 0 0 
0 0 0 1 0 
0 0 1 0 0 
0 1 0 0 0 
0 1 0 0 0 
0 0 0 1 0 
0 1 0 0 0 
0 0 0 0 1 
0 1 0 0 0 
1 0 0 0 0 
0 0 1 0 0 
0.818498 0 0 0.181502 0 
0 0.512969 0 0 0.487031 
0 0 1 0 0 
0 0 0 0 1 
1 0 0 0 0 
0 0.370739 0.629261 0 0 
0 0 0 1 0 
0 0 0 1 0 
0.573607 0 0 0.426393 0 
0 1 0 0 0 
0 1 0 0 0 
0 0 0 1 0 
1 0 0 0 0 
0 0.541208 0 0 0.458792 
1 0 0 0 0 
0.517999 0 0.482002 0 0 
0 0 0 0 1 
1 0 0 0 0 
0 0 0 0 1 
0 0 0 1 0 
0.356018 0.643982 0 0 0 
0 0 1 0 0 
1 0 0 0 0 
1 0 0 0 0 
0.368314 0.631686 0 0 0 
0 0 0 0 1 
1 0 0 0 0 
0 0.560269 0.439731 0 0 
0 0 1 0 0 
0 0 1 0 0 
0 0 0 1 0 
0 0 1 0 0 
0 1 0 0 0 
0 1 0 0 0 
0 0 1 0 0 
1 0 0 0 0 
0 0.463473 0.536527 0 0 
0 0 0 0 1 
0 0 0 1 0 
0 0 0 0.473454 0.526546 
0 0 1 0 0 
1 0 0 0 0 
1 0 0 0 0 
0 0 0 0 1 
0 0 0.389196 0 0.610804 
0.666175 0.333825 0 0 0 
0 0 1 0 0 
1 0 0 0 0 
0 0.421221 0 0.578779 0 
0 0 0 0 1 
0 0.85903 0 0 0.14097 
0 0 1 0 0 
0 0 1 0 0 
0 0 0 0 1 
0 0 1 0 0 
0.899328 0 0 0 0.100672 
0 1 0 0 0 
0 0 0 1 0 
0 0 0 0 1 
1 0 0 0 0 
0 0 0 0 1 
0 0 0 1 0 
0 1 0 0 0 
1 0 0 0 0 
1 0 0 0 0 
1 0 0 0 0 
0 0 0 0 1 
0 0 0 0.276265 0.723735 
0 0 0 0 1 
0 0 1 0 0 
0 1 0 0 0 
0 0.431194 0.568806 0 0 
0 0 0 0 1 
0.663182 0.336818 0 0 0 
0.434605 0 0.565395 0 0 
0 1 0 0 0 
0 0.163107 0 0.836892 0 
0 0.215509 0 0.784491 0 
0 0 0 1 0 
0 1 0 0 0 
0 0 1 0 0 
0 0 0 0 1 
1 0 0 0 0 
0 0 0 1 0 
0 0 0.396776 0 0.603224 
0 1 0 0 0 
0 0 0 0 1 
0 0 1 0 0 
0 0 1 0 0 
0 0 0 1 0 
0 0 0 1 0 
0 1 0 0 0 
0 0.3787 0 0 0.6213 
0 1 0 0 0 
0 0 1 0 0 
0 1 0 0 0 
0 1 0 0 0 
0 0 1 0 0 
0 0 0.520247 0 0.479753 
0 1 0 0 0 
0 1 0 0 0 
0.577462 0.422538 0 0 0 
0 1 0 0 0 
0.835367 0 0 0.164633 0 
1 0 0 0 0 
0 0 0 0 1 
0 0 1 0 0 
0 1 0 0 0 
0 1 0 0 0 
0 0 0 0 1 
0 1 0 0 0 
0 0 0 0 1 
0 0 1 0 0 
0 0 0 0 1 
