5 100
0.36333
0.268235
0.501671
0.332629
0.368748
10.8463 0.595829
10.5148 0.340169
9.84577 0.773719
9.30324 0.555635
9.22819 0.834565
8.74999 1.30596
8.73003 0.958316
8.03539 1.28608
7.96652 1.41799
7.60374 2.74174
7.48559 1.78942
7.37478 2.56647
7.33959 1.21814
6.86475 0.775044
6.8122 2.47888
6.7883 0.709274
6.60852 1.35781
6.31035 2.37804
5.98943 2.18955
5.92276 1.7155
5.83724 1.54897
5.782 2.63194
5.69845 1.35954
5.6439 1.85326
5.43352 3.63141
5.33051 2.83001
5.27025 4.127
5.24085 2.6576
5.17144 2.60509
5.02333 3.44571
4.65811 3.01417
4.57149 2.67465
4.49799 3.91954
4.29357 3.69816
4.24186 3.88399
4.11372 3.31345
4.05195 3.20593
3.83243 3.43038
3.82087 3.25183
3.57058 4.87184
3.50187 3.82079
3.3795 3.60056
3.31799 4.52347
3.30183 3.64178
3.09007 5.12255
3.05943 5.23697
3.04274 4.67886
2.85668 4.57659
2.85005 4.69525
2.64459 4.74975
2.51067 5.95611
2.29614 4.53506
2.27437 6.00724
2.02088 6.43677
1.79086 6.46796
1.69266 7.40208
1.63667 5.45718
1.44282 5.9974
1.26885 5.54647
1.1895 7.00856
1.11558 6.88343
1.09219 7.10923
1.06662 8.48878
0.961345 4.84407
0.917701 5.87966
0.913785 7.08906
0.831711 6.03386
0.818538 7.78545
0.733698 6.43785
0.727052 6.37723
0.715122 8.56192
0.690577 8.56837
0.490555 6.89203
0.385735 8.76767
0.36888 6.23022
0.355366 7.66653
0.347168 7.07914
0.322745 8.09258
0.29819 9.75919
0.282357 6.25032
0.275152 8.81469
0.247481 9.09805
0.199446 8.22359
0.149652 7.8387
0.137416 8.39779
0.107575 9.32793
0.0964991 10.715
0.0956353 8.68676
0.0781857 9.86383
0.0767999 9.5135
0.070709 11.3048
0.0446999 7.71371
0.0243946 9.51688
0.0233889 10.3238
0.0223191 11.2773
0.0207029 7.66552
0.0198758 7.47415
0.00918817 9.14413
0.00251007 8.46098
0.00170986 10.2243
0 0.154409 0.629365 0 0.216226 
0.358645 0.420597 0 0.220758 0 
0 0 0.656633 0 0.343367 
0 0.316059 0 0.473402 0.210539 
0 0 0.410687 0 0.589313 
0 0 0 0 1 
0.174711 0.388888 0.436402 0 0 
0.299554 0 0 0.213407 0.487039 
0.297295 0 0 0 0.702704 
0.797143 0 0 0.202857 0 
0 0 0.206223 0 0.793777 
0 0.355283 0.342656 0.302061 0 
0.289887 0 0.254297 0 0.455817 
0.34156 0.29368 0 0.36476 0 
0 0.138667 0.322337 0.185866 0.353131 
0.141275 0.335524 0.391861 0 0.13134 
0.414689 0 0 0 0.585311 
1 0 0 0 0 
0 0.432503 0 0 0.567497 
0 1 0 0 0 
0.512803 0 0 0 0.487197 
0 0 0.393034 0 0.606966 
0.627719 0 0 0 0.372281 
0 0.121653 0.449877 0.42847 0 
0 0 1 0 0 
0.367311 0.527442 0.105247 0 0 
0 0 0 1 0 
0 0.302913 0.261847 0.256726 0.178514 
0.579214 0 0 0.420786 0 
0 0 1 0 0 
0 1 0 0 0 
0.268452 0 0.191832 0.263441 0.276275 
0 1 0 0 0 
0 1 0 0 0 
0.796628 0 0.203372 0 0 
0 0.203474 0.658938 0.137588 0 
0.156451 0.425342 0 0 0.418207 
0.456438 0 0.543562 0 0 
0 0 0.323105 0.676895 0 
0.247362 0 0 0.752638 0 
0 0.546175 0 0 0.453825 
0 0.416888 0.36194 0 0.221172 
0 0 1 0 0 
0.15364 0.347528 0.283161 0 0.215671 
0 0.437779 0 0 0.562221 
1 0 0 0 0 
0.0894078 0 0.570081 0.340511 0 
0.155198 0.333081 0 0.314919 0.196802 
0.104057 0.262951 0 0.497401 0.135591 
0 0.545674 0 0.205623 0.248703 
0 0 0.25091 0.38332 0.365771 
0 0.101086 0.607421 0 0.291493 
0 0 0.401773 0 0.598227 
0 0 0 1 0 
0.346032 0.118299 0 0.535669 0 
0.169873 0 0.453178 0 0.376949 
0 0 0.419099 0.580901 0 
0.210202 0 0 0 0.789798 
0.415961 0 0.291624 0.292415 0 
0.132995 0 0.303431 0.113571 0.450004 
0 0.272219 0.284938 0.442842 0 
0.246816 0 0.407041 0.346142 0 
0.488086 0 0.0903677 0.153372 0.268174 
0 0.475689 0.316602 0.20771 0 
1 0 0 0 0 
0.151034 0.483264 0.365702 0 0 
0.253264 0 0.236512 0.273959 0.236264 
0 1 0 0 0 
0.262807 0.50491 0.232284 0 0 
0.176975 0 0.16599 0.513073 0.143963 
0 0 0 1 0 
0 0.41393 0.58607 0 0 
0.35203 0.110404 0 0 0.537566 
0 0.527506 0.472494 0 0 
0 0.384503 0.615497 0 0 
0 0 0.288115 0 0.711885 
0 0.680832 0 0 0.319168 
0.669793 0 0 0 0.330207 
0.325053 0.432264 0 0.242683 0 
0.164604 0.201414 0 0.329587 0.304396 
0 0 1 0 0 
0.325748 0 0.44586 0.160754 0.0676383 
0 0.424814 0 0.452781 0.122405 
0.286109 0.234841 0.2736 0.205451 0 
1 0 0 0 0 
0.274255 0 0.725745 0 0 
0 0 0.390937 0 0.609063 
0.510701 0.489299 0 0 0 
0.372128 0 0 0.30317 0.324702 
0.496763 0 0 0 0.503237 
0.291497 0.149059 0.1464 0 0.413044 
0 0.421935 0.578065 0 0 
0 0.536373 0 0 0.463627 
0.50981 0.298288 0 0.191902 0 
0.139042 0.257937 0.28821 0.176138 0.138674 
0.0611458 0.197854 0.364998 0 0.376002 
0 0 1 0 0 
0.160665 0.17862 0.242601 0.418114 0 
0 0.71304 0 0 0.28696 
0 0.540429 0.167301 0 0.292271 
