5 50
0.294231
0.535026
0.687409
0.341431
0.395141
11.2225 0.0837177
10.0436 0.689777
8.33525 1.75317
8.2791 1.0024
7.87585 1.77605
7.43483 0.677876
7.1702 2.72581
6.33613 1.1965
5.58406 1.52028
5.50732 2.66747
5.16027 3.64304
5.12492 2.5995
4.82231 2.31588
4.8151 3.35752
4.23463 3.10273
4.21942 2.17696
3.78483 4.28786
3.73604 3.31239
3.42333 3.44955
3.15219 3.31104
3.01726 3.14923
2.96534 3.00287
2.73259 4.69866
2.70559 5.34327
2.66028 4.76698
2.32134 4.47696
2.12125 3.89326
2.10738 5.19051
1.70157 6.27046
1.55257 6.6642
1.22337 6.58627
1.02321 5.38182
0.964766 8.47978
0.74116 6.31746
0.737531 9.00488
0.578529 7.00129
0.482087 6.75681
0.330058 9.02473
0.300404 7.56378
0.282043 10.3773
0.168617 8.92226
0.162686 7.4163
0.143231 10.2236
0.127055 7.07031
0.0855169 9.68491
0.071573 11.0307
0.0394244 9.46969
0.015406 8.35089
0.00603459 10.448
0.00394882 11.4488
0 0 0.375809 0.624191 0 
0 1 0 0 0 
0 0 0 1 0 
0 0 1 0 0 
0 0 1 0 0 
1 0 0 0 0 
0 1 0 0 0 
1 0 0 0 0 
0 1 0 0 0 
0 0 0.557379 0 0.442621 
0 0 0 0 1 
0 0 0 0 1 
0 0 0 1 0 
0 0 0 1 0 
0 0 0 1 0 
0 0 0 0 1 
0.284602 0 0.715398 0 0 
0.119431 0 0 0.880569 0 
0 0 0.294312 0.494044 0.211644 
0.641959 0 0 0.358041 0 
0 0 0 0 1 
0.498068 0.501932 0 0 0 
0 0 0 1 0 
0 0 0 1 0 
0 1 0 0 0 
0 0 0 0 1 
1 0 0 0 0 
1 0 0 0 0 
0 0 1 0 0 
1 0 0 0 0 
0 0 0 1 0 
0 0 1 0 0 
0 1 0 0 0 
0 0 0 0 1 
0 1 0 0 0 
0 0 1 0 0 
0 0 0 1 0 
0 0 1 0 0 
0 0 0 0 1 
0 0 1 0 0 
0 1 0 0 0 
0 0 1 0 0 
1 0 0 0 0 
1 0 0 0 0 
0 1 0 0 0 
0 0 0 1 0 
1 0 0 0 0 
0 0 0.359702 0 0.640298 
0 0.600489 0 0 0.399511 
0 0 1 0 0 
