5 50
0.732147
0.269456
0.251617
0.591868
0.253739
10.1297 0.430177
10.1156 0.400581
9.70551 1.04654
8.47538 1.10785
8.29012 0.628008
8.15986 2.02448
7.84363 0.216706
7.24283 1.31044
6.29034 1.20577
5.94281 3.25178
5.65414 3.45473
5.55561 3.56178
5.12025 2.16945
4.83404 2.59527
4.7807 4.03909
4.45111 2.81724
4.09001 3.70214
3.98957 4.6163
3.52924 4.32138
3.52417 3.54123
3.357 4.37777
3.03239 4.97492
2.82574 4.71416
2.79695 3.56609
2.76557 5.52509
2.33382 6.7143
2.31763 5.44145
2.17075 5.03008
2.08295 5.20899
1.99527 5.74507
1.02854 6.51675
0.74257 7.11297
0.702654 7.76846
0.689405 6.00189
0.450274 9.36812
0.438964 8.64307
0.423623 7.13062
0.332433 9.27114
0.303504 6.94358
0.264246 7.28065
0.21471 8.82499
0.171285 7.29367
0.141182 7.06788
0.126787 8.48818
0.122261 8.24279
0.103125 9.64042
0.0294427 7.69766
0.0246665 10.3009
0.015879 10.0909
0.00277062 7.83192
0 1 0 0 0 
0.241564 0 0 0.758436 0 
0.432217 0 0 0 0.567783 
0 0.653135 0 0.346865 0 
0 0 0.534851 0.465149 0 
0 0.751311 0.248689 0 0 
0.39741 0.222554 0 0 0.380035 
0.330524 0.391562 0 0.277915 0 
0 0 0 0.3388 0.6612 
0.292264 0 0.286329 0.185141 0.236266 
0 0 0.505903 0.247923 0.246174 
0.285246 0 0 0 0.714754 
0 0 0 0.43716 0.562839 
1 0 0 0 0 
0.431762 0 0 0.568238 0 
0 0 0 0 1 
0 0 0.448451 0.551549 0 
0 1 0 0 0 
0 0 1 0 0 
0 0.362511 0.637489 0 0 
0.0897431 0.480105 0 0 0.430152 
0 0 1 0 0 
0 1 0 0 0 
0.368268 0 0 0 0.631732 
0 0 1 0 0 
1 0 0 0 0 
0.347919 0 0.409311 0 0.24277 
0.253769 0.746231 0 0 0 
0 1 0 0 0 
0 0.220276 0.0978074 0.445359 0.236557 
0 1 0 0 0 
0.255543 0 0 0.475525 0.268932 
0.699165 0.300835 0 0 0 
0.163159 0.280603 0.271989 0.28425 0 
0 0.532187 0.467813 0 0 
0 1 0 0 0 
0 0 0.632152 0 0.367848 
0.880586 0 0 0 0.119414 
0 0.458325 0 0.170585 0.37109 
0.575677 0 0 0.2768 0.147524 
0 0 0 0 1 
0 1 0 0 0 
0.265326 0.435291 0.299383 0 0 
0 0.588786 0.411214 0 0 
0 0 0 0 1 
0 0.444075 0 0 0.555925 
0 0 0 0.577096 0.422904 
0 0 0 1 0 
0.137942 0.862058 0 0 0 
0.198055 0.452677 0 0 0.349268 
