5 200
0.710097
0.325564
0.607189
0.472648
0.711867
10.1715 0.647217
9.86922 0.592309
9.83568 0.713036
9.76159 1.1083
9.61965 0.532772
9.38817 1.08798
9.12944 0.811045
9.12383 1.048
9.11903 0.529945
8.76231 1.13319
8.62588 0.910652
8.60433 1.56429
8.41055 0.866686
8.23209 0.563029
8.20628 0.469147
8.13515 1.36339
8.06506 1.13899
7.90813 0.935922
7.6022 0.914668
7.39744 1.12954
7.23603 0.7211
7.17343 0.941653
7.03186 0.657951
6.96259 1.774
6.94624 0.830651
6.93365 1.4143
6.89127 1.73036
6.81081 2.70912
6.72023 1.65159
6.62951 1.70684
6.57805 2.72551
6.52586 0.70193
6.3945 2.80005
6.22612 1.36922
6.12778 1.82164
6.02693 1.1758
6.01249 1.5173
5.72634 2.39679
5.40589 2.84857
5.37653 1.89435
5.27429 3.33339
5.21321 2.63149
5.06463 2.02566
5.0641 1.47942
4.98081 2.33904
4.95855 2.7012
4.82729 3.18855
4.82486 3.08221
4.70623 2.7641
4.5954 3.86721
4.48775 3.04462
4.32142 2.87772
4.26731 4.15191
4.23406 3.01583
4.22252 2.45134
4.22161 2.46453
4.15489 3.33806
4.13966 4.4059
4.04312 3.97527
4.03907 3.88773
4.01028 3.63441
4.00454 2.75384
3.95836 3.77209
3.87895 4.42816
3.84353 3.42458
3.7377 3.38905
3.52886 4.00979
3.50449 3.21945
3.49144 4.36781
3.48876 3.7293
3.47222 3.91701
3.44892 4.51549
3.42888 4.64078
3.42414 2.92036
3.40814 3.53093
3.31222 3.6766
3.30579 4.35447
3.28624 4.75509
3.25144 5.37493
3.22784 5.06081
3.2078 3.66948
3.07138 4.84135
2.99109 5.21723
2.89987 5.23555
2.7828 5.00058
2.74893 3.58419
2.72702 4.0927
2.71401 6.00255
2.71339 3.70052
2.64797 3.62936
2.64285 5.59755
2.56123 4.00904
2.55082 5.62555
2.47743 4.92492
2.39343 6.66938
2.3585 4.21483
2.33123 5.42959
2.20719 3.49784
2.15454 6.39434
2.10565 4.48943
2.10393 5.79777
2.06176 5.48355
2.05457 6.11855
2.0403 6.35244
2.02415 5.51361
2.01448 6.58072
1.9977 5.10126
1.97688 4.74922
1.97512 6.31541
1.93512 5.72493
1.91203 6.99872
1.84704 6.38675
1.80067 4.17496
1.7873 6.24837
1.77627 7.27405
1.74516 6.0474
1.71004 7.54251
1.69016 6.62596
1.65647 4.67903
1.60842 4.29882
1.53697 4.78757
1.51789 5.95833
1.50206 6.46437
1.48766 5.3248
1.48386 7.0562
1.44439 7.16963
1.37588 7.21153
1.36339 5.29081
1.33636 6.15105
1.3215 6.85265
1.32107 7.36837
1.31465 6.37545
1.2835 5.89993
1.14971 7.16072
1.13618 7.68994
1.05908 5.87899
0.997087 5.51569
0.990992 6.51844
0.960223 5.52532
0.92061 8.24641
0.907774 8.52832
0.901754 7.23372
0.82762 6.89912
0.822489 6.29945
0.787527 5.76323
0.783501 6.72226
0.727919 7.22657
0.657045 7.66026
0.641183 8.28498
0.575081 7.0647
0.567617 7.47801
0.54851 7.8259
0.506995 9.36593
0.494291 6.30143
0.467025 6.12126
0.459985 6.86399
0.457482 6.7585
0.455233 6.40121
0.447408 9.42696
0.432645 6.84753
0.419901 6.10866
0.413584 6.04099
0.373593 7.39334
0.372941 6.50388
0.352525 6.27244
0.275345 7.27791
0.269875 8.32922
0.265697 7.7632
0.252782 8.43146
0.238917 10.2069
0.233309 10.0196
0.223652 6.49136
0.18881 10.8004
0.161739 7.53636
0.160087 8.42642
0.159764 9.81099
0.159032 10.6163
0.154734 7.24433
0.0996726 7.47323
0.0937037 11.1229
0.0808827 7.27001
0.0804573 7.10693
0.066643 11.216
0.0574924 7.06009
0.050542 7.54459
0.0484745 11.5283
0.0481093 7.45314
0.0366533 9.31066
0.0256005 11.1029
0.0222432 7.46195
0.020031 8.84883
0.0129388 8.74489
0.0119162 10.629
0.00959382 10.163
0.00772752 8.32835
0.00718049 11.8027
0.00685325 8.95557
0.00521116 10.9774
0.00379415 9.98151
0.00333262 10.4664
1 0 0 0 0 
0 0 1 0 0 
0 0 1 0 0 
0 0 0 1 0 
1 0 0 0 0 
1 0 0 0 0 
1 0 0 0 0 
0 0 0 0 1 
1 0 0 0 0 
0 1 0 0 0 
0 0 1 0 0 
0 1 0 0 0 
0 0 0 1 0 
0 1 0 0 0 
0 0 0 1 0 
0 0 0 0 1 
0 0 0 1 0 
1 0 0 0 0 
1 0 0 0 0 
0 0 1 0 0 
0 0 0 0 1 
0 0 0 1 0 
1 0 0 0 0 
1 0 0 0 0 
0 0 1 0 0 
0 0 1 0 0 
0 0 0 0 1 
0 0 0 1 0 
1 0 0 0 0 
0 0 1 0 0 
0 0 0 1 0 
0 0 0 0 1 
0 0 0 0 1 
1 0 0 0 0 
0 0 0 1 0 
0 0 0 0 1 
0 0 0 1 0 
1 0 0 0 0 
1 0 0 0 0 
1 0 0 0 0 
1 0 0 0 0 
0 0 1 0 0 
1 0 0 0 0 
0 0 0 1 0 
0 0 0 0 1 
0 1 0 0 0 
0 1 0 0 0 
0 0 1 0 0 
0 0 1 0 0 
0 0 0 1 0 
0 0 0 1 0 
0 0 1 0 0 
0 0 0 0 1 
1 0 0 0 0 
0 1 0 0 0 
1 0 0 0 0 
1 0 0 0 0 
1 0 0 0 0 
1 0 0 0 0 
0 1 0 0 0 
0 0 1 0 0 
1 0 0 0 0 
0 0 1 0 0 
0 0 0 0 1 
0 0 1 0 0 
0 0 1 0 0 
0 0 0 1 0 
0 0 1 0 0 
0 0 0 1 0 
0 1 0 0 0 
0 0 0 1 0 
0 0 0 1 0 
0 0 0 1 0 
0 0 0 1 0 
0 0 0 1 0 
0 1 0 0 0 
0 0 0 1 0 
0 1 0 0 0 
0 1 0 0 0 
1 0 0 0 0 
0 0 1 0 0 
0 0 1 0 0 
1 0 0 0 0 
0 0 1 0 0 
0 0 1 0 0 
0 0 0 0 1 
1 0 0 0 0 
0 0 1 0 0 
0 1 0 0 0 
0 1 0 0 0 
0 0 1 0 0 
0 0 0 1 0 
0 1 0 0 0 
0 0 0 0 1 
0 1 0 0 0 
0 1 0 0 0 
1 0 0 0 0 
0 1 0 0 0 
0 0 1 0 0 
0 0 0 1 0 
1 0 0 0 0 
0 0 1 0 0 
1 0 0 0 0 
0 1 0 0 0 
0 0 0 0 1 
0 0 0 1 0 
1 0 0 0 0 
0 0 1 0 0 
0 0 0 1 0 
0 1 0 0 0 
0 0 0 0 1 
0 1 0 0 0 
0 1 0 0 0 
1 0 0 0 0 
1 0 0 0 0 
0 0 0 0 1 
1 0 0 0 0 
0 0 0 0 1 
1 0 0 0 0 
0 0 1 0 0 
0 1 0 0 0 
0 0 0 1 0 
0 1 0 0 0 
0 0 1 0 0 
0 0 1 0 0 
0 0 0 0 1 
0 0 1 0 0 
0 0 0 0 1 
0 1 0 0 0 
0 0 1 0 0 
1 0 0 0 0 
0 1 0 0 0 
0 0 0 0 1 
0 1 0 0 0 
1 0 0 0 0 
0 0 0 1 0 
0 1 0 0 0 
0 0 0 1 0 
0 1 0 0 0 
1 0 0 0 0 
0 0 1 0 0 
0 0 0 0 1 
0 0 0 0 1 
0 1 0 0 0 
0 0 0 1 0 
0 0 0 1 0 
0 0 0 0 1 
0 0 0 0 1 
0 0 0 0 1 
0 0 1 0 0 
1 0 0 0 0 
0 0 0 1 0 
0 1 0 0 0 
0 0 0 1 0 
0 0 0 0 1 
1 0 0 0 0 
0 0 0 0 1 
0 0 0 1 0 
1 0 0 0 0 
0 0 1 0 0 
1 0 0 0 0 
0 0 1 0 0 
0 0 0 0 1 
0 0 0 1 0 
0 0 0 1 0 
0 0 0 1 0 
0 0 0 1 0 
0 1 0 0 0 
0 1 0 0 0 
0 0 1 0 0 
0 1 0 0 0 
0 0 1 0 0 
0 0 0 1 0 
0 1 0 0 0 
0 0 1 0 0 
0 1 0 0 0 
0 0 0 1 0 
1 0 0 0 0 
0 0 0 1 0 
0 0 0 0 1 
0 0 1 0 0 
0 0 1 0 0 
0 0 1 0 0 
1 0 0 0 0 
0 0 0 1 0 
0 1 0 0 0 
1 0 0 0 0 
0 0 0 1 0 
1 0 0 0 0 
0 1 0 0 0 
0 0 1 0 0 
0 1 0 0 0 
0 0 0 0 1 
0 0 1 0 0 
1 0 0 0 0 
0 0 0 1 0 
0 0 0 1 0 
0 0 1 0 0 
0 0 0 1 0 
0 0 0 0 1 
