5 200
0.293687
0.398366
0.4157
0.722915
0.413869
11.6442 0.350287
10.9907 0.241233
10.7449 0.26228
10.5359 0.748072
10.4446 0.402112
10.1796 0.925466
10.1643 0.5219
10.1339 0.374867
9.92833 0.884535
9.89364 0.450747
9.61079 0.937373
9.46412 0.260769
9.45763 0.48375
9.40578 0.501816
9.24131 1.31761
8.93458 0.138888
8.82711 1.36801
8.46964 1.359
8.21468 1.26133
8.18471 2.08719
8.02725 0.777872
7.82546 1.38725
7.76375 1.1701
7.69596 1.41532
7.65168 1.34175
7.6348 1.57754
7.47376 0.354208
7.42508 1.20077
7.41064 1.58715
7.40903 2.03449
7.283 1.50746
7.26959 1.9254
7.25509 0.894495
7.16457 1.87116
7.09167 1.24611
7.08777 1.19881
7.03574 1.71112
6.8704 0.38056
6.826 2.05897
6.82576 0.643091
6.768 1.0793
6.7461 2.44897
6.64167 1.41836
6.62673 3.14646
6.61284 2.27334
6.33477 1.40247
6.30788 2.63097
6.22014 3.09542
6.13421 3.2634
6.12486 1.76332
6.0008 1.10679
5.96241 1.40924
5.8802 1.40629
5.84173 2.73306
5.83284 2.66193
5.70844 3.03787
5.68345 2.05419
5.63406 2.05141
5.63025 2.19109
5.57246 3.60918
5.4488 2.92942
5.42721 2.23444
5.40544 2.52572
5.35264 2.0764
5.33513 1.92756
5.22586 2.12545
5.15571 2.36338
5.09059 2.84588
5.05021 1.97358
5.03233 2.90033
4.94461 1.60095
4.8855 3.39135
4.85452 2.32387
4.79491 1.88426
4.74301 2.83309
4.68159 2.14361
4.51697 3.24596
4.32357 4.39729
4.26798 3.29778
4.14784 3.0378
4.11649 3.68749
4.08097 3.21593
4.07409 3.30798
3.9913 2.82869
3.98231 4.62662
3.97036 3.43733
3.95735 2.99435
3.92097 2.98059
3.81071 4.33236
3.71839 4.20922
3.64669 4.0574
3.5561 4.14194
3.4853 3.11432
3.45362 3.9612
3.43039 4.14011
3.40006 4.57323
3.32191 3.3866
3.19756 5.91426
3.13608 3.81369
3.02653 2.91555
3.00882 4.78449
2.96968 5.58946
2.90178 3.83192
2.9016 5.55943
2.89775 4.06442
2.89685 5.18434
2.88725 5.68887
2.71528 5.646
2.68538 3.59675
2.67662 4.09322
2.64088 3.74701
2.57011 4.32821
2.55344 3.52634
2.49216 3.44812
2.23555 5.61766
2.18978 6.35937
2.15516 4.20401
2.13572 7.02852
2.08725 4.29243
1.99266 6.00872
1.95032 6.44373
1.87362 5.29062
1.85118 6.82592
1.84634 6.65345
1.84045 4.60587
1.80944 6.31881
1.80498 5.95194
1.78313 5.42123
1.6172 5.66494
1.61578 6.78602
1.5609 4.66586
1.55187 6.60757
1.43062 4.90935
1.34288 6.52458
1.31558 5.51086
1.18082 6.16683
1.14583 7.22537
1.10838 6.3683
1.06413 5.16879
1.04511 8.28034
1.02703 6.69647
1.00512 5.2986
0.969633 7.88273
0.947961 7.40367
0.932315 5.42359
0.901855 5.43782
0.900807 5.59731
0.880382 7.80903
0.822039 8.4942
0.811597 8.37102
0.805127 7.17946
0.766567 7.47312
0.755708 8.09379
0.741318 7.32628
0.723972 7.40033
0.689779 9.22584
0.62496 8.05375
0.575651 8.2584
0.521758 9.14783
0.521376 8.24127
0.504277 8.51565
0.482318 9.7704
0.461886 9.36307
0.458139 6.55485
0.457971 9.61543
0.411748 7.32162
0.38903 9.3784
0.383812 7.10325
0.377023 7.73515
0.358211 8.37946
0.337501 6.71867
0.307885 8.58347
0.306955 8.6316
0.30186 7.41538
0.288413 10.4288
0.267586 7.92097
0.26276 9.57561
0.225826 6.48629
0.209505 10.6459
0.209271 8.51667
0.185952 8.13
0.145789 8.81995
0.144006 6.83681
0.140266 10.8001
0.136158 6.85669
0.121393 9.16531
0.117547 8.39065
0.099038 10.3201
0.0719244 8.30923
0.0620316 7.96969
0.0604219 9.50157
0.0586454 8.63217
0.0581243 11.0326
0.0533925 10.7197
0.0390749 10.1083
0.0368163 9.56491
0.0279481 7.79774
0.027731 7.19996
0.0228689 8.66866
0.0100976 8.65349
1 0 0 0 0 
0 0 0 0 1 
0 0.359483 0.135735 0.118511 0.386271 
0.404779 0.32948 0 0.265741 0 
0 0 0 0.791678 0.208322 
0.244732 0.389093 0.143941 0 0.222234 
0 0 0 0 1 
0.345674 0.246509 0 0.407816 0 
0.46202 0.301612 0.236368 0 0 
0 0.35646 0 0.309369 0.33417 
1 0 0 0 0 
0.453015 0.456162 0 0 0.0908227 
0 0 0 0.516509 0.483491 
0 0.756703 0 0.243297 0 
0.230655 0.2028 0.356379 0 0.210166 
0.302063 0.27173 0 0.426207 0 
0 0 0 1 0 
0.383882 0.0638621 0 0.552255 0 
0 0 0 0 1 
0 0 0 0.698702 0.301298 
0 0.437151 0 0.562849 0 
0 0 1 0 0 
0 0.428213 0.251034 0.320752 0 
0 0 0 1 0 
0.109908 0.535462 0 0.35463 0 
0 0 1 0 0 
0 0 0.448847 0.285051 0.266102 
0 0.846014 0 0.153986 0 
0 0 0.488471 0.511529 0 
1 0 0 0 0 
0.655989 0 0 0.344011 0 
0 1 0 0 0 
0 0.453105 0.546895 0 0 
0.224744 0.301973 0.473283 0 0 
0.709157 0 0.290843 0 0 
0 0.427499 0 0 0.572501 
0 0 1 0 0 
0 0 0 0.499288 0.500712 
0 0.431249 0 0.199659 0.369092 
0 0.643751 0 0.356249 0 
1 0 0 0 0 
0 0 0 0 1 
0 0 0.438051 0 0.561949 
0.306021 0 0.200845 0.211191 0.281943 
0 0.556045 0 0.443955 0 
0 0.629586 0 0 0.370414 
0 1 0 0 0 
0.154742 0 0 0 0.845258 
0 0 0 0.644513 0.355487 
0 0.696449 0.303552 0 0 
0 0 1 0 0 
0 0.199226 0.28572 0 0.515054 
0 0 0 1 0 
0.466155 0 0.399839 0.134006 0 
0.409698 0 0.194091 0 0.396211 
0.528629 0 0 0.471371 0 
0.10491 0 0.32768 0.56741 0 
0 0 0 0 1 
0 0 0.476131 0.523869 0 
0 0 0.120833 0.879167 0 
0.472784 0.527216 0 0 0 
0 0 0 0 1 
0 0 1 0 0 
0 0 0 1 0 
0.663903 0 0 0.336097 0 
1 0 0 0 0 
1 0 0 0 0 
0 0.646026 0 0.353974 0 
0.2545 0 0.7455 0 0 
0.455644 0 0 0 0.544356 
0 1 0 0 0 
1 0 0 0 0 
0 0 1 0 0 
0 0.426434 0 0.27739 0.296176 
0 0.741077 0.258923 0 0 
0 0.450852 0 0 0.549148 
0 1 0 0 0 
0.211696 0 0 0.788304 0 
0 0 0.142056 0.474305 0.383639 
0 0 1 0 0 
0 0 0 1 0 
0 0.508659 0 0.491341 0 
1 0 0 0 0 
0.28674 0.71326 0 0 0 
0.255654 0 0.476514 0 0.267832 
0.46194 0.53806 0 0 0 
0.581784 0.418216 0 0 0 
0.328933 0 0.427919 0 0.243149 
0.502277 0.342962 0 0.15476 0 
0 0 0.348829 0 0.651171 
0 0 0.347154 0.652846 0 
0 0 0 1 0 
0 0.557232 0.442768 0 0 
0.325636 0.32841 0 0.345954 0 
0 0 1 0 0 
0.679914 0.320086 0 0 0 
0 0 0 1 0 
0 0 0 0.473098 0.526902 
0.263862 0.246796 0 0.489342 0 
0 0 0.294051 0.705949 0 
0 0 0.50736 0 0.49264 
0 0 0.253888 0.415942 0.330171 
0.189934 0.639309 0 0.170757 0 
0.456985 0 0 0.543015 0 
0 0.611517 0 0.388483 0 
0 0 0 0.544509 0.455491 
0 0 1 0 0 
1 0 0 0 0 
1 0 0 0 0 
1 0 0 0 0 
0.49394 0 0 0.50606 0 
0 0.173909 0 0.826091 0 
0 0.463171 0 0.536829 0 
0.642101 0 0 0 0.357899 
0 0 1 0 0 
0.169389 0 0 0.83061 0 
0 0 1 0 0 
0 0 1 0 0 
0 0 0 1 0 
0.450545 0 0 0.549455 0 
1 0 0 0 0 
0.182735 0.191608 0.625657 0 0 
0 0.389139 0.43848 0.172381 0 
0 0.471317 0 0.528683 0 
0.275435 0.724565 0 0 0 
0.743486 0 0.256514 0 0 
0.195694 0.554169 0.0797928 0.170344 0 
0.430773 0 0 0.35948 0.209747 
0 1 0 0 0 
0 0 0.636848 0 0.363152 
0 0 0 0 1 
0.210473 0 0.116874 0.321951 0.350702 
0 0.613314 0 0.386685 0 
0.0851616 0.321667 0 0.231076 0.362096 
0.248848 0.618889 0.132263 0 0 
0 0 1 0 0 
0 0 0 0 1 
0 0.18172 0.496554 0.321727 0 
0.781449 0 0 0 0.218551 
1 0 0 0 0 
0 0 0.544881 0.455119 0 
0 0.696439 0 0.303561 0 
0.218137 0 0 0 0.781863 
0.410468 0 0 0.589532 0 
0.33077 0.240659 0.356579 0.0719918 0 
0 0 1 0 0 
0 0 0 0 1 
0.494315 0 0.505685 0 0 
0 1 0 0 0 
0.335379 0 0.119529 0 0.545092 
0 1 0 0 0 
0.482547 0 0.517453 0 0 
0 0.50544 0 0.106989 0.38757 
0 1 0 0 0 
0.301257 0 0.195708 0 0.503035 
1 0 0 0 0 
0 0 0 0 1 
0.147711 0.174388 0.406146 0 0.271755 
1 0 0 0 0 
1 0 0 0 0 
0.284155 0 0 0.715846 0 
0 0 0 1 0 
0 0 0 0 1 
0 0 0.220126 0.381464 0.398411 
0 0 0 1 0 
0.251901 0.30668 0.321546 0.119874 0 
0 0.551993 0.448007 0 0 
0 0 0 0 1 
0 1 0 0 0 
0.406866 0.279203 0 0.31393 0 
0 0.250397 0 0 0.749603 
0 0 0 0 1 
1 0 0 0 0 
0 0.223952 0 0.317456 0.458592 
0 0 1 0 0 
0.27661 0.433962 0.0759775 0 0.21345 
0 0.608227 0.0763838 0.315389 0 
1 0 0 0 0 
0 0 0.458028 0.541972 0 
0 0.50873 0 0.49127 0 
0 0 1 0 0 
0 0 1 0 0 
0.358534 0.0776794 0 0.234283 0.329503 
0 1 0 0 0 
0 0 0 0 1 
0.289579 0 0.258057 0.241261 0.211103 
0.308826 0.310182 0.32975 0.0512429 0 
0.430287 0.569713 0 0 0 
0 0 0.804802 0 0.195198 
0 0 0.322086 0 0.677913 
0.328284 0 0 0 0.671716 
0 0.295568 0.401241 0.303191 0 
0 0.586846 0 0.341659 0.0714948 
0 0 0 0.779631 0.220369 
0.584835 0 0 0 0.415165 
0.304611 0.223063 0 0.472326 0 
0.474085 0 0 0.525915 0 
0 0 0.566003 0 0.433997 
0.304911 0.397092 0.297997 0 0 
0 0 0.316699 0.683301 0 
