5 50
0.282929
0.609233
0.44837
0.276383
0.607356
9.59925 0.356363
9.50669 1.22773
9.00482 0.954037
7.89577 1.78215
7.87308 1.20355
7.85722 0.460087
7.62729 1.09656
7.16502 0.671565
6.11436 2.19539
5.17403 2.80355
4.98204 3.34958
4.74063 3.23753
4.71925 4.27512
4.71001 4.0075
4.40373 3.8735
4.24366 3.02982
4.22586 3.21656
3.85303 2.60417
3.81579 3.66319
3.62162 3.62771
3.61169 3.23805
3.54175 3.82299
3.4605 3.19722
3.10108 4.02527
3.07283 4.60922
2.94012 5.79925
2.77873 5.47068
2.70059 5.36438
2.18548 4.44929
1.74065 4.66804
1.73073 6.90632
1.7117 5.62643
1.22197 5.05277
1.026 5.29184
0.885472 8.62709
0.876712 7.55947
0.557726 8.64834
0.49823 8.36196
0.442623 8.3536
0.412742 8.97027
0.261804 6.18589
0.206561 8.20773
0.191308 9.35814
0.168627 9.46871
0.162139 10.3016
0.122148 9.56334
0.026038 10.4223
0.0207861 7.17649
0.0194788 10.9893
0.00237875 10.7916
0.248199 0 0 0 0.751801 
0 0.496583 0.271612 0.113025 0.11878 
0.368217 0.136818 0.401118 0.0938474 0 
0 0 0 0.708974 0.291026 
0.320603 0 0 0 0.679397 
0.332739 0.504128 0.163133 0 0 
0.692431 0 0.307569 0 0 
0.142162 0.495356 0 0.15819 0.204292 
0 0.226203 0.467538 0.306258 0 
0 0.213986 0.0770947 0.357626 0.351293 
0 0.688878 0 0 0.311122 
0.441211 0.106839 0 0.451951 0 
0 0.34793 0 0.226336 0.425734 
0.156919 0.218929 0.302975 0 0.321178 
0.645915 0 0 0 0.354085 
0 0 0.602953 0.397047 0 
0 0 0 0.640554 0.359446 
0.336515 0 0 0 0.663485 
0.336374 0.278411 0.221756 0 0.163459 
0 0.382767 0.255441 0 0.361792 
0.3264 0.252514 0 0.111181 0.309904 
0.181157 0.155774 0.330244 0.287257 0.0455675 
0 0.131693 0.256458 0.611849 0 
0.389638 0 0.258069 0 0.352293 
0.241907 0.29308 0 0.145506 0.319508 
0.153391 0 0 0.846609 0 
1 0 0 0 0 
0.298255 0.489526 0 0.212219 0 
0.338876 0 0 0 0.661124 
0.121105 0.318764 0 0 0.560132 
0 0.285934 0.139707 0.397604 0.176754 
0.326369 0.371789 0.0940672 0.207774 0 
0.405691 0.208776 0.106364 0.27917 0 
0.89176 0.10824 0 0 0 
0.440518 0.150355 0.409126 0 0 
0 0.647777 0.352223 0 0 
0.288069 0.39607 0.209035 0 0.106826 
0.407054 0 0 0.0934162 0.49953 
0 0.781913 0 0.218087 0 
0.246437 0 0.181223 0.375869 0.196471 
0.323239 0 0.271699 0.405062 0 
0.664229 0 0.335771 0 0 
0 0 0.329977 0.449221 0.220802 
0.263821 0.076247 0.0851791 0.248097 0.326657 
0.19166 0.199101 0.296169 0 0.313071 
0.251735 0.144174 0 0 0.604091 
0.186779 0.188718 0.471125 0.153378 0 
0.602314 0.397686 0 0 0 
0.690951 0 0 0.309049 0 
0.281466 0.361133 0 0.357402 0 
