5 100
0.407903
0.338885
0.621181
0.396077
0.413854
10.9065 0.572744
10.3826 0.470988
10.1165 0.774753
10.0978 0.311204
9.18827 0.182469
8.95467 1.22363
8.81036 0.79231
8.42892 1.13752
8.37851 1.42965
8.3029 1.91616
8.24829 1.54756
7.89861 1.79354
7.89736 1.54764
7.6161 1.32049
7.47124 1.53855
7.39287 1.07792
7.38713 2.14613
7.0853 1.35245
6.65167 1.13094
6.49334 2.99598
6.0988 1.83853
6.0151 2.64983
5.99998 1.62802
5.93905 1.83094
5.84626 3.09028
5.82219 2.23962
5.57419 1.15306
5.55478 2.37958
5.39683 3.29087
5.28721 1.36392
5.23534 3.10823
4.91411 3.79811
4.88332 2.61101
4.51701 2.59204
4.25551 4.79341
4.23071 2.3502
4.21648 3.08777
4.04923 2.56683
4.03944 3.45531
3.92607 3.99247
3.88975 4.43146
3.84 4.14385
3.3957 5.04587
3.35619 3.18137
3.31053 4.74237
3.26776 4.01309
2.67885 5.11307
2.31591 5.20654
2.29242 5.13864
2.28808 5.13862
2.26268 5.27216
2.22351 5.50892
2.21102 4.90872
2.19408 5.65732
2.18007 4.46026
2.15442 4.72345
1.96195 4.52831
1.91079 5.83353
1.7566 6.88726
1.74415 5.04772
1.61902 6.55596
1.59953 5.91301
1.5856 5.87442
1.49534 7.67327
1.47745 5.9874
1.46568 5.18679
1.46061 7.1909
1.37203 7.4707
1.13522 6.42784
0.985459 6.72791
0.939709 6.47673
0.929966 5.24924
0.925388 8.30167
0.919656 5.52354
0.851355 7.71809
0.760656 7.26614
0.737897 8.6852
0.712188 6.87734
0.671417 7.56713
0.667993 7.47884
0.603522 7.41273
0.512266 7.48229
0.432192 6.04298
0.427765 7.54171
0.309988 9.56207
0.300302 9.19466
0.279314 7.80703
0.266386 9.52372
0.239521 8.82173
0.220563 6.91735
0.206258 10.3248
0.177603 9.8098
0.158231 9.1123
0.0994471 9.83133
0.0579304 8.31437
0.0383448 9.60329
0.0253959 10.4433
0.0158501 8.94837
0.00861315 7.3171
0.00830935 8.3431
0 0.213182 0.786818 0 0 
0 0.453619 0 0.302727 0.243654 
0 0 0.33682 0.66318 0 
0.337704 0.241539 0 0 0.420756 
0 0.435437 0 0.564563 0 
0.330583 0.669417 0 0 0 
0 0 0 1 0 
0.38367 0 0.169214 0.447116 0 
0.476962 0 0.397365 0 0.125674 
0.742775 0.100874 0.156351 0 0 
0 0.0704523 0 0.417343 0.512205 
0 0.541235 0 0.458765 0 
0.129351 0.249582 0 0.2967 0.324367 
0.218353 0.243279 0.223368 0 0.315 
0 0.287298 0 0.0931442 0.619558 
0 0 1 0 0 
0 0 0.21962 0 0.78038 
0.603954 0.396046 0 0 0 
0 0.495801 0 0.214926 0.289273 
0 0 0 0.106468 0.893532 
0.523829 0 0.318673 0 0.157498 
0.799259 0 0 0.200741 0 
0.193221 0.252512 0 0.130246 0.424021 
0 0 0.45561 0 0.54439 
0 0 0 1 0 
0 0 0 0 1 
0 0 0.671399 0.104605 0.223996 
0 0.70407 0.29593 0 0 
0 0.320289 0.204171 0.416257 0.0592836 
0 0 0.491733 0.508267 0 
0.253139 0 0 0.746861 0 
0.150002 0.622137 0.227861 0 0 
0.532716 0.467284 0 0 0 
0 0.242275 0.418159 0 0.339566 
0.740975 0.259025 0 0 0 
0 0.451381 0 0.548619 0 
0 0.646906 0 0.353094 0 
0.343672 0 0.284559 0 0.371769 
1 0 0 0 0 
0.555448 0 0 0.444552 0 
0 0 0.525268 0.474732 0 
0 0 0.192747 0.33051 0.476744 
0 0.674418 0.325582 0 0 
0.340971 0 0.659029 0 0 
0.541337 0 0 0 0.458663 
0.182233 0 0.447306 0.370461 0 
0.224969 0 0.410348 0.364683 0 
0 0 0.313554 0.686446 0 
0.362199 0 0 0.235417 0.402384 
0.112152 0.29149 0.471713 0 0.124645 
0.508932 0.138026 0.353043 0 0 
0 0 0.441827 0 0.558173 
0.277913 0.09927 0.347839 0.274978 0 
0 0 0 1 0 
0.230297 0.267661 0.358033 0 0.144009 
0 1 0 0 0 
0 0.191302 0.124118 0.21985 0.46473 
0.277431 0 0.31268 0.409889 0 
0 0.520381 0 0 0.479619 
0 0.334684 0 0 0.665316 
0.265825 0 0.431446 0 0.302729 
0.300138 0.182403 0 0.517459 0 
0 0 0 0.610387 0.389613 
0.363137 0.537113 0 0.0997507 0 
0 0 0.419812 0.245402 0.334786 
0.388158 0 0 0.611842 0 
0.270209 0.219088 0.0958397 0 0.414863 
0.155815 0 0.467881 0.376303 0 
0.286384 0.0904883 0.31459 0.308537 0 
0.162069 0.24211 0 0.518356 0.0774647 
0 0.766378 0.233622 0 0 
0 1 0 0 0 
0.0719259 0.354256 0.449983 0.123836 0 
1 0 0 0 0 
0 0 0 0.46043 0.53957 
0 0 0 1 0 
0 0 0.469992 0.341207 0.188801 
0.387595 0 0 0.267753 0.344652 
0.209516 0 0.790484 0 0 
0.340563 0.192249 0.115384 0 0.351804 
0 0.203981 0.652122 0.143897 0 
0.768157 0.231843 0 0 0 
0.123213 0.243971 0.276256 0.270837 0.0857227 
0.271995 0 0.126931 0.250874 0.3502 
0 0 0.503596 0 0.496404 
0.432522 0 0 0 0.567478 
0.344375 0 0 0 0.655625 
0.156324 0.149884 0.330462 0.179189 0.18414 
0 0 0 0 1 
0 0.400598 0.355554 0.243848 0 
1 0 0 0 0 
0.178399 0.182801 0 0.0777865 0.561014 
0 0.288322 0.397212 0 0.314465 
0 0 0.666432 0.333568 0 
0 0 0 1 0 
0 0 0.899812 0 0.100188 
0 1 0 0 0 
0 0 0.787793 0.212207 0 
0 0 0 0.356239 0.643761 
0 1 0 0 0 
