5 100
0.417852
0.423818
0.451437
0.61169
0.512719
10.6811 0.39421
10.6214 0.466517
10.0444 0.911465
9.75994 0.477653
9.71663 0.210574
9.58284 0.824349
9.40806 0.981822
8.41173 1.18112
8.25017 0.189301
7.95671 1.80746
7.76341 0.696554
7.74484 1.28233
7.47698 1.86522
7.12399 1.71916
7.03352 1.20819
6.64929 1.80478
6.5977 1.48191
6.5332 2.0485
6.38107 1.53773
6.29222 1.23725
5.91019 2.44769
5.78771 1.25033
5.74193 1.59301
5.7234 1.74838
5.62318 3.30805
5.52714 3.03942
5.45476 2.74838
4.94408 3.65865
4.60808 2.78067
4.5997 3.32394
4.59763 3.01637
4.57978 3.88727
4.41909 2.03899
4.32718 3.53186
4.2218 4.3427
4.08803 3.7573
4.07634 3.17204
3.95916 4.23513
3.86561 3.17766
3.70373 3.54241
3.51105 4.82995
3.5065 3.45025
3.49094 4.0282
3.47674 4.66472
3.46159 4.47297
3.3465 3.70875
3.34499 5.24262
2.91551 3.58087
2.84675 4.6188
2.819 3.86196
2.78397 4.24357
2.53408 4.68887
2.37349 6.33829
2.29526 3.97469
2.20595 4.08648
2.16913 4.87417
2.12153 4.94204
1.97198 6.60393
1.96402 4.76458
1.94956 4.40555
1.93282 4.84349
1.92036 5.39042
1.79485 4.8655
1.64921 5.15108
1.52694 6.85828
1.48142 6.89497
1.40177 5.71505
1.16654 5.88947
1.08101 7.12306
1.08019 7.6072
1.02633 6.73688
0.886408 7.34258
0.857783 6.96543
0.657182 8.44693
0.625046 5.53342
0.593043 6.6306
0.565404 6.08396
0.407578 8.04255
0.406261 8.07841
0.363145 6.12409
0.301373 6.45623
0.274241 9.42075
0.247221 9.8814
0.19584 9.51758
0.195786 8.27562
0.195684 9.3371
0.169347 8.64858
0.143072 10.2451
0.0840707 11.2798
0.0811498 10.7827
0.0773076 7.17417
0.0750985 10.0344
0.0695527 10.9729
0.0595791 11.4799
0.0415297 8.93014
0.0383836 9.71473
0.035726 11.312
0.0346879 8.89282
0.0135201 7.83996
0.00243898 9.44964
0 0 1 0 0 
1 0 0 0 0 
0 0 0 1 0 
0 0 0 1 0 
0 0 0 1 0 
0 0 0 0 1 
0 1 0 0 0 
0 0 1 0 0 
0 0 0 0 1 
1 0 0 0 0 
0 0 0 0 1 
0 0 1 0 0 
0 0 0 0 1 
1 0 0 0 0 
0 0 0 1 0 
0 0 1 0 0 
0 1 0 0 0 
0 0 0 0 1 
0 0 0 0 1 
0 0 1 0 0 
0 0 0 0 1 
0 0 0 0 1 
0 1 0 0 0 
0 1 0 0 0 
0 0 0 1 0 
0 1 0 0 0 
0 1 0 0 0 
0 0 1 0 0 
0 0 0 1 0 
0 0 0 0 1 
0 0 1 0 0 
1 0 0 0 0 
0 1 0 0 0 
0 0 0 0 1 
1 0 0 0 0 
0 0 1 0 0 
1 0 0 0 0 
0 1 0 0 0 
0 0 1 0 0 
0 0 0 0 1 
0 0 0 0 1 
0 0 0 1 0 
0 0 0 0 1 
0 0 1 0 0 
0 0 1 0 0 
0 0 1 0 0 
1 0 0 0 0 
0 0 0 0 1 
0 1 0 0 0 
0 0 0 1 0 
0 0 0 0 1 
1 0 0 0 0 
0 0 0 1 0 
0 1 0 0 0 
0 0 0 0 1 
1 0 0 0 0 
0 1 0 0 0 
0 0 1 0 0 
0 0 0 1 0 
0 0 0 1 0 
1 0 0 0 0 
1 0 0 0 0 
0 0 0 0 1 
0 0 0 0 1 
0 0 0 1 0 
0 1 0 0 0 
0 0 0 0 1 
0 1 0 0 0 
0 0 0 1 0 
0 1 0 0 0 
0 0 0 1 0 
0 0 1 0 0 
0 0 0 1 0 
0 0 0 0 1 
0 1 0 0 0 
1 0 0 0 0 
0 0 0 0 1 
0 0 1 0 0 
0 0 1 0 0 
0 0 0 1 0 
0 1 0 0 0 
0 0 0 1 0 
0 0 0 0 1 
0 0 1 0 0 
1 0 0 0 0 
0 0 0 1 0 
1 0 0 0 0 
0 0 1 0 0 
0 0 1 0 0 
0 0 0 1 0 
0 1 0 0 0 
1 0 0 0 0 
0 0 0 1 0 
1 0 0 0 0 
0 0 0 0 1 
0 0 0 1 0 
0 0 1 0 0 
0 0 0 1 0 
1 0 0 0 0 
0 0 0 1 0 
