5 150
0.467673
0.371845
0.597133
0.358676
0.259644
10.5448 0.184316
9.78639 0.576972
9.2826 0.70509
9.25877 0.538964
9.0699 0.213049
8.95004 0.779844
8.82408 1.47414
8.52374 0.371615
8.32409 0.35085
7.33309 1.38488
7.25 1.65916
7.23204 1.67329
7.15444 1.54483
7.13823 2.33224
7.11281 0.525315
7.09935 1.33992
6.83696 2.50869
6.79162 0.612132
6.55074 1.52877
6.51579 1.76827
6.42971 2.34745
6.28329 2.35877
6.14327 1.95432
5.88394 2.18051
5.82883 2.2058
5.72585 3.33877
5.46654 1.99633
5.39832 2.74901
5.16742 1.66026
5.06586 3.73215
5.03083 2.43707
4.87694 2.14455
4.64793 2.71465
4.64591 2.89447
4.58965 2.98235
4.55201 2.57122
4.50313 3.20601
4.39978 2.88782
4.34537 3.73213
4.34345 3.11941
4.34138 4.5622
4.20215 4.73705
4.1566 3.84611
4.11502 3.69531
4.0645 4.03227
4.03907 4.12066
3.90399 5.21077
3.83845 3.61324
3.71871 4.22845
3.68566 4.85895
3.62238 4.80598
3.57315 4.36808
3.53293 2.84135
3.53253 4.55463
3.39709 4.2171
3.25473 4.72465
3.20475 4.4223
3.09759 4.05197
2.94308 4.47678
2.84049 4.14282
2.74817 4.36775
2.13247 4.59189
2.07384 6.29652
1.98014 4.7994
1.89814 6.43608
1.87731 5.64931
1.79868 4.98536
1.78144 6.15207
1.72262 6.13451
1.6648 5.38321
1.66329 4.52411
1.6168 5.49762
1.59514 6.46679
1.49911 4.7281
1.46406 5.31168
1.43846 5.5977
1.43736 7.33894
1.4214 6.94357
1.35512 7.1294
1.34078 4.46329
1.32861 7.42265
1.28535 5.79611
1.20974 7.03179
1.2031 5.88601
1.16684 6.52806
1.14881 8.13709
1.1385 7.33361
1.12778 7.17684
1.02866 8.47445
0.980368 6.60874
0.921919 5.30966
0.905161 5.67679
0.900575 6.15982
0.838811 6.79172
0.811286 8.54869
0.803903 7.52495
0.801808 7.25495
0.714625 6.28534
0.713893 8.72276
0.706315 9.06654
0.695795 9.08715
0.672986 7.53415
0.651426 7.27266
0.589807 5.67842
0.567705 6.3924
0.567432 7.53565
0.551931 8.83443
0.520141 8.19023
0.501167 6.89634
0.489591 8.41815
0.439416 8.94582
0.43256 6.92395
0.411766 8.16595
0.405977 6.64297
0.387857 8.39152
0.381667 6.53784
0.373848 9.93899
0.330179 8.82245
0.305132 6.37141
0.28624 7.28906
0.281765 7.00418
0.253593 10.4211
0.238062 10.5996
0.234124 8.98307
0.228311 8.74629
0.227725 7.80857
0.205577 9.25329
0.204367 8.29364
0.201965 10.3285
0.183607 7.24706
0.144041 7.31965
0.120281 9.53769
0.111313 7.1481
0.10307 7.12731
0.0916438 8.41984
0.0748341 8.33554
0.0590658 8.48088
0.0580157 8.61696
0.0565785 11.007
0.0407051 11.6217
0.0406286 11.7576
0.0384423 7.07232
0.0271106 9.39231
0.0166324 11.6698
0.011472 10.0094
0.00976262 9.59826
0.00786629 11.5307
0.00648743 10.1267
0.00590059 11.158
0.00294423 8.51498
0.492021 0 0.148998 0.358982 0 
0 0.150416 0.235414 0 0.61417 
0.190187 0 0 0.199492 0.610322 
0 0 1 0 0 
0.171855 0.154486 0.33493 0.338729 0 
0 0 0 0.459773 0.540227 
0 0 0.245661 0.517379 0.236961 
0 0.575856 0 0.424144 0 
0.469116 0 0.188716 0 0.342168 
0.620383 0 0.379617 0 0 
0.271986 0.151971 0.302871 0 0.273172 
0 0 0.167874 0.586981 0.245145 
0 0.221625 0.778375 0 0 
0 0.254339 0 0.125 0.620661 
0.234116 0.377133 0.388751 0 0 
0.418587 0.245403 0 0 0.33601 
0 0.439748 0 0.128418 0.431833 
0.417437 0 0.178856 0 0.403707 
0 0.333278 0.201008 0 0.465714 
0 0 0.387713 0.612287 0 
0 0.35858 0 0.311867 0.329554 
0 0.621252 0 0.189565 0.189183 
0 0.476474 0 0.523526 0 
0.164934 0 0.262047 0.249121 0.323898 
0 0.282129 0.509535 0.208336 0 
0 0 0 0.540568 0.459432 
0 0 0 0 1 
0.103266 0.153088 0.0796762 0.339533 0.324437 
0 0.475744 0.524256 0 0 
0 0.269099 0.574895 0 0.156006 
0 0 0 0.306023 0.693977 
0 0.626047 0 0 0.373953 
0 0.301438 0 0.698562 0 
0.279805 0 0.40622 0.251877 0.0620975 
0 0.600489 0.399511 0 0 
0.46182 0 0 0.53818 0 
0 0.723508 0 0 0.276492 
0 0 0.350914 0.50078 0.148306 
0 0.483002 0 0.516998 0 
0.26206 0.28323 0.249989 0 0.204721 
0 0.475521 0.394043 0 0.130436 
0 0 0.672913 0 0.327087 
0 0.6568 0.3432 0 0 
0.445048 0 0.408974 0 0.145978 
0.1763 0.376525 0 0.447175 0 
0.414099 0.585901 0 0 0 
0.3978 0.215141 0 0.387058 0 
0.12201 0.444019 0 0.433971 0 
0 0.720551 0.279449 0 0 
0.295697 0 0 0.322577 0.381726 
0.785745 0 0 0 0.214255 
0 0.509243 0.490756 0 0 
0.260459 0.223606 0 0 0.515935 
0.122178 0.540573 0.337249 0 0 
0 1 0 0 0 
0 0 0.395438 0.446343 0.158219 
0 0 0.701077 0 0.298923 
0 0.199661 0.0928425 0.515098 0.192398 
0 0 0 0 1 
0 0 0.414462 0 0.585538 
0.175559 0.824441 0 0 0 
0 0.142837 0.432045 0.425118 0 
0 0 0.18812 0.252717 0.559163 
0.137467 0 0 0 0.862533 
0.294074 0.196364 0 0.269433 0.240129 
0 0 0.193268 0.435124 0.371608 
0 0 0 1 0 
0.303229 0.4191 0 0.277672 0 
0 0 0 0.671036 0.328965 
0 0 1 0 0 
0.252412 0 0.410092 0.337496 0 
0 0 1 0 0 
0 0 0 1 0 
0.217148 0.233565 0.142061 0 0.407226 
1 0 0 0 0 
0.348139 0.164414 0 0 0.487447 
0 0.516682 0 0 0.483318 
0 0 0 0 1 
0.398748 0.333099 0 0 0.268153 
0 0.492041 0.232167 0 0.275792 
0 0 0 0.502038 0.497962 
0.652998 0.254633 0 0.092369 0 
0 0 0 0 1 
0 1 0 0 0 
0.706475 0.186313 0 0.107212 0 
0.17953 0 0.82047 0 0 
0 0 0.304859 0.392288 0.302853 
0.389195 0 0.175626 0 0.435179 
0.263022 0 0 0.736978 0 
0 0.209648 0.490739 0 0.299613 
0.220518 0 0.428014 0.351468 0 
0.444553 0.555447 0 0 0 
0.545891 0 0.454109 0 0 
0.815309 0 0 0.184691 0 
0.112392 0.324805 0.148215 0.185724 0.228864 
0.131328 0 0.510916 0.357756 0 
0.102381 0.479641 0.212963 0.0739325 0.131083 
0.249952 0 0 0 0.750048 
0 0.310654 0.145041 0.22081 0.323496 
0 0.865957 0 0 0.134043 
0.27584 0.272205 0 0.126097 0.325858 
0 0 0 1 0 
0.200024 0.326012 0.473964 0 0 
0 0 0.168747 0.4318 0.399453 
0 0 0 0 1 
0.227086 0 0.417393 0.355521 0 
0 0.157391 0 0.25588 0.586729 
0.43513 0 0.176294 0.23747 0.151106 
0 0.281094 0.116297 0.602609 0 
0 0 0.556001 0.443999 0 
0.403836 0.11415 0.240042 0.241971 0 
0 0 0 1 0 
0.267709 0.149167 0 0.583124 0 
0 0 0.650451 0 0.349549 
0 1 0 0 0 
0.343834 0 0.656166 0 0 
0 0.514146 0.485854 0 0 
0 0 1 0 0 
0.334805 0 0 0.32704 0.338155 
0 0 0.162267 0.652512 0.185221 
1 0 0 0 0 
0 0.174895 0.241072 0.340545 0.243487 
0 1 0 0 0 
0.70011 0 0 0.29989 0 
0.220377 0 0 0.485681 0.293942 
0 0.208889 0.325084 0 0.466027 
0.624731 0 0 0.375269 0 
0 0.291792 0 0.708208 0 
0.343404 0.51882 0.137776 0 0 
0 0.479042 0.520958 0 0 
0 0 0.452096 0.547904 0 
0 0 0 0.827874 0.172125 
0 0.459289 0.540711 0 0 
0 0.328837 0.671163 0 0 
0.347575 0.312158 0 0 0.340268 
0.572792 0 0 0 0.427208 
0 0 0 0 1 
0.204953 0.239341 0.343489 0 0.212216 
0 0 0.166321 0.178168 0.655511 
1 0 0 0 0 
0.19032 0.397165 0.282848 0 0.129666 
0 0.323024 0.136417 0.540559 0 
0 0.557391 0.265965 0.176644 0 
0.162585 0.331589 0.155627 0 0.350199 
0 0.612668 0 0 0.387332 
1 0 0 0 0 
0 0 0 0.622382 0.377618 
1 0 0 0 0 
0.0904299 0.392478 0.517092 0 0 
0 0.432457 0.567543 0 0 
