5 150
0.735321
0.485267
0.503792
0.660352
0.252319
10.9969 0.554104
10.8919 0.223925
10.2573 0.540337
10.2456 0.895909
8.95709 0.988147
8.82544 1.21284
8.49046 1.72167
8.46675 0.466019
7.93975 0.271613
7.8828 1.1971
7.86932 1.54958
7.81532 1.17595
7.76128 1.1161
7.68399 0.987518
7.65496 0.721022
7.64762 1.93814
7.64042 1.21369
7.54296 0.562499
7.45815 2.14625
7.45799 0.518388
7.45266 1.70871
7.39498 1.68598
7.36033 0.591013
6.88843 1.66566
6.61229 2.23097
6.57369 2.14511
6.41439 0.617912
6.33512 2.48538
6.31273 3.57633
6.15289 2.48816
6.12537 2.68141
5.84965 1.39856
5.71958 1.499
5.66134 2.27461
5.51836 2.62281
5.48158 2.85152
5.43812 1.57055
5.43255 3.12133
5.37006 2.01951
5.34741 2.84219
5.28233 2.89144
5.22585 2.42997
5.1438 1.88338
5.04069 3.37808
4.95488 1.84879
4.8849 3.84466
4.87574 2.57039
4.80782 2.47642
4.8015 3.55751
4.70436 2.82278
4.65681 2.68542
4.54832 3.32784
4.50685 3.3476
4.30266 4.21123
4.15803 3.75016
4.15296 3.2091
3.98347 4.04473
3.92403 4.01078
3.9105 4.87168
3.88346 2.65648
3.60203 4.80696
3.564 2.68793
3.53089 2.72011
3.50943 3.43743
3.45265 4.63794
3.31731 4.30375
3.25187 3.69324
3.16493 3.75721
3.12886 5.59842
2.99969 4.10912
2.83576 3.7191
2.78248 4.37015
2.74373 4.20566
2.72047 3.57784
2.70134 5.0024
2.68882 3.69936
2.58955 4.73792
2.55836 3.89386
2.52264 5.49828
2.47997 5.76468
2.44139 3.32447
2.40608 5.45612
2.38083 6.12906
2.18022 4.73074
2.1782 5.72405
2.17391 5.57797
2.17137 5.02906
1.93955 7.09998
1.92316 7.09609
1.77208 5.2859
1.68144 6.25657
1.64254 7.62766
1.62624 6.15886
1.52225 5.84557
1.48974 7.05951
1.43092 4.78905
1.40014 7.05147
1.31447 4.85771
1.22855 7.07073
1.20941 7.8169
1.20816 5.33051
1.19011 6.60218
1.13148 7.8586
1.1284 6.59913
1.09979 5.92412
1.05687 7.91958
0.995522 8.23252
0.949672 7.50557
0.86137 6.16189
0.827582 5.4811
0.824155 6.64218
0.796622 5.27568
0.7948 8.38722
0.765615 7.64364
0.708964 8.80088
0.677465 6.16179
0.623983 5.99715
0.561494 7.73744
0.543225 9.60604
0.499934 7.89553
0.496425 8.24458
0.484094 6.38655
0.47206 7.56666
0.42774 6.69991
0.386752 9.28911
0.378024 8.28821
0.345276 9.18381
0.329191 9.20524
0.275456 9.70317
0.225642 6.80014
0.218926 6.56013
0.216947 7.57049
0.205915 10.1501
0.188877 9.08436
0.140219 7.30948
0.137982 8.05034
0.123693 7.64663
0.122584 10.9103
0.0727752 8.64563
0.0658656 9.21003
0.0589297 11.0182
0.0443827 9.40889
0.0200547 8.4976
0.0186873 8.51866
0.0178158 11.6774
0.0176773 9.7201
0.0112368 9.22741
0.00966669 9.85095
0.00759683 10.1679
0.00334943 11.7032
0 0 0 0 1 
0 0 0 0 1 
0 0 0 1 0 
0 0 0 1 0 
0 0 1 0 0 
0 0 0 1 0 
0 0 0 1 0 
0 0 1 0 0 
0 1 0 0 0 
1 0 0 0 0 
0 0 0 1 0 
0 1 0 0 0 
0 0 1 0 0 
0 0 0 1 0 
0 0 1 0 0 
0 0 1 0 0 
0 1 0 0 0 
0 1 0 0 0 
1 0 0 0 0 
1 0 0 0 0 
0 0 0 1 0 
0 0 0 1 0 
0 0 0 1 0 
0 0 0 1 0 
1 0 0 0 0 
0 0 0 1 0 
0 1 0 0 0 
0 0 0 1 0 
1 0 0 0 0 
0 1 0 0 0 
0 1 0 0 0 
0 0 0 0 1 
1 0 0 0 0 
0 0 0 0 1 
0 1 0 0 0 
0 0 0 0 1 
0 1 0 0 0 
0 0 0 1 0 
0 0 0 1 0 
0 1 0 0 0 
1 0 0 0 0 
1 0 0 0 0 
0 1 0 0 0 
0 0 0 0 1 
0 0 1 0 0 
1 0 0 0 0 
0 0 1 0 0 
0 0 1 0 0 
0 0 0 1 0 
0 1 0 0 0 
0 0 0 0 1 
1 0 0 0 0 
0 0 0 0 1 
0 0 0 0 1 
0 1 0 0 0 
0 0 0 1 0 
1 0 0 0 0 
0 0 0 0 1 
0 0 0 1 0 
0 0 0 1 0 
1 0 0 0 0 
0 0 1 0 0 
0 0 0 1 0 
0 0 0 1 0 
1 0 0 0 0 
0 1 0 0 0 
0 0 0 1 0 
1 0 0 0 0 
0 0 1 0 0 
0 0 0 1 0 
0 1 0 0 0 
1 0 0 0 0 
1 0 0 0 0 
0 0 1 0 0 
0 0 0 1 0 
0 0 1 0 0 
1 0 0 0 0 
0 1 0 0 0 
0 0 0 0 1 
0 1 0 0 0 
0 0 1 0 0 
0 0 0 0 1 
0 0 0 1 0 
1 0 0 0 0 
0 1 0 0 0 
0 0 0 1 0 
0 0 0 0 1 
0 0 0 0 1 
1 0 0 0 0 
0 0 1 0 0 
0 1 0 0 0 
0 1 0 0 0 
1 0 0 0 0 
0 0 0 1 0 
0 0 0 1 0 
0 0 0 1 0 
0 0 1 0 0 
1 0 0 0 0 
0 0 1 0 0 
0 0 0 0 1 
0 1 0 0 0 
0 0 0 0 1 
0 0 0 0 1 
0 0 0 0 1 
1 0 0 0 0 
1 0 0 0 0 
0 1 0 0 0 
0 0 0 1 0 
0 0 1 0 0 
0 0 0 1 0 
1 0 0 0 0 
0 0 1 0 0 
1 0 0 0 0 
0 0 0 1 0 
0 0 0 1 0 
0 0 0 0 1 
0 1 0 0 0 
0 0 1 0 0 
0 1 0 0 0 
0 0 0 1 0 
0 0 0 0 1 
1 0 0 0 0 
0 0 1 0 0 
1 0 0 0 0 
1 0 0 0 0 
0 0 0 1 0 
0 0 0 0 1 
1 0 0 0 0 
0 0 0 0 1 
0 0 0 1 0 
0 0 0 1 0 
0 0 1 0 0 
0 1 0 0 0 
0 1 0 0 0 
0 1 0 0 0 
1 0 0 0 0 
0 0 0 0 1 
0 0 0 0 1 
0 1 0 0 0 
1 0 0 0 0 
0 0 0 1 0 
0 0 0 0 1 
0 1 0 0 0 
0 1 0 0 0 
0 0 0 0 1 
0 0 0 0 1 
0 0 0 0 1 
0 1 0 0 0 
0 0 0 0 1 
0 1 0 0 0 
