5 100
0.450217
0.441382
0.277436
0.329699
0.274613
10.5124 0.301237
10.421 0.524243
9.28778 0.419447
8.82869 0.968544
8.66966 0.238409
8.51537 0.924657
8.33695 0.629938
8.33015 1.69651
8.1645 0.276712
8.07341 0.362585
7.93936 0.186585
7.78359 0.889338
7.56903 0.679011
6.8274 2.51203
6.42758 2.17852
6.38375 2.46045
6.31211 2.5759
6.25766 2.36678
6.23273 0.971872
6.20004 3.02571
6.18399 1.4516
5.98112 1.98712
5.7556 1.81892
5.44018 3.11358
5.181 3.17665
5.14423 3.01971
5.09768 1.43416
4.80498 2.26843
4.76928 3.97013
4.72044 2.88654
4.69005 3.73285
4.6556 4.07421
4.5793 3.76729
4.34614 3.64903
4.10119 3.83956
4.09559 4.01876
3.9879 2.37873
3.85611 3.66892
3.84157 3.41648
3.76003 4.22277
3.57869 2.52472
3.42775 4.47216
3.28738 3.95301
3.17683 3.10525
3.01274 4.5678
2.97581 4.95805
2.5777 6.44883
2.46079 5.42499
2.45557 5.37159
2.34032 5.87117
2.30506 4.2205
2.25247 3.93198
2.22622 6.01663
2.20786 3.59622
2.16894 5.8653
2.09153 5.87742
2.03188 6.9243
1.87172 5.96364
1.80003 5.08565
1.65236 4.6463
1.53639 7.18472
1.43308 6.45872
1.23773 6.26699
1.17247 5.75514
1.16652 5.136
1.16439 8.30403
1.16067 6.24186
0.943931 6.01849
0.814288 7.00928
0.786758 6.50739
0.764639 8.66274
0.738155 8.24048
0.595752 7.02091
0.586277 8.84372
0.567024 7.17344
0.522558 7.11495
0.503308 8.0624
0.457513 8.13905
0.438706 7.57422
0.408351 9.00672
0.386425 8.26058
0.367144 9.32708
0.341362 8.09467
0.247925 8.73534
0.232937 6.46858
0.216112 9.51197
0.19968 9.84441
0.152914 7.24933
0.15071 9.84023
0.0793045 8.38262
0.0780373 10.9943
0.0741305 10.0652
0.071672 8.48765
0.0609692 10.4123
0.057853 9.18968
0.0563245 10.712
0.0379866 7.82531
0.0264713 9.62505
0.00673201 12.0817
0.00147437 11.0542
0.338888 0.164412 0.0887864 0 0.407914 
0.433712 0 0.255865 0.310422 0 
0.161239 0.568732 0 0.270029 0 
0 0 1 0 0 
0.278587 0 0.506213 0.10745 0.107749 
0.187679 0 0 0.428027 0.384295 
0.357311 0 0 0.642689 0 
0.400369 0 0.127082 0 0.472549 
0 0 0.441455 0.435509 0.123036 
0.161139 0 0.251009 0.260093 0.32776 
0 0.867906 0 0.132094 0 
0 0.396949 0 0.0848358 0.518215 
0.419272 0.313529 0.267199 0 0 
0 0.342068 0.291756 0.100594 0.265581 
0.254184 0 0.321567 0 0.424249 
0.564715 0 0.183224 0.252061 0 
0.410592 0.335396 0 0.254012 0 
1 0 0 0 0 
0.456087 0 0.543913 0 0 
0.195679 0.804321 0 0 0 
0 0.296491 0.129143 0.278413 0.295953 
0.416169 0.317854 0 0 0.265977 
0.377077 0.244598 0.0731647 0.305161 0 
0 0 0.51006 0 0.489939 
0 0.160773 0.236209 0.603018 0 
0.36063 0.286958 0 0.352412 0 
1 0 0 0 0 
0.312597 0.0682167 0.338443 0 0.280743 
0 0.190874 0.292565 0.229086 0.287475 
0.256203 0.41822 0 0.325578 0 
0.553597 0 0.446403 0 0 
0 0.401978 0.411204 0.186817 0 
0 0 0.419809 0.580191 0 
0.38119 0 0.148689 0 0.470121 
0.478062 0.250727 0 0 0.271211 
0.1804 0 0.288113 0.255961 0.275526 
0.370532 0.377506 0 0.251962 0 
0 0 1 0 0 
0.215306 0.612419 0.172274 0 0 
0.441773 0 0.422089 0 0.136138 
0.329818 0 0.302058 0 0.368124 
0.155141 0.844859 0 0 0 
0 0.259731 0.288641 0.153634 0.297993 
0.143693 0.280558 0.356445 0.0597427 0.159561 
1 0 0 0 0 
0 0 0 1 0 
0 0.16254 0 0.458088 0.379372 
0.149538 0.286535 0.17873 0.097132 0.288065 
1 0 0 0 0 
0.492593 0 0.0801124 0.352877 0.0744176 
0 0.0814974 0.0817403 0.473169 0.363594 
0.111187 0 0.251436 0.314642 0.322735 
0 0 0.827004 0.172996 0 
0.739901 0 0.260099 0 0 
0.0784881 0.309326 0 0.612186 0 
0.293224 0 0.33789 0 0.368886 
0.0968606 0 0 0.247492 0.655647 
0.425441 0 0.574559 0 0 
0 0 0.247594 0.642554 0.109853 
0.330275 0 0 0.669725 0 
0 0 0 1 0 
0 0.865281 0.134719 0 0 
0.340187 0 0.226818 0.432995 0 
0.230757 0 0 0.448807 0.320436 
0 0 0.502685 0 0.497315 
0.803313 0.196687 0 0 0 
0.293973 0.305774 0.127089 0 0.273164 
0.739814 0 0.260186 0 0 
0 0.492046 0.507954 0 0 
0.0909419 0.096273 0.269023 0.233397 0.310364 
0.5574 0.4426 0 0 0 
0.639616 0.147387 0 0.212997 0 
0 0.727101 0 0.272899 0 
0 0.298287 0 0.0961976 0.605516 
0.306196 0 0.454803 0.239001 0 
0.139033 0.341106 0.138612 0.0465825 0.334667 
0.315413 0.149483 0 0.174338 0.360766 
0.112165 0 0.24458 0.345082 0.298173 
0 0.390628 0 0.363885 0.245487 
0.581551 0.0978734 0.0981329 0.222443 0 
0.199294 0.0856248 0.540592 0.174489 0 
0 0.294407 0.27789 0.268366 0.159337 
0 0.293291 0.192523 0.236084 0.278101 
0.763561 0 0.236439 0 0 
0.0679842 0.453285 0 0.169675 0.309055 
0.261286 0 0.153434 0 0.58528 
0.293431 0.118474 0 0.261374 0.326721 
0 0.175316 0.1889 0.326507 0.309277 
0.488366 0 0.26179 0 0.249844 
0.427405 0 0.137608 0.434987 0 
0.295545 0.274839 0.138015 0.230957 0.0606443 
0.402663 0.201165 0.231779 0 0.164393 
0 0 0.352009 0.351808 0.296183 
0.207356 0 0 0.217793 0.574851 
0.161452 0.342842 0 0.1656 0.330105 
0 0.218403 0 0.477387 0.30421 
0.179769 0 0.320172 0 0.500059 
0.368243 0.266539 0 0.13063 0.234587 
0.891441 0 0.108559 0 0 
0.1147 0.37531 0 0.192064 0.317925 
