5 200
0.609737
0.44718
0.663282
0.643933
0.622463
11.676 0.330569
11.482 0.123607
10.3392 0.255644
10.3255 0.524838
9.60068 1.07088
9.38004 1.06071
9.36624 0.785146
9.34525 0.710454
9.0254 0.404319
8.77501 1.0467
8.71232 0.236638
8.47409 0.404057
8.34291 0.698263
8.12262 1.66727
8.01424 0.604541
8.00072 0.136348
7.90506 0.397442
7.52487 1.10186
7.43503 0.159589
7.28797 1.55679
7.22579 1.96655
7.07442 0.577221
7.06451 1.69547
7.02713 0.511458
6.99787 1.5666
6.99336 1.30108
6.98734 1.2094
6.85203 2.2957
6.77171 0.784619
6.57703 2.45555
6.34983 1.83505
6.3259 2.30089
6.30583 2.62416
6.13063 1.24757
6.05631 1.32033
5.82702 3.06219
5.81655 1.24601
5.80134 2.76287
5.72862 2.77026
5.70806 3.77687
5.59045 1.62482
5.45686 2.08095
5.29783 3.18902
5.29346 3.01734
5.28107 3.50134
5.10432 2.68912
5.00058 2.75218
4.94368 3.15417
4.91134 2.33019
4.90871 2.00193
4.88797 2.49762
4.75247 3.92186
4.7466 2.89312
4.68674 2.40554
4.55926 2.39971
4.48998 2.62707
4.47442 3.31324
4.44126 2.98471
4.38932 3.52142
4.23451 2.74281
4.2274 2.37744
4.12771 4.14855
4.09395 5.20164
4.08159 3.39154
3.95799 3.67943
3.88381 3.94955
3.86257 3.8217
3.85148 3.92171
3.8082 3.27808
3.78267 3.12525
3.74263 4.39096
3.7251 4.83657
3.70942 3.7493
3.556 5.05732
3.54853 4.12988
3.49972 5.26394
3.36451 4.1997
3.31206 5.41016
3.29809 3.69841
3.29662 3.40725
3.22835 3.88506
3.22604 5.39043
3.2227 4.34623
3.14592 3.9855
3.14271 4.05553
3.14116 4.43674
3.04538 5.28339
3.01926 5.99974
2.79284 3.72825
2.72952 3.74307
2.72941 4.13765
2.67726 4.90574
2.61968 4.5754
2.52213 3.40525
2.50066 4.83606
2.49293 4.29916
2.45365 5.04107
2.4423 4.37406
2.39808 5.69516
2.35235 4.44518
2.24256 6.65657
2.20763 6.08164
2.19913 5.62917
2.17962 5.72303
2.14382 5.45189
2.13679 5.4565
2.13608 4.40622
2.11916 5.3469
2.04626 5.009
2.0053 4.73626
1.94965 5.86423
1.93448 5.99129
1.9278 5.16665
1.90125 6.24908
1.89437 4.55962
1.83894 5.63597
1.83295 6.01726
1.7542 5.6162
1.70662 7.13576
1.6799 6.97024
1.65884 6.27273
1.64643 6.47199
1.60635 6.1607
1.56951 5.06242
1.43784 6.05129
1.3651 5.39473
1.35748 5.35511
1.30243 6.9468
1.28736 7.74562
1.2188 5.27755
1.21477 5.23665
1.20299 6.57115
1.16599 6.87372
1.15724 6.49857
1.12843 4.95244
1.08176 8.40723
1.07802 6.59785
1.07749 7.48818
1.05646 6.37401
1.05551 6.33135
1.04304 5.87867
1.02672 7.70077
0.978644 5.98637
0.942321 4.97527
0.934112 5.13361
0.914613 5.78339
0.801909 6.71642
0.773073 6.913
0.764497 8.7786
0.759381 8.87656
0.756011 7.24397
0.753719 7.04338
0.719149 6.61825
0.679585 8.96384
0.609573 5.60023
0.605576 8.92942
0.559634 5.48389
0.553798 5.77403
0.550796 8.45368
0.515741 8.90734
0.423033 7.29546
0.393205 9.20504
0.388771 9.27169
0.356684 7.29289
0.346362 9.17807
0.306591 7.54539
0.297088 7.32301
0.278409 10.3511
0.267026 10.3872
0.232724 7.58385
0.227799 6.57923
0.203379 8.59594
0.19882 9.21382
0.196799 6.69438
0.195075 8.51869
0.190881 8.66996
0.118709 7.89316
0.10826 7.84976
0.103011 8.63695
0.0967619 8.64114
0.0955808 9.6805
0.0950041 10.2302
0.0948934 11.0823
0.074643 10.289
0.060406 8.43885
0.0599682 7.95965
0.0532938 8.66096
0.0496502 8.05232
0.044985 7.82996
0.0438122 7.21621
0.0378051 10.8903
0.0349408 10.3868
0.0255373 11.3216
0.0238197 7.51323
0.02131 7.86814
0.0191994 10.1009
0.00838557 11.6493
0.00528868 10.2339
0.00372779 8.91356
0.00252265 11.3548
1 0 0 0 0 
0.379844 0.411513 0 0 0.208643 
0.486183 0.446977 0 0 0.0668395 
0 0 0.709129 0 0.290871 
0 1 0 0 0 
0 0 1 0 0 
0.159204 0.486944 0 0.353852 0 
0 1 0 0 0 
0 0 1 0 0 
0 0.386467 0.20973 0 0.403802 
0 0.525669 0 0.474331 0 
0 0 0 0 1 
0 0.576743 0 0 0.423257 
0 0.334999 0 0.435994 0.229007 
0 0.264294 0.735706 0 0 
0.418406 0 0 0.361999 0.219594 
0 0 0 1 0 
0 0.501921 0.498079 0 0 
0 0.108318 0.430568 0 0.461114 
1 0 0 0 0 
0 0 0.525291 0.474709 0 
0 0 0 0 1 
0 0 0.727889 0 0.272111 
0 0.652907 0 0 0.347093 
0 1 0 0 0 
0.566273 0 0 0 0.433727 
0 0 0.191327 0 0.808673 
1 0 0 0 0 
0.797515 0 0 0 0.202485 
0 0 0 0.580478 0.419522 
1 0 0 0 0 
0 0.598528 0.401472 0 0 
0 0 1 0 0 
0 0.306509 0.294471 0.39902 0 
0.260202 0.511933 0 0.227864 0 
0 0 0 0.552442 0.447558 
0 0 0 0 1 
0 0 0.522047 0 0.477953 
0 0 0 1 0 
0 0 0 1 0 
0 0.368588 0 0.631412 0 
0 0 0.60013 0.39987 0 
0 0.0872086 0.335719 0.20021 0.376862 
0.60245 0 0.39755 0 0 
0.21204 0.12678 0.309314 0 0.351866 
0 0 0.492819 0.507181 0 
0 0.361412 0.137535 0.240061 0.260992 
0 0.540676 0 0 0.459324 
1 0 0 0 0 
0.862579 0.137421 0 0 0 
0 0.41896 0.58104 0 0 
0.56354 0 0.43646 0 0 
0.287499 0 0 0.712501 0 
0 0 1 0 0 
0 0 0 0.495024 0.504976 
0 0 1 0 0 
0 0.522949 0 0.477051 0 
0.0733294 0.289124 0 0.379993 0.257553 
0.389163 0.610837 0 0 0 
0 0.302211 0 0.23894 0.458849 
0.427612 0 0.157903 0 0.414486 
1 0 0 0 0 
0.460951 0 0.0904703 0.448579 0 
0 0.144737 0.300838 0.256397 0.298028 
0 0 1 0 0 
0.360157 0 0.267945 0 0.371898 
0 0 1 0 0 
0 0 0.548805 0 0.451195 
0 0.463513 0.536487 0 0 
0 0.478679 0.388121 0.133199 0 
0.739801 0 0 0.260199 0 
0.642156 0 0.357844 0 0 
1 0 0 0 0 
0 0.679017 0.320983 0 0 
0 0 0 0 1 
0 0.31653 0.280656 0.402814 0 
0.267033 0.186824 0 0.186947 0.359196 
0.278937 0 0 0 0.721063 
0.293896 0 0.706104 0 0 
0 0 0 0 1 
0 0 0 1 0 
0 0 0.385728 0.238921 0.375352 
0 0 1 0 0 
0.841526 0 0 0.158474 0 
0 0 0.799652 0 0.200348 
0.550161 0.340127 0 0 0.109712 
0 0 1 0 0 
0.584982 0 0.415018 0 0 
0 0.38005 0 0.61995 0 
0 0 0 1 0 
0 0 0 1 0 
0 0.448057 0 0.551943 0 
1 0 0 0 0 
0.502189 0 0 0 0.497811 
0 0.664192 0.335808 0 0 
0 0 0 1 0 
0 1 0 0 0 
0 0 0.176114 0.823886 0 
0.117407 0.0644163 0.37208 0.0880967 0.358 
0 0.250655 0 0 0.749345 
0.11799 0 0 0.28441 0.597599 
0 0 0.505369 0.494631 0 
1 0 0 0 0 
0.354643 0.206665 0.438692 0 0 
0 0 0 0 1 
1 0 0 0 0 
0.257282 0 0.468653 0.274066 0 
0 0 0.392806 0.607194 0 
0.734529 0 0 0.265471 0 
0.390361 0 0 0.609639 0 
0.408495 0 0 0.591505 0 
0 0.525422 0.250268 0.22431 0 
1 0 0 0 0 
0.309193 0 0 0.690807 0 
0.317384 0 0 0.18882 0.493796 
0 0.5166 0 0 0.4834 
0 0.430287 0 0 0.569713 
0 0.504056 0.495944 0 0 
0 0 0.743629 0 0.256371 
0 0.191413 0.133404 0.336086 0.339098 
0.666313 0 0 0.333687 0 
0.671578 0.328422 0 0 0 
0 0.344651 0 0.436097 0.219252 
0 0.513024 0 0.486976 0 
0 0 1 0 0 
0 0 0 1 0 
0 0.560075 0 0.439925 0 
0 0 0 0 1 
0.70965 0 0.29035 0 0 
0.192982 0 0.807018 0 0 
0.131827 0 0.490623 0 0.377551 
0 0.560358 0 0.439642 0 
0 0.749441 0.250559 0 0 
1 0 0 0 0 
0.390086 0 0.14152 0.468394 0 
0 0 0.255783 0 0.744217 
0 0 0.501579 0 0.498421 
0 0.467095 0.214386 0 0.318519 
0 0.641516 0.358484 0 0 
1 0 0 0 0 
0 0 0.855575 0.144425 0 
0.573491 0 0 0 0.426509 
0.740252 0 0 0 0.259748 
0.706119 0 0 0 0.293881 
0.36722 0 0 0.231286 0.401494 
0 0 0 0 1 
0 0.502465 0.497535 0 0 
0 0 0.619696 0 0.380304 
0 0.0790828 0.471443 0.449474 0 
0 0.372714 0 0 0.627286 
0 0.353508 0.545964 0 0.100528 
0 0.649585 0 0 0.350415 
0 0 0 0 1 
0 0.352441 0.34449 0.303069 0 
0.219993 0 0.306622 0.473385 0 
0 0.402969 0 0.597031 0 
0 0 0.84382 0 0.15618 
1 0 0 0 0 
0 0.473157 0 0.219139 0.307704 
0 0.443778 0.431227 0.124996 0 
0 1 0 0 0 
0 0.509209 0 0 0.490791 
0.366301 0.138369 0 0.35481 0.14052 
0 0.277069 0.201702 0 0.521229 
1 0 0 0 0 
0.692252 0 0 0 0.307748 
0 0 0 0.663994 0.336006 
0 0 0 0 1 
0 0 0 1 0 
1 0 0 0 0 
0 0.156361 0 0 0.843639 
0 0 0 0 1 
0 0.235499 0 0.764501 0 
0 1 0 0 0 
0 0.40986 0 0.59014 0 
0.197376 0.20215 0.600474 0 0 
0 0.525504 0 0 0.474496 
0.492437 0.507563 0 0 0 
0.285211 0.714789 0 0 0 
0.80388 0.19612 0 0 0 
0 0 0.352052 0.467031 0.180917 
0 0 0.515913 0.484087 0 
0.624309 0.375692 0 0 0 
0.735203 0 0 0.264797 0 
0.340139 0 0 0.367564 0.292297 
0 0 1 0 0 
0 0.429341 0 0.570659 0 
0.541929 0 0 0 0.458071 
0 0 1 0 0 
0.339956 0 0 0.108984 0.551059 
0 0 0.723807 0 0.276194 
0 0 0 0 1 
0.44445 0.55555 0 0 0 
0 0 0 0.574124 0.425876 
0 0 1 0 0 
0 0.572247 0.427753 0 0 
0.680616 0.319384 0 0 0 
0.389006 0 0 0 0.610995 
0 0.515894 0 0 0.484106 
0 0 0 0 1 
