5 150
0.257248
0.267472
0.468039
0.270081
0.610485
11.9137 0.191047
11.2933 0.453908
10.1888 0.619765
9.6834 0.432946
9.57232 0.223541
9.2953 0.682907
9.27653 1.35851
9.11062 1.0591
8.71291 0.664402
8.54011 1.30152
7.66515 0.511688
7.54947 1.8937
7.52168 1.93867
7.46607 0.255354
7.35059 0.473926
7.23594 2.4353
7.11778 0.674726
7.0822 1.77452
7.0224 1.17511
6.94709 2.34148
6.40131 1.43089
6.24373 1.47038
6.18476 2.27354
6.1556 3.07391
5.93501 1.05922
5.83581 2.53661
5.69992 2.72337
5.68374 3.32529
5.62373 3.15356
5.54846 2.10556
5.50599 3.42791
5.39716 1.70069
5.19131 1.72827
5.13131 2.644
5.1003 1.93918
5.09305 2.97582
5.00072 1.9189
4.87049 3.67103
4.84538 2.9623
4.78783 2.14243
4.76227 3.83343
4.58994 4.32081
4.49282 1.83533
4.28573 3.09164
4.12265 4.88757
4.11153 3.6748
4.0661 3.84661
4.06188 3.37439
3.97102 5.05026
3.92801 3.08283
3.90291 3.23048
3.7291 3.21816
3.48228 3.50413
3.44812 3.74075
3.35606 4.62052
3.34159 4.58357
3.23563 4.55126
3.13702 4.04306
3.01896 4.51733
2.95286 4.50777
2.9426 4.14902
2.87668 4.94916
2.84188 4.38294
2.82343 4.81661
2.77012 5.3355
2.75717 3.74602
2.69248 5.15042
2.68143 5.6916
2.55256 4.49599
2.53883 4.20474
2.53017 5.41527
2.51733 3.68842
2.47308 5.14007
2.3444 4.30621
2.30606 5.01801
2.25 6.51158
2.13374 5.72041
2.10025 5.13675
2.08551 4.35214
1.97458 5.31286
1.93129 4.93329
1.91643 5.92819
1.81493 6.48465
1.73617 6.72574
1.72878 6.30546
1.7162 5.29901
1.67436 5.24274
1.50055 6.30952
1.45335 5.38064
1.40167 5.18426
1.34853 6.96941
1.33822 7.54355
1.28919 6.12711
1.25009 6.40575
1.24266 6.47295
1.23502 6.11941
1.2036 7.43218
1.15841 7.12346
1.04838 7.39416
1.03951 6.2543
0.954645 6.77226
0.826578 6.8868
0.813607 6.44216
0.806409 8.3479
0.791446 6.48177
0.774866 8.23929
0.758777 7.5825
0.67011 8.83257
0.612916 7.39953
0.607609 6.85994
0.59167 6.79514
0.568024 7.94388
0.551478 7.99931
0.529123 7.35743
0.452136 6.68189
0.422303 8.64048
0.392967 8.60385
0.362899 9.62399
0.351974 9.70326
0.350949 9.22671
0.330272 9.40792
0.272065 8.76032
0.248863 8.2604
0.215177 6.72423
0.213333 8.6117
0.211188 10.211
0.206074 10.3006
0.198603 9.93666
0.173147 7.26478
0.138921 10.3219
0.122251 7.88159
0.111921 8.12138
0.0974319 7.02169
0.0883336 9.26655
0.0830918 9.51555
0.074137 10.0489
0.0666897 7.58322
0.0616371 10.31
0.0586552 6.94784
0.0424564 9.53007
0.0355501 8.54787
0.033531 10.465
0.0310643 9.54535
0.029851 10.9588
0.0142646 7.81188
0.0112868 11.2225
0.0033747 7.91666
0.00294433 12.0445
0.00262641 9.74913
0.00191779 12.17
0 0 0 0 1 
1 0 0 0 0 
0 1 0 0 0 
0 0 1 0 0 
0 1 0 0 0 
0 0 0 1 0 
0 0 0 0 1 
0 0 0 0 1 
0 0 0 0 1 
1 0 0 0 0 
0 0 0 0 1 
0 0 0 0 1 
0 1 0 0 0 
0 1 0 0 0 
0 0 0 0 1 
0 0 0 0 1 
0 0 0 1 0 
1 0 0 0 0 
1 0 0 0 0 
0 1 0 0 0 
0 0 0 0 1 
0 0 1 0 0 
0 1 0 0 0 
0 0 0 1 0 
1 0 0 0 0 
0 0 0 0 1 
0 0 1 0 0 
1 0 0 0 0 
0 0 0 0 1 
1 0 0 0 0 
0 1 0 0 0 
1 0 0 0 0 
0 1 0 0 0 
1 0 0 0 0 
0 0 0 0 1 
0 0 0 0 1 
0 0 0 1 0 
0 0 0 0 1 
1 0 0 0 0 
1 0 0 0 0 
0 0 0 1 0 
0 1 0 0 0 
0 0 0 0 1 
0 1 0 0 0 
0 0 0 1 0 
0 1 0 0 0 
0 0 0 1 0 
1 0 0 0 0 
1 0 0 0 0 
0 0 0 1 0 
0 0 0 1 0 
0 0 0 1 0 
0 0 1 0 0 
0 0 1 0 0 
0 0 0 0 1 
0 1 0 0 0 
0 1 0 0 0 
0 0 1 0 0 
1 0 0 0 0 
0 0 0 1 0 
0 0 0 0 1 
1 0 0 0 0 
0 0 0 0 1 
0 0 1 0 0 
0 0 0 1 0 
1 0 0 0 0 
0 0 0 0 1 
0 0 0 0 1 
1 0 0 0 0 
0 0 0 1 0 
0 1 0 0 0 
1 0 0 0 0 
0 0 0 1 0 
0 1 0 0 0 
0 0 0 0 1 
0 1 0 0 0 
0 0 1 0 0 
1 0 0 0 0 
1 0 0 0 0 
0 1 0 0 0 
0 0 0 0 1 
0 0 0 1 0 
0 1 0 0 0 
0 0 0 0 1 
0 0 0 1 0 
0 0 0 0 1 
0 1 0 0 0 
0 0 0 0 1 
0 0 1 0 0 
1 0 0 0 0 
0 1 0 0 0 
1 0 0 0 0 
0 1 0 0 0 
0 0 0 1 0 
0 0 0 0 1 
0 0 0 1 0 
0 0 0 1 0 
0 0 0 1 0 
0 1 0 0 0 
1 0 0 0 0 
0 0 1 0 0 
0 1 0 0 0 
0 0 0 0 1 
0 1 0 0 0 
0 0 0 1 0 
0 0 0 0 1 
1 0 0 0 0 
1 0 0 0 0 
0 0 1 0 0 
1 0 0 0 0 
0 0 1 0 0 
1 0 0 0 0 
1 0 0 0 0 
0 0 0 0 1 
0 0 0 0 1 
0 1 0 0 0 
0 0 0 1 0 
0 1 0 0 0 
0 0 0 0 1 
0 1 0 0 0 
0 0 1 0 0 
1 0 0 0 0 
0 0 0 0 1 
0 1 0 0 0 
1 0 0 0 0 
0 1 0 0 0 
0 0 0 0 1 
0 1 0 0 0 
0 0 1 0 0 
0 0 0 1 0 
0 0 1 0 0 
0 0 0 1 0 
1 0 0 0 0 
0 0 0 1 0 
0 0 0 1 0 
0 0 0 1 0 
0 0 0 0 1 
0 1 0 0 0 
1 0 0 0 0 
0 0 0 1 0 
0 0 1 0 0 
0 1 0 0 0 
0 0 0 0 1 
0 0 1 0 0 
0 0 0 0 1 
0 0 1 0 0 
0 0 1 0 0 
0 1 0 0 0 
0 1 0 0 0 
0 0 1 0 0 
