5 50
0.41715
0.602962
0.500679
0.351108
0.692228
9.46322 0.699149
7.823 1.28258
7.24554 0.989921
7.21521 0.28396
6.97426 1.20346
6.53164 1.9182
6.30904 2.27615
5.75348 1.33513
5.62585 1.80934
5.54841 1.99617
5.21407 1.43464
4.64237 2.45942
4.44906 2.80275
4.40754 2.77626
4.16571 3.49017
3.71194 4.38621
3.59777 4.25462
3.52714 4.2905
3.40129 3.86831
3.37229 4.26323
3.07217 3.43516
2.91397 3.85999
2.81798 4.30836
2.66148 3.91147
2.30852 3.77276
2.17255 5.95468
1.85613 6.67417
1.80719 6.11518
1.61558 7.27756
1.18903 7.42676
0.937618 6.64927
0.847893 8.62612
0.701407 7.86186
0.620959 5.94283
0.597494 6.09104
0.55918 7.5249
0.527384 9.42402
0.482212 8.23851
0.333551 7.00724
0.302295 9.03456
0.294797 8.14812
0.213754 6.66464
0.165402 8.54074
0.106854 7.42404
0.0930666 6.99465
0.0537119 9.62789
0.053431 11.2927
0.0270518 8.85995
0.0154033 11.2899
0.0010432 9.59249
0 0 0 0.264247 0.735753 
0 0 0 0.656208 0.343792 
0.430131 0 0 0.296823 0.273046 
0.129104 0 0 0.510759 0.360137 
0 0.705215 0 0 0.294785 
0 0.353376 0.219588 0.427036 0 
0.50194 0.0679912 0.14266 0 0.287409 
0 1 0 0 0 
0.22167 0.200877 0.125016 0.231346 0.221091 
0.249794 0 0.165555 0.303919 0.280732 
0.399617 0.306265 0.294118 0 0 
0.0649459 0.206299 0.0618839 0.521682 0.145189 
0 0.232232 0.767768 0 0 
0.309043 0.180833 0.230307 0 0.279817 
0.272202 0.145843 0 0.248587 0.333368 
0.393609 0.370334 0 0 0.236057 
0 0 0.390923 0.318788 0.29029 
0 0.199419 0 0.40823 0.39235 
0 0 0.339387 0.386772 0.273842 
0 0 0.12456 0.87544 0 
0.411374 0 0 0.588626 0 
0 0 0.412683 0.587317 0 
0.345877 0.111581 0 0 0.542542 
0.4705 0 0.118278 0.411222 0 
0 0.173089 0.530699 0.296212 0 
0.387502 0 0 0.161324 0.451173 
0 0 0.533756 0 0.466244 
0 0.0665439 0.498382 0 0.435074 
0.579135 0 0 0.420865 0 
0.489628 0 0 0 0.510372 
0 0.182315 0.171748 0.314215 0.331723 
0.265561 0.60099 0 0 0.133449 
0.0743068 0 0.457809 0.385808 0.0820764 
0 0.655196 0.150291 0 0.194513 
0.470313 0 0 0.0836791 0.446008 
0 0.111297 0.299717 0.295497 0.293489 
0 0.382852 0.0896801 0.134349 0.393119 
0.188906 0.275539 0.18157 0 0.353985 
0.250327 0 0.424366 0.325307 0 
0 0.205192 0 0.794808 0 
0 1 0 0 0 
0.327457 0 0.367365 0.305178 0 
0.328598 0.218833 0 0.196851 0.255718 
0.673752 0.115556 0 0 0.210693 
0.442492 0.142558 0.41495 0 0 
0.390355 0.286515 0 0 0.32313 
0 0.351257 0.214251 0 0.434492 
0.269511 0.284833 0.118364 0.327292 0 
0.352181 0.139015 0.286305 0 0.222499 
0.418371 0.581629 0 0 0 
