5 100
0.617923
0.544382
0.624116
0.430849
0.302039
11.7625 0.105783
10.4886 0.329288
9.84089 0.624617
9.68391 0.824293
9.42117 0.923939
8.93676 1.23549
8.80383 1.03314
7.70655 0.974562
7.47301 1.43092
7.33431 0.761941
7.28387 1.53248
7.206 1.93794
7.16497 1.78287
7.046 1.96222
7.01834 2.6085
6.42355 1.92227
6.02066 1.87495
5.2627 1.78953
5.16206 3.06167
5.08514 3.96839
5.05753 3.07018
5.00633 3.94137
4.84499 3.19151
4.62035 2.96369
4.53941 2.81586
4.52607 2.67114
4.39871 3.47698
4.37651 3.36966
4.30125 2.66199
4.01465 3.66964
3.94426 3.87675
3.77959 5.31271
3.61008 3.54832
3.56584 4.0617
3.41273 2.50246
3.33769 3.73286
3.32664 5.31155
3.30207 4.08879
3.25783 3.36981
3.06143 3.00662
2.96226 3.89668
2.88766 3.03004
2.85329 3.77173
2.65677 4.3621
2.62602 4.07406
2.55402 5.02437
2.37411 5.86762
2.31757 4.21496
2.13375 6.86028
2.07483 5.33962
2.0662 5.71728
1.93217 5.27758
1.81124 5.4853
1.79894 5.40057
1.77373 6.39914
1.59477 4.69647
1.56397 6.14519
1.49922 6.62047
1.31439 7.83734
1.16239 5.81036
1.14317 8.09674
1.04143 5.80644
1.02979 7.36898
0.942634 6.75001
0.858012 7.80849
0.843993 8.32458
0.825276 6.10002
0.824249 8.29622
0.823201 7.55831
0.628502 7.43229
0.603158 8.78563
0.575981 7.05081
0.560432 8.2197
0.55134 6.184
0.541682 8.2268
0.536898 8.50749
0.512301 9.10739
0.455515 8.15079
0.404332 7.74315
0.401344 8.61788
0.362849 9.97663
0.338362 8.22705
0.329315 9.60741
0.279917 9.92388
0.265607 6.56219
0.250627 9.96385
0.224451 10.496
0.214368 9.35592
0.191294 10.8623
0.190259 10.3149
0.12817 6.98203
0.124372 8.07793
0.120928 8.78518
0.0842384 9.10489
0.0601653 10.5058
0.0519746 11.1699
0.0487457 10.2132
0.0432044 9.05732
0.00467004 9.67599
0.00217041 9.70332
0.721146 0 0.278854 0 0 
0.473851 0 0 0.526149 0 
0.287304 0 0 0.540991 0.171705 
0 0 0 0 1 
0 0 0 0.453616 0.546384 
0.592473 0 0 0 0.407527 
0.465785 0 0.534215 0 0 
0.36298 0.284288 0.352732 0 0 
0 0 0 0 1 
0.224009 0 0.561307 0 0.214683 
0.281004 0 0 0 0.718996 
0 0.101325 0 0 0.898675 
0.610307 0 0 0 0.389693 
0 1 0 0 0 
0 0 0.5592 0.4408 0 
0 0 0 1 0 
0 0 0 0.581296 0.418704 
0 0 0 0 1 
0.591767 0 0.408233 0 0 
0 1 0 0 0 
0 0.313968 0.419528 0.266504 0 
0.267341 0.13068 0 0 0.60198 
0.366664 0.633336 0 0 0 
0 0 0 0.829338 0.170662 
0 0 1 0 0 
0 0 0.426739 0 0.573261 
0 0.242846 0 0.582676 0.174479 
0 1 0 0 0 
0 0.426249 0 0 0.573751 
0.146858 0.115241 0.365729 0.372172 0 
0.44829 0 0.55171 0 0 
0.421905 0.578095 0 0 0 
0 0.512485 0 0.487515 0 
0 0.340289 0.659711 0 0 
0 0.245389 0 0 0.754611 
0 0.58094 0 0.41906 0 
0.694094 0 0 0.305906 0 
0.528615 0.28866 0.182725 0 0 
0.71086 0 0 0.28914 0 
0 0.650355 0 0 0.349645 
0 0 0 1 0 
0 0 0 0 1 
0 1 0 0 0 
0 0 0.661971 0.338029 0 
0 0.385339 0 0.614661 0 
0 0 1 0 0 
0.205116 0 0.794884 0 0 
0 0 0.503302 0.496698 0 
0 0 0 0 1 
0.880339 0 0 0 0.119661 
0 0 1 0 0 
0 0.590554 0 0.409446 0 
0.412571 0 0.447192 0.140237 0 
0.511815 0 0 0.488185 0 
0 1 0 0 0 
0 0 0.834493 0 0.165507 
0.559082 0 0 0 0.440918 
0.332512 0 0.233352 0 0.434137 
0.276507 0.1991 0.36408 0 0.160313 
0 0 0.547693 0.452307 0 
0 1 0 0 0 
0 0.469137 0.530863 0 0 
0.211124 0 0 0.788876 0 
0.432253 0.460284 0.107463 0 0 
0 0 0.584913 0 0.415088 
0.328786 0 0.444739 0 0.226476 
0 0.595205 0 0 0.404795 
0 0.241249 0 0 0.758751 
0.291038 0 0.429612 0 0.27935 
0 0.412728 0 0.200019 0.387253 
0.171994 0.3614 0 0.167017 0.299589 
0 0 1 0 0 
0.418692 0 0 0.581308 0 
0 1 0 0 0 
0 1 0 0 0 
0 0 0 0 1 
0 0.461453 0.391309 0 0.147238 
0.222605 0.300092 0 0.477304 0 
0 0 0.76516 0 0.23484 
0 0 1 0 0 
0.660517 0 0.339483 0 0 
0.512611 0 0 0.487389 0 
0.230647 0 0 0.769353 0 
0.541362 0 0 0 0.458638 
0.675568 0.324432 0 0 0 
0 1 0 0 0 
0 0.54963 0 0.45037 0 
0 0 0 1 0 
0.174848 0.406852 0.418299 0 0 
0.0633297 0 0 0.379658 0.557013 
0.414419 0 0.474785 0 0.110796 
1 0 0 0 0 
1 0 0 0 0 
0 0.581237 0 0 0.418763 
0.37651 0 0 0.33565 0.28784 
0.316612 0 0.683388 0 0 
0.49223 0 0 0.50777 0 
0.871127 0 0 0 0.128873 
0.349117 0.650883 0 0 0 
0.425617 0 0.574383 0 0 
