5 100
0.715087
0.547143
0.339709
0.262528
0.342227
11.527 0.153563
10.1842 0.585145
10.0991 0.710132
9.32971 0.939635
9.1087 1.37383
8.2839 2.26876
8.1215 1.0088
8.10569 1.75924
8.0649 2.13784
7.73617 0.225757
7.37065 0.811345
7.33006 1.72185
7.15218 1.79959
6.94593 1.77429
6.72547 2.04567
6.51344 0.911288
6.50781 2.45
6.44151 2.60259
6.29321 1.79492
6.21203 1.49481
5.44231 3.40161
5.36376 2.83616
5.22453 2.47054
5.14638 3.43123
5.14242 2.69984
5.07911 2.86338
5.0435 2.00827
4.96837 1.59335
4.9348 2.2228
4.89679 2.57808
4.84006 2.34251
4.63972 3.46918
4.52474 2.98108
4.41294 3.38816
4.36074 4.87089
4.0306 3.3368
3.91792 4.79488
3.90462 4.52594
3.65771 3.7444
3.65435 3.23747
3.43912 4.52408
3.43362 5.36244
3.38666 3.67832
3.32593 4.49489
3.22017 3.63482
3.19826 2.92766
3.07242 3.16293
3.01473 3.96823
2.99015 3.73125
2.8956 5.14527
2.88141 5.36053
2.81413 5.14777
2.76662 4.72612
2.70655 5.82651
2.64999 6.24993
2.59019 3.65647
2.28322 4.75202
2.27064 3.81699
2.24445 6.00635
2.21624 5.23641
2.05214 4.03695
1.97915 4.04677
1.82819 4.93042
1.74915 5.3525
1.6846 4.18299
1.65846 5.89075
1.6391 4.94568
1.61793 7.18374
1.53665 7.61334
1.43786 6.18463
1.38063 5.78648
1.23846 5.80249
1.03561 7.72544
0.960581 6.5244
0.880825 5.08324
0.798165 5.51098
0.717343 5.60069
0.64735 8.93968
0.63337 7.07128
0.54926 8.9325
0.51402 9.18675
0.474499 5.72651
0.462147 8.00956
0.416815 9.42613
0.376592 8.06147
0.324282 8.30935
0.286724 7.07468
0.248117 8.72106
0.247874 9.10224
0.228669 7.76901
0.123766 9.26582
0.117263 7.36808
0.090326 9.30369
0.063233 7.99726
0.0621258 9.6864
0.0359507 7.61257
0.0141816 10.612
0.00740903 11.5367
0.00568421 11.2761
0.00142988 11.9429
0.46408 0 0 0.116376 0.419544 
0.685133 0.314867 0 0 0 
0 0.188652 0.495131 0 0.316218 
1 0 0 0 0 
0 0 1 0 0 
0 0 0.235678 0.503056 0.261266 
0 0 1 0 0 
0 1 0 0 0 
0 0 0 1 0 
0 1 0 0 0 
0.111509 0.11992 0 0.36285 0.40572 
0 0 0 0.439609 0.56039 
0 0 0.383225 0.616775 0 
0.378691 0 0.392245 0.229064 0 
0 0 1 0 0 
0 0 0 1 0 
0.799359 0 0 0.200641 0 
0 0 0 0 1 
0 0.40771 0 0 0.59229 
0 0 1 0 0 
0 0.384678 0.615322 0 0 
0 0 0 0 1 
0.391032 0 0.608968 0 0 
0.632688 0 0 0 0.367312 
0 1 0 0 0 
0 0.301617 0 0 0.698383 
0.249031 0 0.269677 0.481292 0 
0 0 0 1 0 
0 0 0 0 1 
0 0 1 0 0 
0 0 0 1 0 
0 0 0.152501 0.847499 0 
1 0 0 0 0 
0.350161 0.649839 0 0 0 
0 0 0 0 1 
0 0 0 1 0 
0 0 0 0 1 
0 0 0 1 0 
0 0 0 1 0 
0 0.68446 0.31554 0 0 
1 0 0 0 0 
0 0.79315 0 0.20685 0 
0.471702 0 0 0 0.528298 
0 0 0 0 1 
0 0.510392 0 0 0.489608 
0 0 1 0 0 
0.275676 0 0 0.336272 0.388052 
1 0 0 0 0 
0 0 0 0 1 
0 0 0 1 0 
0 0 0 1 0 
0 0 0 1 0 
0 0 1 0 0 
0.397318 0 0 0.602682 0 
0 0 0 1 0 
0 1 0 0 0 
0 0 1 0 0 
0 0.557655 0 0 0.442345 
0 0.348713 0.651287 0 0 
0 0.272042 0 0.727958 0 
1 0 0 0 0 
0 1 0 0 0 
0 0.265025 0 0.734975 0 
0.309293 0.690707 0 0 0 
0 0 1 0 0 
0 1 0 0 0 
0 0 0 0 1 
1 0 0 0 0 
0.347217 0 0 0.652783 0 
1 0 0 0 0 
0 0.613112 0 0.386888 0 
0 0 0 1 0 
0 0 0.683694 0 0.316306 
0 0 0.437607 0.562393 0 
0 0 0 1 0 
0 0 0.225721 0.774279 0 
0 1 0 0 0 
0 0.379552 0 0.620448 0 
0 0.431824 0.335899 0.232277 0 
0 0 1 0 0 
0 0 0 0 1 
1 0 0 0 0 
0 0 1 0 0 
0 1 0 0 0 
0 1 0 0 0 
0 0 0.730675 0.269325 0 
0 1 0 0 0 
0 1 0 0 0 
0 0 1 0 0 
0 0.443914 0.556086 0 0 
0 0 1 0 0 
0 0 0 1 0 
0 1 0 0 0 
1 0 0 0 0 
0 0 0 1 0 
0.563073 0 0 0 0.436927 
0 0.171834 0 0 0.828166 
0 1 0 0 0 
0.200327 0 0.31064 0 0.489033 
1 0 0 0 0 
