5 150
0.260971
0.315264
0.278306
0.336444
0.595424
11.9869 0.134445
10.3713 0.341473
10.1638 0.974074
9.98095 0.581044
9.97928 0.74631
9.42731 1.08499
9.38486 0.824119
9.21654 0.458876
9.10179 1.01439
9.02444 0.894993
8.65614 0.942962
8.52679 0.38059
7.74218 1.09506
7.66057 0.313371
7.519 1.62468
7.25285 0.346779
6.84955 0.429309
6.84663 1.95945
6.83425 0.405873
6.7501 1.4824
6.73299 2.54981
6.49055 1.0265
6.2849 3.03147
6.22268 1.29415
6.15657 1.2236
6.03178 2.22731
5.89142 2.27669
5.77279 2.38179
5.73295 2.52533
5.64562 3.89553
5.53719 3.42125
5.30979 2.81026
5.28852 1.75255
5.1356 2.21914
5.08797 2.52469
5.07383 4.16085
4.8751 2.58188
4.83329 2.53269
4.7306 2.24163
4.68098 2.54098
4.54281 2.41934
4.49067 3.45499
4.31835 3.1038
4.22097 3.40942
4.20364 2.20644
4.05717 3.10011
3.92335 3.68329
3.91608 3.21915
3.85737 3.69642
3.73045 3.50377
3.6747 5.19062
3.66089 3.18949
3.62655 3.89307
3.49631 2.68406
3.46555 4.15038
3.43948 3.55625
3.387 4.70921
3.3462 3.11657
3.3284 4.74217
3.29295 3.90953
3.29019 3.84583
3.17009 4.11814
3.16736 4.80163
3.10737 5.91315
3.07077 4.98929
3.06434 3.19505
2.97685 4.9224
2.77426 6.0665
2.75716 4.79743
2.68154 3.56288
2.68005 6.5091
2.62601 3.67363
2.57099 4.2686
2.45925 5.25641
2.37299 3.92042
2.36387 4.0937
2.1561 4.18271
2.11565 4.89273
2.10117 6.56411
2.00454 4.58911
1.98964 7.1638
1.9766 6.4526
1.97373 5.44586
1.9405 7.37181
1.93128 4.70563
1.78434 7.2497
1.75124 7.17301
1.56479 6.66466
1.51124 5.09319
1.51085 6.70133
1.47606 4.75636
1.46696 5.15691
1.42811 6.90001
1.41834 5.13157
1.37464 5.26979
1.37436 6.47795
1.34287 6.23005
1.33756 5.77905
1.28973 5.23771
1.24242 7.62375
1.12176 7.67099
1.08102 7.27486
1.07537 5.81786
1.06229 6.96432
0.942259 8.85721
0.912615 5.4318
0.901245 6.45735
0.851632 7.96373
0.807136 8.34247
0.773892 5.83216
0.772087 7.03047
0.768608 6.34813
0.750656 8.71488
0.749381 7.61193
0.743327 7.48333
0.695927 6.66098
0.683951 9.11566
0.591314 9.4905
0.521552 8.34109
0.510972 7.98182
0.496069 8.7521
0.397887 7.48789
0.393618 6.68533
0.358053 8.55537
0.348016 6.98329
0.3125 7.30185
0.304958 9.50625
0.272837 6.55699
0.257932 9.30651
0.247046 9.53586
0.236608 10.0404
0.236568 6.66992
0.230623 10.1309
0.220305 6.95792
0.217431 8.38606
0.19583 9.32591
0.193029 9.76468
0.183386 8.08191
0.161716 9.08092
0.158726 9.50315
0.0843989 10.6818
0.0790174 8.24369
0.0701837 10.7274
0.0533717 9.155
0.0150302 8.85368
0.0118112 7.56691
0.00429083 9.95135
0.00396781 12.1027
0.00161697 10.4989
0.00111206 8.07824
0 0.319521 0.680479 0 0 
0.316632 0.146961 0.105414 0.181486 0.249507 
0.234159 0.447597 0 0.239386 0.0788576 
0 0.297426 0.702574 0 0 
0.277772 0.318744 0.403484 0 0 
0 0.467752 0.532248 0 0 
0.178444 0 0 0.297451 0.524105 
0 0 0.836978 0 0.163022 
0.39722 0.324061 0.136161 0 0.142558 
0.325673 0.134178 0 0 0.54015 
0.48371 0.187681 0 0.328609 0 
0.0574243 0.411422 0 0.351843 0.179311 
0.209266 0 0.414578 0.376156 0 
0 1 0 0 0 
0.138165 0 0.122477 0.310414 0.428944 
0.344045 0.233176 0.184233 0 0.238546 
0 0.294259 0.230189 0.363826 0.111725 
0 0.387154 0.212236 0.400609 0 
0 0 0 0.73383 0.26617 
0.0570503 0.326654 0 0.363667 0.252629 
0.45436 0.205245 0 0.229004 0.111391 
0 0 0 0.501884 0.498116 
0.18189 0 0.37099 0.376698 0.0704222 
0.328118 0 0 0 0.671882 
0 0.662155 0 0.133192 0.204653 
0 0.253848 0 0 0.746152 
0 0 0.320318 0.408746 0.270936 
0 1 0 0 0 
0.146743 0.133303 0.348363 0 0.371591 
0 0.441153 0 0.191839 0.367008 
0 0.572788 0.427212 0 0 
0.256605 0 0.312157 0 0.431239 
0 0.490385 0.29704 0 0.212575 
0 0.574973 0 0.123503 0.301524 
0 0 0.229971 0.311315 0.458714 
0 0.490608 0.509392 0 0 
0.129323 0 0.387767 0.48291 0 
0 0 0.45915 0.303653 0.237198 
0.244803 0.197232 0 0 0.557965 
0 0.585308 0 0.255524 0.159168 
0 1 0 0 0 
0.0982923 0 0.748962 0 0.152746 
0 0 0.108034 0.530264 0.361702 
0.332237 0 0 0.169848 0.497914 
0 0.409624 0.192621 0 0.397755 
0 0 0 1 0 
0.323386 0.242163 0 0.0833919 0.35106 
1 0 0 0 0 
0 0 0 1 0 
0.162786 0 0.239978 0.120836 0.4764 
0.74868 0 0 0.25132 0 
0.309349 0.35385 0 0.336801 0 
0.521072 0 0 0.181422 0.297506 
0.393514 0 0 0.214794 0.391691 
0.426161 0 0 0.267958 0.305881 
0 0.0816536 0.61635 0 0.301996 
0.331755 0 0.158646 0.191143 0.318455 
0 0.563443 0 0.436557 0 
0 0 0.40844 0.50761 0.0839495 
0.434754 0 0.565246 0 0 
0.175401 0.17051 0 0.355956 0.298133 
0 0.325928 0 0.200654 0.473418 
0.358793 0.184306 0.195975 0.260926 0 
0 0.433108 0 0.566892 0 
0.290131 0.354367 0 0.355502 0 
0 0 0.461803 0.315529 0.222668 
0 0.36107 0.167204 0.471727 0 
0 0 0.424782 0.43201 0.143207 
0.117699 0.20997 0.226648 0 0.445683 
0 0 0.320747 0.679253 0 
0 0.362253 0.215724 0.422023 0 
0 0.119029 0.345812 0.315632 0.219526 
0 0.508 0 0.492 0 
0 0.291683 0.238952 0.299425 0.16994 
0 0 0 1 0 
0 0.189024 0 0.471668 0.339307 
0.0911105 0.190491 0.180198 0.182792 0.355408 
0 0 0 0.487699 0.512301 
0.371297 0.294688 0 0.0587689 0.275247 
0 0 1 0 0 
0 0 0 0.234801 0.765199 
0 0.536942 0.231078 0 0.23198 
0 0.430277 0.569723 0 0 
0.0728322 0.283348 0 0.191416 0.452404 
0 0.737424 0.262576 0 0 
0 0.377359 0 0.622641 0 
0.119431 0 0.349421 0.141119 0.390029 
0 0.697987 0.189784 0.112229 0 
1 0 0 0 0 
0.36656 0.31516 0.251954 0.0663256 0 
0 0.450949 0 0.549051 0 
0.306474 0.093313 0.150042 0.266059 0.184112 
0 0.354419 0 0.362315 0.283266 
0.192471 0.270917 0 0.300726 0.235886 
0.218093 0.370186 0.301421 0 0.110301 
0.29335 0.222955 0 0.266141 0.217554 
0 0 0.474389 0.525611 0 
0.11998 0.383909 0.27362 0 0.222491 
0 0.206195 0.136731 0.312668 0.344405 
0 0 0.276574 0.723426 0 
0.243576 0.35745 0.0608785 0.1764 0.161697 
0.108969 0.173217 0.0773816 0.640433 0 
0 0.388731 0 0 0.611269 
0.528977 0 0.471023 0 0 
0.432722 0.141917 0.114188 0 0.311173 
0.237559 0 0.406135 0 0.356306 
0.80202 0 0 0.19798 0 
0.293475 0.329217 0.377308 0 0 
0 0.136786 0.342125 0.423033 0.0980559 
0.448658 0 0.40023 0.151112 0 
0.0791498 0.242036 0.382551 0.14543 0.150833 
0.0657246 0.312258 0.133495 0.217156 0.271367 
0.216952 0.434676 0.348372 0 0 
0.180357 0 0 0 0.819643 
0.370085 0 0 0.198936 0.430979 
0.578835 0 0 0.421165 0 
0.0642981 0.262046 0.478297 0.134224 0.0611347 
0.289843 0.0468704 0.251032 0.234359 0.177895 
0 1 0 0 0 
0 0.459446 0.423832 0.116721 0 
0.508463 0.191579 0 0.240611 0.0593465 
0.268612 0 0 0.29819 0.433198 
0.399033 0.11447 0.335255 0.151242 0 
0.0706812 0 0.505303 0 0.424016 
0.259694 0 0.223353 0.207676 0.309278 
0.352444 0.647556 0 0 0 
0.381355 0 0.394534 0.224111 0 
0.0620108 0.294861 0.275102 0.23219 0.135836 
0.19189 0.312 0 0.282239 0.213871 
0 0.339563 0.660437 0 0 
0 0 0.136449 0.863551 0 
0 0.255867 0.375094 0.253272 0.115767 
0 0 0.807027 0.192973 0 
0.190143 0 0.42257 0.0799359 0.307352 
0.274669 0 0.538218 0 0.187113 
0.345878 0 0.276973 0 0.377149 
0 0 0.533301 0.466699 0 
0 0 0.249904 0.616441 0.133655 
0 0.188557 0 0.171145 0.640297 
0.301358 0.358975 0 0 0.339667 
0 0 0.827725 0.172275 0 
0 0 0.415798 0.500959 0.0832432 
0.0428969 0.270448 0.108965 0.323811 0.253879 
0.358257 0.413503 0 0 0.22824 
0 0 0 1 0 
0.248226 0.537837 0.213937 0 0 
0.268304 0.486879 0 0.244817 0 
0.303406 0 0 0 0.696594 
0.0688523 0.266407 0.259076 0.405665 0 
0 0.413222 0 0.348604 0.238174 
