5 200
0.572306
0.448263
0.741165
0.424154
0.468299
11.0744 0.395833
11.0621 0.569244
11.022 0.249561
10.9489 0.392225
10.3595 0.6622
9.99784 0.234515
9.7361 1.28661
9.58078 0.26119
9.21211 0.59333
8.93481 1.06988
8.66389 1.67088
8.46956 0.630626
8.33985 0.70303
8.33548 1.12554
7.9896 0.713924
7.94186 0.858361
7.59861 1.38204
7.40451 1.93748
7.18961 0.420154
6.97041 1.03354
6.88186 1.59516
6.8589 1.42912
6.84255 0.970086
6.80353 1.40301
6.70832 0.940204
6.69935 0.63046
6.69424 1.49039
6.57925 2.16257
6.51858 2.14337
6.44264 1.54467
6.42803 2.07051
6.3738 1.50012
6.35841 1.06431
6.32628 2.56456
6.2949 1.81239
6.18406 2.04085
6.17619 2.63318
6.10367 2.30631
5.9985 1.48074
5.94625 1.14384
5.90182 2.7723
5.81382 1.91004
5.75039 2.11497
5.64802 2.4818
5.62313 1.74319
5.27946 2.83597
5.23069 1.77903
5.20382 2.87239
5.17801 2.84894
5.02367 3.84019
4.98013 2.33159
4.94182 3.44932
4.92482 3.10848
4.81917 2.37261
4.75996 3.34733
4.42356 4.3875
4.41526 3.79739
4.40125 3.72025
4.40123 3.55825
4.39162 2.74626
4.36004 3.15227
4.35387 2.76154
4.18259 2.05888
4.18242 3.80859
4.16896 2.84132
4.04293 2.59966
4.00317 3.54443
3.98847 3.40049
3.98136 2.81603
3.94781 2.66986
3.87802 2.8832
3.71221 3.65385
3.70772 3.49786
3.68955 2.97361
3.62551 3.51986
3.61381 4.45405
3.49891 3.77791
3.41206 4.19974
3.39769 3.69245
3.2754 4.21954
3.13804 4.38372
3.13721 4.67773
3.13002 4.02684
3.08703 4.46866
3.07643 5.84153
3.00691 3.20079
2.97123 3.92106
2.91274 4.65934
2.9036 4.82752
2.84161 4.02349
2.70128 3.54083
2.69367 4.35076
2.62869 4.05478
2.61687 5.02165
2.53342 3.70571
2.51073 3.29901
2.50734 4.4977
2.48855 3.86457
2.46735 4.40142
2.45924 4.94374
2.41239 4.19907
2.3052 4.8029
2.27148 4.19096
2.23943 4.06483
2.20997 4.16529
2.2011 4.53961
2.18072 4.58118
2.11846 5.64981
2.09245 4.26767
2.04194 6.05122
2.02242 4.64142
2.01905 6.05621
2.00519 4.36421
1.84175 5.08284
1.66824 6.22627
1.63302 6.53713
1.63077 4.90136
1.61954 4.3832
1.606 5.42508
1.58897 5.81099
1.57773 6.96036
1.57441 7.90109
1.51694 6.95887
1.51619 7.39801
1.49853 5.67703
1.45672 5.29721
1.40586 5.15186
1.40119 4.91755
1.32481 5.64137
1.31661 4.73966
1.26178 7.20066
1.25964 4.86217
1.18421 6.50437
1.13891 5.62771
1.10868 7.61274
1.074 8.43297
1.06328 5.3925
1.02741 6.74822
1.01765 6.81849
1.00021 5.63545
0.997182 7.91171
0.929266 7.56896
0.928054 6.22891
0.926148 5.42116
0.816602 6.56681
0.768144 8.9474
0.756626 6.22118
0.751424 9.12523
0.726034 7.37704
0.705984 7.66077
0.676756 8.20963
0.638917 8.89651
0.61236 9.37417
0.606442 8.53741
0.578169 8.92412
0.555774 9.36752
0.508962 8.1203
0.50473 7.99431
0.474558 9.10262
0.441882 8.83495
0.379965 7.28013
0.372628 9.28444
0.363638 7.64268
0.310149 9.0072
0.295889 8.86321
0.288858 7.8192
0.274796 7.99543
0.268332 8.6969
0.242093 7.70013
0.232622 10.1285
0.226224 8.53589
0.215213 8.72804
0.200039 9.51624
0.197164 8.03054
0.183826 9.49693
0.177566 7.46573
0.163262 8.4575
0.161807 9.65022
0.154758 8.55983
0.125627 8.86442
0.122249 10.4226
0.103763 6.91887
0.0817886 7.04613
0.0672689 10.8004
0.0603793 8.51822
0.058773 11.1491
0.0505636 10.4544
0.0456171 10.4069
0.0450442 7.65814
0.0366188 7.39143
0.0293997 9.68816
0.0277226 10.4731
0.0256228 11.5166
0.02323 9.62057
0.0137721 11.2586
0.0115294 9.93751
0.00988221 10.5753
0.00513263 11.9932
0.00337777 9.09532
0.00268549 8.14217
0 0 0 1 0 
0.519807 0 0 0 0.480194 
0 0 0 1 0 
0 0.451409 0.548591 0 0 
0 0 0 0 1 
0 1 0 0 0 
0.574399 0 0.425601 0 0 
0.630398 0 0.369602 0 0 
0 0 0.491723 0 0.508277 
0 0 0 0.64336 0.35664 
0.489501 0 0.510499 0 0 
0.322858 0 0 0.677142 0 
0 1 0 0 0 
0.509327 0 0 0.490673 0 
0.311485 0 0 0.688515 0 
0 0 1 0 0 
0 1 0 0 0 
0 0.425497 0 0 0.574503 
0 0.721775 0.278225 0 0 
0 0 0 0 1 
0 0 0 1 0 
0 1 0 0 0 
0 0.217741 0 0.782259 0 
0.839564 0 0.160436 0 0 
0.64061 0 0 0.151949 0.207441 
0 0 0 0.573967 0.426033 
0 0.791691 0 0.208309 0 
0.511851 0 0 0.488149 0 
0 1 0 0 0 
1 0 0 0 0 
0 0 0 1 0 
0 0 0 1 0 
0 0 0 0 1 
0 1 0 0 0 
0 0 1 0 0 
0.409366 0 0 0 0.590634 
1 0 0 0 0 
0 1 0 0 0 
0 0.457977 0 0 0.542023 
0 0 0.247082 0 0.752918 
0 0 0 1 0 
0.653741 0.346259 0 0 0 
0.698521 0 0 0.301479 0 
0.51674 0 0 0.180857 0.302403 
0 0 0 1 0 
0.606205 0.393795 0 0 0 
0 1 0 0 0 
0 0 0 0.410135 0.589865 
0.174915 0 0.352744 0.472341 0 
0 0 1 0 0 
0 0 1 0 0 
0 1 0 0 0 
0.49188 0.50812 0 0 0 
0 0 0.567918 0.432082 0 
0 1 0 0 0 
0 0.542528 0 0.457472 0 
0 0.353755 0.396409 0 0.249836 
0 1 0 0 0 
1 0 0 0 0 
0 0 1 0 0 
0 0 0 0 1 
0 0 0.589838 0 0.410162 
1 0 0 0 0 
0.859022 0 0 0 0.140978 
0.617436 0.382564 0 0 0 
0 1 0 0 0 
0.169001 0 0.564908 0 0.266091 
1 0 0 0 0 
0 0 0 1 0 
0 0 0 1 0 
0 0 0 0 1 
0 0 1 0 0 
0 0 0.871409 0 0.128591 
0 0.361021 0.638979 0 0 
0 0.401503 0 0.598497 0 
0.289975 0.710025 0 0 0 
0 1 0 0 0 
0 0 0 0 1 
0 0 0 1 0 
0 0 1 0 0 
0 0 0 1 0 
0 0 0.226066 0.360755 0.413179 
0 0 1 0 0 
0.483222 0 0.516778 0 0 
0 0.481133 0 0.518867 0 
1 0 0 0 0 
0.498825 0.501175 0 0 0 
0.538668 0 0 0 0.461332 
0 0 1 0 0 
1 0 0 0 0 
0 0.558025 0 0 0.441975 
1 0 0 0 0 
1 0 0 0 0 
0 1 0 0 0 
0 0 0.286377 0.713623 0 
0 0 0 1 0 
0 0 0.529363 0.470637 0 
0 0 0 1 0 
1 0 0 0 0 
0 0 0 0 1 
0 0.498477 0 0 0.501523 
1 0 0 0 0 
0 0 0 0 1 
0 0 1 0 0 
0 0 0.714782 0 0.285218 
0 1 0 0 0 
0 0 0 0 1 
0 0 0 0 1 
0 0 0 0 1 
0 0 0 0.36355 0.63645 
0.162538 0 0.710775 0 0.126687 
0 0 1 0 0 
0 0 0 1 0 
0 0.338154 0 0 0.661846 
0.555952 0 0.444048 0 0 
0 0 0 1 0 
0 0 0 1 0 
1 0 0 0 0 
1 0 0 0 0 
1 0 0 0 0 
0 0 1 0 0 
0.0993745 0.399931 0.500695 0 0 
0.23645 0 0 0.763551 0 
0 0 0 1 0 
0 0.493999 0 0 0.506001 
0.711856 0 0.288144 0 0 
0 0 1 0 0 
0 1 0 0 0 
0 0 0.190711 0 0.809289 
0 0 0.467735 0.177015 0.35525 
0 0 0 0 1 
0.428029 0 0 0.571971 0 
0 0 1 0 0 
0 0 0 0.400299 0.599701 
1 0 0 0 0 
0 0.350788 0 0 0.649212 
0 0.29339 0.70661 0 0 
0 0 0 0 1 
0 1 0 0 0 
0 0 1 0 0 
0 0 0 1 0 
0.669751 0 0 0 0.330249 
0 0 0.488411 0 0.511589 
0 0 0 1 0 
0 0 0 0 1 
0.486826 0 0 0.513174 0 
0 0 0 0 1 
0 0 0 1 0 
1 0 0 0 0 
0 0 1 0 0 
0 0 0 0 1 
0 0 0 1 0 
0 0 0 1 0 
0 0 0 1 0 
0 0 0 1 0 
0 0.589622 0 0 0.410378 
0 0 0 0 1 
0 0 0 0 1 
0 0 0 1 0 
0.201658 0.542148 0.256194 0 0 
0 0 1 0 0 
0 0.684326 0 0 0.315674 
0 0 0.656223 0.343777 0 
0 0 0 0.46021 0.53979 
0 0 0 0.3426 0.6574 
0 1 0 0 0 
0 0 0.284333 0.715667 0 
1 0 0 0 0 
0 0 1 0 0 
0 1 0 0 0 
0 0 0 0.538702 0.461298 
0 0 0 1 0 
0 0 0 0 1 
0 0 0 1 0 
0 0 1 0 0 
0 0 0 0.315707 0.684293 
1 0 0 0 0 
0 1 0 0 0 
0 0 0.326074 0 0.673926 
0 0 0 1 0 
0.236049 0 0.647353 0 0.116599 
0.14553 0.344946 0.221661 0.287863 0 
0 0 1 0 0 
0 0.28339 0.16981 0.276825 0.269975 
0 0 0 0 1 
1 0 0 0 0 
0 0 0 0 1 
0 1 0 0 0 
1 0 0 0 0 
1 0 0 0 0 
1 0 0 0 0 
0 0.753294 0 0 0.246706 
0 0 0 0.455769 0.544231 
0 0 0.541944 0.458056 0 
0 0 1 0 0 
0 1 0 0 0 
0 0.204463 0.795537 0 0 
0 0.693143 0 0.306857 0 
1 0 0 0 0 
0.80136 0 0 0 0.19864 
