5 50
0.480827
0.327776
0.677274
0.472205
0.263962
8.56816 1.82557
8.39128 1.27637
8.32781 1.39943
8.26917 1.44665
8.2219 1.79992
8.12875 0.821739
7.12651 2.13332
6.96975 1.35951
6.95218 2.16005
6.44495 1.49323
6.36473 1.90961
6.00628 1.65976
5.81501 2.44461
5.58283 2.17927
5.41212 1.8462
5.25758 2.45361
5.25142 2.9785
4.58703 4.2257
4.39311 4.29513
4.02865 3.38961
3.76434 3.99923
3.31753 4.87622
3.11132 3.91205
2.99491 5.44977
2.7235 5.53487
1.99824 6.23879
1.81247 7.03162
1.65711 5.21503
1.30345 6.59832
1.08631 7.5282
1.03819 6.76957
1.03037 6.52581
0.858405 5.37543
0.798517 8.03105
0.633745 7.71776
0.513261 6.99696
0.323072 7.5702
0.207011 9.53575
0.195915 10.138
0.174992 6.75587
0.159343 6.72669
0.146677 7.45399
0.136816 7.30655
0.130998 7.04835
0.110239 9.03621
0.10795 8.35972
0.0233988 11.8413
0.0190618 10.7091
0.0168485 9.04517
0.00693145 9.7933
0 0 1 0 0 
0 1 0 0 0 
0 0 0 1 0 
0 0 0 1 0 
0 0 0 0 1 
0 1 0 0 0 
0 0 1 0 0 
0 0 0 0 1 
0 1 0 0 0 
1 0 0 0 0 
1 0 0 0 0 
0 1 0 0 0 
1 0 0 0 0 
0 0 0 1 0 
0 1 0 0 0 
0 0 0 1 0 
1 0 0 0 0 
1 0 0 0 0 
1 0 0 0 0 
0 1 0 0 0 
0 0 0 0 1 
0 1 0 0 0 
1 0 0 0 0 
0 0 1 0 0 
0 0 0 0 1 
0 0 0 0 1 
0 1 0 0 0 
0 1 0 0 0 
0 0 1 0 0 
0 0 1 0 0 
0 1 0 0 0 
0 0 0 1 0 
0 0 1 0 0 
1 0 0 0 0 
1 0 0 0 0 
0 0 1 0 0 
0 0 0 0 1 
0 0 0 1 0 
1 0 0 0 0 
0 0 0 1 0 
1 0 0 0 0 
0 0 1 0 0 
0 1 0 0 0 
0 1 0 0 0 
1 0 0 0 0 
0 0 0 0 1 
0 1 0 0 0 
0 1 0 0 0 
0 0 0 1 0 
0 0 1 0 0 
