5 200
0.255493
0.446005
0.319353
0.335116
0.718963
11.3115 0.426928
11.1112 0.171989
10.5353 0.672855
10.2051 0.51454
10.1136 0.571431
9.73311 0.25308
9.68253 0.695438
9.40807 0.167124
9.39428 0.407339
9.29552 0.529289
9.25327 1.2037
9.25038 1.1078
9.20767 0.906215
9.00108 0.775044
8.94546 0.783391
8.64845 1.15113
8.4893 0.758403
8.3224 0.207907
8.08471 0.892424
7.9321 0.756534
7.87557 0.636991
7.82545 1.43749
7.78399 1.75532
7.71075 1.16158
7.60564 0.29445
7.50572 0.447076
7.40187 0.981782
7.33753 0.945095
7.27793 0.225827
7.26877 1.36871
7.23237 0.553919
6.95966 1.97513
6.86615 1.65309
6.79545 0.680298
6.77932 1.4738
6.72624 1.07249
6.69958 2.87271
6.65104 1.26071
6.37686 3.21575
6.2871 2.6476
6.26951 1.76715
6.23293 2.47509
6.19263 1.10216
6.18554 1.91867
6.06866 1.112
6.04958 1.30293
6.04484 3.30335
5.71822 1.79721
5.64934 1.56567
5.6154 1.34667
5.53539 3.52504
5.49286 2.65498
5.4851 3.76128
5.44637 3.33896
5.32 2.52107
5.20404 2.24307
5.09864 3.3166
4.9323 3.63791
4.92918 3.15507
4.87652 2.46176
4.79552 2.74915
4.74904 3.2241
4.4707 2.263
4.424 3.92027
4.39563 2.21218
4.39048 2.92088
4.30643 3.41094
4.28207 4.32217
4.18108 5.17178
4.17665 3.42745
4.10051 3.01093
4.08659 3.66746
4.07337 4.54079
4.01099 3.32329
3.89949 3.31463
3.8936 4.34669
3.84316 2.29752
3.6927 4.95535
3.56567 3.76727
3.54984 4.5004
3.43967 2.87695
3.37833 5.21901
3.35505 5.28854
3.33135 3.70051
3.19216 4.83023
3.19058 5.12174
3.17302 4.1177
3.14193 4.06923
3.03498 5.99431
2.96352 5.58048
2.82586 5.70518
2.81351 3.91748
2.78988 5.06442
2.75023 5.51596
2.6441 4.93434
2.62941 4.00527
2.56806 3.4549
2.53737 3.54767
2.47281 4.31838
2.42347 4.54005
2.41308 5.76061
2.40694 3.69217
2.33674 5.20904
2.32962 4.94084
2.30826 5.05717
2.30611 5.92411
2.29085 4.52378
2.26223 6.30133
2.11202 4.04192
2.08267 5.08322
2.02992 5.63952
2.0043 4.66381
1.92871 6.19742
1.90506 4.76637
1.85424 6.243
1.82354 5.34797
1.77225 5.50351
1.74716 6.23691
1.73328 6.97504
1.66822 4.12738
1.65674 5.24173
1.62192 4.73367
1.60017 6.82243
1.5965 6.37379
1.57283 5.93581
1.50642 4.90143
1.46101 8.19302
1.36947 7.33488
1.31467 7.0057
1.30563 5.70368
1.27778 8.13578
1.27525 4.97716
1.2751 5.42991
1.23661 4.95968
1.18462 7.68061
1.15788 5.95722
1.14702 6.1602
1.11733 5.46229
1.10917 5.46
1.08288 6.93236
1.02646 5.20548
0.978257 6.99105
0.919748 5.69692
0.90882 8.14917
0.904008 7.42754
0.750652 6.11497
0.722964 6.602
0.690001 7.31217
0.676647 5.91377
0.649024 7.25046
0.624529 7.151
0.587039 8.91743
0.582602 8.61358
0.579885 8.19308
0.571432 5.57262
0.548889 8.17797
0.524586 8.80621
0.468888 7.15002
0.455018 6.92071
0.401778 7.11705
0.395532 6.37377
0.379718 9.69861
0.356965 6.37907
0.352668 8.73555
0.324646 9.27873
0.31672 6.71411
0.288832 9.20193
0.286465 7.98137
0.274185 8.49425
0.230258 8.19301
0.216775 7.74797
0.214503 8.8512
0.212705 10.3883
0.184925 6.79274
0.171389 6.70704
0.146861 9.49353
0.141829 7.75574
0.136147 7.58337
0.133185 9.80106
0.131382 7.7634
0.126395 8.54959
0.125224 7.40649
0.0744742 9.99879
0.0694315 7.15713
0.0678635 11.0841
0.0568763 8.00576
0.0472719 9.15162
0.0444358 8.13087
0.0415242 10.3891
0.0385587 8.59732
0.0289926 10.2884
0.0200727 9.03813
0.0184986 11.4332
0.0105452 11.6916
0.0089759 11.9144
0.00487447 11.6637
0.00365011 11.7359
0.00341708 10.7794
0.00259951 7.68683
0.00111823 11.1911
0 0.204513 0 0 0.795487 
0 0.495453 0.223057 0 0.28149 
0.328433 0.110107 0 0.290536 0.270925 
0 0.710718 0.289282 0 0 
0 0 0 0.53903 0.46097 
0.264219 0.216129 0.189965 0.329687 0 
0.520908 0.132712 0.133124 0.213257 0 
0 0.335913 0.40939 0.0970844 0.157613 
0 0.372045 0 0.328056 0.299899 
0 0 0 0.347799 0.652201 
0.356132 0 0 0.643868 0 
0 0 0.680525 0.319475 0 
0.350039 0 0.442986 0 0.206975 
0 0.439233 0.560767 0 0 
0.763085 0 0.236915 0 0 
0 0.160479 0 0.421093 0.418428 
0 0.232047 0.297126 0 0.470827 
0.12751 0.214766 0.540933 0 0.116791 
0 0.136194 0 0.519809 0.343997 
0 0 0.320721 0.174709 0.50457 
0 0.352339 0.39997 0 0.24769 
0 0.210686 0.0876963 0.262758 0.438859 
0 0.228932 0.771068 0 0 
0.458456 0.274826 0.266718 0 0 
0 0 0.251456 0.388615 0.359929 
0.32214 0 0.117536 0.560324 0 
0 0 0 0.34419 0.65581 
0.361582 0.425348 0 0.21307 0 
0 0.0856066 0 0.493773 0.42062 
0 0 1 0 0 
0.327204 0 0.226698 0.232841 0.213257 
0 0.309763 0.286091 0.404146 0 
0 0 0.473205 0.526795 0 
0.315108 0 0.226112 0 0.458779 
0.333288 0.0981883 0 0 0.568524 
0 0.794146 0 0.205854 0 
0 0.468231 0 0 0.531769 
0 0 0.186037 0.601851 0.212112 
0 1 0 0 0 
0.075916 0.0735839 0.267264 0.303581 0.279655 
0.566874 0.433126 0 0 0 
0 0.420843 0.579157 0 0 
0.610427 0 0 0 0.389573 
0 0.132578 0.389863 0.221615 0.255943 
0.265666 0.301747 0.432587 0 0 
0 0 1 0 0 
0.568618 0.431382 0 0 0 
0 0 0 0 1 
0 0.419506 0.580494 0 0 
0 1 0 0 0 
0 0 0 1 0 
0 0 0 1 0 
0.309865 0 0 0.207039 0.483096 
0 0 0.65166 0.34834 0 
0.324352 0.320111 0 0.0660849 0.289453 
0 0.24456 0 0.29952 0.45592 
0 0 0 0.176452 0.823548 
0 0.373029 0.626971 0 0 
0.496907 0 0 0 0.503093 
0 0.742574 0 0.257426 0 
0.231477 0.380396 0 0.289741 0.0983869 
0 0.521947 0 0.478053 0 
0.752913 0 0.247087 0 0 
0 0.255337 0.108948 0.635715 0 
0.133581 0.431255 0 0.145239 0.289925 
0 0.243869 0.470291 0 0.28584 
0 0 0.325077 0.674923 0 
0.181227 0.28127 0 0.222033 0.31547 
0 0 0.38008 0.61992 0 
0.76539 0 0.23461 0 0 
0.749077 0 0 0 0.250923 
0 0.632426 0 0.245512 0.122062 
0.182742 0.719288 0 0.0979706 0 
0 0.76565 0.23435 0 0 
0 1 0 0 0 
0 0 0.678817 0 0.321183 
0 0.272174 0 0.727826 0 
0 0 0.416634 0 0.583366 
0.455594 0.544406 0 0 0 
0.719095 0 0 0.280905 0 
0 0 0.493792 0 0.506208 
0 1 0 0 0 
0.495197 0 0 0.292827 0.211977 
0 0.66439 0 0.21736 0.11825 
0.456669 0 0.254016 0 0.289315 
0 0 0.302397 0.327692 0.369911 
1 0 0 0 0 
0 0.399319 0.135045 0.104201 0.361435 
0.627678 0 0 0 0.372322 
0.39095 0.313108 0.295942 0 0 
0 0.790081 0 0 0.209919 
0 0 0.484425 0.26829 0.247284 
0.351975 0 0.648025 0 0 
1 0 0 0 0 
0 0 0 0.563142 0.436858 
0 0 0 0 1 
0.251224 0.334165 0.226526 0.188085 0 
0 0.344258 0 0 0.655742 
0.718222 0 0 0 0.281778 
0.214647 0 0 0.333047 0.452306 
0 0.710799 0.289201 0 0 
0.205517 0.316633 0.431607 0 0.0462434 
0 0.143571 0 0.339667 0.516761 
0 0.344584 0.517773 0 0.137643 
0 0.307478 0.0900536 0.229141 0.373328 
1 0 0 0 0 
0.139786 0.313959 0.136139 0 0.410116 
0 0.441932 0 0.0748625 0.483206 
0 0.624502 0.375498 0 0 
0.598174 0.401826 0 0 0 
0.113648 0.163452 0 0.356546 0.366354 
0 0 0.49975 0.50025 0 
0 0.52814 0.47186 0 0 
0.111444 0.114462 0 0.693744 0.0803507 
0 0 0.681745 0 0.318255 
1 0 0 0 0 
0.1951 0.453067 0 0 0.351833 
0 0 0 0 1 
0 0.1755 0.48495 0.116096 0.223454 
0.136385 0.263956 0.259041 0 0.340617 
0.531404 0.468596 0 0 0 
0 0.570997 0.429003 0 0 
0 0.498788 0 0 0.501212 
0.286103 0.180869 0.533028 0 0 
0.382878 0 0.617122 0 0 
0.398898 0.372833 0 0 0.228269 
0.42549 0 0.13688 0.437629 0 
0.303394 0 0.228793 0.467814 0 
0 0 0 0.469531 0.530469 
0 0 1 0 0 
0.688024 0 0 0.311976 0 
0 0.148003 0.354175 0.228715 0.269108 
0 0 0 1 0 
0 0.503059 0 0.496941 0 
0 0 1 0 0 
0.289204 0.0864165 0.389005 0.235375 0 
0 0 0 0.249997 0.750003 
0 0 0 1 0 
0.320256 0 0.297453 0.1135 0.268791 
0 0 0.426313 0.573687 0 
0 0 0 0 1 
0 1 0 0 0 
0.138215 0.0647864 0.505413 0 0.291586 
0.106902 0.531149 0.30545 0.0564989 0 
0 0 0 0.281298 0.718702 
0.556824 0 0.233335 0.209841 0 
0.313608 0 0.468761 0 0.217631 
0 0.252276 0 0.464114 0.28361 
0 1 0 0 0 
0 0.739959 0 0 0.260041 
0.632946 0 0 0 0.367054 
0 0.137909 0 0.44585 0.416241 
0 0.342012 0 0.0928695 0.565119 
0 0.501659 0 0 0.498341 
0.201543 0.485232 0.313225 0 0 
0.759672 0.240328 0 0 0 
0 0 0.514305 0 0.485695 
0 0 0 0.725403 0.274597 
0 0 1 0 0 
1 0 0 0 0 
0.129519 0 0.487774 0 0.382707 
0 0 0 0 1 
0.421575 0 0.578425 0 0 
0.104196 0.319482 0 0.165328 0.410994 
0.192681 0 0 0.427439 0.37988 
0 0 1 0 0 
0.16769 0 0.83231 0 0 
0 0.409509 0 0.590491 0 
0.102442 0 0 0.472295 0.425262 
0.434414 0.565586 0 0 0 
0 0.262612 0.200666 0.355407 0.181315 
0.0761261 0 0 0.514842 0.409032 
0.138071 0.542277 0 0 0.319652 
0 0.218849 0.339048 0.0433887 0.398714 
0 0.109117 0.479836 0 0.411047 
0.27931 0.536455 0 0.0695778 0.114657 
0.461892 0.174492 0.091955 0 0.271661 
0 0.223397 0.362473 0.414129 0 
0.373251 0 0 0.626749 0 
0 0.518413 0.481587 0 0 
0 0 0.363371 0.636629 0 
0 0.680406 0.319594 0 0 
0 0 0.24228 0.75772 0 
0.441522 0.0910773 0 0.086593 0.380807 
0.426238 0.432427 0.0708691 0.0704655 0 
0 0.45199 0 0 0.54801 
0 0 0 0.262156 0.737844 
0.34855 0 0 0 0.65145 
0.642491 0.0968694 0.26064 0 0 
0.205822 0.334101 0.312422 0 0.147655 
0.318302 0 0.341312 0.168547 0.171838 
1 0 0 0 0 
0.585707 0 0 0 0.414293 
0.61612 0 0 0 0.38388 
1 0 0 0 0 
0 1 0 0 0 
0 0.615056 0.384944 0 0 
0.380314 0.211121 0.210339 0.198226 0 
0 0.681123 0 0.318877 0 
0.37402 0.246491 0 0 0.379488 
