5 200
0.38538
0.446783
0.335452
0.412496
0.317171
10.2282 0.0937908
10.013 0.572236
9.69066 0.719583
9.52776 0.64075
9.31532 0.818384
9.28554 1.02303
9.16139 0.662368
9.10581 0.211795
9.08978 1.04042
8.9955 1.15782
8.83648 0.149951
8.34056 1.29868
8.24038 0.410916
8.22573 1.96696
7.99629 1.10466
7.98236 1.04741
7.98185 0.853174
7.90295 1.82324
7.87103 1.62846
7.86542 0.402478
7.83484 2.21109
7.80919 1.30394
7.78267 0.779619
7.76048 0.989442
7.64402 0.124064
7.63929 1.54875
7.63455 0.602395
7.55217 1.68121
7.43877 1.18265
7.4387 1.40336
7.3637 0.481317
7.3204 1.82193
7.28865 0.496272
7.26147 1.41162
6.89555 2.62846
6.86436 2.06357
6.84613 1.85977
6.81909 2.14712
6.70161 2.73207
6.57205 1.55812
6.56033 0.849361
6.46206 3.11219
6.44327 0.926841
6.43209 2.98237
6.1598 1.56727
6.08865 2.01857
6.06232 0.940664
6.02694 2.09447
5.92395 2.32344
5.77945 1.46475
5.74656 2.10045
5.73664 2.28331
5.71258 3.36343
5.43734 1.97639
5.29039 2.25894
5.09831 2.81018
4.95442 2.0502
4.91725 3.94832
4.90966 2.75506
4.46015 4.10554
4.38765 2.44534
4.27297 3.51789
4.27167 2.7604
4.24773 2.13142
4.16463 2.63163
4.0693 2.41007
4.01168 4.28391
3.90671 3.23063
3.87703 5.01111
3.69654 3.67464
3.60362 4.49115
3.51446 2.89732
3.49145 3.3808
3.47986 3.62559
3.3625 5.43548
3.33121 4.55339
3.32922 3.13628
3.26445 4.38821
2.97871 5.5158
2.93112 5.51886
2.85292 4.43529
2.85182 4.77014
2.77268 4.40364
2.7266 4.94126
2.61197 6.2037
2.48253 4.54124
2.46455 4.50016
2.4036 4.12857
2.39555 5.10221
2.29139 6.26371
2.14636 6.12956
2.11677 4.58277
2.09682 3.6728
2.09608 6.51042
2.07907 6.17483
2.03933 6.12918
2.02378 5.84806
1.99939 4.3631
1.99148 4.68024
1.98448 5.9775
1.93916 5.2486
1.90195 5.40948
1.8262 5.27639
1.81583 4.69844
1.78749 5.45943
1.72548 6.0082
1.65835 6.22085
1.658 7.04728
1.61406 5.19195
1.4955 5.26868
1.48843 4.63322
1.45773 7.0038
1.41419 6.53323
1.4068 7.45776
1.40642 6.72232
1.39888 6.8303
1.33182 5.68785
1.3303 5.486
1.32886 7.29363
1.29676 5.76973
1.28623 5.46833
1.26954 6.21977
1.21389 5.84698
1.16842 6.01964
1.15077 5.6389
1.13484 6.93498
1.06164 6.09457
1.04691 7.03706
0.999962 7.35455
0.877016 7.68621
0.875582 8.17075
0.814196 6.9269
0.76882 5.74528
0.732749 8.88517
0.707853 6.50744
0.699177 7.97505
0.696318 5.84457
0.666141 8.61349
0.634744 6.39828
0.632414 6.78573
0.594545 6.40533
0.570254 7.86885
0.557357 9.06
0.543431 6.7376
0.438508 6.4567
0.437301 9.83801
0.428726 7.38469
0.406402 8.52135
0.380178 7.88552
0.378749 9.01785
0.346078 9.35887
0.340595 9.79076
0.333533 6.72083
0.330813 7.84107
0.329961 6.39663
0.312225 6.75234
0.306417 7.80038
0.305146 9.31795
0.285778 10.1928
0.280594 7.82015
0.273071 6.61763
0.270633 6.68188
0.269845 7.19861
0.267114 7.37697
0.259254 9.75591
0.255917 7.29432
0.246367 10.6378
0.235684 6.47158
0.230562 6.89769
0.229019 7.87575
0.223069 6.77581
0.205453 10.0921
0.191887 10.7902
0.175785 7.40861
0.151611 6.87228
0.134914 9.37821
0.133198 10.1182
0.126019 10.916
0.0920205 8.89478
0.0694398 7.74318
0.0595725 9.04599
0.0580244 7.62255
0.0442983 9.63112
0.0336028 10.2335
0.0313228 11.5522
0.03016 7.65665
0.0300537 10.3325
0.0276188 8.99682
0.0234005 10.3357
0.0217074 7.46367
0.0215956 10.258
0.0214553 10.4247
0.0145435 8.18409
0.0135592 10.1136
0.0135211 11.2464
0.0110188 11.3635
0.00794476 10.6019
0.00732657 8.94802
0.00630924 11.0971
0.00188168 11.4237
0 0 0 0 1 
1 0 0 0 0 
0 1 0 0 0 
0 0 1 0 0 
0 0 1 0 0 
0 0 0 1 0 
0 0 0.350272 0 0.649728 
0 0.790678 0 0 0.209322 
0 0 0 1 0 
0 0 0 0.330438 0.669562 
0 0.147474 0.523211 0 0.329315 
0.412668 0 0.587332 0 0 
0 0 0.857696 0 0.142304 
0 0 0 1 0 
0 0.749883 0 0 0.250116 
0 0 0 1 0 
0 1 0 0 0 
1 0 0 0 0 
0 1 0 0 0 
1 0 0 0 0 
0 0 1 0 0 
0 0 1 0 0 
0 0 0 0 1 
0 0 1 0 0 
0 0 0 0 1 
1 0 0 0 0 
0.147324 0.852676 0 0 0 
1 0 0 0 0 
0 0 0 1 0 
0 0 0 0.396245 0.603755 
0 0 0 0 1 
0 0 0 0 1 
0 1 0 0 0 
0 0 0.751845 0 0.248155 
0 1 0 0 0 
0 0 0 0 1 
0 0 0 1 0 
0 0 0 1 0 
1 0 0 0 0 
0 0 1 0 0 
0 1 0 0 0 
0.359377 0 0.344098 0.296524 0 
0 0 1 0 0 
1 0 0 0 0 
0 0 0 0 1 
1 0 0 0 0 
0 0 0 0 1 
0.161816 0 0.838184 0 0 
0.253083 0.190328 0 0.269507 0.287082 
0 0 0 1 0 
0 0 0 1 0 
1 0 0 0 0 
0 1 0 0 0 
0 0.570853 0 0.429147 0 
0 0.340133 0 0 0.659867 
0 0 0.439379 0 0.560621 
1 0 0 0 0 
0 0 1 0 0 
0 0 0 0 1 
0.369172 0 0.630828 0 0 
0.119407 0 0.880593 0 0 
0 0 0 0.356269 0.643731 
0 1 0 0 0 
0 0 0 1 0 
0.710527 0 0.289473 0 0 
1 0 0 0 0 
0 0 1 0 0 
0 1 0 0 0 
0 0.639372 0 0.360628 0 
0 1 0 0 0 
0 1 0 0 0 
1 0 0 0 0 
0.336357 0.177273 0 0.48637 0 
0.207678 0 0 0.792322 0 
0 1 0 0 0 
0 0.421885 0 0.578115 0 
0 0.139186 0 0 0.860814 
0 0 0 0 1 
0 0 1 0 0 
0.170084 0.492936 0 0 0.33698 
0 0 0 1 0 
0 0.469081 0.530919 0 0 
0 1 0 0 0 
0 0 0 0 1 
0.816009 0 0.183991 0 0 
0 0.470645 0.529355 0 0 
0.475544 0.263429 0.261027 0 0 
0 0 1 0 0 
1 0 0 0 0 
0.521122 0 0 0 0.478878 
0 0 1 0 0 
0 1 0 0 0 
0 0 1 0 0 
0 0.824001 0 0 0.175999 
0 1 0 0 0 
0.468553 0 0.531447 0 0 
0 0.1646 0.270975 0.427091 0.137334 
0 0 0 1 0 
0.548827 0 0.451173 0 0 
0.340538 0 0.473003 0.18646 0 
0 0 0 1 0 
0 0.261479 0.440864 0 0.297656 
0.308483 0 0.368019 0 0.323498 
0 0 1 0 0 
0 0 0.735582 0 0.264418 
1 0 0 0 0 
0 0 0 1 0 
0 0 0 1 0 
0.292522 0.333015 0.374463 0 0 
1 0 0 0 0 
0 0 1 0 0 
0 0 1 0 0 
0 1 0 0 0 
0 0.185823 0 0.197393 0.616784 
0 0 0 1 0 
0 0 0 1 0 
0.565074 0 0 0 0.434926 
0.475425 0 0 0 0.524575 
0 0 1 0 0 
0 0 0.669859 0 0.330142 
0 0 1 0 0 
0 0 0.474171 0 0.525829 
0.397793 0.602207 0 0 0 
0 0 0 1 0 
0.307475 0.0887195 0 0.603805 0 
0 0.321139 0 0 0.67886 
0 0 0 1 0 
0 0 0.559833 0 0.440167 
0 0 0 1 0 
0 0.799938 0 0 0.200062 
0 0 1 0 0 
0 0.561928 0 0.438071 0 
1 0 0 0 0 
1 0 0 0 0 
0 1 0 0 0 
1 0 0 0 0 
1 0 0 0 0 
0 1 0 0 0 
0 0.2923 0 0.7077 0 
1 0 0 0 0 
0 1 0 0 0 
0 0 0 0.145606 0.854394 
0 0 0 0.171299 0.828701 
0 1 0 0 0 
0 0 0 1 0 
0 1 0 0 0 
0 1 0 0 0 
1 0 0 0 0 
0 0 0 0 1 
1 0 0 0 0 
0 1 0 0 0 
0 0.655646 0 0 0.344354 
0 1 0 0 0 
0.549222 0 0.450778 0 0 
0.642298 0.147911 0.209791 0 0 
0 1 0 0 0 
0 1 0 0 0 
0 0 0 0 1 
0 0.493488 0.506512 0 0 
0 0.506959 0.493041 0 0 
0 0 0 1 0 
0 0 0 0.531916 0.468084 
0 1 0 0 0 
0 0 0 0 1 
0.533107 0 0 0 0.466893 
1 0 0 0 0 
0.262924 0 0.286496 0.173592 0.276988 
0.116711 0 0.407301 0 0.475988 
0 1 0 0 0 
0 0 0.460004 0.539996 0 
1 0 0 0 0 
0.468531 0 0.531469 0 0 
0.469365 0 0.385478 0 0.145157 
0 0 0 0 1 
0 0 0.42628 0.57372 0 
0.351766 0 0.371917 0.276316 0 
0.479526 0 0.520474 0 0 
0.528079 0 0.471921 0 0 
0 0 0 0 1 
0 1 0 0 0 
1 0 0 0 0 
0 0 1 0 0 
0 0 0 1 0 
0 0 1 0 0 
0 0.428088 0 0.263144 0.308768 
0 1 0 0 0 
0 0 0.595619 0 0.404381 
0 0 0.337574 0 0.662426 
0 0 0 1 0 
1 0 0 0 0 
0 0 0 0 1 
0 1 0 0 0 
0 0 0 0.403759 0.596241 
0 0 0.21532 0 0.78468 
0.292035 0 0 0.419228 0.288737 
0 0 0 0 1 
0 0.497627 0 0 0.502373 
0 1 0 0 0 
1 0 0 0 0 
0 0 0 1 0 
