5 50
0.453406
0.565546
0.287782
0.548364
0.424902
9.19961 1.22879
8.54856 0.108406
8.41461 0.789555
8.12533 0.265417
7.69313 1.33911
7.47133 0.324587
7.42169 1.6165
7.09649 0.417017
6.87699 0.672855
6.69043 0.775221
6.67188 2.58146
6.43183 2.62502
6.4273 2.77659
6.19095 2.07785
6.03266 1.51086
5.92102 2.16169
5.86106 3.21486
5.79971 1.50797
5.16053 3.0901
4.79381 3.24321
4.45387 2.66485
4.00251 3.41169
3.13406 3.5936
2.98778 5.01678
2.9035 3.94826
2.83495 4.16701
2.48605 4.83105
2.48397 5.16633
2.35462 5.04324
2.06301 4.51308
1.3973 4.92208
1.10982 5.85845
1.03415 6.5654
0.993244 7.90272
0.917261 5.83289
0.832464 6.07503
0.788813 5.84173
0.684153 6.83831
0.567318 6.3093
0.451536 7.80153
0.381254 9.84225
0.377478 8.85111
0.291631 7.51015
0.242433 9.11808
0.196286 8.38847
0.150749 9.36403
0.0924857 10.2364
0.0589929 10.9469
0.0578964 11.4423
0.00113522 7.902
0.552908 0.447092 0 0 0 
0.421222 0.232489 0.293188 0.0531003 0 
0.283458 0 0.211149 0.505393 0 
0 0.452613 0.42366 0 0.123727 
0 0.48747 0.51253 0 0 
0.312909 0.290208 0.140477 0 0.256406 
0.606949 0 0 0 0.393051 
0 0 0.348903 0.326302 0.324795 
0.763157 0 0.236843 0 0 
0.807128 0 0.192872 0 0 
0.140221 0 0.859779 0 0 
0.181872 0.236154 0.162542 0.230748 0.188683 
0 1 0 0 0 
0.178709 0 0.0622738 0.273403 0.485614 
0.258859 0.741141 0 0 0 
0.199592 0 0 0 0.800408 
0 0.200957 0.799043 0 0 
0 0.491044 0.339462 0 0.169494 
0.346004 0 0 0 0.653996 
0.346733 0 0.468803 0 0.184464 
0 0.66227 0.33773 0 0 
0.3985 0 0 0 0.6015 
0 0 0 0.36891 0.63109 
0.455508 0 0 0 0.544492 
0 0 1 0 0 
0.523787 0 0 0.231509 0.244704 
0 1 0 0 0 
0 0 0 0.266868 0.733132 
0 0.521389 0.478611 0 0 
0 0 0.0906159 0.4992 0.410184 
0 0.677341 0.322659 0 0 
0 0.115605 0 0.566748 0.317647 
0.299233 0.255746 0.445021 0 0 
0.156038 0.178464 0 0.135429 0.530068 
0 0 0.566281 0.433719 0 
0.205384 0 0.165641 0.424409 0.204567 
0.157814 0.326552 0 0 0.515633 
1 0 0 0 0 
0 0 0.427713 0.394776 0.177512 
0 0 0 0 1 
0 0.51455 0.159306 0.326144 0 
0 0.460894 0 0.199916 0.33919 
0.294691 0 0.28731 0.30854 0.109459 
0 0.443236 0.15729 0 0.399474 
0.241995 0 0.312176 0 0.445829 
0.149904 0.340185 0 0.509911 0 
0.306396 0.473321 0.220283 0 0 
0 0.316487 0 0 0.683513 
0 0 0 1 0 
0 0 1 0 0 
