5 200
0.365131
0.257126
0.269608
0.422277
0.377094
11.1285 0.29318
10.427 0.760165
9.8242 0.41713
9.7208 0.187013
9.62227 0.947368
9.4779 1.02461
9.31792 0.929653
9.29798 0.991386
9.26077 0.0998469
9.1378 0.405627
9.01534 0.114305
8.99631 1.22058
8.66584 1.59281
8.5531 0.337885
8.52637 0.793378
8.47305 1.19274
8.3998 0.573584
8.30094 0.332616
8.28984 1.39365
8.13179 1.51621
7.98514 0.89096
7.74618 1.0585
7.64521 1.05656
7.59569 1.0089
7.56742 1.18689
7.39696 0.3781
7.18825 1.7819
7.00819 1.74981
6.82729 1.41023
6.62042 2.68884
6.42162 2.73486
6.41251 1.46139
6.38922 2.64307
6.35748 2.68358
6.34438 1.92564
6.33169 2.47454
6.13977 2.22602
5.85081 1.54764
5.82734 2.85182
5.71472 2.97949
5.67011 1.73134
5.51712 2.14291
5.48948 3.0286
5.48084 3.63432
5.47167 2.30582
5.37959 1.96438
5.34838 3.38651
5.3136 2.05953
4.98528 2.06846
4.91145 2.97445
4.89111 3.62387
4.86467 2.6112
4.79046 2.29283
4.78147 4.08172
4.77025 3.86114
4.69039 3.78959
4.65416 1.87828
4.60251 3.61168
4.59841 3.15309
4.49377 4.36309
4.45923 3.40732
4.44176 4.42457
4.42811 3.06405
4.41976 3.6143
4.30494 2.2752
4.18516 2.19716
4.13926 4.03496
4.12711 4.57872
3.85486 2.92385
3.84562 3.64187
3.81627 3.69886
3.81437 3.26595
3.78423 3.1204
3.70714 4.04172
3.62487 4.85162
3.57876 4.98806
3.54358 3.78536
3.51889 3.44609
3.48435 2.98699
3.45554 3.84701
3.44072 4.02907
3.32734 3.2564
3.29681 5.09239
3.29256 5.89329
3.19233 4.69998
3.17688 4.54155
3.15474 6.01171
3.0625 4.91339
2.95226 3.6575
2.90604 4.28868
2.89731 4.17125
2.84144 3.80889
2.79979 3.57044
2.75282 5.96335
2.61524 4.69907
2.6081 4.94084
2.57855 4.73912
2.56303 4.02163
2.55427 5.68684
2.54586 3.26832
2.53698 5.90714
2.52549 3.63895
2.49291 4.26751
2.46291 4.29896
2.39971 4.05973
2.37455 4.4398
2.33786 4.83652
2.31863 5.41274
2.28147 5.75165
2.13394 5.54214
2.01899 6.83442
1.9581 6.68443
1.95058 4.45116
1.94211 5.72297
1.92921 7.39766
1.87104 5.85148
1.85218 4.50273
1.83718 6.46188
1.79069 4.6227
1.74368 7.60794
1.71297 5.88839
1.69839 6.20722
1.65878 6.40193
1.63699 4.75095
1.58889 5.27194
1.57066 7.75008
1.56686 6.9489
1.56008 6.72442
1.51616 7.19945
1.34855 6.27116
1.26633 6.49615
1.24013 4.90822
1.23018 5.22584
1.16367 7.84534
1.11703 6.69097
1.1056 6.36096
1.09913 5.26164
1.09702 4.83296
1.0759 5.47297
1.02784 5.97298
1.0268 5.22149
0.998596 8.75886
0.973822 5.81798
0.962439 5.91213
0.927455 5.71629
0.914766 8.56012
0.903012 6.33225
0.896638 5.93045
0.858861 8.32434
0.852659 7.74042
0.814209 6.36419
0.800302 6.98191
0.77404 8.99271
0.769809 5.76665
0.685129 7.59838
0.661265 7.07056
0.628391 7.136
0.611208 7.46482
0.604735 6.49237
0.558063 8.64521
0.537578 6.34159
0.529714 6.41569
0.522952 7.70049
0.463584 8.43352
0.412358 9.80084
0.380491 7.12857
0.376602 8.96727
0.365996 7.26545
0.304781 6.77622
0.251359 7.80909
0.243102 8.47317
0.232739 8.34105
0.23097 10.18
0.220627 6.80934
0.200781 6.75056
0.177879 7.76562
0.169593 10.339
0.15742 8.08773
0.154091 7.76193
0.149569 7.67481
0.119464 10.1193
0.095799 7.50494
0.0675073 9.05861
0.066097 7.18798
0.0512695 10.7681
0.0493312 7.69464
0.0447157 8.69576
0.0332479 7.39889
0.0281055 8.10315
0.022757 10.5092
0.0223072 7.23088
0.0156579 9.32273
0.00972503 12.1111
0.00449986 7.75016
0.0041783 12.1599
0.00369179 9.25149
0.00306987 8.43261
0.00200694 10.0331
0.00197811 9.91401
0.00174035 8.13793
0.13349 0.153891 0.285688 0.286858 0.140073 
0.699224 0 0 0 0.300776 
0 0 0.606136 0.393864 0 
0.336551 0.305818 0.143673 0.213957 0 
0 0.383151 0.616849 0 0 
0 0.0506682 0.338979 0.439049 0.171304 
0.0787555 0.189202 0.384684 0.273285 0.0740733 
0.489192 0 0 0.251868 0.25894 
0 0.323977 0.676023 0 0 
0.780965 0 0.219035 0 0 
0.404283 0.226595 0 0 0.369122 
0 0 0 0.711643 0.288357 
0.272677 0.288808 0.130582 0.0936243 0.214309 
0 0 0 1 0 
0 0 0.266674 0.135419 0.597907 
0.308921 0 0.471599 0 0.21948 
0.732303 0 0 0.267697 0 
0.188078 0.176908 0 0.372678 0.262336 
0 0 0.789029 0.210971 0 
0.308086 0 0 0.315914 0.376 
0.26291 0.285313 0.342962 0 0.108815 
0.102237 0 0 0.417704 0.480059 
0 0.437444 0.0698541 0.492702 0 
0 0.319041 0 0.458302 0.222658 
0.556105 0 0 0.326306 0.11759 
0 0.359948 0.260207 0 0.379845 
0.393712 0 0 0 0.606288 
0.223042 0.48344 0 0 0.293519 
0.410093 0 0.349128 0 0.240779 
0.310407 0.0834298 0 0.606163 0 
0.314043 0.356461 0.329496 0 0 
0.500369 0 0 0 0.499631 
0.144672 0.312881 0.219001 0 0.323445 
0.305363 0 0 0 0.694637 
0 0 0.675711 0.324289 0 
0.064914 0.453111 0 0.481975 0 
0 0 0.476998 0.523002 0 
0.375502 0 0.341825 0.282674 0 
0 0.188098 0.288072 0.286404 0.237427 
0 0.221209 0 0.508704 0.270088 
0 0 0 1 0 
0.42987 0 0.57013 0 0 
0.442497 0 0 0.296639 0.260864 
0 0.252391 0.495397 0 0.252212 
0.850896 0 0.149104 0 0 
0.394145 0.0933336 0.230819 0 0.281703 
0.262064 0.299674 0 0.438262 0 
0.349666 0.276139 0.374195 0 0 
0.24023 0.314621 0.226063 0.219086 0 
0 0.402621 0 0.342139 0.25524 
0 0.331849 0.319536 0.211333 0.137282 
0.143057 0 0.289563 0.195493 0.371887 
0.246544 0.563519 0 0 0.189937 
0.318482 0.466278 0.146238 0.0690017 0 
0.0730026 0 0.0996168 0.417831 0.409549 
0.391265 0 0.131731 0.294523 0.182481 
0.229311 0.240821 0.265083 0 0.264785 
0.537318 0 0.462682 0 0 
0 0.431756 0.353087 0 0.215157 
0 0 0.254575 0.745425 0 
0.0951617 0.341596 0 0.381889 0.181353 
0.369454 0.320971 0 0 0.309575 
0.328144 0 0.324952 0 0.346904 
0 0 0.0996996 0.512281 0.38802 
0.242867 0.234143 0.277453 0 0.245537 
0 0.116866 0.371181 0.20173 0.310224 
0.26947 0.178203 0 0 0.552328 
0 0.213096 0.327039 0.127582 0.332284 
0.501195 0 0 0.161735 0.33707 
0.511029 0.488971 0 0 0 
0.0737065 0 0 0.538136 0.388158 
0.338657 0.0821591 0.430734 0.14845 0 
0.30814 0 0.283818 0.079808 0.328233 
0.513211 0 0 0 0.486789 
0 0 0.343294 0.235407 0.421299 
0.0581443 0.325044 0.108309 0.218766 0.289737 
0 0.205266 0.378185 0 0.416548 
0.567985 0 0.32088 0.111136 0 
0.288448 0.198732 0.182686 0.234735 0.0953993 
0 0 0 0.443273 0.556727 
0 1 0 0 0 
0 0.433676 0.566324 0 0 
0.0917755 0.352155 0.200892 0.109917 0.245261 
0.359126 0 0.184807 0.115834 0.340233 
0 0.242394 0 0.218105 0.539501 
0.232709 0.254879 0 0.404622 0.10779 
0.37288 0 0.221411 0.34336 0.0623486 
0.303139 0 0 0.235959 0.460902 
0 0 0 0.496267 0.503733 
0.436476 0.193555 0.310283 0 0.059686 
0 0.333035 0.308416 0 0.358548 
0.0753746 0.129559 0.479207 0 0.31586 
0 0.451875 0 0.548125 0 
0 1 0 0 0 
0.171006 0.253177 0 0.575817 0 
0.202968 0.212415 0 0.380804 0.203812 
0 0 1 0 0 
0.292823 0 0.349525 0 0.357652 
0 0.179377 0.561219 0 0.259404 
0.324664 0.164852 0.232237 0.136219 0.142028 
0.364373 0.201137 0 0.43449 0 
0 0.103988 0.343609 0 0.552403 
0.216862 0 0.272436 0.218433 0.292269 
0.280489 0 0 0.401269 0.318242 
0.144219 0 0 0.855781 0 
0 0 0.596021 0 0.403979 
0 0.759823 0.240177 0 0 
0.332998 0.483706 0 0 0.183296 
0.352366 0.133605 0.269298 0.244731 0 
0 0.182317 0.320346 0.497337 0 
0.3112 0 0 0.6888 0 
0 0 0.362117 0.244073 0.393809 
0 0.184582 0.815418 0 0 
0 1 0 0 0 
0.446786 0.113013 0 0 0.440201 
0.541763 0 0 0.139387 0.31885 
0.283945 0 0.151833 0.564222 0 
0.0704046 0 0.426802 0 0.502794 
0.338792 0 0.577729 0.0834789 0 
0.149402 0.129581 0.0438163 0.333535 0.343666 
0.620199 0 0 0 0.379801 
0.444834 0.450279 0 0.104887 0 
0.370459 0 0 0.342403 0.287137 
0 0.303221 0 0.411155 0.285624 
0.409481 0.321375 0.269144 0 0 
0.150036 0.201241 0.245012 0.172382 0.231329 
0.230449 0.153444 0.292556 0 0.323552 
0.524304 0.230071 0.245626 0 0 
0.0963088 0.301958 0.16282 0.343674 0.0952389 
0.145679 0.235298 0.0452389 0.259701 0.314083 
0 0 0.611389 0 0.388611 
0.340962 0.0614309 0.200449 0.0575593 0.339599 
0 0.548233 0.451767 0 0 
0.321924 0.514235 0 0.163841 0 
0.524556 0 0.475444 0 0 
0.251849 0.265151 0.0787985 0.125463 0.278737 
0 0.503325 0 0 0.496675 
0.404182 0.432188 0.16363 0 0 
0 0.224291 0 0.775709 0 
0 0 0.290487 0.709513 0 
0 0 0.5113 0.231702 0.256999 
0.531318 0.0657582 0 0 0.402924 
0.357132 0.204757 0.438112 0 0 
0 0.26357 0 0 0.73643 
0.324033 0.262542 0.112974 0 0.300451 
0.275742 0.600795 0 0.123463 0 
0.143783 0 0.685776 0 0.170442 
0.125637 0.874363 0 0 0 
0 0.464337 0 0.188454 0.347209 
0.142779 0.401785 0 0 0.455437 
0 0 0.624936 0.279274 0.0957897 
0.236254 0 0.386476 0 0.37727 
0 0.211997 0 0.363763 0.42424 
0 0 0.339872 0.180979 0.479149 
1 0 0 0 0 
0.438575 0.0969138 0 0.233361 0.23115 
0 0.420929 0 0.178721 0.40035 
0 0 0.320678 0.257278 0.422044 
0.415065 0.196338 0.388596 0 0 
0.456413 0.385419 0.158168 0 0 
0.0543034 0.465927 0 0.39326 0.0865105 
0.408648 0 0 0.591352 0 
0 0.41113 0.404639 0 0.18423 
0.388848 0.311982 0 0.299171 0 
0.298245 0 0.355023 0.346732 0 
0 0.0980485 0 0.390954 0.510998 
0.172739 0.452511 0 0 0.37475 
0 0 0.225949 0.547767 0.226285 
0 0.163827 0 0 0.836173 
0.296197 0.417315 0.15971 0.126779 0 
0.10511 0.326643 0.0822966 0.48595 0 
0 0.315406 0 0.237741 0.446853 
0 0 0 1 0 
0 0 0.827542 0.172458 0 
0 0 0.444714 0.555286 0 
0.239152 0.185664 0.231839 0 0.343345 
0 0 0.46865 0.439321 0.0920287 
0 0.118867 0.691482 0.189651 0 
0.383023 0 0.15413 0.462847 0 
0 0 0.450083 0 0.549917 
0 0.354337 0.0811813 0.564482 0 
0.506716 0.226357 0.0711355 0 0.195791 
0.0890558 0.374459 0 0.190901 0.345584 
0 0 0 1 0 
0.276506 0.313474 0 0.41002 0 
0.46638 0 0 0 0.53362 
0.363397 0.276883 0 0.359719 0 
0.242295 0.757705 0 0 0 
0 0.563632 0 0.164362 0.272006 
0.0729235 0 0.521432 0 0.405645 
0.572639 0 0 0.427361 0 
0 0.180321 0.12989 0 0.689789 
0.24805 0.143474 0.485428 0.123048 0 
0.3824 0.287226 0.108854 0 0.22152 
0.367417 0 0.40989 0 0.222693 
0.202466 0 0.158985 0.340634 0.297915 
1 0 0 0 0 
0 0 0 0.792016 0.207984 
0.363634 0 0 0.426625 0.20974 
0.574951 0 0.269723 0 0.155326 
