5 200
0.321078
0.544626
0.411657
0.321322
0.438604
10.9085 0.529535
10.7654 0.562755
10.6229 0.159446
10.1703 0.853894
9.70251 0.382755
9.64314 0.322985
9.54516 0.539557
9.37578 0.778632
9.35789 0.705509
8.91498 1.29324
8.76061 0.404061
8.70782 0.447402
8.60197 0.229081
8.13807 0.338515
7.9169 0.0981886
7.86607 1.46287
7.84704 2.03761
7.78998 0.792033
7.74357 1.03415
7.47872 1.63388
7.33556 2.07774
7.25637 0.935387
7.18394 1.0004
7.17762 0.647887
7.15976 0.79978
7.13025 1.10486
7.12682 0.371967
7.11936 1.16578
7.11072 2.06341
7.04174 1.82016
6.94251 1.99522
6.86851 1.42641
6.85223 2.38799
6.50176 1.02629
6.48791 2.08665
6.37358 2.07834
6.22001 3.40539
6.17379 1.41133
6.15919 2.89413
6.1533 2.51467
6.00758 2.42066
5.99917 2.06299
5.8529 2.25522
5.84394 1.98897
5.7438 2.1307
5.69195 3.89717
5.64887 3.07273
5.64839 1.35647
5.6176 2.17405
5.57936 2.64208
5.54704 2.14299
5.45158 2.31385
5.34351 2.76645
5.30968 3.17461
5.3054 3.02419
5.12603 2.09915
5.10392 3.19958
5.09068 2.34647
4.89211 3.65922
4.87802 2.27554
4.84618 3.18863
4.81665 2.27005
4.7951 4.10808
4.76681 3.42618
4.74495 2.85881
4.65522 2.58102
4.57512 2.66495
4.45912 4.00354
4.39748 3.89549
4.36083 2.95561
4.29209 3.72931
4.19837 3.02875
4.05023 3.79135
4.02445 3.27727
4.01981 3.48441
3.97289 3.61281
3.95086 2.66467
3.77255 3.3261
3.75024 5.06412
3.72638 4.47676
3.67888 4.25804
3.64621 5.17897
3.62408 4.27667
3.61814 4.07739
3.48377 3.43984
3.46459 4.14994
3.38802 3.77585
3.32868 3.38973
3.30415 2.93891
3.1127 5.72373
3.02104 4.54858
2.95205 3.65608
2.86341 4.66157
2.75795 6.04973
2.52213 4.80103
2.50177 3.92627
2.4961 4.6661
2.48168 4.9573
2.4324 3.67487
2.41602 5.94421
2.31941 5.89406
2.31183 6.69376
2.31124 4.10233
2.30643 3.96223
2.20132 3.95765
2.14932 6.25842
2.043 5.20758
1.99832 4.99032
1.95793 6.17382
1.88231 5.4801
1.8802 4.6705
1.82924 4.8583
1.82513 4.91484
1.80393 6.06979
1.80113 7.21134
1.7338 5.91431
1.65105 5.13293
1.61353 5.36127
1.5404 7.00617
1.53116 6.48916
1.5116 6.96695
1.50339 5.6897
1.44368 6.22437
1.39219 7.59317
1.38713 5.78413
1.30103 5.04779
1.28178 4.98705
1.24174 6.99575
1.21352 7.54966
1.1651 5.93964
1.09447 8.19464
1.08558 8.18811
1.04361 5.68479
1.04117 5.18032
1.0097 6.1712
1.00328 5.1764
0.964326 7.90704
0.922264 6.34929
0.89723 6.11367
0.835038 7.46648
0.831853 8.00162
0.817273 6.22512
0.717154 5.63975
0.712976 6.50571
0.699451 9.3189
0.668906 7.11826
0.624489 6.71094
0.620144 7.83295
0.586075 6.68295
0.571305 7.45896
0.52704 6.92963
0.499614 7.34742
0.493029 9.58461
0.49204 6.4815
0.458426 6.70617
0.453879 9.01721
0.426368 7.14137
0.3577 7.6387
0.347842 6.92115
0.347074 7.0023
0.343394 7.66127
0.312293 9.65506
0.310048 7.3896
0.284494 9.76016
0.255811 7.90521
0.248326 7.16881
0.202453 8.2162
0.185452 8.40706
0.17785 6.38707
0.176157 7.8623
0.162944 7.66578
0.148965 9.99404
0.133075 10.03
0.131906 9.80693
0.107621 7.1436
0.0908549 11.1069
0.0875066 7.40059
0.0811204 11.0087
0.0661496 7.52806
0.0578768 9.18278
0.0558074 8.9278
0.0533285 10.4051
0.0527485 9.39901
0.0523331 10.1732
0.0497933 10.3644
0.0459527 10.997
0.0357269 9.28005
0.023549 10.6637
0.0205433 8.41411
0.0168662 10.5842
0.00880278 8.89644
0.00878958 8.05262
0.00861568 7.89414
0.0084601 7.35102
0.00781952 7.90512
0.00595985 11.8199
0.00233643 11.3584
0.00216211 8.9474
0.00190708 9.06977
0.00111697 9.15889
0 0 0.46891 0.53109 0 
0.52279 0 0 0.47721 0 
1 0 0 0 0 
0 0 0.343849 0.656151 0 
1 0 0 0 0 
0.839677 0 0 0.160323 0 
0.445391 0 0 0.554609 0 
0.428035 0.285018 0 0.286948 0 
0.482913 0 0.517087 0 0 
0 0.541621 0 0.458379 0 
0.341164 0.171338 0.216907 0.270591 0 
0.416085 0.583915 0 0 0 
0 0 0.228617 0.418565 0.352818 
0.342384 0 0 0.657616 0 
0.662374 0 0 0 0.337626 
0 1 0 0 0 
0.144968 0.544428 0 0 0.310604 
0.270005 0 0 0.416461 0.313534 
1 0 0 0 0 
0.534013 0.465987 0 0 0 
0 0 0 0 1 
0 0 1 0 0 
0.327123 0 0.458261 0 0.214616 
0 0.386183 0 0.613817 0 
0 0 0.848029 0.151971 0 
0 0 0 0 1 
0.148226 0.251771 0 0.257885 0.342118 
0.535193 0 0.464807 0 0 
0 0 0 0.363523 0.636477 
0 0 0 0 1 
0 0 1 0 0 
0 0 1 0 0 
0 0 1 0 0 
0 0 1 0 0 
0.355106 0.644894 0 0 0 
0 0.589453 0.410547 0 0 
0 0.663934 0 0.336066 0 
0 0.35214 0.530105 0 0.117755 
0.677324 0 0 0 0.322676 
0 0 0 0 1 
0.104022 0 0.227378 0.146208 0.522392 
0.330472 0 0.245798 0 0.42373 
0 1 0 0 0 
0.810047 0 0.189953 0 0 
0 0.205264 0 0 0.794736 
0 0 0 0.441239 0.558761 
0.267444 0 0.387149 0.345407 0 
0.498361 0 0 0 0.501639 
0.249257 0.40494 0 0.345804 0 
0 0.655429 0.241135 0.103436 0 
0.0761279 0 0 0.480175 0.443697 
0 0 0 1 0 
0 1 0 0 0 
0 0 0.366956 0.272547 0.360497 
0.249348 0.172216 0 0.321668 0.256768 
0.773371 0 0.226629 0 0 
0 0 0 1 0 
0 0 0.21449 0.78551 0 
0 0 0.499669 0 0.500331 
0 0.523599 0.476401 0 0 
0.280898 0 0.326065 0 0.393037 
0.715529 0 0.160034 0 0.124437 
1 0 0 0 0 
0 0 0 0.454323 0.545677 
1 0 0 0 0 
0 0.495758 0 0 0.504242 
0.258892 0 0.347638 0.39347 0 
0 0 1 0 0 
0.392263 0 0 0 0.607737 
0 1 0 0 0 
1 0 0 0 0 
0 0 0 0.596319 0.403681 
0.138343 0.558016 0 0.0785696 0.225071 
0.585979 0 0 0.414021 0 
0.561248 0 0.438752 0 0 
0.388436 0.106699 0.419857 0 0.0850084 
0.553964 0 0 0.446036 0 
0 0.180798 0 0.391878 0.427324 
0 0 0 0 1 
0 0.108072 0.891928 0 0 
1 0 0 0 0 
0.330031 0 0 0 0.669969 
0 0 0 1 0 
0 0 0 0.405816 0.594184 
0.412132 0.483117 0 0.104752 0 
0 0 0.683467 0 0.316533 
1 0 0 0 0 
0 1 0 0 0 
0 0.136007 0.183722 0.680271 0 
0 1 0 0 0 
0.228834 0 0.771166 0 0 
0 0.444849 0.119518 0.435633 0 
0 0 0 0.43576 0.56424 
0 0 1 0 0 
0.163863 0.836137 0 0 0 
0 0 0 1 0 
0.190217 0.0549309 0.223872 0.115955 0.415026 
0 0 0 0 1 
0.51939 0 0 0 0.48061 
0.483837 0 0.516163 0 0 
0.586085 0 0.271639 0.0691139 0.073162 
0 0 0 0.331983 0.668017 
0 0 1 0 0 
0 0 0 0.522188 0.477812 
0 0 0 0.464046 0.535954 
0 0 0 0 1 
0 0.311395 0 0 0.688605 
0 0 0 0.417702 0.582298 
0 0 0 1 0 
0 0 0 1 0 
1 0 0 0 0 
0 0.575558 0 0 0.424442 
0 0.340968 0.659032 0 0 
1 0 0 0 0 
0 0 0 0 1 
0.222449 0 0 0.598856 0.178695 
0 1 0 0 0 
0 0.546031 0 0 0.453968 
0.640744 0 0 0 0.359256 
0 0.170449 0 0 0.829551 
0 0 1 0 0 
0 0.164178 0.389961 0.0797342 0.366127 
0.401818 0.598182 0 0 0 
0.389075 0 0 0.286194 0.324731 
0 0 0 1 0 
1 0 0 0 0 
0 0.335006 0.664994 0 0 
0 0 0 1 0 
0 1 0 0 0 
1 0 0 0 0 
0 0.352206 0.335557 0 0.312236 
0 0.314141 0 0.318717 0.367142 
0 0 0 1 0 
0 0 0 0.612079 0.387921 
0 0 0 0 1 
0 0 0 0.682667 0.317333 
0 1 0 0 0 
0 0.215275 0.542107 0 0.242618 
1 0 0 0 0 
0 0 1 0 0 
0 0 1 0 0 
1 0 0 0 0 
0.713569 0.286431 0 0 0 
0.635145 0 0.364855 0 0 
0.496083 0 0 0 0.503917 
0.401834 0 0 0 0.598167 
0 0.658268 0 0.341732 0 
0 0.149466 0.850534 0 0 
0 0 1 0 0 
0.199732 0 0.251618 0 0.548651 
0 0.289861 0.35048 0 0.359659 
0.522241 0 0.0691152 0.408644 0 
0.489449 0 0 0.510551 0 
0 0.0897706 0.0792628 0.401642 0.429325 
0 0.782676 0 0 0.217324 
0 0 1 0 0 
0.636477 0 0.363523 0 0 
0.36344 0 0.63656 0 0 
0 0 0.190876 0.809124 0 
0.152651 0 0.527978 0 0.319371 
0.194948 0 0 0 0.805052 
0 1 0 0 0 
0 0.351928 0 0.301763 0.346309 
0 0.486235 0 0 0.513765 
0.212779 0.186924 0 0 0.600297 
0 0.407195 0 0.592805 0 
0 0 1 0 0 
0 0.448173 0.129611 0.422216 0 
0.432274 0.0945055 0 0.47322 0 
0 0 0.618203 0.381797 0 
0 0.366947 0.560303 0.0727504 0 
0 0 0.383155 0 0.616845 
0.572805 0 0.427195 0 0 
0.494408 0 0 0.505592 0 
0 0 1 0 0 
0.512124 0 0 0 0.487876 
0 1 0 0 0 
0.568997 0.431003 0 0 0 
0.490905 0.37666 0 0.132435 0 
0.613914 0.386086 0 0 0 
0 0.310891 0.286641 0.402467 0 
0.213631 0.374479 0 0.411889 0 
0.452346 0.317065 0 0.230589 0 
0 0 0 0 1 
0 0 0 0 1 
0.123183 0.309891 0.362232 0.204694 0 
0.644674 0.355326 0 0 0 
0 0 0 0.60993 0.39007 
0.313874 0.243402 0 0 0.442724 
0 0.155877 0.458884 0.385239 0 
0 1 0 0 0 
0.222711 0.407095 0 0.370194 0 
0 1 0 0 0 
0.51377 0 0.486231 0 0 
0 0.257051 0.29621 0.253402 0.193336 
0 0 1 0 0 
0 0 0.370427 0 0.629573 
0 1 0 0 0 
0 0 0 0 1 
0.232688 0 0 0.767312 0 
