5 100
0.409886
0.286821
0.594707
0.736648
0.719314
10.0182 0.458233
9.56327 0.886257
8.78843 0.358276
8.59518 1.21868
8.36279 1.0371
8.04799 0.890075
8.0037 0.607591
7.90721 0.409693
7.6113 1.5291
7.33355 0.253948
7.06444 1.07405
7.0579 1.75313
6.83364 0.68809
6.7511 2.47242
6.61829 1.86697
6.56388 0.767413
5.6155 1.99295
5.53338 2.40417
5.52918 2.41093
5.46639 2.33739
5.46209 1.88309
5.23752 2.94661
5.19806 2.51761
5.09994 2.77936
4.69838 2.80297
4.67547 2.74155
4.5707 2.42204
4.55635 3.90815
4.41931 3.60639
4.3467 2.9627
4.20915 2.222
4.12249 2.57974
4.08827 2.31611
4.07702 4.69787
3.8721 4.23387
3.74145 3.99406
3.62571 3.13381
3.57106 3.68547
3.51807 3.61999
3.51575 4.79996
3.37437 4.65456
3.36942 3.5272
3.24649 3.22751
3.14576 3.4478
3.10746 3.3761
3.09769 4.26298
3.09053 3.60346
2.75958 4.81424
2.729 3.28671
2.72584 5.3569
2.66615 5.58352
2.59506 4.53814
2.53119 3.99415
2.51229 5.3048
2.39839 4.68604
2.38489 4.00965
2.32204 5.12878
2.16499 4.59462
2.13453 5.79588
2.13332 4.91257
2.08462 5.8422
1.70726 7.52053
1.70652 7.28768
1.70114 4.57794
1.44866 7.49593
1.38359 4.79503
1.37736 5.77255
1.06205 6.45348
0.901046 7.4542
0.877745 6.33729
0.874421 6.87007
0.809613 8.09058
0.74974 7.15889
0.637893 8.99731
0.613859 8.51925
0.582311 8.04751
0.532697 7.79337
0.499782 6.0275
0.484607 7.56598
0.442074 9.02114
0.423091 6.22228
0.416889 7.9946
0.334796 6.41737
0.323389 9.10885
0.240298 8.15914
0.223556 8.3424
0.177795 7.66512
0.161164 7.95869
0.157978 8.60342
0.113673 8.91061
0.1024 8.59092
0.098648 9.45844
0.0786471 10.9754
0.0590664 11.2675
0.0492759 7.50195
0.0473002 7.30269
0.0181457 8.62516
0.0157575 8.79632
0.00864665 10.0039
0.00247654 12.044
0.300634 0.464204 0 0 0.235162 
0.17031 0.454105 0.375585 0 0 
0.27355 0 0.38028 0.346169 0 
0.381892 0 0 0.618108 0 
0.482976 0.352895 0 0.164129 0 
0 0.289094 0.195446 0 0.515461 
0 0.249795 0.110324 0.639882 0 
0 0 0.413485 0.288722 0.297793 
0.366663 0.208657 0.42468 0 0 
0.191636 0.220887 0.258227 0 0.32925 
0.376175 0.18569 0.337426 0.100708 0 
0.2938 0.512481 0 0.193719 0 
0 0.329393 0.342146 0.328461 0 
0 0.841734 0 0 0.158266 
0 0.238118 0.3316 0.114127 0.316155 
0.279911 0.406923 0 0.0757422 0.237424 
0 0 0.28333 0 0.71667 
0.183158 0.300351 0.205689 0.117616 0.193186 
0 0.340901 0.187792 0.277343 0.193963 
0 0.21217 0 0.359199 0.428631 
0 0 0.382686 0.617314 0 
0.174837 0 0.153923 0 0.67124 
0.343538 0 0.445501 0 0.210961 
0.0785078 0 0.299797 0.509737 0.111959 
0.136521 0.646496 0.216982 0 0 
0 0.277819 0.111016 0.39537 0.215796 
0.427374 0.408372 0 0.087049 0.0772048 
0.472439 0 0.214306 0.168966 0.144289 
0.0585587 0.381428 0.216396 0.294137 0.0494799 
0.42217 0.497226 0 0 0.0806039 
0.408291 0.140223 0 0.332816 0.11867 
0 0.783579 0 0 0.216421 
0.114943 0.400324 0 0.229343 0.25539 
0.316044 0.381515 0 0.117871 0.18457 
0.10304 0.202698 0.31522 0.379042 0 
0.0810584 0.220256 0 0 0.698685 
0 0.473583 0 0.0558779 0.470539 
0 0 0 1 0 
0.200141 0 0.3797 0.326925 0.0932349 
0 0 0.360929 0.639071 0 
0.210865 0 0.333965 0.0723259 0.382844 
0.373542 0.167009 0.053773 0 0.405676 
0.548218 0 0.451782 0 0 
0.384338 0 0 0.273795 0.341867 
0.244224 0 0.296045 0.153261 0.30647 
0.243484 0 0.258536 0.49798 0 
0.651157 0 0 0.348843 0 
0.326134 0.673866 0 0 0 
0.444211 0.152512 0 0.403277 0 
0 0.27507 0.29762 0 0.42731 
0 0.333579 0 0.403975 0.262446 
0.233088 0.154192 0.61272 0 0 
0 0 0.39775 0.351387 0.250863 
0.416032 0.302699 0 0.281268 0 
0 0.378721 0.287436 0.333843 0 
0 0.419597 0 0.580403 0 
0.712126 0 0 0 0.287874 
0.543379 0.456621 0 0 0 
0.12252 0.469461 0 0.408019 0 
0.368366 0.0939417 0 0.248422 0.289271 
0.284645 0 0.18282 0.095559 0.436976 
0 0 1 0 0 
0.403543 0.234194 0.278908 0.0833549 0 
0.27214 0.72786 0 0 0 
0 0.414634 0.585366 0 0 
0 0 0.482329 0.517671 0 
0.336623 0.663377 0 0 0 
0.374762 0 0.373995 0 0.251244 
0.24534 0.301269 0 0.453392 0 
0 0.446887 0.240868 0 0.312244 
0.11428 0 0.338476 0.0672731 0.479971 
0 0.199662 0.800338 0 0 
0.354215 0.370838 0.112393 0.162555 0 
0.317838 0.0595014 0.3086 0.253399 0.0606606 
0 0.736914 0 0 0.263086 
0.328921 0.251218 0 0.09733 0.322531 
0.609761 0 0.390239 0 0 
0.392926 0.489195 0.117879 0 0 
0.749698 0 0 0.250302 0 
0 0.326213 0 0.207472 0.466314 
0 0.555925 0 0 0.444075 
0.171148 0.414375 0 0 0.414477 
0 0 0.17537 0.511011 0.313619 
0.826666 0.173334 0 0 0 
0 0 0 1 0 
0.0667863 0.35185 0.204371 0 0.376992 
0.324121 0.309708 0.194525 0.171645 0 
0.589057 0 0.106938 0.304005 0 
0.442271 0 0.557729 0 0 
0.106074 0.256323 0.267334 0.137402 0.232868 
0.261055 0 0 0.46143 0.277515 
0 0 0.609705 0.14305 0.247244 
0.250669 0.749331 0 0 0 
0 0 0.362809 0.090574 0.546617 
0.567404 0 0.432596 0 0 
0.413527 0 0.0636094 0.291328 0.231536 
0 0.606417 0 0.393583 0 
0 0.905271 0.0947286 0 0 
0.62615 0 0 0.188375 0.185475 
0 0.436121 0 0.563879 0 
