5 200
0.361057
0.729888
0.328875
0.484626
0.701903
11.6824 0.279347
10.9966 0.672151
10.8673 0.649745
10.315 0.417978
10.0955 0.120695
9.84127 1.21027
9.75027 0.312742
9.74345 0.516781
9.70018 0.363977
9.53479 1.30517
9.43823 1.37539
9.22478 1.17721
8.97106 1.42573
8.71996 1.28835
8.58089 1.66486
8.56186 0.191174
8.4564 0.531663
8.3632 1.24571
8.08512 0.598662
7.91102 1.97265
7.89399 1.52446
7.82632 0.584026
7.80135 0.429593
7.71212 0.967161
7.5556 0.224271
7.50002 1.13186
7.44915 0.0882991
7.21219 0.558481
7.16747 1.37673
7.06862 0.997176
7.04792 1.90496
7.01403 1.30039
7.01178 0.958486
6.96224 0.891585
6.86154 1.64473
6.74613 1.142
6.68033 2.90757
6.51938 1.95194
6.47578 1.28696
6.42531 2.44717
6.38972 2.68224
6.35749 2.05824
6.31368 1.22348
6.28997 1.80385
6.21941 2.74564
6.18644 3.18492
6.1607 1.54376
6.13027 2.19534
6.02332 3.68547
6.00614 3.08558
5.96947 2.29183
5.92385 3.29495
5.84268 1.57627
5.70553 3.37014
5.61917 2.18136
5.5375 3.06828
5.41685 2.67504
5.34733 3.21108
5.32724 1.95572
5.30978 2.48614
5.26293 2.04213
5.15729 3.74354
5.13752 2.70925
5.12579 3.12614
4.98075 2.2636
4.98062 1.90112
4.94099 3.01588
4.82083 3.41166
4.81032 1.99488
4.66207 2.74933
4.48501 2.27697
4.47968 3.89383
4.40989 4.69522
4.16549 3.02337
4.04124 2.20107
4.02797 2.93862
3.98758 4.00363
3.89891 4.32965
3.87748 4.53861
3.81344 3.08178
3.80798 3.08691
3.78483 3.2666
3.61561 3.28557
3.60648 3.20438
3.58257 3.8256
3.40451 4.31992
3.38116 4.80803
3.2971 3.33968
3.20528 5.13131
3.12286 3.9733
3.11302 3.5987
3.02746 3.46448
3.00871 4.6172
2.83047 5.4323
2.80789 3.13045
2.8061 4.82422
2.76947 4.69466
2.53927 5.0035
2.48693 4.86581
2.48477 4.40768
2.43178 5.27212
2.4163 4.67203
2.38902 5.48014
2.36827 6.85534
2.35012 6.08036
2.33557 4.49036
2.25908 6.31475
2.25457 3.56632
2.19897 5.43255
2.17211 6.81544
2.16116 4.63292
2.15019 5.42315
2.13108 5.091
2.13056 4.93199
2.12829 4.77386
1.99287 5.75528
1.99261 4.92598
1.94554 5.85356
1.92365 4.93196
1.88881 6.02968
1.7636 4.29048
1.7359 5.61558
1.66779 6.46616
1.63727 5.61139
1.5645 5.11267
1.53282 5.49469
1.44368 5.11816
1.43884 6.05502
1.38888 5.55566
1.37016 6.17457
1.28293 7.25927
1.2746 7.3646
1.24772 6.24563
1.2241 7.56111
1.18199 5.96889
1.18126 5.83548
1.13788 7.02335
1.05611 7.70453
1.03084 7.85436
1.02179 5.80048
1.01643 5.43001
1.00984 7.02822
0.98155 8.51695
0.945619 5.89208
0.91642 6.27729
0.889039 7.97434
0.865497 7.40059
0.771834 7.13722
0.744117 7.6276
0.715598 8.85447
0.70199 8.58149
0.701238 6.36772
0.652056 8.64831
0.647818 6.30257
0.639858 7.99079
0.635117 5.34082
0.618629 9.00121
0.598641 8.69363
0.591425 7.67969
0.534097 7.57301
0.53274 6.19259
0.469251 7.87608
0.465682 8.01173
0.462442 8.43025
0.455633 6.92399
0.447558 8.29248
0.414436 7.57318
0.409355 6.99132
0.403351 7.9123
0.37121 5.99748
0.343232 9.7918
0.307914 7.22404
0.292981 8.43437
0.292266 6.71653
0.256197 10.3576
0.224815 7.31956
0.22151 10.4886
0.216834 8.66774
0.2151 8.24492
0.172388 11.0126
0.167136 6.89991
0.149503 8.54687
0.146371 8.25087
0.139067 10.3284
0.134132 8.32834
0.124978 10.5983
0.0934403 10.5798
0.0666374 9.81308
0.0601999 9.55485
0.0586582 8.70676
0.0550603 7.78489
0.0441122 11.1093
0.0428719 11.3013
0.0417097 10.8488
0.0323427 11.2337
0.0288002 9.05608
0.0217239 10.5529
0.0102294 8.58414
0.00458358 11.3844
0.00132005 8.07879
0 0 0.269018 0 0.730982 
0 0.358705 0 0.147831 0.493465 
0.238137 0 0.134956 0.372798 0.254108 
0 0.536693 0 0.463307 0 
0 0.134343 0.163952 0.364254 0.337451 
0.115041 0.162 0.479557 0 0.243402 
0 0.608561 0 0 0.391439 
0 0 0.546147 0 0.453853 
0 0.207463 0.271246 0 0.521291 
0.442159 0 0.216429 0.341412 0 
0 0 0 1 0 
0.375145 0.152191 0 0.472664 0 
0.820843 0 0 0.179157 0 
0.181968 0 0.818032 0 0 
0 0 0 1 0 
0 0 0.270763 0 0.729236 
0.325355 0.171768 0 0.333556 0.16932 
0 0.524094 0.475906 0 0 
0.288066 0 0.567507 0.144427 0 
0.317809 0 0.605718 0.076472 0 
0.330832 0.147644 0 0 0.521524 
0.162694 0.372076 0.303101 0.162129 0 
0.0557642 0.51909 0 0.148676 0.27647 
0 0 0 1 0 
0.319178 0 0 0.274999 0.405823 
0 0.402835 0.597165 0 0 
0 0.402798 0 0.168901 0.428301 
0 0 0 0 1 
0 0.55059 0 0.44941 0 
0.585874 0 0 0 0.414126 
0.535592 0.118788 0 0.345619 0 
0 0 0 1 0 
0.197434 0 0 0.802566 0 
0.242292 0.374359 0.147939 0.23541 0 
0 0 0 0 1 
0.307622 0 0.443706 0.248672 0 
0 0.567289 0.231743 0.200968 0 
0 0 0.559656 0 0.440344 
0.345399 0.36626 0 0 0.288341 
0.26007 0 0.266818 0 0.473111 
0.142579 0.267581 0.0789616 0.28221 0.228669 
0.310788 0 0 0 0.689212 
0 0 0 1 0 
0.291231 0.17146 0.189516 0.221168 0.126626 
0 0.244312 0 0.134135 0.621553 
0 0 0 0.281165 0.718835 
0 0 0 1 0 
0 0 0 0.491058 0.508942 
0 0.263216 0.326189 0.410596 0 
0 0 0 0 1 
0.110455 0.220485 0.219174 0.265641 0.184246 
0 0 0.696407 0.303593 0 
0.155121 0 0 0 0.844879 
0.237412 0.19365 0.568938 0 0 
0 0.220056 0.130456 0.414439 0.235049 
0 0 0.818183 0 0.181817 
0 0.530202 0 0.214988 0.25481 
0 0 0.261705 0.738295 0 
0 1 0 0 0 
0.362478 0.637522 0 0 0 
0.339196 0 0.660804 0 0 
0.456026 0 0 0 0.543974 
0.251517 0.259515 0.215469 0.0746401 0.198859 
0 0.43112 0 0.218005 0.350874 
0 0 1 0 0 
0.8015 0 0 0.1985 0 
0 0 1 0 0 
0 0.758104 0 0.241896 0 
0 0 0 0.374495 0.625505 
0 0 1 0 0 
0 0 0.488242 0.30359 0.208169 
0.517045 0 0.257144 0.225811 0 
0.344008 0.433719 0.222273 0 0 
0 0.466001 0.533999 0 0 
0 0.426863 0 0.573137 0 
0 0.346169 0 0 0.653831 
0 1 0 0 0 
0 0 0.789188 0.210812 0 
0.131022 0.868978 0 0 0 
0.141487 0.313887 0.544626 0 0 
0 0 0.664908 0 0.335092 
0 0.233915 0.267671 0.498413 0 
0 0.446427 0 0.395966 0.157607 
0.406307 0.192764 0.40093 0 0 
0.537365 0.0999052 0 0 0.36273 
0 0.334573 0 0.665426 0 
0 0.283525 0 0.417372 0.299103 
0 0.45011 0.17124 0 0.37865 
0.784879 0 0 0.215121 0 
0 0 0.732426 0.267574 0 
0.21991 0.191843 0 0.192566 0.395681 
0.366017 0 0 0.398382 0.235602 
0.259716 0 0.338412 0.401872 0 
0.351966 0.220592 0 0.107983 0.319459 
0.355853 0.36827 0 0.202168 0.0737088 
0 0 0.627769 0.372231 0 
0 0.517423 0 0.482577 0 
0 0.218263 0.560368 0.221369 0 
0 0 0 0 1 
0 0 0.617081 0 0.382919 
0 0 0.236882 0.763118 0 
0 0 0 0.684034 0.315966 
0.580766 0.419234 0 0 0 
0 0.260091 0 0 0.739909 
0.181785 0.818215 0 0 0 
0 0 0 0 1 
0.467552 0.12718 0 0 0.405268 
0 0.374227 0 0.625773 0 
0 0.481769 0 0 0.518231 
0 0 0.507544 0 0.492456 
0.450217 0.280194 0 0.269589 0 
0.118665 0.20184 0.44888 0.230615 0 
0.647322 0.132036 0 0.220641 0 
0 0 0.41202 0 0.58798 
0 0 0.426336 0 0.573664 
0.269211 0.285257 0 0 0.445533 
0.303041 0 0.159821 0.259499 0.27764 
0.312575 0 0.449859 0 0.237566 
0.29281 0 0.70719 0 0 
0.407667 0.425805 0 0.166529 0 
0.389915 0 0 0.0995374 0.510547 
0 1 0 0 0 
0 0.47855 0.52145 0 0 
0 0.406204 0.0681819 0.525614 0 
0 0 0.477155 0.401389 0.121456 
0 0 0.367177 0 0.632823 
0 0 0 1 0 
0 0.347813 0 0 0.652187 
1 0 0 0 0 
0 0.231962 0.641432 0 0.126606 
0 0 0.591648 0 0.408352 
0.235149 0.29321 0 0.143836 0.327805 
0 0 0.336419 0 0.663581 
0 0 0 0 1 
0 0.413035 0 0.24292 0.344045 
0.350585 0.0934048 0 0.488529 0.067481 
0.421544 0 0 0 0.578456 
0.430298 0.18271 0.386992 0 0 
0.779364 0 0 0 0.220636 
0 0 1 0 0 
0 0 0.420656 0 0.579344 
0.537531 0 0 0.462469 0 
0.174729 0 0.27614 0.549131 0 
0 0.493612 0.506388 0 0 
0.294323 0 0.258213 0.122703 0.324761 
0.136953 0.16456 0 0 0.698487 
0 0.672181 0.327819 0 0 
0 0 0.576794 0.0944217 0.328784 
0 0.683429 0.316571 0 0 
0.252146 0 0.747854 0 0 
0.367309 0 0.632691 0 0 
0 0 0 1 0 
0.127785 0.134845 0.353906 0 0.383465 
0.626972 0 0 0 0.373027 
0.415383 0.252437 0 0.33218 0 
0.356434 0 0.345014 0 0.298552 
0 0.28315 0 0.347272 0.369579 
0.227272 0.263995 0 0.0744817 0.434251 
0 0 0 0.560032 0.439968 
0.432749 0.104841 0 0.46241 0 
0.699147 0.300853 0 0 0 
0.045448 0.35977 0.0589676 0.230208 0.305606 
0 0 0.579973 0.420027 0 
0 0.449616 0.550384 0 0 
0 0 0 0 1 
0.200062 0.340282 0 0.166034 0.293622 
0.278466 0.137221 0.200016 0.289635 0.0946617 
0.341625 0.311268 0 0 0.347107 
0 0 0.646728 0.353272 0 
0 1 0 0 0 
0 0.200827 0 0 0.799173 
0 0.221994 0 0.416521 0.361485 
0.278919 0.250771 0 0.288696 0.181615 
0.356695 0.248502 0 0.220779 0.174024 
0 0.689067 0 0 0.310933 
0.458288 0.0946097 0.447102 0 0 
0.293135 0 0 0.317519 0.389347 
0 0 0 0 1 
0.781153 0 0 0 0.218847 
0 1 0 0 0 
0.16637 0 0.204498 0.629132 0 
0 0 0 0.319419 0.680581 
0.343 0.351264 0.127644 0 0.178093 
0 0.501518 0 0.113172 0.38531 
0.804041 0 0 0.195959 0 
0.360311 0.507803 0 0.131887 0 
0.653135 0 0 0 0.346865 
0 0 1 0 0 
0 0 0 0.848804 0.151196 
0.287113 0 0 0.712887 0 
0 0.278116 0.228807 0.412957 0.0801202 
0 0 0.182044 0.691837 0.126119 
0.872199 0 0.127802 0 0 
0.38676 0.523842 0 0.0893983 0 
0 0 1 0 0 
0 0.367938 0 0 0.632062 
0.243728 0.228917 0.0515401 0.259686 0.216128 
0.184571 0 0.661531 0 0.153898 
0.380435 0.256756 0 0.36281 0 
0 0 1 0 0 
