5 100
0.380665
0.550485
0.647565
0.681059
0.423467
10.4379 0.835831
10.0854 0.797837
9.9679 0.539085
9.77937 0.905674
9.14231 1.16994
8.94851 1.66945
8.30717 1.31819
8.10638 0.312788
8.02752 1.90408
8.02446 1.34453
7.87244 1.24835
7.08187 2.53091
6.88133 1.62542
6.62124 1.47364
6.59566 2.21192
6.58479 0.847863
6.55405 0.850215
6.02173 2.99096
5.79215 2.07202
5.73799 1.74167
5.71559 2.04608
5.63788 2.36717
5.56914 3.42839
5.27425 2.28311
4.97849 2.69372
4.7381 3.13352
4.72138 3.29075
4.70971 4.008
4.46354 3.65476
4.3768 3.16948
4.3089 4.79428
4.20381 2.33484
4.11302 2.66672
4.09509 2.65774
3.98719 2.89492
3.77712 4.73104
3.75203 4.02997
3.57761 4.08154
3.52311 4.19337
3.35608 4.44952
3.23593 4.2686
3.11677 5.66727
3.11619 4.8516
3.01844 4.27279
2.95018 3.90153
2.92045 5.59863
2.84836 5.42855
2.82678 5.07339
2.82466 4.24062
2.71683 4.40069
2.63268 4.78631
2.31473 6.07131
2.23668 5.79614
2.1686 5.84557
2.14614 5.80156
2.08966 4.30565
2.02214 4.93064
2.00727 5.31298
1.99817 4.49852
1.98324 4.56736
1.90164 5.62155
1.81412 4.59345
1.6596 6.71903
1.64602 5.33084
1.61375 5.04212
1.52171 6.65528
1.49457 7.8652
1.46149 6.78846
1.41745 5.03207
1.25909 6.00634
1.16139 5.68095
0.865741 7.79204
0.857901 7.48097
0.854802 7.54695
0.775851 9.08627
0.609796 7.3518
0.594603 8.64451
0.591103 8.92398
0.467895 7.13246
0.457226 7.73586
0.413591 8.86906
0.378794 8.94711
0.369708 6.37473
0.368579 10.0131
0.224692 7.32579
0.21304 8.78302
0.210431 9.11067
0.140047 10.5723
0.105861 8.88324
0.0829894 9.55976
0.0789688 10.6857
0.065278 8.66572
0.0640759 8.74751
0.0594703 8.08317
0.0533651 8.0303
0.0485463 7.31605
0.0161434 9.30241
0.0143759 9.51403
0.0142919 10.1234
0.0123139 11.0951
0 1 0 0 0 
0 0 1 0 0 
0 0 1 0 0 
0 0 1 0 0 
0 1 0 0 0 
0 1 0 0 0 
0 0 0 0 1 
0 1 0 0 0 
0 0 0 1 0 
1 0 0 0 0 
0 0 0 1 0 
1 0 0 0 0 
1 0 0 0 0 
0 0 0 1 0 
0 0 0 0 1 
0 0 0 1 0 
0 0 1 0 0 
0 0 0 1 0 
0 0 1 0 0 
0 0 0 0 1 
0 0 0 0 1 
0 0 1 0 0 
1 0 0 0 0 
0 0 1 0 0 
0 0 0 0 1 
0 0 0 1 0 
0 0 0 0 1 
0 1 0 0 0 
0 1 0 0 0 
0 1 0 0 0 
0 0 0 1 0 
1 0 0 0 0 
0 0 0 0 1 
0 0 1 0 0 
0 0 0 1 0 
0 1 0 0 0 
1 0 0 0 0 
0 0 0 1 0 
0 1 0 0 0 
0 0 0 1 0 
0 0 1 0 0 
0 1 0 0 0 
0 0 0 1 0 
0 0 0 1 0 
0 1 0 0 0 
0 1 0 0 0 
0 0 0 0 1 
0 1 0 0 0 
0 1 0 0 0 
0 0 0 0 1 
0 0 0 0 1 
1 0 0 0 0 
0 0 0 1 0 
0 0 0 0 1 
0 0 1 0 0 
0 0 0 0 1 
1 0 0 0 0 
1 0 0 0 0 
0 0 1 0 0 
0 0 0 0 1 
0 0 0 1 0 
0 0 0 1 0 
1 0 0 0 0 
0 0 1 0 0 
0 0 1 0 0 
0 0 0 0 1 
0 0 1 0 0 
0 1 0 0 0 
0 1 0 0 0 
0 0 0 1 0 
1 0 0 0 0 
1 0 0 0 0 
0 1 0 0 0 
0 1 0 0 0 
0 0 1 0 0 
1 0 0 0 0 
0 0 0 1 0 
0 1 0 0 0 
0 0 1 0 0 
0 0 0 0 1 
0 0 0 1 0 
0 1 0 0 0 
0 0 0 0 1 
0 0 1 0 0 
0 0 0 0 1 
0 1 0 0 0 
0 0 1 0 0 
0 0 0 0 1 
0 0 1 0 0 
0 0 1 0 0 
0 0 0 1 0 
0 0 0 1 0 
0 0 0 0 1 
0 0 1 0 0 
1 0 0 0 0 
0 1 0 0 0 
0 0 1 0 0 
1 0 0 0 0 
0 0 0 1 0 
1 0 0 0 0 
