5 50
0.691389
0.736129
0.321032
0.468162
0.393147
11.6163 0.210249
10.9987 0.264121
10.5159 0.121789
9.71227 0.315417
8.24959 0.742466
8.04735 0.405856
7.56182 1.08187
6.84723 2.16837
6.22953 1.96615
6.13793 3.01291
5.97134 2.88262
5.64514 1.83562
5.19712 4.00252
4.8108 2.34011
4.22257 2.94679
4.10699 4.76867
3.89599 4.63463
3.66993 4.76509
3.60958 2.75093
3.46441 2.91169
3.3452 4.35304
3.13325 5.97419
2.94496 3.78441
2.90729 5.05451
2.75455 3.77246
2.73174 5.39384
2.46517 4.77652
2.31699 5.24793
2.13119 5.99183
2.11628 4.04842
1.91056 6.52572
1.78883 4.25179
1.55014 5.24094
1.31008 5.75459
1.21217 5.7152
1.06709 5.90601
0.622247 7.94911
0.492622 9.08245
0.462045 7.56812
0.435326 9.44839
0.272209 6.72681
0.264862 10.103
0.20215 10.3071
0.136129 7.59466
0.0961169 10.6853
0.0603187 11.1384
0.0513293 9.85577
0.0354584 10.8999
0.0223874 7.59726
0.0198433 10.0864
0 1 0 0 0 
0 0 1 0 0 
0 0 0 0 1 
0 1 0 0 0 
0 0 0 0 1 
0 0 1 0 0 
0 1 0 0 0 
0 0 0 0 1 
0 0 1 0 0 
0 1 0 0 0 
0 0 0 1 0 
1 0 0 0 0 
0 1 0 0 0 
1 0 0 0 0 
0 0 1 0 0 
1 0 0 0 0 
0 0 1 0 0 
0 0 0 0 1 
0 0 0 1 0 
1 0 0 0 0 
0 0 0 1 0 
1 0 0 0 0 
0 1 0 0 0 
0 1 0 0 0 
0 0 0 1 0 
0 1 0 0 0 
0 0 0 0 1 
0 0 0 1 0 
1 0 0 0 0 
0 0 0 0 1 
0 1 0 0 0 
1 0 0 0 0 
0 0 1 0 0 
1 0 0 0 0 
0 0 1 0 0 
0 0 0 1 0 
0 1 0 0 0 
0 1 0 0 0 
0 0 0 0 1 
0 1 0 0 0 
0 0 1 0 0 
0 0 1 0 0 
1 0 0 0 0 
0 1 0 0 0 
0 0 0 0 1 
0 0 1 0 0 
0 1 0 0 0 
0 1 0 0 0 
0 0 1 0 0 
0 0 0 0 1 
