5 100
0.343341
0.509239
0.641324
0.60847
0.608806
10.2776 0.257044
9.74792 0.0981088
9.30928 0.472664
9.0536 1.21832
8.89433 0.407745
8.75718 0.1885
8.55146 1.45433
8.06104 2.1955
7.492 0.423973
7.26084 0.965631
7.16299 1.55929
7.1378 1.11946
7.11129 1.91702
7.00502 0.927036
6.80999 2.19909
6.38659 0.669666
6.35539 1.9937
6.23716 2.04299
6.17184 2.73597
5.78705 2.18028
5.51911 2.06884
5.04888 3.2982
5.02833 2.04019
4.77954 2.17374
4.75434 2.33278
4.59 3.38163
4.54995 3.75133
4.41029 3.07955
4.34802 2.9239
4.05801 3.69517
4.05037 3.67736
3.98997 3.5957
3.92612 3.07335
3.75899 4.2283
3.5354 3.50346
3.16678 5.06794
2.96509 4.21331
2.86601 3.91681
2.56012 4.47074
2.49981 4.03786
2.43755 6.13863
2.32478 4.57245
2.29039 6.22905
2.2655 5.05875
2.08204 5.89867
2.08077 5.01424
1.97978 4.66874
1.96715 4.61129
1.91447 6.04348
1.89425 5.0672
1.88629 4.49017
1.83595 4.49447
1.77029 5.78094
1.7191 7.11488
1.71761 6.8913
1.56308 6.12659
1.39367 5.19004
1.3117 7.0064
1.27907 6.10415
1.2361 6.17033
1.14562 7.0039
1.07004 7.64353
1.03974 7.55482
0.870305 7.62962
0.869767 5.92786
0.834047 6.513
0.828619 6.47848
0.825376 8.92092
0.755485 6.18463
0.73318 8.95027
0.721498 5.99913
0.715737 8.42616
0.693421 5.52184
0.629618 8.16051
0.564614 8.95755
0.510696 6.98095
0.486803 6.47218
0.448533 6.08904
0.433681 6.19374
0.378738 9.81212
0.292304 10.3654
0.265086 7.94379
0.249284 10.2698
0.249045 7.02556
0.192928 9.55847
0.190349 10.4364
0.188957 10.2145
0.145603 10.2676
0.104303 10.5091
0.0885188 7.3116
0.0856241 9.84515
0.0398878 11.7462
0.0158483 9.5701
0.0151422 11.954
0.00712691 9.27881
0.00669488 9.57121
0.00562208 8.78742
0.00534804 9.93762
0.00143786 8.84674
0.00139991 9.51798
0 1 0 0 0 
0 0 0 1 0 
1 0 0 0 0 
0 1 0 0 0 
0 1 0 0 0 
0 0 0 0 1 
0 0 0 1 0 
0 0 0 1 0 
0 0 0 1 0 
0 0 0 0 1 
0 0 0 0 1 
0 1 0 0 0 
0 1 0 0 0 
0 0 0 0 1 
0 0 0 1 0 
0 0 1 0 0 
0 0 0 1 0 
0 1 0 0 0 
0 0 0 0 1 
0 0 0 1 0 
0 0 0 1 0 
0 0 0 0 1 
0 0 0 1 0 
0 1 0 0 0 
0 0 0 1 0 
0 0 1 0 0 
0 0 1 0 0 
1 0 0 0 0 
0 0 0 1 0 
0 0 1 0 0 
0 0 0 1 0 
0 1 0 0 0 
0 0 1 0 0 
0 0 0 1 0 
0 0 0 1 0 
0 0 0 0 1 
1 0 0 0 0 
1 0 0 0 0 
0 0 1 0 0 
0 0 1 0 0 
0 0 0 1 0 
0 0 1 0 0 
1 0 0 0 0 
0 1 0 0 0 
0 0 1 0 0 
0 0 0 1 0 
0 0 0 0 1 
0 0 1 0 0 
0 0 0 0 1 
1 0 0 0 0 
0 0 0 0 1 
1 0 0 0 0 
1 0 0 0 0 
0 0 0 0 1 
1 0 0 0 0 
0 1 0 0 0 
0 0 0 1 0 
0 0 1 0 0 
0 1 0 0 0 
1 0 0 0 0 
1 0 0 0 0 
0 0 1 0 0 
0 0 1 0 0 
1 0 0 0 0 
0 1 0 0 0 
0 0 0 1 0 
0 0 0 0 1 
1 0 0 0 0 
0 1 0 0 0 
0 1 0 0 0 
0 0 0 1 0 
0 0 0 1 0 
0 0 0 0 1 
0 1 0 0 0 
1 0 0 0 0 
0 0 0 1 0 
0 0 0 0 1 
0 0 0 0 1 
0 0 0 0 1 
0 1 0 0 0 
1 0 0 0 0 
0 0 0 1 0 
1 0 0 0 0 
0 0 0 0 1 
0 1 0 0 0 
1 0 0 0 0 
0 0 0 1 0 
0 0 1 0 0 
0 0 0 1 0 
1 0 0 0 0 
0 1 0 0 0 
1 0 0 0 0 
0 0 1 0 0 
0 1 0 0 0 
1 0 0 0 0 
0 0 0 1 0 
0 0 0 0 1 
0 0 0 0 1 
0 0 0 1 0 
0 0 0 0 1 
