5 50
0.515252
0.602229
0.715972
0.284669
0.496941
10.4234 0.79156
8.6404 1.40326
7.83815 1.41777
7.81587 1.38361
7.70482 0.313988
7.22606 2.56697
7.09071 1.68332
6.64781 2.4054
6.34504 2.45861
6.0471 2.32078
6.00234 1.89181
5.40622 3.41307
5.07099 1.76113
4.84851 3.90166
4.2199 3.54905
3.91108 3.33781
3.74703 3.39515
3.59635 3.81362
3.48524 3.74801
3.3657 3.4628
3.09531 4.28204
3.06439 4.47924
2.91924 4.1324
2.70319 4.31131
2.55489 5.12682
2.03173 7.09942
1.92825 4.50397
1.78003 6.57797
1.54391 5.14431
1.45645 5.57966
1.41869 6.1633
1.39321 7.57232
1.38925 5.70321
1.23392 6.83573
1.19892 8.1286
1.013 6.91913
0.984793 5.23123
0.974631 8.21576
0.897147 8.26386
0.737599 5.48133
0.66268 6.88134
0.595324 6.22706
0.312212 7.30173
0.284532 9.39844
0.267586 6.94798
0.14482 9.55043
0.101196 9.15839
0.0575745 7.42002
0.0291379 8.72061
0.0250386 8.51668
0 1 0 0 0 
0 0 0 1 0 
0 0 0 1 0 
1 0 0 0 0 
0 0 0 0 1 
0 0 0 0 1 
1 0 0 0 0 
0 1 0 0 0 
0 0 1 0 0 
0 0 0 0 1 
0 0 0 1 0 
0 0 1 0 0 
0 0 0 1 0 
0 0 0 1 0 
0 0 0 1 0 
0 0 1 0 0 
1 0 0 0 0 
0 1 0 0 0 
0 1 0 0 0 
1 0 0 0 0 
0 0 1 0 0 
0 1 0 0 0 
0 0 0 0 1 
0 0 1 0 0 
1 0 0 0 0 
0 0 0 0 1 
0 1 0 0 0 
0 0 1 0 0 
1 0 0 0 0 
0 0 0 1 0 
0 0 0 0 1 
1 0 0 0 0 
0 1 0 0 0 
0 0 0 1 0 
0 0 0 0 1 
0 0 1 0 0 
0 0 0 0 1 
1 0 0 0 0 
0 0 0 1 0 
0 0 1 0 0 
1 0 0 0 0 
0 0 1 0 0 
0 0 0 1 0 
0 1 0 0 0 
0 1 0 0 0 
0 0 1 0 0 
0 0 0 0 1 
0 0 0 0 1 
0 0 1 0 0 
0 0 0 0 1 
