5 150
0.486564
0.446142
0.422063
0.668393
0.443075
10.8451 0.452718
10.7983 0.175354
10.5366 0.125262
9.93658 1.22815
9.87494 0.741019
9.80296 0.61399
9.45787 1.4622
9.26331 0.649094
9.212 0.969856
8.93328 0.881265
8.77934 1.02095
8.39657 1.53781
8.36132 1.68173
8.15486 0.862014
7.88033 0.728654
7.87813 1.45855
7.85682 1.47718
7.82711 1.59689
7.77296 0.808348
7.71523 1.85578
7.61605 0.952245
7.32708 1.10536
7.32567 1.74068
7.24099 1.67373
7.15856 0.662266
6.79526 2.73246
6.7327 2.43842
6.67946 2.54921
6.6623 2.65484
6.52066 1.46812
6.2847 2.84471
6.0943 2.2151
6.04152 2.313
6.02217 2.15902
5.65197 3.14093
5.60126 1.71768
5.5929 3.02419
5.55005 2.5138
5.5356 2.11838
5.48265 2.49642
5.32686 2.23653
5.26007 1.72736
5.24216 1.58148
5.12032 3.65726
5.05663 2.79696
4.98553 2.89146
4.93767 3.45604
4.93725 3.64122
4.79427 4.56275
4.77222 2.21207
4.74322 3.11228
4.73422 3.65483
4.67642 3.60249
4.36952 2.65436
4.3498 3.16654
4.31212 3.95528
4.20143 3.11327
4.17429 2.27304
3.92782 4.03464
3.92081 4.38248
3.91119 2.35549
3.80644 4.05055
3.79768 3.48189
3.78715 2.54548
3.75447 2.62683
3.67382 4.74582
3.65309 3.08118
3.61126 4.38354
3.34447 4.7826
3.33742 3.53965
3.22775 4.42921
3.21859 5.72935
3.20047 3.14635
3.10096 4.63815
3.07912 4.19666
3.05747 4.98403
3.03667 2.87161
3.00928 4.88261
2.97284 4.70278
2.87953 4.4058
2.77623 5.58786
2.6462 4.96191
2.64232 5.52194
2.55669 4.54197
2.3046 3.51566
2.24084 5.78749
2.22382 5.95306
2.17522 3.91251
2.11744 4.31958
1.91329 4.49199
1.89017 7.34365
1.79356 6.49459
1.7744 6.49005
1.75966 4.91211
1.63187 5.19055
1.63117 7.71372
1.60534 5.56629
1.58835 5.55023
1.57684 4.4045
1.52539 5.60153
1.44322 5.62401
1.31596 7.51256
1.28593 5.79711
1.26092 6.53174
1.2109 4.7725
1.20816 4.7411
1.12643 4.90391
1.10579 5.96949
1.09011 6.18892
1.08958 8.26195
1.05232 7.63832
0.994663 6.14228
0.858082 7.06404
0.829993 7.25893
0.828671 5.52413
0.803288 8.1438
0.801003 6.87235
0.782119 5.68712
0.744588 7.83226
0.711057 5.93643
0.700675 6.94173
0.689385 7.31912
0.579364 6.24892
0.569356 5.84972
0.555573 7.9056
0.477459 5.87785
0.427707 6.64023
0.404995 9.60526
0.379954 8.3195
0.377402 8.0501
0.368352 8.28397
0.296421 9.718
0.294339 7.1803
0.204964 10.0827
0.161997 6.75576
0.138117 9.22481
0.113875 7.72293
0.0614559 10.8464
0.058236 7.7501
0.0563768 9.39758
0.0395898 11.5581
0.0387281 7.6494
0.0343097 7.18697
0.0318011 9.03294
0.0314207 11.1653
0.0215827 10.021
0.0178923 8.51422
0.0173992 7.40783
0.00854235 8.81907
0.00178905 7.54472
0 0 1 0 0 
0 1 0 0 0 
0 0 1 0 0 
1 0 0 0 0 
0 1 0 0 0 
1 0 0 0 0 
0 0 1 0 0 
0 0 1 0 0 
0 0 0 1 0 
1 0 0 0 0 
0 0 1 0 0 
0 0 0 1 0 
0 0 0 0 1 
0 0 0 1 0 
0 0 0 1 0 
0 1 0 0 0 
1 0 0 0 0 
0 0 0 0 1 
0 0 1 0 0 
0 0 0 0 1 
0 0 0 1 0 
0 0 1 0 0 
0 1 0 0 0 
0 1 0 0 0 
0 1 0 0 0 
0 1 0 0 0 
0 1 0 0 0 
0 0 0 0 1 
0 1 0 0 0 
0 1 0 0 0 
0 0 1 0 0 
0 1 0 0 0 
1 0 0 0 0 
0 0 1 0 0 
0 1 0 0 0 
0 0 0 1 0 
0 0 1 0 0 
1 0 0 0 0 
0 0 0 1 0 
0 0 0 0 1 
0 0 0 1 0 
1 0 0 0 0 
1 0 0 0 0 
0 0 1 0 0 
1 0 0 0 0 
1 0 0 0 0 
0 0 0 0 1 
0 1 0 0 0 
0 1 0 0 0 
0 0 1 0 0 
0 1 0 0 0 
0 0 0 0 1 
0 0 1 0 0 
0 0 0 0 1 
0 0 1 0 0 
0 0 1 0 0 
1 0 0 0 0 
0 1 0 0 0 
1 0 0 0 0 
0 0 0 0 1 
1 0 0 0 0 
0 0 1 0 0 
0 0 0 1 0 
0 0 0 0 1 
0 0 1 0 0 
0 0 1 0 0 
0 1 0 0 0 
0 0 1 0 0 
0 1 0 0 0 
0 1 0 0 0 
0 0 0 0 1 
1 0 0 0 0 
0 1 0 0 0 
0 0 0 0 1 
0 0 1 0 0 
0 0 1 0 0 
1 0 0 0 0 
0 0 1 0 0 
0 0 1 0 0 
0 0 0 0 1 
0 0 1 0 0 
0 0 0 0 1 
0 0 0 0 1 
1 0 0 0 0 
0 0 0 1 0 
0 0 0 0 1 
0 1 0 0 0 
0 0 0 1 0 
0 0 0 0 1 
0 0 0 1 0 
1 0 0 0 0 
0 0 1 0 0 
0 1 0 0 0 
0 0 0 0 1 
0 1 0 0 0 
0 0 0 1 0 
0 0 0 0 1 
0 0 0 0 1 
0 0 0 1 0 
0 1 0 0 0 
0 0 1 0 0 
0 0 0 0 1 
0 0 0 0 1 
0 0 0 1 0 
0 0 1 0 0 
0 0 0 1 0 
1 0 0 0 0 
0 0 1 0 0 
0 0 0 0 1 
0 0 1 0 0 
0 0 0 1 0 
1 0 0 0 0 
0 0 0 1 0 
0 0 0 1 0 
0 1 0 0 0 
1 0 0 0 0 
1 0 0 0 0 
0 0 0 0 1 
0 0 1 0 0 
1 0 0 0 0 
0 0 1 0 0 
1 0 0 0 0 
0 0 1 0 0 
0 1 0 0 0 
0 0 0 1 0 
0 1 0 0 0 
0 1 0 0 0 
1 0 0 0 0 
0 0 1 0 0 
0 1 0 0 0 
0 1 0 0 0 
0 0 0 1 0 
0 0 1 0 0 
0 0 0 1 0 
0 0 0 1 0 
0 1 0 0 0 
0 0 0 0 1 
0 0 0 1 0 
1 0 0 0 0 
0 1 0 0 0 
0 0 0 0 1 
0 0 0 1 0 
1 0 0 0 0 
0 0 1 0 0 
0 0 0 1 0 
0 0 0 0 1 
0 1 0 0 0 
0 0 1 0 0 
0 1 0 0 0 
0 0 0 0 1 
