5 100
0.739822
0.612438
0.681181
0.508675
0.394536
10.4975 0.816106
10.3062 0.728018
10.3058 1.02841
10.0608 0.6361
10.0521 0.0857795
9.99926 0.471351
9.73652 0.904962
9.62158 0.965001
8.7526 0.707341
8.69204 1.11038
8.44226 1.63315
8.32909 1.37811
8.1736 1.89048
8.14197 0.974639
8.06384 1.18654
8.0188 1.90596
7.74156 1.89785
7.71637 0.534888
7.71076 2.28925
7.56436 1.72776
7.51834 0.740749
7.40019 2.05524
6.92398 0.510256
6.84862 1.81601
6.77471 1.93884
6.50047 2.40108
6.22614 1.83695
5.92746 2.89118
5.5889 1.52067
5.299 2.03802
5.082 2.75255
4.76791 3.49692
4.6113 4.63069
4.35678 4.24392
4.20833 3.09235
4.15466 2.97269
4.07218 3.05751
3.95622 2.30054
3.94965 2.44904
3.6576 2.88655
3.60455 3.61665
3.53293 4.85631
3.46214 4.26323
3.42961 4.98152
3.16127 4.54123
3.159 3.13817
3.05298 3.39095
2.99754 3.59391
2.76398 3.96965
2.74453 4.93855
2.63996 4.44205
2.54364 6.16814
2.47916 4.96902
2.34854 5.47159
2.3243 6.02838
2.26011 6.15355
2.2408 4.82912
2.15213 6.38822
1.9826 6.4215
1.68892 5.86953
1.64275 6.97661
1.50976 5.1847
1.46579 7.2295
1.3781 7.67461
1.37613 8.03224
1.18998 5.28617
1.17497 6.67135
1.17451 6.10247
1.12369 7.129
1.00092 7.91106
0.859534 5.7933
0.833596 7.01082
0.811959 5.90391
0.765389 9.2396
0.756077 8.65824
0.741396 8.5069
0.724733 5.96543
0.714015 5.97035
0.669394 7.45623
0.65352 9.24669
0.589695 8.16098
0.515595 6.46034
0.384178 6.79924
0.338672 7.36639
0.294511 7.55477
0.284161 9.76566
0.26553 9.74047
0.210693 7.24224
0.191202 8.95422
0.16538 8.10279
0.156772 10.6801
0.148372 9.26418
0.144569 7.30856
0.144276 10.1403
0.110177 10.3909
0.0711868 9.01862
0.0240517 8.54012
0.0188929 9.1611
0.0143294 7.97801
0.00225996 12.0442
0 0 1 0 0 
0 0 0 1 0 
0 0 0 0 1 
0 0 1 0 0 
0 0 0 1 0 
0 0 1 0 0 
0 0 0 0 1 
0 1 0 0 0 
0 1 0 0 0 
0 0 0 0 1 
0 0 1 0 0 
0 0 1 0 0 
0 0 0 1 0 
1 0 0 0 0 
0 0 0 0 1 
0 0 0 1 0 
0 1 0 0 0 
0 0 1 0 0 
1 0 0 0 0 
1 0 0 0 0 
0 0 0 1 0 
0 0 0 1 0 
0 1 0 0 0 
0 0 1 0 0 
0 1 0 0 0 
0 0 0 0 1 
0 0 0 1 0 
0 0 0 0 1 
0 0 0 0 1 
0 0 0 1 0 
0 0 0 1 0 
0 0 0 1 0 
0 0 1 0 0 
0 0 1 0 0 
1 0 0 0 0 
0 0 0 1 0 
0 1 0 0 0 
0 0 0 1 0 
0 0 0 0 1 
0 0 1 0 0 
0 0 0 0 1 
1 0 0 0 0 
0 0 1 0 0 
0 0 1 0 0 
0 0 0 1 0 
0 0 1 0 0 
1 0 0 0 0 
0 0 0 0 1 
0 0 0 0 1 
0 0 1 0 0 
1 0 0 0 0 
0 1 0 0 0 
0 0 1 0 0 
0 1 0 0 0 
1 0 0 0 0 
1 0 0 0 0 
1 0 0 0 0 
1 0 0 0 0 
0 0 0 1 0 
0 0 0 1 0 
1 0 0 0 0 
0 0 1 0 0 
0 1 0 0 0 
0 1 0 0 0 
0 0 0 0 1 
0 0 0 0 1 
0 1 0 0 0 
1 0 0 0 0 
1 0 0 0 0 
0 1 0 0 0 
0 0 0 1 0 
0 0 0 1 0 
0 0 0 0 1 
1 0 0 0 0 
0 0 1 0 0 
0 0 1 0 0 
1 0 0 0 0 
0 0 0 0 1 
0 0 1 0 0 
1 0 0 0 0 
1 0 0 0 0 
0 0 1 0 0 
0 1 0 0 0 
0 0 1 0 0 
0 0 0 0 1 
0 0 0 1 0 
0 0 1 0 0 
0 0 0 0 1 
0 0 0 1 0 
0 0 0 0 1 
0 0 0 1 0 
0 0 0 1 0 
1 0 0 0 0 
0 0 0 0 1 
0 1 0 0 0 
0 0 0 1 0 
1 0 0 0 0 
0 0 0 0 1 
0 0 1 0 0 
0 0 0 0 1 
