5 150
0.332492
0.550256
0.404515
0.425344
0.543359
12.117 0.131071
10.248 0.741893
10.0975 0.563705
9.90892 0.146148
9.88737 0.860269
9.47416 1.35473
9.40267 0.826404
9.24012 1.14634
9.19772 0.877229
9.16679 1.39038
8.74107 0.799027
8.65586 1.05502
8.61057 0.338735
8.45126 0.822465
8.42047 0.878382
8.36714 0.583597
8.21118 0.953968
8.19068 0.534788
7.98545 0.493065
7.83835 0.200952
7.51332 1.12453
7.37455 0.950588
7.2749 1.46493
7.27048 1.42444
7.20622 2.87461
7.06873 2.41845
7.06199 1.44398
6.86183 1.11977
6.79276 2.37515
6.74983 2.05201
6.72195 1.17219
6.59847 2.67739
6.59262 2.20011
6.50861 1.74807
6.27615 1.06655
6.21598 2.18666
5.93918 3.53891
5.5814 2.28093
5.52432 2.95376
5.25282 2.58082
5.18829 2.5953
5.12549 2.88046
4.77957 2.72935
4.55804 3.24046
4.53006 2.27711
4.28337 4.72815
4.22608 4.70683
4.21563 3.09879
4.20755 3.68472
4.18251 3.08163
3.99704 3.84415
3.9885 3.67556
3.84773 2.79372
3.84455 2.67089
3.73597 3.79138
3.56584 5.66522
3.44444 4.46099
3.43865 4.07515
3.35622 5.05613
3.28428 5.04185
3.04992 5.63323
2.9281 4.9047
2.58546 3.83746
2.27763 4.42563
2.27444 4.79007
2.25643 5.06558
2.13054 5.00998
2.02881 6.10012
2.02402 4.38419
1.94462 6.08218
1.91987 5.32886
1.86032 5.09543
1.79196 5.85908
1.77114 5.06712
1.7652 6.61153
1.73993 5.94989
1.66829 5.90512
1.60291 6.41048
1.57246 4.8736
1.54266 5.62163
1.3669 7.25304
1.35583 6.22756
1.31982 6.54426
1.31622 6.26286
1.25684 8.16975
1.23636 5.76462
1.16552 6.76984
1.1356 7.86081
1.09024 5.21441
1.04697 5.20038
0.92355 7.04944
0.916288 8.37784
0.78481 7.72873
0.777295 7.51395
0.774972 8.26007
0.761369 7.29698
0.753729 7.26928
0.752853 7.49852
0.687403 8.35441
0.635943 5.57111
0.623191 8.21344
0.618707 9.54551
0.614686 9.02711
0.583819 8.11721
0.560342 6.56927
0.543722 8.08243
0.509165 8.13297
0.50051 5.86441
0.450146 6.30228
0.440216 9.55222
0.435395 6.09244
0.419059 7.75811
0.406443 6.49754
0.397324 9.28058
0.372877 9.52066
0.355445 8.1969
0.344795 7.12852
0.334663 8.60743
0.287402 7.10667
0.284644 8.6364
0.27911 7.88973
0.270173 8.97987
0.239392 8.29963
0.228559 7.03236
0.223586 6.48154
0.215467 10.3231
0.194992 10.1436
0.193179 9.0933
0.180964 7.56921
0.178344 8.55613
0.170766 9.89349
0.150977 8.56563
0.12667 10.2874
0.0970591 9.6026
0.0902523 7.75358
0.0892628 7.65682
0.0815099 9.91483
0.0789508 7.04542
0.0782611 10.6623
0.0730634 10.1857
0.0692633 11.2493
0.0671207 7.60394
0.0665761 10.5734
0.0603534 9.33373
0.0318509 9.69819
0.0160808 10.0573
0.0149555 9.0106
0.0131795 8.0945
0.00652692 11.0864
0.00650888 10.5081
0 0 0 1 0 
1 0 0 0 0 
0 0.690056 0 0.309944 0 
0 1 0 0 0 
0 0 0 0 1 
0 0.728594 0 0 0.271406 
0 0 0 0.391849 0.608151 
0.460928 0 0 0 0.539072 
0.445301 0.334331 0 0 0.220368 
0 0 0 0 1 
0 0 0 0 1 
0 0 1 0 0 
0 0.36938 0 0.63062 0 
0 1 0 0 0 
0 1 0 0 0 
0.233301 0 0.196226 0.197707 0.372765 
0 0 0 0 1 
0 0 0 0 1 
0 0 0 1 0 
0 0 0 0 1 
0.307247 0 0.692753 0 0 
0 0 0 0 1 
0 0 0.685913 0 0.314087 
0 1 0 0 0 
0 0 0 0 1 
1 0 0 0 0 
0 0.772205 0.227795 0 0 
0.425621 0 0 0 0.574379 
0 1 0 0 0 
0 0 0.203109 0.796891 0 
0 0 1 0 0 
0 0 0.467335 0.309407 0.223259 
0 0 0.607638 0 0.392362 
0 0 1 0 0 
0.184227 0.480695 0.335078 0 0 
1 0 0 0 0 
0 0 0 1 0 
0 0.442942 0 0 0.557058 
1 0 0 0 0 
0 1 0 0 0 
0 0 0 1 0 
0 0 0 1 0 
0.483665 0 0 0.516335 0 
0 1 0 0 0 
0.566001 0.433999 0 0 0 
0 0 1 0 0 
0 1 0 0 0 
0 0 0 0 1 
0 1 0 0 0 
0 1 0 0 0 
0 0 0 0.649972 0.350028 
1 0 0 0 0 
0 0.315921 0 0 0.684079 
0 0 0 1 0 
0 0.669429 0.330571 0 0 
0 0 0 1 0 
0.0810405 0.248646 0.331786 0.338527 0 
0 0 1 0 0 
1 0 0 0 0 
0 0.484601 0 0 0.515399 
0 0 0 0 1 
0 0 0 0.434513 0.565488 
0 1 0 0 0 
0.342788 0.287888 0.369324 0 0 
1 0 0 0 0 
0 0 0 0.470699 0.529301 
1 0 0 0 0 
0 0 0 0 1 
0 0.439747 0 0 0.560253 
0 0 0.464154 0.535846 0 
0.661658 0.338342 0 0 0 
0.356714 0.643286 0 0 0 
0 1 0 0 0 
0.629604 0 0 0 0.370396 
0.664869 0.335131 0 0 0 
0 1 0 0 0 
1 0 0 0 0 
0 0 0 1 0 
0 0 0 1 0 
0 1 0 0 0 
0 0 0 1 0 
0 0 0 0 1 
0 1 0 0 0 
0 0.735256 0 0 0.264744 
0 1 0 0 0 
0 0 0 0 1 
0 0 0 0 1 
1 0 0 0 0 
0 0 0 0 1 
0 0 1 0 0 
0.472787 0 0 0 0.527213 
0 0 1 0 0 
0.657529 0 0.342471 0 0 
0.219327 0.299794 0.480879 0 0 
0 0 0 1 0 
0 0 0.598551 0.401449 0 
0 0 0.719847 0 0.280153 
0 0 0 0 1 
0 0.239343 0 0.346339 0.414318 
0 0 1 0 0 
0.239344 0 0 0 0.760656 
0 1 0 0 0 
0 0 0.554445 0.445555 0 
0 1 0 0 0 
0 0 1 0 0 
1 0 0 0 0 
0 0 0.749797 0 0.250203 
0 1 0 0 0 
1 0 0 0 0 
0 1 0 0 0 
0 0 0 0 1 
0 1 0 0 0 
0 0 0 0 1 
0 0 1 0 0 
0 0 1 0 0 
0 1 0 0 0 
0 0.310152 0.254543 0.435305 0 
0 0 0 1 0 
0.707969 0 0 0.161464 0.130566 
0 0 0.768107 0 0.231893 
0.29506 0 0.70494 0 0 
0 0 0 1 0 
0 0 1 0 0 
0 0.637574 0.362426 0 0 
0 0 0 1 0 
0.260903 0.184894 0.307461 0.189645 0.057097 
0 0 0.400887 0.17954 0.419573 
1 0 0 0 0 
0 1 0 0 0 
0.352479 0.398584 0.248937 0 0 
0.613523 0 0 0 0.386477 
0 0 0.561229 0 0.438771 
0 0.299592 0 0 0.700408 
0 1 0 0 0 
1 0 0 0 0 
0 0 1 0 0 
0 1 0 0 0 
0 0 0.356569 0 0.643431 
0 1 0 0 0 
0 0 0 1 0 
0 0 0 0 1 
0 1 0 0 0 
0 0 0 0 1 
0 0 1 0 0 
0.409817 0 0 0.590183 0 
1 0 0 0 0 
0 1 0 0 0 
0.371682 0.279865 0 0.348453 0 
1 0 0 0 0 
0 0.502704 0 0.497296 0 
