5 200
0.595535
0.573707
0.724472
0.545337
0.640429
11.4373 0.255741
11.3394 0.245218
10.9354 0.415173
10.7517 0.219513
9.67263 0.359112
9.26331 0.976808
9.20198 0.407264
9.11159 0.794326
9.01221 0.835156
8.60276 0.725542
8.52087 0.627528
8.2706 0.453601
8.159 0.792821
7.95623 1.31851
7.78227 1.73288
7.71521 1.37467
7.65844 2.18528
7.60099 1.02455
7.59788 0.836535
7.54269 1.6958
7.43293 2.21675
7.34674 0.765528
7.29051 1.31075
7.08284 2.06708
7.04084 0.891646
7.0252 1.67766
7.01856 0.889435
7.01198 1.90421
7.00906 1.44255
6.81133 0.846995
6.71363 0.858389
6.70707 2.21304
6.63255 2.03661
6.59082 2.20455
6.57948 1.13998
6.57568 1.55379
6.53927 1.78089
6.47217 1.73463
6.37223 1.35987
6.19247 2.55086
6.18334 1.15652
5.79453 3.01643
5.78196 2.44627
5.67021 1.6296
5.62626 1.91511
5.5994 3.04721
5.53094 3.3304
5.4549 1.63063
5.3221 3.40251
5.29153 1.74167
5.28116 1.54201
5.23797 2.7968
5.15246 1.9308
4.90927 2.23775
4.90718 3.17025
4.75709 3.05661
4.69382 2.70034
4.5793 2.19035
4.44942 3.93601
4.31968 2.91822
4.27726 4.43445
4.24553 2.2268
4.21098 3.64807
4.1826 3.8311
4.10064 3.45513
4.00218 4.28105
3.92264 3.35797
3.87479 3.68123
3.81447 2.69854
3.74405 2.60927
3.73741 5.29592
3.72814 3.28796
3.69438 2.65184
3.68706 3.8436
3.6826 3.94286
3.67299 4.19413
3.63722 3.14076
3.61327 3.46817
3.58394 3.3182
3.51603 4.42379
3.47803 2.57677
3.21725 4.82429
3.18195 3.71043
3.12473 5.40105
3.06054 4.10628
2.98361 3.76283
2.92682 3.58155
2.89298 6.36416
2.87176 5.32981
2.86496 5.23452
2.82853 5.0026
2.8081 5.9948
2.70829 5.81316
2.62495 5.45777
2.56301 4.16693
2.37694 4.98838
2.3745 5.18164
2.36982 4.53118
2.31941 6.35491
2.27272 4.32207
2.26508 4.90405
2.25632 3.92957
2.212 5.28731
2.12181 5.75853
2.09492 6.29988
2.06654 7.13432
2.05369 7.27237
1.9896 5.28665
1.93856 6.86855
1.91555 6.06995
1.91517 5.19527
1.90114 5.99576
1.87936 5.57454
1.87729 7.34392
1.86889 4.17449
1.86592 5.45462
1.8587 6.66548
1.84395 6.68081
1.72468 5.61647
1.70141 4.98054
1.69815 5.13356
1.57497 6.67785
1.56844 5.78453
1.51197 5.78427
1.47765 6.75109
1.35322 6.58859
1.31147 5.85023
1.30983 7.4746
1.3019 6.78989
1.29342 7.54476
1.28884 6.37874
1.27246 4.77318
1.23512 6.23166
1.11556 6.20663
1.09216 7.79968
1.06636 7.22614
1.05148 6.60447
0.965322 7.26048
0.963713 6.82279
0.956576 6.49579
0.910666 8.11867
0.893338 7.44776
0.848419 6.40945
0.829777 7.20387
0.79186 7.04985
0.740568 7.14173
0.73953 7.8868
0.709201 8.16105
0.70327 5.9188
0.666447 8.14199
0.653386 7.63567
0.628911 6.02376
0.598885 6.2989
0.577109 6.09118
0.516447 7.72379
0.503194 7.12368
0.501762 8.15174
0.501426 8.88072
0.499002 6.86771
0.420869 8.53397
0.404852 7.06361
0.404709 9.07296
0.397915 7.31506
0.375421 6.90619
0.352331 9.09362
0.31498 6.38985
0.249234 8.92538
0.236134 8.08926
0.222104 7.29936
0.211936 8.36948
0.193249 9.02114
0.183678 6.83172
0.172586 7.64269
0.16388 6.57218
0.124897 9.52439
0.121104 10.697
0.115482 8.61008
0.102604 11.304
0.0879254 11.0456
0.085821 8.87983
0.0729448 7.17343
0.0699783 9.67038
0.0468813 7.3795
0.0441466 7.7092
0.0356793 10.3777
0.0311421 7.31949
0.0292071 7.67922
0.0222115 10.7282
0.0174377 10.6388
0.0113546 12.0068
0.0106633 7.99769
0.0106477 10.1899
0.010073 11.9189
0.00824505 9.99364
0.00673685 10.9921
0.00665954 9.51194
0.00581718 8.49368
0.00570018 8.44706
0.00354093 10.8814
0.0022768 9.72703
0 0 0 1 0 
0 0 1 0 0 
1 0 0 0 0 
1 0 0 0 0 
0 0 0.295641 0.704359 0 
1 0 0 0 0 
0 1 0 0 0 
0 1 0 0 0 
1 0 0 0 0 
0 0 0 0.445389 0.554611 
0 1 0 0 0 
0 1 0 0 0 
0 0 0 1 0 
0 0 1 0 0 
0.581033 0 0.418967 0 0 
0 0 0.582412 0.417588 0 
1 0 0 0 0 
0.149188 0 0 0 0.850812 
1 0 0 0 0 
0 0 0 0 1 
0 1 0 0 0 
0 0 1 0 0 
0 1 0 0 0 
0 0 1 0 0 
0 0 0 1 0 
1 0 0 0 0 
0 0 1 0 0 
0 0 0 1 0 
0 0 0 0 1 
0 0 0 0 1 
0 0 0 0 1 
0 0 1 0 0 
0 0 0 0 1 
0 0 0 0 1 
0 0 0 0 1 
0 0 1 0 0 
0 0 0 0 1 
0 0 0 0 1 
0 0 0 0 1 
0 0 0 1 0 
1 0 0 0 0 
0 0 0 1 0 
0 1 0 0 0 
0 0 0 0 1 
0 0.402469 0 0.597531 0 
0 0 1 0 0 
0 0 1 0 0 
0 0 1 0 0 
0 0 0.293938 0.467492 0.23857 
0 0 1 0 0 
0 0 1 0 0 
0 0 0 0 1 
0 0 0 0 1 
0 0 1 0 0 
0 1 0 0 0 
0 0 1 0 0 
1 0 0 0 0 
0 1 0 0 0 
0 0 1 0 0 
0 0.536548 0.212856 0.250595 0 
1 0 0 0 0 
0 0 0 0 1 
0 1 0 0 0 
1 0 0 0 0 
1 0 0 0 0 
0 0 0 1 0 
0 0 0.657639 0.342361 0 
0 0.574863 0 0.425137 0 
0 1 0 0 0 
1 0 0 0 0 
0 0 1 0 0 
0 1 0 0 0 
0 0.402687 0 0.324124 0.273188 
0 0 0 0 1 
0.523464 0 0 0.476536 0 
0 0 1 0 0 
0 0 0 0 1 
0 1 0 0 0 
0.283854 0 0 0.716146 0 
0 1 0 0 0 
0 0.427051 0 0 0.572949 
0 0.307841 0 0.692159 0 
0 0 0.113324 0 0.886676 
0 0 0 1 0 
0 1 0 0 0 
0 0 0 1 0 
0 1 0 0 0 
0.490797 0.509203 0 0 0 
0 0 1 0 0 
1 0 0 0 0 
0 0 0 1 0 
1 0 0 0 0 
0 0 0 0 1 
0 0 0 1 0 
0 0 0 0 1 
0 0 1 0 0 
0 0 0 0 1 
0.675738 0 0.324262 0 0 
0 0 0 1 0 
0 1 0 0 0 
0 0 1 0 0 
0 0 0 1 0 
0 0 0 0 1 
0 0 0 0 1 
0.191257 0.808743 0 0 0 
0 0 0 0.463674 0.536326 
0 0 0 1 0 
0 1 0 0 0 
1 0 0 0 0 
0 1 0 0 0 
0 0 0 0 1 
0 0 0 0 1 
0 0.211932 0 0 0.788068 
1 0 0 0 0 
0 0 0 1 0 
0 0 0 0 1 
0 1 0 0 0 
0 1 0 0 0 
0 0 1 0 0 
0 0 1 0 0 
0 1 0 0 0 
0 1 0 0 0 
0 0 0 0 1 
0 0 0 1 0 
0 0 1 0 0 
0.389789 0 0 0.610211 0 
0 0 0 1 0 
0.149148 0 0 0 0.850852 
1 0 0 0 0 
0.589002 0.212702 0.198296 0 0 
0 0 1 0 0 
0.514036 0 0 0.485964 0 
0 0 0 1 0 
0 0 0 0 1 
0 0 0.43587 0 0.56413 
0 0 0 1 0 
0 0 1 0 0 
1 0 0 0 0 
0 0 0 1 0 
0 1 0 0 0 
0 0 0 1 0 
0 0 0 1 0 
0 0 0.49162 0.50838 0 
0 1 0 0 0 
1 0 0 0 0 
0 0.383385 0.616615 0 0 
0 0 1 0 0 
0 1 0 0 0 
0 0 0 1 0 
0.286604 0 0.221766 0.49163 0 
0 0 0 1 0 
0 1 0 0 0 
0 1 0 0 0 
0 1 0 0 0 
1 0 0 0 0 
1 0 0 0 0 
0 0 0 0 1 
1 0 0 0 0 
0 0 1 0 0 
0 0 0 0 1 
1 0 0 0 0 
0.499044 0 0 0 0.500956 
0 0 1 0 0 
0.556892 0 0 0 0.443108 
0 0 0 1 0 
0 0 0 1 0 
0.382558 0 0.617442 0 0 
0 0 1 0 0 
0 1 0 0 0 
0 0 0 1 0 
0 1 0 0 0 
0 1 0 0 0 
0 0 1 0 0 
0 0 0 1 0 
0 0 0 0 1 
0 0 1 0 0 
0 0 0 1 0 
0 0 1 0 0 
0 0 0 0 1 
0 0 0 1 0 
0 0 0 1 0 
0 0 0 0 1 
0 1 0 0 0 
0 0 0 0.501915 0.498085 
0.372943 0 0.627057 0 0 
1 0 0 0 0 
1 0 0 0 0 
0 0 0 1 0 
0 0 0 1 0 
0 0 1 0 0 
1 0 0 0 0 
0 0 0 1 0 
0 0 1 0 0 
0 1 0 0 0 
0 0 0 1 0 
0 0 0 0 1 
0 1 0 0 0 
0 1 0 0 0 
0 0.180763 0.819237 0 0 
0 1 0 0 0 
