5 150
0.544931
0.609569
0.500511
0.724212
0.660184
11.3961 0.103107
10.7128 0.121243
10.5303 0.520847
10.3943 0.191134
9.64178 0.817927
9.52274 0.408081
9.37514 1.20567
9.21826 0.919694
9.11225 0.359672
9.10718 1.07185
8.49004 1.22024
7.96067 0.539587
7.88945 0.127592
7.74015 0.459253
7.52022 0.642491
7.35288 0.872711
7.3495 2.1263
7.32799 0.387802
7.19839 2.21181
6.918 1.33005
6.912 2.46106
6.87237 0.527579
6.84932 2.43254
6.79744 1.9732
6.79304 0.749896
6.71578 2.84372
6.32547 1.20881
6.19527 2.0499
6.17984 1.14736
6.08041 1.29595
5.98344 2.08416
5.91146 2.40695
5.74229 2.61221
5.73414 3.40524
5.70725 2.51636
5.69811 2.99119
5.57794 2.38129
5.47812 2.42204
5.44641 3.02419
5.37782 2.35377
5.362 2.17066
5.31759 2.73216
5.24821 2.47887
5.11464 2.84798
4.96927 2.35006
4.84962 2.13002
4.67303 2.71928
4.62981 2.26016
4.47773 2.73704
4.45388 2.60809
4.4335 3.05966
4.42634 4.73345
4.41724 2.32433
4.17829 2.56899
4.15323 3.33076
4.1066 3.85909
4.10539 3.52646
4.08511 4.38562
3.87509 2.9676
3.85227 5.12517
3.83283 3.46787
3.74411 4.39198
3.57082 4.71873
3.47789 2.80973
3.36257 4.20481
3.24447 3.824
3.19655 3.61217
3.10368 4.79124
3.05343 3.91739
2.93372 5.30349
2.90543 4.21622
2.85345 5.76646
2.77915 4.44583
2.67949 4.17395
2.54642 3.6857
2.5085 4.63331
2.49546 3.39458
2.10704 5.08207
2.10272 5.35864
2.03741 6.05098
1.87949 5.6244
1.8612 6.00298
1.84104 5.04062
1.83658 6.51303
1.64339 6.8765
1.64316 5.20479
1.62595 6.33453
1.60063 5.98899
1.56824 5.57409
1.52088 6.57042
1.51763 7.41495
1.51444 5.18041
1.45963 5.30571
1.43625 5.24929
1.40743 8.03577
1.38224 6.74082
1.14324 6.47162
1.08031 5.94082
1.06492 7.38878
1.0489 6.16365
1.02844 6.66522
0.949495 5.44467
0.870957 6.49011
0.868567 5.32244
0.864556 8.11932
0.847005 6.16748
0.839189 8.15257
0.814942 7.35932
0.806868 6.99682
0.791749 6.1285
0.771205 6.43537
0.629157 6.79544
0.617225 5.36874
0.611256 9.23982
0.601233 8.22973
0.590358 6.95505
0.584709 8.00506
0.544141 9.10394
0.534683 6.14006
0.525571 9.47047
0.507417 8.41185
0.500696 5.90932
0.456237 6.48542
0.42632 6.12176
0.420147 6.91822
0.367499 9.62844
0.333358 6.84969
0.307445 7.20464
0.267017 7.67851
0.216347 6.75483
0.202732 10.1046
0.193312 7.26122
0.154329 8.65788
0.122926 10.7335
0.116727 10.5261
0.095565 8.61247
0.08815 11.2819
0.087064 10.2693
0.0681172 8.80296
0.0602022 9.37645
0.0496794 10.166
0.0370551 7.58781
0.0285298 8.39895
0.0284405 7.1057
0.012131 9.98426
0.0093243 8.81335
0.00729414 10.3671
0.00359279 9.92337
0.00316196 10.1408
0.00147162 12.2389
0.190808 0 0.298955 0.510238 0 
0.223506 0.0622971 0.307301 0 0.406896 
0.335806 0 0.354467 0.309727 0 
0.408074 0 0 0.377681 0.214245 
0 0 0.406337 0.126417 0.467246 
0.162437 0 0 0.216054 0.621509 
0 0.173896 0.290409 0.195938 0.339757 
0.284948 0.383493 0.331559 0 0 
0.323917 0 0 0.379219 0.296863 
0 0.294576 0 0 0.705424 
0.242647 0.0620855 0 0.294612 0.400656 
0.45938 0 0.54062 0 0 
0 0.335864 0 0 0.664136 
0 0 0 0.613746 0.386254 
0 0 0 0.49129 0.50871 
0.369451 0 0 0.143287 0.487261 
0 0.215498 0.578973 0 0.205529 
0 0.254962 0.29812 0.446918 0 
0.328198 0.265135 0 0 0.406666 
0 0 0.507147 0 0.492853 
0.326686 0 0.449261 0.224053 0 
0.291305 0.447888 0 0.260807 0 
0 0.318602 0.218282 0.265424 0.197691 
0 0.512143 0 0 0.487857 
0.611242 0.0995142 0 0.198124 0.0911196 
0.0600218 0.308666 0.304743 0.32657 0 
0 0.448454 0 0.551546 0 
0.35939 0.473569 0 0.167041 0 
0.0646357 0.252149 0 0.491592 0.191624 
0 0.0626218 0.438996 0.153106 0.345276 
0 0.19955 0.487069 0 0.313381 
0.346955 0.386389 0 0.163694 0.102963 
0 0.255434 0.372509 0.164134 0.207923 
0 0.427583 0.200312 0.0882813 0.283824 
0 0.34343 0 0.407322 0.249248 
0 0 0.257792 0.742208 0 
0 0 0.258736 0.741264 0 
0.521287 0 0.0747708 0.342546 0.061396 
0 0 0.509174 0.490826 0 
0.262726 0 0.340022 0.397252 0 
0.328352 0.420678 0.0731417 0 0.177829 
0.320586 0 0.152718 0.526696 0 
0.392125 0 0.295925 0 0.31195 
0 0 0 0.453285 0.546715 
0.368703 0 0 0.338445 0.292852 
0 0.474449 0 0 0.525551 
0.357457 0 0.190337 0.293 0.159207 
0.0609234 0.297174 0 0.514417 0.127486 
0 0 0 0.392819 0.607181 
0 0 0.410777 0.589223 0 
0 0 0 0 1 
0.491429 0 0 0.508571 0 
0.586228 0 0.413772 0 0 
0.307742 0.24992 0.369343 0.0729949 0 
1 0 0 0 0 
0 0.483657 0.460615 0.0557276 0 
0.533118 0 0 0 0.466882 
0 0 0.359238 0.331876 0.308887 
0.276844 0.295045 0.320443 0 0.107669 
0.304966 0.253447 0.065615 0.114337 0.261635 
0 0.362483 0.167312 0 0.470205 
0.462928 0 0.537072 0 0 
0.41991 0 0.168514 0.411576 0 
0 0 0.500659 0.499341 0 
0.732425 0 0 0.267575 0 
0.625464 0.293897 0.0806388 0 0 
0 0.143067 0 0.274216 0.582717 
0 0 0 0.524845 0.475155 
0.389088 0 0.491018 0.119894 0 
0.246025 0 0.333347 0.310869 0.109759 
0.382803 0 0.397997 0.219199 0 
0.307405 0 0.291609 0 0.400985 
0 0 0 1 0 
0.43458 0 0.124265 0.441156 0 
0.236393 0.387144 0 0 0.376462 
0.334965 0.361346 0.0533643 0 0.250325 
0.293762 0.706238 0 0 0 
0 0 0 1 0 
0.0779634 0.349339 0.233379 0.19106 0.148259 
0.194678 0 0.2444 0.319898 0.241024 
0 0.144494 0.580195 0.27531 0 
0.242227 0.356351 0.146041 0 0.255382 
0.368112 0 0.24698 0.384908 0 
0.42682 0.0926668 0.180715 0.299798 0 
0 0.126321 0.295616 0.372295 0.205769 
0.272131 0 0.346451 0.297728 0.0836894 
0 0 0.751132 0 0.248868 
0.431002 0 0.380507 0.188491 0 
0.299592 0.205375 0.223398 0.271635 0 
1 0 0 0 0 
0.293645 0.283642 0 0.234852 0.187862 
0.307541 0.377764 0 0.183816 0.130879 
0.575768 0 0.0892439 0 0.334988 
0 0 0.510769 0 0.489231 
0.3555 0 0 0.364327 0.280173 
0.197338 0.266777 0.147651 0.303699 0.0845344 
0 0 0 0.322683 0.677317 
0.250452 0 0 0.221503 0.528045 
0.323524 0.173225 0.170149 0.0514231 0.281679 
0.557001 0 0.442998 0 0 
0 0 0.841119 0.158881 0 
0.507675 0 0 0.240794 0.251531 
0.541339 0 0.374585 0 0.0840754 
0.548212 0 0 0.366298 0.0854893 
0.308995 0.298154 0.260362 0 0.132489 
0.20961 0.79039 0 0 0 
0 0.485202 0.143913 0.370884 0 
0.159051 0.366176 0.1782 0 0.296572 
0.531826 0 0 0.468174 0 
0.23438 0.0589495 0 0.337291 0.369379 
0 0 0.458587 0.541413 0 
0.297912 0.115953 0.35521 0 0.230925 
0.388238 0 0.153994 0 0.457768 
0 0.329467 0.456726 0 0.213807 
0 0.202451 0 0 0.797549 
0.113297 0.571002 0.315701 0 0 
0.305672 0 0.115421 0.326751 0.252156 
0.848946 0 0.151054 0 0 
0.262149 0.315489 0.210939 0 0.211423 
0.316289 0 0.683711 0 0 
0.400572 0.47423 0 0.125199 0 
0 0.686816 0 0 0.313184 
0.435714 0 0.420659 0.143627 0 
0 0 0.590363 0.409637 0 
0.370774 0 0.185691 0.276647 0.166887 
0.44834 0.427107 0 0.124554 0 
0 0.31549 0.338621 0.345889 0 
0.366329 0 0.353153 0.280518 0 
0.271653 0.390789 0.096175 0.152832 0.0885511 
0.176268 0.206147 0 0.617585 0 
0.224906 0 0.118883 0.105481 0.55073 
0 0 0 1 0 
0 0.372937 0.178943 0 0.448119 
0.0656845 0.408412 0.135821 0.257663 0.13242 
0 0.190681 0.262707 0.546612 0 
0.270882 0.374359 0.173596 0.0513528 0.12981 
0 0.178147 0.821853 0 0 
0.160969 0.0956249 0.279773 0.463632 0 
0 0.297621 0 0.254761 0.447618 
0 0.176679 0.412757 0.410564 0 
0 0 0.472125 0.449958 0.0779176 
0.541674 0 0 0.458326 0 
0 0.353225 0.188208 0.458567 0 
0 0.596525 0 0 0.403475 
0.349464 0.220746 0.42979 0 0 
0.263654 0.298951 0.219634 0 0.217761 
0.623733 0.0906856 0 0 0.285581 
0.497353 0.325099 0 0 0.177547 
0 0 0.186523 0.296426 0.51705 
0 0.300235 0.526395 0.17337 0 
