5 200
0.257508
0.559229
0.737075
0.464164
0.722533
10.7203 0.363872
10.4847 0.449963
10.3708 0.735249
10.2199 0.221262
9.62167 0.277511
9.5171 1.41809
9.21081 1.00322
9.19101 0.587661
9.13463 0.126316
9.05859 0.601382
9.04324 0.863315
8.99593 1.46802
8.99191 0.745847
8.53643 1.76565
8.34225 1.48591
8.20978 1.69381
8.05813 1.6188
7.96178 0.26627
7.95869 0.084595
7.92751 0.352598
7.88393 0.779544
7.84718 1.39417
7.62916 0.459701
7.60894 0.385587
7.6018 0.683625
7.57929 1.40836
7.49088 1.75412
7.44928 1.54354
7.41562 2.18175
7.39222 0.324845
7.38156 2.05533
7.27968 2.42455
7.2645 1.64465
7.1831 0.567452
7.18215 1.10068
7.16725 2.28141
6.83576 1.91505
6.7885 1.09367
6.73308 1.40449
6.43605 3.06116
6.3909 1.8952
6.18544 2.24174
6.14721 1.63793
6.05286 0.91128
6.0358 1.42078
5.94694 1.69116
5.90681 1.56136
5.88739 2.32254
5.8494 1.90994
5.81826 2.95645
5.77505 1.49597
5.71487 1.88301
5.67554 1.59213
5.65374 1.17668
5.61941 2.30946
5.5305 2.34973
5.45082 1.27038
5.4506 3.48052
5.27833 1.52968
5.02049 4.23463
4.99821 3.53231
4.97224 3.12352
4.93 3.15477
4.9003 2.05344
4.84135 2.7121
4.81433 3.75122
4.81219 4.14463
4.79996 4.06838
4.76913 3.73108
4.72243 2.10031
4.70464 4.12298
4.64548 2.31477
4.49432 2.17197
4.41842 3.76099
4.40899 3.79219
4.40432 2.95649
4.37945 2.52336
4.33832 2.84525
4.23713 3.44859
4.20809 4.61972
4.12608 3.67004
4.01756 3.53774
3.98923 3.54716
3.96181 4.69133
3.81369 3.81988
3.73361 4.21409
3.73196 4.12212
3.64987 4.70513
3.64617 5.08573
3.61405 4.25596
3.57496 4.49838
3.57312 2.8212
3.51351 4.57856
3.47474 4.7137
3.4511 3.15645
3.24383 3.70441
3.22758 3.20251
3.21882 4.18882
3.19059 5.27629
3.134 4.35689
3.08288 4.05657
3.01905 5.22243
2.96803 3.92688
2.95722 3.7109
2.91565 5.94092
2.861 3.89136
2.86027 3.86198
2.70772 4.64584
2.6952 3.9997
2.66762 6.20937
2.59671 4.8004
2.58647 4.01397
2.5465 4.09843
2.51261 6.21659
2.48996 6.23792
2.46554 4.6256
2.4487 5.15469
2.44546 4.34668
2.4148 5.62334
2.33804 4.91392
2.29457 6.40538
2.13121 5.47301
2.0329 6.3345
2.02612 5.20982
1.99874 4.64518
1.93542 6.70341
1.93153 5.52495
1.93047 4.34439
1.92113 5.2674
1.89396 5.5433
1.74931 5.13241
1.74579 6.67767
1.6966 4.86902
1.66078 6.79079
1.65761 5.75879
1.63515 6.06589
1.49714 5.10754
1.46471 6.2086
1.36126 4.71578
1.35729 4.94094
1.33068 7.46007
1.31205 7.23049
1.31012 7.6524
1.28218 7.38705
1.24928 7.36574
1.24123 7.42994
1.23645 5.11435
1.1216 5.46195
1.11024 5.92108
1.10158 5.07729
1.05363 7.87868
1.00872 6.7575
0.847653 7.07372
0.796458 8.8685
0.778511 8.6637
0.774635 6.86245
0.75771 6.56195
0.747304 6.75324
0.731209 6.38958
0.724294 5.8971
0.654507 5.81982
0.646327 5.6958
0.586264 8.01988
0.580194 6.43439
0.579549 7.92661
0.553945 7.96734
0.52823 7.82057
0.510095 9.05045
0.502022 6.26673
0.498521 9.32864
0.470441 8.93397
0.425858 9.1025
0.376775 6.6697
0.367184 8.07319
0.365922 7.25205
0.339965 9.47805
0.311972 9.32448
0.265054 7.15155
0.26371 6.69374
0.253454 6.93398
0.226051 9.6761
0.210763 9.52802
0.21048 7.19118
0.176095 10.5663
0.155836 9.39376
0.117693 9.27732
0.115159 7.4692
0.102072 10.0007
0.0918326 8.00321
0.0757022 10.7746
0.0680878 10.9722
0.0620364 8.64484
0.0377381 8.03598
0.0299667 10.438
0.0189084 9.59332
0.01618 7.45955
0.0136433 11.449
0.0121551 7.71711
0.0106372 11.9823
0.00193534 11.3735
0.277383 0.123447 0.127621 0.159168 0.312381 
0.257249 0.203294 0.146345 0.281902 0.11121 
0.22362 0.470488 0.305892 0 0 
0.264846 0.215432 0.209035 0.310687 0 
0 0 0.385765 0.374205 0.24003 
0.137436 0.164975 0.320706 0 0.376882 
0.334256 0.44205 0 0 0.223694 
0.359832 0 0.34902 0.145069 0.146079 
0.224301 0.230933 0 0.293348 0.251417 
0 0.563252 0.0814266 0 0.355322 
0 0.313627 0.339869 0.346504 0 
0 0 0.384444 0.615556 0 
0.435442 0.429089 0 0.135469 0 
0.454884 0.266221 0 0 0.278895 
0.577538 0 0.212817 0 0.209645 
0 0 0 1 0 
0 0 0.655679 0.344321 0 
0 1 0 0 0 
0.481367 0 0 0 0.518633 
0.41983 0.268825 0.311345 0 0 
0.38775 0.203356 0 0.408894 0 
0.256809 0.136323 0.310323 0.0970986 0.199446 
0.0974723 0.255551 0.343499 0.063865 0.239613 
0 0.159972 0.450972 0.389056 0 
0.50993 0 0 0 0.49007 
0.0972674 0.226938 0.317667 0.1155 0.242628 
0 0 0.555314 0 0.444686 
0.208502 0.197159 0.26039 0.0958719 0.238077 
0.0865319 0.152721 0.392992 0.367756 0 
0.629956 0.0874655 0 0 0.282579 
0 0.252161 0.42304 0.324799 0 
0 0 0.506193 0 0.493807 
0.409623 0.320567 0 0 0.26981 
0.310519 0.244615 0.355972 0.0888949 0 
0.439931 0 0.063705 0.348988 0.147376 
0 0.322866 0 0.677134 0 
0.433103 0 0.566897 0 0 
0.319189 0.331682 0.0897861 0 0.259343 
0 0.686282 0 0.195694 0.118024 
0.423596 0 0.20494 0 0.371464 
0 0.28453 0.249291 0.466179 0 
0.309163 0.245577 0.0499198 0.229918 0.165423 
0 0 1 0 0 
0 0.142472 0.121843 0.377985 0.357699 
1 0 0 0 0 
0 0 0 0.404971 0.595029 
0.411179 0 0.129705 0 0.459116 
0.481669 0 0 0 0.518332 
0.307008 0 0.503544 0 0.189448 
0 0 0 0 1 
0 0 0 0.144587 0.855413 
0 0.511889 0.488111 0 0 
0 0.381583 0.240751 0.377666 0 
0.257438 0 0.105556 0.29775 0.339256 
0.365046 0.119236 0.265582 0 0.250137 
0 1 0 0 0 
0.372442 0 0.627558 0 0 
0.631601 0 0 0 0.368399 
0.303157 0.28111 0.213442 0.202291 0 
0.118454 0 0 0.773422 0.108124 
0.171418 0 0.256201 0 0.572381 
0.114627 0.409201 0 0 0.476172 
0.303671 0 0 0.442299 0.25403 
1 0 0 0 0 
0 0.317493 0.682507 0 0 
0.381808 0 0.12811 0.237918 0.252163 
0.768956 0 0 0.231044 0 
0.471164 0 0 0.528836 0 
0.203197 0 0 0 0.796803 
0 0.734602 0.127555 0 0.137844 
0 0.294918 0.34942 0 0.355662 
0 0.192378 0 0.665128 0.142494 
0.472363 0 0 0 0.527637 
0.236095 0.163213 0.209094 0.224287 0.167311 
0 0 0.414236 0.24837 0.337394 
0 0.310612 0.689388 0 0 
0 0.461392 0.268373 0.270235 0 
0 0.380799 0 0.619201 0 
0.0923113 0.233254 0.268058 0.263607 0.14277 
0 0.260978 0.739022 0 0 
0 0 0.613944 0.386057 0 
0.184602 0.404728 0.106622 0.304048 0 
0.414684 0 0.108424 0 0.476892 
0 0 0.15987 0.446363 0.393767 
0.389984 0.195537 0 0 0.41448 
0 0.137988 0.31026 0.165098 0.386654 
0.162087 0 0.345215 0.144859 0.34784 
0.295641 0.135438 0 0.169943 0.398979 
0.11641 0.117246 0 0.380577 0.385767 
0.192775 0.116326 0 0 0.690899 
0.72577 0 0.27423 0 0 
0.0496743 0.272473 0.23403 0.161869 0.281953 
0.318418 0 0.33277 0.263935 0.0848777 
0.257378 0.120437 0.300405 0.0853128 0.236468 
0.162466 0.185253 0.343024 0 0.309257 
0 0.211289 0.501433 0 0.287278 
1 0 0 0 0 
0.191624 0.242763 0.434441 0 0.131172 
0.0738484 0.219473 0.336529 0.37015 0 
0 0.779435 0 0.220565 0 
0 0 0 0.784849 0.215151 
1 0 0 0 0 
0 0.282992 0.216984 0.0997403 0.400284 
0.467957 0 0 0 0.532043 
0 0.256689 0.319763 0.423548 0 
0.320654 0.27444 0.156708 0.116158 0.13204 
0.36277 0.205226 0.0468942 0.170882 0.214228 
0.370945 0 0 0.240405 0.38865 
0.31699 0 0 0.68301 0 
0 0.17642 0.341768 0.332928 0.148884 
0 0.34657 0 0.487946 0.165484 
0 0.304622 0.525084 0.170294 0 
0 0 0.433866 0 0.566134 
0.249057 0 0.223811 0.309377 0.217755 
0 0.0952553 0.537046 0.367699 0 
0.552997 0 0 0.447003 0 
0.232754 0.221978 0 0.407904 0.137364 
0 0 0 0 1 
0.553012 0 0 0.203222 0.243765 
0 0.87725 0 0.12275 0 
0.359114 0.354162 0.286724 0 0 
0 0.263575 0.0951581 0.641267 0 
0.403892 0 0.301602 0 0.294506 
0.418372 0.203663 0 0.377965 0 
0 0.509952 0 0.117009 0.373039 
0.324111 0.112668 0.309429 0.253793 0 
0 0.258971 0.194349 0.279166 0.267514 
0.183362 0.340984 0 0.300441 0.175214 
0.300834 0 0.28488 0.0807687 0.333518 
0.333252 0.113835 0.315464 0.237449 0 
0.612521 0 0 0.387479 0 
0 0.453391 0.322801 0.223808 0 
0 0 0.339095 0.459594 0.201311 
0.0489778 0.142688 0.278183 0.334672 0.195479 
0.609353 0.17557 0 0 0.215076 
0 0.420974 0 0.4483 0.130726 
0.336158 0.315639 0.0970024 0.251201 0 
0 0 0 0.53888 0.46112 
0.0734252 0 0.324149 0.329094 0.273332 
0.31729 0 0 0 0.68271 
0 0.127406 0.649539 0.223055 0 
0.473155 0.112636 0 0.414209 0 
0.26748 0.267379 0 0.25101 0.214131 
0.342445 0 0 0.657555 0 
0.1566 0.180813 0.256355 0 0.406232 
0.19221 0 0.277699 0.30777 0.222322 
0.395865 0.301321 0.302813 0 0 
0 0 1 0 0 
0 0.6792 0 0 0.3208 
0 0.442843 0.419599 0 0.137558 
0 0 0.478376 0 0.521624 
0 0 0.541971 0.218793 0.239236 
0.272103 0 0.155253 0.27474 0.297904 
0.230055 0 0.467267 0.302678 0 
0 0.459789 0 0 0.540211 
0.271689 0 0.207974 0.251136 0.269201 
0 0.640036 0 0.359964 0 
0.142365 0.417955 0.43968 0 0 
0.478203 0.236314 0.285483 0 0 
0 0.292757 0.707243 0 0 
0 0.332478 0.667522 0 0 
0 0.37729 0.62271 0 0 
0.270901 0.164518 0.284171 0.0634976 0.216912 
0.263615 0.238602 0 0 0.497784 
0.335449 0 0.406687 0.175742 0.0821212 
0 0.0627307 0.449758 0.487511 0 
0.29064 0.377329 0.332031 0 0 
0 0.163979 0.546111 0 0.28991 
0.251137 0.258557 0.0528825 0.168667 0.268756 
0 0.626477 0.373523 0 0 
0.174537 0.198839 0 0.336858 0.289766 
0.471915 0 0.528085 0 0 
0.173306 0.235218 0.200624 0.157116 0.233736 
0.362732 0 0.540278 0.0969902 0 
0 0 0 1 0 
0.331063 0 0.290796 0 0.378142 
0 0.524752 0.175833 0 0.299415 
0.434316 0 0.244463 0.321221 0 
0 0 0 0.151684 0.848316 
0.183965 0.469001 0 0.347033 0 
0.394952 0 0 0.605048 0 
0.380383 0 0 0.439607 0.18001 
0.165324 0.0780045 0.370452 0.244845 0.141375 
0.365301 0.351466 0 0.182688 0.100545 
0.15063 0.477294 0.117133 0.187675 0.0672684 
0.356436 0.243476 0.400088 0 0 
0.581326 0 0.418674 0 0 
0.349338 0.22863 0.104694 0 0.317338 
0.674922 0 0.325078 0 0 
0 0 0.561317 0 0.438683 
0 0.263203 0.473383 0.263414 0 
0.557415 0.442585 0 0 0 
0.284458 0.387995 0 0 0.327547 
0.554938 0 0 0.445062 0 
1 0 0 0 0 
0.644926 0.256591 0 0.0984836 0 
0 0 0 1 0 
0 0 0.576964 0.106981 0.316055 
0 0.119132 0 0.30412 0.576747 
0 0.650955 0 0 0.349045 
