5 150
0.741501
0.707625
0.709548
0.388401
0.391346
10.9201 0.435673
10.504 0.519189
10.4972 0.543677
10.2345 0.473248
10.1511 0.303381
9.53627 1.14324
9.46347 1.12592
9.19305 0.658691
9.13306 0.454084
9.05239 0.142777
8.84044 1.57211
8.69845 0.743399
8.66854 0.576106
8.60147 0.218856
8.43356 0.715484
8.386 0.430404
8.37416 1.21589
8.3051 0.658796
8.14971 0.809659
8.13762 1.24049
8.04712 0.378043
7.87757 0.192278
7.69133 0.319603
7.53939 1.78022
7.39684 0.486561
7.27251 1.00913
7.08849 0.887883
7.06522 2.08159
6.43965 1.98841
6.33486 3.16936
6.25483 0.973026
6.15518 2.55558
6.07506 2.47509
6.06288 2.12254
6.05848 1.7521
6.02083 2.59171
5.65303 3.47979
5.49748 3.69994
5.44296 2.23884
4.76495 2.93669
4.69973 2.82066
4.68271 2.40035
4.50662 2.22054
4.36425 2.44524
4.27274 3.16961
4.22496 3.06333
4.21909 2.36688
4.09896 3.75202
4.00984 5.04062
3.96647 2.79858
3.92605 3.06293
3.67213 4.15327
3.67088 4.27039
3.59442 3.01856
3.48018 4.59642
3.37484 4.48938
3.3462 4.71064
3.33502 3.56593
3.27524 5.73005
3.26561 4.4056
2.99908 3.20414
2.9383 3.42626
2.8551 4.77699
2.74329 5.87678
2.69315 4.46895
2.58355 4.55856
2.56693 5.04825
2.44389 4.05412
2.43253 6.75571
2.4108 4.12456
2.36567 5.07597
2.2361 4.52228
2.16504 5.09526
2.15361 4.07399
2.12631 4.45282
2.10979 6.41244
2.07901 5.56747
2.07088 3.92202
1.94537 6.52013
1.93647 5.64312
1.93334 5.7344
1.92098 6.38671
1.89962 3.92271
1.81009 6.1929
1.75213 7.26811
1.68091 6.31429
1.65718 6.52117
1.51465 6.29437
1.49781 5.75461
1.34656 5.47413
1.25098 6.37925
1.23273 7.19952
1.22632 5.59355
1.22155 7.93804
1.20911 5.43855
1.15817 7.3957
1.02334 7.45147
1.00682 7.1788
0.967655 7.93906
0.939855 6.16805
0.926006 5.07149
0.904384 8.09964
0.898953 8.28721
0.883082 9.12563
0.838811 9.0162
0.793085 5.52002
0.780326 8.28182
0.76719 6.5479
0.703044 5.59847
0.617628 5.87759
0.602939 8.69636
0.590672 9.45345
0.568731 6.97972
0.542674 9.16043
0.534878 9.31958
0.503153 7.81594
0.502051 8.88834
0.35649 7.7103
0.339229 9.97006
0.321603 6.16184
0.316636 8.38037
0.300098 7.0871
0.244172 10.3654
0.233079 8.11878
0.221585 6.40148
0.220987 6.49726
0.213388 9.2426
0.196145 8.17281
0.185208 8.17047
0.163144 9.97065
0.144562 9.50014
0.121036 10.4551
0.0990471 7.25487
0.0972631 9.54746
0.0852794 8.13321
0.0784132 8.21836
0.059105 8.7217
0.053202 8.10464
0.0517579 11.4872
0.0514786 7.32179
0.0510867 9.23561
0.0419419 9.9362
0.0396096 10.3802
0.0383124 10.423
0.0280543 9.50214
0.0255734 10.7165
0.0100516 11.3091
0.00521516 10.2661
0.00423761 9.26436
0.00213888 9.17791
1 0 0 0 0 
0 0 0 1 0 
0 0 0 1 0 
1 0 0 0 0 
0 0 0 1 0 
0 1 0 0 0 
0 0 1 0 0 
0 1 0 0 0 
0 0 1 0 0 
1 0 0 0 0 
0 0 1 0 0 
0 0 1 0 0 
0 0 1 0 0 
0 0 1 0 0 
0 0 1 0 0 
0 0 0 0 1 
1 0 0 0 0 
0 0 0 0 1 
0 0 0 1 0 
1 0 0 0 0 
1 0 0 0 0 
0 0 1 0 0 
0 0 0 1 0 
0 1 0 0 0 
0 0 0 0 1 
0 0 1 0 0 
0 0 0 1 0 
0 0 0 1 0 
0 0 0 0 1 
0 1 0 0 0 
0 1 0 0 0 
0 1 0 0 0 
0 0 0 1 0 
0 0 0 0 1 
0 0 0 1 0 
0 0 0 1 0 
0 1 0 0 0 
0 1 0 0 0 
0 1 0 0 0 
0 1 0 0 0 
0 0 1 0 0 
0 0 1 0 0 
1 0 0 0 0 
1 0 0 0 0 
0 0 0 0 1 
0 1 0 0 0 
1 0 0 0 0 
0 1 0 0 0 
1 0 0 0 0 
0 1 0 0 0 
0 1 0 0 0 
0 0 0 1 0 
0 0 0 1 0 
1 0 0 0 0 
0 0 1 0 0 
0 0 0 1 0 
1 0 0 0 0 
1 0 0 0 0 
0 0 0 1 0 
0 0 1 0 0 
0 0 0 0 1 
0 0 0 1 0 
0 0 0 1 0 
0 0 0 0 1 
1 0 0 0 0 
0 0 0 0 1 
0 0 1 0 0 
0 1 0 0 0 
0 0 1 0 0 
0 0 1 0 0 
0 0 1 0 0 
0 0 0 0 1 
0 0 0 1 0 
0 0 1 0 0 
0 0 0 1 0 
1 0 0 0 0 
1 0 0 0 0 
0 0 0 0 1 
1 0 0 0 0 
0 0 0 0 1 
0 0 0 0 1 
0 0 1 0 0 
0 0 1 0 0 
0 0 1 0 0 
0 0 1 0 0 
0 0 0 0 1 
0 0 0 1 0 
0 1 0 0 0 
0 1 0 0 0 
0 0 1 0 0 
0 0 0 0 1 
0 0 0 0 1 
0 0 0 0 1 
0 1 0 0 0 
0 1 0 0 0 
0 0 1 0 0 
0 0 0 0 1 
1 0 0 0 0 
0 0 0 0 1 
1 0 0 0 0 
0 0 0 0 1 
0 1 0 0 0 
0 0 1 0 0 
0 1 0 0 0 
0 0 1 0 0 
0 0 1 0 0 
0 1 0 0 0 
1 0 0 0 0 
1 0 0 0 0 
1 0 0 0 0 
0 1 0 0 0 
1 0 0 0 0 
0 1 0 0 0 
0 1 0 0 0 
0 0 0 1 0 
0 0 1 0 0 
0 0 0 0 1 
0 0 0 0 1 
0 1 0 0 0 
0 1 0 0 0 
1 0 0 0 0 
0 1 0 0 0 
0 0 0 1 0 
0 0 1 0 0 
0 0 1 0 0 
0 0 0 0 1 
0 0 0 0 1 
0 1 0 0 0 
0 0 1 0 0 
0 1 0 0 0 
0 0 0 1 0 
0 0 0 1 0 
1 0 0 0 0 
0 0 0 1 0 
0 1 0 0 0 
0 0 0 0 1 
0 1 0 0 0 
0 1 0 0 0 
0 1 0 0 0 
0 1 0 0 0 
0 0 1 0 0 
0 0 0 0 1 
0 0 0 0 1 
0 0 0 1 0 
0 1 0 0 0 
0 0 1 0 0 
0 1 0 0 0 
0 0 0 1 0 
0 1 0 0 0 
1 0 0 0 0 
