5 200
0.381153
0.274461
0.439566
0.741989
0.693388
10.3874 0.198478
10.2412 0.654108
9.98926 0.858087
9.92828 1.03401
9.54321 0.921159
9.33928 0.147812
9.27792 0.36968
9.08182 0.860168
9.05488 1.08983
8.99265 1.35021
8.95695 0.943068
8.8362 0.787873
8.81847 1.56456
8.48887 1.75259
8.44084 1.1881
8.05334 1.16623
7.99291 0.522454
7.91505 1.95085
7.90826 0.821978
7.85393 0.383408
7.59073 1.94421
7.48462 1.46807
7.46146 0.858368
7.44705 0.597797
7.42011 1.36404
7.34749 1.73531
7.31075 1.45162
7.1303 1.12528
7.05568 1.09077
7.03053 1.49408
6.95718 0.796323
6.51832 1.24166
6.51511 2.17817
6.45526 2.3001
6.43206 2.52197
6.38329 2.88288
6.22962 1.40926
6.22698 2.71613
6.21955 2.0507
6.14222 2.25471
6.12674 2.78821
6.11827 1.60348
6.10258 3.18446
5.99685 1.81537
5.8401 1.5845
5.7807 1.46778
5.67965 2.43693
5.56309 3.80814
5.49489 2.07805
5.39485 2.56953
5.19721 2.55735
5.17576 3.30946
5.14701 2.59279
5.08009 3.38125
4.99705 2.38302
4.95543 1.66391
4.71111 3.6098
4.65331 4.29522
4.4692 2.58318
4.42038 2.71305
4.3963 2.74288
4.21639 4.19004
4.19439 2.72782
4.16199 2.98612
4.00195 2.9618
3.97221 3.14126
3.94378 3.6116
3.89625 2.53021
3.88853 4.11795
3.75771 3.68054
3.75638 5.07365
3.74744 3.191
3.67252 3.8943
3.63891 3.52605
3.60816 5.47343
3.53044 3.70697
3.43939 4.96834
3.42523 4.60373
3.41267 5.30515
3.39496 3.27564
3.38853 4.49914
3.3745 3.00865
3.29485 3.83752
3.27923 2.75207
3.2626 3.6919
3.20902 4.46088
3.19316 2.85457
3.17389 3.98215
3.09299 3.74382
3.05055 3.3604
2.97537 4.37256
2.92889 5.7756
2.88453 4.67849
2.80841 3.68658
2.66367 5.91674
2.61119 5.98108
2.60097 5.18896
2.5495 4.04715
2.54646 4.33614
2.45089 6.42253
2.43017 4.01395
2.36871 4.19033
2.30083 4.30313
2.21699 5.68171
2.21537 5.30305
2.20367 6.52545
2.15734 4.75901
2.14439 3.61505
2.01159 5.08818
1.93792 6.75883
1.91751 5.10656
1.86751 5.70716
1.8313 5.84646
1.82331 6.11938
1.81396 5.86181
1.81074 4.93453
1.7231 6.83644
1.66583 7.51352
1.59479 4.08341
1.5864 6.32293
1.52355 6.36688
1.50985 5.54886
1.48117 4.51779
1.41207 5.58156
1.39939 7.61735
1.3203 4.9629
1.31837 7.19525
1.29671 4.57359
1.29218 7.12232
1.1609 8.10586
1.15647 7.54611
1.15535 4.67259
1.08509 8.48679
1.04654 6.39144
1.02679 6.31109
0.996215 5.78447
0.977341 7.05009
0.924677 8.043
0.910014 8.6472
0.908579 6.38449
0.880969 5.81144
0.81659 7.73729
0.795183 6.49432
0.748821 6.20216
0.724362 8.27049
0.687161 6.37916
0.611754 6.49366
0.610566 6.93238
0.585187 8.62775
0.566229 6.7072
0.538205 8.09621
0.507159 6.52734
0.483697 8.24486
0.45741 6.35503
0.455634 8.48075
0.4368 9.5659
0.427203 7.72025
0.417667 7.77353
0.402717 7.85389
0.402112 8.46869
0.379198 6.65166
0.370648 8.58093
0.368456 9.63368
0.332437 9.71315
0.328299 8.14865
0.290869 9.62175
0.244424 10.4447
0.239797 8.55423
0.227877 8.59556
0.199174 7.93139
0.18905 6.60048
0.149336 6.90071
0.143186 8.70939
0.112046 10.5976
0.109211 7.24265
0.105975 7.20472
0.0967429 10.8753
0.0871984 10.2175
0.0871589 10.2431
0.0853666 8.88563
0.0804232 9.79182
0.0740407 7.91453
0.0481616 8.24772
0.042372 10.0374
0.0412305 8.83741
0.0297889 7.55013
0.0218216 8.43584
0.0166193 11.5836
0.0148663 10.8109
0.014272 10.2112
0.0133943 11.1279
0.0129751 10.1317
0.0121882 11.7221
0.00823016 11.0962
0.00720004 10.3039
0.00434839 10.7434
0.00344495 9.50204
0.00336169 11.7916
0.00115765 8.14357
0.00107812 9.19349
0.432135 0.141103 0 0 0.426762 
0.72632 0 0 0 0.27368 
0.394493 0.605507 0 0 0 
0.292613 0.3183 0 0 0.389087 
0.161317 0.402737 0.205286 0.230661 0 
0 0.2822 0.259108 0.252223 0.206469 
0 0.245302 0.153952 0.217887 0.382859 
0 0 0.297459 0 0.702541 
0.627191 0 0 0 0.372809 
0.241975 0.30451 0 0 0.453514 
0 0 0.607032 0.310428 0.0825402 
0 0.314486 0 0.685514 0 
0 0.360333 0 0.212907 0.42676 
0 0.466721 0 0.533279 0 
0.528922 0.15708 0.212991 0.101006 0 
0.214583 0.299862 0 0.405368 0.0801862 
1 0 0 0 0 
0.30645 0.315752 0 0.377798 0 
0 0.280657 0.719343 0 0 
0.210488 0.200792 0.211434 0 0.377286 
0 0 0 1 0 
0.260151 0.171574 0.234043 0.156482 0.177751 
0.223411 0.160408 0.379726 0.236455 0 
0.232621 0.229302 0.199149 0 0.338929 
0.24149 0 0.58516 0 0.17335 
0.477415 0.192858 0 0.329728 0 
0 0 0.426583 0.214126 0.359291 
0 0.0686251 0.151601 0.356476 0.423298 
0 1 0 0 0 
0 0.322776 0 0.372566 0.304658 
0.1516 0 0.344405 0.41352 0.0904755 
0.309583 0.15726 0 0.374579 0.158577 
0.43245 0 0.179989 0.387561 0 
0 0 0 0.512161 0.487839 
0 0 0.253715 0.361804 0.384481 
0.259628 0 0.345332 0.39504 0 
0.2656 0.464639 0 0.269761 0 
0.321657 0 0.216718 0.106067 0.355558 
0.0721028 0 0.409934 0.517963 0 
0.351271 0.278915 0 0.124411 0.245403 
0.436757 0.563243 0 0 0 
0.316618 0.0651655 0.111508 0.359728 0.14698 
0.533225 0.217637 0.249138 0 0 
0.601151 0 0 0.398849 0 
0.341949 0.287883 0 0.370168 0 
0 0.117654 0.389255 0.377624 0.115467 
0 0 0.64114 0 0.35886 
0.179892 0 0.410078 0.41003 0 
0 0 1 0 0 
0 0.267149 0 0.320985 0.411866 
0.262801 0.290589 0 0.256419 0.190191 
0 0.443791 0.127069 0.102085 0.327055 
0 1 0 0 0 
0 1 0 0 0 
0 0 0 1 0 
0.429951 0.164469 0 0 0.405579 
0 0.251441 0.306303 0.300735 0.141521 
0.330331 0 0.16308 0.506589 0 
0 0 0.387477 0.33999 0.272533 
0 0.28122 0.635478 0 0.0833018 
0.457646 0.119013 0.42334 0 0 
0.269405 0 0.557761 0 0.172834 
0.0787204 0 0 0.535153 0.386127 
0 0.231792 0.53683 0 0.231378 
0.494148 0 0 0 0.505852 
0 0.359869 0.432265 0 0.207866 
0.286743 0.325447 0.160112 0 0.227698 
0 0 0.407807 0.592193 0 
0.0818463 0 0 0.476034 0.44212 
0.749599 0.250401 0 0 0 
0 0.185523 0.443315 0 0.371162 
0.240996 0.759004 0 0 0 
0 0 0.499473 0 0.500527 
0.325039 0.420019 0 0.254942 0 
0 0 0.43801 0 0.56199 
0 0.282943 0.717057 0 0 
0 0 0.646403 0.353597 0 
0.173662 0 0 0.230324 0.596014 
0 0 0.434662 0.472651 0.0926865 
0.29821 0.314688 0 0.287471 0.0996305 
0 0.241516 0 0.758484 0 
0.0655734 0.31639 0.290668 0.327368 0 
0.158438 0.354952 0.270074 0 0.216536 
0.271234 0 0 0.728766 0 
0 0 0.165911 0.37575 0.458339 
0.31216 0 0.394541 0.293299 0 
0.397374 0 0 0.172027 0.430599 
0.434046 0 0 0.487063 0.0788909 
0.0868708 0.404719 0.332028 0.176382 0 
0.279048 0 0.276219 0.229218 0.215515 
0.57469 0.270429 0 0.154881 0 
0 0 1 0 0 
0.527962 0.138705 0.333333 0 0 
0.473713 0 0 0 0.526287 
0.300286 0.310487 0 0 0.389227 
0.382272 0.221685 0 0.396043 0 
0 0.640919 0.359081 0 0 
0.287401 0.191394 0.212516 0.2155 0.0931893 
0 0.29327 0.340139 0 0.366592 
0 0.471975 0.528025 0 0 
0.318382 0.681618 0 0 0 
0 0 0 0 1 
0.346054 0 0.403445 0.250501 0 
0.24635 0 0.193569 0.186564 0.373517 
0.844419 0 0.155581 0 0 
0.222077 0.214419 0.125104 0.308694 0.129706 
0.283137 0.348151 0 0.368712 0 
0.309572 0.690428 0 0 0 
0 0 0.835158 0.164842 0 
0 0.547141 0.185362 0.267497 0 
0.358461 0 0.284305 0 0.357234 
0 0.189171 0.268795 0 0.542034 
0.639258 0 0 0.183226 0.177516 
0.192714 0.119185 0.274347 0.413754 0 
0 0.18017 0.466681 0.353149 0 
0 0 0.4499 0.5501 0 
0.273962 0 0.304561 0.228944 0.192532 
0 0.33038 0.279666 0.389954 0 
0 0.177188 0.0661363 0.348517 0.408158 
0.359632 0.286645 0 0.246952 0.10677 
0 0.219929 0.204062 0.480828 0.0951799 
0.641365 0 0 0 0.358635 
0.277349 0.299916 0.269584 0.15315 0 
0.297365 0.0987346 0.316058 0 0.287843 
0 0.168523 0.257084 0.0674995 0.506893 
0.16147 0.17776 0.263537 0.192925 0.204308 
0.713048 0 0.286952 0 0 
0 0 0 0.713499 0.286501 
0 0 0.371953 0.327501 0.300546 
0 0 0 0 1 
0.501016 0 0.0665026 0.179528 0.252954 
0 0.235368 0.17491 0.299134 0.290588 
0 0.127943 0 0.872057 0 
0 0.137985 0 0.71433 0.147685 
0 0.455185 0.343245 0.20157 0 
0 0.494723 0 0.0825637 0.422713 
0.146016 0.331292 0.522692 0 0 
0 0.427903 0 0.383139 0.188958 
0.453279 0 0 0 0.546721 
0.173971 0 0 0.312179 0.51385 
0 0.423565 0.445085 0.0684789 0.0628715 
1 0 0 0 0 
0.200127 0.179521 0 0.500272 0.120081 
0.172877 0.143997 0 0 0.683127 
0.12344 0 0.21615 0.389481 0.270929 
0.255207 0.185824 0.394367 0.164602 0 
0.303501 0.131126 0 0.295729 0.269644 
0.425244 0 0.380106 0.19465 0 
0.127715 0 0.342468 0 0.529817 
0 0.495383 0.188497 0 0.31612 
0.549506 0.450494 0 0 0 
0.186889 0.407215 0 0.405896 0 
0 0.472606 0 0.527394 0 
0 0.146196 0.472946 0.380858 0 
0.110178 0.162182 0.199854 0.394771 0.133014 
0.254342 0 0.285833 0 0.459825 
0.105066 0.318993 0.271927 0.304014 0 
0.22234 0.113635 0.266542 0 0.397483 
0 0.583573 0 0 0.416427 
0.46245 0.117358 0.420192 0 0 
0.187263 0.430433 0.382304 0 0 
0.497565 0 0.412644 0.0897912 0 
0 1 0 0 0 
0.425426 0.0637608 0.333369 0.177444 0 
0.515115 0.119591 0.109493 0 0.255801 
0.515821 0 0 0.484179 0 
0.471408 0.112737 0 0.415855 0 
0.530957 0 0 0.102805 0.366239 
0.322616 0.0665395 0.383294 0.162954 0.0645972 
0.523965 0.476035 0 0 0 
0 0 0.157387 0.438526 0.404087 
0 0.359453 0 0 0.640547 
0 0.324631 0 0.401464 0.273905 
0.233321 0.243579 0.178386 0 0.344714 
0.123474 0 0.876526 0 0 
0.115162 0.372001 0 0.0908148 0.422023 
0 0.458284 0 0.121004 0.420711 
0 0 0.347196 0.652804 0 
0 0.574554 0.126887 0 0.29856 
0.0706308 0 0.0656647 0.639143 0.224562 
0.141442 0.287808 0.301954 0.268796 0 
0.110258 0 0.246055 0.119862 0.523826 
0.245328 0 0.369797 0 0.384875 
0 0.311161 0.0689485 0.311074 0.308816 
0.262079 0.434963 0 0.302957 0 
0.205965 0 0.100668 0.291734 0.401634 
0.329545 0 0 0.333194 0.33726 
0.295588 0.28294 0 0.421472 0 
0 0.404759 0 0.0998098 0.495431 
0.0996815 0 0.378704 0.40526 0.116354 
0 0.357513 0.465558 0.176928 0 
0 0.095608 0.459832 0 0.44456 
0.496955 0.188303 0 0 0.314742 
0.185071 0 0.498962 0 0.315967 
0 0 1 0 0 
0.351936 0.334624 0 0 0.31344 
0 0.300374 0.0757851 0.229795 0.394046 
0.456208 0 0 0.13563 0.408162 
0.0732277 0.366172 0 0.268214 0.292386 
0.333925 0 0.258533 0.265283 0.14226 
