5 200
0.503853
0.514
0.483619
0.565561
0.624432
11.7505 0.121586
11.2179 0.451487
10.8253 0.827966
10.6403 0.683553
10.2922 0.408718
9.72903 0.715586
9.64251 0.770388
9.58269 0.179934
9.52314 0.694598
9.43774 0.226734
9.30509 0.36381
9.28165 0.273027
9.23066 0.303554
9.11727 1.28878
8.90042 0.906702
8.88483 0.556695
8.74532 1.36006
8.53706 0.426002
8.46485 0.598797
8.43428 1.10625
8.43322 1.51176
8.04052 1.06052
8.03257 0.873403
7.9982 1.50549
7.98472 2.03338
7.94496 2.11017
7.75388 2.19605
7.64589 0.640001
7.36752 0.927164
7.25596 2.37035
7.22236 0.996988
7.19502 1.14636
7.19113 0.541377
7.15361 2.77801
7.13237 1.76962
7.12039 1.50973
6.70095 1.15163
6.66976 2.51855
6.51254 2.75192
6.48918 0.97596
6.4628 1.9796
6.42893 2.36647
6.35258 0.959821
6.31732 2.03324
6.30127 1.87858
6.28911 2.15388
6.2515 1.5242
6.20086 2.19792
6.19689 2.87894
6.17673 2.08374
6.0433 2.58482
5.9566 1.09985
5.87904 2.68379
5.83397 1.80848
5.80179 1.79419
5.6748 1.90358
5.54487 3.30256
5.51377 2.65134
5.49952 2.85089
5.48799 2.37433
5.38186 2.30562
5.24247 2.60992
5.23989 1.98309
5.2174 1.90205
5.13362 3.16289
5.08274 1.8212
5.05054 1.90135
4.98331 1.96492
4.86783 3.51697
4.7719 3.90574
4.56656 2.87929
4.36276 2.29519
4.34185 2.6951
4.31408 2.75371
4.24162 2.65405
4.05859 3.09131
3.91689 2.65123
3.85907 3.75072
3.82766 4.33335
3.78341 3.43291
3.68566 5.24708
3.6616 4.84065
3.58502 3.72599
3.52939 3.51061
3.50264 4.23222
3.42307 2.92137
3.33085 4.60362
3.27396 4.17616
3.13512 4.06129
3.09152 3.55043
3.07559 3.28102
3.02863 3.50066
2.98905 2.91444
2.93495 4.93112
2.92936 4.5683
2.74316 6.29939
2.69311 6.18214
2.65782 6.16709
2.59622 5.21626
2.53919 4.1871
2.49779 6.65589
2.43913 6.30868
2.34253 4.68136
2.32712 3.57618
2.32465 4.17903
2.25753 4.63649
2.19956 5.59535
2.06209 5.53072
1.99577 4.81626
1.98639 4.43631
1.97391 4.88062
1.92157 5.0104
1.88895 6.74732
1.87856 7.60999
1.8356 6.98925
1.79343 4.9923
1.79069 4.90707
1.75105 4.61594
1.74656 6.04365
1.7192 5.85626
1.69356 5.27377
1.67993 5.82813
1.66868 6.60999
1.59094 5.93378
1.56958 4.67582
1.56439 5.24287
1.53697 7.66486
1.49497 5.26528
1.48598 6.66222
1.47079 5.381
1.46221 7.79591
1.45087 5.1914
1.43849 5.54109
1.3986 7.18574
1.37932 6.79724
1.32778 4.98582
1.29386 7.17833
1.27059 7.36207
1.24353 7.07785
1.15616 7.53575
1.13116 8.32575
1.07325 5.44486
1.04068 5.56958
1.02805 6.1798
1.02033 6.80729
0.908976 6.6678
0.869115 6.75017
0.865831 5.34876
0.862665 7.15728
0.849312 7.55079
0.836668 6.41908
0.810035 6.25603
0.774561 5.59942
0.763327 7.05602
0.74493 5.90658
0.692966 7.52927
0.659702 7.76178
0.629006 9.25397
0.565377 6.12771
0.561461 7.38853
0.523607 7.442
0.522211 7.74901
0.474394 6.87118
0.463599 8.58556
0.453134 9.72099
0.436177 8.00507
0.354458 9.6409
0.338213 9.25755
0.335572 10.0564
0.330872 8.75032
0.320572 9.418
0.308198 9.24362
0.288307 9.07145
0.262278 6.4403
0.241885 9.29849
0.23847 9.9915
0.19889 9.63518
0.163143 6.61327
0.150233 9.73763
0.119372 8.86402
0.118671 6.74186
0.111341 10.9142
0.0952029 10.1219
0.0949734 9.66288
0.0898387 7.62291
0.0877008 10.1493
0.0846368 7.43608
0.0780333 9.68728
0.0749423 7.61853
0.0677157 10.3702
0.0489805 7.72401
0.0421173 7.69345
0.0303187 9.19692
0.0273751 7.37072
0.0215348 8.53287
0.0138195 11.7667
0.0131209 7.74895
0.00903548 11.2853
0.00725952 8.10372
0.00136488 11.6568
0 0 1 0 0 
1 0 0 0 0 
0 0 1 0 0 
0 1 0 0 0 
0 1 0 0 0 
0 1 0 0 0 
0 0 0 0 1 
0 1 0 0 0 
0 0 1 0 0 
0 1 0 0 0 
0 1 0 0 0 
0 0 1 0 0 
0 0 0 1 0 
0 0 0 1 0 
0 0 0 1 0 
0 0 1 0 0 
0 0 0 1 0 
0 0 0 1 0 
0 1 0 0 0 
1 0 0 0 0 
0 0 0 1 0 
0 1 0 0 0 
0 0 1 0 0 
0 0 0 0 1 
0 1 0 0 0 
0 0 0 1 0 
0 0 0 1 0 
0 0 0 1 0 
0 1 0 0 0 
0 0 0 0 1 
0 0 0 0 1 
0 0 0 1 0 
0 0 0 1 0 
0 1 0 0 0 
0 0 0 1 0 
0 1 0 0 0 
0 1 0 0 0 
0 0 0 0 1 
0 0 0 1 0 
0 0 0 1 0 
0 0 1 0 0 
0 1 0 0 0 
0 0 0 1 0 
0 0 0 1 0 
0 0 1 0 0 
0 0 0 0 1 
0 0 1 0 0 
0 0 1 0 0 
0 1 0 0 0 
0 0 1 0 0 
1 0 0 0 0 
0 0 0 1 0 
1 0 0 0 0 
0 0 1 0 0 
1 0 0 0 0 
0 0 0 1 0 
0 0 0 1 0 
0 0 0 1 0 
0 1 0 0 0 
0 1 0 0 0 
0 0 0 1 0 
0 1 0 0 0 
1 0 0 0 0 
1 0 0 0 0 
1 0 0 0 0 
0 0 1 0 0 
1 0 0 0 0 
0 1 0 0 0 
0 0 1 0 0 
0 1 0 0 0 
0 1 0 0 0 
0 1 0 0 0 
1 0 0 0 0 
0 0 1 0 0 
0 0 1 0 0 
0 0 0 0 1 
0 1 0 0 0 
1 0 0 0 0 
0 1 0 0 0 
0 0 0 1 0 
1 0 0 0 0 
1 0 0 0 0 
0 0 1 0 0 
0 0 1 0 0 
0 0 1 0 0 
0 0 1 0 0 
0 1 0 0 0 
0 0 0 1 0 
1 0 0 0 0 
1 0 0 0 0 
0 0 1 0 0 
0 0 0 1 0 
0 0 0 1 0 
0 1 0 0 0 
0 0 0 0 1 
0 0 0 0 1 
0 1 0 0 0 
0 0 0 0 1 
0 1 0 0 0 
0 0 0 0 1 
0 0 1 0 0 
0 0 0 0 1 
0 0 1 0 0 
1 0 0 0 0 
0 0 1 0 0 
0 0 1 0 0 
1 0 0 0 0 
0 0 1 0 0 
0 0 1 0 0 
0 0 0 1 0 
0 1 0 0 0 
0 0 0 0 1 
0 1 0 0 0 
0 0 0 1 0 
0 0 0 1 0 
0 1 0 0 0 
0 0 1 0 0 
0 0 0 0 1 
0 0 0 1 0 
1 0 0 0 0 
0 0 1 0 0 
0 0 0 0 1 
0 0 0 0 1 
0 0 1 0 0 
0 1 0 0 0 
0 0 1 0 0 
0 0 0 1 0 
0 0 0 1 0 
0 1 0 0 0 
0 0 0 1 0 
0 0 0 0 1 
0 0 0 0 1 
1 0 0 0 0 
0 0 0 0 1 
0 0 0 1 0 
0 0 1 0 0 
1 0 0 0 0 
0 0 0 1 0 
0 1 0 0 0 
1 0 0 0 0 
0 1 0 0 0 
0 0 0 0 1 
0 0 1 0 0 
0 0 0 0 1 
0 0 1 0 0 
0 0 0 1 0 
0 0 0 0 1 
1 0 0 0 0 
0 0 1 0 0 
0 1 0 0 0 
1 0 0 0 0 
0 0 0 1 0 
1 0 0 0 0 
0 1 0 0 0 
0 1 0 0 0 
0 0 1 0 0 
0 0 1 0 0 
0 1 0 0 0 
0 0 1 0 0 
0 1 0 0 0 
0 1 0 0 0 
1 0 0 0 0 
0 0 0 0 1 
1 0 0 0 0 
1 0 0 0 0 
0 0 1 0 0 
1 0 0 0 0 
0 0 1 0 0 
0 0 0 0 1 
0 1 0 0 0 
0 0 1 0 0 
0 0 0 1 0 
0 1 0 0 0 
0 1 0 0 0 
0 0 0 0 1 
0 0 0 0 1 
0 0 0 0 1 
1 0 0 0 0 
0 1 0 0 0 
1 0 0 0 0 
1 0 0 0 0 
0 0 0 1 0 
0 1 0 0 0 
0 0 1 0 0 
0 0 0 1 0 
0 1 0 0 0 
0 0 1 0 0 
1 0 0 0 0 
0 1 0 0 0 
0 0 1 0 0 
0 1 0 0 0 
0 0 0 0 1 
1 0 0 0 0 
1 0 0 0 0 
1 0 0 0 0 
1 0 0 0 0 
1 0 0 0 0 
0 1 0 0 0 
0 0 0 1 0 
1 0 0 0 0 
