5 150
0.347797
0.655286
0.331469
0.333819
0.503227
10.8592 0.42326
10.4565 0.665007
10.3444 0.674661
9.6147 1.02188
9.27414 0.853332
9.162 1.09832
9.04804 0.616035
8.87877 0.523409
8.4692 1.11585
7.99275 1.59712
7.91844 1.59028
7.88863 0.924979
7.82178 1.67181
7.56487 0.13164
7.56006 1.32302
7.49656 2.47983
7.45317 1.86633
7.33908 2.55736
7.17673 2.62936
7.15846 0.452008
6.83621 2.12972
6.76279 2.11796
6.61812 2.07706
6.61645 2.566
6.35258 2.28038
6.15489 1.71035
5.92081 1.61168
5.76377 2.17958
5.63985 2.52017
5.5767 3.15763
5.28213 3.51865
5.26165 3.20148
5.19754 3.99564
5.19396 3.95656
5.11291 3.39132
5.06919 2.78194
5.04279 3.68
4.90263 3.57483
4.85871 1.90643
4.41801 2.74346
4.40418 2.69971
4.30962 4.16912
4.09817 3.15138
4.09732 3.16425
4.02226 3.71093
3.96076 4.56136
3.86596 5.03491
3.86367 3.5722
3.77748 3.70022
3.72604 3.19543
3.71924 3.76352
3.47594 2.95635
3.44982 4.25102
3.4342 2.84045
3.40852 4.07756
3.32242 4.35469
3.32195 4.50316
3.28936 3.78647
3.12296 4.23591
3.02414 3.12516
2.98403 4.63958
2.97954 3.75969
2.95158 5.19458
2.95148 5.9524
2.95047 5.35285
2.88546 4.79067
2.8792 3.53413
2.80925 4.3941
2.66931 5.86563
2.65118 4.9994
2.62985 5.42083
2.58378 4.61362
2.57555 4.04577
2.51931 4.13299
2.47429 3.74577
2.25772 4.45565
2.22892 5.85109
2.22325 6.27031
2.15444 4.19508
2.12375 4.28657
2.00546 4.27295
1.98844 6.27025
1.92791 4.80397
1.86072 5.44691
1.81745 7.14862
1.79692 7.44414
1.70762 6.53294
1.59908 6.58736
1.58744 6.65379
1.5418 5.87882
1.53529 6.74855
1.41046 5.5244
1.39309 5.27342
1.36094 6.00713
1.26663 6.21134
1.25353 5.09592
1.22421 6.85987
1.18294 5.30344
1.17168 7.45626
1.08623 4.87446
0.959582 5.53667
0.923629 6.18251
0.896603 6.05452
0.845058 5.9913
0.804801 6.89467
0.766595 6.42416
0.762977 6.01336
0.75751 8.21574
0.72156 8.78326
0.700751 6.33372
0.698314 7.85468
0.687494 6.56616
0.654821 5.64418
0.623656 8.79067
0.615699 6.18617
0.557922 6.51766
0.511441 8.50436
0.501001 9.53626
0.476256 8.36694
0.452549 6.75517
0.343834 9.85611
0.315816 8.30884
0.282485 9.72964
0.258574 9.99949
0.243126 7.28667
0.228193 9.7291
0.220671 9.92076
0.203973 8.94266
0.182487 7.80233
0.164028 10.2057
0.129483 9.81867
0.128258 7.62555
0.125759 9.50059
0.125756 10.2087
0.107785 11.0738
0.0892803 10.8242
0.0872155 7.595
0.0855032 9.26369
0.0840534 9.25139
0.0631764 9.00108
0.0574544 8.94366
0.04578 9.32958
0.0325413 11.0581
0.0320543 9.76336
0.0271593 9.97975
0.0152371 11.6508
0.00947743 7.53939
0.00487843 9.3935
0.00446242 10.9732
0.0024261 9.30516
0 0 0.790421 0 0.209579 
0 0 0.449383 0.550617 0 
0 0.72016 0.27984 0 0 
0 0 0 0.416102 0.583898 
0 0 1 0 0 
1 0 0 0 0 
0 0 0 1 0 
0 0 0 1 0 
0 0.24856 0.485831 0 0.265609 
0 0.724253 0.275747 0 0 
0.290956 0.16797 0.35024 0 0.190834 
0 0 0 1 0 
0 0.593959 0 0 0.406041 
0 1 0 0 0 
0 0 0.708096 0 0.291904 
0 0 0 0 1 
0 0 1 0 0 
1 0 0 0 0 
0 0.518675 0 0.337473 0.143852 
0.52029 0 0.309358 0.170353 0 
0 0 0 0 1 
0 1 0 0 0 
0 0 1 0 0 
0 0 0 0 1 
0.226478 0 0 0.773522 0 
0 0.210843 0.341172 0.447985 0 
0.455408 0.544592 0 0 0 
0 0 0.142881 0.533724 0.323395 
0 0.280105 0.719895 0 0 
0 0 0 1 0 
0 0.729499 0.270501 0 0 
0 0.355422 0.23715 0 0.407428 
0 0 1 0 0 
0 0 1 0 0 
0 0 0 1 0 
0.230108 0 0 0.769892 0 
0 0 0 0 1 
0.350231 0.181782 0.467987 0 0 
0 0 0.318968 0 0.681032 
0 0 0 0.868267 0.131733 
0.191216 0.456163 0 0 0.35262 
0 0 0 0.224212 0.775788 
0 0 0 0 1 
0 0 1 0 0 
1 0 0 0 0 
0 0 1 0 0 
0.382914 0.23729 0 0.379797 0 
0.339267 0.356955 0 0.303778 0 
0 1 0 0 0 
0 0.497843 0.174671 0 0.327486 
0.517461 0 0.159635 0.322905 0 
0.387725 0.612275 0 0 0 
0.508477 0 0.491523 0 0 
0.101388 0.391067 0 0.143419 0.364127 
0 0 0 0 1 
0 0 0.526976 0.473024 0 
0.313642 0.466286 0 0 0.220071 
0 0.537232 0 0 0.462768 
0 0 0.208531 0.349381 0.442088 
0.112786 0.129847 0.427677 0.32969 0 
0.314349 0 0.68565 0 0 
0 0.231969 0.768031 0 0 
0 0.113838 0.487942 0 0.398221 
0 0.3641 0 0.6359 0 
1 0 0 0 0 
0 0.479228 0.520772 0 0 
0 0.197701 0.374809 0.202791 0.224698 
0 0.685922 0 0 0.314078 
0.283857 0.154706 0 0 0.561437 
0 0 0.444544 0.555456 0 
0 0 0.222367 0.432085 0.345548 
0.223195 0 0.776805 0 0 
0 0 0.606099 0 0.393901 
0 0 0.520136 0.479864 0 
0 0 0.770019 0.229981 0 
0.227766 0.252999 0.299166 0.220069 0 
0 0.343946 0.656054 0 0 
0 0 0 1 0 
1 0 0 0 0 
0.182768 0.28374 0 0.310769 0.222724 
0 0 0 0 1 
0 0 0.691654 0.308346 0 
0 0 0.413577 0 0.586423 
0 0 0.24311 0.473928 0.282962 
0 0.421551 0.578449 0 0 
0.353731 0 0 0.646269 0 
0 0.557783 0 0.442217 0 
0.299828 0 0.301944 0 0.398227 
0.255038 0.202044 0.305431 0.237486 0 
0.340515 0 0 0.271483 0.388003 
0.213946 0 0 0.786054 0 
0 0 0 1 0 
0.757233 0 0.242767 0 0 
0 0 0 0.638756 0.361244 
0 1 0 0 0 
0 0 1 0 0 
0 0 0 1 0 
0 0 0 1 0 
0.0886865 0.200776 0.340387 0.37015 0 
0.317105 0.169905 0 0.352527 0.160463 
0 0 0 0.738756 0.261244 
0 0 1 0 0 
0.476035 0.243269 0 0 0.280696 
0 0 0.755015 0 0.244985 
0 0.261176 0 0.738824 0 
0 0 1 0 0 
0.388454 0.611546 0 0 0 
0 0 0.613654 0 0.386346 
1 0 0 0 0 
0.115592 0.340708 0 0.238852 0.304848 
0.269495 0.376973 0.179677 0.173854 0 
0 0 0.811084 0 0.188916 
0.456421 0.401851 0 0 0.141728 
0 0 0 1 0 
0 0.545604 0 0 0.454396 
0.360082 0.492127 0 0 0.147791 
0 0 0 1 0 
0 1 0 0 0 
0 0 0 1 0 
0.705335 0 0 0.294665 0 
0 0 0.563035 0 0.436965 
0 0.322722 0.167056 0 0.510222 
0.352684 0 0.647316 0 0 
0.377284 0 0.363146 0 0.25957 
0 0 0 0 1 
0 0 0 0 1 
0.362076 0 0 0.637924 0 
0 1 0 0 0 
0 0 0 0.256951 0.743049 
0 0.479883 0.520117 0 0 
0 0.56485 0.43515 0 0 
0 1 0 0 0 
0.539197 0 0 0 0.460803 
0 0.516662 0 0 0.483339 
0 0.479944 0.142703 0.377353 0 
0.651957 0.348043 0 0 0 
1 0 0 0 0 
0 0.623582 0 0.376418 0 
0 0 0 1 0 
0 0 0.47652 0 0.52348 
0 0 1 0 0 
0 0 1 0 0 
0 1 0 0 0 
0 0 0.10276 0.201952 0.695288 
0.0823066 0.343957 0.244958 0.328778 0 
0 0.292792 0.707208 0 0 
0 0 0 1 0 
0 0 0 0.794209 0.205791 
0.461864 0 0.538136 0 0 
1 0 0 0 0 
