5 200
0.490516
0.252365
0.573801
0.6779
0.742325
11.0763 0.486538
10.2963 0.575357
10.2858 1.0488
10.1817 0.690495
10.0062 0.68951
9.98712 0.31212
9.62415 0.357217
9.40845 1.04457
9.35247 1.08824
9.03123 1.10801
8.98972 1.50472
8.93856 0.688407
8.92391 1.02321
8.82632 0.800838
8.8235 0.371968
8.58108 1.24254
8.57279 1.60563
8.20708 0.768795
8.002 1.68701
7.88503 0.111963
7.76044 0.407557
7.52358 0.39749
7.43326 1.47475
7.43273 1.12832
7.40688 0.196148
7.33598 0.517841
7.32732 1.47967
7.20803 1.70013
7.1687 0.507415
7.14426 0.747243
7.00884 0.820388
6.864 2.32359
6.82518 2.91009
6.74808 1.41045
6.73925 0.433467
6.68983 0.430647
6.54418 0.662806
6.51635 2.33082
6.50177 1.69481
6.43925 1.53176
6.42219 2.26506
6.41104 1.95721
6.24828 2.01375
6.18462 1.11624
6.11182 2.2262
6.10491 1.18885
6.10045 2.98821
6.07885 1.38047
6.02907 2.56946
5.86217 2.70058
5.5341 2.08987
5.4737 3.474
5.32588 1.94854
5.28933 3.38172
5.1895 2.66632
5.05525 3.33382
5.02103 1.85831
4.99572 3.10266
4.97948 2.61313
4.96278 2.0013
4.94574 3.49105
4.6643 2.12666
4.48234 3.56136
4.30526 3.88898
4.29482 3.12644
4.28864 3.53561
4.2293 2.89509
4.2292 3.5727
4.05772 3.42666
4.01904 3.32473
3.96545 2.71526
3.93447 4.85693
3.74931 3.85299
3.73154 2.56571
3.70815 5.10479
3.68205 2.49216
3.65819 2.77012
3.64185 4.54972
3.62522 2.92476
3.60184 3.83247
3.56159 3.93775
3.45243 4.23086
3.43496 3.68255
3.41116 4.15734
3.16108 3.26761
3.10533 3.02532
2.99122 5.08385
2.98289 3.99804
2.89771 3.96679
2.80292 3.72102
2.74323 5.74717
2.63116 3.82564
2.52929 5.00962
2.52534 3.82111
2.52019 5.45176
2.51634 6.76069
2.51288 4.3094
2.48758 4.48224
2.43638 5.51913
2.43248 4.52309
2.40336 4.91308
2.39893 5.39566
2.39514 3.99197
2.34773 4.50616
2.22048 4.65867
2.0919 4.84873
1.94453 6.30305
1.92303 5.14052
1.85637 6.06888
1.75874 5.52199
1.73901 5.1696
1.71862 6.31362
1.70334 4.8032
1.61974 4.6656
1.61226 6.96334
1.59992 4.89409
1.52078 4.96343
1.5194 6.02787
1.51041 5.25179
1.49107 5.42013
1.46294 5.8517
1.43406 4.8442
1.43318 6.29209
1.37641 5.44499
1.31251 7.71842
1.24024 7.1069
1.23015 5.70527
1.21717 6.44089
1.11474 7.04311
1.08836 6.64361
1.07289 6.50973
1.07042 8.5674
1.03551 7.48829
1.00892 5.53643
0.993253 7.43829
0.965088 6.80977
0.943759 8.26526
0.930062 7.82636
0.910699 8.13102
0.907681 7.00302
0.857049 6.83697
0.823748 8.57738
0.805644 6.75838
0.764919 6.15776
0.762115 7.64781
0.752756 7.53974
0.73822 5.74698
0.728881 5.59967
0.724488 7.16861
0.641401 6.1473
0.609745 8.17596
0.58591 6.90224
0.580453 6.59682
0.569266 6.90588
0.546792 6.46494
0.545461 8.15181
0.525234 6.68109
0.505985 9.60955
0.488796 7.64819
0.484506 7.44985
0.437259 7.17737
0.435437 8.35116
0.404238 6.40178
0.391459 7.73753
0.379399 8.22261
0.375842 7.17468
0.349623 7.93778
0.343216 6.37046
0.292842 8.26421
0.274515 9.31095
0.267572 10.3319
0.236752 9.20238
0.228888 8.86847
0.217457 6.95545
0.185115 9.98777
0.179086 9.95852
0.178013 7.41785
0.169416 10.1621
0.16916 8.99023
0.16483 6.89263
0.147071 7.95047
0.142745 8.74051
0.142325 9.32916
0.133086 7.17903
0.127887 7.11454
0.104062 10.7158
0.0921459 7.87877
0.0912694 6.94389
0.0894215 7.02095
0.0888439 10.6967
0.0848151 7.83855
0.0573048 8.20754
0.0508352 9.7373
0.0477609 11.3084
0.0331434 8.61814
0.0321665 8.75215
0.023389 7.37293
0.0061915 8.74142
0.00364084 8.67965
0.00126143 9.73231
0 0 0 1 0 
0 0 0 0 1 
0 1 0 0 0 
0 1 0 0 0 
0 0 1 0 0 
1 0 0 0 0 
0 0 0 1 0 
0 1 0 0 0 
0 1 0 0 0 
0 0 0 0 1 
1 0 0 0 0 
1 0 0 0 0 
0 0 0 0 1 
0 0 1 0 0 
0 0 0 1 0 
0 0 0 0 1 
0 1 0 0 0 
0 0 0 0 1 
1 0 0 0 0 
0 0 0 1 0 
0 0 0 0 1 
1 0 0 0 0 
0 1 0 0 0 
0 0 1 0 0 
0 1 0 0 0 
0 0 0 1 0 
1 0 0 0 0 
0 0 1 0 0 
0 0 0 0 1 
0 0 0 0 1 
0 0 1 0 0 
0 0 0 0 1 
1 0 0 0 0 
0 0 1 0 0 
0 1 0 0 0 
0 0 0 1 0 
0 0 1 0 0 
0 0 0 1 0 
0 0 0 1 0 
1 0 0 0 0 
0 0 0 1 0 
0 1 0 0 0 
0 1 0 0 0 
1 0 0 0 0 
1 0 0 0 0 
0 0 0 1 0 
0 1 0 0 0 
0 1 0 0 0 
0 1 0 0 0 
0 0 1 0 0 
0 1 0 0 0 
0 0 0 1 0 
0 0 0 0 1 
1 0 0 0 0 
0 0 0 0 1 
0 0 1 0 0 
0 0 0 1 0 
1 0 0 0 0 
0 0 0 0 1 
0 0 1 0 0 
0 0 0 0 1 
0 0 0 1 0 
1 0 0 0 0 
1 0 0 0 0 
0 0 1 0 0 
0 1 0 0 0 
0 0 0 1 0 
0 1 0 0 0 
0 0 0 1 0 
0 0 0 1 0 
0 0 0 1 0 
0 1 0 0 0 
0 0 0 1 0 
0 1 0 0 0 
0 1 0 0 0 
0 0 0 1 0 
0 0 0 1 0 
0 0 1 0 0 
0 0 0 1 0 
0 0 1 0 0 
0 1 0 0 0 
0 0 0 0 1 
1 0 0 0 0 
1 0 0 0 0 
0 0 0 0 1 
1 0 0 0 0 
1 0 0 0 0 
0 0 0 0 1 
0 0 0 1 0 
1 0 0 0 0 
0 0 1 0 0 
0 0 0 0 1 
0 1 0 0 0 
0 0 1 0 0 
0 1 0 0 0 
0 0 1 0 0 
0 0 1 0 0 
0 1 0 0 0 
0 0 0 1 0 
0 1 0 0 0 
0 1 0 0 0 
0 1 0 0 0 
0 0 0 0 1 
0 1 0 0 0 
0 0 1 0 0 
0 0 0 0 1 
0 0 1 0 0 
0 0 0 1 0 
1 0 0 0 0 
0 1 0 0 0 
0 1 0 0 0 
0 0 0 0 1 
1 0 0 0 0 
1 0 0 0 0 
0 1 0 0 0 
0 0 1 0 0 
0 0 1 0 0 
0 1 0 0 0 
0 1 0 0 0 
0 1 0 0 0 
0 0 0 0 1 
0 0 1 0 0 
0 1 0 0 0 
0 0 0 1 0 
0 0 0 0 1 
0 0 1 0 0 
1 0 0 0 0 
1 0 0 0 0 
0 0 1 0 0 
0 0 0 1 0 
0 0 1 0 0 
0 0 0 1 0 
0 0 0 0 1 
0 1 0 0 0 
0 0 0 0 1 
0 0 0 1 0 
0 0 0 1 0 
0 1 0 0 0 
0 1 0 0 0 
0 1 0 0 0 
1 0 0 0 0 
0 1 0 0 0 
0 0 0 1 0 
0 0 0 1 0 
0 0 1 0 0 
0 0 1 0 0 
1 0 0 0 0 
1 0 0 0 0 
0 0 0 0 1 
0 1 0 0 0 
0 1 0 0 0 
0 0 0 0 1 
1 0 0 0 0 
0 0 1 0 0 
0 1 0 0 0 
0 0 0 1 0 
0 0 0 1 0 
0 0 1 0 0 
0 0 0 0 1 
0 1 0 0 0 
0 0 0 1 0 
0 1 0 0 0 
0 1 0 0 0 
0 0 1 0 0 
0 0 0 0 1 
0 0 0 0 1 
0 0 0 0 1 
0 1 0 0 0 
0 0 0 0 1 
0 0 0 1 0 
0 0 0 0 1 
0 0 0 1 0 
1 0 0 0 0 
0 0 0 0 1 
0 0 0 0 1 
1 0 0 0 0 
1 0 0 0 0 
0 0 0 0 1 
0 1 0 0 0 
0 1 0 0 0 
0 0 1 0 0 
0 1 0 0 0 
1 0 0 0 0 
0 0 1 0 0 
1 0 0 0 0 
0 0 0 1 0 
0 0 0 1 0 
1 0 0 0 0 
0 0 1 0 0 
0 0 0 0 1 
0 0 0 1 0 
0 0 0 1 0 
0 0 0 1 0 
1 0 0 0 0 
0 0 1 0 0 
0 0 0 1 0 
0 0 0 0 1 
0 1 0 0 0 
1 0 0 0 0 
0 0 1 0 0 
