5 150
0.716094
0.327288
0.291414
0.606075
0.489998
11.1598 0.154148
11.1145 0.136519
11.0868 0.204176
9.75681 0.732991
9.56052 0.880535
9.06007 0.500595
8.90908 0.170223
8.80685 0.202686
8.75318 0.721601
8.54533 0.154519
8.35869 1.90471
8.26476 1.28022
8.25035 0.488531
8.11367 0.585243
8.09872 2.14398
7.9218 0.616459
7.77389 0.723671
7.76537 0.51553
7.62368 1.45576
7.56523 1.17847
7.1675 1.78658
7.166 1.32237
7.14627 1.38173
7.10364 0.517268
6.98522 0.969551
6.78044 3.02905
6.50069 2.38406
6.42624 1.20882
6.39887 1.11083
6.37446 1.75853
6.29745 1.56766
6.288 2.72168
6.24199 1.77017
6.17241 1.55344
6.05169 2.58948
5.65096 3.27603
5.40615 3.49148
5.40355 3.73564
5.2662 2.66394
5.21739 2.24875
4.93658 3.54852
4.91445 2.8142
4.90898 2.62545
4.6115 3.64294
4.55811 3.2182
4.49471 2.95618
4.47291 2.57091
4.46553 3.70006
4.44153 2.20619
4.43319 3.24978
4.20577 4.12425
4.08579 4.07687
4.07812 3.1216
3.98933 2.83645
3.96906 3.53825
3.93508 2.74134
3.82184 3.87522
3.77851 2.95084
3.76209 4.20269
3.65415 3.27218
3.63423 4.08896
3.59547 4.20723
3.58297 3.85871
3.50855 4.04991
3.38753 4.46133
3.37427 3.60831
3.27304 3.72326
3.24705 5.23509
3.22262 4.15231
3.22232 3.86949
3.08689 4.93833
3.0789 5.02957
3.01573 3.46386
2.963 4.01079
2.89963 4.06566
2.81303 4.54157
2.79329 4.83038
2.729 5.12739
2.58005 5.73109
2.57743 5.66206
2.44709 5.06607
2.29625 4.66638
2.25369 4.72458
2.21288 4.10401
2.09943 5.87629
2.0903 6.2023
2.04716 6.79087
2.00834 6.03062
1.96478 5.30135
1.96438 5.48703
1.84622 5.0883
1.84001 7.36623
1.72312 5.69328
1.67671 5.7782
1.64025 6.87541
1.60873 7.42664
1.60557 6.94193
1.59159 6.49401
1.48693 6.72251
1.47035 6.58468
1.36303 5.72387
1.29833 5.66506
1.28623 6.67997
1.23149 5.17199
1.02449 5.62665
0.879858 5.42381
0.818424 6.22826
0.805694 8.13645
0.742685 6.84244
0.704376 8.20952
0.688343 7.93442
0.640279 5.90454
0.603716 7.77889
0.578999 6.74802
0.556163 5.98528
0.547213 6.12674
0.514787 7.69032
0.487201 8.64764
0.476532 6.61375
0.468909 8.27931
0.455368 6.26203
0.44369 8.63431
0.400059 6.24465
0.398063 7.34129
0.373083 8.42411
0.344436 7.90909
0.32471 8.21406
0.301992 9.78915
0.293251 6.44895
0.219842 8.32457
0.163637 10.6049
0.132811 7.75389
0.112305 10.5429
0.107575 7.28606
0.104641 10.5487
0.092067 9.72133
0.0669903 10.3102
0.0530072 9.92403
0.0517761 9.7029
0.050037 10.7958
0.0483989 9.69982
0.0462659 7.03072
0.0322256 8.73657
0.0274669 7.28807
0.0194328 9.68007
0.0102519 10.9178
0.00807717 12.1014
0.00775903 10.5207
0.00330906 11.6075
0.00121735 10.5021
0 0 0 0 1 
0 0 0 0.385981 0.614019 
0 0.51813 0.200293 0.281577 0 
0.245584 0 0 0.754416 0 
0.590736 0.409264 0 0 0 
0 0 0 1 0 
0 0 0 1 0 
0 0.37235 0 0 0.62765 
0 0 0 1 0 
0.201606 0.798394 0 0 0 
0 0 0 0 1 
0 1 0 0 0 
0 0.11615 0 0.88385 0 
0 0 0 1 0 
1 0 0 0 0 
0 0 0 1 0 
0 0 0 0 1 
1 0 0 0 0 
0 1 0 0 0 
0 1 0 0 0 
0 0.475807 0.524193 0 0 
0 0 0 0.312975 0.687025 
0 0 1 0 0 
1 0 0 0 0 
1 0 0 0 0 
0 0 0 0.480211 0.519789 
0 0 0 0.323399 0.676601 
0.375516 0 0.538938 0.0855456 0 
0 0 0 0 1 
0.189459 0.51732 0 0 0.293221 
0 0 1 0 0 
0 0.563544 0 0 0.436456 
0 0 0.589267 0 0.410733 
0 0 0 0 1 
0 0 0 1 0 
0.32417 0.395785 0.280046 0 0 
0 0 0 1 0 
0 0 0 1 0 
0.118319 0 0 0 0.881681 
0.18931 0 0.81069 0 0 
0.601986 0 0 0.398014 0 
0.610085 0 0 0 0.389915 
0 0 0 0.719002 0.280998 
0.493377 0 0.506623 0 0 
0 1 0 0 0 
0 0 0.266151 0 0.733849 
0.41662 0 0.349419 0 0.23396 
0.755829 0 0.244171 0 0 
1 0 0 0 0 
1 0 0 0 0 
1 0 0 0 0 
0 0.541232 0.458768 0 0 
0 0 1 0 0 
0 1 0 0 0 
0.194751 0.805249 0 0 0 
0 0 1 0 0 
0 0.489171 0 0 0.510829 
0 0 0 1 0 
1 0 0 0 0 
0 0.376327 0 0.623673 0 
0 0 0 0 1 
0 0 0.619765 0 0.380235 
0 0 0 1 0 
0 0 0.579837 0.420163 0 
0 1 0 0 0 
0 0 0 1 0 
0 1 0 0 0 
0 0.798467 0 0 0.201533 
0 0.750829 0.249171 0 0 
0.871922 0 0 0 0.128078 
0 0 0 0.361309 0.638691 
0.487245 0 0 0 0.512755 
1 0 0 0 0 
1 0 0 0 0 
0 0 0 1 0 
0 0 0.555671 0.444329 0 
0 0 0 1 0 
1 0 0 0 0 
0 0 0.479118 0.321542 0.19934 
0 0 0.459823 0 0.540177 
1 0 0 0 0 
0.233872 0.364106 0 0.402023 0 
0 0 0 0 1 
0 1 0 0 0 
1 0 0 0 0 
1 0 0 0 0 
0 0.373349 0 0.357928 0.268724 
0 0.087443 0.55128 0.361277 0 
1 0 0 0 0 
0 0 1 0 0 
1 0 0 0 0 
0 0 1 0 0 
0 0 1 0 0 
0 0 0 0 1 
0 1 0 0 0 
0 0 0 0 1 
0 0.85245 0.14755 0 0 
0 1 0 0 0 
1 0 0 0 0 
0 0 0 0 1 
0 0 1 0 0 
0 0 1 0 0 
0 0.308193 0.691807 0 0 
1 0 0 0 0 
0.434968 0 0 0 0.565032 
0 0 0.173092 0.259001 0.567907 
0.261755 0 0.738245 0 0 
0 0 0 1 0 
1 0 0 0 0 
0 0 0 0 1 
0 0 0 0 1 
0 0.311483 0 0 0.688517 
0 0 0 1 0 
0 0 1 0 0 
0 0 1 0 0 
1 0 0 0 0 
0 0 0 0 1 
0 0 0.570573 0.429427 0 
0 0 0 1 0 
0 0 0 1 0 
0 0 0 1 0 
0 0.479513 0 0 0.520487 
0 0 0.418197 0 0.581803 
0.594321 0 0 0.405679 0 
0 0 0 0.239817 0.760183 
0 0.557156 0.26972 0.173124 0 
0 0 0.2516 0 0.7484 
0 0 1 0 0 
0 0 0 0 1 
1 0 0 0 0 
0.244459 0 0 0.755541 0 
0 0 0 0 1 
0.279045 0.38456 0 0 0.336395 
1 0 0 0 0 
0 0 0 1 0 
0 0 0 1 0 
0.575742 0 0.424258 0 0 
0 0 0 1 0 
0 0.14843 0.517276 0 0.334294 
1 0 0 0 0 
0 0 1 0 0 
1 0 0 0 0 
0 0 0.341453 0 0.658547 
0 0 1 0 0 
0 0 0 1 0 
0 0.371745 0.396615 0.23164 0 
0 0 0 1 0 
1 0 0 0 0 
0 1 0 0 0 
0 0 0 1 0 
