5 150
0.406133
0.494575
0.294527
0.430074
0.473594
11.2293 0.458961
10.8459 0.148406
10.2387 0.238452
10.1214 0.218618
10.0598 0.758025
9.86736 0.37994
9.43268 1.21614
9.36882 1.02655
9.30076 1.43665
9.05094 0.136144
8.78748 0.177354
8.78037 0.122905
8.56566 1.05322
8.29552 0.725677
7.98952 0.384361
7.97647 0.603613
7.92216 1.35761
7.63992 0.145555
7.40415 0.268754
7.29459 1.32631
7.05804 2.14539
7.00648 1.31981
6.96787 0.590216
6.80412 2.86556
6.70463 0.65956
6.65205 2.93002
6.58719 3.08589
6.48006 1.21143
6.44596 3.10726
6.4092 2.35239
6.3068 1.26683
6.22036 2.02968
6.21036 2.019
6.07563 2.01281
6.0258 1.67863
5.83227 1.23632
5.74639 2.831
5.70239 2.13229
5.69924 2.44441
5.39166 3.40135
5.28436 1.84233
5.19368 3.12543
5.11725 2.21492
5.0548 2.60731
4.93391 2.93522
4.75916 3.3182
4.75147 2.43134
4.71965 2.48783
4.67797 4.48809
4.67037 2.21956
4.58736 3.51783
4.52056 2.90843
4.42872 3.5025
4.3233 4.77668
4.27265 3.53898
4.21905 3.55907
4.21018 3.48593
4.02989 3.64111
3.98312 3.30344
3.76519 3.68962
3.75503 4.11349
3.68679 4.63209
3.68577 3.52693
3.66635 3.18039
3.6464 5.53241
3.54576 4.54312
3.47066 4.05086
3.31187 4.23332
3.26048 4.40837
3.22679 4.80387
3.20146 4.22239
3.11686 5.90257
3.0625 3.88561
2.955 5.93333
2.88726 2.96429
2.81702 4.42271
2.72745 4.17541
2.70689 4.00502
2.68049 4.85489
2.59843 6.1649
2.56434 4.4108
2.48311 5.80436
2.4661 4.50582
2.4275 3.86168
2.3767 6.02655
2.31612 3.50727
2.26008 5.67762
2.25116 5.73987
2.21604 5.54141
1.99621 6.0823
1.78964 5.80655
1.75208 6.79487
1.71799 5.9917
1.71488 5.09979
1.54299 6.25862
1.49555 5.13877
1.47257 5.3705
1.45873 6.48885
1.43825 6.59402
1.35664 5.39491
1.28682 6.45655
1.22187 5.99747
1.16836 5.47975
1.12978 7.36189
0.975267 6.28134
0.918704 7.34885
0.909355 6.92803
0.898892 6.20716
0.870925 6.55892
0.665642 8.43487
0.613419 6.93121
0.520282 9.55667
0.520002 9.33811
0.502915 6.39896
0.498781 8.82216
0.487061 6.10827
0.444077 7.75569
0.404087 8.56051
0.389569 7.91322
0.351665 8.46707
0.312753 9.44548
0.295573 8.84217
0.270765 6.76956
0.264586 9.64628
0.23915 9.10197
0.221711 6.81946
0.219218 6.60697
0.166959 9.18395
0.159157 8.67302
0.114333 7.97027
0.0716071 7.3736
0.0635098 8.80487
0.0590194 9.32393
0.0583649 9.61976
0.0558686 8.90321
0.0436816 7.38558
0.0425626 8.54928
0.0325936 11.0977
0.0305829 10.8595
0.0280701 10.8413
0.0206151 11.1252
0.0192906 7.27505
0.0189845 11.401
0.0163601 10.5406
0.0151661 7.37635
0.012329 9.35576
0.0118138 11.8487
0.0104306 11.8292
0.00802916 11.6273
0.00136148 7.8346
0.602919 0 0 0 0.397081 
0 1 0 0 0 
0.710766 0.289234 0 0 0 
0 0.09807 0.434886 0 0.467044 
0 0 0 1 0 
0.208143 0.293784 0.498073 0 0 
0 0 0 0 1 
0 1 0 0 0 
0 0 0 0 1 
0 1 0 0 0 
0 0.433355 0 0 0.566645 
0 0.32214 0.677859 0 0 
0 0.506553 0.298072 0 0.195375 
0 0.464471 0.535529 0 0 
0 1 0 0 0 
1 0 0 0 0 
0 0 0 1 0 
0 0 1 0 0 
0 0 0.478354 0.521646 0 
0 0 1 0 0 
0 0 0 0.774249 0.225751 
0 0 0 1 0 
0 1 0 0 0 
0 0 0 1 0 
0 0.388817 0.318746 0 0.292437 
0 1 0 0 0 
1 0 0 0 0 
0 0 1 0 0 
1 0 0 0 0 
0.466448 0 0.533552 0 0 
0.592872 0 0.407128 0 0 
0 0 0 1 0 
0 0 0 0 1 
0.520359 0 0.479641 0 0 
0 0.363902 0.331899 0 0.304199 
0 0.350825 0 0 0.649175 
0 0 0 0 1 
1 0 0 0 0 
0 0.311295 0 0 0.688705 
0 0 0.412703 0 0.587297 
0 0 1 0 0 
0.168134 0 0 0.831866 0 
1 0 0 0 0 
0 1 0 0 0 
1 0 0 0 0 
0 0 0 0 1 
0 0 0 1 0 
0 1 0 0 0 
0.512396 0 0 0.487604 0 
0 0.078161 0.468802 0.453037 0 
0 0 1 0 0 
0 0 1 0 0 
0 0 0 1 0 
1 0 0 0 0 
0 0 1 0 0 
0 1 0 0 0 
0 0 0 1 0 
0 0 0 1 0 
0 0 0 0 1 
0 0 1 0 0 
0 0.321635 0 0.0774778 0.600887 
0.459587 0 0 0 0.540413 
0 0 0.651799 0.185683 0.162518 
0 0 0 0 1 
0 0 0 0 1 
0 1 0 0 0 
0 0 0 1 0 
0 1 0 0 0 
0 0.61664 0.38336 0 0 
0 0 0 1 0 
0.381823 0 0 0.106704 0.511473 
0 0 0 0 1 
0 0 0 0 1 
1 0 0 0 0 
0 0 0.593294 0 0.406706 
0 0 0.221743 0.488217 0.29004 
0.21164 0.36756 0 0 0.4208 
0 0.545446 0 0 0.454554 
0 0 1 0 0 
0 1 0 0 0 
1 0 0 0 0 
0 0 1 0 0 
0.509667 0.490333 0 0 0 
0.503872 0 0 0.496128 0 
0 0 0 0 1 
1 0 0 0 0 
0 0 1 0 0 
0.673938 0.326062 0 0 0 
0 1 0 0 0 
0 0 0 1 0 
0 0 1 0 0 
0 0.45662 0 0 0.54338 
0 0 0 1 0 
0 0 0 0 1 
0 1 0 0 0 
0 0 0.378798 0 0.621202 
1 0 0 0 0 
0.29521 0 0 0 0.70479 
0 0 0 0 1 
0 1 0 0 0 
0 0 1 0 0 
0 0 0 0 1 
0 0.148712 0 0 0.851288 
0.815775 0 0 0 0.184225 
0 0 0.666205 0.333795 0 
0 0 1 0 0 
0.230531 0 0.55862 0 0.210849 
0.262774 0 0 0 0.737226 
0 0 0.345235 0.343503 0.311262 
0 1 0 0 0 
0 0 0.53283 0.46717 0 
0 0 0 0.342474 0.657526 
0 0 0 1 0 
0 0 0.282445 0 0.717555 
0 0 0 0 1 
0 0.376907 0.623093 0 0 
0 1 0 0 0 
0 0 0 0 1 
0 0 1 0 0 
0 0 0.578069 0.421931 0 
0 0.091633 0.495284 0.413083 0 
1 0 0 0 0 
0 0 0.173861 0 0.826139 
0.266646 0.402728 0 0.330626 0 
0 1 0 0 0 
0 0.241429 0 0.758571 0 
1 0 0 0 0 
0 0 0 0 1 
0 0 0 1 0 
0 0.561124 0 0.438876 0 
1 0 0 0 0 
0 0 1 0 0 
0 0 0.554589 0.445411 0 
1 0 0 0 0 
1 0 0 0 0 
0 0 0 0 1 
0 0 1 0 0 
1 0 0 0 0 
0 0 0.466931 0.533069 0 
0 1 0 0 0 
0 0.172975 0.280875 0 0.54615 
0 0.54752 0 0 0.45248 
1 0 0 0 0 
0 1 0 0 0 
0.249517 0 0 0.750483 0 
0.486927 0 0 0 0.513073 
0 0 0 0 1 
0 0 1 0 0 
0.798573 0.201427 0 0 0 
1 0 0 0 0 
