5 100
0.695112
0.625484
0.556787
0.733139
0.630932
11.5295 0.215226
11.4304 0.437031
11.037 0.235944
9.93599 1.11425
9.57918 0.321781
8.26902 0.654585
8.08465 1.01957
7.90227 0.670237
7.78056 1.55673
7.73586 1.35161
7.52373 1.74679
7.46118 0.684622
7.42199 1.71187
7.09167 1.60418
6.90551 0.986644
6.81896 1.78273
6.48123 1.07576
6.26312 2.23457
5.89617 2.7736
5.77132 2.65957
5.6463 2.49406
5.47256 3.93536
5.43089 1.93822
5.38954 1.78509
5.11232 3.27834
4.95362 4.05315
4.54196 2.51223
4.46857 4.72218
4.28622 2.56895
4.04317 3.09075
4.01828 4.03686
3.97855 3.67873
3.95936 3.794
3.90729 2.76607
3.72577 3.4144
3.70227 2.66593
3.69192 2.96845
3.60073 3.30803
3.46665 4.56148
3.30272 4.1319
3.23605 3.78461
3.23572 4.57194
3.21908 4.54577
3.20247 3.81055
3.1753 4.70533
3.04551 4.34762
2.91525 4.35868
2.85641 5.88188
2.81201 3.97921
2.78284 5.84118
2.53431 6.50912
2.4288 4.61937
2.33484 5.58821
2.32943 4.60608
2.23922 5.35576
2.08645 5.26793
1.88104 4.95637
1.76479 5.34851
1.71113 6.4487
1.69115 5.49652
1.6411 5.46591
1.62375 6.91585
1.4219 7.00781
1.39251 5.14088
1.3739 6.35569
1.13389 7.44889
1.04237 7.91832
0.901554 5.40034
0.661254 5.3692
0.60297 8.22814
0.542718 9.60199
0.539066 6.31961
0.502303 6.29341
0.499361 8.99782
0.430993 6.08768
0.40852 8.41684
0.403304 9.52273
0.380258 7.62264
0.293733 7.39752
0.246575 7.35409
0.211614 7.21767
0.162381 8.91335
0.158698 7.46018
0.154308 10.5181
0.144712 7.95392
0.109947 10.7217
0.0725408 7.56431
0.0589536 6.9698
0.0532705 11.4382
0.050991 7.50106
0.0486979 9.20276
0.0458347 10.7184
0.036182 7.73941
0.0358987 9.15603
0.0323156 11.5568
0.0254742 10.8561
0.0140561 8.18908
0.0130424 9.55951
0.00281552 8.42432
0.00257879 10.4567
1 0 0 0 0 
1 0 0 0 0 
0 0 0 1 0 
1 0 0 0 0 
0 0 0 0 1 
0 1 0 0 0 
1 0 0 0 0 
0 1 0 0 0 
0 1 0 0 0 
0 1 0 0 0 
0 1 0 0 0 
0 0 1 0 0 
0 0 0 1 0 
0 0 0 0 1 
0 0 1 0 0 
0 1 0 0 0 
0 0 0 0 1 
0 0 1 0 0 
1 0 0 0 0 
0 1 0 0 0 
0 0 0 0 1 
1 0 0 0 0 
0 0 1 0 0 
0 0 1 0 0 
0 0 0 1 0 
1 0 0 0 0 
0 0 0 1 0 
1 0 0 0 0 
1 0 0 0 0 
1 0 0 0 0 
0 0 1 0 0 
1 0 0 0 0 
0 0 1 0 0 
0 0 0 0 1 
0 1 0 0 0 
0 1 0 0 0 
0 1 0 0 0 
0 0 0 1 0 
0 0 0 1 0 
0 1 0 0 0 
0 1 0 0 0 
0 0 0 1 0 
1 0 0 0 0 
1 0 0 0 0 
0 0 1 0 0 
0 0 0 1 0 
1 0 0 0 0 
0 0 1 0 0 
0 0 0 1 0 
0 0 0 0 1 
0 0 0 0 1 
0 1 0 0 0 
0 0 0 0 1 
0 0 0 1 0 
0 0 1 0 0 
0 0 0 1 0 
0 0 1 0 0 
0 0 0 1 0 
0 0 0 1 0 
0 0 0 0 1 
0 0 1 0 0 
0 0 1 0 0 
0 0 0 1 0 
0 0 0 1 0 
0 0 0 1 0 
0 0 0 0 1 
0 0 0 1 0 
0 0 0 0 1 
0 0 1 0 0 
0 1 0 0 0 
0 0 0 0 1 
0 0 1 0 0 
0 1 0 0 0 
1 0 0 0 0 
0 0 1 0 0 
0 0 0 0 1 
0 0 0 0 1 
1 0 0 0 0 
0 0 1 0 0 
0 1 0 0 0 
0 0 0 0 1 
1 0 0 0 0 
0 0 0 0 1 
1 0 0 0 0 
1 0 0 0 0 
1 0 0 0 0 
0 0 0 0 1 
0 1 0 0 0 
0 1 0 0 0 
0 0 0 1 0 
0 1 0 0 0 
0 0 0 1 0 
0 1 0 0 0 
0 0 1 0 0 
0 0 0 1 0 
0 1 0 0 0 
1 0 0 0 0 
0 0 0 1 0 
1 0 0 0 0 
0 0 0 1 0 
