5 200
0.411351
0.563685
0.614238
0.546197
0.430807
11.0132 0.511758
10.7427 0.137635
10.3933 0.865619
10.2516 0.446577
9.89101 0.232172
9.87266 1.2328
9.44859 0.493173
9.24163 0.995109
9.04552 0.780639
8.92848 1.67619
8.75805 0.889028
8.72645 0.878956
8.69756 1.23424
8.39656 2.08485
8.26162 0.75608
8.21495 0.490553
8.16607 0.439375
8.09239 0.87206
8.06508 1.02539
8.04375 1.05287
8.03403 1.44844
7.98526 0.241422
7.94625 0.686502
7.93175 2.16157
7.77782 0.757586
7.76937 1.00983
7.66584 0.315939
7.22025 1.29776
6.80189 0.893456
6.79216 2.88606
6.78301 0.533332
6.78065 2.60372
6.69933 1.16253
6.58388 2.91064
6.54995 1.61904
6.48041 2.45084
6.44701 2.19794
6.32889 2.10146
6.31212 2.72057
6.26334 1.8763
6.25336 1.29323
5.85754 1.89395
5.68215 2.58028
5.6821 1.46389
5.63426 1.62641
5.50473 1.65683
5.47313 3.12567
5.42352 3.02491
5.38532 1.98924
5.28111 2.45874
5.11672 1.73378
5.04196 2.34547
5.01799 3.63618
4.98928 2.3252
4.97392 2.23518
4.92525 2.22912
4.81927 2.48491
4.75423 4.43425
4.74294 2.44671
4.63851 3.23853
4.62618 2.24056
4.61085 4.56524
4.59955 2.35334
4.56825 3.20659
4.4758 3.46512
4.39498 3.29017
4.33513 3.53325
4.24054 2.64454
4.16473 4.21324
4.10098 3.13041
4.02001 3.52249
3.95278 2.58285
3.80797 5.22954
3.68922 4.88154
3.68023 4.57607
3.60613 3.15642
3.58633 3.22137
3.56774 4.45999
3.53243 3.98143
3.46911 4.21943
3.46747 3.81872
3.39645 5.12039
3.28646 3.57756
3.26909 4.7695
3.20638 4.00118
3.14564 4.62714
3.13654 4.14391
3.09002 5.77612
3.08343 3.37626
3.03529 4.87639
3.01969 5.17902
2.75414 3.69682
2.69845 5.13411
2.66524 4.71645
2.59281 3.71585
2.3653 4.23392
2.34335 4.609
2.29793 6.25926
2.29678 5.68454
2.25146 5.27485
2.2175 5.48298
2.20797 5.17976
2.20213 5.68726
2.19321 6.18916
2.18835 5.33706
2.12526 5.19077
2.0341 4.7094
1.98907 4.62213
1.88082 7.32282
1.83411 5.69914
1.8309 7.30618
1.7973 4.35592
1.77024 4.95045
1.75204 6.88171
1.74133 5.18711
1.74013 6.47923
1.72904 5.179
1.70724 7.24681
1.59426 6.65663
1.52586 7.18891
1.4701 4.9561
1.47001 6.68027
1.46102 5.57979
1.44884 5.86852
1.41098 5.9548
1.39358 5.85209
1.3617 6.69958
1.35011 5.52055
1.34278 6.14387
1.25993 7.68642
1.24287 6.00025
1.17654 4.93388
1.17321 4.61212
1.14757 8.54195
1.06681 7.47298
1.06577 6.69109
1.0329 6.37732
0.995861 6.63751
0.995109 7.57191
0.879461 7.10202
0.865562 5.50739
0.830952 7.81217
0.784176 6.6381
0.741688 5.49341
0.638127 5.97804
0.623995 6.23788
0.615158 8.70273
0.583037 7.65308
0.571531 6.75717
0.5686 6.1251
0.560405 8.4067
0.534603 7.01447
0.509175 7.45278
0.500983 8.84933
0.468364 9.41596
0.440234 7.08924
0.429776 9.61759
0.429729 6.95898
0.41213 9.21214
0.382403 9.24535
0.366727 8.39768
0.364019 9.08308
0.352387 6.79396
0.347546 9.04464
0.282679 8.71388
0.257886 7.44442
0.257127 7.07192
0.242838 10.3954
0.242421 8.89424
0.235162 7.73988
0.214476 7.74414
0.203782 8.43151
0.20047 7.70672
0.19963 7.02545
0.181 10.2437
0.140787 9.5089
0.132169 7.37553
0.132028 8.27843
0.122497 10.8
0.109277 10.8769
0.10221 7.4589
0.0957832 11.2801
0.0823255 8.6069
0.077112 7.06566
0.0750837 10.103
0.0728973 7.09705
0.0636782 8.89503
0.0563784 10.5375
0.0559637 11.0586
0.0474634 9.75233
0.0473879 11.4715
0.0393033 11.7169
0.0359433 11.3515
0.0334204 10.993
0.0285843 10.6945
0.0191566 10.7122
0.0186722 8.53342
0.0101116 10.3187
0.00625648 11.5192
0.001301 10.3612
1 0 0 0 0 
0 1 0 0 0 
0 0 0 0 1 
0 0 1 0 0 
0 0 1 0 0 
0 0 0 0 1 
1 0 0 0 0 
0 0 0 1 0 
0 1 0 0 0 
0 0 0 1 0 
0 0 0 0 1 
0 1 0 0 0 
0 0 0 1 0 
1 0 0 0 0 
0 0 1 0 0 
0 0 0 0 1 
0 0 0 0 1 
0 0 0 1 0 
0 0 0 0 1 
0 0 0 1 0 
0 0 1 0 0 
0 1 0 0 0 
0 0 0 0 1 
0 0 0 1 0 
0 0 1 0 0 
0 0 0 1 0 
0 0 0 0 1 
1 0 0 0 0 
0 0 1 0 0 
0 0 0 0 1 
0 0 0 0 1 
0 0 0 0 1 
0 0 1 0 0 
0 0 0 0 1 
0 0 0 1 0 
1 0 0 0 0 
1 0 0 0 0 
0 0 1 0 0 
1 0 0 0 0 
0 1 0 0 0 
0 0 0 0 1 
0 0 1 0 0 
1 0 0 0 0 
0 0 1 0 0 
0 0 0 0 1 
1 0 0 0 0 
1 0 0 0 0 
0 0 0 0 1 
0 0 1 0 0 
0 0 0 1 0 
0 0 0 1 0 
0 1 0 0 0 
0 0 1 0 0 
0 0 0 0 1 
0 1 0 0 0 
0 0 0 0 1 
0 0 0 1 0 
0 1 0 0 0 
0 1 0 0 0 
0 0 0 0 1 
1 0 0 0 0 
1 0 0 0 0 
1 0 0 0 0 
0 0 0 0 1 
0 1 0 0 0 
0 0 0 0 1 
1 0 0 0 0 
0 0 1 0 0 
0 0 1 0 0 
1 0 0 0 0 
1 0 0 0 0 
0 1 0 0 0 
0 0 0 0 1 
0 1 0 0 0 
0 1 0 0 0 
0 0 1 0 0 
0 0 0 1 0 
0 1 0 0 0 
0 1 0 0 0 
0 0 0 1 0 
0 0 1 0 0 
0 0 1 0 0 
0 0 0 1 0 
0 1 0 0 0 
0 0 1 0 0 
0 1 0 0 0 
1 0 0 0 0 
0 0 1 0 0 
1 0 0 0 0 
0 1 0 0 0 
0 0 0 0 1 
0 0 1 0 0 
1 0 0 0 0 
0 0 1 0 0 
0 0 1 0 0 
0 0 1 0 0 
0 0 0 1 0 
0 1 0 0 0 
1 0 0 0 0 
0 1 0 0 0 
0 0 1 0 0 
0 1 0 0 0 
0 0 1 0 0 
0 0 0 0 1 
0 0 0 1 0 
0 1 0 0 0 
0 0 0 0 1 
0 1 0 0 0 
0 0 0 0 1 
0 0 0 0 1 
0 0 1 0 0 
0 1 0 0 0 
1 0 0 0 0 
1 0 0 0 0 
0 0 0 0 1 
1 0 0 0 0 
0 0 1 0 0 
0 0 1 0 0 
0 0 0 0 1 
0 0 0 1 0 
0 0 0 0 1 
0 0 0 1 0 
0 0 0 0 1 
1 0 0 0 0 
0 1 0 0 0 
1 0 0 0 0 
0 1 0 0 0 
0 1 0 0 0 
1 0 0 0 0 
0 0 0 0 1 
1 0 0 0 0 
1 0 0 0 0 
0 0 0 0 1 
0 0 1 0 0 
0 0 1 0 0 
0 0 1 0 0 
0 0 0 1 0 
0 1 0 0 0 
0 0 1 0 0 
0 0 1 0 0 
0 0 1 0 0 
0 0 0 0 1 
0 0 0 0 1 
0 1 0 0 0 
1 0 0 0 0 
0 0 0 1 0 
1 0 0 0 0 
1 0 0 0 0 
0 0 1 0 0 
0 0 0 0 1 
0 0 0 0 1 
0 0 1 0 0 
0 0 0 0 1 
0 0 1 0 0 
0 1 0 0 0 
0 0 0 1 0 
0 1 0 0 0 
0 0 0 0 1 
0 0 1 0 0 
0 0 0 0 1 
0 1 0 0 0 
0 0 1 0 0 
0 1 0 0 0 
0 0 0 1 0 
0 0 1 0 0 
0 1 0 0 0 
0 0 0 1 0 
1 0 0 0 0 
0 0 0 0 1 
0 0 1 0 0 
0 0 0 0 1 
1 0 0 0 0 
0 1 0 0 0 
0 0 1 0 0 
0 1 0 0 0 
0 0 0 0 1 
0 0 1 0 0 
0 0 1 0 0 
0 0 1 0 0 
0 0 0 0 1 
0 0 0 1 0 
0 0 1 0 0 
0 0 0 0 1 
0 0 0 1 0 
0 1 0 0 0 
0 1 0 0 0 
0 0 0 1 0 
0 1 0 0 0 
0 0 0 1 0 
0 0 1 0 0 
0 1 0 0 0 
0 0 0 0 1 
0 0 0 0 1 
0 0 1 0 0 
0 0 0 0 1 
0 0 0 0 1 
1 0 0 0 0 
1 0 0 0 0 
1 0 0 0 0 
0 1 0 0 0 
