5 150
0.283586
0.7238
0.506813
0.389637
0.667264
11.3539 0.435383
10.4019 0.236349
9.95713 1.16774
9.65192 0.810034
9.62323 0.159714
9.38233 0.226309
9.36123 0.130241
9.18955 0.215406
8.86914 0.745115
8.7437 1.77924
8.08389 1.19327
7.94524 1.32452
7.46894 0.225088
7.41434 1.8337
7.25379 1.12217
7.17509 1.33911
7.12403 1.53876
6.97741 1.53256
6.90102 2.26292
6.76733 1.59096
6.73545 1.33301
6.6702 2.55671
6.57418 1.72695
6.31969 1.41412
6.09465 0.902497
6.03573 1.84782
5.8945 3.56399
5.86421 1.77582
5.79506 1.56042
5.6565 2.72959
5.58988 2.50695
5.50174 1.51478
5.33901 1.44588
5.04259 4.24397
4.99317 2.70567
4.88236 3.75311
4.71193 2.92946
4.62997 3.04679
4.58058 3.22922
4.51447 3.175
4.42499 3.42877
4.39375 2.13619
4.31908 3.50278
4.26377 3.80606
4.19591 3.0186
4.15782 5.0319
4.13429 3.51863
4.04802 3.0484
3.85212 2.7025
3.83176 5.06126
3.73787 2.8031
3.7235 3.23852
3.54657 2.91749
3.54061 4.64912
3.53482 3.63942
3.45124 3.12793
3.42275 5.31243
3.34906 3.83343
3.28223 4.46342
3.23793 4.78822
3.14478 4.84162
3.07057 5.84216
3.0034 3.71017
2.9633 5.51091
2.94261 5.79749
2.90999 5.51
2.90737 5.81501
2.8463 4.72567
2.83724 4.17361
2.79433 3.16342
2.79413 4.28975
2.69923 4.20222
2.68088 5.45355
2.63313 6.32176
2.59591 4.35074
2.41188 3.40844
2.39167 5.00025
2.309 4.32921
2.24958 3.49437
2.19149 4.50659
2.04886 6.42563
1.977 6.16829
1.96993 4.81313
1.91305 4.64323
1.75505 5.29553
1.70884 6.09753
1.68324 6.59513
1.63168 6.10408
1.59717 7.548
1.58919 5.24367
1.57608 4.41077
1.57561 5.64858
1.53389 5.83201
1.45224 6.99566
1.38543 5.71547
1.35941 6.15085
1.32167 7.0994
1.31115 6.27218
1.22766 5.75769
1.21583 5.4732
1.13856 5.23816
1.03665 5.36267
1.00784 7.53329
0.974959 5.94031
0.93774 5.60664
0.924678 5.58308
0.777528 5.88827
0.763012 6.74226
0.744666 8.62944
0.629652 7.15717
0.612483 8.32806
0.595332 7.53563
0.534414 6.75497
0.512407 6.98217
0.495607 7.21721
0.481175 6.67771
0.42136 6.82556
0.402586 7.94444
0.382148 6.39127
0.378668 6.18755
0.350536 7.08275
0.302082 6.89359
0.297037 10.1509
0.230918 8.87094
0.230269 8.4476
0.223736 10.0202
0.214154 9.00413
0.198454 9.67808
0.174768 6.90717
0.163504 9.11459
0.143009 9.48098
0.120032 10.5963
0.107557 8.636
0.0964075 9.42483
0.0629512 9.08984
0.0628979 8.74958
0.059789 7.88679
0.0496701 9.09622
0.0434963 9.52222
0.0326076 7.26336
0.0267062 9.19112
0.0147763 7.90827
0.0130943 9.68558
0.0104496 11.9344
0.00598973 10.3218
0.00427482 11.3172
0.00210812 10.0226
0.00195905 9.41407
0.00172269 12.0957
0.00159413 10.6053
0 1 0 0 0 
0 0 0 0 1 
0 0 0 0 1 
0 1 0 0 0 
0 0 0 1 0 
0 0 0 1 0 
1 0 0 0 0 
1 0 0 0 0 
1 0 0 0 0 
0 0 0 1 0 
0 0 0 1 0 
0 0 0 0 1 
0 0 0 0 1 
0 0 1 0 0 
1 0 0 0 0 
0 0 1 0 0 
0 0 0 0 1 
0 0 0 0 1 
1 0 0 0 0 
0 0 1 0 0 
0 1 0 0 0 
0 0 0 1 0 
0 0 1 0 0 
1 0 0 0 0 
1 0 0 0 0 
0 0 0 0 1 
0 0 1 0 0 
1 0 0 0 0 
0 0 0 1 0 
1 0 0 0 0 
0 1 0 0 0 
0 1 0 0 0 
0 0 0 0 1 
0 0 0 1 0 
0 1 0 0 0 
0 0 1 0 0 
0 0 0 1 0 
0 0 0 0 1 
0 0 1 0 0 
0 0 0 0 1 
1 0 0 0 0 
0 0 0 0 1 
0 1 0 0 0 
0 0 0 0 1 
0 1 0 0 0 
1 0 0 0 0 
0 0 0 0 1 
0 0 0 0 1 
0 1 0 0 0 
0 1 0 0 0 
0 0 0 0 1 
0 0 1 0 0 
1 0 0 0 0 
1 0 0 0 0 
0 0 1 0 0 
0 0 0 1 0 
0 0 1 0 0 
0 0 0 1 0 
1 0 0 0 0 
1 0 0 0 0 
0 1 0 0 0 
0 0 0 0 1 
0 1 0 0 0 
0 0 1 0 0 
0 1 0 0 0 
0 0 1 0 0 
0 0 0 1 0 
0 0 0 0 1 
0 0 1 0 0 
0 0 0 0 1 
0 0 0 1 0 
0 0 1 0 0 
0 0 0 1 0 
1 0 0 0 0 
0 0 0 0 1 
0 0 1 0 0 
0 0 0 0 1 
0 0 0 1 0 
0 0 1 0 0 
0 0 0 0 1 
0 0 0 1 0 
0 0 0 1 0 
1 0 0 0 0 
0 0 1 0 0 
0 0 1 0 0 
0 0 0 1 0 
0 1 0 0 0 
0 0 0 1 0 
1 0 0 0 0 
0 0 1 0 0 
0 1 0 0 0 
0 0 0 0 1 
0 1 0 0 0 
1 0 0 0 0 
0 1 0 0 0 
0 0 0 0 1 
0 0 1 0 0 
0 0 0 0 1 
1 0 0 0 0 
0 0 1 0 0 
0 1 0 0 0 
1 0 0 0 0 
0 1 0 0 0 
1 0 0 0 0 
0 0 0 1 0 
0 0 1 0 0 
0 0 0 1 0 
1 0 0 0 0 
0 0 1 0 0 
0 0 1 0 0 
1 0 0 0 0 
1 0 0 0 0 
0 0 0 0 1 
0 1 0 0 0 
1 0 0 0 0 
0 0 0 0 1 
0 0 0 1 0 
0 1 0 0 0 
1 0 0 0 0 
0 0 0 1 0 
0 1 0 0 0 
0 0 0 0 1 
0 0 1 0 0 
0 0 0 1 0 
0 0 1 0 0 
0 1 0 0 0 
1 0 0 0 0 
1 0 0 0 0 
1 0 0 0 0 
0 0 1 0 0 
0 0 0 0 1 
1 0 0 0 0 
1 0 0 0 0 
0 0 0 0 1 
0 0 0 1 0 
1 0 0 0 0 
0 1 0 0 0 
0 0 0 1 0 
0 0 0 0 1 
1 0 0 0 0 
1 0 0 0 0 
0 0 1 0 0 
0 0 0 1 0 
0 1 0 0 0 
0 1 0 0 0 
0 0 0 1 0 
1 0 0 0 0 
0 1 0 0 0 
0 0 0 0 1 
0 0 0 1 0 
