5 200
0.611309
0.623379
0.27002
0.633724
0.324755
11.4473 0.478722
10.5596 0.651685
10.5342 0.257165
10.4482 0.19183
9.83541 0.573562
9.6325 0.158875
9.39895 0.98458
9.32234 0.655997
8.73925 1.90822
8.61666 1.68
8.53698 1.62593
8.51437 0.797119
8.4917 0.117039
8.41089 1.17955
8.3892 0.353997
8.24283 1.73455
8.02963 0.536026
7.89778 1.05692
7.69709 2.25311
7.60305 0.319206
7.56323 1.23207
7.22439 0.60931
7.22221 2.47894
7.19209 1.35056
6.78993 2.40434
6.65785 1.51393
6.63489 1.98414
6.55694 1.49801
6.52029 1.59034
6.41283 1.50234
6.35728 1.46169
5.91842 2.82278
5.80822 1.74395
5.59094 2.49579
5.49374 1.90262
5.45342 1.20077
5.44687 2.30658
5.44327 3.37552
5.34177 2.78261
5.27491 3.05412
5.23745 2.97735
5.12711 3.11838
5.09054 2.27772
4.96381 2.94398
4.94447 3.94525
4.85625 3.02267
4.84282 1.54867
4.82637 3.44513
4.78886 2.89744
4.57886 2.79044
4.56835 4.35848
4.54119 2.98982
4.48608 3.79369
4.47695 3.57328
4.47596 3.0966
4.46043 3.09576
4.35255 2.90732
4.35205 3.39956
4.35106 2.12964
4.3229 2.63052
4.07964 3.7961
4.04914 4.89924
3.95959 5.0811
3.87903 4.17221
3.82754 3.8139
3.79537 2.98029
3.78775 3.12701
3.68658 3.90888
3.67377 3.52105
3.66565 3.18089
3.53279 2.61524
3.50396 4.57938
3.45791 4.7927
3.41531 5.34626
3.39901 4.69114
3.38028 3.52322
3.37289 3.7417
3.24099 5.24689
3.16862 5.12023
3.15346 4.49836
3.13568 3.48173
3.13047 5.17112
2.95863 5.44896
2.95538 4.97071
2.94998 5.11649
2.93492 4.12054
2.87522 4.2167
2.85035 4.60459
2.82725 5.86445
2.81941 5.60794
2.77796 3.83518
2.67802 4.19893
2.66541 5.9841
2.62646 5.15215
2.6195 5.37833
2.61428 3.44053
2.60487 5.09685
2.40514 4.5373
2.28742 5.4257
2.08333 3.8296
2.0555 5.56151
2.03482 6.57009
2.00781 6.84965
1.97612 7.4954
1.93955 4.59413
1.93059 6.9054
1.8611 6.73585
1.83827 5.10579
1.8373 4.44713
1.79045 5.62484
1.78211 5.18639
1.75997 5.79283
1.74178 4.59482
1.61096 6.6311
1.59774 5.91855
1.53365 6.17264
1.53272 5.90093
1.47627 5.63132
1.46316 4.84716
1.45382 5.31009
1.36042 6.10767
1.35409 4.90319
1.30835 7.35476
1.23642 5.39414
1.22311 6.24926
1.21419 7.51123
1.19394 4.97085
1.13953 7.90275
1.08789 7.82378
1.08575 7.38334
1.0808 7.88261
1.03763 6.80579
1.01585 5.41665
1.00103 6.65162
0.99175 6.64894
0.951615 7.80385
0.948987 8.38737
0.888243 6.3195
0.842446 7.44942
0.833809 6.01952
0.817371 6.06489
0.798638 8.65069
0.790493 6.15943
0.72467 5.85795
0.712584 8.1573
0.685963 9.14296
0.641263 7.37792
0.636967 6.10431
0.62637 8.62055
0.624034 8.81221
0.618281 8.43907
0.556321 8.94779
0.53729 8.71452
0.521742 6.13379
0.497517 6.52199
0.494959 6.89572
0.489968 8.03246
0.487123 9.24132
0.458498 7.07851
0.410883 6.16162
0.391903 7.53514
0.350927 10.2688
0.335248 6.62515
0.330603 9.77435
0.32012 10.4069
0.313016 9.0048
0.303494 6.97116
0.286126 7.1859
0.277821 7.28342
0.27571 8.06258
0.268464 9.38032
0.245697 7.14204
0.242774 9.40584
0.235788 7.89833
0.197503 7.98032
0.161801 7.22451
0.155246 6.70002
0.152819 10.0303
0.149119 8.89692
0.123026 7.48234
0.113864 8.74737
0.110012 7.07985
0.102599 10.1942
0.101099 10.5995
0.0910498 9.12664
0.0882533 9.57627
0.0663077 7.72098
0.0529953 7.87326
0.0416789 8.73862
0.0383729 10.443
0.0279035 7.87265
0.0113204 11.1742
0.0103848 9.3643
0.00978336 8.05488
0.00893068 7.49532
0.00872656 10.5198
0.00737341 8.94139
0.00226378 8.1554
0.0021738 10.5927
0.00104505 12.2609
0.402637 0 0 0.597363 0 
0 1 0 0 0 
0 0.265135 0 0.335486 0.39938 
0.217889 0.294953 0 0.0486381 0.43852 
1 0 0 0 0 
0.244305 0 0.755695 0 0 
0 0 0 1 0 
0 0.382557 0.617443 0 0 
0.0900195 0.208372 0 0.422318 0.279291 
0.617773 0.382227 0 0 0 
0.648149 0 0 0.35185 0 
0.374749 0 0.336599 0 0.288652 
0 0.50229 0.49771 0 0 
0 0 0 1 0 
0 0.420354 0 0 0.579646 
0.759515 0 0 0 0.240485 
0.384026 0 0.615974 0 0 
0.26377 0.34997 0 0.38626 0 
0.122706 0 0 0.55447 0.322824 
0.707066 0 0 0.292934 0 
0.425709 0.194491 0.160738 0.219062 0 
0 0.119995 0 0 0.880005 
0 0.253262 0.239492 0.240587 0.266659 
0.182819 0.378404 0 0.438777 0 
0 0 0 0 1 
0.672716 0 0 0 0.327284 
0.579605 0 0.420395 0 0 
0 0.393594 0 0.435631 0.170774 
0.465082 0.534918 0 0 0 
0.332576 0 0.328956 0.238428 0.100039 
0 0 0.240648 0 0.759352 
0.49354 0.50646 0 0 0 
0.243937 0 0.453655 0.302408 0 
0 0.631213 0 0 0.368787 
0 0 0.386049 0.613951 0 
0.55828 0 0 0 0.44172 
0.474342 0 0 0 0.525658 
0 0 0.823982 0 0.176018 
0 0.403364 0 0.596636 0 
0.498222 0.280526 0 0 0.221252 
0.541203 0 0 0.458797 0 
0.221958 0.237756 0.340989 0.199296 0 
0 0.31666 0.35236 0 0.33098 
0.192238 0.228429 0.252103 0.239875 0.0873551 
0.330104 0 0.165393 0.19354 0.310964 
0.523107 0 0.476893 0 0 
0 0 0.202682 0.18854 0.608778 
0.789891 0 0.210109 0 0 
0 0 1 0 0 
0 0.31555 0 0 0.68445 
0.336156 0.246288 0.417556 0 0 
0 0 0.408235 0.350003 0.241762 
0 0.570115 0 0 0.429885 
0.337007 0.342486 0 0 0.320507 
0.0882679 0.149853 0 0.326865 0.435014 
0 0 0.446397 0 0.553603 
0.824322 0 0 0.175678 0 
0 0.29254 0.200208 0 0.507252 
0.651942 0.109966 0 0 0.238092 
0 0.436467 0 0.563533 0 
0 0 1 0 0 
0.456734 0.264486 0.153257 0.125523 0 
0 0 0 0 1 
0.368466 0 0.631534 0 0 
0.22691 0 0 0.286896 0.486194 
0.175546 0 0.362932 0 0.461522 
0 0 0.275891 0.234749 0.48936 
0.540739 0.354883 0 0 0.104378 
0 0.3373 0.6627 0 0 
0 1 0 0 0 
0 0 0.415754 0 0.584246 
0 0.354598 0.401392 0.24401 0 
0 0 0.472773 0 0.527227 
0 0 0.265647 0.734353 0 
0.247526 0.244261 0.148839 0.359374 0 
0.105438 0.447878 0.446685 0 0 
0.470746 0 0.095132 0.434122 0 
0 0.247567 0.752433 0 0 
0.559713 0.208059 0 0 0.232228 
0.230139 0.140278 0.263844 0.365739 0 
0.415767 0.584233 0 0 0 
0 0.396088 0 0 0.603912 
0.717355 0.282645 0 0 0 
0 0 1 0 0 
0.307054 0.197946 0.414611 0.0803893 0 
1 0 0 0 0 
0.357631 0 0.188873 0.453496 0 
0.215751 0.359259 0 0.182359 0.242632 
0 0.453555 0.546445 0 0 
0 0.743701 0 0 0.256299 
0.355713 0.184579 0.459709 0 0 
0.429051 0.439957 0 0 0.130991 
0.513269 0 0.260845 0.225885 0 
0.231341 0.254485 0.179118 0 0.335056 
0.0911745 0.315496 0 0 0.593329 
0 0 1 0 0 
0.286059 0 0.299446 0.414496 0 
0 0 0.266702 0.593495 0.139803 
0 0.589805 0 0.410195 0 
0 1 0 0 0 
0 0.40001 0.517376 0.0826138 0 
0.323175 0 0.192034 0.15417 0.33062 
0 0.761174 0 0.238826 0 
0.292797 0.590274 0.116929 0 0 
0.325825 0 0 0.674175 0 
0 0.0958005 0.468407 0.435793 0 
0 0.244573 0.127219 0 0.628208 
0 0.172817 0.827183 0 0 
0.178569 0.0634483 0.153995 0.271636 0.332351 
0.482691 0 0 0.215083 0.302227 
0.263742 0 0.358108 0.378151 0 
0 0.116041 0 0 0.883959 
0.595239 0 0.404761 0 0 
0.28499 0 0.71501 0 0 
0 0.459268 0 0.382107 0.158625 
0 0 1 0 0 
0.25232 0.242344 0.289903 0 0.215433 
0.299291 0.197979 0.301676 0 0.201054 
0 0.356488 0.385323 0.258188 0 
0.353158 0.473949 0 0 0.172893 
0.150883 0.377953 0.0624289 0 0.408735 
0.229132 0.287985 0.35005 0 0.132833 
0 0 0 0 1 
0.240541 0.222068 0.381453 0.155938 0 
0 0.392797 0.376076 0 0.231127 
0.114355 0.30482 0 0 0.580825 
0 0 0 0 1 
0 0 0.65584 0.34416 0 
0.516865 0.0862729 0 0.26708 0.129782 
0.484762 0 0 0 0.515238 
1 0 0 0 0 
0 0 0.702101 0.297899 0 
0 0 0.402513 0.597487 0 
0.340756 0 0.113664 0 0.54558 
0 0.468717 0.531283 0 0 
0.128674 0 0.326956 0.54437 0 
0.350734 0 0 0.649267 0 
0.475161 0.524839 0 0 0 
0 0 0 0 1 
0 0 0 0.29748 0.70252 
0 0 0.866469 0 0.133531 
1 0 0 0 0 
0.0796372 0.552933 0.36743 0 0 
0.2455 0.54148 0.21302 0 0 
0 0 0.543712 0 0.456288 
0 0 0 1 0 
0 0.624136 0 0.375864 0 
0.202929 0.0948175 0 0.272388 0.429866 
0 0.470718 0.444697 0 0.0845847 
0.186172 0.327162 0.267567 0 0.219099 
0 0 0.684229 0.315771 0 
0.157564 0 0 0 0.842436 
0 0 0.567138 0.351106 0.0817559 
0.260326 0.247698 0.272725 0.0454406 0.17381 
0.604249 0 0.395752 0 0 
0.641646 0 0 0 0.358354 
0 0 0 1 0 
0.715393 0.284607 0 0 0 
0 0 1 0 0 
0 0.676753 0.323247 0 0 
1 0 0 0 0 
0.35236 0 0.22084 0.28523 0.14157 
0 0.699113 0.0916126 0 0.209274 
0 0 0.460954 0.539046 0 
0.339681 0.541203 0 0.119115 0 
0 0 1 0 0 
0 0.161694 0.378919 0.148543 0.310844 
0 0.168874 0.410738 0.420388 0 
0.284619 0 0.373494 0 0.341887 
0.274119 0.64126 0 0 0.0846207 
0.102692 0.0375095 0.194186 0.369039 0.296573 
0 0 1 0 0 
0 0 0.283729 0 0.716271 
0.252761 0 0.158484 0.588756 0 
0.512126 0 0 0.487874 0 
0 0.574539 0.42546 0 0 
0.282193 0.355495 0.362312 0 0 
0.468025 0.0726082 0 0.459367 0 
0 0.169017 0 0.522649 0.308334 
0 1 0 0 0 
0 0.584166 0 0.158886 0.256949 
0 0.516631 0 0.483369 0 
0 0 0 0 1 
0 0 0 0.53702 0.46298 
0.621466 0 0.378534 0 0 
0.459466 0 0 0 0.540534 
0.676251 0 0 0.323749 0 
0 0.629224 0.215611 0 0.155165 
0.371794 0.0772505 0.311825 0.239131 0 
0.830908 0 0 0.169092 0 
0 0 0 0.410641 0.589359 
0 0.172343 0 0.827657 0 
0.172126 0.134189 0.290878 0.210931 0.191876 
0.491875 0.414611 0 0 0.0935138 
0.446278 0.292209 0.261513 0 0 
0 0 0.641623 0 0.358377 
1 0 0 0 0 
0 0 0.708885 0 0.291115 
0 0.506533 0.162566 0 0.330901 
0 0 0.792044 0.207956 0 
