5 200
0.587031
0.268265
0.329546
0.341205
0.438177
11.1241 0.456483
10.9854 0.119899
10.8666 0.490633
10.522 0.87812
10.4496 0.470753
10.4137 0.254497
10.1217 0.602516
10.0249 0.18753
10.0162 0.377724
9.56264 0.718264
9.48187 1.26235
9.41523 0.532799
9.29567 1.51089
8.92051 0.888326
8.82344 0.240202
8.70667 1.38119
8.46873 1.60421
8.24889 0.245378
8.14438 0.165481
8.12682 1.11327
8.01406 0.861403
7.93316 0.973658
7.72438 1.02776
7.49725 1.15586
7.28645 1.56141
7.21068 2.40351
7.2077 1.44002
7.20367 1.53526
7.15803 2.11452
7.10037 0.785293
7.08309 0.764744
6.69896 0.792062
6.56012 1.67698
6.55352 1.39129
6.47549 3.06464
6.3885 1.60443
6.36179 2.21784
6.30792 0.741505
6.25257 2.93412
6.24628 2.48607
6.04261 1.46114
6.02713 2.51601
5.88053 2.78745
5.82431 2.40297
5.74022 2.77726
5.64586 3.017
5.61408 2.80806
5.56691 2.48232
5.49095 2.71293
5.47336 2.63821
5.47055 2.20733
5.37767 2.99974
5.35568 1.98835
5.34579 2.89015
5.26425 3.56782
5.21605 3.46852
5.18785 3.18321
5.17508 4.38634
4.91322 3.15773
4.88905 1.57187
4.82245 2.42103
4.82022 3.27409
4.56128 2.82823
4.56127 2.16813
4.51611 2.22285
4.5113 2.41643
4.50587 2.74372
4.41475 2.29367
4.23983 2.85767
4.23113 3.25186
4.10078 4.72633
4.01551 4.54582
3.9672 3.1748
3.95646 3.42924
3.91458 3.52758
3.85323 3.74536
3.78324 3.52681
3.72276 4.39936
3.69906 4.17484
3.6924 2.6096
3.66486 4.45272
3.63247 3.55762
3.49734 3.65622
3.49469 3.62419
3.40338 4.23938
3.35889 2.71687
3.33112 3.48994
3.20571 3.98881
3.13306 4.02262
3.10626 5.92868
3.09273 4.02929
3.0496 3.71452
3.04156 4.64543
2.91868 5.74998
2.90016 4.11562
2.9 3.67256
2.84005 6.07919
2.82814 3.99575
2.71418 3.60791
2.71003 4.92743
2.66063 5.0683
2.62367 3.7906
2.52136 4.36574
2.46889 4.5704
2.42681 5.61071
2.2872 5.8268
2.2835 5.39006
2.2621 4.65261
2.22051 6.23825
2.20235 6.8357
2.1604 4.68538
2.13987 4.98164
2.1318 5.52856
2.05311 5.06937
2.04417 5.15306
2.01422 6.65775
1.98512 4.86637
1.93624 4.90343
1.845 5.08625
1.80497 6.39217
1.77892 6.96375
1.55608 6.1001
1.4962 7.30661
1.48627 4.65594
1.42193 4.48755
1.37626 5.75261
1.37545 7.996
1.28146 4.70639
1.27036 6.91829
1.19856 7.68493
1.06655 5.34316
1.04943 6.78959
1.00104 8.31262
0.997942 5.43647
0.997884 6.28907
0.992488 6.50479
0.991935 8.52314
0.962159 8.08709
0.93728 5.28275
0.926365 7.83194
0.91688 6.0812
0.906943 7.1539
0.903046 8.83448
0.801625 6.29772
0.744385 6.74304
0.739568 7.99467
0.705823 8.47068
0.670887 6.49571
0.647798 8.22225
0.647622 7.49803
0.625483 5.66818
0.580795 6.91404
0.579605 8.44048
0.52953 9.21245
0.512646 7.19986
0.505148 6.03158
0.447191 6.47671
0.446051 9.38153
0.436302 8.88502
0.38907 6.32407
0.376176 6.92484
0.345843 9.21704
0.344315 10.093
0.298848 7.32461
0.246864 7.26892
0.244068 8.90062
0.236447 6.48784
0.224492 8.0086
0.201143 10.2503
0.191206 7.44656
0.177532 7.22509
0.174738 10.7203
0.152087 10.7055
0.116994 10.023
0.111513 8.3476
0.0998236 7.29971
0.0978975 10.7317
0.0668993 9.23847
0.0580709 11.3513
0.0417977 11.5814
0.041256 11.706
0.0407542 7.14283
0.0405916 11.3773
0.0380698 7.15281
0.0365019 7.77331
0.0341794 9.62207
0.0336044 9.5994
0.0253685 10.1139
0.021034 7.46431
0.0188127 9.4237
0.0164604 9.39493
0.0123309 8.89243
0.011737 10.248
0.0100692 9.61584
0.00958338 10.2039
0.00560871 9.78834
0.00191144 8.79943
0.0015839 9.43182
0.0014374 12.1931
0.00106816 11.5018
0 0 0.593603 0.406397 0 
0.10452 0.0926571 0.346557 0.456265 0 
0 0.342438 0 0 0.657562 
0 0 0 0.430609 0.569391 
1 0 0 0 0 
0 0.325407 0 0.674593 0 
0 0.101723 0.350865 0 0.547412 
0.408396 0 0 0.591604 0 
0 0 0.558042 0 0.441958 
0 0 0 1 0 
0 1 0 0 0 
0.619732 0 0 0 0.380268 
0.176275 0 0.153418 0 0.670307 
0.403777 0 0 0 0.596223 
0 0.512695 0.487305 0 0 
0 0 0.220564 0.392831 0.386604 
0.370879 0 0.629121 0 0 
0 1 0 0 0 
0.262213 0 0 0.36065 0.377138 
0 0.478586 0 0.238 0.283414 
0.292257 0.376468 0 0.331275 0 
0 0.403528 0 0.596471 0 
0 0.686129 0 0 0.313871 
0 0.792022 0 0.207978 0 
0.165268 0 0 0.502936 0.331796 
0.436677 0.327109 0 0.236214 0 
0 0 0 0 1 
0.840716 0 0 0 0.159284 
0 0 0 1 0 
0 0 0.415646 0 0.584354 
0.343113 0.656887 0 0 0 
0.208818 0.260221 0.228867 0.302094 0 
0 0 0 0.409208 0.590792 
0.377306 0.168736 0 0.135826 0.318132 
0 0.645968 0 0 0.354032 
0 0 0 0.545295 0.454705 
0 0 0.400619 0 0.599381 
0 0 0 0 1 
0 1 0 0 0 
1 0 0 0 0 
0 1 0 0 0 
0.308983 0 0.691017 0 0 
0 0 0 1 0 
0.187624 0 0.333911 0 0.478466 
0 0 0 1 0 
0.601673 0.117023 0 0.281303 0 
0 0.423021 0 0 0.576979 
0 1 0 0 0 
0 0.497925 0.183348 0 0.318727 
0 1 0 0 0 
0.433522 0 0 0 0.566478 
0.498697 0 0 0.501303 0 
0 0 0 0 1 
0.13435 0.343165 0 0.211926 0.310559 
0 0.41944 0.58056 0 0 
0.212711 0 0 0.558936 0.228353 
0 0.821315 0 0 0.178685 
0 0.342291 0.657709 0 0 
1 0 0 0 0 
1 0 0 0 0 
0.534819 0 0.181455 0.283726 0 
0 0 0.347042 0.652958 0 
0 0.586379 0 0 0.413621 
1 0 0 0 0 
0 1 0 0 0 
0 0.369268 0 0.346541 0.284191 
0.638426 0 0 0.361574 0 
0 0 1 0 0 
0 0.781802 0 0.218198 0 
0 0 0.590963 0.409037 0 
0 0.510642 0 0.489358 0 
0 0 1 0 0 
0.61449 0 0.38551 0 0 
0 0.865263 0.134737 0 0 
0 0.51095 0 0.0941923 0.394858 
0.278079 0.119829 0.540949 0 0.0611432 
1 0 0 0 0 
0.259913 0 0.740087 0 0 
0 0.237312 0 0.316575 0.446113 
0 0 1 0 0 
0 1 0 0 0 
1 0 0 0 0 
0.503571 0 0 0.496429 0 
0.283912 0.471441 0.244647 0 0 
0 0 0 0 1 
1 0 0 0 0 
0 0 0 0.765262 0.234738 
0.23163 0.309381 0.458989 0 0 
0 1 0 0 0 
0.336882 0 0 0.335556 0.327562 
0.682696 0.317304 0 0 0 
0 0.376807 0.275648 0 0.347545 
0 0 0 0.781358 0.218642 
0.546073 0 0 0.453927 0 
0.431841 0 0.568159 0 0 
0 0 0.509677 0.490323 0 
0.298985 0 0.414442 0 0.286573 
0 1 0 0 0 
0.459811 0 0.540189 0 0 
0 0 0 0 1 
0 0.610912 0 0.389088 0 
0 0 0 0 1 
0 0.74739 0.25261 0 0 
1 0 0 0 0 
0.429289 0 0 0 0.570711 
0 0 1 0 0 
1 0 0 0 0 
0 0 0 1 0 
0 0 0 0.752838 0.247162 
0 0.452268 0.177338 0.370394 0 
0 0.357907 0 0 0.642093 
0 0 1 0 0 
0 0.40062 0.128577 0.470803 0 
0 0 0 0.853851 0.146149 
0 0 0.260776 0 0.739224 
0 0 0.797704 0.202296 0 
0 0 0 1 0 
0 0.542349 0 0 0.457651 
0 0 0 1 0 
0.50105 0 0.49895 0 0 
0 0 0.724784 0 0.275216 
0 0 0 0 1 
0.169891 0 0 0.830109 0 
0.325344 0 0.348769 0.325887 0 
1 0 0 0 0 
0 0 0.426982 0 0.573018 
0 0 0 0.604284 0.395716 
0.621876 0 0 0.378124 0 
0 0.233821 0 0.766179 0 
1 0 0 0 0 
0.325475 0.330558 0 0.154346 0.189622 
0 0 0.807665 0 0.192335 
0.343969 0.656031 0 0 0 
0.163343 0 0 0 0.836657 
0.262598 0 0.294278 0.316294 0.12683 
0 0 1 0 0 
0 0 0 0 1 
0 0 1 0 0 
0.378015 0 0.267921 0 0.354063 
0.505142 0.108444 0 0.386414 0 
0 0 0 0.427239 0.572761 
0 0.443561 0.556439 0 0 
0.339946 0.660054 0 0 0 
0 0.551767 0 0 0.448233 
1 0 0 0 0 
0 0 1 0 0 
0 0.651269 0 0 0.348731 
0 0.167295 0.832705 0 0 
0.152079 0.527268 0 0.320653 0 
0 0 0 0 1 
0 0 0.726232 0 0.273768 
0.392473 0.607527 0 0 0 
0 1 0 0 0 
0.479661 0 0 0.520339 0 
0 0 0 0 1 
1 0 0 0 0 
0 0.244451 0 0 0.755549 
0 0 1 0 0 
0 0.473364 0 0 0.526636 
0 0.322318 0 0 0.677682 
0.426126 0 0.460233 0.113641 0 
0 0.156969 0.409287 0 0.433743 
1 0 0 0 0 
0 0.385777 0 0.300136 0.314087 
0 1 0 0 0 
0 0 0.487082 0.512918 0 
0.317688 0.122393 0 0.559919 0 
0.442275 0 0.440354 0 0.117371 
0.186867 0.518154 0 0.294979 0 
0.135777 0 0.46875 0 0.395473 
0 0 0.80073 0 0.19927 
0.769867 0 0 0 0.230133 
0 0 0.195148 0.804852 0 
1 0 0 0 0 
0.882293 0 0 0.117707 0 
0.360025 0 0 0.639975 0 
0.79918 0 0 0 0.20082 
0 1 0 0 0 
0 0.379013 0 0.109408 0.511579 
0 0.797354 0 0.202646 0 
0 0.101381 0.393885 0.504734 0 
0.362463 0.454241 0 0.183296 0 
0.0702478 0.284564 0 0 0.645188 
1 0 0 0 0 
0 0.177625 0.456256 0.366118 0 
0.373013 0.29957 0 0.327417 0 
0 0 0 1 0 
0.858602 0 0 0.141398 0 
0 0.333243 0 0.666757 0 
0 0 0 0.256504 0.743496 
1 0 0 0 0 
0 0.501645 0.498355 0 0 
0.326463 0.303319 0.370218 0 0 
0.154318 0.452939 0.217926 0 0.174817 
0.325332 0.261244 0 0.413424 0 
0 0 0 1 0 
0.372183 0 0.627817 0 0 
0 0.329322 0.310661 0.360017 0 
0 0.666075 0 0.333925 0 
0.397947 0 0 0 0.602053 
