5 200
0.482765
0.415105
0.643658
0.364505
0.283036
10.9966 0.142651
10.9193 0.0894192
10.8529 0.469594
10.8465 0.541619
10.7554 0.548632
10.4109 0.198059
9.84772 1.15241
9.82938 0.286993
9.68966 0.923407
9.39973 1.05855
9.23052 0.785858
9.14993 0.578176
8.60883 0.7042
8.49903 0.544146
8.34232 1.27028
8.20381 0.729114
8.20228 1.20497
8.16657 1.55702
7.76795 1.64363
7.76425 1.03081
7.72356 1.42461
7.70052 1.22173
7.67151 0.294732
7.64713 1.08518
7.63032 1.9611
7.58758 1.82513
7.54804 1.3462
7.43274 1.06817
7.3116 0.948861
7.28006 0.980473
7.26883 1.89971
7.19858 0.846858
7.13425 2.04861
7.10972 1.35017
6.88976 1.28287
6.85728 1.24979
6.72013 0.868475
6.69659 1.54899
6.67374 1.79005
6.54826 0.955391
6.40092 2.25535
6.35932 2.11355
6.15408 3.27747
6.09489 2.44249
6.00204 1.16916
5.92462 1.12647
5.9153 2.15143
5.84744 1.73852
5.82424 2.14856
5.80021 2.20922
5.65656 2.1358
5.6348 1.70965
5.62029 2.2006
5.61739 2.28079
5.61119 2.29826
5.60737 1.36161
5.57992 2.09967
5.57925 2.93199
5.53306 3.23074
5.53096 3.08642
5.40602 2.60114
5.38161 2.53516
5.31029 2.85856
4.98703 3.17595
4.82069 3.09601
4.72534 4.27633
4.68999 3.5303
4.55105 4.65681
4.47488 3.63314
4.45846 3.34942
4.33297 2.82971
4.25872 3.96376
4.19876 4.30015
4.17636 3.20595
4.14835 3.90108
4.05431 3.89676
4.04171 3.11142
4.02725 3.20674
4.01032 2.5653
3.99581 4.52789
3.98321 4.04299
3.98126 4.05717
3.96353 3.54045
3.96056 3.5643
3.93804 2.87916
3.90962 3.25005
3.82055 4.15843
3.76204 2.58273
3.60987 3.3171
3.5951 4.95211
3.57796 3.93649
3.54483 2.88609
3.5354 4.28643
3.4503 2.60054
3.45008 3.99387
3.42436 3.58762
3.30176 3.79153
3.28419 3.97041
3.19595 5.38906
3.14099 4.92871
3.10964 3.59423
2.92562 5.20773
2.91743 4.14097
2.89668 4.10219
2.69992 5.3349
2.66858 4.46514
2.59656 4.82469
2.50367 6.28923
2.41373 4.14496
2.40809 6.34861
2.3662 4.22683
2.28236 5.61257
2.27975 3.80019
2.26831 4.14375
2.24884 6.53435
2.21679 7.11754
2.19853 5.23533
2.105 4.56382
2.09196 5.29178
2.0809 4.32707
2.06889 5.75352
2.06232 4.87382
1.93501 7.41353
1.86421 4.4308
1.79219 5.08295
1.79051 6.45153
1.58101 5.99032
1.53179 4.82366
1.48141 4.87648
1.43498 5.18598
1.40467 6.26574
1.35679 5.91246
1.25453 7.35783
1.15786 6.97373
1.1373 5.84791
1.1338 5.58051
1.11062 6.66275
1.10332 6.57358
1.07188 7.79115
1.03559 7.1049
0.867584 6.12107
0.858228 8.72508
0.854201 6.00458
0.845388 8.27491
0.828003 7.12013
0.755982 7.40605
0.748242 6.57163
0.693501 8.61831
0.690302 6.38597
0.673664 8.81236
0.661823 6.26115
0.616414 9.36639
0.611043 6.78117
0.580984 8.31448
0.507935 8.03455
0.486482 9.06511
0.468458 6.78082
0.467685 9.76967
0.460503 6.66957
0.417213 8.41308
0.412326 8.52049
0.41163 7.29786
0.364015 9.86281
0.351131 9.97453
0.3287 9.53348
0.327942 7.26016
0.30298 6.79008
0.285144 7.61331
0.280747 9.14258
0.274505 8.0334
0.257882 9.72431
0.243831 8.39763
0.197468 9.82498
0.192992 7.47916
0.184343 10.2288
0.176635 7.06773
0.154182 8.89305
0.146156 9.78555
0.130678 7.34259
0.128471 8.99659
0.125275 8.70171
0.104432 9.11983
0.0912101 7.84777
0.0861726 9.21568
0.0834087 10.6088
0.0805273 9.5209
0.0749173 8.84772
0.0582943 9.72646
0.0379604 7.41091
0.0356934 8.95327
0.0354723 7.55363
0.0342048 7.3652
0.0335257 9.58388
0.0278359 8.26458
0.0238401 9.47734
0.0232822 10.2893
0.0222546 9.09005
0.00926863 8.8714
0.0057198 8.28263
0.00182335 12.3079
0 0.102752 0 0.674427 0.222821 
0 0 0.306645 0 0.693355 
0 0 0 0 1 
0 0 0 0 1 
0 0 0 0.424198 0.575802 
0 0 0 1 0 
0 0 0 0 1 
0 0 1 0 0 
0.36429 0 0 0 0.63571 
0 0.247585 0 0.0927957 0.659619 
0 0 0 0.27287 0.72713 
0 0 1 0 0 
0 0 0 0.495193 0.504807 
0 0.116292 0.224089 0.527762 0.131857 
0 0.302598 0 0 0.697402 
1 0 0 0 0 
0 1 0 0 0 
0 0 0 0 1 
0 0 0 1 0 
0.146348 0 0 0.853652 0 
0 1 0 0 0 
0 1 0 0 0 
0.830762 0 0.169238 0 0 
0 0 0.30854 0.34781 0.34365 
0 0.405283 0 0.594717 0 
0 0 0 0.749558 0.250442 
0 0 1 0 0 
0 0 0 1 0 
0 0.281202 0 0.364596 0.354201 
0 0.463455 0 0 0.536545 
0 0.468111 0 0 0.531889 
0.58197 0 0 0 0.41803 
0 1 0 0 0 
0.628728 0 0.371272 0 0 
0 1 0 0 0 
0 0 0 1 0 
0 0 1 0 0 
1 0 0 0 0 
0 0 0 0 1 
0 0 0.442545 0 0.557455 
0 0 0 0 1 
0 0.198673 0 0.463959 0.337368 
0 0 0 0 1 
0 0 0 1 0 
0.689527 0 0 0 0.310473 
0.429105 0.570895 0 0 0 
0 0 0.148088 0.851912 0 
0 0 0 0 1 
0 0.303645 0.362696 0 0.333659 
0 0.531556 0 0.468444 0 
0 0 0 1 0 
0 0 0 0 1 
0 0 1 0 0 
0 0 1 0 0 
0 0 0 0 1 
0 0.257537 0 0 0.742463 
0 0.436085 0.563915 0 0 
1 0 0 0 0 
0 0 1 0 0 
0.264935 0 0 0.735065 0 
0.490584 0.240019 0.269397 0 0 
0 0 1 0 0 
1 0 0 0 0 
0 1 0 0 0 
0 0.547103 0 0 0.452897 
0 0.410699 0.589301 0 0 
0 0 1 0 0 
0 0.582995 0.417005 0 0 
0 1 0 0 0 
0 0.512111 0 0 0.487889 
1 0 0 0 0 
0 0 1 0 0 
0 0 0 1 0 
1 0 0 0 0 
0 0.271175 0.331572 0 0.397253 
0 0.282266 0.334302 0 0.383432 
0.168091 0 0 0.831909 0 
0 1 0 0 0 
1 0 0 0 0 
0 0 1 0 0 
0.388965 0 0 0 0.611035 
0 1 0 0 0 
0 0 0 1 0 
0 0 0 0.243051 0.756949 
0 0 1 0 0 
1 0 0 0 0 
0.469329 0 0.299793 0 0.230878 
1 0 0 0 0 
0 0 0 1 0 
1 0 0 0 0 
0 0 0 0 1 
0 0.426529 0 0.573471 0 
0 0 1 0 0 
0 0 0 0.867572 0.132428 
0.50626 0 0.49374 0 0 
0 0 0 1 0 
0 1 0 0 0 
0 0 0 0 1 
0 0 1 0 0 
1 0 0 0 0 
0 0 0 1 0 
0 0 0.251617 0.748383 0 
0.363695 0 0 0.145315 0.49099 
0 0.760891 0 0 0.239109 
0 0 0 0 1 
0 0 0 0 1 
0 0 0.884265 0.115735 0 
0 1 0 0 0 
0.21127 0.362388 0 0 0.426342 
0 1 0 0 0 
0.561507 0 0 0.438493 0 
0 0 0.358518 0 0.641482 
0 0 0 0 1 
0.266469 0.327416 0.123763 0.282353 0 
0 0 1 0 0 
0 0 0 0 1 
0 0 0 0 1 
0.575055 0 0 0.424945 0 
0 1 0 0 0 
0 0 0 1 0 
0 1 0 0 0 
0.267577 0 0.207657 0 0.524766 
0 0 1 0 0 
0 0 0 0.424401 0.575599 
0 0 0.885801 0.114199 0 
0 0 0 1 0 
0.534268 0.465732 0 0 0 
1 0 0 0 0 
0 0 1 0 0 
0 0 0 1 0 
0 0 0 0.424476 0.575524 
0 0 1 0 0 
0 0 0 0 1 
0 0 0 0 1 
1 0 0 0 0 
0 0 0 0.53977 0.46023 
0 0 0 1 0 
0 0 0 1 0 
0 0 0 0 1 
0 1 0 0 0 
0.249148 0 0 0.750852 0 
1 0 0 0 0 
0 0 0.800842 0.199158 0 
0 0 1 0 0 
0 0 0.47592 0 0.52408 
0 0 0 0 1 
0.761505 0 0 0 0.238495 
0 0 0.355299 0 0.644701 
0.553373 0.446627 0 0 0 
0.458763 0 0 0.395187 0.146051 
0 1 0 0 0 
0 0 1 0 0 
0 0 0 1 0 
0 0 1 0 0 
0 0 1 0 0 
0 0.852337 0 0.147663 0 
0.747928 0.252072 0 0 0 
0 0 0 0 1 
0 0 0 0 1 
0.143455 0 0 0.856545 0 
0 0 1 0 0 
0 0 0 1 0 
0 1 0 0 0 
0 1 0 0 0 
0.749985 0.250015 0 0 0 
1 0 0 0 0 
0 0 0 0 1 
0 0 0 0.14183 0.85817 
0 1 0 0 0 
0 0 0 1 0 
0 0 1 0 0 
0 0 0 0 1 
1 0 0 0 0 
0 0 0 0.356959 0.643041 
0.256669 0 0 0 0.743331 
0 0.475343 0 0 0.524657 
0 0 0 0 1 
0 0 1 0 0 
0 0 1 0 0 
0 0.348119 0.651881 0 0 
0.293969 0 0 0.706032 0 
0 0 0 0 1 
0 0 0 0 1 
0 1 0 0 0 
0 0.300518 0 0.699482 0 
1 0 0 0 0 
1 0 0 0 0 
0 0 1 0 0 
0 0 0 1 0 
1 0 0 0 0 
0.629717 0 0 0.370283 0 
0 0 0 0 1 
0 0 0 0 1 
0 0 0.295731 0.704269 0 
0 1 0 0 0 
0 0.753738 0.246262 0 0 
0 0 0.635787 0.364213 0 
0 0 0 1 0 
0 0.618482 0 0.381518 0 
0 0.573513 0.426487 0 0 
