5 150
0.739364
0.401311
0.511132
0.251755
0.498131
11.7362 0.250775
11.6196 0.263063
11.3717 0.204105
11.2288 0.410585
10.5747 0.457484
10.001 0.929174
9.81112 0.337033
9.18642 1.17594
8.61058 1.04724
8.10812 0.161565
7.99882 1.79869
7.95884 1.85251
7.82066 1.42701
7.59159 0.335875
7.58899 0.516089
7.32494 1.94919
7.27601 0.401889
6.80468 1.87623
6.76826 0.447853
6.69748 2.74297
6.59886 2.79073
6.48751 0.998509
6.47459 1.15446
6.43999 3.14413
6.28818 1.70468
6.2373 0.862589
5.94607 1.31398
5.72686 2.13907
5.70546 1.30033
5.6768 2.32568
5.50061 3.40679
5.44953 3.02732
5.43519 2.31609
5.14146 4.08918
5.09129 3.19093
5.05913 3.21033
5.00164 2.02287
4.84143 3.63215
4.79925 4.14608
4.73527 3.93093
4.7153 1.89131
4.56045 4.27728
4.52644 2.37931
4.47966 3.5078
4.47943 3.91442
4.38001 3.33945
4.37366 2.89226
4.21234 2.50483
4.16584 3.79641
4.09329 4.82011
3.98837 3.22049
3.86603 4.78207
3.77899 4.22442
3.70323 3.7728
3.5592 3.62673
3.54893 5.44623
3.49705 3.98179
3.49216 3.94726
3.4635 3.53173
3.33196 3.42603
3.32059 4.48709
3.15527 5.20813
3.08081 4.62365
3.0143 3.68066
2.97311 5.04998
2.95297 3.92439
2.92753 4.06927
2.85806 4.21442
2.80034 5.60032
2.41733 4.88567
2.39206 6.02219
2.38784 6.04974
2.36601 6.19021
2.30551 5.77425
2.16882 3.78097
2.06088 6.15131
2.00168 6.29933
1.95813 4.8239
1.93037 6.85904
1.79035 6.27396
1.74148 4.93773
1.69178 4.89447
1.66303 6.20225
1.59389 7.33945
1.59387 7.20128
1.58616 6.18593
1.56558 6.15065
1.53669 6.36177
1.41627 6.42052
1.35144 4.98164
1.35115 6.62041
1.34483 5.22097
1.26768 6.35119
1.26468 5.00445
1.22543 7.79388
1.14581 7.6776
1.07488 7.3262
1.04914 5.41124
1.04867 7.98393
0.887857 5.77557
0.877109 5.6198
0.875663 6.92307
0.85853 7.6082
0.829727 6.59733
0.801904 8.6553
0.783377 8.2586
0.771844 6.55765
0.713909 6.79387
0.66474 7.21725
0.660732 5.74749
0.658896 5.83214
0.656168 6.70767
0.649992 6.50722
0.629087 8.72206
0.590364 9.08878
0.585155 9.37032
0.576981 6.18402
0.56581 6.28303
0.553671 5.89439
0.551346 6.0875
0.526216 7.89671
0.496707 8.34147
0.454871 7.28638
0.451081 7.95239
0.429868 8.81296
0.429297 6.11887
0.418746 8.52908
0.374522 6.51362
0.34872 6.25179
0.340391 7.52809
0.311515 6.94002
0.284726 6.65666
0.268576 10.4023
0.263994 9.84947
0.2397 8.19285
0.211457 7.68037
0.185807 6.88887
0.181666 9.34613
0.149529 8.67124
0.140215 8.83837
0.121524 7.11491
0.0718658 6.89664
0.0548361 6.9445
0.0518958 11.0509
0.0434912 11.1541
0.0176197 10.5995
0.0164619 7.85982
0.0121197 8.78033
0.00498006 10.097
0.00294623 10.816
0.695921 0 0.0962896 0.207789 0 
0.183324 0.387755 0.0690443 0.359877 0 
0.702312 0.0871861 0 0.210502 0 
0 0.408128 0.140056 0.156359 0.295456 
0.182463 0 0.249423 0.438255 0.129859 
0.419577 0 0.580423 0 0 
0 0 0.518994 0.16198 0.319026 
0 0 0 1 0 
0.620305 0 0.379695 0 0 
0.405233 0 0.301584 0.293184 0 
0.42081 0.379611 0.199579 0 0 
0 0 0.60154 0.39846 0 
0.316271 0.0939281 0.28754 0 0.302261 
0 0.196015 0 0.617547 0.186438 
0 0 0.362948 0.255142 0.381909 
0.349122 0 0 0.0902115 0.560667 
0.660927 0 0.339073 0 0 
0.0634404 0.364642 0 0.281844 0.290074 
0.333991 0.43605 0.229958 0 0 
0 1 0 0 0 
0 0.166422 0 0.833578 0 
0.470207 0.340135 0 0.189658 0 
0.344636 0 0.370711 0.284653 0 
0 0.203922 0 0.454978 0.3411 
0.813607 0 0.186393 0 0 
0 0 0.382978 0.246293 0.370729 
0 0 0.122445 0 0.877555 
0 0 0.352818 0 0.647182 
0.163335 0.310807 0.318277 0.102222 0.105358 
0 0.198637 0.384128 0.417235 0 
0 0.64872 0.12213 0.0819728 0.147178 
0.291012 0.23487 0 0.292547 0.181571 
0.253466 0 0 0.46305 0.283484 
1 0 0 0 0 
0.584495 0 0 0 0.415505 
0.38562 0.227185 0 0 0.387195 
0 0.182969 0 0.817031 0 
0.391496 0.108286 0.302347 0 0.197871 
0 0 0.593109 0.406891 0 
0 0.121345 0.285963 0.368742 0.22395 
0.343343 0.155613 0.38027 0.120773 0 
0.34585 0.479475 0 0 0.174675 
0.448734 0 0 0.443776 0.107491 
0.411887 0 0.254046 0 0.334067 
0.498327 0 0.501673 0 0 
0.0688776 0.214693 0.305069 0.132794 0.278565 
0.3176 0.0833501 0.317413 0.281637 0 
0.199829 0 0.416187 0.0470645 0.33692 
0.432531 0 0 0.413745 0.153724 
0 0 0.174442 0.825558 0 
0 0 0 0.34563 0.65437 
0.490527 0 0.211381 0.172349 0.125742 
0 0.131264 0.868736 0 0 
0.508302 0 0.183543 0.0606121 0.247543 
0 0.839428 0.160572 0 0 
0 0.617122 0.382878 0 0 
0.0838458 0.225494 0.334108 0 0.356552 
0.285575 0.0765944 0.140764 0.241913 0.255153 
0.455787 0 0.419419 0 0.124794 
0.372111 0.0820678 0.262496 0.128274 0.155051 
0 0.108145 0.440377 0 0.451478 
0 0 0.456269 0.543731 0 
0.0893688 0.343212 0.567419 0 0 
0.479727 0 0 0.520273 0 
0 0.413816 0.274481 0 0.311702 
0.344065 0.655935 0 0 0 
0 0.406103 0.0801875 0.138214 0.375496 
0.127362 0.526959 0 0.243813 0.101867 
0.0465855 0.28411 0.301196 0 0.368108 
0 0.154813 0.314467 0.53072 0 
0.308954 0.39739 0 0 0.293656 
0 0.581381 0 0 0.418618 
0.458838 0.456634 0 0.0845279 0 
0 0.222837 0.562123 0 0.21504 
0.442591 0 0 0 0.557408 
0 0 1 0 0 
0.479286 0 0.391027 0 0.129686 
0.217074 0.281421 0.501506 0 0 
0.104957 0 0.375462 0.431683 0.0878982 
0.189238 0.232858 0.188373 0.231143 0.158387 
0.280936 0.152947 0.179105 0.243333 0.14368 
0 0.637655 0 0 0.362345 
0.337128 0.340687 0.195758 0.126427 0 
0 0 0 1 0 
0.266956 0 0.389557 0.136977 0.206509 
0.351849 0 0 0.173097 0.475053 
0.271467 0.577636 0 0.150897 0 
0 0 0 0 1 
0 0 0.512759 0 0.487241 
0.501492 0 0 0.229636 0.268872 
0 0.253135 0.279476 0.180221 0.287167 
0.142141 0 0.211048 0.303265 0.343547 
0.261337 0 0.336624 0 0.402039 
0.224276 0.176783 0 0.415444 0.183498 
0.430682 0.430041 0 0.139277 0 
0 0 0 1 0 
1 0 0 0 0 
0.177054 0 0.417343 0.405603 0 
0.195383 0.124069 0.24005 0.121776 0.318722 
0.523027 0 0 0 0.476973 
0.413385 0.362636 0.223979 0 0 
0 0 0 1 0 
0.334979 0 0.268362 0.103837 0.292821 
0.154922 0.373408 0.273208 0.198462 0 
0.248874 0 0.165893 0.455674 0.129558 
0.486332 0.161261 0 0 0.352407 
0.221911 0.339838 0.0669894 0.371262 0 
0.201859 0.195012 0.16651 0.378617 0.0580017 
0 0.344054 0.115433 0.329182 0.211332 
0 0 0.524791 0.0922674 0.382942 
0.184875 0.11268 0.370787 0 0.331658 
0.0989553 0 0.544931 0.212415 0.143699 
0.300518 0 0.25588 0.443602 0 
0 0.297483 0 0.373091 0.329426 
0 0.3463 0 0.396684 0.257016 
0 0 0.506824 0.493176 0 
0 0.195874 0 0.14101 0.663116 
0 0 0 0.522853 0.477147 
0.331243 0 0 0.180983 0.487774 
0 0 0.627226 0.0916692 0.281105 
0.277978 0.0917756 0.283976 0.240893 0.105378 
0.598263 0 0.142207 0.25953 0 
0 0.481391 0.397714 0 0.120895 
0 0.287431 0 0.400502 0.312066 
0.167942 0.429912 0.108245 0.293902 0 
0.309037 0 0 0 0.690963 
0.307671 0.186963 0 0.505366 0 
0 0.485199 0 0 0.514801 
0.41965 0 0.249418 0 0.330932 
0 0.353733 0.476729 0 0.169538 
0.316026 0.502231 0.181743 0 0 
0.516661 0.483339 0 0 0 
0.359484 0.065759 0 0.0776289 0.497128 
0 0.579329 0 0.420671 0 
0 0.516336 0 0 0.483664 
0 0.26994 0.242517 0.164382 0.323161 
0.353084 0.386858 0 0.260059 0 
0.171612 0.465886 0 0 0.362502 
0 0 0.434496 0.565504 0 
0 0.366957 0.494227 0 0.138816 
0 0.165185 0 0.657868 0.176947 
0 0 0.271211 0 0.728789 
0 0 0.24033 0 0.75967 
0.136065 0 0.252881 0.233488 0.377566 
0.386406 0.422688 0 0 0.190906 
0.216 0 0.225458 0 0.558542 
0 0.582357 0.164967 0.252676 0 
0.289075 0.370799 0 0.340126 0 
0.283209 0.716791 0 0 0 
0.217052 0.112866 0.104907 0.565174 0 
