5 200
0.641797
0.615871
0.713958
0.517754
0.585429
10.7905 0.843289
10.766 0.145925
10.562 0.169248
9.98498 0.963231
9.8862 0.398661
9.44263 1.09384
9.32765 0.595512
9.31714 0.50222
9.07078 1.28851
8.66464 0.845475
8.63071 0.839577
8.62934 0.627422
8.1258 0.950917
8.03756 0.648618
8.01205 1.3696
7.94201 1.23886
7.93822 0.343683
7.79237 1.81086
7.68163 0.976575
7.55955 0.788026
7.47198 0.344494
7.43004 0.218319
7.35802 0.854518
7.33344 1.81813
7.29974 0.624422
7.26054 1.48446
7.16998 0.983084
7.16762 1.01149
7.08437 1.75516
6.95358 0.873906
6.90647 2.15951
6.83182 1.39673
6.71342 1.62933
6.6075 1.53829
6.59431 0.971701
6.55724 2.27874
6.51742 1.48701
6.22488 2.02058
6.09322 2.62356
5.99222 2.14052
5.95906 1.43133
5.93575 1.1942
5.91672 2.75222
5.2821 2.83798
5.15345 1.85982
5.03665 3.17928
4.99815 3.07238
4.98572 1.7199
4.86611 2.35562
4.81536 2.68431
4.70333 4.29416
4.67363 3.58835
4.66437 2.71406
4.65793 3.36806
4.55494 3.84638
4.55477 4.42795
4.54871 3.96729
4.43854 3.44396
4.43087 3.1442
4.2575 3.34848
4.23752 3.37358
4.23472 2.78429
4.174 4.13133
4.08007 3.15417
4.0342 4.24944
3.99712 2.36994
3.98701 3.49887
3.95754 3.64213
3.71574 3.45693
3.68724 3.88766
3.62194 3.04614
3.52777 4.16779
3.48965 3.18731
3.4395 4.19165
3.34007 4.72662
3.33448 3.97935
3.24858 5.06386
3.22745 2.84376
2.99584 3.9172
2.9599 5.6591
2.83497 3.92487
2.79796 5.2447
2.71923 4.01407
2.65426 3.75567
2.54255 5.49509
2.45821 6.75291
2.39613 5.87789
2.35278 6.00544
2.33326 6.05831
2.33136 5.42557
2.30162 4.53352
2.24465 5.86451
2.22918 5.59743
2.18788 5.78004
2.16855 4.68347
2.15896 7.12882
2.1477 5.80414
2.12731 5.40379
1.98906 5.92832
1.9721 6.3018
1.92753 4.7449
1.91931 4.16672
1.88054 6.91231
1.8254 5.96011
1.8085 7.16449
1.75529 6.36272
1.71707 4.96899
1.7001 6.42946
1.69782 4.68667
1.63505 5.69139
1.59153 7.01352
1.55562 7.49431
1.53251 4.71762
1.51224 5.0351
1.51065 7.10966
1.48438 6.87188
1.46871 6.92481
1.3849 7.74861
1.30008 5.3783
1.25745 5.21115
1.24154 8.01912
1.23923 6.10649
1.22986 6.01959
1.17769 7.03081
1.12941 6.42935
1.11318 8.49916
1.06631 5.34613
1.06604 5.23616
1.01858 6.07565
0.979707 6.23655
0.959007 7.82848
0.817338 7.15419
0.789143 6.35671
0.762142 9.31907
0.743569 8.12525
0.727449 9.03797
0.718942 5.73842
0.672346 8.41881
0.659434 7.05111
0.65814 8.34566
0.645227 8.13378
0.639397 9.18588
0.622654 7.71387
0.619207 6.86351
0.617804 6.47732
0.601393 8.447
0.564286 6.02154
0.535322 8.11522
0.518464 6.72355
0.497188 7.85746
0.495441 9.01318
0.495187 6.70465
0.491994 9.08156
0.443832 6.76297
0.425577 8.47527
0.40751 7.1234
0.3963 7.70608
0.391244 7.2271
0.375316 8.69201
0.351145 8.93098
0.346376 7.46656
0.34392 9.43839
0.324286 8.82936
0.294364 9.33558
0.293321 6.30742
0.284722 10.1411
0.266086 7.83329
0.263593 8.62777
0.24508 6.47665
0.239629 8.49943
0.238483 8.67024
0.221925 6.98127
0.208084 9.97778
0.205261 8.90803
0.157484 10.5207
0.15169 9.91242
0.139804 7.27921
0.139797 7.84604
0.119521 8.741
0.112155 9.77887
0.106257 7.53962
0.101928 9.38372
0.100339 10.2877
0.0833449 7.15715
0.0743194 6.95266
0.0711517 7.72586
0.0687156 7.43882
0.0391603 10.9353
0.0301602 7.71812
0.0289974 10.7459
0.0276577 10.6511
0.0189779 8.23457
0.0179256 7.27613
0.017416 9.08333
0.0130522 11.1822
0.0120557 11.9846
0.0092986 8.94987
0.0045486 8.10853
0.00350321 8.79733
0.00324074 8.7923
0.451608 0 0.261213 0.287179 0 
0.367461 0 0 0.395186 0.237353 
0 0 0 0.362802 0.637198 
0.090799 0.343022 0.406877 0 0.159303 
0 0 0 1 0 
0 0.530381 0.469619 0 0 
0 0.437185 0.349813 0.213002 0 
0 0.517316 0.1679 0.136048 0.178736 
0 0.825433 0.174567 0 0 
0 0.416996 0.359419 0.223585 0 
0.199372 0.170989 0.141911 0.167651 0.320077 
0.189808 0.248915 0.175743 0.288272 0.0972607 
0.401854 0.121817 0.211061 0.265268 0 
0 0.458008 0 0.1038 0.438192 
0.495892 0.0916648 0.412444 0 0 
0 0 0 0 1 
0.351126 0 0.392605 0 0.256269 
0.226975 0.547062 0 0.225963 0 
0 0.283384 0.364555 0.352061 0 
0 0 0.78856 0 0.21144 
0 0.293959 0.347685 0 0.358357 
0.0701941 0 0.441518 0.424031 0.0642569 
0.14396 0.158837 0 0.393643 0.30356 
0.385563 0 0 0 0.614437 
0 0 0.16326 0.697237 0.139503 
0.319648 0 0.172396 0.235181 0.272774 
0 0.442661 0 0 0.557339 
0 0 0 0.74849 0.25151 
0.312856 0.0837006 0.188616 0.35909 0.0557371 
0 0 0.650888 0 0.349112 
0.219644 0.407778 0 0.372578 0 
0 0 0 0 1 
0.60053 0 0.39947 0 0 
0.449871 0.0536142 0 0.496514 0 
0.129235 0 0.663511 0.207254 0 
0 0.303787 0.168541 0.218687 0.308985 
0 0 0.326612 0.323382 0.350006 
0 0 0 0.251594 0.748406 
0.49224 0.110752 0.397008 0 0 
0 0.263061 0.548186 0 0.188753 
0.311154 0 0.350889 0 0.337957 
0 0.269544 0.35589 0.0504311 0.324135 
0 0 0.467893 0.532107 0 
0.270621 0.729379 0 0 0 
0 0 0.144152 0.373654 0.482194 
0 0.564727 0 0 0.435273 
0 0.259914 0.177072 0.340025 0.22299 
0.232963 0 0.54254 0.224497 0 
0.257425 0 0.285932 0.235357 0.221286 
0.324066 0 0.312077 0.363857 0 
0 0 0.602343 0 0.397657 
0.237943 0.225398 0.269299 0 0.26736 
0.357524 0.269305 0.2767 0 0.0964699 
0.0940377 0 0.224245 0.265433 0.416285 
0.556182 0.175542 0 0.268276 0 
0 0 0 1 0 
0.359424 0.261731 0 0.0937492 0.285096 
0 0 1 0 0 
0 0.759208 0.240792 0 0 
0.401289 0.102737 0.495974 0 0 
0.313738 0.345864 0 0.340397 0 
0.411974 0 0.175377 0 0.412649 
0.460869 0 0 0.443817 0.0953147 
0.494526 0 0.206091 0.299383 0 
0.0992828 0 0.325742 0.380235 0.19474 
0 0.285189 0.156306 0.279431 0.279074 
0 0.33749 0.423576 0.238933 0 
0 0 1 0 0 
0 0.511219 0 0.248267 0.240514 
0 0.386894 0.158465 0 0.454642 
0 0.708071 0 0.291929 0 
0 0.341978 0.658022 0 0 
0 0.46834 0.53166 0 0 
0.121396 0.494737 0.085055 0.298811 0 
0.255569 0.374372 0.370059 0 0 
0 0.350701 0 0.322257 0.327042 
0.151504 0.323091 0 0.265595 0.25981 
0.500125 0 0 0 0.499875 
0 0.361263 0.23879 0.226724 0.173222 
0.434863 0 0.388632 0 0.176506 
0.461464 0.538536 0 0 0 
0.166781 0.258722 0.328448 0.246049 0 
0.548092 0.247876 0 0 0.204032 
0.354206 0.154453 0.190968 0.300373 0 
0 0.124799 0.4839 0.338693 0.0526082 
0.243094 0.252849 0 0.313213 0.190844 
0 0 0 1 0 
0.4366 0 0.215087 0.075338 0.272975 
0 0.434926 0.375555 0 0.189518 
0.0954759 0.235715 0 0.228496 0.440313 
0.412706 0.398978 0 0.101077 0.087239 
1 0 0 0 0 
0 0 0.533685 0.466315 0 
0 0.255197 0 0.332461 0.412343 
0.459428 0.348935 0 0 0.191637 
0.273091 0.128666 0.306194 0 0.29205 
0.22436 0.362427 0 0.266246 0.146966 
0 0.532255 0 0 0.467745 
0.349981 0 0 0 0.650019 
0 0 0 1 0 
0.549691 0.450309 0 0 0 
0.293634 0.58937 0 0 0.116996 
0.26141 0.166971 0.327205 0.244414 0 
0 1 0 0 0 
0.0913571 0.616169 0 0.130166 0.162307 
0 0 0.109725 0.358647 0.531628 
0.24696 0.249197 0.130638 0 0.373205 
0.639135 0 0 0.360865 0 
0.425096 0 0.366199 0.208705 0 
0.445992 0.445639 0 0 0.108368 
0.249155 0.279312 0.113588 0.0650184 0.292926 
0.133199 0.27648 0.340536 0.249785 0 
0.119268 0.256039 0.302721 0.140078 0.181894 
0.208611 0.068447 0.469512 0.25343 0 
0.237233 0 0.120164 0.642603 0 
0 0 0 1 0 
0 0 0.236685 0.763315 0 
0.0770364 0.401188 0.15963 0.362146 0 
0.425362 0.314081 0.0906488 0 0.169909 
0.236062 0.370301 0.393637 0 0 
0 0 0 0.193854 0.806146 
0.0780699 0 0.581993 0.339938 0 
0.48289 0.357842 0.159268 0 0 
0.0847694 0.512026 0 0.403205 0 
0.389642 0.610358 0 0 0 
0.280274 0 0 0.359486 0.36024 
0.237994 0.355306 0.0829174 0.323783 0 
0.588203 0 0 0.411797 0 
0 0 0 1 0 
0 0 0.533635 0 0.466365 
0.323157 0.212491 0.464352 0 0 
0 0 0.825656 0 0.174344 
0 0.221386 0 0.422032 0.356582 
0 0 0 0 1 
0.0882966 0.686372 0.225332 0 0 
0 0.397598 0.212025 0.307569 0.0828083 
0.192762 0.356234 0 0.0861499 0.364854 
0 0.517563 0 0 0.482437 
0 0.224653 0.167263 0.221892 0.386192 
0.276649 0.282919 0 0.233971 0.206461 
0 0.34865 0 0.65135 0 
0.297317 0.324438 0.0714426 0.306803 0 
0.492201 0 0.507799 0 0 
0.232244 0.146614 0.272474 0.348668 0 
1 0 0 0 0 
0.702292 0.183017 0.114691 0 0 
0.245921 0 0.352171 0.362679 0.0392283 
0.0535664 0.249589 0.218225 0.222019 0.256601 
0 0 0 0.336975 0.663025 
0.185394 0.463607 0 0.213015 0.137985 
0 0.577297 0 0.422703 0 
0.34336 0.327683 0.133604 0.195354 0 
0.0845937 0 0.351318 0.144889 0.4192 
0.0748556 0 0.301777 0.316854 0.306513 
0.155454 0.137241 0.201952 0.233516 0.271838 
0 0 0.680299 0.319701 0 
0.276222 0.2794 0.27745 0.166928 0 
0.337586 0.25248 0 0 0.409935 
0 0.575875 0.0921708 0.231019 0.100935 
0.465256 0 0 0.125769 0.408975 
0.367228 0.104601 0.471886 0 0.0562847 
0 0 0 1 0 
0.471542 0.266635 0 0 0.261824 
0.349239 0 0.650761 0 0 
0.407658 0 0.520526 0 0.0718154 
0.191231 0 0 0.368662 0.440107 
0.377943 0 0.319932 0.17116 0.130965 
0.171238 0.280598 0.227967 0 0.320196 
0.364886 0.276231 0.213134 0.145749 0 
0.552108 0 0.267344 0 0.180549 
0.176922 0 0.242014 0.308076 0.272988 
0.277762 0.418924 0 0.303314 0 
0.10413 0.22718 0 0.668689 0 
0 0 0 0 1 
0 0.390765 0.410483 0.198752 0 
0 0 0 0.242425 0.757574 
0.653073 0 0 0 0.346927 
0 0.585411 0 0 0.414589 
0.195013 0.177728 0.309881 0.139231 0.178147 
0 0.503205 0 0.137667 0.359127 
0.270996 0.0889042 0.0584248 0.343005 0.23867 
0 0.262308 0.297387 0.440305 0 
0.367812 0 0.126246 0.317115 0.188826 
0.157298 0.448395 0 0.394307 0 
0.290778 0 0 0.504564 0.204658 
0 0.507206 0.128312 0 0.364481 
0.40425 0 0.317761 0 0.277988 
0.589946 0.410054 0 0 0 
0.119012 0.304118 0.264513 0 0.312357 
0 0 0 0 1 
0.278384 0.390867 0 0.279242 0.0515069 
0.268894 0 0 0.509022 0.222085 
0 0.606914 0.393086 0 0 
0.345562 0.384422 0.270017 0 0 
0.218851 0.296587 0.224808 0 0.259754 
0 0 0.376312 0.229715 0.393973 
0.297317 0 0.101314 0.2709 0.330469 
0 0.405608 0.188563 0.0691858 0.336643 
0.206518 0.485795 0 0 0.307687 
0 0.809112 0.190888 0 0 
