5 50
0.40418
0.472907
0.274873
0.494652
0.257889
9.3026 0.136376
9.11274 0.312049
8.74332 1.57042
8.58942 1.92197
8.41902 0.327349
7.53792 1.12365
6.93546 1.04374
6.85781 1.27861
6.63642 1.28549
6.37028 0.917896
6.23082 1.94277
6.15855 1.76505
6.12962 3.62675
5.94474 1.83253
5.89016 2.32025
5.74225 3.36389
5.53441 1.72742
4.9579 1.93468
4.93969 2.38961
4.67932 3.68076
4.10897 2.70947
4.03539 2.99154
3.90308 4.04712
3.71713 3.3853
3.52541 3.71478
3.37376 4.96352
3.13122 4.87676
2.9044 4.47488
2.77236 3.95529
2.5358 3.80774
2.40423 3.53308
2.27626 5.12557
2.1841 6.27082
2.05153 5.59339
1.98742 5.28075
1.98154 5.0947
1.42482 5.56002
1.16676 7.23227
1.07449 7.16456
1.04776 7.03662
0.849239 6.4444
0.833193 7.45898
0.654285 7.44319
0.631943 8.9968
0.302806 7.98431
0.263179 8.26964
0.195907 6.72561
0.022986 7.5666
0.00928391 10.3536
0.00115113 11.2515
0.64918 0 0 0 0.35082 
0.509152 0.29587 0 0.194978 0 
0 0.379076 0.620924 0 0 
0 0 0 1 0 
0 0 1 0 0 
0 0 0 1 0 
0.693161 0 0 0 0.306839 
0 0 0.423942 0 0.576059 
1 0 0 0 0 
0 0 0.389895 0 0.610105 
0 0 1 0 0 
1 0 0 0 0 
0 0 1 0 0 
0 0 0 0 1 
0 0 1 0 0 
0 0 0.352875 0.647125 0 
0.119423 0 0.510324 0 0.370253 
0 0 0 0 1 
0 0 0 1 0 
0 0.260401 0.739599 0 0 
0 0 0 0 1 
0 0.152696 0.236979 0.610325 0 
0 0 0 0 1 
0 0 0 0.264388 0.735613 
0 0 1 0 0 
0 0 0 1 0 
0.552923 0 0 0.447077 0 
0 0 0 1 0 
1 0 0 0 0 
0.42299 0.57701 0 0 0 
1 0 0 0 0 
0 0 1 0 0 
0 0 0 1 0 
0 0 0 1 0 
0.219488 0 0 0.780512 0 
0 0 0 1 0 
0 0 1 0 0 
0.648776 0 0.351224 0 0 
0.401475 0.598525 0 0 0 
1 0 0 0 0 
0 0 0.848586 0 0.151414 
0 0 0 0 1 
0 0 0 0 1 
0.819846 0 0.180154 0 0 
0 0 1 0 0 
0 1 0 0 0 
0 0 0.687918 0 0.312082 
0.521112 0 0 0 0.478888 
0 0 0.544765 0.455235 0 
0.720404 0 0 0.279596 0 
