5 100
0.310684
0.427478
0.723958
0.612849
0.250828
9.97637 0.994396
9.46835 0.324546
9.28874 1.26725
8.97536 0.93682
8.7788 0.947608
8.65303 0.168243
8.33556 0.267974
8.31086 1.49535
8.23024 1.25943
8.02393 1.4148
7.63447 1.12383
7.14329 0.389236
6.92294 0.423296
6.85078 1.39665
6.74912 0.782806
6.60466 2.96289
6.46114 1.89065
6.30791 2.19355
6.01158 1.76314
5.78319 2.68494
5.76749 3.05805
5.56434 1.97374
5.46547 1.99744
5.29616 3.72106
5.2023 1.77628
4.99379 2.74503
4.81176 2.67611
4.42854 1.91012
4.40533 2.52186
4.36232 4.45494
4.25683 3.15534
4.16353 2.46858
4.0792 4.57282
4.0697 2.97688
3.92502 4.10168
3.48886 4.23672
3.46003 3.7529
3.44405 3.62227
3.40922 4.10082
3.24135 3.46627
2.95211 4.15931
2.64762 5.70241
2.52618 4.30598
2.41107 5.83652
2.39719 5.86146
2.3571 5.80309
2.22986 4.4205
2.22431 6.1042
2.22068 4.77431
2.15666 4.76358
1.75089 5.47383
1.74645 5.26071
1.72643 6.37782
1.41758 5.13769
1.37842 6.71994
1.35235 7.30626
1.28234 7.08044
1.24406 7.57417
1.20512 6.66698
1.20097 5.2951
1.19384 5.17088
1.16988 7.59428
1.10632 5.28432
1.09556 5.56104
1.0893 7.00187
1.06559 7.65066
1.03415 7.56748
1.03162 6.55818
0.956438 8.25797
0.953915 5.76646
0.950187 6.38377
0.761823 5.97404
0.695781 5.7999
0.69342 6.78178
0.676445 5.88278
0.539422 5.87495
0.528775 9.32252
0.517996 6.07591
0.42934 7.98285
0.381851 6.22707
0.369768 9.9088
0.350668 8.42816
0.333243 8.31075
0.297404 10.032
0.272472 10.3658
0.173742 8.01856
0.171541 6.90684
0.155273 9.36322
0.135658 7.37469
0.131587 9.45254
0.0850569 11.0821
0.0764652 9.05419
0.0726281 9.29035
0.0667093 9.11801
0.0530299 10.2467
0.0304002 9.36979
0.0149336 7.33281
0.0135387 10.8153
0.00920467 11.0403
0.00619786 9.18005
0 0 1 0 0 
0.646622 0 0.353378 0 0 
0 0 0 1 0 
0.170814 0.829186 0 0 0 
0.579982 0.241344 0.178674 0 0 
0 0 0 1 0 
0 0 1 0 0 
0.389206 0 0 0 0.610794 
0 0 0.711673 0 0.288327 
0.55622 0 0.443781 0 0 
1 0 0 0 0 
0 0 1 0 0 
0 0 1 0 0 
0 0.260408 0 0.739592 0 
0.807815 0 0.192185 0 0 
0 0.126952 0 0.873048 0 
0 0 0 0.521293 0.478707 
1 0 0 0 0 
0.367703 0 0.632297 0 0 
0 0 1 0 0 
0.738735 0.261265 0 0 0 
0 0.556988 0.106697 0 0.336315 
0 0 0 0 1 
0.390274 0.229109 0 0 0.380618 
0 0.236983 0.763017 0 0 
0.437999 0 0 0 0.562001 
0.45814 0.54186 0 0 0 
0 0.152692 0 0 0.847308 
0 0 0 0.604795 0.395205 
0 1 0 0 0 
0 0.350158 0.562501 0.0873407 0 
0.733439 0.266561 0 0 0 
0.33417 0 0 0.301225 0.364604 
0 0 0 0.410121 0.589879 
0 0.601248 0.398752 0 0 
0 0.575166 0 0.424834 0 
0.399792 0 0.402459 0 0.197749 
0.490487 0 0.273351 0.236162 0 
0.695448 0.304552 0 0 0 
0 0.382966 0 0.617034 0 
0 0.418994 0 0.581006 0 
0 1 0 0 0 
0 0 0 0.245805 0.754195 
0 0 0 1 0 
0 0 0 0 1 
0.342268 0 0 0.441491 0.21624 
0.531759 0 0 0.468241 0 
0.395442 0 0 0.604558 0 
1 0 0 0 0 
0.499378 0.431472 0.0691495 0 0 
0.413479 0.330238 0 0.256283 0 
0 0.293236 0.472516 0 0.234248 
0 0.558695 0 0 0.441305 
1 0 0 0 0 
1 0 0 0 0 
0 0 0.349342 0 0.650658 
0 0 0 0 1 
0 0.269638 0 0 0.730362 
0.195119 0.203306 0.207249 0.153613 0.240713 
0.299699 0 0 0 0.700301 
0 0 1 0 0 
0 0 0.305345 0.384488 0.310168 
0 0.3627 0 0.6373 0 
0 0 0.406174 0.377741 0.216085 
0.44135 0 0 0.55865 0 
0 0 0.687483 0.312517 0 
0.521288 0.265594 0.213118 0 0 
0 0.291989 0 0 0.708011 
0 0.470449 0.0667387 0.462812 0 
1 0 0 0 0 
0.508702 0.398798 0 0 0.0925006 
0 0 0.681463 0 0.318537 
0 1 0 0 0 
0 0 1 0 0 
0 0 0 0.523725 0.476275 
0 0 0 0 1 
0 0.486742 0.313922 0.199335 0 
0.294173 0 0 0.705827 0 
0 0.500152 0.132903 0.366946 0 
1 0 0 0 0 
0 0.418323 0 0.581677 0 
0.447145 0 0 0.552855 0 
0 0.389028 0 0 0.610973 
0.344075 0 0.406142 0 0.249783 
0 0 0 0 1 
0 0 0.35645 0 0.64355 
0.397881 0 0 0.602119 0 
0.281555 0 0 0.718445 0 
0 0 0.553039 0.225939 0.221022 
0 0.227649 0.297198 0 0.475153 
0 0.384406 0 0 0.615594 
1 0 0 0 0 
0 0.195739 0.586032 0.218229 0 
0 0.554941 0.445059 0 0 
0.647136 0 0 0 0.352864 
0.457107 0 0.542893 0 0 
0.276284 0 0.421939 0.301776 0 
0.361765 0 0 0.213199 0.425036 
0 0 1 0 0 
0 0.491742 0.508258 0 0 
