5 200
0.527276
0.377354
0.307741
0.455344
0.304353
11.3875 0.331201
11.3245 0.0985628
11.0197 0.446752
10.1209 0.169641
9.72419 0.374846
9.56783 0.113405
9.52095 0.518931
9.07012 1.55449
8.95326 1.03749
8.47217 1.22906
8.42276 1.37136
8.31963 2.01862
8.26133 1.44091
8.21304 1.30441
8.20245 2.04922
8.06943 1.71532
8.00499 1.63015
7.86592 1.78231
7.85455 0.207967
7.7857 0.65548
7.65284 1.45381
7.44079 0.202035
7.40893 1.34972
7.37439 1.46247
7.28499 1.70981
7.2744 1.40735
7.24954 0.363549
7.16172 1.97177
7.10074 1.26131
7.09118 0.770942
7.06053 1.71584
6.97975 0.745035
6.82258 2.14323
6.72098 1.87866
6.71434 1.44652
6.52411 2.72697
6.45435 2.41447
6.3554 2.13842
6.12693 1.13372
6.08134 2.48243
6.05797 1.46912
5.92764 2.31038
5.92271 1.93167
5.86528 2.07096
5.84953 2.6242
5.67536 3.49432
5.58242 1.72236
5.54547 3.08266
5.54288 2.10991
5.11158 4.16254
5.10005 3.92405
5.05251 3.33545
4.99158 3.32109
4.88294 2.61012
4.75772 4.21829
4.69458 2.54699
4.63266 2.19078
4.54922 2.76656
4.54875 3.54165
4.522 4.58942
4.48731 3.33767
4.46325 2.52364
4.46228 3.35583
4.41123 2.5505
4.34916 2.92771
4.31537 3.74864
4.21355 4.14169
4.20374 2.97639
4.17553 5.1174
4.12159 3.28191
4.10111 2.78678
4.09622 3.67949
4.06323 3.53027
4.06266 4.65976
4.05309 4.65838
4.01707 3.82516
4.00425 3.82303
3.96003 3.29382
3.9356 4.9438
3.70188 4.56129
3.68011 2.75408
3.66248 3.29131
3.6113 3.98091
3.55556 5.21999
3.44019 3.6591
3.38872 3.51707
3.26855 5.26847
3.25907 2.68085
3.06914 3.46331
3.05265 6.23524
2.96646 5.32916
2.87838 5.10654
2.84064 5.23327
2.81529 3.84973
2.62237 5.27658
2.54081 4.17268
2.53417 3.9528
2.52529 5.9257
2.42249 5.01538
2.41479 4.60142
2.41283 5.17276
2.40452 5.93011
2.32683 4.37119
2.26116 5.00454
2.25076 5.72961
2.15535 4.43523
2.15533 5.9248
2.15379 4.10324
2.12014 3.68357
2.08148 5.46497
2.03945 4.39985
2.01925 4.71008
1.98971 5.37207
1.97075 5.13548
1.96174 5.57693
1.94847 5.91118
1.91255 5.10415
1.83257 4.78441
1.80211 4.61913
1.71246 5.65473
1.70159 5.66102
1.67164 7.22805
1.61301 6.65665
1.34455 7.39814
1.29387 6.56219
1.29306 6.1088
1.23419 5.48321
1.21082 7.90486
1.17717 6.44449
1.16508 7.50811
1.1355 7.66768
1.06331 7.39444
1.06052 7.99552
1.04807 7.84606
1.03861 5.7664
1.01064 8.7972
0.998603 6.92032
0.951874 5.71205
0.947209 6.53927
0.944692 8.13055
0.908173 7.29037
0.888893 6.17585
0.806086 6.31175
0.805239 6.13044
0.746432 6.92669
0.730577 7.53404
0.692881 8.76646
0.643858 7.36591
0.622329 7.861
0.608759 7.44285
0.566593 7.02226
0.520677 8.42727
0.511181 7.35027
0.492314 6.81177
0.416976 9.80775
0.383063 7.75951
0.375983 9.56837
0.360312 7.41145
0.335284 7.8884
0.323984 6.65616
0.312827 6.94524
0.310951 8.63908
0.280622 7.28448
0.226311 7.14207
0.208025 7.26207
0.194809 10.1341
0.187084 10.0963
0.186145 8.92495
0.180872 10.3623
0.172914 9.98767
0.167892 9.10952
0.167516 9.03963
0.138738 8.06664
0.132618 9.14788
0.130025 7.30374
0.123237 9.48215
0.118435 11.1607
0.0911366 10.8469
0.0835188 7.0638
0.0791349 9.5157
0.0738707 9.604
0.0438785 8.12167
0.0415608 8.61123
0.0405435 8.57908
0.0388702 9.70217
0.0354117 11.0385
0.0322565 9.8086
0.0270671 8.51666
0.0269464 7.83352
0.0262594 7.99996
0.0251337 7.7777
0.0197639 9.02517
0.0168477 10.1497
0.0107107 10.8801
0.00979447 11.7585
0.00883641 8.30608
0.00762429 8.07026
0.00644923 10.7535
0.00529831 9.34482
0.00445912 9.78415
0.359387 0.180836 0.0914747 0 0.368302 
0.462933 0.130682 0 0.303246 0.10314 
0 0 0 0 1 
0.396747 0 0.19482 0 0.408433 
0.214651 0.315206 0 0 0.470143 
0 0.484294 0 0.515706 0 
0.426714 0 0 0.161779 0.411507 
0 0.700445 0.299555 0 0 
0.0873597 0 0 0.3894 0.523241 
0 0.332804 0.667196 0 0 
0.417973 0 0 0.582027 0 
0.0759907 0.181052 0.164685 0.253621 0.324651 
0.133417 0.237958 0.103519 0.434541 0.0905656 
0 0 0 0.712501 0.287499 
0 0 0 0.15794 0.84206 
0.421404 0.368244 0.0726562 0.137696 0 
0 0.216786 0.218397 0.352771 0.212045 
0 0.141056 0 0 0.858944 
0.304855 0.252831 0.051609 0 0.390704 
0.207648 0.14032 0.282006 0.370027 0 
0.17681 0 0.243437 0.39175 0.188003 
0.0929205 0.271679 0.176105 0.138215 0.321081 
0.093992 0.451382 0 0.358855 0.0957705 
0 0 0.233055 0.766945 0 
0.145513 0 0.518579 0 0.335909 
0 0.380564 0 0.521283 0.098153 
0.306129 0.532749 0 0.161122 0 
0 1 0 0 0 
0.623067 0 0 0 0.376933 
0.84527 0.15473 0 0 0 
0 0.364942 0.294477 0 0.340581 
0 0.56528 0.43472 0 0 
0.10361 0 0.255874 0.492288 0.148227 
0.558962 0 0 0.14571 0.295328 
0 0 0.432873 0.255861 0.311266 
0.168234 0.310725 0.326888 0.194153 0 
0.351947 0 0.648053 0 0 
0.438234 0 0.561766 0 0 
0.214914 0.256725 0.180203 0.137613 0.210544 
0 0.52097 0.47903 0 0 
0.0983954 0.126531 0.377318 0.285261 0.112495 
0.119239 0 0.594943 0.161289 0.124528 
0 0.236823 0.330762 0.379227 0.0531887 
0.326812 0.0492625 0 0.344245 0.279681 
0 0.39428 0.126011 0.479709 0 
0 0.208497 0.297819 0.276431 0.217253 
0 0.269117 0.333183 0.397701 0 
0 0.349855 0.521057 0.129087 0 
0.165831 0.156095 0 0.124888 0.553186 
0 0 0.360386 0.293648 0.345966 
0.515799 0.247781 0.23642 0 0 
0 0 1 0 0 
0 0 0 0 1 
0.129323 0 0 0.653479 0.217198 
0.270251 0.508581 0 0.221168 0 
0.411572 0 0 0 0.588428 
0.0904635 0.294052 0.190932 0.275214 0.149338 
0 0.479654 0.134916 0.217851 0.167579 
0 0.255164 0 0 0.744836 
0.562441 0 0 0 0.437559 
0.69563 0 0 0 0.30437 
0.0696086 0.32605 0.310943 0.293398 0 
0.319201 0 0.361322 0.319477 0 
0.138389 0.251163 0.233107 0.114235 0.263105 
0.0421694 0 0.381505 0.336781 0.239545 
0.216793 0.478681 0 0 0.304527 
0 1 0 0 0 
0 0 0 0.611251 0.388749 
0.124467 0.693998 0 0 0.181535 
0 0.157558 0 0.842442 0 
0.0794584 0.284577 0.252318 0.147666 0.235981 
0.193252 0 0.0977411 0.253014 0.455994 
0.521324 0 0.248119 0.230557 0 
0 0.45111 0 0 0.54889 
0.626279 0 0 0 0.373721 
0.785268 0 0 0 0.214732 
0.258334 0.255084 0 0.486582 0 
0.348585 0 0.26676 0.0915578 0.293097 
0.335189 0 0.398192 0.266619 0 
0 0.174964 0.209605 0.539453 0.0759788 
0.244823 0.0664911 0 0.244548 0.444138 
0.396581 0.284543 0.318876 0 0 
0.520265 0 0.479735 0 0 
0 0.126664 0.386858 0.0646595 0.421819 
0.312304 0.205145 0.139256 0.343294 0 
0 0 0.145231 0.182997 0.671772 
0 0 0 0.688673 0.311327 
0.568359 0 0 0.431641 0 
0.464891 0.41252 0 0.122589 0 
0 0.695862 0 0 0.304138 
0.255359 0.298797 0.146356 0.219781 0.0797071 
0.18136 0 0.232571 0.35434 0.23173 
0.186047 0.208567 0.297366 0 0.30802 
0.293051 0.131406 0 0.575543 0 
0.225823 0 0.252947 0.521229 0 
0 0.224806 0.270559 0.398635 0.106 
0.515157 0.484843 0 0 0 
0 0 0.407166 0.315688 0.277146 
0.223149 0 0 0.597858 0.178993 
0.423358 0.356145 0 0 0.220496 
0.376193 0.232742 0.153025 0.0899201 0.14812 
0 0 0.435817 0.242059 0.322123 
0.341187 0 0.426245 0.232568 0 
0 0.211074 0 0.788926 0 
0 0.234239 0.476805 0 0.288956 
0 0.26163 0 0 0.73837 
0.280084 0.0544648 0.185156 0.197241 0.283054 
0.231681 0 0 0.447667 0.320652 
0 0 0.183671 0.375128 0.4412 
0 0 0.357899 0.285819 0.356282 
0.189587 0.236266 0.32239 0 0.251756 
0.588524 0.279223 0.132253 0 0 
0 0.44995 0.261295 0.288756 0 
0 0 0.68984 0 0.31016 
0 0 0 0.619985 0.380015 
0.271654 0.161789 0 0.276519 0.290037 
0 1 0 0 0 
0.265876 0.119919 0.32382 0 0.290385 
0 0.225754 0 0.292877 0.481369 
0 0.216383 0 0.67277 0.110847 
0 0 0.162844 0.571663 0.265492 
0.420341 0.141124 0 0.438535 0 
0.314563 0.323571 0 0 0.361866 
0 0 0.148249 0.565569 0.286182 
1 0 0 0 0 
0.364905 0.0628448 0 0.394552 0.177698 
0.179693 0.132641 0 0.22163 0.466037 
0.351079 0.378419 0 0.270503 0 
0.211635 0.302991 0.344551 0.0537504 0.087073 
0.122915 0 0.75703 0.120055 0 
0 0 0.32904 0.519401 0.151559 
0 0.214828 0.520037 0 0.265135 
0.219151 0 0.780849 0 0 
0.15865 0.160043 0 0.144609 0.536698 
0 0.108624 0.295828 0.595547 0 
0 0.220875 0.436103 0.0704625 0.27256 
0.289393 0 0.430811 0.162511 0.117286 
0.690482 0 0.309518 0 0 
0 0 0.655416 0.116893 0.227691 
0 0.505321 0.22083 0 0.27385 
0.194701 0.144971 0.660328 0 0 
0 0 0 0.553323 0.446677 
0.173735 0.826265 0 0 0 
0.33602 0.224331 0.0929597 0.0791475 0.267542 
0.534615 0.3563 0.109085 0 0 
0 0 0.695623 0.304377 0 
0 0 0.664136 0.335864 0 
0 1 0 0 0 
0.229992 0.770008 0 0 0 
0 0 0 0.42522 0.57478 
0.253602 0 0 0.217719 0.528679 
0.238299 0.279814 0.0425929 0.191026 0.248268 
0.226456 0.302769 0.320365 0.0590142 0.0913961 
0.407159 0.202027 0.390815 0 0 
0 0.22576 0.271506 0.40322 0.0995134 
0.224755 0.407573 0 0 0.367672 
0.736799 0.0785016 0.184699 0 0 
0 0 1 0 0 
0.322263 0 0 0.481383 0.196354 
0 0 0 0.513521 0.486479 
0.371667 0.182539 0.445794 0 0 
0 0.441643 0 0 0.558357 
0 0.340738 0.659262 0 0 
0 0.373521 0 0.208536 0.417943 
0.712703 0 0 0 0.287297 
0.0895833 0 0.173063 0.737354 0 
0.295841 0 0 0.394809 0.30935 
0.210225 0.274509 0 0.254642 0.260624 
0 0.383828 0.285844 0 0.330327 
0 0 0.176019 0.632551 0.191431 
0 0.459202 0 0.540798 0 
0.28123 0.232037 0 0.486732 0 
0.24613 0 0.240126 0.251516 0.262227 
0.228449 0.274594 0 0.496957 0 
0.419511 0 0 0.276518 0.303971 
0 0 0.331869 0.342006 0.326125 
0 0.136127 0.16106 0.702813 0 
0.447941 0.400097 0.0736222 0.0783401 0 
0 0 0.314517 0.392295 0.293187 
0.107545 0.0466823 0.281127 0.236718 0.327928 
0 0.184905 0.382808 0.432287 0 
0 0 0.85833 0 0.14167 
0.143319 0 0.37 0.158707 0.327973 
0 0 0.505763 0.494237 0 
0 0.39958 0.60042 0 0 
0 0.358725 0 0.0829792 0.558296 
0.121489 0 0.500609 0.092131 0.285772 
0 0 0 0.362124 0.637876 
0.319013 0.0892127 0 0.241959 0.349815 
0.418183 0.485562 0 0 0.0962542 
0.204539 0.047457 0.317873 0.120809 0.309322 
0 1 0 0 0 
0 0 0.725084 0 0.274916 
0.779537 0 0 0.220463 0 
1 0 0 0 0 
0.15373 0.246622 0.599648 0 0 
0.647757 0 0.352243 0 0 
0 0 1 0 0 
0.302386 0 0.463766 0.233847 0 
0 0 0.137262 0.701143 0.161595 
