5 100
0.732367
0.464517
0.672972
0.25985
0.517541
11.5893 0.197477
10.6889 0.482279
10.6715 0.34987
10.6558 0.494035
10.5206 0.672995
9.99825 0.351383
9.91914 0.582726
8.86482 0.597813
8.49061 0.833623
8.48268 0.570877
8.2605 0.737303
8.166 1.41742
7.94689 0.185123
7.49077 1.39292
6.90204 1.71468
6.85093 1.11592
6.54723 1.07733
6.43412 2.27219
6.3977 0.751621
6.13575 2.19961
5.91042 1.90648
5.88578 3.14062
5.84956 1.15637
5.79791 1.85635
5.77777 1.8982
5.68907 2.28159
5.67297 2.35051
5.29108 2.89837
5.26696 1.91385
5.18806 2.05107
5.14151 3.64415
5.00679 3.65683
4.67398 3.24867
4.66278 4.38338
4.32817 3.10243
4.12654 2.40735
4.07385 4.68521
4.07066 2.96077
4.04302 2.77955
3.90134 3.93906
3.8302 5.28284
3.61632 4.6768
3.46645 4.01492
3.43548 4.11366
3.433 4.44874
3.08066 4.37862
2.98917 4.91246
2.95816 4.15141
2.76795 3.22814
2.72665 3.94121
2.5359 5.34428
2.44561 4.20153
2.43745 5.20006
2.37795 3.45985
2.33973 4.03608
2.32061 4.43325
2.25303 4.70187
2.19311 5.36801
2.12448 5.36481
2.11172 6.55343
2.02873 6.23452
1.93463 5.1295
1.80906 6.27311
1.73507 4.33392
1.63413 5.14963
1.45301 6.40945
1.28928 5.66405
1.28668 8.23546
1.22068 6.88483
1.00125 6.75312
0.807629 5.73618
0.785592 8.21709
0.785443 7.89335
0.782086 6.94365
0.772943 8.13004
0.644764 7.58584
0.610373 5.51096
0.574897 8.28743
0.571043 8.15224
0.313399 7.04907
0.278246 9.23634
0.27814 6.41896
0.277906 6.48933
0.252449 8.85014
0.237121 6.8372
0.212367 6.56468
0.153405 10.0101
0.144654 9.04941
0.125162 8.313
0.108073 7.08768
0.104173 11.1063
0.0563157 8.53114
0.0530845 10.1848
0.0487751 9.00088
0.030189 8.42207
0.0258166 8.63237
0.0238634 7.58179
0.0227482 9.4326
0.0135018 9.83159
0.00746357 8.25541
0 0 1 0 0 
0 0 0 0 1 
0 1 0 0 0 
0 0 0 1 0 
0.599107 0 0.400893 0 0 
0 0 1 0 0 
0 0 0 0 1 
0 0 1 0 0 
0.218722 0 0.18352 0 0.597758 
0 0 1 0 0 
0.303108 0.696892 0 0 0 
0 0 0 0 1 
1 0 0 0 0 
0 0 0 1 0 
0 0 1 0 0 
0 0 0 0 1 
1 0 0 0 0 
1 0 0 0 0 
0 0 0 1 0 
0 0 0 1 0 
0 0 0.591381 0 0.408619 
1 0 0 0 0 
0.774376 0 0 0 0.225624 
0 1 0 0 0 
0 0 0 1 0 
0.291585 0 0 0.708415 0 
0 0 0 1 0 
0.32028 0 0.67972 0 0 
0 0 1 0 0 
0.120819 0 0 0.879181 0 
0 0 0 1 0 
1 0 0 0 0 
0 0 1 0 0 
0.248551 0 0 0.751449 0 
1 0 0 0 0 
0 0 0.465585 0 0.534415 
0 0 0 0 1 
0 0 0 0.182319 0.817681 
0 0 0 0 1 
0 1 0 0 0 
0 0 0 1 0 
0 0 0 1 0 
0 0 1 0 0 
0 1 0 0 0 
1 0 0 0 0 
0 0 0 0 1 
0 0 1 0 0 
0 0 0 1 0 
1 0 0 0 0 
0 1 0 0 0 
0 0 0 1 0 
1 0 0 0 0 
0 0 1 0 0 
0 0 0 1 0 
0 0 0 1 0 
0 0 0 0 1 
0 0 1 0 0 
0 0 0 0 1 
0 0 0.768541 0.231459 0 
0 0 0 0 1 
1 0 0 0 0 
0 0 0 1 0 
0 0 0 1 0 
0 0 0 0 1 
0 0 1 0 0 
1 0 0 0 0 
0 0 1 0 0 
0 0 0 0 1 
0 0 0 1 0 
0 1 0 0 0 
0 0 1 0 0 
0.487672 0 0 0 0.512328 
0 0 0 1 0 
0 0 0 0 1 
0 0 0 1 0 
0 1 0 0 0 
0 0 1 0 0 
0 0.582974 0.417026 0 0 
0 0 1 0 0 
1 0 0 0 0 
0 0 1 0 0 
0.320309 0.679691 0 0 0 
0 1 0 0 0 
0 0 0 0 1 
0 0 0 1 0 
0 1 0 0 0 
0 1 0 0 0 
0.20663 0 0 0 0.79337 
0 0 0 0 1 
0 0 1 0 0 
0 0.280342 0 0.719658 0 
0 0 1 0 0 
0 0 0 1 0 
0 0 1 0 0 
0 0 1 0 0 
1 0 0 0 0 
0 0 0 0 1 
1 0 0 0 0 
0 0.328264 0 0.671736 0 
0.540702 0 0.459298 0 0 
