5 100
0.583934
0.270386
0.398869
0.743484
0.388401
11.7779 0.27084
10.5895 0.792315
10.3257 0.716015
9.34118 0.398812
8.78559 0.913374
8.43005 1.08851
8.24286 1.04214
8.24044 0.932395
8.13318 1.57997
7.96703 0.115779
7.63774 0.434011
7.29075 0.90677
7.19871 0.859322
7.15044 0.94679
6.28235 1.56145
6.26141 1.98943
6.15186 2.0634
5.95826 3.12804
5.75421 1.61624
5.6489 1.06274
5.63747 2.09789
5.63122 1.96983
5.36259 1.73416
5.30206 2.78972
5.08697 2.98989
4.71704 2.70723
4.47568 2.33463
4.45679 2.86009
4.4413 2.80282
4.37333 2.84027
4.16314 3.08263
3.99505 3.39361
3.88599 3.94425
3.84724 3.68217
3.71881 4.52345
3.60774 2.83999
3.5341 5.39187
3.44734 4.35201
3.38954 4.89172
3.33266 5.11352
3.3226 2.63039
3.18891 5.11082
3.00824 4.41474
2.97993 5.55006
2.96838 5.73504
2.94495 3.86106
2.73491 6.46898
2.64887 5.28505
2.64836 4.82411
2.64564 3.58068
2.329 4.46795
2.29982 4.92907
2.27466 6.92939
2.23846 3.71702
2.20926 6.56134
2.07779 5.56014
2.00792 5.89001
1.97435 5.82712
1.93584 4.62464
1.87196 6.57078
1.69685 6.35266
1.56954 6.60045
1.35415 5.33117
1.25462 6.59647
1.11878 6.84097
1.11091 8.28413
1.0071 6.11756
0.916035 7.99975
0.740895 6.61048
0.715825 7.98776
0.712414 7.53235
0.699068 7.35267
0.600167 6.74508
0.508383 6.47108
0.496118 6.57243
0.471759 5.91517
0.424642 7.67334
0.355129 7.60143
0.331196 7.83388
0.279504 8.67932
0.277581 7.03093
0.233232 9.13777
0.214251 10.6418
0.207143 7.46348
0.177997 10.7466
0.173299 9.50025
0.170315 10.7071
0.147537 7.39494
0.146429 7.52343
0.0776267 7.34928
0.0590312 11.1835
0.0574381 8.25336
0.0441337 10.5349
0.0406968 10.7653
0.0312734 11.3768
0.0288381 8.88345
0.0250984 7.4434
0.023958 10.1801
0.0195941 7.56418
0.00649757 10.2814
0.804907 0 0 0.195094 0 
0 0 0 1 0 
0 0 1 0 0 
1 0 0 0 0 
1 0 0 0 0 
0.531066 0 0 0 0.468934 
0 0.307432 0 0.692568 0 
0 1 0 0 0 
0.21845 0.401212 0.380339 0 0 
1 0 0 0 0 
0.440277 0 0.272717 0 0.287006 
0 0 0 1 0 
0 0 0 0 1 
0 0 0 0.772918 0.227082 
0.411318 0.268407 0.320275 0 0 
0.409859 0 0.590141 0 0 
0.443758 0.556242 0 0 0 
0 1 0 0 0 
1 0 0 0 0 
0 0.252096 0.747904 0 0 
0 0 0 0.788749 0.211251 
0.445666 0.554334 0 0 0 
0 0 1 0 0 
0 1 0 0 0 
0 0 1 0 0 
0 0 0.43127 0 0.56873 
0 0 0 1 0 
0 0.133975 0.667012 0 0.199013 
0 0.446518 0 0.553482 0 
0 0.631912 0.368088 0 0 
0 0.323737 0 0.284395 0.391868 
0.234065 0 0 0.765935 0 
0 0 0.254616 0.247307 0.498077 
0 0 0 0.779859 0.220141 
0.527205 0.345548 0.127247 0 0 
0 1 0 0 0 
0 0 0 1 0 
1 0 0 0 0 
0 0 0 1 0 
0.39731 0.167935 0 0.434755 0 
0 0 1 0 0 
0 1 0 0 0 
0 0 0 1 0 
0 0 0 0 1 
0 0 0.389185 0 0.610815 
0 0 0 1 0 
0 1 0 0 0 
0 1 0 0 0 
0 0 0 1 0 
0.816996 0 0 0.183004 0 
0.571163 0 0 0.428837 0 
0 0 1 0 0 
1 0 0 0 0 
0.428199 0 0.571801 0 0 
0 0 0 0.554493 0.445507 
0.333889 0.359161 0 0 0.306951 
0 0 0.262784 0.737216 0 
1 0 0 0 0 
0 0.402655 0.597345 0 0 
0 0 0 0 1 
0.209585 0.435065 0 0.355349 0 
0 0 1 0 0 
1 0 0 0 0 
0 0 0 0 1 
0 0 0 1 0 
1 0 0 0 0 
0 0 1 0 0 
0 0.747223 0 0 0.252777 
0 0 0 0 1 
0 0 0.526715 0.473285 0 
1 0 0 0 0 
0 0 0 0 1 
0.416479 0 0 0.58352 0 
0 0 0.78818 0.21182 0 
0 0 0 1 0 
0 0 1 0 0 
0 0.66192 0.33808 0 0 
0 0 0 0 1 
0 0 1 0 0 
0 0 0 1 0 
0 0 0 0 1 
0 1 0 0 0 
0 0 1 0 0 
0 0 1 0 0 
0 0 0 0 1 
1 0 0 0 0 
0 0 0.810775 0 0.189225 
0 0 1 0 0 
1 0 0 0 0 
1 0 0 0 0 
0 0.265409 0 0 0.734591 
0 0.189672 0.810328 0 0 
0 1 0 0 0 
0 0.245526 0 0 0.754474 
0 1 0 0 0 
0 0 0 1 0 
0 0 0 1 0 
0 0 1 0 0 
1 0 0 0 0 
0 1 0 0 0 
