5 200
0.721679
0.473914
0.592357
0.288102
0.268067
10.9362 0.518298
10.8404 0.311087
10.4704 0.184079
10.1704 0.844875
9.89577 0.444004
9.6214 0.46476
9.52587 0.288009
9.21711 1.29996
9.16122 0.642324
8.96378 0.98875
8.90653 0.832717
8.63859 0.64423
8.38568 1.05714
8.2574 1.92025
8.2478 0.133468
8.24321 1.31189
8.20656 1.0204
8.13141 0.451432
8.01052 1.69853
7.96227 1.74489
7.5267 1.47407
7.46736 1.5817
7.38202 2.09904
7.36543 2.12326
7.31983 1.08426
7.28451 1.785
7.25847 1.66488
7.12451 0.496772
7.09096 1.64478
6.94274 0.933777
6.94208 2.33249
6.88773 1.61148
6.83614 1.95233
6.53256 2.2348
6.52444 2.00446
6.47783 2.64353
6.42524 1.24609
6.26609 1.03807
6.21257 2.47139
6.14369 1.86832
6.11795 2.89219
6.11424 1.32308
5.98962 1.25732
5.9681 3.70784
5.96611 2.41126
5.96314 1.06309
5.94913 2.41568
5.94476 2.97861
5.90536 1.34041
5.89815 2.40061
5.75505 1.70867
5.70223 1.28951
5.62079 3.30023
5.60171 1.73131
5.51557 2.37652
5.46464 1.87084
5.39025 1.80153
5.29886 2.36172
5.1017 3.14691
5.01009 3.65866
4.95735 3.77858
4.78574 1.98533
4.64446 2.56708
4.63719 2.83195
4.62709 4.08549
4.56254 2.40119
4.3322 3.75681
4.30265 3.18759
4.29815 4.15262
4.28989 3.43424
4.27375 3.77408
4.18501 4.03718
4.00086 2.8444
3.99012 3.50998
3.86976 3.764
3.7535 4.57162
3.70907 4.23453
3.66657 4.32013
3.61875 4.01401
3.57746 3.34464
3.25155 3.80119
3.20688 4.41732
3.11397 3.77482
3.08452 3.48866
3.06139 5.79689
3.05071 4.81963
3.0341 4.95556
2.97738 5.51077
2.87891 4.38009
2.87447 3.55791
2.81326 3.9679
2.76484 5.57641
2.58613 5.84975
2.56808 4.17347
2.39184 6.5423
2.36545 3.81444
2.30795 5.15084
2.29885 4.64182
2.27928 5.78877
2.24527 4.72512
2.21464 5.24481
2.21446 6.01266
2.19475 5.3443
2.14685 5.33072
2.13336 5.11476
2.12709 4.45074
2.09809 4.47719
2.07221 6.6236
2.0419 5.19497
2.02085 6.51843
2.00926 6.08495
1.98649 5.14545
1.95842 6.67023
1.92279 5.18275
1.79037 4.85389
1.78465 6.08862
1.74467 6.45925
1.73327 5.95696
1.72992 7.33466
1.70258 4.31777
1.6782 6.03408
1.67818 5.26992
1.64775 5.78046
1.62665 6.99759
1.60504 5.26122
1.54748 6.7769
1.46957 5.37743
1.43857 5.1863
1.43212 5.42661
1.4078 5.03907
1.40651 7.02198
1.30326 5.05395
1.22644 7.40845
1.19537 5.61352
1.16721 5.72963
1.15818 8.23764
1.13753 5.64129
1.13284 5.78004
1.11098 8.24832
1.10337 5.40825
1.08626 5.31331
1.05392 5.63777
1.02941 6.29352
0.985449 6.69504
0.964309 7.99556
0.82809 5.32097
0.816128 8.42694
0.73348 5.69971
0.723996 7.9824
0.719584 7.72656
0.714442 7.38476
0.655027 6.07748
0.654041 6.61612
0.62193 8.07732
0.595281 8.96846
0.541842 7.92281
0.532836 5.8704
0.532366 8.95936
0.49464 7.34759
0.460748 9.30405
0.46041 6.21646
0.363419 8.62391
0.362666 7.46426
0.343063 6.91877
0.336828 10.2157
0.327176 7.20649
0.303416 8.49403
0.294934 9.87846
0.277004 8.2941
0.241414 7.40038
0.238685 10.3371
0.231226 6.69536
0.221753 7.30637
0.211098 8.59769
0.209078 8.1925
0.194225 8.29337
0.185888 9.87101
0.169255 7.28469
0.154561 8.25227
0.149099 8.87468
0.146212 9.9445
0.144738 8.44805
0.131193 8.95445
0.130175 10.3607
0.124204 8.05543
0.115897 9.68938
0.109791 9.65119
0.102472 10.1135
0.0973634 7.33357
0.0949482 7.94791
0.091076 9.91233
0.0906429 9.92967
0.0865725 9.87408
0.0776207 8.0116
0.0474454 8.2369
0.0401403 9.53847
0.0108871 11.5508
0.00978694 9.81796
0.0041005 8.79829
0.00169379 11.2103
0.390983 0 0.124526 0 0.48449 
0 0 0 0 1 
0.284156 0.243304 0 0 0.47254 
0.408743 0.355438 0.0852485 0.150571 0 
0 0.200502 0 0.649346 0.150152 
1 0 0 0 0 
0 0.154026 0 0 0.845974 
0 0.616589 0.383411 0 0 
0.532363 0 0 0 0.467637 
0.157058 0 0 0.842942 0 
0 0 0 1 0 
0 0 0 1 0 
0 1 0 0 0 
0 0.581712 0 0.418288 0 
0 0 0 0 1 
0.246726 0 0 0 0.753274 
0 0 1 0 0 
0.676068 0 0 0.323931 0 
0.327073 0 0 0.156523 0.516404 
0.478645 0 0.211921 0.221398 0.0880357 
0 0.45476 0.54524 0 0 
0 0 0 0 1 
0 0 1 0 0 
0 0.479279 0 0.520721 0 
0.702663 0 0 0.297337 0 
0.689469 0.310531 0 0 0 
0.444297 0 0.555703 0 0 
0.237819 0.449158 0.313023 0 0 
0 0 0 0 1 
0 0.747915 0.158889 0.093196 0 
0.344928 0.655072 0 0 0 
0 0.249684 0 0 0.750316 
0.380205 0 0.619795 0 0 
0.420341 0.434654 0 0.145005 0 
0 0.517649 0 0 0.482351 
0.74694 0 0 0 0.25306 
0.450359 0 0 0 0.549641 
0.6718 0 0 0.3282 0 
0.174064 0 0 0.4611 0.364836 
0.614603 0 0 0 0.385397 
0 1 0 0 0 
0 0.638705 0 0.361295 0 
0.636746 0 0.363254 0 0 
0 0 0.426745 0.341205 0.23205 
0 1 0 0 0 
0 1 0 0 0 
0 0 0 1 0 
0 0 0 0.582152 0.417848 
0.437472 0 0.152168 0 0.41036 
0 0 1 0 0 
0 0.860911 0 0.139089 0 
0 0.226926 0.393007 0 0.380068 
0.369178 0 0 0 0.630822 
0.202071 0.275931 0 0 0.521998 
0 0 0 0 1 
0.415519 0 0.130138 0 0.454343 
0.274639 0 0.218646 0.260119 0.246596 
0 1 0 0 0 
0 0 0.587323 0 0.412677 
0.635725 0 0 0 0.364275 
0 0 0 1 0 
0 0 0 0 1 
0 0.643131 0 0.356869 0 
0 0 0.395272 0.604728 0 
0 0 0.402462 0.112798 0.48474 
0.801816 0 0 0 0.198184 
0 0.517651 0.482349 0 0 
0.246954 0 0.420492 0.124441 0.208113 
0 0 1 0 0 
0.670562 0 0.329438 0 0 
0.183326 0.66851 0.148164 0 0 
0 0 0 0.645755 0.354245 
0 1 0 0 0 
0 0 1 0 0 
0 0 1 0 0 
0 0 0 1 0 
0 0.610421 0 0.389579 0 
0.477378 0.522622 0 0 0 
0 0 1 0 0 
0.144826 0 0 0 0.855174 
0.392382 0 0 0.607618 0 
0 0.654503 0 0.345497 0 
0 0 0.272621 0 0.727379 
0.58336 0 0 0 0.41664 
0.506217 0 0 0 0.493783 
0 0.42254 0.396214 0 0.181245 
0 0 1 0 0 
0 0 0 1 0 
0 1 0 0 0 
0.39748 0 0 0.60252 0 
0 1 0 0 0 
0 0.362588 0 0 0.637412 
0 0 0 0.188724 0.811276 
0 1 0 0 0 
0 0.109078 0 0 0.890922 
0 1 0 0 0 
0 0 0.650252 0 0.349748 
0 0 0 0 1 
0.476456 0.523544 0 0 0 
0.110666 0.166401 0.408719 0.314214 0 
0.267188 0.0638086 0 0.126239 0.542765 
1 0 0 0 0 
0 0.687403 0.312597 0 0 
0 1 0 0 0 
0 0.288724 0.711276 0 0 
0 0.516494 0.483506 0 0 
0.297072 0.205432 0 0 0.497496 
0.123077 0.423494 0 0 0.453429 
0.363382 0 0.636618 0 0 
0 0 0 0 1 
0 0 0 0.255937 0.744063 
0.266851 0 0 0 0.733149 
0 0.170431 0 0.829569 0 
0 0 1 0 0 
1 0 0 0 0 
0.761569 0 0 0.238431 0 
0.44346 0 0 0.55654 0 
0.135835 0.204024 0 0 0.660141 
0.731382 0.268618 0 0 0 
0 0.825556 0 0.174444 0 
0.667539 0 0.241946 0.0905156 0 
0 0.650818 0 0 0.349182 
0.34466 0 0 0.217162 0.438178 
0.532371 0 0.467629 0 0 
0 1 0 0 0 
0 0 0.54396 0.45604 0 
0 0 0 1 0 
0.31708 0.188405 0.2751 0 0.219415 
0 0.574919 0.425081 0 0 
0 0 1 0 0 
0.771347 0.228653 0 0 0 
0.324331 0.325794 0.349876 0 0 
0 0.287379 0.514205 0 0.198416 
0.3133 0 0.256994 0 0.429706 
0.400876 0 0 0.599124 0 
0 0.252593 0.747407 0 0 
0.520025 0.228469 0 0 0.251506 
0 0 0 1 0 
0.256175 0 0.0760211 0 0.667804 
0 0 0.657127 0 0.342873 
0.457229 0.216284 0.326487 0 0 
0 0 0 0.59085 0.40915 
0.60372 0 0.39628 0 0 
1 0 0 0 0 
0 0.7328 0 0 0.2672 
0 0.655645 0 0.344355 0 
0 0 0 0 1 
0 0.202809 0.797192 0 0 
0.351689 0.500075 0 0.148236 0 
0 0 0.130693 0.204028 0.665279 
0 0 0.577261 0.422739 0 
0.36906 0 0 0.63094 0 
0 0 0 0.77214 0.22786 
0.156305 0 0.390645 0 0.453051 
0.0902141 0.376487 0 0.353919 0.17938 
0 1 0 0 0 
0.365914 0.634087 0 0 0 
0 0.493017 0 0.506983 0 
0 0 0.546362 0.453638 0 
0 0 0.498819 0 0.501181 
0 0 0 1 0 
0.136032 0 0.650575 0 0.213393 
0 0 0.361692 0.549838 0.0884697 
0 1 0 0 0 
0 0 1 0 0 
0 0.357342 0 0.438857 0.203801 
0.776812 0 0.223188 0 0 
0 1 0 0 0 
0.530081 0 0.357433 0 0.112486 
1 0 0 0 0 
0 0.25813 0.583643 0 0.158227 
0 0.543637 0 0.456363 0 
0 0 0 1 0 
0 1 0 0 0 
0 0.254249 0 0.185822 0.559929 
0 0 1 0 0 
1 0 0 0 0 
0.474935 0 0 0.525065 0 
0 0 0 0.796257 0.203743 
0 0.316468 0.586463 0 0.0970686 
0 0 0 1 0 
0 1 0 0 0 
0.254254 0 0.386907 0.35884 0 
0 0.188951 0 0.280548 0.530502 
0.251648 0.336592 0 0 0.41176 
1 0 0 0 0 
0 0 1 0 0 
0 0 0.406151 0.593849 0 
0.363171 0 0 0.636829 0 
0 0 1 0 0 
0.560335 0 0 0.336039 0.103625 
0 0 0 0 1 
0.378332 0 0 0.265256 0.356412 
0.105196 0.354305 0 0.225637 0.314863 
0 0 0 0 1 
0 0 0 1 0 
0 0 0.100375 0.586211 0.313414 
0 0 0 1 0 
0 0.676046 0 0 0.323954 
0 0.195344 0.344575 0 0.460081 
